17465	1.266575e-01	4.645068e-01	7.462248e-02	9.327809e-02	4.886268e-01	4.724056e-01	2.935175e-01	3.969216e-01
20380	2.756333e-01	2.470281e-01	6.266859e-02	7.833574e-02	4.103530e-01	1.186135e-01	2.755767e-01	5.676640e-01
21649	9.522257e-01	1.570386e-01	2.139130e-02	2.673913e-02	1.400699e-01	1.384637e-01	8.401412e-01	5.511841e-02
6074	1.841769e-01	5.240585e-01	4.535924e-02	5.669905e-02	2.970116e-01	1.620384e-01	9.456280e-01	3.711350e-01
11975	7.908587e-01	4.579953e-01	3.689664e-02	4.612080e-02	2.415986e-01	1.619474e-01	5.470705e-01	9.834511e-01
30539	5.523786e-01	2.723896e-01	3.662888e-02	4.578609e-02	2.398453e-01	2.313062e-01	6.861619e-01	2.951950e-01
3429	4.103337e-01	3.416489e-01	5.697576e-02	7.121969e-02	3.730764e-01	1.860105e-01	7.013173e-01	6.107905e-01
3310	7.191374e-01	7.623404e-01	3.124532e-02	3.905666e-02	2.045939e-01	1.940977e-01	1.269766e-01	8.549198e-01
24456	8.327469e-01	7.898959e-01	3.200880e-02	4.001100e-02	2.095931e-01	1.991961e-01	1.928169e-01	4.130744e-01
12222	6.501264e-02	6.314255e-01	2.671620e-02	3.339525e-02	1.749373e-01	1.276698e-01	1.784591e-01	8.800145e-01
13057	4.000797e-01	9.604481e-02	3.346394e-02	4.182992e-02	2.191213e-01	2.146019e-01	5.358745e-01	2.363456e-02
30766	1.508024e-01	9.341710e-01	4.290056e-02	5.362570e-02	2.809122e-01	1.706212e-01	9.642206e-01	2.082993e-02
27622	6.931891e-01	4.120145e-01	6.052604e-02	7.565755e-02	3.963236e-01	2.516821e-01	2.204194e-01	6.940101e-01
2219	6.415036e-01	9.382925e-01	2.601375e-02	3.251719e-02	1.703376e-01	1.412433e-01	3.823897e-01	7.682610e-02
26064	5.560410e-01	4.145179e-01	6.468216e-02	8.085269e-02	4.235378e-01	2.983297e-01	2.251405e-01	6.988111e-01
19375	6.140985e-01	4.804495e-01	4.315530e-02	5.394413e-02	2.825802e-01	2.597450e-01	8.104153e-01	6.580448e-01
17488	2.058393e-01	8.560508e-01	2.082437e-02	2.603046e-02	1.363576e-01	1.351770e-01	6.814239e-01	1.434279e-01
21341	3.163659e-01	7.183429e-01	3.767782e-02	4.709727e-02	2.467138e-01	2.456595e-01	6.238549e-01	4.066064e-01
30158	6.371071e-01	6.377723e-01	3.181543e-02	3.976928e-02	2.083269e-01	1.858787e-01	6.447443e-01	2.173949e-02
31862	7.429009e-01	8.290099e-02	2.886135e-02	3.607668e-02	1.889836e-01	1.777786e-01	8.323792e-01	3.034171e-01
28620	5.109222e-01	5.923594e-01	2.611402e-02	3.264253e-02	1.709942e-01	1.455339e-01	4.729307e-01	4.047095e-01
27335	3.428388e-01	2.936592e-01	7.084788e-02	8.855985e-02	4.639108e-01	4.639077e-01	1.779637e-02	8.595364e-01
15039	4.668593e-01	2.597838e-01	2.267658e-02	2.834573e-02	1.484859e-01	1.470302e-01	7.765254e-01	4.503663e-01
9734	6.134964e-01	1.007535e-01	6.382488e-02	7.978110e-02	4.179243e-01	2.613258e-01	4.432677e-01	2.640884e-01
28964	6.976675e-02	8.706219e-01	4.085449e-02	5.106812e-02	2.675146e-01	2.502992e-01	6.899893e-01	5.744956e-01
13638	1.649609e-01	6.558506e-01	2.175042e-02	2.718802e-02	1.424214e-01	7.271278e-02	2.751498e-01	4.048994e-01
28824	2.952401e-01	9.461979e-01	2.292391e-02	2.865489e-02	1.501054e-01	1.476158e-01	1.818982e-01	4.542576e-02
20393	7.453233e-02	1.179937e-01	2.596690e-02	3.245863e-02	1.700309e-01	7.215171e-02	8.047680e-01	2.320670e-01
4575	6.243360e-01	3.609022e-01	2.099753e-02	2.624691e-02	1.374915e-01	1.374805e-01	4.295164e-01	6.880021e-01
28472	5.641464e-01	4.847416e-01	2.576928e-02	3.221160e-02	1.687368e-01	1.039802e-01	9.300891e-01	2.442908e-01
22719	6.234026e-01	8.549057e-01	3.342105e-02	4.177632e-02	2.188405e-01	2.105402e-01	5.417072e-01	7.142582e-01
16877	5.722722e-01	6.335252e-01	3.579464e-02	4.474330e-02	2.343828e-01	2.283593e-01	1.469746e-02	9.370331e-01
30124	5.150792e-01	3.502847e-01	3.597365e-02	4.496707e-02	2.355549e-01	1.465936e-01	5.266569e-01	6.485935e-01
23109	8.209473e-01	9.436782e-01	3.150161e-02	3.937701e-02	2.062721e-01	2.061848e-01	3.781605e-01	1.713712e-01
26534	5.679846e-01	5.540086e-01	2.877461e-02	3.596826e-02	1.884157e-01	1.672245e-01	1.305321e-01	2.215912e-01
5695	8.660170e-01	4.995683e-01	3.859831e-02	4.824789e-02	2.527411e-01	6.852669e-02	1.511362e-01	2.937625e-01
14720	9.145167e-01	6.451683e-01	2.317532e-02	2.896915e-02	1.517517e-01	9.054955e-02	3.227525e-01	3.384116e-01
2898	4.285327e-01	8.677781e-01	2.314284e-02	2.892855e-02	1.515390e-01	1.458932e-01	3.758119e-01	5.452835e-02
27137	4.047254e-01	3.318770e-02	2.420738e-02	3.025923e-02	1.585096e-01	4.995907e-02	6.107848e-01	6.431881e-01
15275	2.218440e-01	2.965662e-01	2.132326e-02	2.665407e-02	1.396244e-01	1.060558e-01	3.698028e-01	1.895136e-01
10078	9.402179e-01	2.879009e-01	5.515456e-02	6.894319e-02	3.611512e-01	2.365296e-01	6.732635e-01	1.792025e-01
30407	8.138363e-02	2.963463e-01	2.314347e-02	2.892933e-02	1.515431e-01	1.138823e-01	5.972466e-01	5.752559e-01
6787	8.916961e-01	8.253098e-02	3.675560e-02	4.594450e-02	2.406751e-01	1.854442e-01	3.310034e-01	9.509011e-02
31840	6.244184e-01	5.415381e-01	2.610295e-02	3.262869e-02	1.709217e-01	1.636733e-01	1.888076e-01	4.924138e-01
25807	2.077476e-01	7.390663e-01	4.243829e-02	5.304787e-02	2.778853e-01	2.738410e-01	8.941211e-01	3.215675e-01
22129	9.108848e-01	4.755365e-01	2.422162e-02	3.027702e-02	1.586028e-01	1.576029e-01	2.503697e-01	6.356188e-01
16163	7.396933e-01	6.660665e-01	3.316446e-02	4.145558e-02	2.171604e-01	2.169021e-01	1.449760e-01	7.798363e-01
5756	7.409573e-01	4.780369e-01	2.343298e-02	2.929122e-02	1.534388e-01	1.271176e-01	9.213364e-01	9.058660e-02
19145	2.900111e-01	1.190123e-01	5.454163e-02	6.817704e-02	3.571377e-01	3.527094e-01	9.721811e-01	3.647053e-01
1627	8.470157e-01	6.384432e-01	6.534409e-02	8.168012e-02	4.278721e-01	4.219387e-01	8.831471e-01	9.713977e-01
21851	4.330602e-01	9.046629e-01	2.141279e-02	2.676598e-02	1.402106e-01	1.247338e-01	7.448185e-01	5.800307e-01
27959	4.032181e-01	8.118950e-01	2.758238e-02	3.447797e-02	1.806090e-01	9.043452e-02	9.749054e-01	6.789667e-01
22483	5.808454e-01	9.696594e-01	2.282951e-02	2.853689e-02	1.494873e-01	5.226251e-02	3.390858e-01	6.134323e-01
23450	3.229635e-01	3.744935e-01	6.007508e-02	7.509385e-02	3.933707e-01	2.170776e-01	7.951245e-02	1.821135e-02
15796	1.616272e-01	2.593142e-01	2.186180e-02	2.732725e-02	1.431507e-01	1.037153e-01	7.010055e-01	2.930936e-02
13972	1.642909e-01	7.839646e-01	2.100967e-02	2.626209e-02	1.375710e-01	9.057012e-02	7.036516e-01	1.339448e-01
31020	5.510581e-01	1.003415e-01	2.504524e-02	3.130655e-02	1.639958e-01	6.035760e-02	7.757799e-01	3.655782e-01
865	1.078153e-01	6.390069e-02	5.441461e-02	6.801827e-02	3.563060e-01	3.531737e-01	1.512688e-01	7.358760e-01
13222	2.054639e-01	9.043513e-02	2.251071e-02	2.813838e-02	1.473997e-01	1.183459e-01	6.429426e-01	4.674878e-01
31424	1.422009e-01	8.514344e-01	2.141348e-02	2.676686e-02	1.402152e-01	9.570989e-02	6.624387e-01	3.774516e-01
27085	4.161823e-02	2.499795e-01	3.449510e-02	4.311887e-02	2.258734e-01	1.487899e-01	4.264277e-01	6.085362e-01
1577	2.937078e-01	5.972265e-02	2.173349e-02	2.716686e-02	1.423105e-01	1.384490e-01	7.278052e-01	6.124979e-01
22527	9.952481e-02	7.092363e-01	3.239630e-02	4.049537e-02	2.121305e-01	1.505388e-01	3.601294e-01	7.679050e-01
718	9.455112e-01	9.283393e-01	2.430884e-02	3.038605e-02	1.591739e-01	8.441744e-02	7.990400e-01	9.084411e-01
26412	3.261567e-01	8.455038e-01	5.372205e-02	6.715256e-02	3.517712e-01	3.481159e-01	5.630747e-01	1.416028e-01
15893	3.215466e-01	5.033364e-01	3.302578e-02	4.128222e-02	2.162523e-01	1.129385e-01	9.080854e-01	1.065026e-01
32674	2.752015e-01	5.609676e-01	4.772631e-02	5.965789e-02	3.125111e-01	3.081160e-01	7.227010e-01	2.081325e-01
21559	2.757182e-01	8.569282e-01	2.512362e-02	3.140452e-02	1.645090e-01	1.635479e-01	2.829963e-01	3.573661e-01
13558	6.454509e-01	2.721829e-02	2.132298e-02	2.665373e-02	1.396225e-01	1.100249e-01	9.640989e-01	9.585932e-01
18850	8.688456e-01	9.349689e-01	4.439932e-02	5.549915e-02	2.907261e-01	2.431370e-01	2.006258e-01	9.521558e-01
2453	7.405025e-01	1.669491e-01	2.761945e-02	3.452431e-02	1.808517e-01	1.559998e-01	4.626841e-01	1.135902e-01
24762	9.273031e-01	8.439707e-02	2.807065e-02	3.508831e-02	1.838062e-01	1.280577e-01	3.087135e-01	8.957997e-02
16472	7.907212e-01	6.651743e-01	2.495603e-02	3.119503e-02	1.634117e-01	8.249399e-02	6.963918e-01	9.868702e-01
9014	5.786024e-01	1.226891e-01	2.613873e-02	3.267342e-02	1.711560e-01	1.459170e-01	7.040928e-01	7.482071e-01
16167	4.801099e-01	1.199098e-01	2.392885e-02	2.991106e-02	1.566857e-01	7.861289e-02	4.085591e-01	2.401184e-01
3063	7.166505e-01	2.577134e-01	5.417025e-02	6.771281e-02	3.547059e-01	2.355842e-01	9.758871e-01	2.029620e-02
