17967	6.773583e-01	5.353219e-01	2.296421e-02	2.870526e-02	1.503693e-01	8.084571e-02	7.093086e-01	7.305870e-02
13957	2.310034e-01	6.185188e-01	6.907578e-02	8.634472e-02	4.523071e-01	1.818231e-01	3.873313e-01	9.204079e-02
16387	5.273121e-01	9.462069e-01	3.873643e-02	4.842053e-02	2.536455e-01	2.167136e-01	6.126296e-01	8.283295e-01
31643	6.891940e-02	6.098691e-01	4.430905e-02	5.538631e-02	2.901350e-01	2.226658e-01	2.063939e-01	5.641683e-01
11059	6.635310e-01	2.354946e-01	7.592485e-02	9.490606e-02	4.971547e-01	4.211028e-01	4.470473e-01	1.107291e-01
18130	4.564140e-01	1.021647e-01	5.802509e-02	7.253136e-02	3.799474e-01	3.401271e-01	2.762525e-01	9.931832e-01
29994	9.577303e-01	1.407965e-01	2.143956e-02	2.679945e-02	1.403859e-01	6.847395e-02	7.055587e-01	6.841360e-01
3701	7.733069e-01	1.918768e-01	7.236258e-02	9.045323e-02	4.738291e-01	3.044888e-01	8.536294e-01	8.362279e-01
22073	6.309822e-01	5.610601e-01	2.463325e-02	3.079156e-02	1.612981e-01	5.647746e-02	4.960632e-01	7.931407e-01
6304	1.364862e-01	8.253572e-01	2.398027e-02	2.997534e-02	1.570224e-01	1.555739e-01	4.309740e-01	8.133677e-01
12943	3.525125e-01	5.699851e-02	4.542244e-02	5.677806e-02	2.974255e-01	8.754431e-02	3.082137e-01	5.321864e-01
21025	7.558600e-01	9.010079e-01	5.006699e-02	6.258373e-02	3.278379e-01	2.555234e-01	4.384656e-01	1.547250e-01
7470	1.026998e-01	6.474917e-01	3.931900e-02	4.914875e-02	2.574602e-01	1.329929e-01	7.951619e-01	2.400564e-01
31132	2.025206e-01	7.854053e-01	2.469660e-02	3.087075e-02	1.617129e-01	8.293775e-02	9.569689e-01	6.897491e-01
25311	1.061870e-01	3.611702e-01	7.545847e-02	9.432309e-02	4.941009e-01	4.331170e-01	2.003103e-01	2.731201e-01
4925	4.658403e-01	4.333909e-01	4.498798e-02	5.623498e-02	2.945806e-01	1.702600e-01	9.278101e-01	6.575231e-01
12261	1.883141e-01	2.830055e-01	2.395882e-02	2.994852e-02	1.568820e-01	1.533190e-01	8.764653e-01	2.015459e-01
11658	2.190184e-01	8.322235e-01	4.860445e-02	6.075556e-02	3.182612e-01	2.651432e-01	2.650919e-02	2.141283e-01
12214	5.557554e-01	2.576738e-01	4.693216e-02	5.866520e-02	3.073110e-01	8.185617e-02	5.508232e-01	1.928928e-02
19722	2.805475e-01	8.472456e-01	7.029066e-02	8.786332e-02	4.602621e-01	3.500277e-01	5.577840e-01	1.868734e-01
14709	6.384222e-01	3.786088e-01	2.611324e-02	3.264155e-02	1.709891e-01	1.408752e-01	5.330921e-01	7.224269e-01
13433	6.058781e-01	9.282230e-01	2.590772e-02	3.238465e-02	1.696434e-01	9.173039e-02	6.627198e-01	2.348580e-01
29607	3.026921e-01	1.683359e-01	5.872792e-02	7.340990e-02	3.845495e-01	1.137110e-01	4.230784e-02	1.055380e-01
14563	1.228980e-01	2.196500e-01	6.156644e-02	7.695805e-02	4.031361e-01	1.940901e-01	1.792584e-01	7.503660e-02
11264	4.188905e-01	8.968224e-01	7.328694e-02	9.160868e-02	4.798818e-01	3.607297e-01	8.285160e-01	2.048629e-01
22151	4.766120e-01	4.628599e-01	2.056861e-02	2.571077e-02	1.346830e-01	6.199074e-02	5.698886e-01	1.788629e-01
20523	2.269372e-01	9.241103e-01	2.944525e-02	3.680657e-02	1.928071e-01	7.874686e-02	7.885284e-01	4.404058e-01
19716	8.584964e-01	7.471053e-01	2.629694e-02	3.287117e-02	1.721919e-01	1.574567e-01	1.509364e-01	3.910027e-01
18572	7.370628e-01	1.356797e-01	2.376921e-02	2.971152e-02	1.556404e-01	1.428196e-01	5.446608e-02	6.604547e-01
8972	2.235057e-01	2.741328e-01	3.408105e-02	4.260132e-02	2.231622e-01	2.209155e-01	3.421929e-01	8.535857e-01
25874	5.610348e-01	4.884987e-02	2.638392e-02	3.297989e-02	1.727615e-01	1.723939e-01	2.715160e-02	3.753993e-01
22456	2.441019e-01	9.449236e-01	2.286283e-02	2.857854e-02	1.497055e-01	1.450815e-01	3.108752e-02	2.583245e-01
28149	9.339233e-01	4.831758e-01	2.817587e-02	3.521984e-02	1.844952e-01	1.837629e-01	8.442757e-01	2.864728e-01
28669	5.632525e-01	5.276710e-01	5.636402e-02	7.045502e-02	3.690707e-01	2.925822e-01	6.783679e-01	3.358914e-01
7034	3.965310e-01	2.682722e-01	2.382094e-02	2.977618e-02	1.559792e-01	1.454603e-01	4.941338e-01	3.557859e-01
14804	1.382556e-01	1.324387e-01	5.153654e-02	6.442068e-02	3.374605e-01	3.354655e-01	6.948677e-02	6.918255e-01
13155	8.282327e-01	3.241203e-01	2.354810e-02	2.943513e-02	1.541926e-01	1.496974e-01	2.065916e-01	2.976327e-03
12447	4.760669e-01	7.848840e-01	7.768562e-02	9.710703e-02	5.086843e-01	5.085841e-01	9.538096e-01	9.515185e-01
7033	8.610957e-01	8.681423e-01	6.208399e-02	7.760498e-02	4.065250e-01	1.892556e-01	7.980637e-02	8.798394e-01
20597	5.426959e-01	8.089154e-01	2.088614e-02	2.610767e-02	1.367621e-01	8.493337e-02	7.329838e-01	4.108470e-02
6967	1.774672e-01	3.354963e-01	2.284861e-02	2.856076e-02	1.496123e-01	5.315740e-02	4.426659e-01	8.005279e-01
3628	7.263371e-01	5.424416e-01	2.998867e-02	3.748584e-02	1.963654e-01	1.562250e-01	3.023384e-02	2.348421e-01
22990	8.578801e-01	3.137970e-01	2.535514e-02	3.169392e-02	1.660250e-01	1.572761e-01	7.057035e-01	7.220118e-01
32603	7.218883e-01	3.531369e-01	3.425876e-02	4.282345e-02	2.243258e-01	1.399083e-01	3.856089e-01	4.406686e-01
20810	6.303813e-01	4.767315e-01	6.871339e-02	8.589174e-02	4.499342e-01	3.736732e-01	2.868521e-01	7.105800e-01
6257	8.243747e-01	4.304271e-01	4.744954e-02	5.931192e-02	3.106988e-01	2.829604e-01	3.354231e-01	6.168431e-01
19598	4.597373e-01	3.037860e-01	3.510112e-02	4.387640e-02	2.298416e-01	1.669491e-01	6.435275e-01	7.784240e-01
23519	9.133109e-01	8.319244e-01	3.736636e-02	4.670795e-02	2.446744e-01	1.305792e-01	3.061399e-02	1.720171e-01
15575	3.665815e-01	4.345907e-01	5.310878e-02	6.638597e-02	3.477554e-01	2.839631e-01	4.424819e-01	8.075602e-01
24613	2.254220e-01	7.146111e-01	2.223552e-02	2.779440e-02	1.455978e-01	5.372804e-02	4.138393e-01	9.462575e-01
30311	9.281546e-01	2.433215e-01	4.027942e-02	5.034927e-02	2.637490e-01	2.551423e-01	1.932495e-01	7.570022e-01
456	3.994359e-01	3.972028e-01	2.308478e-02	2.885597e-02	1.511588e-01	1.411173e-01	4.313354e-01	9.709347e-01
3121	7.952828e-01	8.584819e-01	2.908923e-02	3.636154e-02	1.904758e-01	1.227647e-01	5.115522e-01	3.373621e-01
29873	1.153044e-01	5.259910e-01	2.900204e-02	3.625255e-02	1.899049e-01	1.213089e-01	1.831887e-01	4.352889e-01
13012	6.776285e-01	7.988727e-01	4.346561e-02	5.433201e-02	2.846121e-01	2.611164e-01	3.594594e-01	3.489460e-01
2589	5.269730e-01	6.930221e-01	2.133940e-02	2.667425e-02	1.397301e-01	1.390638e-01	7.581210e-01	3.988745e-01
7756	1.451806e-01	3.048356e-01	2.091052e-02	2.613815e-02	1.369218e-01	5.667636e-02	9.277931e-02	6.331757e-01
775	3.189574e-01	9.247796e-02	2.765502e-02	3.456878e-02	1.810847e-01	1.605647e-01	6.207783e-01	7.322372e-01
20571	7.492113e-01	3.894453e-01	2.911457e-02	3.639322e-02	1.906418e-01	8.941154e-02	4.995724e-01	9.966410e-01
10461	1.509382e-01	5.108290e-01	2.348878e-02	2.936098e-02	1.538042e-01	1.504691e-01	4.880573e-02	5.449328e-02
9286	5.280949e-01	6.131087e-01	2.214217e-02	2.767772e-02	1.449866e-01	8.405843e-02	3.233982e-01	3.616642e-01
10608	6.968715e-01	1.343313e-01	3.890886e-02	4.863607e-02	2.547746e-01	2.116586e-01	9.156636e-01	9.036660e-01
18522	9.301321e-01	9.498330e-01	2.158111e-02	2.697639e-02	1.413128e-01	1.406224e-01	1.425604e-02	8.081791e-01
22650	7.147131e-01	6.797156e-02	2.446806e-02	3.058507e-02	1.602165e-01	1.297965e-01	9.651547e-01	6.717611e-01
11726	9.019740e-01	9.304285e-01	3.598434e-02	4.498043e-02	2.356249e-01	1.062796e-01	6.021762e-01	8.191795e-01
7981	9.449244e-01	8.691645e-02	2.173394e-02	2.716743e-02	1.423135e-01	1.092422e-01	3.114209e-01	6.409663e-01
12359	8.424963e-01	2.461069e-01	3.159508e-02	3.949384e-02	2.068841e-01	1.445743e-01	4.472404e-01	1.650644e-01
23541	3.231783e-01	3.506136e-01	2.973045e-02	3.716306e-02	1.946745e-01	1.612357e-01	3.740857e-01	8.522173e-01
1796	6.211375e-01	8.874784e-01	3.125497e-02	3.906872e-02	2.046571e-01	1.974017e-01	4.970355e-01	6.632619e-01
2526	3.609801e-01	1.080784e-01	2.272525e-02	2.840656e-02	1.488046e-01	8.794987e-02	2.593413e-01	1.308210e-01
13656	6.234961e-01	1.359968e-01	2.816258e-02	3.520322e-02	1.844081e-01	1.334847e-01	1.407883e-01	8.450390e-01
21628	2.204963e-01	4.450260e-01	3.034939e-02	3.793673e-02	1.987273e-01	1.173428e-01	1.277572e-01	2.292428e-01
20157	4.275244e-01	3.407662e-01	2.585625e-02	3.232032e-02	1.693063e-01	1.581386e-01	8.593400e-01	2.436187e-01
3872	6.795863e-01	6.165137e-02	2.241714e-02	2.802143e-02	1.467871e-01	9.341244e-02	6.527267e-01	3.346581e-01
