25659	8.389192e-01	6.358307e-01	2.919307e-02	3.649134e-02	1.911558e-01	1.253357e-01	4.940780e-01	4.550725e-01
28711	5.776707e-01	5.559100e-01	7.257570e-02	9.071963e-02	4.752246e-01	4.114134e-01	2.654703e-01	8.548609e-01
26198	9.296308e-01	4.135174e-01	2.288666e-02	2.860832e-02	1.498615e-01	4.479585e-02	8.762237e-01	5.016506e-01
15022	5.434780e-01	7.558836e-02	4.323748e-02	5.404685e-02	2.831183e-01	2.383159e-01	6.166882e-01	7.742381e-01
22079	9.291687e-01	9.303403e-01	2.653926e-02	3.317408e-02	1.737787e-01	8.168433e-02	1.980157e-01	3.228027e-01
23864	6.084609e-01	3.881406e-01	3.491111e-02	4.363889e-02	2.285974e-01	2.252195e-01	8.429143e-01	1.024321e-01
17772	7.819187e-01	3.142429e-01	6.259647e-02	7.824558e-02	4.098807e-01	2.352187e-01	5.461205e-01	5.911076e-01
21497	7.312499e-01	9.551317e-01	3.278096e-02	4.097620e-02	2.146492e-01	1.413905e-01	1.194712e-01	7.549866e-01
21338	9.177773e-01	6.246442e-01	2.259417e-02	2.824271e-02	1.479462e-01	1.471131e-01	3.496171e-01	9.930749e-02
7069	6.456932e-01	4.856535e-01	6.456644e-02	8.070805e-02	4.227800e-01	3.596264e-01	7.830817e-01	6.546060e-01
1007	1.110966e-01	6.999011e-01	3.845987e-02	4.807483e-02	2.518346e-01	2.508650e-01	9.262383e-01	7.806305e-01
24238	3.248613e-01	6.283228e-01	2.601412e-02	3.251765e-02	1.703401e-01	5.536727e-02	3.466623e-01	3.821273e-01
13436	9.695189e-01	3.251393e-01	2.122117e-02	2.652647e-02	1.389559e-01	9.273827e-02	6.575653e-02	3.518569e-02
19133	8.149670e-01	2.256245e-01	4.901180e-02	6.126475e-02	3.209285e-01	2.516102e-01	5.450080e-01	4.229416e-01
29764	4.777124e-01	7.618560e-01	2.495640e-02	3.119550e-02	1.634141e-01	1.593926e-01	6.461395e-01	9.949849e-01
18125	3.920415e-01	7.568158e-01	3.266292e-02	4.082865e-02	2.138763e-01	2.081604e-01	9.731494e-01	8.166155e-01
22615	3.384207e-01	3.816160e-01	4.455732e-02	5.569665e-02	2.917606e-01	1.500279e-01	6.476202e-01	3.493423e-01
22612	7.251997e-01	7.181964e-01	4.268235e-02	5.335294e-02	2.794834e-01	2.794435e-01	3.805349e-01	7.214158e-01
24598	8.183183e-01	8.808174e-01	2.523861e-02	3.154827e-02	1.652621e-01	1.203279e-01	6.327551e-02	2.488294e-01
5992	6.979390e-01	6.874771e-01	2.777483e-02	3.471854e-02	1.818692e-01	5.295250e-02	6.078898e-01	7.491984e-01
20923	5.707656e-01	3.406219e-01	3.313249e-02	4.141561e-02	2.169510e-01	1.209216e-01	5.853983e-01	7.711999e-01
6968	7.431801e-01	1.326127e-01	3.683753e-02	4.604691e-02	2.412116e-01	2.213246e-01	2.768643e-01	6.332664e-03
11582	1.566666e-01	4.056121e-01	3.356712e-02	4.195890e-02	2.197970e-01	1.399355e-01	7.106711e-01	4.413051e-01
22871	1.802100e-01	2.126767e-01	2.078886e-02	2.598607e-02	1.361251e-01	1.318266e-01	6.486915e-01	3.854754e-01
21781	2.460358e-01	5.411064e-01	4.262538e-02	5.328172e-02	2.791103e-01	2.470063e-01	4.051583e-01	3.565644e-01
16476	8.479872e-01	6.257082e-02	3.356352e-02	4.195440e-02	2.197734e-01	1.922162e-01	2.459118e-01	1.733632e-01
28336	8.805640e-01	1.560607e-01	2.975282e-02	3.719102e-02	1.948210e-01	5.324750e-02	2.548791e-01	9.052383e-01
701	6.974187e-01	8.079743e-01	2.248506e-02	2.810632e-02	1.472318e-01	1.276691e-01	6.067551e-01	4.069703e-01
14187	7.960090e-01	9.395750e-02	7.090678e-02	8.863347e-02	4.642965e-01	2.766138e-01	9.035898e-01	2.228023e-01
17873	3.746679e-01	8.231896e-01	6.535986e-02	8.169983e-02	4.279754e-01	2.254145e-01	1.328479e-01	5.799852e-01
29140	6.570966e-01	1.402457e-01	7.363568e-02	9.204460e-02	4.821653e-01	3.031892e-01	9.225688e-01	9.105483e-01
3072	8.794773e-01	1.990452e-01	2.390905e-02	2.988632e-02	1.565561e-01	9.067605e-02	7.885646e-01	1.752188e-01
22159	7.112795e-01	1.881446e-01	4.299852e-02	5.374816e-02	2.815537e-01	2.738810e-01	7.859944e-01	8.628995e-01
22546	7.971399e-01	7.420426e-01	3.512408e-02	4.390510e-02	2.299919e-01	1.673581e-01	5.112829e-01	8.459186e-01
24590	7.248748e-02	2.030053e-01	6.446591e-02	8.058239e-02	4.221218e-01	1.288036e-01	5.988596e-01	5.272529e-01
10199	8.657121e-02	5.986563e-01	4.603326e-02	5.754158e-02	3.014251e-01	2.077489e-01	6.373782e-01	3.565701e-01
29922	1.079304e-01	4.557850e-01	2.923570e-02	3.654462e-02	1.914349e-01	1.396272e-01	9.852000e-02	6.296158e-01
23010	4.471922e-01	7.861212e-01	2.255725e-02	2.819657e-02	1.477045e-01	4.897114e-02	8.382135e-01	3.954331e-01
30512	2.741936e-01	4.838991e-02	2.128673e-02	2.660841e-02	1.393852e-01	6.028591e-02	2.715156e-01	6.946071e-01
24020	5.084416e-01	8.821681e-01	4.112445e-02	5.140557e-02	2.692823e-01	1.717312e-01	9.647902e-01	4.632963e-01
2716	4.702907e-01	1.422503e-01	2.239591e-02	2.799489e-02	1.466481e-01	1.141412e-01	3.456511e-01	6.445370e-01
28013	4.514571e-01	6.301071e-01	2.497080e-02	3.121350e-02	1.635084e-01	6.197954e-02	3.198038e-02	1.493568e-01
28842	2.529903e-01	6.331494e-01	5.842838e-02	7.303547e-02	3.825881e-01	2.077558e-01	3.956438e-01	5.013038e-01
8369	3.865852e-01	4.951565e-01	4.176480e-02	5.220600e-02	2.734753e-01	2.302743e-01	5.922444e-01	2.001148e-01
23960	2.884034e-01	8.457560e-01	2.994532e-02	3.743165e-02	1.960815e-01	9.572665e-02	1.379238e-01	3.201251e-01
12967	8.903361e-01	4.124262e-01	2.367047e-02	2.958809e-02	1.549939e-01	5.646838e-02	8.963465e-01	5.667881e-01
4009	5.322251e-01	7.681085e-01	6.778192e-02	8.472740e-02	4.438350e-01	1.227191e-01	7.311188e-01	8.798108e-01
19950	3.002809e-01	5.753359e-01	2.331277e-02	2.914096e-02	1.526517e-01	5.138508e-02	3.033096e-01	8.477683e-01
16558	9.401945e-01	1.113627e-01	2.671474e-02	3.339343e-02	1.749277e-01	1.428020e-01	5.920525e-01	2.684727e-01
17703	1.275717e-01	8.465539e-01	6.991257e-02	8.739072e-02	4.577864e-01	4.558987e-01	1.207951e-01	3.712513e-02
2402	4.516454e-01	4.289986e-01	3.119605e-02	3.899506e-02	2.042712e-01	1.617812e-01	1.054007e-01	3.656706e-01
22235	7.253375e-01	5.178088e-01	7.419936e-02	9.274920e-02	4.858563e-01	4.811035e-01	6.689524e-01	3.012041e-01
11160	1.116269e-01	9.380342e-01	2.935536e-02	3.669420e-02	1.922184e-01	1.856256e-01	2.480445e-01	4.908291e-01
22241	8.960651e-01	4.547175e-01	2.999709e-02	3.749636e-02	1.964205e-01	1.587236e-01	3.805335e-01	2.443756e-01
32498	3.752850e-01	3.790066e-01	2.711328e-02	3.389160e-02	1.775373e-01	1.753152e-01	6.528014e-02	3.416321e-01
31459	6.235324e-01	8.722147e-02	2.317969e-02	2.897462e-02	1.517803e-01	5.600298e-02	1.411892e-01	6.308922e-01
4572	4.078395e-01	6.374063e-01	2.779623e-02	3.474528e-02	1.820093e-01	1.698444e-01	3.385449e-01	4.887077e-01
18245	6.945124e-01	3.859596e-01	2.253518e-02	2.816898e-02	1.475600e-01	8.383359e-02	9.574968e-01	9.050489e-01
8194	6.704368e-01	2.670077e-01	3.984996e-02	4.981245e-02	2.609369e-01	2.503507e-01	7.005087e-01	6.748005e-02
30389	3.070614e-01	4.042974e-01	2.340707e-02	2.925883e-02	1.532691e-01	1.532346e-01	3.132622e-01	4.262682e-01
29100	4.292357e-01	9.326982e-01	5.747967e-02	7.184959e-02	3.763760e-01	2.095512e-01	5.253698e-01	6.945584e-01
16390	3.352464e-01	3.273284e-01	2.576105e-02	3.220131e-02	1.686830e-01	4.474204e-02	3.553589e-01	6.899196e-01
21302	8.842568e-01	9.337096e-02	2.563828e-02	3.204784e-02	1.678790e-01	1.670974e-01	8.329464e-02	9.836917e-01
17984	8.824293e-01	3.348301e-01	3.478259e-02	4.347824e-02	2.277559e-01	1.112258e-01	5.121875e-01	6.666805e-02
9093	3.772380e-01	1.145552e-01	2.489386e-02	3.111732e-02	1.630046e-01	1.174234e-01	2.790996e-01	2.294989e-01
24622	7.070189e-01	3.462879e-01	3.526105e-02	4.407631e-02	2.308888e-01	1.234023e-01	2.077397e-01	9.274605e-01
14572	2.779382e-01	7.800645e-01	2.566430e-02	3.208038e-02	1.680495e-01	1.478686e-01	6.642931e-03	7.332048e-01
18191	5.022289e-01	2.986628e-01	3.018379e-02	3.772974e-02	1.976430e-01	1.889239e-01	8.328652e-01	4.841603e-01
23638	5.805191e-01	8.006610e-01	5.849474e-02	7.311843e-02	3.830227e-01	3.381588e-01	1.394200e-01	3.982269e-01
7691	4.263842e-01	4.064571e-01	2.295411e-02	2.869263e-02	1.503031e-01	8.445213e-02	4.239368e-01	2.373095e-02
11577	4.410164e-01	3.434236e-01	7.785140e-02	9.731425e-02	5.097698e-01	5.096555e-01	8.055860e-02	4.761189e-01
32551	8.745101e-02	4.116185e-01	2.704663e-02	3.380829e-02	1.771009e-01	1.467575e-01	6.732815e-01	3.080109e-01
4615	2.254766e-01	1.899652e-01	4.627781e-02	5.784726e-02	3.030264e-01	8.858934e-02	5.758295e-01	9.341399e-01
18359	1.748577e-01	1.346310e-01	2.066233e-02	2.582791e-02	1.352966e-01	1.198381e-01	7.522072e-01	1.259911e-01
23103	1.988224e-01	2.920451e-01	2.058209e-02	2.572761e-02	1.347712e-01	1.269370e-01	5.596269e-01	3.050540e-02
32380	7.395628e-02	1.250590e-01	5.957107e-02	7.446384e-02	3.900705e-01	2.605834e-01	9.231415e-01	6.791483e-01
