2232	9.177141e-01	4.835729e-01	2.419373e-02	3.024216e-02	1.584202e-01	8.037700e-02	7.579957e-01	6.235521e-02
4548	9.618479e-02	6.476587e-01	2.925616e-02	3.657019e-02	1.915688e-01	1.510736e-01	3.514283e-01	7.524849e-02
8004	7.582319e-01	5.992031e-01	2.128758e-02	2.660948e-02	1.393908e-01	5.948762e-02	6.726661e-01	7.908103e-01
29562	3.309961e-01	3.703302e-01	7.111792e-02	8.889740e-02	4.656791e-01	4.273996e-01	4.891415e-01	6.326777e-01
3841	7.282740e-01	7.789846e-01	2.097902e-02	2.622378e-02	1.373703e-01	9.029562e-02	1.382038e-01	8.082356e-01
10945	1.371599e-01	8.600794e-01	7.248678e-02	9.060848e-02	4.746423e-01	3.380851e-01	4.939899e-01	4.442756e-01
13187	3.418286e-01	7.557126e-01	4.533970e-02	5.667463e-02	2.968837e-01	8.502485e-02	9.422467e-01	7.267806e-01
1817	4.013423e-01	5.319603e-01	5.847532e-02	7.309416e-02	3.828955e-01	3.207803e-01	5.753798e-01	4.127952e-01
3698	6.818241e-01	2.900298e-01	4.361436e-02	5.451795e-02	2.855861e-01	2.853086e-01	3.265170e-01	5.009348e-01
26246	6.665040e-01	6.897614e-01	2.412417e-02	3.015521e-02	1.579647e-01	1.571856e-01	3.082695e-01	8.594700e-01
24196	3.214059e-01	8.980300e-01	3.239204e-02	4.049005e-02	2.121026e-01	1.773169e-01	8.149094e-01	9.205300e-01
32390	4.339049e-01	1.887768e-01	2.186531e-02	2.733164e-02	1.431737e-01	8.257405e-02	2.115784e-01	6.307712e-01
31631	7.624068e-01	3.151929e-02	2.363724e-02	2.954654e-02	1.547763e-01	1.013728e-01	2.711607e-01	6.339847e-01
11565	6.438489e-01	2.178108e-01	7.223115e-02	9.028894e-02	4.729685e-01	4.377170e-01	6.124202e-01	8.853553e-03
32061	1.215605e-01	1.035707e-01	3.664645e-02	4.580806e-02	2.399604e-01	2.396196e-01	2.359639e-01	2.966238e-02
17971	1.829504e-01	6.219237e-01	3.135037e-02	3.918796e-02	2.052817e-01	1.876320e-01	1.909838e-01	6.841890e-01
15642	5.932542e-01	8.840822e-02	2.840838e-02	3.551048e-02	1.860177e-01	1.507866e-01	2.052501e-01	1.610983e-02
5177	5.719247e-01	7.717024e-01	4.432276e-02	5.540344e-02	2.902247e-01	2.417076e-01	1.980753e-02	3.762110e-02
8621	1.374990e-01	3.395708e-01	2.326383e-02	2.907979e-02	1.523312e-01	1.493232e-01	2.354894e-01	8.120903e-01
25725	7.611824e-01	4.848339e-01	5.616986e-02	7.021232e-02	3.677993e-01	2.763910e-01	3.115477e-01	8.794574e-01
31551	7.447400e-01	3.213025e-01	2.694030e-02	3.367537e-02	1.764047e-01	1.361132e-01	9.599689e-01	2.058520e-01
2790	5.177341e-01	5.690374e-01	3.555646e-02	4.444558e-02	2.328232e-01	2.317064e-01	8.839848e-01	1.101547e-02
154	8.574225e-02	5.620278e-01	3.860236e-02	4.825295e-02	2.527676e-01	2.394738e-01	8.468502e-02	4.175755e-01
12915	8.946928e-02	7.861487e-01	2.997226e-02	3.746532e-02	1.962579e-01	1.739683e-01	2.280743e-01	9.180052e-01
25088	6.045153e-01	1.360170e-01	4.668508e-02	5.835635e-02	3.056932e-01	1.219068e-01	1.121661e-01	5.973267e-02
12045	4.638992e-01	1.214596e-01	2.981179e-02	3.726474e-02	1.952071e-01	1.741153e-01	2.430402e-01	9.597472e-01
15259	8.117005e-01	3.227316e-01	6.643240e-02	8.304050e-02	4.349983e-01	2.205159e-01	2.159951e-01	1.194222e-01
26045	7.173952e-01	6.136390e-01	5.651651e-02	7.064564e-02	3.700692e-01	2.398138e-01	7.166198e-01	4.505493e-01
2802	1.599621e-01	5.626074e-01	3.399362e-02	4.249203e-02	2.225897e-01	2.216492e-01	8.526907e-01	1.293468e-01
26195	8.233537e-02	2.247060e-01	3.223737e-02	4.029671e-02	2.110898e-01	1.714571e-01	7.390697e-01	5.096233e-02
32351	2.812619e-01	6.215410e-02	4.000712e-02	5.000889e-02	2.619660e-01	2.431190e-01	5.196533e-01	7.160234e-01
8079	7.025554e-01	5.412693e-02	3.913702e-02	4.892127e-02	2.562686e-01	2.449746e-01	3.854994e-01	7.220699e-01
25491	8.777040e-01	5.647719e-02	4.591166e-02	5.738957e-02	3.006288e-01	1.164094e-01	9.481083e-01	9.052352e-01
13512	2.517353e-01	7.900028e-01	2.268730e-02	2.835913e-02	1.485561e-01	8.112483e-02	5.611045e-03	1.124986e-01
20597	3.670847e-01	3.059655e-01	2.343468e-02	2.929335e-02	1.534499e-01	1.155162e-01	6.996277e-01	8.038795e-02
31161	1.845381e-01	1.599672e-01	2.291522e-02	2.864403e-02	1.500485e-01	8.653040e-02	5.698197e-01	4.717708e-01
16444	7.499081e-01	2.802331e-01	3.026203e-02	3.782753e-02	1.981553e-01	1.360935e-01	3.551628e-01	3.688173e-01
17556	8.111540e-01	5.627487e-01	2.282952e-02	2.853690e-02	1.494873e-01	5.388883e-02	4.185101e-01	2.448348e-01
8792	6.560412e-01	1.307705e-01	4.803665e-02	6.004581e-02	3.145432e-01	2.795015e-01	4.251959e-01	7.933134e-01
31976	5.459579e-01	2.140954e-01	4.056486e-02	5.070607e-02	2.656181e-01	2.645505e-01	3.960321e-01	6.609297e-01
12363	8.366007e-01	7.527234e-01	2.560875e-02	3.201094e-02	1.676857e-01	1.435136e-01	6.179796e-01	2.290874e-01
2946	9.501806e-01	4.827769e-01	2.735552e-02	3.419440e-02	1.791235e-01	1.761841e-01	2.019649e-01	2.287359e-01
28775	9.106867e-01	6.906444e-01	3.651022e-02	4.563777e-02	2.390683e-01	2.122336e-01	3.941740e-01	1.733109e-01
12109	9.110311e-01	7.807555e-01	3.369628e-02	4.212035e-02	2.206427e-01	2.084897e-01	2.514234e-02	2.463936e-01
31809	6.506062e-01	2.774663e-02	2.255120e-02	2.818899e-02	1.476649e-01	4.092022e-02	8.064583e-02	2.107436e-01
7094	2.284504e-01	6.201887e-01	3.138959e-02	3.923699e-02	2.055386e-01	1.331111e-01	9.535102e-01	6.619242e-02
3778	2.080248e-01	2.737896e-01	2.651668e-02	3.314585e-02	1.736308e-01	1.551373e-01	4.117461e-01	4.818007e-01
908	6.978791e-01	2.185073e-01	2.418522e-02	3.023153e-02	1.583645e-01	1.565656e-01	7.301104e-01	7.195989e-01
5826	4.351634e-01	1.233583e-01	2.143172e-02	2.678965e-02	1.403346e-01	7.399565e-02	3.705635e-01	9.774896e-01
19846	3.872434e-01	9.406671e-01	2.710463e-02	3.388079e-02	1.774807e-01	1.643543e-01	7.955571e-01	3.100249e-01
22860	2.032975e-01	3.819054e-01	2.173858e-02	2.717322e-02	1.423439e-01	1.151822e-01	2.858953e-01	4.376889e-01
1059	5.925561e-01	5.902727e-01	2.962671e-02	3.703339e-02	1.939952e-01	1.934704e-01	4.432355e-01	9.893375e-01
17492	8.577070e-01	3.459142e-01	2.643501e-02	3.304376e-02	1.730960e-01	8.179355e-02	8.165911e-01	9.729347e-01
2966	4.375196e-01	5.937075e-01	2.576187e-02	3.220234e-02	1.686884e-01	1.404125e-01	3.918100e-01	2.472720e-01
6447	3.501316e-02	9.628581e-01	2.918099e-02	3.647624e-02	1.910767e-01	1.793711e-01	7.910729e-01	3.137815e-01
11326	4.722847e-01	9.021899e-01	3.226705e-02	4.033381e-02	2.112841e-01	1.786739e-01	1.827072e-01	9.357202e-01
21576	6.029533e-01	8.568060e-01	3.882758e-02	4.853448e-02	2.542424e-01	2.496601e-01	7.215195e-01	9.575919e-01
22068	3.257455e-02	4.080794e-01	2.765455e-02	3.456819e-02	1.810816e-01	1.716382e-01	6.544587e-01	9.951266e-01
11728	4.271807e-01	3.518495e-01	4.893925e-02	6.117406e-02	3.204535e-01	3.187598e-01	7.968302e-01	5.072142e-01
28808	1.353950e-01	9.464205e-01	4.130468e-02	5.163085e-02	2.704624e-01	2.704561e-01	7.856928e-01	6.472669e-01
28068	9.224914e-01	5.467890e-01	2.261199e-02	2.826499e-02	1.480630e-01	1.476871e-01	3.552015e-01	5.856499e-01
2084	4.651274e-01	6.545110e-01	6.238639e-02	7.798299e-02	4.085051e-01	3.516825e-01	7.375458e-02	6.679117e-01
27519	3.976237e-02	5.710986e-02	2.652738e-02	3.315922e-02	1.737009e-01	7.054200e-02	6.619187e-01	5.218268e-01
1662	2.905551e-01	7.934188e-01	4.866794e-02	6.083493e-02	3.186769e-01	3.031980e-01	9.078729e-01	4.312029e-01
17942	8.139370e-01	8.910445e-01	4.849870e-02	6.062338e-02	3.175688e-01	3.058707e-01	7.891019e-01	1.810606e-01
19594	3.203815e-01	2.146316e-01	2.311995e-02	2.889993e-02	1.513891e-01	6.102778e-02	2.999498e-01	7.537118e-01
31466	9.803967e-02	6.099116e-01	2.056186e-02	2.570232e-02	1.346387e-01	6.804856e-02	7.614022e-01	1.266982e-01
16896	9.455129e-01	4.074416e-01	3.171030e-02	3.963787e-02	2.076385e-01	8.577713e-02	6.578963e-01	6.794806e-01
19746	2.676538e-01	3.679334e-01	3.705439e-02	4.631799e-02	2.426316e-01	2.339519e-01	2.876340e-01	1.734387e-01
9372	6.344275e-01	4.109076e-01	5.964685e-02	7.455856e-02	3.905666e-01	1.465121e-01	3.689113e-01	7.547786e-01
30816	3.961595e-01	8.317609e-01	2.103617e-02	2.629522e-02	1.377445e-01	8.281818e-02	5.214006e-01	2.291084e-01
25728	7.443543e-01	8.871677e-01	3.019561e-02	3.774452e-02	1.977204e-01	1.213924e-01	3.438902e-01	8.874079e-01
20852	5.221112e-01	7.448411e-01	4.251109e-02	5.313887e-02	2.783620e-01	2.323518e-01	1.603376e-01	3.923842e-01
11828	6.906816e-01	4.799005e-01	2.977348e-02	3.721685e-02	1.949563e-01	1.939450e-01	8.720903e-01	3.791989e-01
3289	4.241501e-01	7.548837e-01	2.142503e-02	2.678129e-02	1.402908e-01	9.984593e-02	5.712301e-01	2.662219e-01
25586	7.673680e-02	6.821025e-01	3.440533e-02	4.300666e-02	2.252856e-01	9.552389e-02	8.161971e-01	2.318367e-01
7165	4.701823e-01	3.777473e-01	4.158130e-02	5.197663e-02	2.722737e-01	2.196099e-01	8.324944e-01	6.722311e-01
21284	8.224977e-01	4.087863e-01	2.887788e-02	3.609735e-02	1.890919e-01	8.263784e-02	1.300723e-01	7.668523e-01
8542	2.229226e-01	4.905616e-01	4.701062e-02	5.876328e-02	3.078248e-01	1.657924e-01	3.202892e-01	7.813637e-01
