12901	2.638338e-01	8.791348e-01	2.540931e-02	3.176164e-02	1.663798e-01	1.609916e-01	5.885822e-01	7.647045e-01
21646	5.458927e-01	3.253077e-01	4.213064e-02	5.266330e-02	2.758708e-01	2.698779e-01	9.977200e-02	6.477251e-01
22049	8.350290e-01	5.005106e-01	7.536892e-02	9.421115e-02	4.935145e-01	4.918000e-01	4.102934e-01	2.461188e-02
29429	3.075591e-01	4.688928e-01	2.872334e-02	3.590418e-02	1.880800e-01	6.171670e-02	5.590018e-01	1.553403e-01
6722	3.187489e-02	6.447718e-01	3.303316e-02	4.129145e-02	2.163006e-01	1.778572e-01	4.467180e-01	3.684704e-02
24675	6.726341e-02	2.385261e-01	2.931658e-02	3.664572e-02	1.919645e-01	1.266315e-01	1.976351e-01	9.948937e-01
3776	1.906970e-01	9.996341e-02	5.485980e-02	6.857476e-02	3.592211e-01	2.791375e-01	6.228583e-01	8.487472e-01
2668	1.755604e-01	4.616313e-02	2.795237e-02	3.494046e-02	1.830317e-01	6.433327e-02	9.656273e-01	2.779300e-01
29411	3.943245e-01	3.721641e-01	5.446434e-02	6.808043e-02	3.566317e-01	2.709163e-01	7.832409e-01	6.265157e-02
15076	6.191012e-01	4.424594e-01	2.691898e-02	3.364873e-02	1.762651e-01	1.689338e-01	2.646223e-01	7.141993e-01
16795	2.105111e-01	7.902290e-01	2.839699e-02	3.549623e-02	1.859430e-01	1.801172e-01	2.737847e-01	2.540510e-01
23077	8.679848e-01	1.575801e-01	4.684331e-02	5.855414e-02	3.067293e-01	2.908088e-01	7.668903e-01	8.082061e-02
24201	3.912544e-01	5.540890e-01	4.357429e-02	5.446786e-02	2.853238e-01	2.840372e-01	2.481685e-01	8.045326e-02
15077	6.754654e-01	5.365527e-01	2.054165e-02	2.567707e-02	1.345064e-01	6.068995e-02	8.028971e-01	1.588566e-01
9843	9.343987e-02	3.369720e-01	5.858481e-02	7.323101e-02	3.836124e-01	3.822514e-01	4.333760e-01	8.413229e-02
25824	5.692403e-01	6.627086e-01	2.108934e-02	2.636167e-02	1.380927e-01	5.212628e-02	2.712662e-01	6.820622e-01
28425	4.293682e-01	4.493091e-01	3.868510e-02	4.835637e-02	2.533094e-01	2.040278e-01	1.933016e-01	1.224507e-02
16420	8.725967e-01	8.255125e-01	4.657303e-02	5.821629e-02	3.049595e-01	2.167163e-01	8.467169e-01	8.157801e-01
310	6.562365e-02	4.930440e-01	4.233109e-02	5.291387e-02	2.771833e-01	2.624466e-01	4.934243e-01	2.574896e-01
4298	1.328993e-01	7.714567e-01	3.121216e-02	3.901520e-02	2.043767e-01	7.886199e-02	1.109959e-01	9.453978e-01
8259	7.873628e-01	1.199485e-01	2.099433e-02	2.624292e-02	1.374706e-01	1.151640e-01	5.900684e-01	4.189266e-01
25885	1.423724e-01	2.471809e-01	2.584726e-02	3.230908e-02	1.692475e-01	1.691104e-01	5.556783e-01	9.084697e-01
12126	9.302832e-01	4.301917e-02	2.162262e-02	2.702827e-02	1.415846e-01	1.332655e-01	1.955009e-01	6.680406e-01
25607	7.222424e-01	1.161683e-01	3.282524e-02	4.103155e-02	2.149392e-01	1.010800e-01	5.305705e-01	2.556979e-02
18237	7.523987e-01	2.682465e-01	2.670761e-02	3.338451e-02	1.748810e-01	1.647884e-01	9.484036e-01	1.620118e-01
14645	8.918996e-01	4.515674e-01	4.521938e-02	5.652422e-02	2.960958e-01	2.277894e-01	6.267722e-01	9.304472e-01
20760	6.828071e-01	4.412165e-01	3.653548e-02	4.566935e-02	2.392338e-01	2.165612e-01	2.872114e-01	5.667461e-02
4167	2.058396e-01	5.124101e-01	5.357710e-02	6.697138e-02	3.508220e-01	3.279152e-01	3.843655e-01	4.145050e-01
2288	5.169695e-01	7.707196e-01	2.556396e-02	3.195495e-02	1.673924e-01	1.446113e-01	2.250592e-01	5.160428e-01
4951	7.947539e-01	2.218375e-01	5.109356e-02	6.386695e-02	3.345598e-01	2.713151e-01	8.911373e-01	5.166185e-01
13980	8.040156e-01	6.728686e-01	5.342486e-02	6.678108e-02	3.498252e-01	2.005971e-01	6.717817e-03	9.744100e-01
5531	1.494615e-01	2.824065e-01	3.016897e-02	3.771122e-02	1.975460e-01	9.122734e-02	7.325717e-01	9.835367e-01
205	4.035893e-01	7.289173e-01	3.073106e-02	3.841383e-02	2.012265e-01	1.920224e-01	9.091374e-01	2.988167e-01
21222	9.514027e-01	2.201232e-01	2.142318e-02	2.677898e-02	1.402787e-01	4.754322e-02	7.700572e-01	4.696533e-01
22729	3.465939e-02	8.666294e-01	2.302342e-02	2.877927e-02	1.507570e-01	8.633233e-02	1.811397e-01	5.369990e-01
30123	6.297205e-01	2.440302e-01	2.845613e-02	3.557016e-02	1.863303e-01	1.854336e-01	6.601457e-01	7.101555e-01
26717	6.233788e-02	9.513449e-01	2.941891e-02	3.677363e-02	1.926346e-01	1.670213e-01	8.179130e-02	1.317730e-01
4788	2.350928e-01	6.795478e-01	3.111539e-02	3.889424e-02	2.037431e-01	1.256479e-01	2.137836e-01	9.777427e-01
13300	5.648732e-01	2.313070e-01	3.192434e-02	3.990542e-02	2.090401e-01	5.520072e-02	7.124218e-01	8.336282e-01
5187	9.485322e-01	7.854890e-01	2.392943e-02	2.991178e-02	1.566895e-01	6.022302e-02	9.031996e-01	7.191445e-01
17928	6.347490e-01	6.757171e-01	7.278304e-02	9.097879e-02	4.765822e-01	2.677406e-01	3.412805e-01	1.261507e-01
25659	7.943844e-01	8.932657e-01	7.844774e-02	9.805968e-02	5.136746e-01	2.265279e-01	2.021031e-01	5.381722e-01
14644	7.004359e-02	7.391361e-01	3.436171e-02	4.295213e-02	2.249999e-01	2.223754e-01	5.656895e-01	6.021815e-01
22012	3.238662e-01	6.745563e-01	5.291707e-02	6.614634e-02	3.465001e-01	2.268757e-01	4.142194e-01	3.400020e-01
27424	6.712064e-01	3.599257e-01	3.559654e-02	4.449568e-02	2.330856e-01	1.483939e-01	1.505555e-02	7.376878e-01
24361	3.230694e-01	5.708585e-01	2.194491e-02	2.743114e-02	1.436949e-01	1.436892e-01	3.035451e-01	4.841686e-01
25429	4.616245e-01	8.506590e-01	5.598085e-02	6.997606e-02	3.665617e-01	1.461013e-01	3.876102e-01	2.160423e-01
25916	1.081336e-01	7.895843e-01	3.402614e-02	4.253268e-02	2.228026e-01	1.077482e-01	9.570651e-01	1.822119e-01
25445	5.278039e-01	5.051720e-01	2.673833e-02	3.342291e-02	1.750822e-01	1.278844e-01	4.864347e-01	3.677715e-01
8950	6.944249e-01	9.572929e-01	2.745668e-02	3.432085e-02	1.797859e-01	1.766943e-01	2.658869e-01	8.313307e-01
27920	1.224679e-01	4.821312e-01	3.821726e-02	4.777158e-02	2.502460e-01	2.266763e-01	5.596572e-01	5.492644e-01
20242	2.306076e-01	3.024572e-01	2.314071e-02	2.892588e-02	1.515250e-01	9.502227e-02	1.423734e-03	4.144711e-01
11939	6.080232e-01	9.284048e-01	2.225999e-02	2.782499e-02	1.457581e-01	1.288715e-01	1.744675e-01	6.661308e-01
15531	9.634774e-01	5.449039e-01	3.029352e-02	3.786689e-02	1.983615e-01	1.820137e-01	1.149542e-01	1.325046e-01
23337	4.966479e-01	3.250541e-01	3.964293e-02	4.955366e-02	2.595813e-01	2.594018e-01	6.370510e-01	2.674645e-01
10228	5.844913e-01	1.048061e-01	4.155815e-02	5.194768e-02	2.721221e-01	1.746026e-01	3.960335e-01	7.278486e-01
10421	4.391915e-01	9.085184e-01	2.841448e-02	3.551810e-02	1.860576e-01	1.366293e-01	3.912188e-01	5.895771e-01
8396	4.650069e-01	1.269311e-01	2.929098e-02	3.661373e-02	1.917969e-01	1.910955e-01	5.500208e-01	5.999410e-01
16063	1.720208e-01	8.530170e-01	3.819096e-02	4.773870e-02	2.500738e-01	2.435105e-01	2.478342e-01	5.253048e-01
8401	4.031745e-01	8.397047e-02	3.288577e-02	4.110722e-02	2.153355e-01	7.635820e-02	1.686761e-01	2.506533e-02
9887	5.665066e-01	5.950141e-01	6.387055e-02	7.983818e-02	4.182233e-01	2.156290e-01	8.257197e-01	6.911522e-01
10703	5.274915e-01	7.403627e-01	2.161208e-02	2.701510e-02	1.415155e-01	5.007243e-02	9.090972e-01	6.427402e-01
19218	3.504434e-01	7.856653e-01	3.933755e-02	4.917194e-02	2.575817e-01	8.363453e-02	7.118733e-01	3.304857e-01
12235	4.041885e-01	2.069583e-01	7.026014e-02	8.782517e-02	4.600623e-01	1.739850e-01	2.329329e-01	4.597506e-01
4632	2.827966e-01	7.491593e-01	5.418529e-02	6.773161e-02	3.548044e-01	3.019381e-01	6.068828e-01	4.781867e-01
4310	4.826940e-01	4.504104e-01	5.875940e-02	7.344925e-02	3.847556e-01	1.989435e-01	4.735308e-01	8.181530e-01
22063	9.453410e-01	3.145169e-01	2.576429e-02	3.220537e-02	1.687042e-01	8.145464e-02	9.459428e-01	9.514131e-01
29192	3.175813e-01	3.281205e-01	3.998514e-02	4.998142e-02	2.618220e-01	2.550012e-01	6.845957e-01	5.923254e-01
31354	9.639118e-01	7.486790e-01	2.394658e-02	2.993323e-02	1.568019e-01	1.224168e-01	6.233307e-01	9.369365e-01
21544	6.135314e-02	1.234898e-01	3.060853e-02	3.826066e-02	2.004242e-01	1.790742e-01	5.854065e-02	1.046476e-01
4185	4.690326e-01	9.124895e-01	2.174559e-02	2.718199e-02	1.423898e-01	1.416693e-01	4.499935e-01	9.936292e-01
9725	6.684092e-01	7.422395e-01	3.015207e-02	3.769009e-02	1.974353e-01	1.059551e-01	6.729950e-02	4.508708e-01
25865	3.600536e-01	1.027751e-01	3.517094e-02	4.396368e-02	2.302988e-01	1.506025e-01	1.477333e-01	7.519585e-01
2903	7.547348e-01	4.970865e-01	2.649544e-02	3.311930e-02	1.734917e-01	1.734809e-01	7.534613e-01	2.423549e-02
19225	7.728887e-01	9.655078e-01	2.308864e-02	2.886080e-02	1.511840e-01	1.507290e-01	3.440364e-01	8.494572e-01
