12443	3.505074e-01	5.133308e-02	2.100897e-02	2.626121e-02	1.375664e-01	1.251373e-01	8.533825e-01	4.354302e-01
14832	6.232725e-01	3.824718e-01	6.416514e-02	8.020643e-02	4.201524e-01	3.851060e-01	6.797478e-01	3.205845e-02
15768	5.784880e-01	4.589660e-01	3.356072e-02	4.195090e-02	2.197551e-01	2.196705e-01	3.749093e-01	3.528776e-01
27530	5.718666e-01	6.954252e-01	4.713756e-02	5.892195e-02	3.086560e-01	2.976674e-01	7.143200e-01	8.710640e-02
32699	7.210095e-01	5.152290e-01	5.631027e-02	7.038783e-02	3.687187e-01	3.662633e-01	9.533536e-01	8.618475e-01
1449	6.723434e-01	1.282847e-01	2.827727e-02	3.534658e-02	1.851591e-01	1.508456e-01	2.604047e-01	3.696669e-01
3636	3.815242e-02	7.361861e-01	3.472293e-02	4.340366e-02	2.273652e-01	2.214546e-01	7.884894e-01	8.287844e-01
28135	4.825775e-01	2.488698e-01	2.533459e-02	3.166824e-02	1.658905e-01	1.003278e-01	3.533146e-01	1.733874e-01
3360	6.438720e-02	5.065728e-02	2.282661e-02	2.853326e-02	1.494683e-01	1.306071e-01	9.273041e-01	1.108213e-01
23933	6.061762e-01	1.014378e-01	7.467020e-02	9.333775e-02	4.889393e-01	3.074937e-01	9.367964e-01	3.326189e-02
31618	1.977085e-01	4.367528e-01	2.654150e-02	3.317687e-02	1.737933e-01	1.227112e-01	3.490683e-01	2.691261e-01
16250	9.385633e-01	3.282627e-02	2.328557e-02	2.910696e-02	1.524736e-01	5.961235e-02	1.041241e-01	9.257339e-01
481	1.223117e-01	7.063121e-01	6.483892e-02	8.104866e-02	4.245643e-01	3.131464e-01	1.781982e-01	5.890270e-01
4032	4.572661e-01	8.460188e-01	3.296417e-02	4.120521e-02	2.158489e-01	2.157785e-01	1.012506e-01	7.927242e-02
501	7.681772e-02	1.592456e-01	2.544020e-02	3.180026e-02	1.665821e-01	1.113335e-01	1.595601e-01	1.154788e-01
30781	9.434683e-01	3.122674e-01	2.283362e-02	2.854202e-02	1.495142e-01	1.133823e-01	6.054465e-01	5.076147e-01
28812	2.522224e-01	4.069306e-01	2.339722e-02	2.924652e-02	1.532046e-01	1.135486e-01	1.658788e-01	5.368491e-01
22478	5.083233e-01	6.808143e-01	2.833221e-02	3.541526e-02	1.855189e-01	1.282191e-01	2.451484e-01	5.516728e-01
7122	3.767796e-01	1.089933e-01	6.644424e-02	8.305530e-02	4.350759e-01	2.424297e-01	9.916381e-01	9.253728e-01
7706	8.002674e-01	5.139723e-01	5.669193e-02	7.086492e-02	3.712179e-01	3.447193e-01	9.552702e-01	9.392909e-01
4136	9.532598e-01	5.772685e-01	2.328382e-02	2.910478e-02	1.524621e-01	8.693912e-02	7.848406e-01	1.963164e-01
2305	6.593240e-01	5.740616e-01	4.284760e-02	5.355950e-02	2.805654e-01	1.866755e-01	4.473588e-01	5.491313e-01
26614	1.838070e-01	3.566446e-01	3.780059e-02	4.725074e-02	2.475177e-01	8.472056e-02	7.301115e-01	3.195378e-01
21773	7.580214e-02	5.827950e-01	3.529085e-02	4.411357e-02	2.310840e-01	1.957415e-01	6.708335e-01	5.334486e-01
28486	4.786409e-01	7.460025e-01	2.181342e-02	2.726677e-02	1.428339e-01	1.428032e-01	8.125502e-01	6.055875e-02
72	7.497426e-01	7.080096e-01	3.115134e-02	3.893918e-02	2.039785e-01	1.984078e-01	3.289595e-01	3.129167e-01
15813	1.566583e-01	5.170342e-01	4.293056e-02	5.366319e-02	2.811086e-01	2.810893e-01	8.632256e-01	7.597847e-01
8524	1.282704e-01	4.686174e-01	3.314440e-02	4.143051e-02	2.170290e-01	2.166089e-01	9.550599e-01	5.036196e-01
4737	3.191375e-01	2.190941e-01	4.547023e-02	5.683778e-02	2.977383e-01	1.305619e-01	8.129256e-01	8.411275e-01
3064	6.301334e-01	2.910904e-01	4.798926e-02	5.998657e-02	3.142329e-01	2.312030e-01	3.785466e-01	3.260705e-01
1105	4.338205e-01	5.247392e-01	4.216521e-02	5.270651e-02	2.760971e-01	2.313041e-01	3.152997e-01	9.944866e-01
25264	1.378368e-01	9.689975e-01	2.062227e-02	2.577783e-02	1.350343e-01	7.852898e-02	3.912009e-01	1.927216e-01
11808	1.729572e-01	3.991885e-01	3.147814e-02	3.934767e-02	2.061184e-01	1.013549e-01	3.205446e-01	3.028272e-01
24013	8.895088e-01	3.793740e-01	5.825010e-02	7.281262e-02	3.814207e-01	3.752804e-01	2.952354e-01	8.478987e-01
5960	3.367924e-01	5.497240e-01	2.369323e-02	2.961654e-02	1.551429e-01	1.138430e-01	3.369099e-01	2.457759e-01
30028	2.177856e-01	7.750907e-02	2.209418e-02	2.761773e-02	1.446723e-01	1.442116e-01	7.653577e-02	7.893752e-01
2864	9.117076e-01	8.703840e-01	5.882473e-02	7.353092e-02	3.851834e-01	3.393656e-01	1.033894e-01	1.414526e-01
24041	3.293823e-01	6.847311e-01	7.491050e-02	9.363812e-02	4.905128e-01	4.885895e-01	4.368926e-01	9.998691e-01
31560	8.935340e-01	6.085422e-01	4.609307e-02	5.761633e-02	3.018167e-01	2.951077e-01	7.838603e-01	7.375827e-01
823	6.101566e-01	8.928910e-01	4.268656e-02	5.335820e-02	2.795109e-01	8.144413e-02	2.125612e-02	1.483151e-01
32122	5.334225e-01	1.852819e-01	3.510909e-02	4.388636e-02	2.298938e-01	1.777220e-01	6.983467e-01	3.407820e-01
31623	8.478208e-01	5.681956e-01	2.660632e-02	3.325790e-02	1.742178e-01	1.595315e-01	1.750999e-01	8.613590e-01
21606	7.846477e-01	6.330499e-01	4.818035e-02	6.022544e-02	3.154842e-01	1.219155e-01	8.105747e-01	6.160937e-01
13721	7.454052e-02	9.287428e-01	2.092069e-02	2.615086e-02	1.369883e-01	1.276073e-01	2.455007e-01	2.792038e-02
8220	7.732408e-01	1.237833e-01	3.750676e-02	4.688345e-02	2.455937e-01	2.444485e-01	3.525763e-01	6.001166e-01
32181	3.984573e-01	8.422826e-01	2.680104e-02	3.350129e-02	1.754928e-01	1.674699e-01	7.888347e-01	8.743578e-01
19320	1.236796e-01	1.295594e-01	3.525688e-02	4.407110e-02	2.308615e-01	1.604076e-01	6.258729e-01	2.091923e-01
6040	1.720151e-01	9.058927e-01	2.336272e-02	2.920339e-02	1.529787e-01	4.859366e-02	8.793899e-02	2.742436e-02
5460	2.749270e-01	6.460761e-01	2.373173e-02	2.966466e-02	1.553950e-01	1.448036e-01	6.536976e-02	3.846252e-01
24982	9.750478e-02	2.275999e-01	4.369356e-02	5.461695e-02	2.861047e-01	1.562645e-01	2.568216e-01	2.648681e-01
31315	7.058744e-01	8.104447e-01	4.084298e-02	5.105373e-02	2.674392e-01	2.568742e-01	7.374814e-01	3.303195e-01
25303	2.166675e-01	3.310268e-01	3.169358e-02	3.961698e-02	2.075291e-01	1.555553e-01	9.618748e-01	6.317168e-01
15817	5.862152e-01	2.129805e-01	2.934715e-02	3.668393e-02	1.921647e-01	1.841709e-01	2.932799e-02	6.587858e-01
11050	1.322590e-01	4.298266e-01	2.102635e-02	2.628294e-02	1.376802e-01	1.356125e-01	8.257786e-01	7.755280e-01
3119	7.598426e-01	8.163438e-01	2.922450e-02	3.653063e-02	1.913616e-01	9.884523e-02	9.312226e-01	6.410775e-01
30978	2.167394e-01	5.156256e-01	2.828855e-02	3.536069e-02	1.852330e-01	1.517692e-01	7.652320e-01	7.913407e-01
4068	7.194863e-01	9.470742e-01	4.472135e-02	5.590168e-02	2.928347e-01	1.842554e-01	8.093795e-01	4.808057e-03
31545	7.241883e-02	4.091571e-01	4.829406e-02	6.036757e-02	3.162287e-01	1.985370e-01	6.471867e-01	9.392388e-02
22792	1.353371e-01	8.596764e-01	2.568962e-02	3.211202e-02	1.682152e-01	5.521885e-02	9.934257e-01	3.363190e-01
2008	1.927884e-01	2.732673e-01	2.217408e-02	2.771760e-02	1.451955e-01	7.868197e-02	8.601197e-01	2.043206e-02
32738	1.882038e-01	3.003211e-01	3.250656e-02	4.063320e-02	2.128524e-01	1.503111e-01	9.835528e-01	8.292801e-01
2770	9.503807e-01	5.064959e-01	3.499270e-02	4.374088e-02	2.291317e-01	2.291092e-01	2.198083e-01	2.302201e-01
20516	2.842266e-01	8.840120e-01	6.596579e-02	8.245723e-02	4.319429e-01	3.442994e-01	5.630333e-01	5.995585e-01
25379	6.948542e-02	7.185054e-01	2.495766e-02	3.119708e-02	1.634224e-01	1.516955e-01	6.579406e-01	7.597802e-01
20606	1.425256e-01	6.083372e-01	2.467503e-02	3.084378e-02	1.615717e-01	6.317257e-02	9.941399e-01	9.037166e-01
32111	8.079699e-01	8.287333e-01	2.263202e-02	2.829002e-02	1.481941e-01	5.520528e-02	9.887474e-01	8.097952e-01
8051	2.854392e-01	1.382463e-01	3.100811e-02	3.876014e-02	2.030406e-01	1.813688e-01	5.800705e-01	9.171071e-01
9608	4.879781e-01	5.955554e-01	4.965491e-02	6.206863e-02	3.251396e-01	2.134506e-01	4.643105e-01	8.171190e-03
24866	9.363840e-01	6.379856e-01	4.311981e-02	5.389977e-02	2.823479e-01	8.259904e-02	7.774660e-01	9.364697e-01
28366	9.426449e-01	7.882701e-01	4.128696e-02	5.160870e-02	2.703464e-01	2.282827e-01	5.308309e-01	7.646458e-02
15880	3.393204e-01	3.902785e-01	2.564255e-02	3.205318e-02	1.679070e-01	1.428357e-01	1.998085e-01	7.469336e-02
2082	5.533543e-01	6.404715e-01	3.472011e-02	4.340013e-02	2.273467e-01	1.466827e-01	3.762556e-01	3.972200e-02
17862	5.603166e-01	3.276319e-01	3.986448e-02	4.983060e-02	2.610320e-01	2.257247e-01	7.925191e-01	7.374937e-01
776	8.806215e-01	7.817460e-01	2.925362e-02	3.656703e-02	1.915523e-01	1.123885e-01	8.134659e-01	3.172378e-01
