13951	7.715219e-01	8.506409e-01	4.447318e-02	5.559147e-02	2.912097e-01	2.777383e-01	9.720130e-02	6.334566e-01
8478	6.229204e-01	6.803940e-01	2.911719e-02	3.639649e-02	1.906589e-01	1.578634e-01	4.002804e-01	5.068578e-02
4589	2.849274e-01	2.357762e-01	4.808649e-02	6.010812e-02	3.148696e-01	3.014540e-01	5.499673e-01	9.610584e-01
27346	6.151659e-01	1.144093e-01	3.988569e-02	4.985711e-02	2.611709e-01	2.222237e-01	8.006786e-01	4.497932e-01
29751	3.969814e-01	9.361123e-01	3.388307e-02	4.235383e-02	2.218658e-01	1.715595e-01	7.367940e-01	5.620708e-01
17030	1.245365e-01	4.439615e-01	3.390871e-02	4.238588e-02	2.220337e-01	5.846991e-02	7.485610e-01	5.824832e-01
10421	4.460894e-01	7.401685e-01	2.333187e-02	2.916484e-02	1.527767e-01	1.135660e-01	9.677506e-01	3.930029e-01
4186	9.261761e-01	7.517345e-01	2.500322e-02	3.125402e-02	1.637207e-01	1.629641e-01	4.808644e-01	1.980180e-01
19683	9.805828e-02	1.731518e-01	2.409723e-02	3.012153e-02	1.577883e-01	1.476721e-01	9.147999e-01	7.672843e-01
9761	5.577111e-01	4.540225e-01	6.031116e-02	7.538895e-02	3.949165e-01	3.532731e-01	6.140824e-01	7.514349e-01
931	8.502387e-01	4.700997e-01	3.311722e-02	4.139652e-02	2.168510e-01	1.133456e-01	8.782023e-01	7.518765e-01
1598	7.581529e-01	5.997882e-01	3.291607e-02	4.114509e-02	2.155339e-01	1.671343e-01	3.048100e-01	5.645368e-01
16872	6.882455e-01	3.465062e-01	6.980276e-02	8.725345e-02	4.570674e-01	3.243367e-01	9.668661e-01	6.701085e-01
29507	6.684460e-01	6.540001e-01	2.493662e-02	3.117077e-02	1.632846e-01	1.537532e-01	2.075476e-01	4.056757e-01
11705	2.920211e-01	8.032455e-01	6.379557e-02	7.974446e-02	4.177324e-01	2.058104e-01	4.633315e-01	6.992106e-01
6852	1.244378e-01	9.345709e-01	3.259222e-02	4.074027e-02	2.134133e-01	2.086448e-01	1.685586e-01	2.318258e-01
9143	9.202797e-01	9.121173e-01	3.962035e-02	4.952544e-02	2.594334e-01	2.552945e-01	6.315421e-01	7.517870e-01
11395	5.969061e-01	8.532256e-01	2.456735e-02	3.070919e-02	1.608666e-01	7.478653e-02	5.585777e-01	2.201858e-01
24258	6.847252e-01	6.689830e-02	3.987408e-02	4.984260e-02	2.610949e-01	2.137915e-01	8.992158e-02	1.722127e-01
31836	4.747898e-01	5.517571e-01	2.100182e-02	2.625227e-02	1.375196e-01	1.140667e-01	6.373597e-02	6.613745e-01
13915	6.310768e-01	3.549246e-01	3.487273e-02	4.359091e-02	2.283461e-01	2.283367e-01	5.063847e-01	7.387566e-01
22476	1.685341e-01	6.267986e-01	2.385373e-02	2.981716e-02	1.561939e-01	1.447184e-01	4.596516e-01	2.757139e-01
25173	1.521852e-01	6.855310e-01	2.864944e-02	3.581180e-02	1.875961e-01	1.556669e-01	2.942121e-01	1.713523e-02
31979	9.181606e-02	3.051292e-01	2.447666e-02	3.059583e-02	1.602728e-01	1.090441e-01	1.528135e-02	7.950143e-01
17649	1.240979e-01	7.734261e-01	4.040242e-02	5.050302e-02	2.645544e-01	1.282435e-01	5.647951e-01	5.588178e-01
29744	2.295321e-01	4.900766e-01	5.948419e-02	7.435524e-02	3.895016e-01	2.353775e-01	9.069098e-01	5.354779e-01
8610	5.017845e-01	6.388312e-01	3.113945e-02	3.892432e-02	2.039007e-01	1.247177e-01	4.170523e-01	4.524299e-01
25715	5.298097e-01	8.157467e-01	4.599197e-02	5.748996e-02	3.011547e-01	2.791664e-01	5.738674e-01	7.834620e-01
22459	3.562724e-01	1.165887e-01	2.550266e-02	3.187832e-02	1.669910e-01	1.043463e-01	5.993662e-02	1.884657e-01
11239	2.188969e-01	1.988418e-01	5.799598e-02	7.249498e-02	3.797568e-01	3.590643e-01	6.291533e-01	6.484811e-01
31090	2.887087e-01	3.832498e-01	2.391616e-02	2.989520e-02	1.566027e-01	1.552155e-01	3.342554e-01	5.487595e-01
21420	9.077905e-01	4.643438e-01	4.656008e-02	5.820010e-02	3.048747e-01	1.669712e-01	1.681139e-01	8.572576e-01
28826	1.459306e-01	7.419883e-01	4.977240e-02	6.221550e-02	3.259089e-01	1.081733e-01	4.010442e-01	5.328828e-01
26685	2.552546e-01	9.065259e-01	2.065048e-02	2.581309e-02	1.352190e-01	1.052235e-01	9.371495e-01	4.843671e-01
26848	3.038663e-01	1.462581e-01	3.345483e-02	4.181854e-02	2.190617e-01	2.016612e-01	9.902782e-01	8.194065e-01
10373	8.923082e-01	6.490293e-01	2.970124e-02	3.712655e-02	1.944833e-01	1.276880e-01	4.966375e-01	5.292853e-02
10925	3.916912e-01	3.087778e-02	2.147663e-02	2.684579e-02	1.406286e-01	5.661560e-02	2.693512e-01	3.876834e-01
14815	5.005045e-01	1.909908e-01	4.951576e-02	6.189470e-02	3.242284e-01	9.634177e-02	3.273726e-01	2.438190e-01
2759	4.034490e-01	3.730209e-01	2.623159e-02	3.278949e-02	1.717641e-01	1.491124e-01	2.651436e-01	4.692946e-01
19933	6.165459e-01	7.362531e-01	7.831514e-02	9.789393e-02	5.128063e-01	2.058840e-01	2.872286e-01	7.421883e-01
16489	9.455578e-01	2.812450e-01	4.833680e-02	6.042100e-02	3.165086e-01	2.876966e-01	4.897504e-01	3.170497e-01
29232	8.003647e-01	3.095998e-01	5.488055e-02	6.860069e-02	3.593570e-01	3.478536e-01	3.764865e-01	5.638961e-01
2333	8.138734e-01	8.140632e-01	2.150990e-02	2.688738e-02	1.408465e-01	1.408387e-01	5.221618e-01	2.703990e-01
24302	2.189586e-01	6.934798e-01	3.290292e-02	4.112865e-02	2.154478e-01	9.382240e-02	5.277568e-03	8.113360e-01
2795	8.184247e-01	7.319647e-01	2.354326e-02	2.942908e-02	1.541609e-01	9.758531e-02	1.786695e-01	6.140674e-01
14339	4.007101e-01	5.358633e-01	2.927961e-02	3.659951e-02	1.917224e-01	1.765743e-01	6.617202e-01	4.999141e-01
3546	8.639113e-01	2.757597e-01	4.185940e-02	5.232425e-02	2.740947e-01	1.495590e-01	4.161956e-01	4.886978e-02
13299	2.534779e-01	8.404115e-01	2.150707e-02	2.688383e-02	1.408279e-01	1.097137e-01	9.071802e-01	2.490708e-01
24396	3.280386e-01	7.331064e-01	2.741922e-02	3.427403e-02	1.795407e-01	1.274332e-01	2.773770e-01	7.716093e-01
15275	7.065535e-01	7.173488e-01	2.097886e-02	2.622358e-02	1.373693e-01	5.770011e-02	6.853871e-01	2.734392e-01
1773	4.000971e-01	4.487362e-01	4.869914e-02	6.087392e-02	3.188812e-01	1.009354e-01	4.458506e-02	6.294941e-01
2536	3.186686e-01	8.948293e-01	2.531754e-02	3.164693e-02	1.657789e-01	1.588444e-01	2.687251e-01	1.596891e-01
15578	4.656074e-01	9.528304e-01	3.661457e-02	4.576822e-02	2.397517e-01	2.370368e-01	7.619519e-02	8.535741e-01
30511	5.528609e-01	3.633431e-01	4.465870e-02	5.582337e-02	2.924244e-01	2.655270e-01	5.091188e-01	8.892406e-01
14263	2.574362e-01	6.061960e-01	2.650499e-02	3.313124e-02	1.735543e-01	1.664069e-01	3.208637e-01	8.251103e-01
16451	6.378249e-01	8.511964e-01	7.278951e-02	9.098689e-02	4.766246e-01	4.097155e-01	4.346908e-01	3.082847e-01
26715	8.998719e-01	2.726397e-01	2.155820e-02	2.694775e-02	1.411628e-01	1.399631e-01	6.728315e-01	8.541977e-01
6461	4.484767e-02	2.323871e-01	2.989541e-02	3.736926e-02	1.957547e-01	1.867439e-01	1.120991e-01	2.108831e-01
5672	1.731859e-01	7.851151e-01	2.319943e-02	2.899929e-02	1.519095e-01	6.113759e-02	6.494434e-01	6.843802e-01
1977	9.312581e-02	5.560286e-01	4.936979e-02	6.171224e-02	3.232726e-01	1.675903e-01	1.871459e-01	7.679518e-01
25976	9.023496e-01	4.094564e-01	2.694523e-02	3.368154e-02	1.764369e-01	1.763421e-01	4.445731e-01	8.601461e-01
11014	4.588913e-01	2.678313e-01	2.704549e-02	3.380686e-02	1.770934e-01	1.717760e-01	6.341629e-01	9.064057e-03
3914	8.372237e-01	4.277860e-01	3.157188e-02	3.946485e-02	2.067322e-01	2.054770e-01	6.797166e-01	2.625993e-01
735	3.443935e-01	5.061333e-01	4.104814e-02	5.131018e-02	2.687826e-01	2.680404e-01	7.006207e-01	3.255763e-01
5293	4.384761e-01	6.596395e-02	2.936330e-02	3.670413e-02	1.922705e-01	1.416423e-01	1.897907e-01	3.005895e-01
29703	4.529919e-01	4.127750e-01	5.904500e-02	7.380626e-02	3.866258e-01	2.260981e-01	3.453214e-01	3.880780e-01
23625	1.579146e-01	8.533162e-01	4.614921e-02	5.768651e-02	3.021843e-01	2.534948e-01	1.831917e-01	8.935610e-01
18996	6.939592e-01	2.298042e-01	2.961662e-02	3.702078e-02	1.939292e-01	1.909549e-01	5.975545e-01	7.225057e-01
7767	9.499084e-01	9.633155e-02	2.203569e-02	2.754461e-02	1.442894e-01	1.378627e-01	2.994030e-01	4.423361e-01
9253	1.749599e-01	3.183791e-01	2.580296e-02	3.225370e-02	1.689574e-01	4.916786e-02	3.939063e-01	8.768473e-01
18239	7.172542e-01	4.404160e-01	5.247411e-02	6.559263e-02	3.435996e-01	2.972562e-01	3.665853e-01	6.537835e-01
32111	5.013120e-01	7.177573e-01	2.292205e-02	2.865256e-02	1.500932e-01	1.228537e-01	1.474036e-02	4.838380e-02
5069	4.341804e-01	8.053697e-01	5.945073e-02	7.431342e-02	3.892825e-01	3.260853e-01	9.126827e-01	6.542091e-01
27871	4.436885e-01	6.301870e-01	4.732616e-02	5.915770e-02	3.098909e-01	1.514417e-01	7.776420e-01	4.770555e-01
32641	4.979376e-01	7.239986e-02	2.053781e-02	2.567226e-02	1.344812e-01	8.606224e-02	1.797892e-01	2.971556e-01
24358	5.129789e-02	5.809622e-01	2.432161e-02	3.040201e-02	1.592575e-01	4.885280e-02	6.003476e-01	1.438977e-02
16087	7.038071e-01	7.760011e-01	3.813846e-02	4.767307e-02	2.497300e-01	1.103335e-01	2.982421e-01	2.581205e-01
30371	8.412791e-01	6.822087e-01	7.706538e-02	9.633172e-02	5.046229e-01	1.850759e-01	9.764694e-01	3.552572e-01
5725	8.896608e-01	8.297119e-02	2.551137e-02	3.188921e-02	1.670480e-01	8.327483e-02	8.808540e-01	6.327882e-01
27526	3.453454e-01	3.436792e-01	2.894549e-02	3.618187e-02	1.895346e-01	8.958642e-02	2.331902e-01	6.991144e-01
6684	5.362537e-02	5.283363e-02	2.108207e-02	2.635258e-02	1.380450e-01	1.245463e-01	9.975772e-01	3.153268e-01
19284	6.028114e-01	2.283205e-01	3.861651e-02	4.827063e-02	2.528603e-01	2.345683e-01	3.405040e-02	7.559039e-01
3010	4.706813e-02	6.541899e-01	2.660688e-02	3.325860e-02	1.742214e-01	1.520856e-01	4.662362e-01	4.459183e-01
