1678	5.871508e-01	8.989620e-01	7.714170e-02	9.642712e-02	5.051227e-01	4.921217e-01	8.460274e-01	2.486502e-02
8277	5.246959e-01	5.786249e-01	6.414191e-02	8.017739e-02	4.200003e-01	4.087472e-01	9.051414e-01	2.274354e-02
9881	9.281894e-01	5.155786e-01	2.408939e-02	3.011174e-02	1.577369e-01	1.347026e-01	7.944267e-01	9.433424e-01
8237	1.234096e-01	3.306424e-01	5.314235e-02	6.642794e-02	3.479753e-01	2.674694e-01	8.805419e-01	7.668712e-01
1048	4.101589e-01	3.217536e-01	4.901817e-02	6.127271e-02	3.209702e-01	2.421344e-01	8.918520e-01	1.279758e-02
2894	6.693708e-01	3.827145e-01	3.239898e-02	4.049872e-02	2.121480e-01	6.559709e-02	7.543744e-01	8.916342e-01
20226	8.132145e-01	7.738604e-02	4.917427e-02	6.146783e-02	3.219923e-01	2.325423e-01	6.897170e-01	9.470537e-01
14516	4.627895e-01	7.379599e-01	6.121108e-02	7.651385e-02	4.008092e-01	3.774514e-01	2.690463e-01	5.144929e-01
7723	5.322444e-01	3.650941e-01	3.230321e-02	4.037901e-02	2.115209e-01	2.096452e-01	8.050509e-01	3.717777e-01
31215	6.798054e-01	4.697080e-01	4.567005e-02	5.708756e-02	2.990468e-01	2.990458e-01	6.713299e-01	2.767720e-01
16357	2.959418e-01	2.192456e-01	4.746593e-02	5.933242e-02	3.108062e-01	3.043202e-01	5.967715e-02	9.234718e-01
18912	4.449729e-01	9.602616e-01	2.278966e-02	2.848708e-02	1.492263e-01	8.549211e-02	5.986917e-01	9.887764e-01
3896	4.378348e-01	1.637267e-01	3.375863e-02	4.219829e-02	2.210510e-01	1.901342e-01	8.631074e-01	6.701824e-01
4715	4.390505e-01	6.608716e-01	2.500547e-02	3.125684e-02	1.637354e-01	1.170073e-01	8.898980e-01	9.099724e-01
10679	4.596800e-01	5.198549e-01	2.347784e-02	2.934729e-02	1.537325e-01	1.537320e-01	1.937031e-01	1.890882e-01
3896	5.966214e-01	1.337164e-01	4.549852e-02	5.687315e-02	2.979236e-01	1.726633e-01	7.800922e-01	9.475909e-01
13506	2.660644e-01	3.875379e-01	3.299893e-02	4.124866e-02	2.160765e-01	1.292212e-01	1.762594e-01	3.974860e-02
14541	7.323180e-01	5.775047e-01	3.893155e-02	4.866444e-02	2.549232e-01	2.494861e-01	4.117631e-01	8.011184e-01
19090	7.843966e-01	3.617035e-01	2.683955e-02	3.354943e-02	1.757449e-01	1.058933e-01	2.158987e-01	6.185798e-02
12253	2.257635e-01	4.130320e-01	4.049042e-02	5.061303e-02	2.651306e-01	2.650101e-01	7.667202e-01	8.818539e-02
27048	9.153986e-01	7.069850e-02	2.308349e-02	2.885437e-02	1.511504e-01	1.505893e-01	1.863998e-01	9.663430e-01
8871	5.036327e-01	6.316604e-02	4.829199e-02	6.036499e-02	3.162152e-01	2.620294e-01	7.652496e-01	9.494794e-01
2231	2.775226e-01	7.535492e-01	4.162705e-02	5.203382e-02	2.725733e-01	1.733886e-01	3.093014e-01	8.136696e-01
18060	6.494690e-01	3.139705e-01	3.229243e-02	4.036553e-02	2.114503e-01	1.616563e-01	1.150706e-01	7.651188e-01
20364	5.746849e-01	8.025029e-01	3.689663e-02	4.612079e-02	2.415986e-01	2.415348e-01	4.721397e-01	5.449406e-01
24523	5.757077e-01	7.234834e-01	2.487728e-02	3.109660e-02	1.628960e-01	5.793039e-02	2.108798e-02	5.415256e-01
23734	6.494633e-02	8.175500e-01	3.800874e-02	4.751093e-02	2.488807e-01	1.260098e-01	6.120810e-01	7.638585e-01
29165	9.718540e-01	4.606171e-01	2.593296e-02	3.241620e-02	1.698086e-01	1.267993e-01	7.734609e-01	1.166649e-01
2544	1.862829e-01	7.320615e-01	4.864202e-02	6.080252e-02	3.185072e-01	2.789380e-01	5.185375e-01	1.623673e-01
9078	4.329312e-01	6.157333e-01	2.317955e-02	2.897443e-02	1.517793e-01	6.999698e-02	7.514221e-01	8.362948e-01
5170	8.372411e-02	7.607016e-01	3.691442e-02	4.614303e-02	2.417150e-01	1.308585e-01	3.760111e-01	6.456304e-01
16409	2.806171e-01	5.613044e-01	2.091416e-02	2.614270e-02	1.369456e-01	1.323225e-01	6.700100e-01	9.325951e-01
6359	9.669572e-01	5.322955e-01	2.219140e-02	2.773925e-02	1.453089e-01	4.488493e-02	7.269913e-01	4.991620e-01
2505	3.499433e-01	6.482803e-01	2.412819e-02	3.016024e-02	1.579910e-01	1.544873e-01	5.396444e-01	5.971317e-01
2961	7.088283e-01	7.696456e-01	2.526140e-02	3.157675e-02	1.654112e-01	1.652762e-01	1.439893e-01	4.848044e-01
27277	5.634207e-01	2.067388e-01	2.142008e-02	2.677510e-02	1.402583e-01	1.257323e-01	7.384328e-01	3.383432e-01
13931	6.518110e-01	6.570680e-01	4.141771e-02	5.177214e-02	2.712025e-01	1.277821e-01	2.727338e-01	8.865616e-01
11367	8.531177e-01	2.057957e-01	7.177956e-02	8.972445e-02	4.700114e-01	1.571049e-01	6.292109e-01	4.770432e-01
31904	9.702662e-01	5.608173e-01	2.137845e-02	2.672306e-02	1.399858e-01	1.389951e-01	3.183730e-02	2.134814e-01
9674	5.065322e-01	6.639126e-01	2.256530e-02	2.820662e-02	1.477572e-01	4.988936e-02	4.330583e-01	2.617162e-01
26690	7.645013e-01	7.780811e-01	4.070527e-02	5.088159e-02	2.665375e-01	2.082575e-01	5.486978e-01	6.492629e-01
30138	9.453238e-01	3.304368e-01	5.732816e-02	7.166019e-02	3.753839e-01	1.489547e-01	6.094304e-01	3.034051e-01
14721	3.386150e-01	4.821157e-01	2.064235e-02	2.580294e-02	1.351658e-01	1.266805e-01	5.080677e-01	8.388210e-01
13248	5.297612e-01	1.087606e-01	3.492661e-02	4.365827e-02	2.286989e-01	2.284017e-01	1.234261e-01	8.718631e-01
32556	3.688831e-02	5.838221e-01	2.496459e-02	3.120574e-02	1.634678e-01	1.380830e-01	3.790747e-02	9.225291e-01
11059	1.617441e-01	4.456799e-01	2.747838e-02	3.434797e-02	1.799280e-01	1.792896e-01	2.685868e-01	7.184444e-01
30648	2.140579e-01	8.696114e-01	3.944747e-02	4.930934e-02	2.583014e-01	1.166013e-01	3.822098e-01	8.798547e-02
27699	1.680169e-01	2.777644e-01	2.862673e-02	3.578341e-02	1.874474e-01	1.442382e-01	6.442020e-01	5.356908e-01
14604	2.605693e-01	4.192110e-02	3.421202e-02	4.276502e-02	2.240198e-01	8.168384e-02	7.261093e-01	2.913345e-01
7269	8.995393e-01	5.022777e-01	2.072171e-02	2.590214e-02	1.356855e-01	1.047892e-01	7.738148e-01	8.792165e-01
24223	2.572077e-01	6.072572e-01	2.675667e-02	3.344584e-02	1.752023e-01	5.106469e-02	6.626065e-01	3.677621e-01
25033	2.349804e-01	2.158102e-01	3.131751e-02	3.914689e-02	2.050666e-01	1.849094e-01	7.713549e-01	6.939601e-01
1081	6.007546e-01	5.948981e-01	3.652894e-02	4.566117e-02	2.391909e-01	7.371044e-02	9.582901e-01	5.336766e-01
25689	9.610200e-01	4.199849e-01	3.849234e-02	4.811542e-02	2.520472e-01	1.413761e-01	2.547388e-01	8.316940e-02
20691	5.919635e-01	3.513121e-01	7.055890e-02	8.819862e-02	4.620186e-01	4.463680e-01	7.632469e-01	5.100512e-01
9653	2.823240e-01	8.149850e-01	3.854367e-02	4.817959e-02	2.523834e-01	1.470950e-01	3.074437e-01	1.729091e-02
2904	6.868868e-01	6.417407e-02	2.232922e-02	2.791153e-02	1.462114e-01	1.173962e-01	9.432228e-01	3.728769e-01
20394	7.882817e-01	1.722623e-01	5.190227e-02	6.487784e-02	3.398553e-01	9.508715e-02	9.288973e-02	9.990553e-01
16217	4.118452e-01	9.324071e-02	3.866749e-02	4.833436e-02	2.531941e-01	2.433255e-01	8.866951e-01	6.294492e-01
22809	4.914761e-01	9.195779e-01	3.590769e-02	4.488461e-02	2.351230e-01	2.348809e-01	2.221811e-01	8.804334e-01
20271	7.537974e-01	1.116861e-01	6.180631e-02	7.725788e-02	4.047067e-01	3.125552e-01	5.289878e-01	5.419489e-01
28722	1.807523e-01	5.855347e-01	3.237013e-02	4.046266e-02	2.119591e-01	1.309987e-01	2.337345e-01	3.065450e-01
26247	7.416578e-01	9.632535e-01	3.318583e-02	4.148228e-02	2.173003e-01	1.847907e-01	1.915838e-01	1.759881e-01
10024	3.762498e-01	9.320281e-01	2.680663e-02	3.350829e-02	1.755294e-01	1.056576e-01	3.782233e-01	9.281792e-01
17253	4.073907e-01	5.227650e-01	4.743297e-02	5.929121e-02	3.105904e-01	1.672003e-01	3.638107e-02	6.973528e-01
8807	9.741098e-01	1.472594e-01	2.337238e-02	2.921547e-02	1.530420e-01	1.341208e-01	9.392256e-01	2.903051e-01
4074	5.482979e-01	6.595924e-01	3.605464e-02	4.506830e-02	2.360852e-01	2.062784e-01	5.573989e-01	7.126423e-01
6472	6.974179e-01	2.099668e-01	2.446838e-02	3.058548e-02	1.602186e-01	1.562625e-01	7.605473e-01	9.879427e-01
20255	1.251724e-01	2.149175e-01	5.519615e-02	6.899519e-02	3.614235e-01	1.631376e-01	9.618387e-01	4.722311e-01
1335	2.155146e-01	3.162989e-01	2.794891e-02	3.493614e-02	1.830091e-01	1.397217e-01	7.836342e-01	8.145121e-01
23604	1.093830e-01	5.227280e-01	2.440163e-02	3.050203e-02	1.597815e-01	9.254676e-02	3.129949e-01	3.145255e-02
6280	7.494557e-02	3.803302e-01	2.236683e-02	2.795854e-02	1.464577e-01	6.452869e-02	8.341275e-01	4.686064e-01
21909	3.664660e-01	8.242490e-01	2.124033e-02	2.655041e-02	1.390813e-01	9.290035e-02	5.297027e-01	3.585702e-02
25416	2.510220e-01	8.216370e-01	2.094855e-02	2.618569e-02	1.371708e-01	9.356241e-02	8.652527e-01	6.081616e-01
21246	1.408583e-01	8.488424e-02	2.203848e-02	2.754810e-02	1.443076e-01	1.220163e-01	4.840281e-01	6.259867e-01
25224	3.545061e-01	9.662090e-01	2.513984e-02	3.142479e-02	1.646152e-01	1.504316e-01	1.140966e-01	2.972683e-01
27644	9.160203e-01	1.981624e-01	3.090759e-02	3.863449e-02	2.023824e-01	1.962803e-01	9.257034e-01	9.690859e-01
10539	1.267398e-01	3.785782e-01	2.612096e-02	3.265120e-02	1.710396e-01	4.572214e-02	6.307744e-01	7.776815e-01
5055	3.534978e-01	5.496104e-01	2.953777e-02	3.692222e-02	1.934129e-01	6.303640e-02	9.557867e-01	4.308708e-01
19397	9.674303e-01	8.729051e-01	2.144524e-02	2.680655e-02	1.404231e-01	1.074679e-01	7.505524e-01	6.464595e-01
11850	5.143834e-01	4.785358e-01	2.697268e-02	3.371585e-02	1.766167e-01	7.996390e-02	6.641488e-01	5.685359e-01
9488	8.707591e-01	6.340576e-01	2.305257e-02	2.881572e-02	1.509479e-01	7.142761e-02	7.992025e-01	2.287282e-01
223	2.826235e-01	4.717161e-01	2.815575e-02	3.519468e-02	1.843634e-01	1.832754e-01	3.435468e-01	6.431881e-01
