5138	7.713821e-01	8.439764e-01	6.906618e-02	8.633273e-02	4.522443e-01	1.483746e-01	3.326591e-01	4.937080e-01
32157	8.601850e-01	6.605405e-01	3.718800e-02	4.648500e-02	2.435064e-01	8.784056e-02	3.010984e-02	8.107072e-01
9912	3.926881e-01	1.524149e-01	3.276504e-02	4.095630e-02	2.145450e-01	5.925382e-02	1.106299e-01	1.653571e-01
17786	8.118415e-01	9.477835e-01	2.252117e-02	2.815146e-02	1.474683e-01	9.340357e-02	8.466644e-02	3.055053e-01
132	2.401024e-01	5.129623e-01	2.985032e-02	3.731290e-02	1.954594e-01	1.952132e-01	1.026688e-01	4.724679e-01
18078	4.898204e-01	4.570045e-01	4.492923e-02	5.616154e-02	2.941959e-01	1.477734e-01	1.459168e-01	5.313463e-01
8087	9.320465e-01	5.533982e-02	2.613712e-02	3.267140e-02	1.711454e-01	1.708232e-01	4.758584e-01	6.753189e-01
11421	9.661289e-01	4.737017e-01	3.030614e-02	3.788267e-02	1.984441e-01	1.792074e-01	2.776492e-01	5.439530e-01
18719	6.095170e-01	2.855818e-01	2.235241e-02	2.794051e-02	1.463632e-01	1.322598e-01	5.359459e-01	1.766937e-01
17788	3.839449e-01	1.239566e-01	2.599517e-02	3.249397e-02	1.702160e-01	5.600704e-02	9.747326e-01	1.982238e-01
15270	1.428000e-01	3.243487e-01	3.827801e-02	4.784752e-02	2.506438e-01	9.683818e-02	7.258174e-02	8.021749e-01
30733	3.803404e-01	5.442347e-01	3.753128e-02	4.691410e-02	2.457542e-01	2.178916e-01	2.872205e-01	2.185614e-01
2584	1.940072e-01	5.763759e-01	3.725339e-02	4.656674e-02	2.439346e-01	2.297947e-01	3.339260e-01	9.121181e-01
2860	2.051937e-01	4.868155e-01	2.353202e-02	2.941503e-02	1.540873e-01	1.296237e-01	4.261365e-01	8.190429e-01
20258	7.151205e-01	2.582955e-01	2.356496e-02	2.945620e-02	1.543030e-01	1.520889e-01	3.447330e-01	9.091215e-02
2085	7.387875e-01	4.602674e-02	3.565881e-02	4.457351e-02	2.334933e-01	2.334102e-01	5.510447e-01	5.214532e-01
31833	5.645795e-01	1.115890e-01	6.342368e-02	7.927960e-02	4.152973e-01	3.162948e-01	2.504728e-01	9.751555e-01
10865	1.382451e-01	7.786479e-01	3.701211e-02	4.626513e-02	2.423547e-01	1.608104e-01	7.301296e-01	8.369631e-01
28009	4.268495e-01	5.808251e-01	2.176045e-02	2.720057e-02	1.424871e-01	9.781429e-02	3.000353e-01	3.469838e-01
24408	9.052759e-01	1.360278e-01	2.538602e-02	3.173252e-02	1.662272e-01	7.883175e-02	4.644648e-01	5.074672e-01
23618	8.803837e-01	8.955608e-01	7.905553e-02	9.881942e-02	5.176544e-01	3.418560e-01	3.220719e-01	1.911234e-01
30304	6.904774e-01	8.551237e-01	2.307895e-02	2.884869e-02	1.511206e-01	1.364807e-01	6.964944e-01	4.226330e-01
7702	1.126490e-01	1.370197e-01	2.643394e-02	3.304242e-02	1.730890e-01	1.083040e-01	8.407580e-02	8.078612e-01
26957	4.866461e-01	3.552167e-01	3.048151e-02	3.810188e-02	1.995924e-01	1.863334e-01	9.613316e-01	7.483389e-01
26656	1.640494e-01	3.985937e-01	3.413176e-02	4.266470e-02	2.234942e-01	2.216823e-01	8.478130e-02	9.613582e-01
12303	8.160504e-01	4.138969e-01	2.292766e-02	2.865957e-02	1.501300e-01	1.501167e-01	1.573947e-01	7.353338e-01
25114	4.546899e-01	7.499643e-01	3.374527e-02	4.218159e-02	2.209635e-01	1.042689e-01	7.071143e-01	9.785910e-01
5822	4.558448e-01	8.408205e-01	3.089425e-02	3.861781e-02	2.022951e-01	8.279851e-02	5.253140e-01	5.595681e-01
29140	5.161279e-01	2.666136e-01	4.570890e-02	5.713612e-02	2.993012e-01	2.663783e-01	6.416284e-01	7.688505e-01
1729	1.329624e-01	4.451817e-01	4.143953e-02	5.179942e-02	2.713454e-01	9.152556e-02	2.571288e-01	7.942387e-01
32586	9.021067e-02	6.677298e-01	4.002963e-02	5.003703e-02	2.621134e-01	1.614504e-01	5.515093e-01	5.586959e-01
13735	3.274874e-01	7.534989e-01	3.452093e-02	4.315117e-02	2.260425e-01	8.692006e-02	4.281359e-01	9.403013e-03
4406	8.598726e-01	7.479253e-01	7.445262e-02	9.306577e-02	4.875146e-01	4.874311e-01	8.794183e-01	9.612839e-01
5661	6.682709e-01	9.046904e-01	5.311055e-02	6.638819e-02	3.477671e-01	2.237842e-01	2.077931e-01	4.572023e-01
1815	6.488635e-01	2.624191e-01	2.918410e-02	3.648012e-02	1.910970e-01	1.820993e-01	7.252046e-01	3.881552e-01
5971	2.178410e-01	8.219474e-01	2.834671e-02	3.543339e-02	1.856138e-01	6.586646e-02	3.862408e-01	9.699342e-01
31974	5.423445e-02	3.002157e-01	2.245940e-02	2.807425e-02	1.470638e-01	9.119548e-02	5.943007e-02	5.703686e-01
18178	6.977641e-01	1.627718e-01	3.697057e-02	4.621321e-02	2.420827e-01	2.059417e-01	5.202439e-01	7.105622e-01
29291	5.283504e-01	7.804361e-01	5.882052e-02	7.352565e-02	3.851558e-01	3.509687e-01	6.694736e-01	7.325344e-01
20681	6.807190e-01	5.165053e-01	6.899584e-02	8.624480e-02	4.517837e-01	1.491882e-01	1.705208e-01	1.742025e-01
11362	6.960041e-01	7.715215e-01	2.432100e-02	3.040125e-02	1.592535e-01	1.586752e-01	1.934203e-02	9.081475e-01
9242	4.138304e-01	8.123229e-01	2.740076e-02	3.425095e-02	1.794198e-01	7.604188e-02	1.606541e-01	8.431143e-01
1139	3.660234e-01	6.635651e-01	2.698987e-02	3.373734e-02	1.767293e-01	1.461538e-01	6.018334e-01	7.066119e-01
28449	3.026422e-01	6.698967e-01	4.704785e-02	5.880982e-02	3.080686e-01	1.942561e-01	3.103977e-01	6.113383e-01
2078	3.704724e-01	9.629443e-01	2.379574e-02	2.974467e-02	1.558141e-01	1.446854e-01	5.240533e-01	6.189950e-02
2558	9.113150e-01	4.099059e-01	3.080011e-02	3.850014e-02	2.016786e-01	1.185697e-01	3.750764e-01	3.016017e-02
24801	3.093659e-01	9.137945e-01	3.214050e-02	4.017562e-02	2.104555e-01	1.145237e-01	9.843944e-01	7.087649e-01
2160	2.188034e-01	8.796710e-01	6.261317e-02	7.826646e-02	4.099900e-01	3.817437e-01	9.412396e-01	7.757213e-01
8830	9.507156e-01	1.234874e-01	2.163793e-02	2.704742e-02	1.416849e-01	7.380846e-02	5.047645e-01	6.563649e-01
4150	7.787568e-02	5.641601e-02	2.761298e-02	3.451622e-02	1.808094e-01	8.878451e-02	7.045640e-01	1.109383e-01
5049	5.326014e-01	8.897168e-01	2.854278e-02	3.567847e-02	1.868976e-01	1.068994e-01	9.281676e-01	1.288831e-01
3525	5.260302e-01	5.487381e-01	4.647742e-02	5.809677e-02	3.043334e-01	3.036440e-01	7.236375e-01	4.780144e-01
11817	5.903767e-01	5.456911e-02	2.095996e-02	2.619994e-02	1.372455e-01	1.370322e-01	8.890380e-01	4.208851e-01
10841	2.923839e-01	1.694619e-01	2.734509e-02	3.418137e-02	1.790552e-01	4.678192e-02	5.378945e-01	5.253505e-01
5637	1.105483e-01	1.972673e-01	3.503935e-02	4.379918e-02	2.294371e-01	2.049064e-01	4.702413e-01	6.116662e-02
2813	8.818600e-01	2.517011e-01	2.935405e-02	3.669257e-02	1.922099e-01	1.764589e-01	4.656835e-01	3.602294e-01
7596	6.078327e-01	9.657911e-01	2.836728e-02	3.545910e-02	1.857485e-01	5.927017e-02	1.259768e-01	2.733043e-02
22885	8.965195e-01	3.126370e-01	4.651037e-02	5.813797e-02	3.045492e-01	2.744700e-01	5.581821e-01	3.955325e-02
22661	5.978602e-01	6.394262e-01	6.615653e-02	8.269566e-02	4.331919e-01	4.135051e-01	7.372848e-01	1.217658e-01
15832	1.073934e-01	3.053409e-01	2.531617e-02	3.164521e-02	1.657699e-01	1.273874e-01	6.289732e-01	5.493315e-01
18006	7.599632e-01	3.509665e-01	2.891470e-02	3.614337e-02	1.893330e-01	1.268053e-01	7.591280e-01	6.208271e-01
6608	5.844807e-01	1.800664e-01	2.254244e-02	2.817805e-02	1.476075e-01	1.361922e-01	6.390162e-01	1.820078e-01
29144	4.632000e-01	7.054631e-01	2.243050e-02	2.803813e-02	1.468746e-01	1.374785e-01	9.965529e-01	8.003934e-01
27997	2.354987e-01	3.408598e-01	6.115964e-02	7.644954e-02	4.004723e-01	3.226943e-01	8.919121e-01	3.565029e-02
25460	3.871058e-01	4.687801e-01	4.650482e-02	5.813103e-02	3.045129e-01	2.879596e-01	6.182346e-01	3.005498e-01
15687	8.650336e-01	7.998589e-02	2.930729e-02	3.663411e-02	1.919037e-01	1.835486e-01	3.713067e-01	2.999771e-01
29397	7.945428e-01	4.628188e-01	3.573176e-02	4.466470e-02	2.339710e-01	2.056273e-01	9.082058e-01	7.812010e-02
29225	8.720883e-01	3.509320e-01	2.263461e-02	2.829327e-02	1.482111e-01	6.395574e-02	3.317449e-01	5.461080e-01
29920	4.528267e-01	6.700212e-01	4.132376e-02	5.165470e-02	2.705873e-01	1.221454e-01	1.581924e-02	3.895365e-01
4164	4.104434e-01	9.006199e-02	4.751779e-02	5.939724e-02	3.111458e-01	1.888787e-01	1.435501e-01	7.066284e-01
30526	8.809677e-02	5.433397e-01	2.500162e-02	3.125202e-02	1.637102e-01	1.543448e-01	3.151449e-02	4.771342e-01
25973	6.013972e-02	3.409552e-01	2.597414e-02	3.246768e-02	1.700783e-01	1.192930e-01	8.187148e-01	2.269710e-01
23957	7.779851e-01	9.266912e-01	2.067734e-02	2.584667e-02	1.353949e-01	9.192122e-02	4.872474e-01	3.342634e-01
19286	4.803558e-01	2.180763e-01	2.065752e-02	2.582190e-02	1.352651e-01	7.330881e-02	1.278435e-01	1.487772e-01
8948	8.775772e-01	4.364017e-01	6.827657e-02	8.534571e-02	4.470739e-01	2.161213e-01	4.826705e-01	2.524407e-02
31306	2.736090e-01	9.143305e-01	4.708951e-02	5.886189e-02	3.083414e-01	1.924189e-01	4.380613e-01	3.206241e-01
