29922	7.285587e-01	5.165482e-01	2.332290e-02	2.915362e-02	1.527180e-01	1.480382e-01	1.958471e-01	6.965046e-01
9782	2.321136e-01	3.551928e-01	4.635589e-02	5.794487e-02	3.035377e-01	2.901884e-01	5.480344e-01	8.506045e-01
30359	1.265941e-01	5.588281e-01	7.328833e-02	9.161042e-02	4.798909e-01	2.680080e-01	9.757511e-01	9.430880e-01
8311	2.705634e-01	3.684899e-01	2.207604e-02	2.759505e-02	1.445536e-01	1.191121e-01	9.863454e-01	5.727484e-01
30867	3.548875e-02	6.339834e-01	2.060846e-02	2.576057e-02	1.349438e-01	1.229194e-01	1.017625e-01	6.282215e-01
6652	8.509480e-01	7.771813e-02	2.234957e-02	2.793697e-02	1.463447e-01	9.907752e-02	4.577387e-02	3.521058e-02
26305	7.970570e-01	2.590738e-01	2.741578e-02	3.426972e-02	1.795181e-01	8.627541e-02	6.674273e-01	3.057535e-01
8605	6.047529e-01	5.792558e-01	3.212219e-02	4.015274e-02	2.103356e-01	2.096099e-01	3.987511e-01	6.857754e-01
10413	4.144851e-01	4.259622e-01	5.928150e-02	7.410188e-02	3.881744e-01	2.441591e-01	2.033435e-01	2.731239e-01
14691	7.543516e-01	2.063867e-01	2.288645e-02	2.860807e-02	1.498601e-01	1.456076e-01	5.350996e-01	2.482471e-01
22712	7.103801e-01	4.273673e-01	2.081332e-02	2.601665e-02	1.362853e-01	1.140316e-01	5.589028e-01	2.481835e-01
1919	8.436822e-01	4.806479e-02	3.028974e-02	3.786217e-02	1.983367e-01	1.509855e-01	5.189472e-01	9.505995e-01
14126	3.572216e-01	1.088111e-01	4.786363e-02	5.982954e-02	3.134103e-01	1.993388e-01	5.827044e-01	4.460672e-01
25486	7.190419e-01	7.021783e-01	2.115234e-02	2.644042e-02	1.385052e-01	1.224748e-01	4.455826e-01	8.528246e-01
29581	9.348779e-01	6.903144e-01	2.167695e-02	2.709618e-02	1.419403e-01	1.414179e-01	5.505090e-01	7.880752e-01
14680	3.177402e-01	4.782360e-02	2.572282e-02	3.215353e-02	1.684326e-01	1.140162e-01	5.900265e-01	3.431862e-01
8253	6.737765e-01	4.846495e-01	6.828847e-02	8.536058e-02	4.471518e-01	1.925427e-01	3.666531e-01	5.133926e-01
32215	3.617441e-01	9.687096e-01	2.951286e-02	3.689108e-02	1.932498e-01	1.652965e-01	6.964887e-01	8.110770e-01
8926	8.242179e-01	1.889877e-01	2.697117e-02	3.371396e-02	1.766068e-01	1.030487e-01	4.442411e-01	3.714379e-01
18520	6.763123e-01	5.502874e-02	3.868241e-02	4.835302e-02	2.532918e-01	2.503465e-01	2.000394e-01	9.400109e-01
1039	9.660588e-01	3.591363e-01	2.163889e-02	2.704861e-02	1.416911e-01	7.430884e-02	7.288548e-01	7.536905e-01
5570	4.745319e-01	7.297888e-01	4.028020e-02	5.035024e-02	2.637541e-01	1.108224e-01	7.611316e-02	2.821095e-01
11595	5.760783e-01	8.917873e-01	5.890604e-02	7.363255e-02	3.857158e-01	3.740554e-01	3.828525e-01	3.861756e-01
3825	8.716157e-01	8.561180e-01	3.356173e-02	4.195216e-02	2.197617e-01	2.117322e-01	6.592444e-02	6.355871e-01
1922	7.910965e-01	4.397845e-01	2.185586e-02	2.731982e-02	1.431118e-01	1.074969e-01	9.138465e-01	3.262970e-01
29484	9.865476e-02	3.485858e-01	3.359705e-02	4.199631e-02	2.199930e-01	2.022532e-01	6.877834e-01	1.286630e-01
25399	3.839023e-01	3.361678e-01	2.528282e-02	3.160353e-02	1.655515e-01	4.960000e-02	6.268555e-01	8.597817e-01
8078	2.962767e-01	7.308511e-01	2.337777e-02	2.922222e-02	1.530773e-01	7.826864e-02	8.379313e-01	1.830648e-02
31520	8.267783e-01	4.994194e-01	7.448649e-02	9.310811e-02	4.877364e-01	4.877361e-01	1.393902e-01	5.338123e-01
8706	7.266877e-01	9.599560e-02	2.092098e-02	2.615123e-02	1.369903e-01	3.893835e-02	8.423627e-01	1.626211e-01
15198	3.836960e-01	1.307774e-01	2.093216e-02	2.616521e-02	1.370635e-01	1.161168e-01	3.911096e-01	6.598942e-01
22322	6.882094e-01	4.295923e-01	2.505461e-02	3.131827e-02	1.640572e-01	5.138422e-02	3.470905e-01	3.355217e-01
15959	6.141771e-01	3.679880e-01	4.904008e-02	6.130010e-02	3.211137e-01	2.290080e-01	3.051022e-01	4.587123e-02
18870	3.609037e-01	5.757005e-01	5.303481e-02	6.629351e-02	3.472711e-01	1.087103e-01	8.444631e-01	7.220713e-01
9565	4.543567e-01	2.602552e-01	3.805456e-02	4.756820e-02	2.491807e-01	2.484864e-01	7.281986e-01	6.548157e-01
4476	7.317005e-01	1.910803e-01	2.241028e-02	2.801285e-02	1.467421e-01	4.769387e-02	5.639281e-01	3.061145e-01
25532	2.391684e-01	9.475941e-01	2.802006e-02	3.502507e-02	1.834749e-01	1.803540e-01	3.250114e-03	4.895871e-01
16770	8.844275e-01	6.239918e-01	2.698216e-02	3.372770e-02	1.766787e-01	9.030499e-02	2.677723e-01	4.993232e-01
22071	2.047544e-01	2.195212e-01	2.992495e-02	3.740619e-02	1.959481e-01	8.086727e-02	7.477355e-01	7.643962e-01
26534	2.530427e-01	7.739210e-01	2.403268e-02	3.004085e-02	1.573656e-01	1.396498e-01	7.802128e-01	1.119719e-01
16771	2.716162e-01	6.594915e-01	6.460402e-02	8.075503e-02	4.230261e-01	2.176793e-01	7.352483e-02	5.432116e-01
4120	7.563444e-01	7.707375e-01	2.204116e-02	2.755145e-02	1.443252e-01	1.435154e-01	6.173402e-01	3.210365e-01
29364	4.193535e-01	9.381799e-01	2.216322e-02	2.770402e-02	1.451244e-01	1.422388e-01	3.923209e-01	3.949224e-01
24179	3.172319e-01	8.371009e-01	3.408417e-02	4.260521e-02	2.231826e-01	5.798189e-02	3.800663e-01	9.607799e-01
3783	4.375833e-01	5.173332e-01	4.140905e-02	5.176131e-02	2.711458e-01	2.423572e-01	3.620267e-01	4.608397e-01
17135	5.425805e-01	5.814863e-01	4.899427e-02	6.124284e-02	3.208137e-01	2.405491e-01	7.306915e-01	2.745603e-01
18084	2.281256e-01	4.558140e-01	2.285913e-02	2.857391e-02	1.496812e-01	1.296683e-01	3.785902e-01	4.423066e-01
9827	6.101029e-01	6.444304e-01	6.996883e-02	8.746104e-02	4.581548e-01	2.885870e-01	7.930484e-01	6.368486e-01
13234	4.019431e-01	5.004640e-01	2.359136e-02	2.948920e-02	1.544759e-01	1.216622e-01	6.482447e-01	5.807281e-01
24491	6.775784e-01	7.821923e-01	2.117131e-02	2.646413e-02	1.386294e-01	4.707795e-02	9.963074e-01	6.122202e-02
13623	8.178045e-01	7.056033e-01	4.649972e-02	5.812465e-02	3.044794e-01	2.655298e-01	1.878276e-01	2.339006e-01
717	9.078749e-01	1.502974e-01	6.085905e-02	7.607381e-02	3.985041e-01	1.652662e-01	5.796573e-01	4.358316e-01
15412	1.816564e-01	9.199937e-01	4.984275e-02	6.230343e-02	3.263695e-01	1.051587e-01	3.506738e-04	1.637218e-01
25673	9.033382e-01	4.018421e-01	2.205729e-02	2.757161e-02	1.444308e-01	6.585869e-02	3.466104e-01	4.630297e-01
29081	1.576080e-01	4.974207e-01	2.187661e-02	2.734577e-02	1.432477e-01	1.432441e-01	8.391697e-01	1.691945e-01
6612	1.135763e-01	1.304627e-01	3.003006e-02	3.753758e-02	1.966364e-01	1.948930e-01	4.259679e-01	5.850514e-01
11099	6.644615e-01	5.756788e-01	6.291669e-02	7.864586e-02	4.119775e-01	1.421811e-01	6.082405e-01	3.511228e-01
31236	8.069439e-02	2.009900e-01	4.318755e-02	5.398444e-02	2.827914e-01	1.942834e-01	9.253215e-01	6.148157e-01
4706	6.155250e-01	4.906187e-01	2.271794e-02	2.839742e-02	1.487567e-01	3.889214e-02	7.670219e-01	1.661326e-02
19525	8.378434e-01	6.224072e-01	4.507466e-02	5.634333e-02	2.951482e-01	2.753735e-01	5.722786e-02	4.395278e-01
14769	7.328983e-01	9.451520e-01	2.289001e-02	2.861252e-02	1.498834e-01	1.282225e-01	9.455100e-01	8.993725e-01
12743	8.885327e-01	7.068470e-02	2.414356e-02	3.017945e-02	1.580916e-01	1.508968e-01	1.825444e-01	5.499225e-01
6494	9.593356e-01	1.681124e-01	2.933011e-02	3.666264e-02	1.920531e-01	1.606201e-01	3.110610e-01	5.161687e-01
12395	1.816170e-01	5.671042e-02	2.760555e-02	3.450694e-02	1.807607e-01	6.877573e-02	4.562177e-01	2.750305e-01
7844	6.921717e-01	7.505249e-01	3.051683e-02	3.814604e-02	1.998238e-01	1.797136e-01	7.685885e-01	4.781194e-01
14544	5.431900e-01	4.264708e-02	3.035579e-02	3.794473e-02	1.987692e-01	1.197950e-01	1.706236e-02	2.873769e-01
2618	7.840866e-01	6.434384e-01	3.335712e-02	4.169640e-02	2.184219e-01	9.787562e-02	4.936176e-01	2.714797e-02
319	5.503528e-02	7.071283e-01	2.953396e-02	3.691745e-02	1.933879e-01	1.588307e-01	5.589609e-01	1.993035e-01
30025	6.541545e-01	3.251571e-01	3.495478e-02	4.369347e-02	2.288833e-01	2.288269e-01	6.674093e-01	9.755025e-01
10337	3.814308e-01	3.037305e-01	4.170488e-02	5.213110e-02	2.730829e-01	1.202578e-01	7.624436e-01	5.938006e-01
507	2.768039e-01	8.682506e-01	2.951593e-02	3.689491e-02	1.932699e-01	1.927205e-01	2.790796e-01	2.841422e-01
11646	3.787910e-01	8.617858e-01	6.334398e-02	7.917998e-02	4.147754e-01	2.614814e-01	4.030689e-01	4.404637e-01
8417	1.040813e-01	2.955761e-01	2.172041e-02	2.715051e-02	1.422249e-01	1.130824e-01	3.658379e-01	9.376450e-03
19108	7.791967e-02	7.873154e-01	4.021969e-02	5.027461e-02	2.633579e-01	1.101713e-01	9.089489e-01	8.913843e-01
28766	2.982014e-01	7.589040e-01	2.921221e-02	3.651526e-02	1.912811e-01	1.322963e-01	9.832085e-04	1.570539e-01
1362	3.820344e-01	7.468772e-01	5.812597e-02	7.265746e-02	3.806079e-01	3.382785e-01	6.330626e-01	4.251637e-01
28941	4.100621e-01	6.024950e-01	3.471284e-02	4.339105e-02	2.272991e-01	1.265488e-01	3.135152e-01	2.367092e-01
28330	5.657558e-01	7.880629e-01	7.776512e-02	9.720640e-02	5.092048e-01	5.030345e-01	5.076877e-02	1.768786e-01
20651	8.960762e-01	7.582779e-01	4.085748e-02	5.107184e-02	2.675341e-01	1.279942e-01	8.303800e-01	8.953037e-01
