29256	5.944275e-01	2.840498e-01	2.621492e-02	3.276865e-02	1.716549e-01	8.104292e-02	5.119276e-01	9.602446e-01
17872	7.078237e-01	4.479260e-01	7.484539e-02	9.355673e-02	4.900864e-01	3.313517e-01	1.913196e-01	6.462952e-01
10863	9.254047e-01	7.454290e-01	5.727071e-02	7.158838e-02	3.750077e-01	3.371422e-01	4.453980e-01	4.676537e-01
22446	5.672073e-01	1.114529e-01	3.406172e-02	4.257715e-02	2.230356e-01	1.285149e-01	3.370493e-01	5.079630e-01
15888	9.025924e-01	8.700204e-01	4.130857e-02	5.163572e-02	2.704879e-01	1.590892e-01	7.774712e-01	2.434724e-01
5149	8.905984e-01	3.010102e-01	3.210918e-02	4.013648e-02	2.102504e-01	2.099582e-01	5.436284e-01	1.185425e-02
26424	5.210118e-01	3.957717e-01	2.188638e-02	2.735797e-02	1.433116e-01	1.411565e-01	9.325555e-01	5.087126e-01
8285	3.454188e-01	5.259625e-01	2.073022e-02	2.591278e-02	1.357412e-01	1.211733e-01	4.964047e-01	3.367938e-01
3528	1.428943e-01	6.543253e-01	2.079678e-02	2.599597e-02	1.361770e-01	8.030352e-02	7.067619e-01	4.854408e-01
5587	1.478471e-01	9.013645e-01	4.969795e-02	6.212244e-02	3.254214e-01	2.571795e-01	4.808161e-01	7.653865e-01
37	1.628576e-01	2.340432e-01	5.280592e-02	6.600741e-02	3.457724e-01	3.287374e-01	7.301044e-02	9.680994e-01
30346	7.290294e-01	9.789774e-02	4.310204e-02	5.387755e-02	2.822315e-01	2.488713e-01	2.319184e-03	7.558641e-01
14657	9.489286e-01	3.692429e-01	2.089751e-02	2.612189e-02	1.368366e-01	1.152823e-01	3.734430e-01	3.218774e-01
17488	1.742121e-01	9.564002e-01	2.526923e-02	3.158654e-02	1.654626e-01	6.605912e-02	8.227903e-01	9.387285e-01
20691	3.649917e-01	4.345712e-01	2.291424e-02	2.864280e-02	1.500421e-01	5.204755e-02	9.628849e-01	9.335338e-01
3080	2.901509e-01	8.619916e-01	2.432577e-02	3.040722e-02	1.592848e-01	1.244564e-01	5.902304e-01	5.946209e-02
487	3.886440e-01	7.344412e-01	4.325884e-02	5.407355e-02	2.832582e-01	2.822513e-01	5.313168e-01	3.697958e-01
24122	7.943211e-02	5.263469e-01	2.278456e-02	2.848070e-02	1.491930e-01	9.754440e-02	2.814649e-01	1.294955e-01
29339	5.649330e-01	7.151102e-01	3.882547e-02	4.853183e-02	2.542285e-01	2.540778e-01	4.007193e-01	1.787082e-01
30054	2.708670e-01	7.697630e-01	5.265096e-02	6.581370e-02	3.447577e-01	3.073412e-01	5.046599e-02	1.755423e-01
8517	6.845450e-02	3.038039e-01	5.528734e-02	6.910917e-02	3.620206e-01	3.397643e-01	5.331456e-01	6.014311e-01
20851	3.271259e-02	9.051441e-01	3.081145e-02	3.851432e-02	2.017529e-01	1.874360e-01	7.707563e-01	1.571754e-01
10451	3.029404e-01	2.429382e-01	2.402718e-02	3.003397e-02	1.573296e-01	6.526141e-02	8.248528e-01	2.743560e-01
29935	4.986665e-01	9.539637e-01	3.211293e-02	4.014116e-02	2.102750e-01	1.148717e-01	1.063936e-01	5.841679e-01
16669	3.944691e-01	3.627201e-01	4.090884e-02	5.113605e-02	2.678704e-01	2.568645e-01	3.003059e-01	6.027077e-01
5980	4.980741e-01	7.274790e-01	2.507343e-02	3.134179e-02	1.641805e-01	1.641364e-01	5.969651e-01	3.764814e-01
11624	2.244002e-01	4.787459e-01	7.529688e-02	9.412109e-02	4.930428e-01	2.446785e-01	1.936523e-01	4.460730e-01
12012	6.779526e-01	1.820436e-01	5.837592e-02	7.296991e-02	3.822446e-01	3.619446e-01	2.590160e-01	9.221465e-01
16099	4.344416e-01	4.587874e-01	3.003574e-02	3.754468e-02	1.966736e-01	1.233133e-01	4.772242e-01	5.549074e-01
22766	2.874809e-01	3.507625e-01	2.628740e-02	3.285925e-02	1.721295e-01	5.981055e-02	3.025446e-02	5.166361e-01
31191	1.672351e-01	1.248856e-01	2.066235e-02	2.582794e-02	1.352967e-01	7.916564e-02	2.280353e-01	9.224660e-02
25167	4.409086e-01	8.733990e-01	2.394395e-02	2.992994e-02	1.567846e-01	4.151939e-02	9.176153e-02	5.815912e-01
26973	8.162369e-02	1.151893e-01	2.099320e-02	2.624151e-02	1.374632e-01	9.293219e-02	8.577858e-01	3.426446e-01
10422	7.542581e-01	8.449131e-01	2.685965e-02	3.357456e-02	1.758766e-01	1.758520e-01	1.986126e-02	5.855177e-01
7228	3.463232e-01	4.244991e-01	2.244479e-02	2.805599e-02	1.469681e-01	9.422986e-02	5.088722e-01	2.686531e-01
1546	6.043130e-02	6.328362e-01	5.342261e-02	6.677826e-02	3.498104e-01	3.466451e-01	7.852786e-01	2.573807e-01
27842	3.711507e-01	5.388514e-01	2.149074e-02	2.686343e-02	1.407211e-01	1.406129e-01	9.564454e-01	3.565016e-01
17057	1.380096e-01	5.097671e-01	3.612976e-02	4.516220e-02	2.365771e-01	1.649812e-01	8.123519e-01	3.270141e-01
7150	7.869623e-01	1.700922e-01	2.278224e-02	2.847780e-02	1.491777e-01	6.884120e-02	6.756630e-01	7.502641e-01
12028	1.463890e-01	7.601939e-01	3.935682e-02	4.919602e-02	2.577078e-01	2.208689e-01	3.541805e-01	7.041536e-01
3378	8.062039e-01	2.012086e-01	3.148348e-02	3.935435e-02	2.061533e-01	5.940470e-02	9.102332e-01	8.796148e-01
2333	5.311443e-01	4.596832e-01	2.439667e-02	3.049584e-02	1.597490e-01	9.098988e-02	2.026910e-01	6.599487e-01
26388	7.044386e-01	7.729253e-01	2.763197e-02	3.453996e-02	1.809337e-01	1.800561e-01	2.728352e-01	8.341105e-01
10627	6.116797e-01	1.076032e-01	4.442339e-02	5.552924e-02	2.908837e-01	1.260720e-01	2.784905e-01	5.845796e-01
1273	5.677959e-01	3.630975e-01	3.106165e-02	3.882707e-02	2.033912e-01	2.014423e-01	6.064424e-01	6.833980e-01
809	7.955078e-01	5.981714e-01	2.214128e-02	2.767660e-02	1.449808e-01	1.376605e-01	2.582368e-01	1.380612e-01
12685	9.251295e-01	4.997393e-01	3.939085e-02	4.923856e-02	2.579307e-01	2.056368e-01	4.672460e-01	9.579020e-02
3746	6.696893e-01	5.088170e-02	3.305056e-02	4.131320e-02	2.164146e-01	9.328855e-02	2.441528e-01	6.272927e-01
17566	6.146978e-01	1.622276e-01	4.142703e-02	5.178378e-02	2.712635e-01	1.042621e-01	2.302037e-01	7.141480e-01
25353	7.386150e-01	9.127163e-01	3.785576e-02	4.731970e-02	2.478790e-01	1.420589e-01	9.349907e-01	4.988718e-01
13290	4.002508e-01	2.117211e-01	2.127394e-02	2.659242e-02	1.393014e-01	1.029338e-01	2.925644e-01	1.363165e-01
4662	5.969859e-01	3.156800e-01	2.166804e-02	2.708504e-02	1.418820e-01	9.056144e-02	1.053189e-01	5.640817e-01
32159	6.259953e-01	9.072836e-01	2.443795e-02	3.054744e-02	1.600193e-01	1.540751e-01	5.389445e-01	4.384970e-01
24118	5.826316e-01	4.321278e-01	4.302739e-02	5.378424e-02	2.817427e-01	2.724515e-01	2.260282e-01	1.238643e-01
192	1.887086e-01	6.059798e-01	3.801131e-02	4.751413e-02	2.488975e-01	2.461935e-01	4.042555e-01	2.622051e-01
10043	8.955884e-01	2.237626e-01	2.554649e-02	3.193311e-02	1.672780e-01	8.590998e-02	2.531393e-01	6.701351e-01
998	3.303697e-01	6.034467e-01	2.931090e-02	3.663862e-02	1.919273e-01	1.871519e-01	3.500039e-01	7.591318e-01
11629	7.973290e-01	4.850050e-01	3.110628e-02	3.888285e-02	2.036834e-01	9.315484e-02	9.108637e-01	7.831177e-02
6991	6.864930e-01	6.956558e-01	4.300160e-02	5.375200e-02	2.815738e-01	2.804455e-01	6.279618e-01	7.286316e-01
10031	6.496702e-01	9.554531e-01	2.393827e-02	2.992284e-02	1.567474e-01	7.480494e-02	8.276760e-01	5.627586e-01
25770	6.398909e-01	7.996302e-01	5.252051e-02	6.565064e-02	3.439035e-01	1.831072e-01	7.079426e-01	4.706942e-01
10186	4.481719e-01	1.863397e-01	6.123879e-02	7.654848e-02	4.009906e-01	2.124374e-01	1.591221e-01	7.562453e-01
29114	3.253412e-01	6.985319e-01	2.841123e-02	3.551404e-02	1.860363e-01	1.624816e-01	1.008951e-01	9.019198e-02
14219	6.849940e-01	9.040270e-01	3.252512e-02	4.065640e-02	2.129740e-01	1.078588e-01	2.523651e-01	4.744754e-01
7078	2.754677e-01	5.780572e-01	7.405039e-02	9.256298e-02	4.848808e-01	1.765984e-01	2.065493e-01	1.293165e-01
14031	5.984014e-01	6.864962e-01	4.972157e-02	6.215196e-02	3.255761e-01	1.104131e-01	3.723391e-01	4.232906e-01
30313	7.387238e-01	7.167456e-01	2.079949e-02	2.599936e-02	1.361947e-01	1.181534e-01	7.169149e-01	1.376769e-01
982	3.829078e-01	9.195655e-02	2.612540e-02	3.265675e-02	1.710687e-01	1.187735e-01	8.811579e-01	3.098113e-01
8038	4.792314e-01	2.815575e-01	2.878187e-02	3.597734e-02	1.884632e-01	7.899224e-02	3.304187e-01	5.423770e-01
2972	7.617390e-01	5.001522e-01	2.224454e-02	2.780567e-02	1.456569e-01	5.860488e-02	7.765701e-01	6.672560e-01
5692	1.984734e-01	3.908240e-01	3.998049e-02	4.997561e-02	2.617916e-01	9.725641e-02	1.171722e-01	4.880092e-01
14833	4.156942e-01	9.292890e-01	2.230814e-02	2.788517e-02	1.460733e-01	5.539638e-02	8.569455e-01	1.410482e-01
