12036	5.047124e-01	6.207238e-01	2.061645e-02	2.577057e-02	1.349962e-01	1.336560e-01	8.999245e-02	8.661066e-01
21705	6.003327e-01	5.329919e-01	4.234596e-02	5.293245e-02	2.772807e-01	2.552483e-01	6.725350e-01	2.188694e-01
32240	6.992427e-01	9.688789e-01	2.195147e-02	2.743933e-02	1.437379e-01	1.033562e-01	6.183951e-01	5.367355e-01
22278	8.391205e-01	3.974658e-01	3.519553e-02	4.399441e-02	2.304598e-01	1.533520e-01	6.968237e-01	4.929016e-01
28742	5.072649e-01	1.435601e-01	2.287189e-02	2.858986e-02	1.497648e-01	1.385095e-01	5.308402e-01	5.084059e-01
3602	8.686682e-01	8.656408e-01	3.503574e-02	4.379468e-02	2.294135e-01	6.030034e-02	9.261119e-01	6.869716e-01
12184	6.579039e-01	1.240014e-01	2.431203e-02	3.039004e-02	1.591948e-01	9.062589e-02	4.813123e-01	4.822382e-01
22822	9.308074e-01	8.889263e-01	4.520197e-02	5.650247e-02	2.959818e-01	1.558052e-01	2.306910e-01	3.935076e-02
10206	7.856992e-01	6.374512e-02	3.926169e-02	4.907711e-02	2.570849e-01	1.073091e-01	7.584455e-02	3.741310e-01
31548	4.778899e-01	5.069893e-02	2.695945e-02	3.369931e-02	1.765300e-01	1.311045e-01	5.011637e-01	3.284447e-01
343	8.823645e-01	6.671168e-01	3.667417e-02	4.584271e-02	2.401419e-01	1.103421e-01	1.811485e-02	3.659518e-01
6192	3.561154e-01	8.864697e-02	2.676083e-02	3.345104e-02	1.752295e-01	1.751508e-01	2.520819e-01	8.581068e-01
7831	2.888581e-01	1.054143e-01	2.761253e-02	3.451566e-02	1.808064e-01	6.079667e-02	5.215774e-01	5.356334e-01
12825	6.688683e-01	9.487291e-01	3.479045e-02	4.348806e-02	2.278073e-01	1.930991e-01	7.298890e-02	3.924210e-01
15811	2.274393e-01	3.196106e-01	2.226312e-02	2.782890e-02	1.457786e-01	4.705401e-02	3.845366e-01	4.831155e-01
31323	4.889764e-01	4.675776e-01	3.262887e-02	4.078609e-02	2.136533e-01	1.283856e-01	7.846851e-01	2.030344e-01
1639	3.100199e-01	4.187928e-01	7.817089e-02	9.771361e-02	5.118618e-01	4.770039e-01	5.915960e-01	3.602471e-01
12068	6.876521e-01	6.752970e-01	3.756822e-02	4.696028e-02	2.459961e-01	2.045885e-01	7.260972e-01	6.452916e-02
21439	8.940628e-01	5.382931e-01	3.059319e-02	3.824149e-02	2.003238e-01	1.285060e-01	9.231662e-01	8.261885e-01
22480	2.573469e-01	1.059614e-01	3.599549e-02	4.499436e-02	2.356979e-01	2.155292e-01	8.940339e-01	5.307254e-01
32655	3.273822e-01	5.363781e-01	2.443724e-02	3.054655e-02	1.600147e-01	7.992374e-02	1.403135e-01	4.411501e-01
4553	3.132251e-01	1.555782e-01	2.624725e-02	3.280906e-02	1.718666e-01	1.179591e-01	8.293676e-01	7.844502e-01
12757	7.487025e-01	2.396958e-01	4.279753e-02	5.349691e-02	2.802375e-01	1.371906e-01	5.837959e-01	5.042206e-01
13837	4.768296e-01	7.451665e-01	2.150679e-02	2.688349e-02	1.408262e-01	5.215907e-02	1.796445e-01	8.956100e-01
20764	7.343903e-01	3.463748e-01	5.218672e-02	6.523340e-02	3.417178e-01	1.148697e-01	6.306803e-01	5.752190e-01
12544	6.605845e-01	3.620091e-01	5.830806e-02	7.288507e-02	3.818003e-01	2.442494e-01	1.076392e-01	5.955159e-01
7760	2.614820e-01	5.880384e-01	2.235979e-02	2.794974e-02	1.464116e-01	1.328827e-01	2.149616e-01	5.232274e-01
7342	4.722946e-01	4.207364e-01	5.427236e-02	6.784045e-02	3.553746e-01	3.377445e-01	2.524392e-01	2.173353e-01
9090	1.429167e-01	5.220904e-01	2.566086e-02	3.207607e-02	1.680269e-01	6.856722e-02	5.895836e-01	2.711422e-01
5950	6.349780e-01	9.107494e-02	2.313560e-02	2.891950e-02	1.514916e-01	1.393233e-01	1.185558e-01	6.388375e-01
15770	3.687382e-01	7.912477e-01	4.244121e-02	5.305151e-02	2.779044e-01	1.799660e-01	2.269590e-01	9.137377e-01
17955	9.341178e-02	6.601117e-01	6.407454e-02	8.009317e-02	4.195591e-01	3.612641e-01	3.567472e-02	8.884421e-01
14598	4.489008e-01	1.417156e-01	4.696272e-02	5.870340e-02	3.075112e-01	2.259113e-01	2.461831e-01	9.405624e-01
28321	8.829421e-01	1.544878e-01	6.923724e-02	8.654655e-02	4.533644e-01	2.235851e-01	4.008703e-01	8.970751e-02
26426	7.632196e-01	4.444635e-01	2.093538e-02	2.616923e-02	1.370846e-01	1.121512e-01	6.714368e-01	4.685296e-02
7620	1.538575e-01	2.352078e-01	2.278468e-02	2.848084e-02	1.491937e-01	1.491817e-01	2.537339e-01	5.668112e-01
6653	3.814393e-01	1.170491e-01	2.728210e-02	3.410263e-02	1.786428e-01	1.027984e-01	6.410682e-01	4.107317e-01
1104	5.356077e-01	8.213234e-02	4.278140e-02	5.347675e-02	2.801320e-01	2.601775e-01	8.665498e-01	2.038709e-01
3142	6.844823e-01	1.422646e-01	2.337707e-02	2.922134e-02	1.530727e-01	1.399963e-01	6.652301e-02	5.440473e-01
16659	8.386745e-01	7.080496e-01	3.295565e-02	4.119456e-02	2.157931e-01	2.020496e-01	4.225494e-01	7.883979e-01
11895	9.343608e-01	6.708771e-01	2.358712e-02	2.948390e-02	1.544481e-01	6.535949e-02	2.125993e-01	4.322340e-01
11620	6.875192e-01	7.875238e-01	2.510304e-02	3.137881e-02	1.643743e-01	1.628822e-01	6.710009e-01	7.544991e-01
30968	2.163983e-01	3.894143e-01	3.684114e-02	4.605142e-02	2.412352e-01	1.109041e-01	8.069378e-01	8.510141e-02
2919	2.522714e-01	2.057589e-01	2.142110e-02	2.677638e-02	1.402651e-01	1.109570e-01	4.893186e-01	1.040975e-01
18909	4.886738e-01	7.783111e-01	3.171124e-02	3.963906e-02	2.076447e-01	1.990482e-01	2.971627e-01	3.310553e-01
31033	1.779607e-01	3.048967e-01	2.094235e-02	2.617794e-02	1.371302e-01	1.232846e-01	4.611560e-01	5.154765e-01
14203	3.813004e-01	6.715844e-01	3.701995e-02	4.627493e-02	2.424060e-01	1.847920e-01	3.380532e-01	7.445687e-01
28129	1.056385e-01	8.521296e-01	3.010726e-02	3.763407e-02	1.971419e-01	1.712387e-01	9.069475e-01	8.884083e-01
20159	5.185023e-01	2.310715e-01	5.900128e-02	7.375161e-02	3.863395e-01	2.273330e-01	3.999333e-01	7.796375e-01
10982	6.806594e-01	3.007807e-01	3.039759e-02	3.799699e-02	1.990430e-01	1.909564e-01	7.061810e-03	4.330461e-01
5098	7.272005e-01	5.246853e-01	3.624108e-02	4.530135e-02	2.373060e-01	2.362133e-01	5.067672e-01	7.138584e-01
5658	2.738777e-01	5.087266e-01	5.035244e-02	6.294055e-02	3.297070e-01	1.849379e-01	4.789024e-01	8.302582e-01
1803	5.086562e-01	7.242779e-01	2.511650e-02	3.139562e-02	1.644624e-01	1.540759e-01	6.642934e-02	5.393013e-01
21759	1.787321e-01	4.918307e-01	3.945693e-02	4.932116e-02	2.583634e-01	1.660600e-01	3.179139e-01	2.327821e-01
12120	7.573203e-01	6.304147e-01	6.294806e-02	7.868508e-02	4.121829e-01	1.834684e-01	7.876949e-01	7.924993e-02
30295	7.235166e-01	8.579303e-01	3.290483e-02	4.113104e-02	2.154603e-01	7.335621e-02	4.457712e-01	4.801140e-01
26885	7.809924e-02	1.055042e-01	2.335903e-02	2.919878e-02	1.529546e-01	1.105074e-01	6.955124e-01	1.011701e-01
25973	8.953506e-01	6.033882e-01	3.785658e-02	4.732072e-02	2.478843e-01	2.330324e-01	3.929980e-01	7.002891e-01
29590	2.050733e-01	1.844135e-01	4.513765e-02	5.642207e-02	2.955607e-01	2.885240e-01	3.510989e-01	5.436948e-01
18129	2.141955e-01	8.664191e-01	2.065910e-02	2.582388e-02	1.352755e-01	1.057339e-01	6.431165e-01	9.452487e-01
4956	7.827811e-01	7.745106e-01	3.703665e-02	4.629581e-02	2.425154e-01	1.691861e-01	4.118226e-01	8.126230e-01
8859	2.083991e-01	7.703082e-01	3.785973e-02	4.732466e-02	2.479049e-01	1.179879e-01	1.265925e-01	3.556411e-01
27169	5.730902e-01	2.081030e-01	3.719327e-02	4.649159e-02	2.435410e-01	2.111831e-01	1.805112e-01	2.586629e-02
29375	4.274608e-02	2.177659e-01	2.117524e-02	2.646905e-02	1.386552e-01	1.318398e-01	2.325105e-01	3.120291e-01
9398	2.605183e-01	7.429484e-01	2.964050e-02	3.705063e-02	1.940855e-01	1.921173e-01	5.116466e-02	2.957732e-01
12135	8.903555e-01	7.976147e-01	2.828049e-02	3.535061e-02	1.851802e-01	8.653155e-02	2.984990e-02	3.753046e-01
1366	4.784584e-01	3.243915e-01	4.123462e-02	5.154327e-02	2.700036e-01	2.602948e-01	8.201235e-01	3.497073e-01
19500	1.740009e-01	7.356486e-01	2.950106e-02	3.687633e-02	1.931725e-01	1.568899e-01	1.427742e-01	5.918193e-01
23821	3.510802e-01	7.243958e-01	2.671261e-02	3.339076e-02	1.749137e-01	1.322352e-01	6.409975e-01	4.934254e-01
18426	9.937911e-02	7.425948e-01	2.793054e-02	3.491318e-02	1.828887e-01	1.078660e-01	5.294274e-01	4.499539e-01
15382	2.101916e-01	9.098899e-01	2.729135e-02	3.411419e-02	1.787033e-01	9.352037e-02	5.936049e-01	8.145952e-01
6793	9.029391e-01	9.115043e-01	2.329746e-02	2.912182e-02	1.525514e-01	1.484819e-01	3.765495e-02	3.105711e-01
23806	2.280162e-01	7.804167e-02	2.761269e-02	3.451586e-02	1.808074e-01	1.509614e-01	9.822595e-01	2.289616e-01
3278	8.452181e-01	3.345856e-01	3.657356e-02	4.571695e-02	2.394831e-01	1.340222e-01	1.629315e-01	1.285111e-01
23822	6.099427e-01	3.922948e-01	2.382590e-02	2.978238e-02	1.560117e-01	1.544042e-01	5.897079e-01	7.675820e-01
7750	4.586423e-01	8.724886e-01	4.583804e-02	5.729755e-02	3.001468e-01	3.001295e-01	7.759697e-01	7.867541e-01
31177	1.215942e-01	3.244412e-01	7.417335e-02	9.271669e-02	4.856859e-01	1.807802e-01	8.809555e-01	6.604814e-01
30813	3.558984e-01	8.649886e-01	4.098722e-02	5.123402e-02	2.683836e-01	1.911863e-01	4.343847e-01	8.217201e-01
19683	8.118218e-01	5.946957e-01	5.124538e-02	6.405673e-02	3.355540e-01	2.237533e-01	3.839394e-01	1.961565e-01
