29644	7.074689e-01	4.458854e-01	2.083092e-02	2.603865e-02	1.364005e-01	7.063691e-02	4.154658e-01	6.556383e-01
31407	6.807948e-01	7.683787e-01	3.545432e-02	4.431791e-02	2.321544e-01	1.090831e-01	9.014604e-01	2.540764e-02
3072	4.948181e-01	7.472388e-02	4.301595e-02	5.376994e-02	2.816678e-01	2.800310e-01	7.045151e-01	9.862937e-01
3814	9.119851e-01	8.913992e-01	2.282609e-02	2.853261e-02	1.494649e-01	1.145986e-01	7.844101e-02	2.443262e-01
7192	2.887638e-01	9.448363e-01	3.641755e-02	4.552194e-02	2.384615e-01	1.464267e-01	3.328428e-02	4.233093e-01
26242	8.402345e-01	2.088881e-01	2.788583e-02	3.485728e-02	1.825960e-01	1.337226e-01	5.747609e-01	8.734777e-01
28548	8.382876e-01	8.379672e-02	2.191319e-02	2.739149e-02	1.434872e-01	1.388428e-01	4.229393e-01	1.668691e-02
26201	5.115941e-01	6.219381e-01	6.622392e-02	8.277990e-02	4.336332e-01	1.352993e-01	3.030933e-01	6.036930e-01
18994	2.783899e-01	3.447710e-01	2.458930e-02	3.073663e-02	1.610104e-01	7.537319e-02	6.867809e-01	7.692287e-01
27988	4.841765e-01	5.415553e-01	2.179154e-02	2.723942e-02	1.426906e-01	1.069537e-01	7.804170e-01	8.087019e-01
8403	1.047820e-01	6.357047e-01	2.506221e-02	3.132776e-02	1.641070e-01	1.042642e-01	1.476420e-01	9.720214e-02
28830	8.297549e-01	6.609918e-01	7.027146e-02	8.783933e-02	4.601364e-01	4.355898e-01	6.358327e-02	4.064775e-01
24905	7.303231e-01	4.222910e-01	3.948400e-02	4.935500e-02	2.585406e-01	8.653296e-02	5.855260e-02	5.354264e-01
30411	2.649682e-01	3.089783e-02	2.506042e-02	3.132552e-02	1.640952e-01	1.366319e-01	2.557304e-01	9.654276e-01
17534	8.064825e-01	3.963515e-01	2.419187e-02	3.023984e-02	1.584080e-01	1.345554e-01	9.185574e-01	1.110208e-02
26916	1.858720e-01	4.302177e-01	2.943343e-02	3.679179e-02	1.927296e-01	1.775119e-01	2.579937e-01	2.991546e-01
32645	5.106185e-01	1.949560e-01	5.886997e-02	7.358746e-02	3.854796e-01	3.461189e-01	4.495002e-03	3.551062e-01
15653	6.135276e-01	1.627792e-01	2.807294e-02	3.509118e-02	1.838212e-01	1.632182e-01	4.933812e-02	4.281820e-01
2430	2.914818e-01	6.168862e-01	2.594626e-02	3.243283e-02	1.698957e-01	1.365415e-01	9.597455e-01	4.480777e-01
30729	6.295960e-01	7.689348e-02	4.540884e-02	5.676105e-02	2.973364e-01	1.100533e-01	3.914290e-01	7.745899e-01
23144	8.804802e-01	2.732346e-01	5.427179e-02	6.783974e-02	3.553709e-01	3.463564e-01	5.725276e-01	2.456763e-01
11499	6.661287e-01	5.210023e-02	2.715716e-02	3.394645e-02	1.778247e-01	1.776082e-01	9.361974e-01	9.785833e-01
25280	7.665768e-02	1.250708e-01	3.046310e-02	3.807887e-02	1.994719e-01	1.895567e-01	8.796265e-01	4.395730e-01
13187	2.557371e-01	1.795743e-01	4.139825e-02	5.174781e-02	2.710751e-01	2.599201e-01	8.472790e-01	2.043003e-01
9082	5.376067e-01	4.498155e-01	6.100728e-02	7.625910e-02	3.994747e-01	1.855529e-01	6.133126e-01	6.309635e-01
5706	3.842703e-01	9.158353e-01	3.138619e-02	3.923273e-02	2.055163e-01	1.722554e-01	8.141948e-01	7.424931e-01
26676	6.485818e-02	4.407990e-01	4.814530e-02	6.018163e-02	3.152547e-01	2.562938e-01	5.403822e-02	7.389305e-01
4916	8.235303e-01	9.491813e-01	2.502193e-02	3.127742e-02	1.638432e-01	5.966748e-02	7.666052e-02	1.848082e-01
20060	6.643673e-02	7.939981e-01	2.541505e-02	3.176882e-02	1.664174e-01	1.353750e-01	4.633421e-01	9.429025e-01
3414	5.781382e-01	6.936620e-01	2.244325e-02	2.805407e-02	1.469581e-01	7.202715e-02	5.543724e-01	6.938805e-01
11980	8.201736e-01	2.986937e-01	2.520448e-02	3.150560e-02	1.650385e-01	8.410345e-02	5.325830e-01	8.211307e-01
13830	4.082044e-01	5.212859e-01	2.911780e-02	3.639725e-02	1.906629e-01	1.706960e-01	5.432637e-01	7.896487e-01
21666	1.499617e-01	8.503674e-01	2.069754e-02	2.587192e-02	1.355272e-01	1.171320e-01	9.451190e-01	3.357464e-01
12427	3.245829e-01	8.956903e-01	3.291455e-02	4.114319e-02	2.155240e-01	1.961297e-01	4.997752e-01	9.866181e-01
17277	6.613455e-01	2.661318e-01	2.184217e-02	2.730272e-02	1.430222e-01	1.379426e-01	6.536927e-01	3.964203e-01
11241	7.720239e-01	7.611336e-01	4.641520e-02	5.801900e-02	3.039260e-01	8.747371e-02	8.179036e-01	7.960665e-01
25377	5.777363e-01	1.330237e-01	3.678962e-02	4.598703e-02	2.408979e-01	2.312439e-01	1.597811e-01	5.721596e-01
28504	1.902353e-01	2.987910e-01	3.675791e-02	4.594739e-02	2.406902e-01	2.169060e-01	4.638030e-01	9.927209e-01
11758	2.558125e-01	3.366287e-01	4.521595e-02	5.651994e-02	2.960734e-01	9.511168e-02	5.124361e-01	1.381672e-01
16732	2.213262e-01	4.981383e-01	3.998310e-02	4.997888e-02	2.618087e-01	1.108256e-01	9.276647e-02	9.411655e-01
10789	9.140363e-01	6.152681e-02	3.563873e-02	4.454841e-02	2.333618e-01	1.187986e-01	9.466238e-01	2.625847e-01
4802	8.281438e-01	1.451876e-01	2.172998e-02	2.716248e-02	1.422876e-01	1.386934e-01	2.658331e-01	1.885227e-01
3736	9.382842e-01	6.566784e-01	2.613083e-02	3.266353e-02	1.711042e-01	1.666432e-01	6.479380e-01	1.145151e-01
6780	4.616802e-01	3.641936e-01	3.054940e-02	3.818675e-02	2.000370e-01	1.079875e-01	3.937897e-01	6.631694e-01
7548	4.444193e-01	4.088492e-01	2.654408e-02	3.318010e-02	1.738102e-01	1.737082e-01	8.100484e-01	1.458834e-01
17437	3.626609e-01	3.898277e-01	2.793042e-02	3.491303e-02	1.828880e-01	1.169641e-01	8.807757e-01	3.331025e-01
9841	6.694721e-01	8.556103e-02	4.761873e-02	5.952342e-02	3.118067e-01	1.332490e-01	9.885173e-01	8.800633e-01
13287	2.801576e-01	8.953340e-01	2.462873e-02	3.078592e-02	1.612686e-01	1.244703e-01	6.644378e-01	4.321815e-02
25774	6.906500e-02	8.909726e-01	2.063564e-02	2.579455e-02	1.351218e-01	1.344941e-01	4.878177e-01	2.459118e-01
27000	3.014952e-01	7.127482e-01	3.644485e-02	4.555606e-02	2.386403e-01	2.116738e-01	6.480489e-01	9.721086e-01
25514	3.801368e-01	8.638867e-01	2.218748e-02	2.773435e-02	1.452833e-01	1.300793e-01	5.757323e-01	9.835570e-01
22035	2.506115e-01	7.755550e-01	3.341631e-02	4.177038e-02	2.188095e-01	2.187955e-01	9.446948e-01	5.284354e-01
29558	6.616468e-01	7.071665e-01	2.132328e-02	2.665410e-02	1.396245e-01	1.258800e-01	2.387320e-01	9.925987e-02
15159	9.587142e-02	3.220673e-01	3.066540e-02	3.833176e-02	2.007966e-01	1.258381e-01	8.217296e-02	3.378347e-01
175	4.782795e-01	9.459731e-01	2.465495e-02	3.081868e-02	1.614402e-01	1.169448e-01	7.849981e-01	8.897086e-01
21719	8.478742e-01	7.837902e-01	4.307657e-02	5.384571e-02	2.820647e-01	2.760830e-01	5.514237e-01	9.158559e-01
1275	5.702321e-01	8.264483e-01	2.200122e-02	2.750152e-02	1.440636e-01	1.439732e-01	4.567903e-01	7.598030e-01
19657	3.678804e-01	2.861924e-01	3.463209e-02	4.329011e-02	2.267704e-01	1.892410e-01	5.036691e-01	2.708600e-01
27193	6.018507e-01	7.236790e-01	3.213990e-02	4.017488e-02	2.104516e-01	1.827342e-01	8.901134e-01	2.256843e-01
23259	4.074162e-01	8.395340e-02	5.401308e-02	6.751636e-02	3.536768e-01	3.210246e-01	8.753427e-01	5.659674e-01
7516	5.506824e-01	8.114340e-02	2.352087e-02	2.940109e-02	1.540143e-01	8.831780e-02	2.531983e-01	8.735479e-01
24401	1.873778e-01	5.693461e-01	3.242578e-02	4.053222e-02	2.123235e-01	1.752847e-01	6.738861e-01	9.868947e-02
23026	6.880201e-01	9.135698e-01	3.580154e-02	4.475192e-02	2.344279e-01	6.653507e-02	7.395350e-01	1.276962e-01
12804	8.863756e-01	8.507767e-01	3.310476e-02	4.138095e-02	2.167695e-01	2.046808e-01	8.928668e-01	6.654703e-02
27946	9.242824e-01	6.881959e-01	2.486766e-02	3.108458e-02	1.628331e-01	1.608917e-01	2.895132e-01	6.472686e-01
22982	1.882050e-01	1.835784e-01	3.639259e-02	4.549073e-02	2.382981e-01	2.252176e-01	3.689247e-01	2.966963e-01
474	6.967565e-01	1.945315e-01	2.064276e-02	2.580345e-02	1.351685e-01	1.159292e-01	9.376995e-01	6.083157e-01
27690	3.201086e-01	3.921129e-01	4.298602e-02	5.373252e-02	2.814718e-01	2.791507e-01	3.177952e-01	5.246312e-01
13964	5.089142e-01	8.187948e-01	3.526306e-02	4.407882e-02	2.309020e-01	1.775058e-01	8.177138e-02	1.000315e-01
15521	1.054579e-01	8.339918e-02	3.483018e-02	4.353772e-02	2.280675e-01	1.803522e-01	3.302792e-01	7.747277e-01
29293	9.481849e-01	4.526156e-01	3.175196e-02	3.968995e-02	2.079113e-01	9.126003e-02	6.171574e-01	1.131326e-01
9138	9.019086e-01	7.629459e-01	2.383189e-02	2.978987e-02	1.560509e-01	5.628762e-02	7.918742e-02	2.515124e-01
9201	7.766985e-02	6.484825e-01	4.394610e-02	5.493262e-02	2.877584e-01	7.986466e-02	5.733890e-01	8.972645e-01
28198	4.429370e-01	6.668127e-01	5.107108e-02	6.383884e-02	3.344126e-01	1.458950e-01	7.392460e-01	1.573495e-01
3136	9.051128e-01	6.123538e-01	2.481501e-02	3.101877e-02	1.624883e-01	1.027398e-01	1.803045e-01	7.235249e-01
