9029	2.664116e-01	8.080091e-02	6.009563e-02	7.511954e-02	3.935052e-01	1.485370e-01	3.131826e-01	3.279867e-01
10961	7.885558e-01	7.481372e-01	7.757494e-02	9.696868e-02	5.079595e-01	2.866534e-01	3.088337e-01	7.682549e-01
14414	8.400528e-01	8.638611e-02	2.257502e-02	2.821877e-02	1.478209e-01	1.477217e-01	2.326552e-01	9.336604e-01
4545	8.564173e-01	8.673660e-01	3.594514e-02	4.493143e-02	2.353682e-01	1.502707e-01	1.188555e-01	3.951040e-03
13671	9.334361e-01	7.772534e-01	4.199655e-02	5.249568e-02	2.749927e-01	2.629940e-01	5.031132e-02	7.316707e-01
3138	3.878190e-01	4.482047e-01	6.515706e-02	8.144632e-02	4.266474e-01	1.510549e-01	4.780406e-02	1.938130e-01
3579	1.621947e-01	5.591928e-01	4.689483e-02	5.861853e-02	3.070666e-01	2.798760e-01	3.138640e-01	5.615225e-01
58	5.901200e-01	1.659125e-01	3.461932e-02	4.327415e-02	2.266868e-01	2.262289e-01	3.440908e-01	3.313874e-02
8092	6.537582e-01	4.604766e-01	7.705902e-02	9.632378e-02	5.045813e-01	4.453827e-01	7.649554e-01	6.258458e-01
15328	4.191649e-01	4.130159e-01	4.450490e-02	5.563112e-02	2.914174e-01	1.325580e-01	3.103171e-01	9.452658e-01
25929	5.293238e-01	3.312696e-01	4.321349e-02	5.401686e-02	2.829612e-01	2.247744e-01	1.249724e-01	7.585072e-01
22563	1.763552e-01	4.455514e-01	5.682407e-02	7.103008e-02	3.720831e-01	1.367146e-01	9.931526e-01	2.460202e-01
6506	5.585778e-01	3.790844e-01	3.837188e-02	4.796485e-02	2.512585e-01	9.413857e-02	4.167427e-01	4.216256e-01
23453	8.729778e-01	9.496166e-01	3.514737e-02	4.393421e-02	2.301444e-01	8.386441e-02	3.830201e-01	6.509025e-01
18195	7.195683e-02	5.868245e-01	3.395031e-02	4.243788e-02	2.223061e-01	1.495662e-01	7.734365e-01	2.435980e-01
27325	5.972692e-01	2.213437e-01	3.514538e-02	4.393172e-02	2.301314e-01	1.821370e-01	8.037233e-01	7.249431e-01
17609	8.783305e-02	6.787006e-01	4.037729e-02	5.047162e-02	2.643899e-01	2.491044e-01	2.123942e-01	4.112719e-01
12442	1.117548e-01	6.001404e-01	2.377359e-02	2.971699e-02	1.556691e-01	1.550485e-01	7.161121e-02	9.227386e-01
17550	3.010418e-01	9.109872e-01	3.897307e-02	4.871633e-02	2.551950e-01	2.175980e-01	6.836630e-01	3.758118e-01
7025	1.378490e-01	1.243187e-01	2.103212e-02	2.629015e-02	1.377180e-01	8.161914e-02	7.606595e-01	3.842261e-01
2039	3.620375e-01	7.103998e-01	3.203526e-02	4.004407e-02	2.097664e-01	2.012222e-01	3.783521e-01	9.636177e-01
30363	4.716558e-01	8.517375e-01	2.564468e-02	3.205585e-02	1.679210e-01	5.046961e-02	8.758076e-01	8.696217e-01
28295	1.563891e-01	3.651623e-01	6.322817e-02	7.903521e-02	4.140171e-01	3.809552e-01	8.444044e-01	3.981571e-01
13539	2.338582e-01	8.001379e-01	2.304718e-02	2.880898e-02	1.509126e-01	8.319413e-02	4.515561e-01	6.735814e-01
6803	7.403873e-01	8.609466e-01	2.843573e-02	3.554466e-02	1.861967e-01	1.723234e-01	3.978370e-01	8.452707e-01
22933	5.502897e-01	9.686060e-01	2.216761e-02	2.770951e-02	1.451531e-01	1.414631e-01	3.893092e-01	2.778836e-01
20183	3.660693e-01	1.012989e-01	3.485183e-02	4.356479e-02	2.282093e-01	1.958307e-01	2.766692e-02	7.054958e-01
14372	8.037553e-01	2.091925e-01	5.048532e-02	6.310665e-02	3.305771e-01	2.279444e-01	8.753589e-01	8.260018e-02
6192	4.010067e-01	6.963049e-02	3.877362e-02	4.846702e-02	2.538891e-01	9.712296e-02	5.347285e-01	6.342475e-01
11160	6.550561e-01	4.475592e-02	4.046364e-02	5.057955e-02	2.649553e-01	2.625874e-01	4.654037e-01	9.339866e-01
8066	4.392186e-01	7.890900e-01	5.602673e-02	7.003341e-02	3.668621e-01	3.555745e-01	4.855684e-01	8.438968e-01
3432	5.917639e-01	3.505118e-01	2.558035e-02	3.197543e-02	1.674997e-01	1.263421e-01	6.997911e-01	4.506263e-01
24019	3.674906e-01	6.191655e-01	2.528009e-02	3.160011e-02	1.655336e-01	1.526282e-01	6.900308e-01	9.763811e-02
4388	6.351240e-01	1.796385e-01	3.206210e-02	4.007762e-02	2.099421e-01	1.354355e-01	6.092636e-01	9.767151e-01
24711	1.786559e-01	8.005153e-01	3.606662e-02	4.508328e-02	2.361637e-01	1.129035e-01	7.855212e-01	3.252804e-01
26636	8.722616e-01	1.602122e-01	2.377821e-02	2.972276e-02	1.556993e-01	1.537053e-01	6.221189e-01	4.540618e-01
19418	7.737962e-01	3.434981e-01	2.848695e-02	3.560868e-02	1.865321e-01	1.629655e-01	9.455138e-01	1.600583e-01
2446	7.023273e-01	7.921621e-01	3.443229e-02	4.304037e-02	2.254621e-01	1.879992e-01	5.118421e-01	7.995871e-01
12498	2.973889e-01	8.562906e-01	2.543377e-02	3.179221e-02	1.665399e-01	5.395156e-02	2.863064e-02	6.812353e-01
20687	1.060016e-01	7.494557e-01	5.359522e-02	6.699403e-02	3.509407e-01	1.694048e-01	4.355105e-01	7.801909e-01
2731	8.508222e-01	8.981952e-01	2.303389e-02	2.879236e-02	1.508255e-01	9.494201e-02	2.235892e-01	9.767144e-01
15190	5.795230e-02	4.421658e-01	4.312581e-02	5.390726e-02	2.823871e-01	2.539407e-01	8.038131e-02	5.387682e-01
25390	8.333013e-01	4.995672e-01	3.761399e-02	4.701749e-02	2.462958e-01	1.911361e-01	6.925885e-01	7.171597e-01
14600	7.627494e-01	5.479854e-01	3.106517e-02	3.883146e-02	2.034143e-01	1.818824e-01	9.133391e-01	6.812164e-01
26538	8.706233e-01	2.360504e-01	4.670764e-02	5.838455e-02	3.058409e-01	2.511719e-01	6.886263e-01	8.585647e-01
18275	8.295085e-01	4.444039e-01	4.861880e-02	6.077350e-02	3.183552e-01	1.701735e-01	8.715204e-01	8.919858e-01
12992	4.145886e-01	2.007918e-01	2.396469e-02	2.995586e-02	1.569204e-01	1.552423e-01	4.155107e-02	7.705211e-01
21677	4.603487e-01	1.511895e-01	5.394425e-02	6.743031e-02	3.532261e-01	2.051897e-01	4.956846e-01	9.643714e-01
1051	4.611216e-01	4.997033e-01	3.670582e-02	4.588227e-02	2.403491e-01	1.735981e-01	9.812662e-01	2.871307e-01
12813	6.346682e-01	7.788534e-01	2.525932e-02	3.157415e-02	1.653977e-01	1.567156e-01	5.492357e-01	4.199231e-01
736	7.176183e-01	6.797752e-01	2.464160e-02	3.080200e-02	1.613528e-01	1.601197e-01	6.797025e-01	2.978049e-01
27795	2.501583e-01	7.082057e-01	4.860038e-02	6.075048e-02	3.182346e-01	1.390223e-01	4.503995e-01	3.924032e-01
27934	6.738764e-01	3.231275e-01	2.361657e-02	2.952072e-02	1.546410e-01	5.560511e-02	4.760103e-01	1.309775e-01
12955	8.545041e-01	5.295771e-01	2.060145e-02	2.575182e-02	1.348980e-01	4.563188e-02	3.127149e-01	9.353471e-01
9959	4.689124e-01	6.341376e-01	3.597939e-02	4.497424e-02	2.355925e-01	1.432898e-01	5.902009e-01	4.099391e-01
8999	5.423272e-01	1.988317e-01	2.909683e-02	3.637104e-02	1.905256e-01	1.523034e-01	2.471973e-01	5.539228e-01
32245	2.451057e-01	8.424908e-01	2.137777e-02	2.672221e-02	1.399813e-01	1.393121e-01	5.103756e-02	3.508659e-01
20121	3.187608e-01	5.641360e-01	2.942198e-02	3.677748e-02	1.926547e-01	1.804336e-01	3.266132e-01	1.162471e-03
15242	3.109382e-01	1.603038e-01	2.582301e-02	3.227877e-02	1.690887e-01	1.685839e-01	5.220687e-01	2.579658e-01
12812	1.688346e-01	9.255803e-01	2.564959e-02	3.206199e-02	1.679531e-01	1.658508e-01	1.822936e-01	8.866764e-01
6899	2.561258e-01	8.849956e-01	4.024517e-02	5.030646e-02	2.635247e-01	2.018346e-01	1.088710e-01	3.903966e-01
15854	1.068136e-01	3.890481e-01	2.229782e-02	2.787228e-02	1.460058e-01	5.210272e-02	4.915613e-01	5.726489e-01
15757	7.804934e-01	3.961828e-01	3.499653e-02	4.374567e-02	2.291568e-01	2.239137e-01	5.201580e-01	5.728748e-01
31263	2.024810e-01	1.206263e-01	4.226857e-02	5.283572e-02	2.767740e-01	2.611578e-01	2.935921e-02	3.910276e-01
12668	2.733423e-01	5.982958e-01	3.332031e-02	4.165039e-02	2.181809e-01	1.367161e-01	1.558699e-01	7.579479e-01
6835	7.248571e-01	4.025367e-01	2.099060e-02	2.623824e-02	1.374461e-01	1.364803e-01	3.863746e-01	6.304237e-01
2287	2.305177e-01	1.751930e-01	2.413698e-02	3.017123e-02	1.580486e-01	1.199847e-01	2.686798e-01	9.073437e-01
11509	1.291778e-01	2.224966e-01	4.512048e-02	5.640061e-02	2.954482e-01	8.732588e-02	1.551477e-01	4.271805e-01
763	3.979698e-01	4.960823e-01	2.139821e-02	2.674776e-02	1.401152e-01	6.148291e-02	5.078339e-01	8.482516e-01
5925	8.493663e-02	2.396794e-01	2.844990e-02	3.556238e-02	1.862895e-01	1.007425e-01	8.980314e-01	6.177550e-01
2239	3.348543e-02	1.590042e-01	2.386710e-02	2.983388e-02	1.562814e-01	6.155265e-02	8.139021e-01	5.542299e-01
15094	6.344261e-01	8.173288e-01	2.287281e-02	2.859101e-02	1.497708e-01	1.392858e-01	6.544408e-01	7.764582e-01
23877	9.674737e-01	3.194018e-01	2.275841e-02	2.844801e-02	1.490217e-01	1.479988e-01	9.792301e-01	4.773859e-01
15546	6.763586e-01	6.014055e-01	2.426059e-02	3.032574e-02	1.588580e-01	1.375506e-01	2.989364e-01	1.147750e-01
22632	8.998898e-01	5.650921e-01	3.362432e-02	4.203041e-02	2.201716e-01	1.895728e-01	4.556002e-01	1.194810e-01
9588	1.148190e-01	5.010756e-01	2.532531e-02	3.165664e-02	1.658297e-01	4.735784e-02	5.002320e-01	7.537948e-01
25210	5.528712e-01	6.461811e-01	2.071292e-02	2.589115e-02	1.356279e-01	1.345927e-01	2.543249e-01	6.764863e-01
29231	5.336038e-01	8.959408e-01	5.745071e-02	7.181339e-02	3.761864e-01	2.752683e-01	7.895425e-01	3.904360e-01
