777	1.406379e-01	3.069340e-01	4.976514e-02	6.220643e-02	3.258614e-01	1.788772e-01	8.753477e-01	7.419748e-01
1442	8.365401e-01	1.694670e-01	4.814920e-02	6.018650e-02	3.152802e-01	2.538368e-01	2.140715e-01	9.747056e-01
2337	5.035743e-02	6.490369e-01	4.913999e-02	6.142499e-02	3.217679e-01	2.749227e-01	4.569736e-01	1.651025e-02
1232	1.141351e-01	5.116027e-01	2.472297e-02	3.090371e-02	1.618856e-01	1.612985e-01	1.843097e-01	1.517297e-01
31631	9.516199e-01	7.349936e-01	4.065112e-02	5.081389e-02	2.661829e-01	2.347247e-01	2.825726e-01	4.680692e-01
18525	6.576438e-01	4.461747e-01	2.402085e-02	3.002606e-02	1.572881e-01	7.571993e-02	4.864324e-01	6.392422e-01
32334	3.151979e-01	6.638153e-01	4.718162e-02	5.897703e-02	3.089445e-01	2.962801e-01	3.248186e-01	5.205125e-01
29119	7.348405e-01	8.276177e-01	6.854970e-02	8.568712e-02	4.488624e-01	4.134672e-01	8.693278e-01	9.369678e-01
15646	2.687413e-01	4.810648e-01	4.593388e-02	5.741735e-02	3.007743e-01	1.305830e-01	8.095725e-01	1.292635e-01
30699	7.769361e-01	9.162897e-01	4.727452e-02	5.909314e-02	3.095528e-01	1.911150e-01	2.858493e-02	4.771954e-01
15768	3.660343e-01	4.241585e-01	3.206392e-02	4.007990e-02	2.099540e-01	1.784153e-01	6.097119e-02	5.923497e-01
30990	4.992942e-01	5.266998e-01	2.698388e-02	3.372986e-02	1.766901e-01	1.765669e-01	7.744354e-01	5.836018e-02
25017	1.772506e-01	5.813114e-01	4.154658e-02	5.193322e-02	2.720463e-01	2.455481e-01	8.664137e-01	5.750561e-01
19791	1.234818e-01	6.619833e-01	6.186007e-02	7.732508e-02	4.050587e-01	1.658032e-01	1.971547e-01	9.472503e-01
15113	4.957247e-01	2.250688e-01	2.559226e-02	3.199033e-02	1.675778e-01	1.584304e-01	2.063466e-01	1.800269e-01
6935	1.414563e-01	7.431984e-01	6.232738e-02	7.790923e-02	4.081187e-01	1.118167e-01	1.312501e-01	6.571888e-03
18344	4.207512e-01	8.431924e-01	2.092622e-02	2.615777e-02	1.370245e-01	1.325637e-01	5.755639e-01	6.472755e-01
6021	4.343962e-01	8.947437e-01	5.639630e-02	7.049538e-02	3.692821e-01	3.670642e-01	2.685857e-03	1.665632e-01
9683	8.953942e-01	8.196526e-01	2.466346e-02	3.082932e-02	1.614959e-01	5.374574e-02	7.053523e-01	6.910096e-01
8300	8.018167e-01	5.133752e-01	4.145732e-02	5.182165e-02	2.714619e-01	2.215673e-01	1.843321e-01	7.660450e-01
22551	2.530158e-01	3.116197e-01	3.704523e-02	4.630654e-02	2.425716e-01	1.686016e-01	3.088733e-01	3.462970e-02
12132	2.327975e-01	3.846734e-01	2.989787e-02	3.737234e-02	1.957708e-01	1.660740e-01	8.524645e-01	7.714280e-01
14525	4.741417e-01	1.647148e-01	3.652411e-02	4.565513e-02	2.391593e-01	2.251098e-01	7.121925e-01	5.421629e-01
29740	9.447390e-01	2.129262e-01	4.399104e-02	5.498880e-02	2.880527e-01	2.283898e-01	2.164056e-01	2.273901e-02
20608	3.220067e-01	3.379652e-01	2.601695e-02	3.252118e-02	1.703586e-01	5.153288e-02	4.556363e-01	7.929278e-01
28672	6.076243e-01	9.641169e-01	2.418207e-02	3.022758e-02	1.583438e-01	9.961950e-02	1.042629e-01	5.261172e-01
21536	7.073071e-01	4.119423e-01	4.669483e-02	5.836854e-02	3.057570e-01	1.919782e-01	5.989442e-02	8.637538e-01
14616	3.649377e-01	2.745318e-01	2.974467e-02	3.718083e-02	1.947676e-01	1.240405e-01	4.624526e-01	7.176259e-01
890	9.043750e-01	2.621803e-01	2.239202e-02	2.799003e-02	1.466226e-01	9.505889e-02	4.275693e-01	6.700548e-01
20746	3.567625e-02	1.802779e-01	2.332455e-02	2.915569e-02	1.527288e-01	7.924282e-02	7.093333e-01	1.860311e-01
18327	7.670062e-01	4.108117e-01	2.125802e-02	2.657253e-02	1.391972e-01	6.778254e-02	2.371812e-01	6.124732e-01
15734	3.453095e-01	1.949090e-01	3.727955e-02	4.659943e-02	2.441059e-01	2.166455e-01	9.706003e-01	3.191261e-01
2636	2.130485e-01	8.985933e-01	6.059068e-02	7.573836e-02	3.967469e-01	2.655770e-01	9.732909e-01	9.431396e-01
11758	2.238243e-01	2.375873e-01	2.157209e-02	2.696511e-02	1.412537e-01	9.585006e-02	6.011531e-01	7.697206e-01
1613	6.208265e-01	8.607417e-01	2.331928e-02	2.914910e-02	1.526943e-01	9.835084e-02	4.579164e-01	1.351729e-01
1809	6.621961e-02	3.139116e-01	4.109302e-02	5.136628e-02	2.690765e-01	2.628185e-01	1.023413e-02	9.450836e-01
30510	4.172122e-01	7.642000e-02	2.558072e-02	3.197590e-02	1.675021e-01	1.110174e-01	1.007662e-01	9.110766e-01
15626	5.616562e-01	7.851614e-01	2.607466e-02	3.259332e-02	1.707364e-01	5.466292e-02	5.777730e-01	5.063121e-01
6290	6.290722e-01	4.891639e-01	3.631310e-02	4.539138e-02	2.377776e-01	2.056059e-01	7.724743e-02	1.207543e-01
27347	3.607901e-01	3.323637e-01	3.273877e-02	4.092347e-02	2.143730e-01	1.036178e-01	7.576434e-01	5.341524e-01
24324	8.804500e-01	8.636576e-01	4.425691e-02	5.532114e-02	2.897936e-01	9.194631e-02	6.655017e-01	8.623132e-01
8296	8.653277e-01	9.076974e-01	2.336658e-02	2.920822e-02	1.530040e-01	5.882625e-02	6.094977e-01	6.312666e-01
32604	4.166913e-01	3.079622e-01	2.814445e-02	3.518057e-02	1.842894e-01	1.024953e-01	5.407872e-01	6.441725e-01
21530	3.637037e-01	2.307643e-01	2.527050e-02	3.158812e-02	1.654708e-01	1.654693e-01	8.806953e-01	4.006044e-01
17382	8.812278e-02	8.843187e-01	7.094618e-02	8.868273e-02	4.645545e-01	2.914689e-01	5.845203e-01	4.723552e-01
8047	8.855928e-01	5.764443e-01	2.458342e-02	3.072928e-02	1.609719e-01	1.455699e-01	8.596494e-01	5.664165e-01
10497	5.922469e-01	6.347652e-01	4.331467e-02	5.414334e-02	2.836238e-01	2.311264e-01	5.516989e-01	1.780779e-01
15311	8.478259e-01	3.265963e-01	7.363134e-02	9.203918e-02	4.821369e-01	3.990954e-01	2.075567e-01	1.150849e-01
78	3.113393e-01	1.175479e-01	4.163896e-02	5.204871e-02	2.726513e-01	2.577757e-01	5.682425e-01	7.658322e-01
5399	5.641855e-01	8.707955e-01	6.106724e-02	7.633406e-02	3.998674e-01	3.762244e-01	5.525882e-01	1.753143e-01
22223	7.667504e-01	7.451921e-01	2.993825e-02	3.742281e-02	1.960352e-01	1.269331e-01	4.661294e-01	3.882241e-01
14030	4.731380e-01	5.241253e-01	2.208896e-02	2.761120e-02	1.446382e-01	1.006398e-01	5.610378e-01	1.787829e-01
10755	5.663748e-01	3.975861e-02	2.078497e-02	2.598121e-02	1.360997e-01	1.349249e-01	2.124649e-01	2.211833e-01
11491	9.333099e-01	3.741547e-01	3.388867e-02	4.236084e-02	2.219025e-01	1.022936e-01	4.960025e-01	6.919200e-02
5382	7.757173e-01	3.259882e-01	4.089383e-02	5.111729e-02	2.677722e-01	2.435967e-01	3.919839e-01	2.862645e-01
27291	9.052756e-01	8.874396e-01	4.638364e-02	5.797955e-02	3.037193e-01	1.055461e-01	2.431706e-01	7.991403e-02
7444	6.964647e-01	2.099859e-01	2.574419e-02	3.218024e-02	1.685726e-01	5.004258e-02	8.305046e-01	5.015197e-01
27159	6.325557e-01	1.965525e-01	2.399886e-02	2.999857e-02	1.571442e-01	9.901814e-02	2.848745e-01	7.111344e-01
9510	2.027054e-01	4.965754e-01	4.251317e-02	5.314146e-02	2.783756e-01	2.255582e-01	1.143431e-01	9.866877e-01
493	8.707445e-01	7.144770e-01	2.819719e-02	3.524649e-02	1.846348e-01	1.416488e-01	2.243809e-01	6.906800e-02
18730	6.807475e-01	4.827841e-01	7.072644e-02	8.840805e-02	4.631156e-01	1.818833e-01	6.772707e-01	9.896695e-01
17765	3.956203e-01	4.992175e-01	3.894770e-02	4.868462e-02	2.550289e-01	1.908521e-01	8.650703e-01	5.298077e-01
9381	6.393515e-01	7.338471e-01	5.075373e-02	6.344216e-02	3.323346e-01	3.021460e-01	6.477406e-02	8.862107e-01
897	2.221803e-01	7.930319e-01	2.904941e-02	3.631177e-02	1.902151e-01	1.421536e-01	5.317017e-01	2.976076e-01
2023	8.417221e-01	5.253903e-01	2.350709e-02	2.938386e-02	1.539240e-01	6.103643e-02	2.413492e-01	9.541919e-01
18811	7.160500e-01	1.158950e-01	2.752304e-02	3.440380e-02	1.802204e-01	1.659337e-01	9.246606e-01	5.537133e-01
30637	6.941674e-01	9.020554e-01	2.179843e-02	2.724804e-02	1.427358e-01	1.400543e-01	8.158447e-01	3.561531e-01
12707	2.623593e-01	9.249146e-01	4.372149e-02	5.465186e-02	2.862876e-01	1.690026e-01	7.398165e-01	6.578609e-01
23827	6.645997e-01	9.700937e-01	2.539031e-02	3.173789e-02	1.662553e-01	1.540752e-01	5.139247e-01	2.435838e-01
23540	3.782289e-01	5.703826e-01	5.098538e-02	6.373173e-02	3.338515e-01	2.746438e-01	9.265462e-01	4.507514e-01
20536	6.480734e-01	9.121282e-01	2.624304e-02	3.280380e-02	1.718390e-01	1.223721e-01	2.010013e-01	5.562820e-01
17580	7.777745e-01	7.032327e-01	3.252595e-02	4.065744e-02	2.129794e-01	9.671425e-02	8.713747e-01	2.864615e-01
30273	5.142705e-01	7.649564e-01	3.269825e-02	4.087282e-02	2.141077e-01	1.977972e-01	5.711598e-01	8.365727e-01
22011	7.772229e-01	2.133686e-01	4.099399e-02	5.124248e-02	2.684280e-01	2.492948e-01	9.665912e-01	1.953751e-01
25844	4.940511e-01	8.926944e-01	2.133889e-02	2.667361e-02	1.397267e-01	1.163721e-01	9.398602e-01	4.615828e-01
3730	9.652343e-01	4.419888e-01	2.260540e-02	2.825675e-02	1.480198e-01	1.421956e-01	6.112586e-01	9.346221e-01
12587	4.989460e-01	4.661474e-01	2.978879e-02	3.723598e-02	1.950565e-01	8.284382e-02	7.089529e-01	4.907536e-02
19895	2.131694e-01	8.958891e-02	3.325115e-02	4.156394e-02	2.177280e-01	2.162947e-01	2.852994e-01	6.528387e-01
4639	4.814127e-01	3.154043e-01	3.689209e-02	4.611511e-02	2.415688e-01	2.272265e-01	6.964200e-01	4.316407e-01
7139	5.677728e-01	1.957650e-01	3.533031e-02	4.416288e-02	2.313423e-01	1.695364e-01	6.219949e-02	1.178877e-01
