14724	4.044096e-01	8.091667e-01	4.010760e-02	5.013450e-02	2.626239e-01	1.699786e-01	8.372607e-01	8.431017e-01
10829	4.668363e-01	1.583625e-01	4.747787e-02	5.934733e-02	3.108843e-01	2.845559e-01	8.045159e-01	4.137471e-02
13806	8.536701e-01	6.417644e-02	2.376095e-02	2.970119e-02	1.555863e-01	1.543293e-01	2.530833e-01	2.715796e-01
7410	6.106214e-01	5.585648e-01	2.078040e-02	2.597550e-02	1.360697e-01	9.155868e-02	1.469023e-01	5.973849e-01
23649	6.564538e-01	1.901033e-01	2.581036e-02	3.226294e-02	1.690058e-01	1.065255e-01	2.757022e-01	9.276415e-01
26781	7.095470e-01	8.398445e-01	5.182046e-02	6.477558e-02	3.393196e-01	9.769871e-02	8.916742e-01	1.138228e-01
18875	5.371901e-01	1.787786e-01	2.398442e-02	2.998052e-02	1.570496e-01	4.795712e-02	2.607580e-01	8.944200e-01
18611	7.602373e-01	2.954062e-01	5.787926e-02	7.234907e-02	3.789925e-01	3.586078e-01	8.972008e-01	3.076187e-01
29449	9.667896e-01	7.561361e-01	2.555604e-02	3.194505e-02	1.673405e-01	1.269876e-01	2.172379e-01	7.925075e-01
21252	2.917043e-02	1.751988e-01	2.169563e-02	2.711953e-02	1.420626e-01	1.254269e-01	4.410090e-01	1.039341e-02
16176	8.556516e-01	5.351951e-01	2.748507e-02	3.435633e-02	1.799718e-01	1.638731e-01	7.758819e-01	2.427901e-01
20176	3.837206e-01	7.195721e-02	3.684610e-02	4.605763e-02	2.412677e-01	2.297315e-01	8.457824e-01	3.821306e-01
28089	2.494709e-01	9.098255e-01	4.631694e-02	5.789617e-02	3.032826e-01	2.416961e-01	5.481856e-01	2.921198e-01
29108	1.528253e-01	5.381237e-01	4.177900e-02	5.222375e-02	2.735683e-01	7.702986e-02	5.202853e-01	8.485422e-01
2756	5.734897e-01	2.324011e-01	3.565063e-02	4.456329e-02	2.334398e-01	1.341181e-01	8.166819e-01	3.363636e-02
7830	1.795727e-01	4.696665e-01	2.133067e-02	2.666334e-02	1.396729e-01	5.001401e-02	9.369207e-01	2.058595e-03
31965	1.927158e-01	5.329641e-01	4.600151e-02	5.750188e-02	3.012172e-01	8.672050e-02	1.888193e-01	4.455964e-01
16149	7.662584e-01	7.733078e-01	2.365059e-02	2.956324e-02	1.548637e-01	5.112298e-02	5.195956e-01	8.803063e-01
30863	2.979175e-01	7.535071e-01	6.258507e-02	7.823134e-02	4.098061e-01	3.921305e-01	7.287486e-01	1.014077e-01
24849	7.807074e-01	9.261175e-01	2.224597e-02	2.780746e-02	1.456662e-01	1.368714e-01	5.227167e-01	1.475087e-01
11111	9.379609e-01	8.409507e-01	2.203184e-02	2.753980e-02	1.442641e-01	7.760710e-02	5.710156e-01	3.023413e-01
3330	4.579862e-01	3.859963e-01	2.542192e-02	3.177740e-02	1.664623e-01	1.148928e-01	5.099098e-01	5.588189e-02
5045	7.975183e-01	4.181888e-01	3.952932e-02	4.941166e-02	2.588374e-01	1.486793e-01	6.618964e-02	9.934322e-01
3777	5.955290e-01	7.516832e-01	3.606042e-02	4.507553e-02	2.361231e-01	1.145772e-01	9.764435e-01	1.062712e-01
28515	7.281248e-01	6.738770e-01	4.766858e-02	5.958572e-02	3.121331e-01	1.102258e-01	8.779593e-01	7.124132e-02
29673	5.804478e-01	1.128636e-01	3.947354e-02	4.934193e-02	2.584722e-01	2.034603e-01	3.732612e-01	6.208280e-01
26542	7.421287e-01	1.445031e-01	5.421827e-02	6.777284e-02	3.550204e-01	1.729857e-01	6.359573e-01	8.201284e-01
31019	1.605778e-01	3.481416e-01	2.399227e-02	2.999034e-02	1.571010e-01	1.316527e-01	1.135496e-01	7.817609e-01
25640	6.635775e-01	6.962900e-01	2.202297e-02	2.752871e-02	1.442061e-01	5.571240e-02	2.290774e-01	2.463996e-01
32613	7.141967e-01	2.907602e-01	2.692065e-02	3.365082e-02	1.762760e-01	1.195397e-01	2.187785e-01	2.934631e-01
24361	3.724651e-01	1.319155e-01	2.769803e-02	3.462254e-02	1.813663e-01	1.813653e-01	1.987630e-01	2.496652e-01
20179	2.533845e-01	4.648712e-01	3.636190e-02	4.545237e-02	2.380971e-01	1.506098e-01	4.881976e-01	2.936063e-01
731	8.170324e-01	7.720019e-01	2.191757e-02	2.739696e-02	1.435159e-01	1.182829e-01	2.779983e-01	8.425678e-01
14	2.616221e-01	2.404487e-01	2.294518e-02	2.868147e-02	1.502447e-01	4.765915e-02	2.729168e-01	3.896608e-01
28390	8.447663e-01	6.775787e-01	5.044531e-02	6.305664e-02	3.303151e-01	3.247519e-01	7.691291e-01	7.609390e-01
28770	1.886022e-01	9.374161e-01	2.503664e-02	3.129580e-02	1.639395e-01	1.526667e-01	1.978707e-02	6.190235e-01
2770	3.094835e-01	6.110666e-01	3.179173e-02	3.973966e-02	2.081718e-01	7.513164e-02	3.055800e-01	2.465229e-01
22813	5.747119e-01	5.457600e-01	3.690920e-02	4.613650e-02	2.416808e-01	2.307325e-01	7.460560e-01	8.705482e-01
5416	8.181804e-01	4.852802e-01	2.078726e-02	2.598407e-02	1.361146e-01	7.795682e-02	7.715779e-01	6.897054e-01
9267	6.974498e-01	1.856907e-01	2.252791e-02	2.815989e-02	1.475124e-01	9.587544e-02	6.453552e-01	8.959674e-01
22680	8.995473e-01	7.364418e-01	2.304011e-02	2.880013e-02	1.508663e-01	5.160686e-02	7.509446e-01	2.832701e-01
32646	4.955252e-02	6.091019e-01	3.122817e-02	3.903521e-02	2.044815e-01	2.000680e-01	3.925914e-01	5.137977e-02
21935	8.897775e-01	8.694581e-01	6.627233e-02	8.284041e-02	4.339502e-01	1.725407e-01	9.791573e-01	3.268507e-02
12121	3.983231e-01	9.172491e-01	2.596388e-02	3.245485e-02	1.700111e-01	7.909943e-02	7.435259e-01	5.749236e-01
22985	1.540485e-01	6.212854e-02	4.109090e-02	5.136362e-02	2.690626e-01	7.150396e-02	7.304886e-01	8.458659e-01
212	5.925230e-01	6.941023e-01	5.176129e-02	6.470161e-02	3.389321e-01	1.431672e-01	2.362022e-01	1.844992e-02
12514	5.731075e-01	8.452222e-01	3.667028e-02	4.583784e-02	2.401164e-01	1.721166e-01	2.407047e-01	5.038745e-01
8012	9.546367e-01	5.426521e-01	3.693863e-02	4.617328e-02	2.418736e-01	2.053013e-01	1.191451e-01	7.002262e-01
9788	8.262510e-02	3.074241e-01	2.192713e-02	2.740892e-02	1.435785e-01	9.238091e-02	3.679305e-01	5.462318e-01
26266	3.611861e-01	5.165227e-01	2.949465e-02	3.686831e-02	1.931305e-01	6.857781e-02	1.270496e-01	7.946283e-01
6394	4.015185e-02	2.376198e-01	2.369517e-02	2.961896e-02	1.551556e-01	4.638872e-02	1.696577e-01	3.627433e-01
25160	7.924366e-01	1.544402e-01	4.848097e-02	6.060121e-02	3.174526e-01	2.552525e-01	6.480878e-01	6.463241e-02
15642	1.498805e-01	2.433615e-01	6.414370e-02	8.017963e-02	4.200120e-01	2.087757e-01	8.316505e-01	5.554335e-01
2366	6.186490e-01	9.934243e-02	4.938125e-02	6.172657e-02	3.233477e-01	1.958216e-01	3.961507e-01	4.593714e-01
9939	9.161292e-01	5.760762e-01	3.371038e-02	4.213797e-02	2.207350e-01	9.964250e-02	2.067359e-01	7.707805e-01
16693	2.785758e-01	6.649772e-01	4.013278e-02	5.016598e-02	2.627888e-01	1.179607e-01	7.557272e-01	6.597376e-03
7388	8.767534e-01	3.394132e-01	2.357599e-02	2.946999e-02	1.543752e-01	1.215493e-01	7.148521e-01	1.969753e-01
19440	8.206521e-01	3.422048e-01	2.776950e-02	3.471187e-02	1.818342e-01	1.817601e-01	6.013976e-01	3.988903e-01
21998	1.332791e-01	1.819694e-01	4.882786e-02	6.103482e-02	3.197240e-01	3.002301e-01	2.590381e-02	9.975559e-01
27634	3.797341e-01	6.067847e-01	3.097999e-02	3.872498e-02	2.028565e-01	1.011159e-01	5.654768e-01	6.593877e-01
8609	9.503292e-01	1.434801e-01	4.874250e-02	6.092813e-02	3.191652e-01	2.563137e-01	6.267051e-01	4.306685e-01
16584	7.523572e-01	5.705839e-01	4.058320e-02	5.072900e-02	2.657382e-01	2.632267e-01	8.498507e-01	1.851164e-01
5270	5.777991e-01	7.855985e-01	2.053723e-02	2.567154e-02	1.344775e-01	6.508890e-02	3.181487e-01	4.090465e-01
27541	5.038604e-01	8.564194e-01	5.319153e-02	6.648941e-02	3.482973e-01	3.346024e-01	7.577019e-01	6.930804e-01
16471	6.932686e-01	2.223022e-01	2.132721e-02	2.665901e-02	1.396502e-01	7.858989e-02	5.826429e-01	9.563838e-01
12751	6.180801e-01	9.565568e-01	3.958196e-02	4.947744e-02	2.591820e-01	2.381585e-01	7.967621e-01	3.460612e-01
4222	5.593777e-01	4.427317e-01	3.479668e-02	4.349585e-02	2.278481e-01	7.909407e-02	7.435882e-01	2.269724e-01
22699	7.486125e-01	4.211097e-01	3.336017e-02	4.170022e-02	2.184419e-01	2.073882e-01	2.444818e-01	8.287451e-01
25381	4.531724e-01	9.562070e-01	3.072541e-02	3.840677e-02	2.011895e-01	6.062742e-02	2.839693e-01	2.916442e-01
18765	5.295983e-01	7.207508e-01	2.366623e-02	2.958279e-02	1.549661e-01	1.058348e-01	7.849820e-01	9.254502e-01
3926	7.484399e-01	9.493049e-01	2.714418e-02	3.393022e-02	1.777397e-01	1.246362e-01	9.365831e-01	1.498699e-01
3768	3.775507e-01	4.366207e-01	4.843295e-02	6.054119e-02	3.171382e-01	2.876754e-01	6.032358e-01	3.693687e-01
24287	3.217300e-01	1.943571e-01	4.050499e-02	5.063124e-02	2.652261e-01	1.682620e-01	7.361209e-02	9.010170e-02
32611	8.406297e-01	4.409824e-01	2.504855e-02	3.131069e-02	1.640175e-01	8.617248e-02	8.530546e-01	5.549962e-02
16043	1.030467e-01	4.171134e-01	5.198477e-02	6.498096e-02	3.403954e-01	2.962466e-01	3.327041e-01	1.798395e-01
1630	9.042768e-01	4.356039e-01	7.551844e-02	9.439805e-02	4.944935e-01	1.906173e-01	3.018444e-01	4.702184e-01
17221	5.683651e-02	8.483922e-02	2.412986e-02	3.016233e-02	1.580020e-01	1.477982e-01	4.951813e-01	4.509844e-01
24856	1.631157e-01	8.395199e-01	3.884650e-02	4.855812e-02	2.543663e-01	1.374517e-01	3.090675e-01	9.110556e-01
28694	4.190297e-01	3.267176e-01	3.515257e-02	4.394071e-02	2.301785e-01	2.237871e-01	7.885081e-01	2.266517e-01
22505	4.703286e-01	3.463929e-01	3.368706e-02	4.210882e-02	2.205823e-01	1.458265e-01	5.322542e-01	2.644928e-01
15659	3.249050e-01	2.263873e-01	3.215953e-02	4.019941e-02	2.105801e-01	8.001315e-02	9.910644e-01	3.606710e-01
22765	7.508157e-01	7.037515e-01	3.340001e-02	4.175001e-02	2.187027e-01	6.613074e-02	4.075115e-02	6.514133e-02
