4351	4.077510e-01	8.459208e-01	2.781985e-02	3.477482e-02	1.821640e-01	1.730532e-01	2.080536e-01	4.695757e-01
20683	2.605106e-01	3.654180e-01	4.379040e-02	5.473800e-02	2.867389e-01	2.744743e-01	8.767588e-01	5.019159e-01
19125	3.462418e-02	7.865189e-02	3.017725e-02	3.772156e-02	1.976002e-01	1.972519e-01	5.769785e-01	4.984010e-01
19966	8.054856e-01	8.899670e-01	2.111847e-02	2.639809e-02	1.382834e-01	1.227248e-01	7.550376e-01	8.256350e-01
17848	7.337491e-01	3.997667e-01	2.104425e-02	2.630531e-02	1.377974e-01	1.264350e-01	4.233620e-04	4.419380e-01
641	5.151331e-01	3.895556e-01	2.380506e-02	2.975632e-02	1.558751e-01	1.397145e-01	7.564979e-01	3.197832e-01
10178	8.324943e-01	9.263239e-01	2.539368e-02	3.174210e-02	1.662774e-01	1.477370e-01	7.976026e-02	7.145649e-01
10050	2.672900e-02	4.143115e-01	2.145529e-02	2.681912e-02	1.404889e-01	5.226408e-02	4.091193e-01	2.549567e-01
25620	7.886202e-01	4.366285e-01	3.257002e-02	4.071253e-02	2.132680e-01	1.528115e-01	2.864872e-01	7.310914e-02
24762	1.660752e-01	2.338986e-01	7.863115e-02	9.828893e-02	5.148755e-01	5.043344e-01	3.339492e-01	4.621834e-01
21874	2.954768e-01	9.571876e-01	4.238678e-02	5.298347e-02	2.775480e-01	2.015564e-01	4.634445e-01	3.033591e-01
26525	6.572161e-01	1.264917e-01	7.059921e-02	8.824901e-02	4.622825e-01	2.106913e-01	1.711787e-01	3.359062e-01
8692	7.707345e-01	5.694898e-01	2.373434e-02	2.966793e-02	1.554121e-01	9.328600e-02	8.304736e-01	7.605209e-02
8542	7.756601e-01	6.349680e-01	2.481745e-02	3.102181e-02	1.625043e-01	1.132215e-01	1.225479e-01	7.619557e-01
5631	4.033140e-01	4.725737e-01	7.469602e-02	9.337003e-02	4.891084e-01	3.941552e-01	4.790653e-01	5.625079e-01
2478	1.744104e-01	8.313023e-01	2.243721e-02	2.804651e-02	1.469185e-01	1.299851e-01	4.386842e-01	1.805734e-01
31531	6.444003e-02	7.340073e-01	5.393312e-02	6.741640e-02	3.531532e-01	2.776930e-01	6.087702e-01	2.291408e-01
14369	7.016671e-01	9.494456e-01	3.029247e-02	3.786558e-02	1.983546e-01	1.403550e-01	4.035265e-01	2.832667e-01
15523	3.371195e-02	2.583749e-01	3.380828e-02	4.226035e-02	2.213761e-01	9.401842e-02	9.233821e-02	1.557121e-01
14084	8.616933e-01	6.784807e-01	5.264065e-02	6.580081e-02	3.446901e-01	3.306314e-01	3.906335e-01	5.957737e-01
15863	7.793911e-01	8.021296e-01	6.439032e-02	8.048791e-02	4.216268e-01	2.858207e-01	7.940891e-02	3.063466e-02
25692	3.137840e-01	5.570120e-01	3.560301e-02	4.450376e-02	2.331279e-01	8.706328e-02	6.862270e-01	7.599552e-01
8866	4.760302e-01	5.291618e-01	4.617322e-02	5.771652e-02	3.023415e-01	7.943828e-02	9.640800e-01	9.532685e-01
1405	3.459519e-01	7.874418e-01	4.735448e-02	5.919310e-02	3.100764e-01	9.393743e-02	5.186508e-01	4.610971e-01
22547	2.849614e-01	2.552688e-01	4.420672e-02	5.525840e-02	2.894649e-01	2.547933e-01	6.665238e-01	7.204250e-01
26662	7.664290e-02	1.944251e-01	2.371404e-02	2.964255e-02	1.552792e-01	6.865504e-02	3.049900e-01	9.482753e-01
7882	2.298622e-01	5.394550e-01	5.036104e-02	6.295130e-02	3.297633e-01	2.230440e-01	5.307432e-02	9.392702e-01
715	7.986298e-01	3.054214e-01	2.269872e-02	2.837340e-02	1.486309e-01	1.422908e-01	6.687728e-02	3.506598e-02
20034	1.379585e-01	5.038265e-01	4.006400e-02	5.008000e-02	2.623385e-01	1.102584e-01	9.031142e-01	1.804631e-01
13210	9.240922e-01	9.644127e-01	3.000695e-02	3.750868e-02	1.964850e-01	1.898893e-01	4.083029e-01	9.496481e-01
18078	7.492188e-01	1.588869e-01	5.135820e-02	6.419775e-02	3.362927e-01	3.267342e-01	6.718026e-01	6.343587e-01
17116	6.551782e-01	6.475225e-01	4.663391e-02	5.829239e-02	3.053581e-01	3.016497e-01	5.429614e-01	4.825649e-01
31004	1.053458e-01	2.682973e-01	2.207184e-02	2.758980e-02	1.445261e-01	1.360357e-01	6.240314e-01	9.742878e-01
934	4.156500e-01	2.419328e-01	4.849147e-02	6.061434e-02	3.175214e-01	3.018880e-01	9.946209e-02	1.785212e-01
25835	2.507231e-01	7.715925e-01	4.213487e-02	5.266859e-02	2.758985e-01	1.998485e-01	8.450182e-01	5.315843e-01
15175	6.164765e-01	4.558514e-01	2.257815e-02	2.822269e-02	1.478414e-01	1.297221e-01	7.142791e-01	2.891078e-01
32293	4.180338e-02	6.127276e-01	2.508200e-02	3.135251e-02	1.642366e-01	7.040739e-02	4.743957e-01	4.880028e-01
11209	2.104416e-01	6.154008e-01	4.293212e-02	5.366515e-02	2.811189e-01	1.026593e-01	7.297443e-01	2.799667e-01
15739	1.324895e-01	3.569834e-01	2.642087e-02	3.302608e-02	1.730034e-01	1.704760e-01	5.108660e-01	6.256608e-01
22217	3.304330e-01	1.025829e-01	2.156917e-02	2.696146e-02	1.412346e-01	1.398332e-01	1.813401e-01	4.099496e-01
28499	2.911899e-01	6.030922e-02	2.558472e-02	3.198090e-02	1.675283e-01	1.445344e-01	7.954658e-01	4.240098e-01
2299	6.151162e-01	8.357508e-01	3.454382e-02	4.317977e-02	2.261924e-01	2.234710e-01	1.086280e-01	1.047397e-01
21375	1.733658e-01	5.484605e-02	3.524772e-02	4.405965e-02	2.308015e-01	2.176244e-01	6.867771e-01	3.985097e-01
12049	3.516308e-01	5.923747e-01	2.185996e-02	2.732495e-02	1.431387e-01	7.138417e-02	1.120371e-01	7.965639e-01
6780	1.413067e-01	3.901696e-01	2.415212e-02	3.019015e-02	1.581477e-01	9.545684e-02	8.828962e-01	2.874123e-01
22701	4.450911e-01	1.647452e-01	7.261352e-02	9.076690e-02	4.754722e-01	4.596633e-01	5.965346e-01	6.480373e-01
5387	1.403194e-01	7.671154e-01	4.965518e-02	6.206898e-02	3.251414e-01	1.247641e-01	2.058022e-01	2.762393e-01
13705	8.580549e-01	1.335545e-01	6.513411e-02	8.141763e-02	4.264971e-01	4.223574e-01	2.861483e-01	7.884870e-01
4265	4.429812e-01	5.515678e-01	2.920778e-02	3.650972e-02	1.912521e-01	1.520083e-01	3.702255e-01	3.395308e-01
25291	5.684983e-01	4.499925e-01	3.132126e-02	3.915158e-02	2.050911e-01	1.879961e-01	9.086000e-01	3.658195e-01
9024	6.460801e-02	1.350848e-01	4.869601e-02	6.087001e-02	3.188607e-01	1.336892e-01	9.855683e-01	8.156112e-01
7249	7.109747e-02	8.434150e-01	2.536905e-02	3.171131e-02	1.661161e-01	1.515466e-01	9.659169e-01	6.763298e-01
23149	6.898631e-01	2.666122e-01	5.346663e-02	6.683329e-02	3.500987e-01	3.344035e-01	2.355953e-01	8.193941e-01
16277	2.719869e-01	1.537399e-01	6.966996e-02	8.708745e-02	4.561978e-01	4.474669e-01	7.464391e-01	3.281488e-01
2195	4.265638e-01	7.237112e-01	2.819546e-02	3.524432e-02	1.846234e-01	1.625206e-01	2.376044e-01	4.510094e-01
23106	3.266763e-01	8.225620e-01	2.505314e-02	3.131642e-02	1.640476e-01	9.140148e-02	9.361447e-01	8.328299e-01
20648	3.477346e-01	4.632374e-01	3.444568e-02	4.305710e-02	2.255498e-01	2.182655e-01	5.834830e-01	4.390589e-01
23623	7.344642e-01	3.250388e-01	4.820237e-02	6.025296e-02	3.156284e-01	2.369886e-01	8.204817e-01	6.512898e-01
15293	6.820954e-01	1.914631e-01	5.341274e-02	6.676593e-02	3.497458e-01	1.341326e-01	2.398164e-01	6.033847e-01
11657	3.084122e-01	6.902603e-01	7.213818e-02	9.017272e-02	4.723597e-01	3.037759e-01	3.615671e-01	5.493961e-01
6840	5.515706e-01	6.946157e-01	4.995269e-02	6.244086e-02	3.270894e-01	1.333828e-01	6.033418e-01	5.993677e-01
17777	5.727541e-01	6.130392e-01	3.515725e-02	4.394656e-02	2.302091e-01	8.657545e-02	3.739431e-01	1.280092e-01
23928	2.167651e-01	7.549583e-01	2.517155e-02	3.146444e-02	1.648229e-01	1.015949e-01	8.718102e-01	5.805205e-01
10175	1.984152e-01	4.664634e-01	2.444695e-02	3.055869e-02	1.600783e-01	1.573588e-01	6.241383e-02	2.018987e-01
6571	4.608928e-01	4.636210e-01	2.447400e-02	3.059249e-02	1.602553e-01	8.873961e-02	7.081565e-01	8.175913e-01
13683	8.296893e-01	3.914042e-01	2.663242e-02	3.329052e-02	1.743887e-01	5.764595e-02	4.104303e-01	1.085107e-01
4698	8.585565e-01	6.029586e-01	4.956808e-02	6.196010e-02	3.245710e-01	2.913244e-01	4.651875e-02	8.528520e-01
28778	4.758839e-01	8.268967e-01	3.443357e-02	4.304196e-02	2.254705e-01	9.866425e-02	4.532664e-01	2.307371e-01
11493	3.175305e-01	6.082306e-01	4.316340e-02	5.395425e-02	2.826332e-01	2.503689e-01	5.389066e-01	5.508008e-01
20660	5.668070e-01	6.512033e-01	2.071493e-02	2.589367e-02	1.356411e-01	7.409428e-02	5.289969e-01	2.118796e-02
10240	2.049293e-01	1.445883e-01	3.673128e-02	4.591410e-02	2.405158e-01	1.207417e-01	9.546650e-01	1.570317e-02
32055	6.092431e-01	5.503593e-01	2.967438e-02	3.709297e-02	1.943074e-01	7.866618e-02	6.107306e-01	5.679763e-01
7275	6.008359e-01	1.708662e-01	5.395507e-02	6.744383e-02	3.532969e-01	2.803359e-01	5.556480e-01	8.282749e-01
16943	8.828937e-01	4.656468e-01	3.239435e-02	4.049294e-02	2.121177e-01	2.062934e-01	1.366647e-01	7.068985e-01
2039	4.882003e-01	6.113153e-01	5.042823e-02	6.303529e-02	3.302033e-01	1.030731e-01	4.876675e-01	3.447777e-02
