13402	5.890564e-01	5.044862e-01	4.890562e-02	6.113203e-02	3.202332e-01	2.727907e-01	8.581871e-01	2.488424e-01
31469	7.201756e-02	8.202996e-01	5.673713e-02	7.092141e-02	3.715138e-01	1.428970e-01	3.585658e-01	8.265782e-01
1301	8.613479e-01	1.001309e-01	2.140067e-02	2.675084e-02	1.401313e-01	1.096240e-01	6.462684e-01	9.185261e-01
11232	1.210593e-01	9.840772e-02	4.453347e-02	5.566684e-02	2.916045e-01	2.853667e-01	8.956998e-01	5.593024e-01
9967	2.804750e-01	6.755621e-01	6.014724e-02	7.518406e-02	3.938432e-01	2.655422e-01	9.584939e-01	6.866821e-01
19513	6.446444e-01	7.491977e-01	3.813821e-02	4.767276e-02	2.497284e-01	1.986743e-01	5.883787e-01	1.886717e-01
11320	3.574505e-01	2.140514e-01	3.102466e-02	3.878082e-02	2.031490e-01	2.013792e-01	3.793189e-01	7.774719e-01
5513	3.736377e-01	7.065552e-01	7.271135e-02	9.088918e-02	4.761128e-01	4.514705e-01	1.390927e-01	1.693848e-01
10267	8.927734e-01	6.093517e-02	2.621399e-02	3.276748e-02	1.716488e-01	1.637345e-01	2.051893e-02	9.714705e-01
9205	2.357015e-01	8.455732e-01	3.067351e-02	3.834189e-02	2.008497e-01	1.707957e-01	8.869029e-01	5.796139e-02
23475	4.856138e-01	8.548877e-01	2.970015e-02	3.712519e-02	1.944761e-01	1.048607e-01	9.804428e-01	2.243501e-01
17573	6.819531e-01	3.831754e-02	2.286487e-02	2.858109e-02	1.497188e-01	1.165144e-01	8.954708e-01	7.664505e-01
2959	5.167565e-01	4.949478e-01	4.674915e-02	5.843644e-02	3.061127e-01	3.032957e-01	7.490513e-01	2.917217e-01
17842	9.168095e-01	7.966432e-01	2.582388e-02	3.227984e-02	1.690943e-01	1.202890e-01	9.839787e-01	2.113875e-01
12339	8.440755e-01	7.622832e-01	3.757301e-02	4.696626e-02	2.460275e-01	2.001533e-01	9.250715e-01	5.461506e-01
14292	3.409273e-01	8.236430e-01	5.427566e-02	6.784458e-02	3.553962e-01	2.198248e-01	6.388376e-01	1.277041e-01
15883	9.173480e-01	8.842455e-01	2.646901e-02	3.308627e-02	1.733187e-01	1.661013e-01	6.726953e-01	6.026061e-01
18618	8.948037e-01	4.477905e-01	4.749520e-02	5.936900e-02	3.109979e-01	2.687532e-01	3.200042e-01	3.955262e-02
32165	5.974974e-01	4.175627e-01	5.230638e-02	6.538298e-02	3.425014e-01	1.776789e-01	4.931407e-01	2.395371e-02
11319	1.783218e-01	1.938263e-01	5.081796e-02	6.352245e-02	3.327552e-01	2.137948e-01	1.315534e-01	3.137165e-02
667	7.661058e-01	5.317767e-02	3.424490e-02	4.280612e-02	2.242351e-01	1.802717e-01	7.083827e-01	8.054645e-01
25679	9.421445e-01	5.366855e-01	2.539498e-02	3.174372e-02	1.662859e-01	8.769107e-02	2.902756e-01	9.733044e-01
16185	6.220802e-01	3.237650e-01	2.112234e-02	2.640293e-02	1.383088e-01	7.325546e-02	1.413811e-01	2.494136e-01
8774	7.086629e-01	5.462679e-01	2.070104e-02	2.587630e-02	1.355501e-01	7.997129e-02	6.289558e-01	9.501814e-01
25301	5.378479e-01	2.721791e-01	2.583546e-02	3.229433e-02	1.691702e-01	1.682870e-01	7.533674e-01	3.139980e-01
32487	5.609786e-01	6.076267e-01	7.507095e-02	9.383869e-02	4.915634e-01	4.775366e-01	1.165729e-01	5.637517e-01
2272	7.547894e-01	2.782990e-01	2.368576e-02	2.960720e-02	1.550940e-01	8.344939e-02	4.433010e-01	9.491941e-01
10767	3.466209e-01	6.136326e-01	2.102593e-02	2.628241e-02	1.376774e-01	8.128710e-02	3.699282e-01	9.709196e-01
8707	8.893401e-01	2.404855e-01	2.331127e-02	2.913908e-02	1.526418e-01	1.226785e-01	1.362031e-01	4.413772e-01
23403	8.002025e-01	7.017313e-01	3.015459e-02	3.769324e-02	1.974518e-01	1.616982e-01	5.522976e-01	1.016649e-01
4559	7.418409e-01	5.693171e-01	2.424391e-02	3.030488e-02	1.587487e-01	1.522812e-01	1.742119e-01	1.118449e-01
31882	6.602452e-02	6.537154e-01	2.152618e-02	2.690772e-02	1.409531e-01	1.369285e-01	8.410945e-01	4.294890e-01
28946	1.618158e-01	5.850516e-01	2.950792e-02	3.688490e-02	1.932174e-01	1.927004e-01	4.120241e-01	2.927399e-01
30337	3.869131e-01	7.948815e-01	3.110373e-02	3.887966e-02	2.036667e-01	6.527328e-02	2.447709e-01	9.119859e-01
23260	8.696504e-01	2.950840e-01	2.278805e-02	2.848507e-02	1.492158e-01	9.276031e-02	2.154413e-01	3.573643e-01
27817	1.166368e-01	2.264208e-01	3.532722e-02	4.415902e-02	2.313221e-01	1.084266e-01	7.076248e-01	9.574754e-01
22833	2.972535e-02	5.189379e-01	2.642821e-02	3.303526e-02	1.730515e-01	5.621747e-02	8.664658e-01	9.294194e-01
10512	4.590289e-01	1.580208e-01	2.173620e-02	2.717025e-02	1.423283e-01	8.344914e-02	9.120296e-02	3.861704e-01
17386	4.935932e-01	4.298950e-01	2.741473e-02	3.426841e-02	1.795112e-01	1.761752e-01	8.194725e-01	8.967201e-01
21713	9.207410e-01	1.409951e-01	2.902898e-02	3.628623e-02	1.900813e-01	1.683565e-01	7.147752e-01	5.836084e-01
9271	8.163925e-01	5.655280e-01	3.534169e-02	4.417711e-02	2.314168e-01	1.062113e-01	5.646703e-01	5.297256e-02
25268	5.716013e-01	2.250037e-01	3.078335e-02	3.847919e-02	2.015689e-01	1.028899e-01	5.390792e-01	2.693214e-01
31413	4.509422e-02	8.657561e-01	2.185890e-02	2.732363e-02	1.431317e-01	1.025215e-01	7.825478e-01	3.940059e-01
15295	9.612711e-01	2.509230e-01	4.116095e-02	5.145119e-02	2.695213e-01	2.491235e-01	5.705968e-01	6.226523e-01
19846	4.149281e-01	8.634492e-01	2.987910e-02	3.734887e-02	1.956479e-01	7.159628e-02	3.155012e-01	6.026226e-01
25115	5.090862e-01	6.607984e-01	2.947158e-02	3.683947e-02	1.929794e-01	1.655660e-01	8.104149e-01	3.427913e-01
15134	9.638049e-01	4.437984e-01	2.670972e-02	3.338715e-02	1.748948e-01	1.716806e-01	6.309739e-01	7.270744e-01
12671	5.740598e-01	3.205253e-01	3.340665e-02	4.175832e-02	2.187463e-01	2.117479e-01	1.678082e-01	2.542921e-01
31151	9.266813e-01	4.046535e-01	2.067003e-02	2.583754e-02	1.353471e-01	1.100619e-01	9.620353e-01	1.728216e-01
26429	1.661844e-01	6.804539e-01	2.329993e-02	2.912491e-02	1.525676e-01	1.444786e-01	9.775680e-02	5.901570e-01
18419	7.416965e-01	1.585245e-01	2.347617e-02	2.934522e-02	1.537216e-01	1.513910e-01	4.849930e-01	7.274772e-01
30929	1.425772e-01	9.525647e-01	3.344759e-02	4.180949e-02	2.190143e-01	2.091641e-01	7.212595e-01	6.903935e-01
19019	2.750845e-01	1.674323e-01	3.969120e-02	4.961400e-02	2.598974e-01	2.546746e-01	5.293412e-01	8.865736e-01
32360	9.372165e-01	3.227978e-01	3.586938e-02	4.483673e-02	2.348722e-01	2.106119e-01	1.218239e-01	3.806057e-01
10073	2.008536e-01	3.868133e-01	2.149071e-02	2.686339e-02	1.407209e-01	4.001619e-02	4.377386e-01	9.341577e-01
300	7.580218e-02	5.736461e-01	3.739543e-02	4.674429e-02	2.448647e-01	2.420980e-01	6.517740e-01	2.435263e-01
7743	3.855362e-01	5.318717e-01	2.520886e-02	3.151107e-02	1.650672e-01	9.009638e-02	4.985331e-01	7.059721e-01
22183	7.668154e-02	1.176387e-01	3.878749e-02	4.848436e-02	2.539799e-01	1.108279e-01	1.976169e-01	6.556052e-01
13547	1.919234e-01	6.532489e-01	2.404278e-02	3.005348e-02	1.574318e-01	1.138573e-01	9.885640e-01	4.009209e-01
7441	7.315279e-01	3.942450e-01	7.058780e-02	8.823475e-02	4.622078e-01	4.593307e-01	8.689609e-01	1.298946e-01
32720	4.160269e-01	4.425963e-01	2.231260e-02	2.789074e-02	1.461025e-01	4.983509e-02	6.415852e-01	7.884721e-01
236	9.412305e-02	7.314124e-01	2.106892e-02	2.633614e-02	1.379589e-01	1.154598e-01	1.109045e-03	9.454301e-01
24426	3.531768e-01	2.864932e-01	2.140201e-02	2.675252e-02	1.401400e-01	5.302074e-02	3.518061e-01	5.359798e-01
7100	9.581964e-01	4.982321e-01	2.280728e-02	2.850910e-02	1.493417e-01	9.908455e-02	3.522716e-01	9.795402e-01
20134	2.460347e-01	7.518794e-01	3.919264e-02	4.899079e-02	2.566328e-01	6.694807e-02	5.248590e-01	6.750918e-01
12221	5.758049e-01	8.892248e-01	2.840493e-02	3.550617e-02	1.859951e-01	1.445115e-01	5.544263e-01	6.834543e-01
13008	9.069449e-02	5.236741e-01	3.753948e-02	4.692435e-02	2.458079e-01	1.527392e-01	4.345999e-01	4.332881e-01
22503	8.216878e-01	9.242071e-01	2.635349e-02	3.294187e-02	1.725623e-01	1.368953e-01	9.133255e-01	8.739331e-01
19349	4.572408e-01	8.109902e-01	4.943768e-02	6.179709e-02	3.237171e-01	9.552740e-02	3.288176e-01	2.845063e-01
27023	4.423540e-01	4.014609e-01	2.894267e-02	3.617834e-02	1.895162e-01	1.574936e-01	7.422282e-01	4.936265e-01
11648	2.855207e-01	5.194258e-01	7.646422e-02	9.558027e-02	5.006865e-01	2.488167e-01	4.467147e-01	2.039620e-01
15535	6.942673e-01	8.663125e-01	3.062137e-02	3.827671e-02	2.005083e-01	1.992142e-01	6.918722e-01	2.325186e-01
10960	6.012420e-01	2.051019e-01	3.795308e-02	4.744135e-02	2.485162e-01	6.779931e-02	9.770013e-01	5.568309e-01
16115	8.130559e-01	7.856070e-02	2.693833e-02	3.367291e-02	1.763918e-01	1.691016e-01	2.887722e-01	5.828019e-01
2859	5.307533e-01	8.667362e-01	6.189083e-02	7.736353e-02	4.052602e-01	2.775747e-01	7.146610e-01	7.768974e-01
15736	6.767835e-01	1.644715e-01	2.596422e-02	3.245528e-02	1.700133e-01	1.605119e-01	2.033038e-01	2.542525e-01
23443	2.798038e-02	7.800582e-01	2.596081e-02	3.245101e-02	1.699910e-01	1.134262e-01	1.866647e-01	7.352598e-01
17606	7.911570e-01	3.167927e-01	2.588490e-02	3.235613e-02	1.694939e-01	1.632459e-01	5.540207e-01	3.555022e-01
