114	4.919942e-01	6.011098e-01	4.684967e-02	5.856209e-02	3.067709e-01	3.067523e-01	4.890102e-01	8.979738e-01
26412	6.521857e-01	2.786851e-01	3.845080e-02	4.806350e-02	2.517752e-01	2.433488e-01	8.800843e-01	5.759231e-01
12601	1.143036e-01	8.613786e-01	2.137413e-02	2.671766e-02	1.399575e-01	1.367898e-01	6.967564e-01	7.730327e-01
4343	5.901072e-01	7.555071e-01	4.678642e-02	5.848302e-02	3.063567e-01	2.806467e-01	2.540224e-01	3.546520e-01
14982	7.640325e-01	3.680387e-02	2.172226e-02	2.715283e-02	1.422370e-01	1.336712e-01	1.484748e-01	2.178981e-01
20652	5.499987e-01	8.255249e-01	2.350181e-02	2.937727e-02	1.538895e-01	1.501735e-01	9.138655e-01	7.834244e-01
12119	7.999092e-01	4.043725e-01	2.143222e-02	2.679027e-02	1.403378e-01	8.814004e-02	8.879266e-01	4.502863e-01
20674	6.994965e-01	7.083417e-01	6.755554e-02	8.444442e-02	4.423526e-01	2.433438e-01	5.938101e-01	2.591948e-01
7697	1.854757e-01	4.260193e-01	2.164408e-02	2.705510e-02	1.417251e-01	4.391454e-02	6.439797e-02	6.831126e-01
7190	8.433161e-01	1.166836e-01	3.423279e-02	4.279099e-02	2.241558e-01	1.053327e-01	9.459694e-01	3.869238e-01
23052	2.336240e-01	9.323348e-01	2.075678e-02	2.594597e-02	1.359150e-01	1.273641e-01	8.796445e-02	8.748354e-01
3592	5.767977e-02	3.252303e-01	3.586660e-02	4.483325e-02	2.348540e-01	2.330326e-01	5.167356e-01	4.036110e-02
28048	5.899758e-01	2.672425e-01	2.556641e-02	3.195801e-02	1.674084e-01	1.312030e-01	9.625546e-01	7.658191e-01
10968	7.165058e-01	9.025902e-01	4.109748e-02	5.137185e-02	2.691056e-01	2.433461e-01	8.544474e-02	3.379222e-01
10751	1.930832e-01	5.729122e-01	7.694834e-02	9.618542e-02	5.038565e-01	4.877356e-01	2.075402e-02	8.374203e-01
4304	9.670924e-01	1.531458e-01	2.599495e-02	3.249369e-02	1.702145e-01	1.668161e-01	3.306080e-01	7.087367e-01
15831	9.357396e-01	2.064384e-01	4.101456e-02	5.126820e-02	2.685627e-01	1.799639e-01	4.393779e-01	2.848914e-01
23409	2.084944e-01	1.378684e-01	6.961419e-02	8.701773e-02	4.558326e-01	3.623383e-01	8.865802e-01	8.960527e-01
1750	2.295052e-01	4.879144e-01	2.893149e-02	3.616436e-02	1.894430e-01	1.457632e-01	5.918686e-02	8.846756e-01
27198	6.298432e-02	2.327021e-01	2.731001e-02	3.413752e-02	1.788255e-01	1.618378e-01	8.474551e-01	8.327641e-01
32515	3.097940e-01	8.596134e-01	5.379105e-02	6.723881e-02	3.522230e-01	2.050589e-01	8.200707e-01	8.354411e-01
22852	7.354386e-01	8.302753e-01	7.057358e-02	8.821697e-02	4.621147e-01	1.596930e-01	3.874874e-01	1.576483e-01
8959	7.679210e-02	9.274357e-01	2.647249e-02	3.309061e-02	1.733415e-01	1.286727e-01	3.933491e-01	5.711817e-01
28604	4.615009e-01	2.849270e-01	2.367939e-02	2.959923e-02	1.550523e-01	1.473546e-01	5.999545e-01	3.982954e-01
24731	8.824104e-01	1.330576e-01	4.181316e-02	5.226645e-02	2.737919e-01	1.739325e-01	1.820064e-01	6.635354e-01
13004	6.531673e-02	1.424417e-01	5.555377e-02	6.944221e-02	3.637652e-01	3.550724e-01	6.824842e-01	9.397868e-01
25971	8.746768e-01	4.535526e-01	4.465253e-02	5.581567e-02	2.923841e-01	1.393222e-01	7.838184e-01	6.867265e-01
11314	8.136507e-01	7.437837e-01	2.655804e-02	3.319754e-02	1.739016e-01	1.738858e-01	4.369493e-01	5.029676e-01
31064	3.121327e-01	9.086595e-02	3.419937e-02	4.274921e-02	2.239369e-01	2.041250e-01	7.772101e-01	9.746497e-02
12488	8.507324e-01	6.008348e-01	3.757348e-02	4.696685e-02	2.460306e-01	2.396866e-01	3.947183e-01	6.132569e-01
16744	6.333364e-01	5.899711e-01	2.068997e-02	2.586246e-02	1.354776e-01	4.252716e-02	9.382353e-01	8.336546e-01
15781	1.987340e-01	2.521675e-01	2.509971e-02	3.137464e-02	1.643525e-01	1.074474e-01	9.453521e-01	3.788114e-02
3541	9.570667e-01	4.362127e-02	2.154075e-02	2.692594e-02	1.410485e-01	1.232013e-01	6.012371e-01	8.158484e-01
23214	7.951647e-01	8.625529e-01	3.338318e-02	4.172898e-02	2.185926e-01	1.844147e-01	3.600141e-01	6.981929e-01
20203	3.494162e-01	5.219572e-01	3.762103e-02	4.702629e-02	2.463419e-01	1.258169e-01	4.016950e-01	2.885269e-01
3051	9.895187e-02	7.426869e-01	2.825363e-02	3.531704e-02	1.850044e-01	1.507720e-01	6.189239e-04	1.159947e-01
30345	4.087032e-01	3.869179e-01	5.129172e-02	6.411465e-02	3.358574e-01	3.356165e-01	5.934059e-01	9.044645e-01
4878	9.285315e-01	8.901419e-01	4.821972e-02	6.027465e-02	3.157420e-01	8.258639e-02	9.141030e-01	8.389429e-01
24217	6.789305e-01	4.972086e-01	5.601635e-02	7.002043e-02	3.667942e-01	2.855993e-01	2.533124e-01	7.849478e-01
7697	1.525762e-01	9.251841e-02	2.929259e-02	3.661574e-02	1.918074e-01	8.617680e-02	2.437239e-01	1.158699e-01
26452	7.416303e-02	8.013191e-01	5.407868e-02	6.759835e-02	3.541063e-01	3.537937e-01	3.034736e-01	8.368020e-01
3547	4.798092e-01	3.749027e-01	2.773111e-02	3.466389e-02	1.815829e-01	1.271826e-01	6.014152e-01	1.647060e-01
22131	1.376722e-01	7.129423e-01	3.927488e-02	4.909360e-02	2.571713e-01	2.571579e-01	5.883999e-01	4.228060e-01
16318	6.919625e-01	9.430332e-01	2.175592e-02	2.719490e-02	1.424574e-01	8.333953e-02	1.075011e-01	8.600169e-01
25594	8.964832e-01	6.198648e-01	3.543274e-02	4.429092e-02	2.320130e-01	2.318286e-01	4.891368e-01	4.813017e-01
14670	4.576412e-01	4.660315e-01	4.840479e-02	6.050599e-02	3.169538e-01	1.664116e-01	9.756929e-01	8.047440e-01
1811	4.908538e-01	1.904645e-01	3.232068e-02	4.040086e-02	2.116353e-01	1.927045e-01	2.812628e-01	5.507615e-01
18983	7.571656e-01	7.280986e-01	2.893447e-02	3.616808e-02	1.894624e-01	1.023699e-01	7.559905e-02	2.974161e-01
7066	4.417126e-01	5.768194e-01	2.913203e-02	3.641504e-02	1.907561e-01	1.133080e-01	6.294975e-01	4.588387e-01
7968	3.908479e-01	9.563142e-02	2.331566e-02	2.914458e-02	1.526706e-01	1.503422e-01	7.500775e-01	8.030626e-01
27920	5.757630e-01	4.704849e-01	2.590223e-02	3.237779e-02	1.696074e-01	6.525860e-02	8.271827e-01	6.100093e-01
30933	9.281863e-01	5.298932e-01	4.616562e-02	5.770702e-02	3.022917e-01	2.192774e-01	3.368017e-01	9.413070e-01
7897	6.497790e-01	8.214407e-01	4.172992e-02	5.216239e-02	2.732468e-01	2.090706e-01	4.088505e-01	6.880218e-01
21982	8.152308e-01	5.191995e-01	2.561108e-02	3.201385e-02	1.677009e-01	1.332022e-01	4.477496e-01	6.253552e-02
13709	5.689739e-01	9.224661e-01	2.479591e-02	3.099488e-02	1.623632e-01	1.606592e-01	5.466954e-01	5.978372e-02
17048	2.760232e-01	2.296987e-01	2.887938e-02	3.609923e-02	1.891018e-01	1.706209e-01	6.503149e-01	8.460529e-01
9201	5.666827e-01	6.456161e-01	5.060411e-02	6.325514e-02	3.313549e-01	3.258006e-01	4.883840e-01	4.633328e-01
12991	5.553482e-01	3.293541e-01	3.580174e-02	4.475218e-02	2.344293e-01	7.324429e-02	2.738417e-01	2.020669e-01
29068	8.406247e-01	7.925777e-01	2.189692e-02	2.737115e-02	1.433807e-01	1.085875e-01	3.271640e-01	1.410832e-01
8210	6.224733e-01	5.347854e-01	6.083513e-02	7.604391e-02	3.983475e-01	3.387197e-01	1.284736e-01	3.297615e-01
28040	1.029455e-01	5.247380e-01	2.734621e-02	3.418276e-02	1.790626e-01	5.660789e-02	7.291780e-01	5.884135e-01
22894	1.106505e-01	4.589992e-01	2.070488e-02	2.588110e-02	1.355753e-01	6.473129e-02	5.494651e-01	6.711531e-01
2452	2.193473e-01	7.974509e-01	7.119879e-02	8.899848e-02	4.662086e-01	3.509075e-01	2.097610e-01	9.657084e-03
29235	3.979419e-01	2.042015e-01	6.247170e-02	7.808962e-02	4.090637e-01	3.402101e-01	5.099812e-01	5.301405e-01
28207	8.816047e-01	9.218513e-01	2.583660e-02	3.229575e-02	1.691776e-01	1.498162e-01	3.573433e-02	8.901236e-01
1319	1.041968e-01	4.027966e-01	2.128818e-02	2.661023e-02	1.393947e-01	1.149612e-01	3.992441e-03	9.495150e-01
6817	7.304480e-01	3.172697e-01	3.694574e-02	4.618218e-02	2.419201e-01	1.921375e-01	9.050302e-02	2.811731e-01
8556	9.339923e-01	6.874263e-01	2.057036e-02	2.571295e-02	1.346944e-01	4.829189e-02	6.429899e-01	6.682161e-02
23460	8.092079e-01	7.041955e-01	2.680705e-02	3.350881e-02	1.755321e-01	1.333457e-01	9.230900e-01	8.667009e-01
20839	4.451407e-01	5.382107e-02	2.401456e-02	3.001819e-02	1.572469e-01	1.241539e-01	3.612972e-01	2.460823e-01
7337	8.811619e-01	2.796312e-01	3.256813e-02	4.071017e-02	2.132556e-01	1.384316e-01	7.746364e-01	1.870298e-01
6475	3.879489e-01	5.233424e-01	2.077569e-02	2.596961e-02	1.360389e-01	1.165152e-01	3.263561e-01	5.030031e-02
17660	9.711535e-01	8.200736e-01	2.437465e-02	3.046831e-02	1.596048e-01	9.805641e-02	3.820430e-01	7.182823e-01
