30268	2.431377e-01	6.741428e-01	2.770927e-02	3.463659e-02	1.814399e-01	8.184306e-02	7.475884e-01	4.940064e-01
1455	6.346343e-01	5.876217e-01	3.220657e-02	4.025821e-02	2.108881e-01	7.835018e-02	2.607965e-01	2.172440e-01
28891	1.150545e-01	1.273152e-01	3.363506e-02	4.204382e-02	2.202418e-01	9.577796e-02	2.647336e-01	2.574661e-01
23149	8.809286e-01	3.967827e-01	3.724159e-02	4.655199e-02	2.438574e-01	2.433279e-01	9.178809e-01	7.176258e-01
23665	1.977663e-01	4.206805e-01	4.718051e-02	5.897564e-02	3.089373e-01	3.001087e-01	8.866050e-02	1.207018e-01
5671	1.609166e-01	1.094559e-01	3.355660e-02	4.194574e-02	2.197281e-01	8.075731e-02	7.769910e-02	1.186272e-01
8240	9.277507e-01	6.707766e-01	6.326647e-02	7.908309e-02	4.142679e-01	3.237205e-01	6.525420e-01	5.609442e-01
8972	6.191076e-01	3.643107e-01	3.514665e-02	4.393332e-02	2.301397e-01	7.220255e-02	9.442146e-01	5.326445e-01
31923	4.917305e-01	7.322123e-01	3.075670e-02	3.844588e-02	2.013944e-01	1.159856e-01	7.946592e-01	9.502331e-01
1643	4.635512e-01	6.075963e-01	7.410540e-02	9.263175e-02	4.852410e-01	4.423050e-01	9.145442e-01	8.942665e-01
24021	6.026735e-01	1.850895e-01	2.101647e-02	2.627059e-02	1.376156e-01	1.173899e-01	4.713254e-01	3.129114e-01
2423	8.685213e-01	6.792489e-01	3.983836e-02	4.979795e-02	2.608610e-01	2.602201e-01	7.398387e-02	4.137207e-01
24998	2.264874e-01	5.853143e-01	6.053967e-02	7.567459e-02	3.964128e-01	3.960572e-01	3.321236e-01	4.323482e-01
22362	2.953069e-01	6.820818e-01	3.766878e-02	4.708598e-02	2.466546e-01	2.394890e-01	1.721132e-01	2.904979e-01
6107	6.356573e-01	8.111088e-01	2.111942e-02	2.639927e-02	1.382896e-01	1.066175e-01	6.845281e-01	6.059637e-01
5589	2.301696e-01	1.370556e-01	4.113163e-02	5.141453e-02	2.693292e-01	1.636931e-01	5.007997e-01	6.391885e-01
19134	9.278533e-01	3.779094e-01	3.546391e-02	4.432989e-02	2.322171e-01	2.256038e-01	5.945122e-02	1.672764e-01
927	2.175724e-01	6.884588e-01	2.810158e-02	3.512698e-02	1.840087e-01	1.772112e-01	3.584797e-01	2.729053e-02
16968	1.645287e-01	2.289316e-01	3.553862e-02	4.442327e-02	2.327063e-01	2.311395e-01	2.864832e-01	8.177936e-01
15375	4.021544e-01	6.784921e-01	2.638518e-02	3.298148e-02	1.727698e-01	1.724429e-01	5.131603e-01	7.046314e-01
379	9.023872e-01	8.462050e-01	4.805156e-02	6.006445e-02	3.146409e-01	2.772577e-01	7.829977e-01	1.778459e-01
23924	8.765775e-01	4.759586e-01	2.705326e-02	3.381658e-02	1.771443e-01	1.710875e-01	6.360065e-01	7.534538e-01
11183	6.354286e-01	1.386674e-01	2.385644e-02	2.982055e-02	1.562116e-01	1.285523e-01	1.402424e-01	9.588234e-01
1812	6.104932e-01	8.402779e-02	6.136594e-02	7.670743e-02	4.018232e-01	2.226020e-01	2.759995e-01	4.767563e-01
30280	3.823699e-01	5.533506e-01	3.668096e-02	4.585120e-02	2.401863e-01	2.037023e-01	9.019959e-01	7.280027e-01
282	7.105852e-02	6.196245e-01	4.795019e-02	5.993773e-02	3.139771e-01	2.724211e-01	9.893893e-01	2.651354e-01
11441	1.231706e-01	3.097843e-01	5.456994e-02	6.821242e-02	3.573231e-01	1.277470e-01	3.653241e-01	4.422069e-01
27579	2.699283e-01	7.392472e-01	2.304080e-02	2.880100e-02	1.508708e-01	7.030205e-02	1.825692e-01	7.526781e-01
25706	3.448812e-01	5.216025e-01	3.148001e-02	3.935001e-02	2.061306e-01	1.851322e-01	9.311493e-01	2.895360e-01
29113	6.603069e-01	7.546368e-01	2.858495e-02	3.573119e-02	1.871738e-01	7.027675e-02	7.665476e-01	3.450241e-01
15691	3.031937e-01	2.778461e-01	5.488805e-02	6.861007e-02	3.594061e-01	3.553799e-01	1.838210e-01	3.925009e-01
23253	3.641368e-01	7.585485e-01	4.790742e-02	5.988427e-02	3.136970e-01	3.124600e-01	8.582618e-01	5.987521e-01
12656	9.144568e-01	4.935205e-01	3.252722e-02	4.065903e-02	2.129878e-01	1.319176e-01	3.882143e-01	8.384487e-01
8460	4.980034e-01	5.358850e-01	2.223716e-02	2.779645e-02	1.456086e-01	6.256950e-02	2.890777e-02	4.732289e-01
16056	6.259111e-01	9.156492e-01	3.844507e-02	4.805634e-02	2.517377e-01	7.362944e-02	8.731479e-01	3.923791e-01
20017	4.976130e-02	6.919166e-01	2.441358e-02	3.051698e-02	1.598598e-01	1.598569e-01	3.079923e-01	4.133730e-01
6326	5.217454e-01	1.228955e-01	4.510514e-02	5.638142e-02	2.953477e-01	1.139604e-01	5.928239e-01	6.227432e-01
7830	3.263674e-01	9.052355e-01	2.772742e-02	3.465927e-02	1.815587e-01	1.745001e-01	5.906690e-01	1.153660e-01
28971	8.428333e-02	4.893878e-01	6.466927e-02	8.083658e-02	4.234534e-01	3.343392e-01	2.835895e-01	4.129890e-01
30928	2.213997e-01	8.856161e-01	2.264055e-02	2.830069e-02	1.482500e-01	1.002073e-01	5.459752e-01	2.966452e-02
1191	5.525035e-01	7.351210e-01	3.509260e-02	4.386575e-02	2.297858e-01	2.207832e-01	9.411958e-01	2.193069e-01
8343	3.549393e-01	4.094552e-01	3.883719e-02	4.854648e-02	2.543053e-01	2.206039e-01	5.368307e-01	2.053355e-01
10394	6.428802e-01	4.811984e-01	2.477278e-02	3.096597e-02	1.622118e-01	1.615572e-01	8.694960e-01	6.518116e-01
28246	7.327001e-01	3.888637e-01	3.421049e-02	4.276312e-02	2.240098e-01	1.393457e-01	7.097020e-01	5.311854e-01
11124	6.739617e-01	2.475411e-01	4.767915e-02	5.959894e-02	3.122023e-01	3.113364e-01	7.880293e-01	3.806216e-02
1463	8.319173e-01	9.182504e-01	2.168752e-02	2.710940e-02	1.420095e-01	6.422109e-02	2.296275e-01	5.759168e-01
30195	2.903416e-01	4.982622e-01	5.258062e-02	6.572577e-02	3.442971e-01	1.883106e-01	9.164454e-01	3.478959e-01
10069	5.132302e-02	8.996387e-01	3.498191e-02	4.372739e-02	2.290610e-01	7.127058e-02	8.995682e-01	1.704652e-01
32199	6.122716e-01	1.592007e-01	2.352219e-02	2.940274e-02	1.540229e-01	4.460259e-02	8.515410e-01	7.170688e-01
22600	6.096307e-01	4.296089e-01	2.351898e-02	2.939872e-02	1.540019e-01	1.509967e-01	5.344750e-01	4.620213e-01
5723	9.067024e-01	5.852465e-01	2.146858e-02	2.683572e-02	1.405759e-01	5.067698e-02	7.523571e-01	7.304282e-01
28171	4.157511e-01	3.047594e-02	2.452172e-02	3.065215e-02	1.605678e-01	1.053603e-01	2.782883e-01	1.180675e-01
12504	1.294496e-01	5.592896e-02	3.643697e-02	4.554621e-02	2.385887e-01	1.658769e-01	7.975334e-01	9.849772e-01
26118	5.492953e-01	2.096506e-01	5.856057e-02	7.320071e-02	3.834537e-01	3.001476e-01	2.195576e-01	3.040957e-01
29080	4.003028e-01	3.780196e-01	2.797420e-02	3.496775e-02	1.831746e-01	1.757300e-01	3.555445e-01	6.746566e-02
20623	6.626598e-01	5.553375e-01	4.493982e-02	5.617477e-02	2.942652e-01	2.521709e-01	4.375502e-01	7.483522e-01
10685	7.141774e-01	5.890524e-01	2.296776e-02	2.870971e-02	1.503926e-01	1.460682e-01	2.503257e-01	3.307250e-01
29402	6.092567e-01	7.294139e-01	2.158097e-02	2.697621e-02	1.413119e-01	1.413089e-01	6.067888e-01	5.074818e-02
30428	6.640295e-01	6.048158e-02	2.472768e-02	3.090960e-02	1.619165e-01	1.199091e-01	1.904754e-01	3.716419e-01
16941	7.307065e-01	9.271586e-01	2.410057e-02	3.012572e-02	1.578102e-01	9.647564e-02	1.080498e-01	1.523623e-01
27258	6.052551e-01	6.170082e-01	2.223773e-02	2.779716e-02	1.456123e-01	1.387956e-01	2.610992e-02	6.056798e-01
22687	8.949300e-01	1.079057e-01	3.046356e-02	3.807945e-02	1.994749e-01	1.363661e-01	7.521450e-01	5.755500e-02
12331	2.561979e-01	2.241980e-01	2.612290e-02	3.265362e-02	1.710523e-01	1.705579e-01	7.000440e-01	5.599054e-01
15086	3.127321e-01	2.316553e-01	2.500609e-02	3.125761e-02	1.637395e-01	5.197922e-02	3.143388e-01	6.993188e-01
22690	1.627049e-01	6.279059e-01	3.275354e-02	4.094192e-02	2.144697e-01	1.069172e-01	3.785074e-01	5.594617e-01
14142	3.787060e-01	3.123063e-01	4.896557e-02	6.120696e-02	3.206258e-01	1.514799e-01	7.679887e-01	4.069585e-01
22701	5.522589e-01	4.484900e-01	2.451242e-02	3.064053e-02	1.605070e-01	1.326603e-01	1.760813e-01	7.151667e-01
30067	3.925209e-02	8.067111e-01	3.713370e-02	4.641713e-02	2.431509e-01	2.259340e-01	2.790364e-01	9.552242e-01
16990	4.651544e-01	5.201159e-02	3.515271e-02	4.394089e-02	2.301794e-01	2.245974e-01	7.084687e-01	4.071789e-02
29136	9.499512e-01	1.584219e-01	3.790078e-02	4.737598e-02	2.481737e-01	2.134427e-01	5.898499e-01	3.055158e-01
12211	7.655118e-02	3.026793e-01	2.263781e-02	2.829726e-02	1.482320e-01	1.468486e-01	6.310945e-01	5.274421e-01
10965	5.449756e-01	5.098818e-01	2.896299e-02	3.620373e-02	1.896492e-01	1.775180e-01	8.593967e-01	6.224423e-01
22508	1.027820e-01	8.563125e-01	5.707347e-02	7.134184e-02	3.737162e-01	1.205048e-01	1.847479e-02	9.600569e-01
23690	2.314434e-01	3.600017e-01	2.998891e-02	3.748614e-02	1.963669e-01	1.160517e-01	3.261411e-01	6.102745e-01
20005	1.572945e-01	9.053166e-01	6.942417e-02	8.678021e-02	4.545884e-01	3.986076e-01	1.177246e-01	6.420005e-01
20037	2.166337e-01	2.377194e-01	2.873344e-02	3.591680e-02	1.881461e-01	1.774333e-01	9.645469e-01	4.348693e-01
28639	7.004282e-01	9.027601e-01	2.851034e-02	3.563793e-02	1.866853e-01	1.859238e-01	8.333919e-01	2.202620e-01
29422	5.154707e-01	4.739903e-01	4.867815e-02	6.084769e-02	3.187438e-01	3.017483e-01	8.655568e-01	3.813350e-02
31377	7.013101e-01	6.408957e-01	3.591190e-02	4.488987e-02	2.351505e-01	2.231514e-01	8.727799e-01	5.307157e-01
21608	7.102738e-01	7.842156e-01	2.969935e-02	3.712419e-02	1.944709e-01	7.256416e-02	4.438836e-01	3.540821e-01
21209	7.551111e-01	2.500603e-01	4.352590e-02	5.440738e-02	2.850069e-01	2.496069e-01	1.635898e-01	2.842438e-01
