4878	8.278993e-01	2.294172e-01	2.587289e-02	3.234111e-02	1.694153e-01	1.078552e-01	6.707384e-02	7.800510e-01
4812	9.349581e-01	2.750917e-01	2.696681e-02	3.370851e-02	1.765783e-01	1.765665e-01	3.621639e-01	9.052894e-01
15183	6.871808e-01	8.540940e-01	2.612129e-02	3.265161e-02	1.710418e-01	1.706890e-01	8.396745e-01	2.621205e-01
9917	6.600734e-01	6.943973e-01	5.666898e-02	7.083623e-02	3.710676e-01	1.243331e-01	3.722493e-01	3.546156e-01
13239	9.263031e-01	1.344594e-01	3.362924e-02	4.203656e-02	2.202038e-01	7.100933e-02	3.205477e-01	9.546104e-01
13046	7.823310e-02	6.986167e-01	2.104356e-02	2.630446e-02	1.377929e-01	1.150428e-01	4.030462e-01	4.659319e-01
23685	6.289825e-01	8.051065e-01	3.298087e-02	4.122609e-02	2.159582e-01	1.830796e-01	5.532331e-01	1.117454e-01
29693	8.284862e-01	7.084570e-01	2.148953e-02	2.686191e-02	1.407131e-01	1.392299e-01	4.779543e-01	5.546089e-01
14838	4.119123e-01	3.830090e-01	3.687893e-02	4.609866e-02	2.414827e-01	2.369486e-01	1.246353e-02	5.563917e-01
5374	7.259453e-01	5.453801e-01	2.597179e-02	3.246474e-02	1.700629e-01	1.697404e-01	6.581598e-02	8.334290e-01
23296	2.032935e-01	1.362665e-01	4.803074e-02	6.003842e-02	3.145045e-01	2.661161e-01	9.988089e-01	7.346030e-01
21278	2.834216e-01	4.109297e-01	5.898885e-02	7.373606e-02	3.862581e-01	3.068125e-01	8.130160e-02	4.575270e-01
13517	7.041917e-01	4.463361e-01	7.690782e-02	9.613478e-02	5.035912e-01	4.080881e-01	9.278460e-01	5.063575e-01
11187	6.410972e-01	9.199839e-01	2.350181e-02	2.937727e-02	1.538895e-01	1.525828e-01	8.052627e-01	9.682548e-01
20394	1.388276e-01	2.132296e-01	2.620634e-02	3.275792e-02	1.715987e-01	1.711952e-01	4.807948e-01	1.446814e-01
17158	6.156210e-01	3.713944e-01	2.331010e-02	2.913762e-02	1.526341e-01	8.311305e-02	9.567812e-01	4.513610e-01
25631	9.207463e-01	7.748820e-01	7.432341e-02	9.290427e-02	4.866686e-01	2.877957e-01	3.651709e-01	3.835496e-01
21616	9.486626e-01	6.787931e-01	2.439051e-02	3.048814e-02	1.597087e-01	5.505806e-02	7.099582e-01	4.443169e-01
7798	4.728910e-01	5.965257e-01	2.102492e-02	2.628115e-02	1.376709e-01	1.188783e-01	6.371455e-01	9.447083e-02
7440	4.718017e-01	8.836323e-01	4.230734e-02	5.288417e-02	2.770278e-01	1.603771e-01	9.061020e-01	6.358268e-01
12077	8.427086e-01	8.129634e-01	4.151968e-02	5.189959e-02	2.718702e-01	2.585513e-01	6.693164e-01	8.715020e-01
2289	3.300549e-01	5.393831e-01	2.624403e-02	3.280504e-02	1.718455e-01	9.759239e-02	7.879871e-01	3.249746e-01
6907	3.329082e-01	9.247235e-01	2.538937e-02	3.173672e-02	1.662492e-01	9.710214e-02	9.038004e-01	9.777701e-01
27437	2.942953e-01	9.089173e-01	2.191903e-02	2.739879e-02	1.435255e-01	1.163752e-01	2.019837e-01	8.949688e-01
28522	4.710912e-01	5.327634e-01	4.221187e-02	5.276484e-02	2.764027e-01	1.583135e-01	7.551441e-01	1.265814e-01
28621	1.478687e-01	3.443601e-01	3.881528e-02	4.851910e-02	2.541618e-01	2.177442e-01	7.440537e-01	2.258889e-01
3728	2.659785e-01	5.800643e-01	6.270396e-02	7.837995e-02	4.105846e-01	3.654410e-01	9.229481e-01	8.397602e-01
32341	7.765034e-01	3.372033e-01	2.172760e-02	2.715950e-02	1.422720e-01	7.147446e-02	9.531051e-01	1.156833e-01
17215	6.025129e-01	1.749439e-01	2.154231e-02	2.692789e-02	1.410587e-01	1.402244e-01	7.304895e-01	6.436521e-01
4811	9.114361e-01	5.343259e-01	7.134750e-02	8.918437e-02	4.671823e-01	2.269680e-01	2.548944e-01	2.479013e-01
12198	2.071040e-01	4.400855e-01	2.523602e-02	3.154503e-02	1.652451e-01	1.169951e-01	2.394122e-01	1.250033e-01
25594	9.272945e-02	4.928758e-01	2.168635e-02	2.710794e-02	1.420019e-01	1.373054e-01	6.662380e-01	4.622575e-01
20379	1.302080e-01	6.534762e-01	3.904220e-02	4.880275e-02	2.556477e-01	6.813132e-02	8.900304e-01	5.177906e-01
21645	1.940180e-01	2.130371e-01	2.210181e-02	2.762726e-02	1.447223e-01	1.396693e-01	5.832277e-01	1.958745e-01
29465	5.904758e-01	4.323956e-01	4.308256e-02	5.385320e-02	2.821039e-01	8.270196e-02	1.829644e-02	1.544374e-01
7948	3.221583e-01	3.081794e-01	2.360581e-02	2.950726e-02	1.545705e-01	1.328072e-01	9.372023e-01	1.822571e-01
945	9.399839e-01	9.436607e-01	3.965731e-02	4.957164e-02	2.596755e-01	2.596539e-01	3.077834e-01	1.660541e-01
20032	7.207748e-01	6.442743e-01	2.633960e-02	3.292450e-02	1.724713e-01	5.466830e-02	5.279451e-01	4.912040e-01
29279	1.223666e-01	3.915962e-01	3.511801e-02	4.389751e-02	2.299522e-01	8.277289e-02	8.406989e-01	1.697651e-01
20809	5.449571e-02	4.019390e-01	2.210988e-02	2.763735e-02	1.447752e-01	1.438056e-01	9.811882e-01	4.556786e-01
10371	8.066566e-01	8.726963e-01	2.585306e-02	3.231633e-02	1.692855e-01	1.649381e-01	1.932170e-01	3.495461e-01
20426	5.592185e-01	7.954855e-02	3.080461e-02	3.850576e-02	2.017081e-01	1.859590e-01	4.115181e-01	6.557869e-02
30843	5.803296e-01	2.661270e-01	5.621542e-02	7.026928e-02	3.680977e-01	3.511261e-01	2.446992e-01	5.113578e-02
3745	4.957543e-02	5.135820e-01	3.819804e-02	4.774755e-02	2.501202e-01	2.409867e-01	3.768636e-01	7.509476e-01
10971	1.071916e-01	6.067291e-01	3.386297e-02	4.232871e-02	2.217342e-01	1.709456e-01	3.675383e-01	8.570001e-01
1374	5.733737e-02	2.362177e-01	4.587471e-02	5.734338e-02	3.003869e-01	3.003855e-01	1.638972e-01	6.257065e-01
19023	2.311178e-01	9.023417e-01	2.239328e-02	2.799160e-02	1.466309e-01	1.175495e-01	9.930980e-01	6.649673e-01
7344	2.362296e-01	7.726743e-01	2.351537e-02	2.939421e-02	1.539783e-01	8.895381e-02	6.046120e-01	6.866629e-01
15072	3.082362e-01	1.943257e-01	7.686070e-02	9.607588e-02	5.032827e-01	3.455092e-01	3.832307e-01	5.104045e-01
23713	8.260654e-01	1.716561e-01	2.824866e-02	3.531083e-02	1.849718e-01	1.659946e-01	5.175999e-01	4.985852e-01
4110	4.125064e-02	6.899875e-01	3.553413e-02	4.441767e-02	2.326770e-01	1.459481e-01	1.428777e-01	6.676397e-01
29827	1.477386e-01	8.252948e-01	4.503720e-02	5.629650e-02	2.949029e-01	1.649569e-01	2.358067e-01	6.048170e-01
7006	7.565883e-01	8.850818e-01	4.968965e-02	6.211207e-02	3.253671e-01	2.388144e-01	8.957591e-01	8.869193e-01
30114	6.858992e-01	2.712598e-01	3.603167e-02	4.503958e-02	2.359348e-01	1.089655e-01	5.921077e-01	2.402968e-01
5796	8.805653e-01	4.363319e-01	6.869730e-02	8.587163e-02	4.498289e-01	2.041344e-01	1.093541e-01	5.453956e-01
10185	6.582138e-01	8.659853e-01	2.772305e-02	3.465382e-02	1.815301e-01	1.136783e-01	9.046472e-01	3.032114e-01
29127	5.058068e-01	3.641068e-01	2.567911e-02	3.209888e-02	1.681464e-01	1.068152e-01	6.541124e-01	4.484544e-01
27494	2.643917e-01	6.463093e-01	3.713939e-02	4.642424e-02	2.431881e-01	2.197087e-01	7.729001e-01	7.993688e-01
17423	4.220826e-01	8.431540e-01	2.191442e-02	2.739302e-02	1.434953e-01	1.377684e-01	8.677288e-01	5.058118e-01
8647	8.496202e-01	5.035102e-01	2.275576e-02	2.844471e-02	1.490044e-01	8.133247e-02	7.419822e-01	3.585059e-01
29166	8.229629e-01	9.335069e-02	5.195346e-02	6.494183e-02	3.401905e-01	2.161255e-01	2.809694e-02	1.487023e-01
101	4.261757e-01	7.426098e-02	2.808338e-02	3.510423e-02	1.838895e-01	1.439263e-01	7.617357e-01	7.718959e-01
4222	5.191140e-01	5.093166e-01	3.574598e-02	4.468247e-02	2.340641e-01	2.285999e-01	5.917024e-01	4.429998e-01
14463	7.527374e-02	8.084849e-01	3.008048e-02	3.760060e-02	1.969665e-01	1.406729e-01	5.575245e-01	6.763941e-01
19638	4.837975e-01	9.463157e-01	2.561667e-02	3.202084e-02	1.677376e-01	7.996817e-02	7.036372e-01	7.640986e-01
4015	8.645525e-01	3.309479e-01	3.222527e-02	4.028159e-02	2.110106e-01	1.385859e-01	9.510833e-01	7.227590e-01
8111	2.563179e-01	8.789667e-01	2.968184e-02	3.710230e-02	1.943562e-01	1.942400e-01	1.998234e-01	8.660613e-01
1227	1.882631e-01	7.488305e-01	3.165461e-02	3.956826e-02	2.072739e-01	1.954807e-01	1.059128e-01	7.628083e-01
4726	8.247900e-01	2.851271e-01	5.046881e-02	6.308601e-02	3.304690e-01	2.883158e-01	5.178810e-01	5.564264e-01
28825	3.142785e-01	8.572006e-01	4.529846e-02	5.662308e-02	2.966136e-01	1.054852e-01	8.143091e-01	7.954241e-01
12466	8.374422e-01	4.790477e-01	2.296386e-02	2.870483e-02	1.503670e-01	8.257264e-02	1.805175e-01	4.545230e-02
11141	4.815226e-01	7.098168e-01	3.636321e-02	4.545401e-02	2.381057e-01	1.277101e-01	5.253084e-01	5.793893e-01
14147	7.850892e-01	9.455553e-01	2.179360e-02	2.724201e-02	1.427042e-01	1.284494e-01	4.345167e-01	1.537400e-01
15638	7.761794e-01	6.827182e-01	2.813589e-02	3.516986e-02	1.842333e-01	1.695136e-01	1.396220e-01	8.675561e-01
11230	7.212416e-01	1.855355e-01	2.905811e-02	3.632264e-02	1.902720e-01	1.277695e-01	6.929077e-01	4.507795e-01
25257	7.629586e-01	5.234236e-01	2.668205e-02	3.335256e-02	1.747137e-01	1.702193e-01	8.200583e-01	9.063928e-01
27109	3.277074e-02	2.842108e-01	2.276388e-02	2.845484e-02	1.490575e-01	1.450718e-01	3.498172e-01	6.222327e-01
5059	1.974336e-01	4.794697e-01	2.904863e-02	3.631079e-02	1.902100e-01	1.602280e-01	9.215799e-01	8.606084e-03
20098	7.471734e-01	7.686035e-01	2.146149e-02	2.682687e-02	1.405295e-01	1.151876e-01	4.299459e-01	1.604816e-01
19757	9.275944e-01	8.923720e-01	2.371438e-02	2.964297e-02	1.552814e-01	9.759529e-02	7.552222e-01	4.116251e-01
31226	8.407035e-01	9.242132e-01	2.291490e-02	2.864363e-02	1.500464e-01	8.185055e-02	7.694923e-01	4.462549e-01
20270	9.061285e-01	5.808963e-01	2.309611e-02	2.887014e-02	1.512330e-01	6.424576e-02	3.747491e-02	4.673555e-01
2108	6.490758e-02	1.124246e-01	4.778942e-02	5.973678e-02	3.129244e-01	1.084005e-01	4.865970e-02	9.951039e-01
26029	6.010603e-01	8.124346e-01	2.247646e-02	2.809557e-02	1.471755e-01	7.795018e-02	6.255578e-01	8.839643e-02
