4595	4.033707e-01	9.222384e-01	6.404299e-02	8.005374e-02	4.193525e-01	4.027372e-01	1.321444e-01	4.008953e-01
13601	9.920823e-02	7.477743e-01	3.224850e-02	4.031062e-02	2.111627e-01	8.431577e-02	8.192752e-02	6.166464e-02
28148	8.403697e-02	1.843911e-01	3.277869e-02	4.097336e-02	2.146343e-01	2.093659e-01	5.768130e-01	3.563273e-01
32416	2.852719e-01	8.532304e-01	2.178639e-02	2.723298e-02	1.426569e-01	8.002370e-02	5.829961e-01	3.822497e-01
4432	5.722425e-01	9.229151e-01	4.517563e-02	5.646954e-02	2.958093e-01	8.026929e-02	9.390805e-01	4.252830e-01
4434	3.732087e-01	6.859387e-01	2.413912e-02	3.017390e-02	1.580626e-01	9.988293e-02	3.743761e-01	1.512219e-01
5369	7.540940e-01	2.827830e-01	2.317886e-02	2.897357e-02	1.517748e-01	1.385143e-01	3.910688e-02	1.795742e-01
6812	9.289130e-01	7.926345e-01	2.610162e-02	3.262702e-02	1.709130e-01	1.004225e-01	2.806092e-01	1.053277e-01
30358	7.087275e-01	5.750185e-01	5.461140e-02	6.826425e-02	3.575946e-01	1.465335e-01	8.817040e-01	5.057459e-01
16471	9.596017e-01	3.818702e-01	3.959904e-02	4.949880e-02	2.592939e-01	2.071332e-01	5.853251e-01	3.597542e-01
22482	6.236267e-01	6.816621e-01	3.738241e-02	4.672801e-02	2.447794e-01	8.955380e-02	2.310938e-01	9.515092e-02
13296	3.427194e-01	8.167939e-01	5.510542e-02	6.888177e-02	3.608294e-01	2.199168e-01	7.806150e-01	3.344294e-01
14477	6.059447e-01	2.554515e-01	3.405643e-02	4.257054e-02	2.230010e-01	1.626897e-01	2.635417e-01	6.662130e-01
31471	2.414689e-01	4.627034e-01	6.984254e-02	8.730317e-02	4.573278e-01	3.920078e-01	6.815847e-01	7.794211e-01
12626	7.963144e-01	8.830299e-01	2.591458e-02	3.239323e-02	1.696883e-01	1.693376e-01	3.050754e-01	8.908307e-01
25731	7.495208e-01	6.814258e-01	6.292498e-02	7.865623e-02	4.120318e-01	2.117436e-01	5.966215e-01	8.584203e-01
20616	2.167347e-01	1.239506e-01	4.050004e-02	5.062504e-02	2.651936e-01	1.499305e-01	6.585686e-01	1.303485e-01
21542	9.143160e-01	1.139992e-01	2.923012e-02	3.653765e-02	1.913984e-01	1.897138e-01	4.011132e-01	1.296963e-01
10038	9.460844e-01	7.212126e-01	2.807191e-02	3.508989e-02	1.838145e-01	1.807769e-01	9.486719e-01	8.539016e-01
28564	8.758627e-01	7.182632e-01	5.006822e-02	6.258527e-02	3.278459e-01	3.216255e-01	1.760368e-01	5.061291e-01
3179	8.968092e-01	4.400733e-01	6.367060e-02	7.958825e-02	4.169141e-01	4.163767e-01	8.473814e-01	8.349302e-01
19540	6.016426e-01	8.791907e-01	4.045419e-02	5.056774e-02	2.648934e-01	2.619414e-01	8.184230e-01	9.449127e-01
18542	9.587370e-01	7.623424e-01	2.101208e-02	2.626510e-02	1.375868e-01	1.217350e-01	8.589728e-01	2.747041e-01
12995	7.430052e-01	2.063985e-01	2.515100e-02	3.143876e-02	1.646884e-01	7.920348e-02	6.580731e-01	4.338069e-01
27599	2.678958e-01	3.327112e-01	2.959186e-02	3.698982e-02	1.937670e-01	1.007875e-01	7.716137e-01	7.534986e-01
227	1.399956e-01	2.519936e-01	3.944483e-02	4.930604e-02	2.582842e-01	1.062091e-01	1.541940e-01	8.807381e-01
7319	5.509045e-02	6.693502e-01	2.763164e-02	3.453955e-02	1.809315e-01	8.287816e-02	5.503408e-01	5.300742e-01
29938	9.483777e-02	3.711121e-01	4.279894e-02	5.349868e-02	2.802468e-01	2.421572e-01	6.601695e-01	5.401508e-01
21224	8.915364e-01	3.550256e-01	4.559569e-02	5.699462e-02	2.985599e-01	2.676342e-01	9.696409e-01	9.068359e-01
6289	9.279419e-01	5.705446e-01	4.031116e-02	5.038895e-02	2.639568e-01	1.600951e-01	1.346266e-01	4.036529e-01
12581	5.103747e-01	1.256759e-01	4.984036e-02	6.230045e-02	3.263539e-01	1.408286e-01	8.611095e-01	9.798233e-01
22732	2.892580e-02	4.366060e-01	2.738991e-02	3.423739e-02	1.793487e-01	1.762941e-01	5.601415e-01	6.470823e-01
14766	2.188565e-01	8.161759e-01	2.929387e-02	3.661734e-02	1.918158e-01	1.734772e-01	8.187873e-01	9.299783e-01
19932	3.337269e-01	6.183149e-02	5.544485e-02	6.930606e-02	3.630520e-01	1.794025e-01	9.133896e-01	1.025952e-02
17866	8.537653e-01	2.572984e-01	6.122669e-02	7.653336e-02	4.009114e-01	1.508876e-01	4.386738e-01	7.222486e-01
9801	1.828228e-01	9.458206e-02	2.636841e-02	3.296051e-02	1.726599e-01	7.695628e-02	1.848455e-01	1.388341e-01
13303	4.252490e-01	7.794312e-02	3.523229e-02	4.404036e-02	2.307005e-01	1.683034e-01	1.333722e-01	2.657718e-01
6222	9.410139e-01	4.988876e-01	4.782659e-02	5.978324e-02	3.131678e-01	1.318495e-01	7.050673e-01	9.606050e-01
1383	7.014535e-01	7.363733e-01	3.131315e-02	3.914144e-02	2.050380e-01	1.441630e-01	4.597786e-02	2.050403e-01
8761	2.344958e-01	9.445855e-01	3.799217e-02	4.749021e-02	2.487721e-01	2.448252e-01	6.131103e-01	2.841806e-01
12713	1.651779e-01	4.948682e-01	2.764834e-02	3.456043e-02	1.810409e-01	1.269257e-01	8.060975e-02	2.143146e-01
32328	3.041427e-01	2.872125e-01	2.942838e-02	3.678547e-02	1.926966e-01	1.111453e-01	1.536616e-02	8.144465e-01
17454	8.044891e-01	9.901684e-02	4.438812e-02	5.548515e-02	2.906527e-01	1.107709e-01	2.041254e-01	8.481175e-01
28949	5.391299e-01	7.982370e-01	4.145070e-02	5.181337e-02	2.714185e-01	2.504804e-01	4.078645e-01	2.245412e-01
1664	1.822714e-01	2.634291e-01	4.314100e-02	5.392625e-02	2.824866e-01	1.904883e-01	6.758789e-01	2.310010e-01
13959	8.889838e-01	5.286847e-01	3.459240e-02	4.324051e-02	2.265105e-01	1.127841e-01	6.768310e-01	8.310202e-01
31709	8.197847e-01	3.435147e-01	4.027377e-02	5.034221e-02	2.637120e-01	1.725511e-01	7.299704e-02	6.899226e-01
15603	4.870013e-01	6.352193e-01	3.467956e-02	4.334945e-02	2.270812e-01	2.259700e-01	9.066119e-01	8.433098e-01
16627	4.859099e-01	8.459724e-01	2.851721e-02	3.564652e-02	1.867303e-01	1.405665e-01	6.914380e-01	6.289950e-01
9934	6.047256e-01	8.052867e-01	5.169480e-02	6.461850e-02	3.384967e-01	1.495105e-01	6.080396e-01	9.952676e-01
3486	1.320469e-01	6.290699e-01	3.649873e-02	4.562341e-02	2.389931e-01	8.720707e-02	4.511331e-02	8.632382e-01
17610	6.355665e-02	2.556385e-01	4.644835e-02	5.806043e-02	3.041430e-01	2.894605e-01	4.081806e-01	5.368055e-01
16714	4.345236e-01	5.495793e-01	2.806388e-02	3.507985e-02	1.837619e-01	1.697553e-01	7.780303e-01	1.493755e-01
21022	5.040558e-01	3.803235e-01	4.610032e-02	5.762540e-02	3.018642e-01	1.252800e-01	2.804611e-01	9.034363e-01
19873	2.314198e-01	1.676931e-01	3.429680e-02	4.287101e-02	2.245749e-01	1.351667e-01	3.647500e-01	2.755553e-01
31231	9.708744e-02	1.478306e-01	2.072189e-02	2.590236e-02	1.356866e-01	1.170537e-01	4.162736e-01	4.397219e-01
24036	4.482590e-01	3.387350e-01	5.262615e-02	6.578268e-02	3.445952e-01	2.798673e-01	6.276769e-01	9.111855e-01
22979	2.665393e-01	1.660253e-01	2.256207e-02	2.820259e-02	1.477361e-01	1.115277e-01	9.444767e-01	9.620772e-01
1803	7.654540e-01	3.306517e-01	4.441695e-02	5.552119e-02	2.908415e-01	1.750936e-01	8.834174e-01	3.143661e-01
14748	4.137862e-01	4.075972e-01	2.736781e-02	3.420976e-02	1.792040e-01	1.035138e-01	8.058861e-01	3.679151e-01
32744	6.736112e-01	6.414905e-01	4.251584e-02	5.314480e-02	2.783931e-01	1.140169e-01	1.866306e-01	3.499755e-01
10781	3.788555e-01	3.663722e-01	3.332614e-02	4.165767e-02	2.182190e-01	8.031900e-02	8.394643e-01	2.912032e-01
17194	6.659817e-01	2.572639e-01	3.430710e-02	4.288387e-02	2.246424e-01	1.434874e-01	2.893125e-01	5.300323e-01
19223	4.465646e-01	4.155410e-01	2.122231e-02	2.652789e-02	1.389634e-01	8.758613e-02	5.969354e-01	3.228216e-01
23490	3.857218e-01	5.532089e-01	4.048823e-02	5.061029e-02	2.651163e-01	1.935394e-01	9.260467e-02	3.135783e-01
19171	8.545567e-02	5.931028e-01	2.771758e-02	3.464697e-02	1.814943e-01	1.489927e-01	1.285372e-01	7.672994e-01
20743	6.051166e-01	1.622611e-01	5.115984e-02	6.394980e-02	3.349938e-01	3.343039e-01	6.430288e-01	4.569821e-01
5736	3.320577e-02	9.603790e-01	2.695513e-02	3.369391e-02	1.765018e-01	8.352468e-02	4.977987e-01	1.493598e-01
12999	8.836477e-01	9.518653e-01	2.197707e-02	2.747133e-02	1.439055e-01	5.248928e-02	2.529716e-01	6.001477e-01
28901	8.436205e-01	5.516359e-01	3.614722e-02	4.518403e-02	2.366915e-01	2.146189e-01	6.721717e-02	3.978116e-01
25033	9.544542e-01	8.959745e-01	2.589860e-02	3.237325e-02	1.695837e-01	1.312486e-01	3.048061e-01	4.155164e-01
29992	4.730318e-01	4.608627e-01	2.704776e-02	3.380970e-02	1.771083e-01	1.374088e-01	7.639884e-01	3.533929e-01
30076	3.036656e-01	7.472216e-01	5.528503e-02	6.910629e-02	3.620055e-01	3.619228e-01	2.273037e-01	2.502211e-01
18310	7.288030e-01	4.164814e-01	2.426986e-02	3.033732e-02	1.589187e-01	1.005776e-01	2.005041e-01	1.802992e-02
23679	3.190919e-01	5.607441e-01	2.355920e-02	2.944901e-02	1.542653e-01	6.782178e-02	7.212190e-01	6.108369e-01
7852	7.420629e-01	9.492439e-01	2.148727e-02	2.685909e-02	1.406983e-01	1.071945e-01	2.491096e-01	2.195814e-01
2636	6.305290e-02	8.360775e-01	2.143333e-02	2.679167e-02	1.403451e-01	8.370368e-02	2.463788e-01	9.553125e-02
14456	8.220714e-01	7.931650e-01	3.306852e-02	4.133566e-02	2.165322e-01	1.444588e-01	4.461676e-01	5.692641e-01
28277	7.869067e-01	1.310202e-01	2.799694e-02	3.499618e-02	1.833235e-01	1.710976e-01	7.417622e-01	7.342683e-01
28065	1.819629e-01	4.426586e-01	3.989464e-02	4.986830e-02	2.612295e-01	9.388681e-02	7.474751e-01	9.158785e-02
