8778	2.642182e-01	3.661540e-01	5.090700e-02	6.363374e-02	3.333382e-01	2.591706e-01	5.514082e-01	8.875521e-01
6624	3.208628e-01	6.756181e-01	2.648090e-02	3.310113e-02	1.733966e-01	7.862833e-02	2.880990e-01	8.696805e-01
476	5.000980e-01	1.840012e-01	4.227722e-02	5.284653e-02	2.768306e-01	1.284340e-01	5.914936e-01	6.470758e-01
23623	4.933493e-01	3.928891e-01	2.861035e-02	3.576294e-02	1.873401e-01	1.562692e-01	6.335166e-01	3.673291e-01
18973	7.359491e-01	7.717506e-01	3.877474e-02	4.846842e-02	2.538964e-01	2.353470e-01	7.074300e-01	5.813409e-01
4047	3.759931e-01	2.321718e-01	4.401542e-02	5.501927e-02	2.882123e-01	2.859881e-01	9.249288e-01	8.186971e-01
20490	7.747029e-01	7.922719e-01	2.143552e-02	2.679439e-02	1.403594e-01	1.256959e-01	4.566999e-01	1.453392e-01
1216	3.233586e-01	6.071979e-01	3.250299e-02	4.062873e-02	2.128291e-01	1.663205e-01	5.012495e-01	3.088417e-01
5244	1.427053e-01	5.008486e-01	3.089846e-02	3.862308e-02	2.023226e-01	8.620735e-02	5.812406e-01	4.813979e-01
24072	6.384545e-01	8.970711e-01	3.582318e-02	4.477898e-02	2.345697e-01	2.322264e-01	6.832472e-01	7.699669e-01
25964	3.848650e-01	3.515159e-01	4.097070e-02	5.121337e-02	2.682755e-01	2.403568e-01	6.162148e-01	6.460581e-01
4582	4.095837e-01	9.038437e-01	2.832010e-02	3.540012e-02	1.854395e-01	1.397945e-01	2.950111e-01	8.130237e-02
19956	7.906815e-01	3.171583e-01	6.634323e-02	8.292904e-02	4.344144e-01	2.454869e-01	7.293572e-01	4.110073e-02
3007	9.122778e-01	6.549688e-01	7.210632e-02	9.013290e-02	4.721511e-01	4.660188e-01	2.574767e-01	3.957876e-01
15007	8.259564e-02	3.290322e-01	5.837128e-02	7.296410e-02	3.822142e-01	1.602993e-01	5.260529e-03	4.758545e-01
28939	9.774980e-02	6.740243e-01	2.811818e-02	3.514772e-02	1.841174e-01	1.828529e-01	6.641858e-01	9.211523e-01
15314	1.154297e-01	2.340828e-01	3.790604e-02	4.738254e-02	2.482081e-01	1.541505e-01	6.057786e-01	3.403849e-01
31329	8.881436e-01	4.274383e-01	2.540141e-02	3.175176e-02	1.663280e-01	4.764440e-02	4.019094e-01	2.458306e-01
4907	7.104840e-02	6.261288e-01	2.870695e-02	3.588369e-02	1.879727e-01	1.536588e-01	4.669926e-01	9.047817e-01
25611	2.566462e-01	6.050407e-01	2.686458e-02	3.358073e-02	1.759089e-01	9.406763e-02	6.272195e-01	2.680094e-01
12039	7.483334e-01	4.519361e-01	2.223026e-02	2.778782e-02	1.455634e-01	1.308969e-01	1.047287e-01	5.001994e-01
25913	4.348697e-01	3.433285e-01	2.830320e-02	3.537900e-02	1.853289e-01	9.773870e-02	7.300704e-01	3.144580e-01
28487	5.686361e-01	2.428344e-01	6.327169e-02	7.908961e-02	4.143020e-01	3.017010e-01	7.300652e-01	9.111014e-01
25127	7.328040e-01	2.896842e-01	3.537644e-02	4.422056e-02	2.316444e-01	2.070180e-01	8.737629e-01	3.046482e-01
3333	9.290793e-01	7.356849e-01	3.490625e-02	4.363281e-02	2.285656e-01	1.568531e-01	1.466104e-01	1.026339e-01
26200	2.693303e-01	8.249756e-01	2.502285e-02	3.127856e-02	1.638492e-01	9.649331e-02	2.231679e-01	9.853950e-01
23833	4.194413e-01	5.088356e-01	2.265667e-02	2.832084e-02	1.483555e-01	1.307672e-01	1.598509e-01	9.379000e-01
15803	5.873306e-01	6.396904e-01	3.953938e-02	4.942423e-02	2.589033e-01	8.026916e-02	3.131814e-01	4.835116e-01
13475	8.953422e-01	2.380454e-01	2.098881e-02	2.623601e-02	1.374344e-01	6.788070e-02	6.293842e-01	2.831355e-01
19520	5.510193e-01	3.751301e-01	2.393797e-02	2.992246e-02	1.567454e-01	1.473809e-01	6.817252e-02	2.269019e-01
7375	2.727098e-01	2.022310e-01	3.745176e-02	4.681470e-02	2.452335e-01	1.976114e-01	9.401705e-02	8.779905e-01
18194	7.385804e-01	5.060205e-01	4.445863e-02	5.557328e-02	2.911144e-01	2.213591e-01	8.242416e-01	4.310499e-01
1586	6.930554e-01	3.629912e-01	5.192321e-02	6.490401e-02	3.399924e-01	2.408773e-01	3.403779e-01	7.871296e-01
19531	7.838764e-01	5.848444e-01	2.327022e-02	2.908778e-02	1.523730e-01	1.046745e-01	2.940871e-01	6.952101e-01
13008	8.969546e-01	5.847470e-01	2.121963e-02	2.652453e-02	1.389458e-01	5.114873e-02	5.504504e-01	2.729583e-01
24238	9.877071e-02	3.744461e-01	2.510671e-02	3.138338e-02	1.643983e-01	1.341924e-01	7.571228e-01	9.549781e-02
4665	2.480557e-01	2.262432e-01	2.476046e-02	3.095057e-02	1.621311e-01	1.049045e-01	6.822371e-03	4.816926e-01
27934	4.385052e-01	8.853289e-01	3.708298e-02	4.635373e-02	2.428188e-01	1.937885e-01	7.614471e-01	7.733804e-01
11255	6.489428e-01	4.321487e-01	2.911025e-02	3.638782e-02	1.906135e-01	1.477017e-01	7.558669e-01	7.024045e-01
20320	8.135455e-01	9.064849e-01	4.149632e-02	5.187040e-02	2.717173e-01	2.165057e-01	4.217883e-01	5.762909e-01
31434	4.179875e-01	2.920465e-01	2.888319e-02	3.610398e-02	1.891267e-01	1.735169e-01	3.604853e-03	4.436509e-01
16469	1.637280e-01	1.315421e-01	6.584479e-02	8.230599e-02	4.311507e-01	2.418326e-01	3.211243e-01	3.284245e-01
17712	5.413150e-01	5.265373e-01	2.609439e-02	3.261798e-02	1.708656e-01	1.700467e-01	3.459443e-01	8.914443e-01
13934	2.128702e-01	8.468427e-02	4.197143e-02	5.246429e-02	2.748283e-01	1.831784e-01	7.409223e-02	6.388247e-01
20885	9.001368e-01	2.091321e-01	2.155761e-02	2.694701e-02	1.411589e-01	7.196341e-02	5.440676e-01	2.103842e-01
19117	1.055369e-01	7.674293e-01	2.527880e-02	3.159850e-02	1.655252e-01	1.068824e-01	4.076854e-02	4.104762e-01
19433	4.750708e-01	6.410412e-01	4.108002e-02	5.135003e-02	2.689914e-01	2.458133e-01	3.713425e-01	4.527067e-01
7421	4.885675e-01	4.453176e-01	3.606314e-02	4.507892e-02	2.361408e-01	1.876184e-01	9.487974e-01	2.713248e-01
12928	7.184343e-01	1.597863e-01	4.019081e-02	5.023852e-02	2.631688e-01	2.428626e-01	9.869396e-01	5.847909e-01
2814	2.031397e-01	8.630444e-01	2.096256e-02	2.620320e-02	1.372625e-01	7.523736e-02	6.951318e-02	8.570592e-01
27031	5.968836e-01	3.409365e-01	3.621642e-02	4.527053e-02	2.371446e-01	2.341938e-01	6.853401e-01	8.047813e-01
20812	7.335469e-01	8.557858e-01	2.628435e-02	3.285543e-02	1.721095e-01	1.435282e-01	4.819286e-01	8.793363e-01
10633	4.497634e-01	6.565788e-01	2.330562e-02	2.913203e-02	1.526049e-01	5.381530e-02	3.686576e-01	1.070187e-01
14165	5.313962e-01	9.331509e-01	2.153642e-02	2.692052e-02	1.410201e-01	1.373515e-01	9.836479e-02	1.504212e-01
24806	7.313248e-01	6.557643e-02	4.529900e-02	5.662374e-02	2.966171e-01	2.909467e-01	4.815855e-01	6.716328e-01
13156	3.554911e-01	3.053886e-01	2.348470e-02	2.935587e-02	1.537774e-01	1.178293e-01	7.579136e-01	7.557789e-01
29684	7.815698e-01	4.247459e-01	5.661357e-02	7.076696e-02	3.707047e-01	2.119451e-01	3.357083e-01	7.811426e-01
2842	8.560742e-01	5.726579e-01	3.494688e-02	4.368360e-02	2.288316e-01	1.938292e-01	7.182511e-05	4.858930e-01
6525	5.439017e-01	9.480457e-02	2.725934e-02	3.407417e-02	1.784937e-01	1.749702e-01	8.629437e-01	2.614340e-01
28973	1.836618e-01	4.464851e-01	3.284239e-02	4.105298e-02	2.150514e-01	7.544226e-02	6.861857e-01	9.865511e-01
31873	6.647551e-01	8.387533e-01	2.344374e-02	2.930467e-02	1.535092e-01	1.429340e-01	6.265040e-02	5.913800e-01
29450	4.288280e-01	6.068407e-01	7.137364e-02	8.921705e-02	4.673535e-01	1.775737e-01	6.496309e-01	3.054809e-01
32743	5.983565e-01	4.746581e-01	2.261697e-02	2.827121e-02	1.480956e-01	9.202182e-02	1.946053e-01	2.538019e-01
26572	3.471921e-01	7.638579e-01	5.939688e-02	7.424611e-02	3.889299e-01	1.081254e-01	7.230748e-01	6.289207e-02
201	5.164538e-01	8.631512e-01	2.968966e-02	3.711208e-02	1.944074e-01	1.853929e-01	4.880649e-01	9.159225e-01
19544	8.438211e-01	7.553757e-01	3.165493e-02	3.956866e-02	2.072760e-01	1.306029e-01	3.307380e-01	9.956274e-01
29787	3.070388e-01	4.751021e-01	3.737158e-02	4.671448e-02	2.447085e-01	1.253691e-01	6.728569e-01	3.425823e-01
19623	5.743309e-01	7.837806e-01	2.091149e-02	2.613936e-02	1.369281e-01	1.278600e-01	8.263295e-01	6.148446e-02
15966	2.606301e-01	2.863288e-01	2.085112e-02	2.606390e-02	1.365328e-01	1.089600e-01	6.898336e-01	2.984105e-02
26211	8.457374e-01	2.572997e-01	7.481297e-02	9.351622e-02	4.898742e-01	1.913087e-01	8.484595e-02	4.685137e-01
8558	1.236112e-01	1.768149e-01	3.001101e-02	3.751376e-02	1.965116e-01	1.346400e-01	5.365491e-01	2.750626e-01
32623	6.865384e-01	9.404115e-01	2.351721e-02	2.939652e-02	1.539903e-01	1.489460e-01	6.935349e-01	3.599722e-01
8839	4.322914e-01	1.498228e-01	4.305724e-02	5.382155e-02	2.819382e-01	1.669544e-01	8.423877e-01	6.209527e-01
