4729	1.406506e-01	1.969948e-01	2.153803e-02	2.692254e-02	1.410307e-01	1.365062e-01	7.559064e-01	2.365540e-01
21697	8.124072e-01	2.833328e-01	3.348973e-02	4.186217e-02	2.192903e-01	8.235644e-02	5.885410e-01	1.404611e-01
27603	8.492197e-01	7.379867e-01	3.108251e-02	3.885314e-02	2.035278e-01	1.156659e-01	9.565587e-01	2.101200e-01
23416	3.258903e-01	5.837985e-02	5.204121e-02	6.505151e-02	3.407650e-01	2.395851e-01	7.056246e-02	1.968716e-01
15400	4.757468e-01	3.427810e-01	2.177934e-02	2.722417e-02	1.426108e-01	1.413720e-01	3.458475e-01	1.946877e-01
11756	4.345811e-01	3.756123e-01	4.022362e-02	5.027953e-02	2.633837e-01	1.959177e-01	5.023465e-01	3.598540e-01
24417	4.747917e-01	5.050591e-02	2.671528e-02	3.339410e-02	1.749312e-01	1.709999e-01	8.708345e-03	7.494487e-01
11412	9.592088e-01	7.727932e-01	3.639594e-02	4.549493e-02	2.383201e-01	1.511786e-01	2.115518e-01	4.285297e-01
24141	8.525804e-01	5.709114e-01	2.819136e-02	3.523920e-02	1.845966e-01	1.493505e-01	2.311715e-01	2.539474e-01
11963	9.722807e-02	1.460132e-01	2.196334e-02	2.745417e-02	1.438156e-01	1.371092e-01	4.165680e-01	2.234135e-02
14018	2.684138e-01	8.992996e-01	2.163022e-02	2.703777e-02	1.416343e-01	1.044075e-01	8.919034e-01	4.491270e-01
5336	6.444628e-01	4.839074e-01	2.878823e-02	3.598529e-02	1.885049e-01	1.870476e-01	3.201919e-01	2.387598e-01
15534	1.938453e-01	2.224345e-01	2.501206e-02	3.126508e-02	1.637786e-01	1.215212e-01	2.616049e-01	1.321261e-01
18911	9.035809e-01	3.463725e-01	2.721589e-02	3.401986e-02	1.782092e-01	7.695626e-02	1.290165e-01	7.860927e-01
19545	7.868585e-01	1.702625e-01	2.266409e-02	2.833011e-02	1.484041e-01	1.067847e-01	6.914203e-01	1.842340e-01
23288	6.205134e-02	9.096352e-01	5.679121e-02	7.098901e-02	3.718680e-01	3.701693e-01	4.475676e-02	9.858989e-01
26425	9.421641e-01	2.583796e-01	2.081535e-02	2.601919e-02	1.362986e-01	9.395991e-02	5.226614e-01	9.319557e-01
3916	1.100630e-01	6.411126e-02	3.107787e-02	3.884734e-02	2.034974e-01	1.763796e-01	4.945761e-01	2.012894e-01
26649	8.618330e-01	8.003414e-01	2.481939e-02	3.102424e-02	1.625170e-01	1.298597e-01	4.361509e-01	5.676838e-01
29392	1.444150e-01	6.577976e-01	2.237072e-02	2.796340e-02	1.464831e-01	1.359173e-01	6.415868e-01	4.884572e-01
27448	8.554684e-01	4.246068e-02	2.988042e-02	3.735052e-02	1.956565e-01	1.956110e-01	6.013999e-01	4.599246e-01
23778	5.975636e-01	6.879947e-01	3.000820e-02	3.751026e-02	1.964933e-01	5.337885e-02	2.215300e-01	3.356507e-01
16575	6.953909e-01	4.047047e-01	6.332680e-02	7.915850e-02	4.146629e-01	3.997617e-01	5.762233e-01	2.363062e-01
16713	6.626179e-01	8.225508e-02	2.066059e-02	2.582574e-02	1.352852e-01	1.327617e-01	8.845604e-01	2.123856e-01
6456	8.602822e-01	8.873336e-01	3.859407e-02	4.824258e-02	2.527134e-01	1.476635e-01	7.829171e-01	4.880609e-01
10493	7.079751e-01	1.237262e-01	2.483180e-02	3.103975e-02	1.625983e-01	1.432130e-01	3.768550e-01	9.900272e-01
26474	3.211985e-01	4.510946e-01	2.737069e-02	3.421336e-02	1.792228e-01	1.725919e-01	6.218281e-01	5.019407e-01
29554	4.358553e-01	5.029180e-01	2.111896e-02	2.639870e-02	1.382866e-01	1.379324e-01	3.512180e-01	8.232758e-01
18602	2.745357e-01	8.006383e-01	4.916158e-02	6.145197e-02	3.219092e-01	2.677266e-01	1.378595e-01	8.821091e-01
2571	3.908358e-01	5.031342e-01	6.738088e-02	8.422610e-02	4.412090e-01	1.478387e-01	6.115796e-01	2.629100e-01
2371	4.938313e-01	2.510600e-01	3.310653e-02	4.138316e-02	2.167810e-01	2.126398e-01	9.942865e-01	7.726078e-01
9346	4.525112e-01	7.550081e-01	5.000145e-02	6.250182e-02	3.274087e-01	1.166708e-01	6.534853e-01	9.381323e-02
27244	1.176348e-01	8.389401e-01	2.434599e-02	3.043248e-02	1.594171e-01	9.454263e-02	7.569582e-02	3.709746e-01
16999	8.542607e-02	2.881723e-01	2.196346e-02	2.745432e-02	1.438164e-01	1.374706e-01	1.374684e-01	5.839420e-01
23126	5.339924e-01	8.036156e-01	4.193848e-02	5.242310e-02	2.746125e-01	2.614390e-01	4.720802e-01	3.703495e-01
15049	7.158206e-01	3.258859e-01	2.294350e-02	2.867937e-02	1.502337e-01	1.334978e-01	3.190225e-01	5.899198e-01
27235	1.600121e-01	8.201928e-01	2.196110e-02	2.745137e-02	1.438009e-01	8.105959e-02	8.576632e-01	7.182636e-01
658	3.702533e-02	2.627892e-01	3.487556e-02	4.359446e-02	2.283647e-01	1.012623e-01	1.179599e-01	7.177039e-02
12358	7.339452e-01	1.730145e-01	2.217847e-02	2.772309e-02	1.452243e-01	1.448082e-01	1.416561e-01	7.938977e-01
8570	4.387650e-01	8.549101e-01	4.736980e-02	5.921225e-02	3.101767e-01	2.840683e-01	2.893103e-02	5.574198e-01
11527	7.927218e-01	4.333696e-01	3.397984e-02	4.247481e-02	2.224995e-01	6.239983e-02	8.545313e-01	1.138846e-01
13576	1.865388e-01	3.782379e-01	3.665508e-02	4.581885e-02	2.400169e-01	2.148432e-01	7.594477e-01	3.697012e-01
20933	7.732899e-01	5.200893e-01	2.880435e-02	3.600543e-02	1.886104e-01	1.039527e-01	6.804442e-01	7.494986e-01
15953	1.230043e-01	7.126687e-01	2.076514e-02	2.595642e-02	1.359698e-01	6.760820e-02	2.334983e-01	3.672889e-01
7595	2.493576e-01	2.891349e-01	2.291692e-02	2.864616e-02	1.500597e-01	1.060990e-01	5.114735e-01	3.925003e-01
9658	1.027848e-01	5.712484e-01	2.316558e-02	2.895698e-02	1.516879e-01	1.508886e-01	8.013946e-01	8.972530e-01
4947	5.818300e-01	8.462504e-01	2.148998e-02	2.686248e-02	1.407161e-01	1.056220e-01	5.274612e-01	4.278760e-01
9401	8.172710e-01	8.354178e-01	3.339003e-02	4.173753e-02	2.186374e-01	2.180356e-01	9.350250e-01	8.143456e-01
2327	1.970698e-01	4.982692e-01	2.174134e-02	2.717668e-02	1.423620e-01	1.221795e-01	3.814965e-01	2.359216e-01
4659	8.443592e-01	3.331606e-01	3.618444e-02	4.523055e-02	2.369352e-01	2.368909e-01	6.135862e-01	7.868059e-01
10314	6.210284e-01	7.049093e-01	3.678499e-02	4.598123e-02	2.408675e-01	1.273509e-01	7.273608e-01	2.729504e-02
8375	4.390819e-01	2.622695e-01	2.851901e-02	3.564876e-02	1.867420e-01	1.106890e-01	5.898910e-01	4.131635e-01
18954	8.662966e-01	4.857214e-01	6.404995e-02	8.006244e-02	4.193981e-01	2.856872e-01	6.889341e-01	9.951536e-01
7715	1.662654e-01	4.107102e-02	3.569955e-02	4.462444e-02	2.337601e-01	2.099397e-01	2.235151e-01	6.798376e-01
20819	6.758508e-01	4.844225e-02	2.786224e-02	3.482780e-02	1.824415e-01	1.823864e-01	9.989633e-01	6.352401e-03
12880	8.876781e-01	4.599922e-02	2.381928e-02	2.977410e-02	1.559683e-01	1.548306e-01	5.526933e-01	9.092765e-01
10018	1.956437e-01	8.300498e-01	3.173159e-02	3.966448e-02	2.077779e-01	1.240247e-01	2.933953e-01	7.076046e-01
25880	2.815421e-01	1.624735e-01	3.419785e-02	4.274731e-02	2.239270e-01	2.141145e-01	2.447284e-01	9.077340e-01
29592	7.814632e-01	6.022339e-01	5.841958e-02	7.302447e-02	3.825305e-01	1.537563e-01	2.339206e-01	3.859180e-02
26865	6.446029e-01	2.690166e-01	5.482728e-02	6.853410e-02	3.590082e-01	3.458515e-01	5.669455e-01	6.717248e-01
15440	2.322077e-01	7.819502e-01	3.374626e-02	4.218282e-02	2.209700e-01	1.204481e-01	1.449178e-01	7.151995e-01
27430	7.194406e-01	7.397331e-01	2.244657e-02	2.805822e-02	1.469798e-01	4.011474e-02	6.995818e-01	9.809664e-01
31341	8.016013e-02	4.325336e-01	3.340278e-02	4.175347e-02	2.187209e-01	5.913122e-02	9.780176e-01	3.845776e-01
3210	1.688934e-01	5.149186e-01	2.353363e-02	2.941703e-02	1.540978e-01	1.306888e-01	5.589383e-01	4.110164e-01
28143	9.296859e-01	7.165123e-01	3.009849e-02	3.762311e-02	1.970844e-01	1.793393e-01	2.473284e-01	4.666242e-02
16659	6.915029e-02	7.946670e-01	3.280814e-02	4.101017e-02	2.148272e-01	2.052785e-01	7.355362e-01	3.564622e-02
19122	2.806051e-02	6.105559e-01	2.105090e-02	2.631363e-02	1.378410e-01	7.196472e-02	9.875962e-01	9.022861e-01
14358	6.482491e-01	7.782178e-01	4.389072e-02	5.486340e-02	2.873957e-01	2.407190e-01	8.490182e-01	9.411428e-02
6588	8.047058e-02	1.629759e-01	2.281806e-02	2.852258e-02	1.494123e-01	4.726090e-02	2.981662e-01	1.819398e-01
25462	7.550534e-01	7.766850e-01	3.732312e-02	4.665389e-02	2.443912e-01	1.027246e-01	6.387008e-01	7.133925e-01
13007	4.873177e-01	9.507987e-01	3.207695e-02	4.009619e-02	2.100394e-01	2.088874e-01	8.366641e-01	2.146530e-02
15299	5.646192e-01	1.501955e-01	5.910722e-02	7.388403e-02	3.870332e-01	1.190318e-01	5.305143e-01	1.259645e-01
32298	1.746223e-01	1.392833e-01	4.787607e-02	5.984509e-02	3.134918e-01	1.819749e-01	3.928088e-01	7.077484e-02
6383	7.446996e-01	4.375407e-01	3.623706e-02	4.529633e-02	2.372797e-01	9.792823e-02	8.386188e-02	4.330186e-01
15060	6.490141e-01	1.409214e-01	4.847159e-02	6.058949e-02	3.173912e-01	1.469256e-01	8.771434e-01	9.182458e-01
27629	4.212070e-01	5.564385e-02	2.501423e-02	3.126778e-02	1.637928e-01	1.626256e-01	8.171352e-01	3.865375e-01
14496	6.257394e-01	5.585962e-01	2.378633e-02	2.973291e-02	1.557525e-01	8.669183e-02	5.971344e-01	9.970306e-01
14080	4.576044e-01	5.633426e-01	2.219426e-02	2.774283e-02	1.453277e-01	1.304704e-01	2.767018e-01	8.708892e-01
9260	1.050941e-01	9.217341e-01	2.779719e-02	3.474648e-02	1.820156e-01	1.628422e-01	4.410052e-01	4.108238e-01
