28593	8.806405e-01	4.105571e-01	5.145471e-02	6.431838e-02	3.369246e-01	3.324578e-01	7.067922e-01	3.954381e-01
4160	3.947538e-01	3.045604e-01	3.229320e-02	4.036650e-02	2.114553e-01	1.950180e-01	2.562017e-01	6.793113e-01
26716	8.027942e-01	7.919340e-01	2.390365e-02	2.987957e-02	1.565207e-01	1.291116e-01	4.477052e-01	9.487830e-01
23239	1.991933e-01	6.562598e-01	2.844072e-02	3.555090e-02	1.862294e-01	1.544434e-01	4.046330e-01	2.272414e-01
8185	8.903081e-01	7.945558e-01	6.504687e-02	8.130859e-02	4.259259e-01	1.151863e-01	6.453985e-01	3.741359e-02
4372	5.221812e-01	9.353180e-01	2.210506e-02	2.763133e-02	1.447436e-01	1.004582e-01	4.565450e-01	9.136190e-02
29619	3.280821e-01	8.216064e-01	5.615940e-02	7.019925e-02	3.677309e-01	3.459965e-01	2.658813e-01	6.092589e-01
13106	9.094882e-02	4.374828e-01	6.827308e-02	8.534135e-02	4.470511e-01	4.412184e-01	2.710891e-01	8.004541e-01
8384	3.060816e-01	1.817375e-01	6.139716e-02	7.674645e-02	4.020276e-01	3.436086e-01	7.891941e-01	9.885751e-01
22757	3.943180e-01	1.442030e-01	4.318949e-02	5.398686e-02	2.828041e-01	2.035417e-01	2.597173e-01	2.506268e-01
3747	9.438832e-01	1.596984e-01	4.365427e-02	5.456783e-02	2.858475e-01	2.243467e-01	7.355624e-01	9.869411e-01
15274	6.483009e-01	6.458531e-01	2.648479e-02	3.310599e-02	1.734220e-01	1.414655e-01	7.239738e-01	7.442541e-01
7002	5.024924e-01	7.634289e-01	3.047384e-02	3.809230e-02	1.995422e-01	1.978297e-01	6.726064e-01	7.168332e-01
2016	7.281417e-01	8.377448e-01	2.275727e-02	2.844658e-02	1.490142e-01	1.378030e-01	8.112464e-01	4.817664e-01
1651	5.546247e-01	6.797216e-01	6.356775e-02	7.945969e-02	4.162407e-01	3.086310e-01	3.494549e-01	7.836528e-01
10472	8.479354e-01	8.823196e-01	6.601718e-02	8.252147e-02	4.322795e-01	3.879896e-01	9.090390e-01	2.244040e-01
6343	4.857985e-01	2.726993e-01	3.205106e-02	4.006383e-02	2.098699e-01	1.156836e-01	4.154582e-01	4.351415e-01
20891	3.591839e-01	3.453153e-01	3.757699e-02	4.697124e-02	2.460535e-01	1.927192e-01	9.428793e-01	9.166752e-01
3502	6.917847e-01	2.326016e-01	4.058891e-02	5.073613e-02	2.657755e-01	2.380246e-01	1.058017e-01	6.569709e-01
5896	8.723700e-01	6.827837e-01	3.861355e-02	4.826694e-02	2.528409e-01	2.471364e-01	9.693569e-01	9.871694e-01
4627	5.630427e-01	2.295937e-01	4.922082e-02	6.152602e-02	3.222972e-01	1.289637e-01	3.187116e-01	4.944993e-01
5629	4.296328e-01	7.628322e-01	2.337969e-02	2.922461e-02	1.530898e-01	7.862496e-02	5.856282e-01	4.096042e-01
9109	7.392012e-01	5.368507e-01	2.342978e-02	2.928723e-02	1.534179e-01	1.301504e-01	9.950251e-01	7.761858e-01
28285	1.161070e-01	8.000951e-01	6.464521e-02	8.080651e-02	4.232958e-01	1.205691e-01	9.695441e-01	7.028683e-01
13235	6.796941e-01	5.364215e-01	2.665365e-02	3.331707e-02	1.745277e-01	1.042832e-01	9.302193e-01	1.285747e-01
23873	2.968509e-01	4.359805e-01	3.033116e-02	3.791395e-02	1.986080e-01	1.004220e-01	1.676695e-01	3.108666e-01
22587	5.588109e-01	9.141801e-01	4.474843e-02	5.593554e-02	2.930120e-01	1.873361e-01	9.921817e-01	6.918923e-01
31995	4.872860e-01	1.387280e-01	4.215364e-02	5.269204e-02	2.760213e-01	1.368043e-01	3.106359e-01	1.166267e-01
7543	1.833046e-01	9.308443e-01	3.994255e-02	4.992819e-02	2.615432e-01	2.607859e-01	9.942075e-02	2.251773e-01
27683	6.456949e-01	2.886861e-01	4.474363e-02	5.592954e-02	2.929806e-01	2.929370e-01	8.402668e-01	6.148260e-01
18239	6.183943e-01	8.237000e-01	2.459682e-02	3.074603e-02	1.610596e-01	1.351356e-01	3.863339e-01	1.154972e-01
15763	1.832696e-01	1.173703e-01	2.362219e-02	2.952774e-02	1.546777e-01	1.546759e-01	5.881412e-02	4.368684e-01
26037	2.350484e-01	8.205786e-01	4.318147e-02	5.397684e-02	2.827516e-01	2.480333e-01	8.994744e-01	3.051370e-01
240	3.774511e-01	5.367580e-01	5.909050e-02	7.386312e-02	3.869237e-01	2.752780e-01	8.226007e-01	8.316080e-02
29152	7.101198e-01	7.467869e-01	5.648410e-02	7.060513e-02	3.698570e-01	3.533403e-01	3.296756e-01	9.667602e-01
16667	6.369717e-01	9.292481e-01	3.040121e-02	3.800151e-02	1.990666e-01	1.891727e-01	9.181824e-01	2.274833e-01
4296	6.282801e-01	1.295417e-01	5.716200e-02	7.145250e-02	3.742959e-01	3.688627e-01	8.865770e-01	9.027556e-01
4877	1.443082e-01	9.542810e-02	4.439457e-02	5.549322e-02	2.906950e-01	2.620512e-01	8.889301e-01	4.651498e-01
19925	3.864810e-01	9.624761e-01	2.670790e-02	3.338487e-02	1.748829e-01	6.149110e-02	4.427692e-01	9.125952e-01
31386	7.792876e-01	9.442763e-01	2.302126e-02	2.877658e-02	1.507429e-01	1.506914e-01	9.601091e-01	8.371322e-01
31069	4.249676e-01	8.818658e-01	2.084136e-02	2.605170e-02	1.364689e-01	1.364640e-01	6.504014e-01	1.742547e-01
8319	4.634184e-01	3.755328e-01	4.525446e-02	5.656808e-02	2.963255e-01	1.831439e-01	1.042153e-01	2.231457e-01
12472	3.637620e-01	9.475195e-01	3.531126e-02	4.413908e-02	2.312176e-01	9.168670e-02	7.470841e-01	7.644164e-02
11553	3.230891e-01	3.801808e-01	6.412695e-02	8.015869e-02	4.199023e-01	1.911762e-01	6.686666e-02	1.745852e-01
20865	9.476502e-01	9.423305e-01	2.384958e-02	2.981197e-02	1.561667e-01	7.572236e-02	7.387390e-01	5.909504e-01
14863	3.519288e-01	3.893759e-02	2.591319e-02	3.239149e-02	1.696792e-01	4.625817e-02	7.337953e-01	6.395535e-02
30337	6.762337e-01	6.086144e-01	3.100271e-02	3.875338e-02	2.030052e-01	2.028955e-01	9.242576e-01	3.553716e-01
2152	1.669049e-01	2.213000e-01	3.347358e-02	4.184197e-02	2.191845e-01	1.829784e-01	7.251429e-01	4.199799e-01
17613	3.522614e-01	1.633227e-01	2.420304e-02	3.025380e-02	1.584811e-01	5.737691e-02	4.696755e-01	2.680572e-01
24693	6.438868e-02	5.634451e-01	4.519580e-02	5.649475e-02	2.959414e-01	2.862722e-01	2.631818e-02	4.036816e-01
26022	8.630003e-01	6.165760e-01	5.021227e-02	6.276533e-02	3.287891e-01	3.079471e-01	7.137840e-01	6.659943e-01
8972	8.167797e-01	1.890812e-01	2.962718e-02	3.703397e-02	1.939983e-01	8.183150e-02	1.413560e-02	6.960164e-01
4652	7.829770e-01	2.980124e-01	4.894566e-02	6.118208e-02	3.204954e-01	2.348079e-01	1.360157e-02	4.973406e-01
7703	9.262470e-01	8.732844e-01	2.081408e-02	2.601760e-02	1.362903e-01	9.733829e-02	7.670990e-01	1.871534e-01
14570	8.190639e-01	5.413030e-01	7.861758e-02	9.827198e-02	5.147867e-01	4.757178e-01	3.176617e-01	6.990132e-01
4937	4.429095e-01	2.438888e-01	3.356622e-02	4.195778e-02	2.197911e-01	2.157806e-01	9.294393e-02	2.108700e-01
22013	9.521034e-01	7.779332e-01	3.280867e-02	4.101084e-02	2.148306e-01	1.787063e-01	8.275720e-01	5.167795e-01
12394	1.483995e-01	3.253957e-01	3.283632e-02	4.104540e-02	2.150117e-01	9.804187e-02	1.788563e-01	6.480025e-02
15555	8.870352e-01	1.853447e-01	4.811781e-02	6.014726e-02	3.150747e-01	2.276706e-01	9.643707e-01	6.826762e-01
10001	9.258835e-01	3.303572e-01	2.065069e-02	2.581336e-02	1.352204e-01	1.350887e-01	4.452020e-01	6.737361e-01
3714	8.081597e-01	2.588038e-01	2.128509e-02	2.660636e-02	1.393744e-01	1.265611e-01	6.067134e-01	4.865997e-01
30008	1.174249e-01	5.382445e-01	3.033406e-02	3.791757e-02	1.986269e-01	1.726498e-01	7.227331e-01	2.265669e-01
30822	4.220330e-01	8.163175e-01	3.020430e-02	3.775538e-02	1.977773e-01	1.406545e-01	6.778084e-01	5.387413e-01
5804	4.498481e-02	8.610020e-01	4.859226e-02	6.074033e-02	3.181814e-01	2.092099e-01	2.136328e-01	3.688000e-01
24298	6.931718e-01	1.487841e-01	5.372168e-02	6.715210e-02	3.517687e-01	9.998383e-02	8.305437e-01	3.052979e-02
28183	4.364278e-01	8.687931e-02	2.339744e-02	2.924680e-02	1.532061e-01	1.531255e-01	4.540877e-01	9.772231e-01
32404	3.512980e-01	2.390707e-01	5.230319e-02	6.537899e-02	3.424805e-01	3.341251e-01	3.479826e-01	6.638380e-01
13720	7.654430e-01	6.204724e-01	3.684412e-02	4.605515e-02	2.412547e-01	1.236913e-01	4.882929e-01	1.239431e-01
27972	5.148595e-01	4.901690e-01	3.390902e-02	4.238628e-02	2.220358e-01	6.203611e-02	2.908442e-01	2.479308e-01
26648	1.282404e-01	9.031423e-01	2.269134e-02	2.836418e-02	1.485826e-01	4.928838e-02	8.717290e-01	7.524085e-01
27833	3.808636e-01	5.994668e-02	4.366141e-02	5.457676e-02	2.858942e-01	2.789419e-01	3.936955e-01	1.032899e-01
18150	2.403902e-01	6.717219e-01	3.014103e-02	3.767628e-02	1.973630e-01	1.669062e-01	1.705809e-02	7.625137e-01
