17409	1.249353e-01	8.706366e-01	3.914022e-02	4.892527e-02	2.562895e-01	1.285435e-01	4.002938e-01	1.251820e-01
22858	3.599847e-01	6.544400e-01	2.289525e-02	2.861907e-02	1.499178e-01	1.406320e-01	3.726727e-01	5.201096e-01
29268	6.340704e-01	9.828851e-02	5.685196e-02	7.106495e-02	3.722657e-01	1.835540e-01	5.367164e-01	7.862394e-01
18425	3.573042e-01	4.030340e-01	2.697111e-02	3.371388e-02	1.766064e-01	1.551781e-01	5.779738e-01	1.900514e-01
24273	2.928292e-01	1.165665e-01	2.228142e-02	2.785178e-02	1.458984e-01	6.061863e-02	4.763797e-01	6.893278e-01
5060	2.685210e-01	1.364857e-01	2.742711e-02	3.428389e-02	1.795923e-01	1.117174e-01	4.597516e-01	7.507947e-01
8539	8.483803e-01	5.102796e-01	2.435081e-02	3.043851e-02	1.594487e-01	1.208029e-01	2.774118e-01	5.142031e-02
9628	2.135854e-01	5.348038e-01	2.312107e-02	2.890134e-02	1.513964e-01	1.052713e-01	6.894140e-01	2.551707e-01
19967	7.562194e-01	4.240235e-01	6.672641e-02	8.340801e-02	4.369235e-01	4.227280e-01	4.695047e-01	6.522373e-01
18325	1.320506e-01	2.479745e-01	2.916933e-02	3.646166e-02	1.910003e-01	1.671166e-01	1.397404e-01	8.998051e-01
593	2.709431e-01	4.092266e-01	2.906015e-02	3.632519e-02	1.902854e-01	6.837495e-02	4.541209e-01	2.301724e-01
18785	5.054787e-01	5.337856e-01	2.540213e-02	3.175266e-02	1.663328e-01	1.394524e-01	5.430056e-01	9.556637e-01
28097	8.549280e-01	7.887693e-01	4.802707e-02	6.003383e-02	3.144805e-01	2.586849e-01	9.063122e-02	3.506781e-01
22232	3.604022e-01	5.689274e-01	5.750251e-02	7.187814e-02	3.765256e-01	3.758329e-01	6.780742e-01	1.326549e-01
19318	2.216058e-01	1.403128e-01	2.339504e-02	2.924379e-02	1.531903e-01	1.457572e-01	8.918100e-01	6.277470e-01
2164	7.549453e-01	3.200322e-01	2.610650e-02	3.263313e-02	1.709450e-01	1.122303e-01	5.272276e-01	4.924468e-03
495	7.270383e-01	8.462018e-01	2.054617e-02	2.568271e-02	1.345360e-01	4.684261e-02	2.703217e-01	8.295461e-01
30287	5.375381e-01	7.332605e-01	2.089748e-02	2.612185e-02	1.368364e-01	3.853808e-02	1.480179e-01	2.113803e-02
26777	2.285372e-01	5.722875e-01	2.318902e-02	2.898628e-02	1.518414e-01	1.377679e-01	5.431481e-01	6.032200e-01
11551	6.553506e-01	8.930251e-01	3.003941e-02	3.754926e-02	1.966976e-01	1.067200e-01	2.275700e-01	5.848233e-01
10477	6.994398e-01	8.947293e-01	2.105832e-02	2.632291e-02	1.378896e-01	6.795598e-02	4.208397e-01	9.080666e-01
3805	6.918789e-01	4.728296e-01	2.276526e-02	2.845658e-02	1.490666e-01	1.479153e-01	4.436806e-01	6.071066e-01
11628	7.286789e-01	1.127662e-01	4.530056e-02	5.662570e-02	2.966274e-01	1.970962e-01	7.111767e-03	6.537991e-01
20733	2.678052e-01	5.237195e-01	4.105592e-02	5.131990e-02	2.688335e-01	8.848356e-02	3.292523e-01	4.364113e-01
26429	1.644542e-01	6.983414e-01	4.155178e-02	5.193973e-02	2.720804e-01	7.882802e-02	6.110826e-01	6.994559e-01
28360	1.623582e-01	8.159447e-01	2.238791e-02	2.798489e-02	1.465957e-01	1.386068e-01	9.581823e-01	9.009186e-01
1835	9.361337e-01	5.478232e-01	2.675043e-02	3.343804e-02	1.751614e-01	1.147583e-01	6.046363e-01	3.685238e-01
29349	1.457816e-01	6.212327e-01	4.544503e-02	5.680629e-02	2.975734e-01	1.033019e-01	6.627428e-01	3.373868e-01
32233	5.600551e-01	2.031610e-01	2.097463e-02	2.621828e-02	1.373415e-01	1.048920e-01	9.190304e-01	1.006021e-01
1448	8.442968e-01	2.464549e-01	5.383562e-02	6.729453e-02	3.525148e-01	2.585332e-01	4.355895e-01	9.964230e-01
31524	6.819885e-01	3.740857e-01	2.289422e-02	2.861778e-02	1.499110e-01	8.497195e-02	5.238184e-01	3.997618e-01
29162	1.290590e-01	3.703928e-01	2.814191e-02	3.517739e-02	1.842728e-01	8.011176e-02	7.530633e-01	9.674260e-01
14214	7.215714e-01	4.849326e-01	2.230281e-02	2.787851e-02	1.460385e-01	1.251380e-01	2.769171e-01	7.974622e-02
2255	5.697866e-01	3.001175e-01	4.055707e-02	5.069634e-02	2.655671e-01	1.990386e-01	3.739955e-01	3.142292e-01
11248	1.046648e-01	1.463321e-01	2.911563e-02	3.639454e-02	1.906487e-01	6.730291e-02	8.452801e-01	6.172875e-01
16718	4.918730e-01	1.430804e-01	2.860181e-02	3.575226e-02	1.872842e-01	1.871395e-01	7.593428e-01	3.584961e-01
2914	3.774031e-01	7.296877e-01	5.245692e-02	6.557115e-02	3.434871e-01	3.290591e-01	9.690516e-02	6.447050e-01
23031	6.146259e-01	6.216915e-01	6.705883e-02	8.382353e-02	4.391002e-01	2.222089e-01	7.495229e-02	4.678914e-01
17966	9.249141e-01	9.091198e-01	3.649516e-02	4.561896e-02	2.389698e-01	1.772388e-01	7.067496e-01	1.940795e-01
9492	2.165144e-01	3.043075e-01	3.711967e-02	4.639959e-02	2.430590e-01	1.268298e-01	9.404226e-01	6.925582e-01
28483	9.154714e-01	2.102343e-01	5.830232e-02	7.287789e-02	3.817627e-01	1.566468e-01	1.580165e-01	1.224900e-01
26553	8.092207e-01	5.248324e-02	3.179574e-02	3.974467e-02	2.081980e-01	9.282116e-02	1.534760e-01	7.271804e-01
9304	5.117685e-01	6.077641e-01	3.066666e-02	3.833332e-02	2.008048e-01	7.317990e-02	6.714199e-01	5.253367e-01
9625	1.551167e-01	9.168433e-01	2.439749e-02	3.049687e-02	1.597544e-01	6.515148e-02	1.060031e-01	7.738121e-01
26484	1.519973e-01	5.215399e-01	7.859525e-02	9.824406e-02	5.146405e-01	4.531499e-01	3.571807e-01	2.079253e-01
28148	4.708721e-01	3.770320e-01	3.179657e-02	3.974571e-02	2.082034e-01	1.197557e-01	1.040119e-02	5.665565e-01
8878	5.985432e-01	5.117429e-01	6.745614e-02	8.432017e-02	4.417017e-01	1.978883e-01	4.563792e-01	4.044792e-01
29242	9.698710e-01	1.300045e-01	2.587066e-02	3.233833e-02	1.694007e-01	1.690021e-01	2.441575e-01	7.215897e-01
28386	1.768905e-01	4.249147e-01	3.262690e-02	4.078362e-02	2.136404e-01	1.944742e-01	2.619985e-01	7.824124e-01
10096	7.083792e-01	3.413704e-01	2.338562e-02	2.923203e-02	1.531287e-01	1.153305e-01	7.446982e-02	7.683315e-01
20676	5.028959e-01	2.930004e-01	4.013853e-02	5.017317e-02	2.628265e-01	2.103648e-01	5.334715e-01	4.408351e-01
20388	3.894376e-01	1.465882e-01	2.560873e-02	3.201092e-02	1.676856e-01	1.675797e-01	2.881015e-01	8.002702e-01
2027	2.961310e-01	7.983971e-01	4.602178e-02	5.752723e-02	3.013499e-01	1.681626e-01	4.888567e-01	5.731727e-01
17405	2.641547e-01	2.764931e-01	4.407929e-02	5.509911e-02	2.886305e-01	1.679642e-01	8.335848e-02	7.834582e-01
28193	7.581795e-01	7.520167e-01	3.492735e-02	4.365919e-02	2.287038e-01	1.019573e-01	2.197838e-01	1.704313e-01
23579	8.794718e-01	8.534966e-01	2.385465e-02	2.981831e-02	1.561999e-01	1.218496e-01	6.588826e-01	7.296017e-01
7586	6.292947e-02	8.230363e-01	2.501576e-02	3.126970e-02	1.638028e-01	1.636757e-01	7.323795e-01	4.119927e-01
27050	7.520763e-01	5.677350e-01	3.567410e-02	4.459262e-02	2.335934e-01	2.096152e-01	9.383620e-01	7.751779e-01
32404	4.269686e-01	1.468455e-01	3.081891e-02	3.852363e-02	2.018017e-01	1.691697e-01	8.710959e-01	7.830614e-01
11321	5.992946e-01	6.883370e-01	6.497344e-02	8.121681e-02	4.254451e-01	1.473674e-01	6.040526e-01	2.161252e-02
26503	6.959008e-01	7.041945e-02	2.135644e-02	2.669555e-02	1.398416e-01	1.226651e-01	7.459448e-01	2.968645e-01
32450	6.837403e-02	4.479948e-01	3.019643e-02	3.774554e-02	1.977258e-01	7.550044e-02	8.372829e-01	2.443894e-01
19096	5.790437e-01	9.731608e-01	2.137248e-02	2.671560e-02	1.399467e-01	1.199127e-01	4.436000e-01	6.278033e-01
18782	4.672357e-01	5.143189e-01	3.589180e-02	4.486474e-02	2.350189e-01	2.256329e-01	1.384512e-01	5.590257e-01
30843	9.070975e-01	6.918190e-01	4.649381e-02	5.811727e-02	3.044408e-01	3.030491e-01	2.451609e-01	5.998628e-01
19983	7.138928e-01	9.474736e-01	2.494228e-02	3.117785e-02	1.633216e-01	1.489941e-01	3.395170e-01	2.940262e-01
5881	8.971899e-01	7.892721e-01	3.312917e-02	4.141146e-02	2.169293e-01	1.826179e-01	5.159310e-01	6.056906e-01
8090	5.989378e-01	1.632917e-01	3.497260e-02	4.371575e-02	2.290001e-01	1.412977e-01	8.018594e-01	8.864108e-01
29863	3.406875e-01	8.372183e-01	2.342925e-02	2.928656e-02	1.534144e-01	1.317409e-01	1.040472e-01	3.676513e-01
18798	8.485453e-01	3.182436e-01	2.492346e-02	3.115433e-02	1.631984e-01	4.826996e-02	5.265307e-01	8.881939e-01
13573	4.942225e-01	7.648153e-01	2.332531e-02	2.915663e-02	1.527337e-01	9.395008e-02	6.124465e-01	6.566381e-01
27481	4.136135e-01	6.626227e-01	2.747154e-02	3.433943e-02	1.798832e-01	1.229362e-01	2.747986e-01	6.058720e-02
2098	7.309292e-02	3.322263e-01	3.224917e-02	4.031146e-02	2.111671e-01	1.917077e-01	8.250026e-01	4.796376e-01
24071	6.672946e-01	4.682697e-02	2.356859e-02	2.946074e-02	1.543268e-01	1.107400e-01	5.060496e-01	8.756692e-01
13674	6.472437e-02	7.212169e-01	5.302437e-02	6.628046e-02	3.472028e-01	1.875471e-01	2.622311e-01	8.607218e-01
12107	6.900535e-01	5.470937e-01	7.101392e-02	8.876740e-02	4.649981e-01	2.430203e-01	8.673037e-01	9.691972e-01
14441	5.265050e-01	5.462905e-01	2.691434e-02	3.364293e-02	1.762347e-01	5.863985e-02	4.452712e-01	2.084300e-01
12349	4.996864e-01	9.176632e-01	2.238739e-02	2.798424e-02	1.465923e-01	1.409194e-01	2.468714e-03	4.415813e-01
