714	1.734887e-01	4.041240e-01	2.193885e-02	2.742356e-02	1.436553e-01	1.081033e-01	1.551140e-01	8.908839e-01
22821	2.121428e-01	8.844026e-01	3.408708e-02	4.260885e-02	2.232017e-01	1.889127e-01	3.368719e-01	7.754339e-01
25656	3.629184e-02	1.621006e-01	2.169520e-02	2.711900e-02	1.420598e-01	1.420001e-01	5.193611e-02	1.460396e-02
21276	3.457309e-01	1.158418e-01	4.706543e-02	5.883179e-02	3.081837e-01	2.587128e-01	1.845143e-01	3.343288e-01
10334	8.335583e-01	7.599637e-01	2.762219e-02	3.452774e-02	1.808697e-01	1.595344e-01	3.533880e-01	9.710451e-02
2171	6.307132e-01	8.542164e-01	3.038141e-02	3.797676e-02	1.989370e-01	1.590721e-01	8.738288e-01	6.239208e-01
20234	1.652771e-01	4.743712e-01	4.324532e-02	5.405665e-02	2.831697e-01	2.408499e-01	5.721643e-01	4.274411e-01
3452	4.518823e-01	3.891146e-01	4.977469e-02	6.221837e-02	3.259239e-01	2.507503e-01	3.573287e-01	3.910063e-02
23874	6.899048e-01	8.582784e-01	2.412704e-02	3.015880e-02	1.579835e-01	5.699622e-02	5.990990e-01	6.339286e-01
18240	7.387197e-01	6.504040e-01	2.489242e-02	3.111552e-02	1.629952e-01	1.608436e-01	9.962792e-01	7.275443e-02
28528	5.169208e-01	2.621822e-01	6.865507e-02	8.581884e-02	4.495523e-01	1.203719e-01	6.111237e-01	3.397755e-01
14195	4.599743e-01	9.582269e-01	2.891714e-02	3.614643e-02	1.893490e-01	1.769042e-01	4.739755e-01	2.040914e-01
16404	4.540605e-01	7.847253e-02	3.243127e-02	4.053908e-02	2.123594e-01	2.064642e-01	2.788650e-02	5.415068e-01
29233	2.626388e-01	5.544099e-01	2.549691e-02	3.187114e-02	1.669534e-01	5.429737e-02	8.293416e-01	9.455218e-01
25494	3.409484e-01	4.813722e-01	2.349813e-02	2.937267e-02	1.538654e-01	9.642414e-02	8.576418e-01	4.548894e-01
26995	3.404365e-01	2.166227e-01	2.103747e-02	2.629684e-02	1.377530e-01	1.349285e-01	7.642377e-01	7.851904e-01
24785	6.392158e-02	9.067354e-01	2.583310e-02	3.229138e-02	1.691548e-01	1.373234e-01	5.338989e-01	1.162851e-02
30839	3.149666e-01	5.245767e-01	5.972535e-02	7.465668e-02	3.910806e-01	1.593151e-01	8.615255e-01	1.062391e-01
23361	1.519933e-01	2.516261e-01	3.987438e-02	4.984298e-02	2.610968e-01	1.771628e-01	2.782146e-01	9.670827e-01
28521	7.328512e-01	3.585413e-01	2.125979e-02	2.657474e-02	1.392088e-01	4.610110e-02	8.305478e-01	6.352229e-01
11361	9.355508e-01	8.038266e-01	2.465098e-02	3.081373e-02	1.614142e-01	1.518085e-01	3.938509e-01	8.573721e-01
21627	3.548749e-01	3.543023e-01	4.541983e-02	5.677478e-02	2.974083e-01	2.229418e-01	9.068413e-01	6.963482e-01
2452	2.468612e-01	3.943405e-01	2.354982e-02	2.943727e-02	1.542038e-01	1.474203e-01	4.131363e-01	5.622288e-01
31486	5.005238e-01	5.696444e-02	3.714823e-02	4.643529e-02	2.432460e-01	2.284029e-01	5.088256e-01	5.521193e-01
2729	4.434492e-01	4.791422e-01	5.363867e-02	6.704834e-02	3.512252e-01	2.053731e-01	3.499345e-01	4.289474e-01
6970	7.068102e-01	7.299903e-01	2.717656e-02	3.397070e-02	1.779517e-01	1.777161e-01	8.942934e-01	5.127980e-01
30642	4.908936e-01	6.316069e-01	4.299808e-02	5.374760e-02	2.815508e-01	2.782763e-01	8.785934e-01	3.338685e-01
1457	2.503401e-01	1.939676e-01	4.734875e-02	5.918594e-02	3.100389e-01	2.193229e-01	5.653528e-01	9.335141e-01
3984	1.822551e-01	3.353059e-01	4.106961e-02	5.133701e-02	2.689232e-01	2.499601e-01	9.605246e-02	4.053264e-01
28442	3.893528e-01	9.097763e-01	4.328322e-02	5.410403e-02	2.834179e-01	1.572087e-01	2.447851e-01	3.808953e-02
21726	4.478072e-01	9.170146e-01	3.694673e-02	4.618342e-02	2.419266e-01	1.749109e-01	8.767415e-01	5.478280e-02
9050	2.956361e-01	8.074537e-01	2.654336e-02	3.317920e-02	1.738055e-01	1.734342e-01	2.963924e-01	3.014700e-01
6089	1.576183e-01	7.662721e-01	2.498145e-02	3.122682e-02	1.635782e-01	1.331159e-01	8.889604e-01	7.362856e-01
3642	5.295699e-01	8.105757e-01	2.643516e-02	3.304395e-02	1.730970e-01	1.659226e-01	1.859303e-01	2.319069e-01
4711	3.190743e-01	7.779756e-01	3.254227e-02	4.067784e-02	2.130863e-01	1.789438e-01	1.795900e-01	8.449665e-01
6187	2.886563e-01	3.406332e-01	2.960660e-02	3.700825e-02	1.938636e-01	5.551916e-02	6.892899e-01	9.650658e-01
24606	1.507521e-01	1.714231e-01	5.848552e-02	7.310690e-02	3.829623e-01	1.192235e-01	3.875876e-01	6.271899e-01
13051	4.013089e-01	7.316108e-01	3.970615e-02	4.963269e-02	2.599953e-01	2.578848e-01	1.436627e-01	1.824728e-01
28155	4.368773e-01	6.723946e-01	3.137041e-02	3.921302e-02	2.054130e-01	1.429389e-01	4.808518e-01	8.451629e-01
21938	3.397579e-02	5.907087e-01	2.955397e-02	3.694246e-02	1.935189e-01	1.424587e-01	1.233811e-01	3.247127e-01
22613	8.358826e-01	2.597472e-01	2.417175e-02	3.021469e-02	1.582763e-01	1.569694e-01	2.068515e-01	9.096607e-01
6198	8.206781e-01	9.547452e-01	3.035847e-02	3.794809e-02	1.987868e-01	1.942858e-01	4.846073e-01	8.115609e-01
11274	5.194040e-02	2.220802e-01	3.302128e-02	4.127660e-02	2.162228e-01	2.117394e-01	6.427043e-01	8.442756e-01
29814	9.205967e-01	3.808763e-01	2.556419e-02	3.195524e-02	1.673939e-01	1.152529e-01	1.310508e-01	4.149973e-01
14102	8.467950e-01	4.169665e-01	2.377666e-02	2.972083e-02	1.556892e-01	9.412918e-02	1.093550e-01	5.146816e-01
21173	6.909998e-01	5.941462e-02	2.704175e-02	3.380219e-02	1.770690e-01	1.733853e-01	5.201083e-01	4.903127e-01
12877	5.588733e-01	4.356144e-01	2.204962e-02	2.756202e-02	1.443806e-01	1.443357e-01	4.982344e-01	3.438341e-01
29257	8.502990e-01	5.785477e-01	2.242293e-02	2.802866e-02	1.468250e-01	7.622507e-02	4.005581e-01	4.373524e-01
1107	2.278245e-01	4.931827e-01	3.971790e-02	4.964738e-02	2.600722e-01	1.742093e-01	2.708263e-01	7.955932e-01
21578	6.908025e-01	1.111815e-01	4.927175e-02	6.158968e-02	3.226306e-01	1.695826e-01	2.640291e-01	3.143035e-01
14126	5.945228e-01	7.912561e-01	2.918986e-02	3.648732e-02	1.911347e-01	1.747534e-01	6.522655e-01	8.895721e-01
28304	6.512873e-01	6.651781e-01	2.166451e-02	2.708063e-02	1.418589e-01	1.107817e-01	4.320076e-01	4.799277e-01
10007	3.059507e-01	3.920326e-01	4.046035e-02	5.057544e-02	2.649338e-01	1.593251e-01	5.259292e-01	8.318218e-01
27776	6.289537e-01	3.020013e-01	3.802769e-02	4.753461e-02	2.490047e-01	7.634746e-02	5.161077e-01	7.163586e-01
1591	6.481276e-01	1.289217e-01	2.113422e-02	2.641778e-02	1.383865e-01	1.319558e-01	5.301113e-02	3.609589e-01
103	2.993383e-01	8.754282e-01	3.756651e-02	4.695814e-02	2.459849e-01	1.797503e-01	3.584441e-02	4.248101e-01
5108	7.973506e-02	7.053205e-01	3.394935e-02	4.243669e-02	2.222998e-01	1.250352e-01	1.593681e-01	2.681151e-04
21333	6.072102e-01	5.399660e-01	3.812478e-02	4.765597e-02	2.496404e-01	1.788979e-01	1.376588e-01	4.957566e-01
14767	6.265180e-01	6.045333e-01	3.507786e-02	4.384733e-02	2.296893e-01	2.201468e-01	5.497334e-01	1.540528e-01
14691	2.295807e-01	2.695840e-01	4.237799e-02	5.297249e-02	2.774904e-01	2.490089e-01	2.336801e-01	8.554468e-01
28888	2.691746e-01	8.923018e-02	2.990452e-02	3.738065e-02	1.958143e-01	1.798747e-01	9.236447e-01	1.368622e-01
4968	9.296887e-01	5.395334e-02	2.216527e-02	2.770658e-02	1.451378e-01	6.972885e-02	8.672718e-01	5.766876e-01
26874	1.438126e-01	6.655615e-01	3.550054e-02	4.437567e-02	2.324570e-01	9.844186e-02	9.804966e-01	5.542202e-01
11061	6.720814e-02	8.061900e-01	2.114970e-02	2.643713e-02	1.384879e-01	9.288379e-02	8.876988e-01	9.893361e-01
4951	7.624520e-01	4.048737e-01	5.597852e-02	6.997315e-02	3.665465e-01	3.446151e-01	5.862190e-01	1.189414e-01
30449	4.787120e-01	5.014334e-01	2.321181e-02	2.901477e-02	1.519906e-01	4.209139e-02	5.369347e-01	9.646813e-02
18120	5.294851e-01	4.495486e-01	3.120620e-02	3.900775e-02	2.043377e-01	1.474890e-01	4.494018e-01	9.465532e-01
6886	3.598859e-01	6.650423e-01	5.676337e-02	7.095421e-02	3.716857e-01	1.423069e-01	5.062124e-01	5.205838e-01
30781	9.510963e-01	1.245167e-01	2.949480e-02	3.686850e-02	1.931315e-01	1.387039e-01	3.368542e-01	7.431732e-01
4109	6.721975e-01	3.612577e-01	2.529108e-02	3.161385e-02	1.656056e-01	1.512344e-01	9.773191e-01	2.757166e-01
19286	5.892708e-01	1.711607e-01	2.504795e-02	3.130993e-02	1.640136e-01	1.561820e-01	3.730063e-01	5.388747e-01
29328	8.967144e-01	9.599213e-02	2.220019e-02	2.775024e-02	1.453665e-01	7.906923e-02	4.581606e-01	8.183537e-01
19486	5.649367e-01	3.748163e-01	5.461864e-02	6.827331e-02	3.576420e-01	3.080689e-01	6.662158e-01	7.284006e-01
18874	3.986590e-01	8.190876e-02	2.466533e-02	3.083166e-02	1.615082e-01	1.590479e-01	7.960095e-01	7.138259e-01
18063	2.868111e-01	9.636693e-01	2.576325e-02	3.220406e-02	1.686974e-01	1.267713e-01	3.178078e-01	3.791096e-01
11989	6.365470e-01	2.056557e-01	2.122855e-02	2.653568e-02	1.390042e-01	1.137416e-01	7.575754e-01	6.155447e-01
19462	4.860368e-01	3.329943e-01	2.872859e-02	3.591073e-02	1.881143e-01	1.711679e-01	2.209250e-01	1.115877e-01
11486	9.691264e-01	5.185433e-01	3.184520e-02	3.980650e-02	2.085218e-01	5.476933e-02	7.780674e-01	4.672470e-01
5394	4.925830e-01	5.492145e-01	4.051355e-02	5.064194e-02	2.652821e-01	1.999907e-01	9.691020e-02	2.654542e-01
31768	8.901729e-01	4.177108e-02	3.107688e-02	3.884610e-02	2.034909e-01	9.139732e-02	4.544944e-01	8.538389e-02
9791	4.417988e-01	1.855399e-01	4.241479e-02	5.301848e-02	2.777314e-01	2.733997e-01	8.375844e-01	3.672943e-01
8312	7.115731e-01	7.854788e-01	3.255216e-02	4.069021e-02	2.131511e-01	1.896689e-01	7.162699e-01	2.428204e-01
