23737	8.121302e-01	7.012421e-01	7.886967e-02	9.858708e-02	5.164373e-01	2.818290e-01	9.904289e-01	7.720102e-01
16842	6.611332e-01	1.098162e-01	7.509087e-02	9.386359e-02	4.916938e-01	4.365250e-01	8.505801e-02	4.197090e-02
32490	8.162504e-01	2.955284e-01	3.079999e-02	3.849999e-02	2.016778e-01	6.154458e-02	2.172760e-01	2.817973e-01
24206	2.409947e-01	5.036625e-01	2.944344e-02	3.680430e-02	1.927952e-01	1.717334e-01	3.746874e-01	1.520918e-01
26667	5.045133e-01	8.488233e-01	3.183452e-02	3.979315e-02	2.084519e-01	1.774547e-01	9.341489e-01	2.704096e-02
23669	3.077101e-01	6.064370e-01	2.689757e-02	3.362197e-02	1.761249e-01	9.977399e-02	9.400403e-01	1.988960e-01
24418	4.731568e-01	4.662501e-01	2.085504e-02	2.606880e-02	1.365585e-01	1.226023e-01	1.149651e-01	5.209866e-01
4404	1.569182e-01	2.692151e-01	3.536793e-02	4.420991e-02	2.315886e-01	2.279627e-01	9.058497e-01	4.570550e-01
25109	8.302421e-01	8.289815e-01	4.865465e-02	6.081831e-02	3.185899e-01	2.676117e-01	7.758719e-02	6.427726e-01
11938	9.048839e-02	4.773411e-01	2.552168e-02	3.190210e-02	1.671155e-01	1.670974e-01	6.183612e-01	8.171765e-01
7975	8.356222e-01	1.964113e-01	3.869665e-02	4.837082e-02	2.533851e-01	2.138853e-01	1.795301e-01	5.179672e-01
14839	8.488705e-01	3.939032e-01	3.100192e-02	3.875240e-02	2.030001e-01	1.574319e-01	8.045840e-01	4.008053e-01
30973	7.256439e-01	2.121027e-01	2.885622e-02	3.607027e-02	1.889501e-01	1.432876e-01	6.951792e-01	1.241692e-01
15181	3.354594e-01	9.031398e-01	5.996259e-02	7.495323e-02	3.926341e-01	3.489547e-01	1.792832e-01	1.941950e-01
20967	4.306237e-01	6.751976e-01	5.216644e-02	6.520805e-02	3.415850e-01	2.933752e-01	1.029430e-01	9.335005e-01
15977	7.476172e-01	4.378050e-01	2.455776e-02	3.069720e-02	1.608038e-01	1.458084e-01	1.447532e-01	9.802757e-01
32018	4.041555e-01	5.360505e-01	3.647056e-02	4.558820e-02	2.388087e-01	2.330687e-01	9.388248e-01	8.741160e-01
25554	4.990559e-01	3.700995e-02	2.158555e-02	2.698194e-02	1.413419e-01	1.008494e-01	9.837998e-01	8.615855e-01
32445	2.306186e-01	6.186717e-01	2.118344e-02	2.647930e-02	1.387088e-01	5.216018e-02	6.845700e-01	1.975560e-01
59	6.008225e-01	1.445591e-01	5.757667e-02	7.197083e-02	3.770111e-01	1.002742e-01	1.596956e-01	5.512119e-02
5407	9.102571e-01	8.772012e-01	2.566586e-02	3.208233e-02	1.680597e-01	1.444655e-01	4.308209e-01	7.031601e-01
7786	5.878842e-02	5.292769e-01	5.267821e-02	6.584776e-02	3.449361e-01	2.819574e-01	2.483158e-01	2.709177e-01
19777	8.917668e-01	2.841645e-01	4.461479e-02	5.576849e-02	2.921370e-01	8.461640e-02	9.067170e-01	8.991649e-01
32502	5.397959e-01	4.845212e-01	6.817707e-02	8.522133e-02	4.464224e-01	1.780009e-01	3.825014e-01	2.996727e-01
25943	3.275958e-01	7.721441e-01	2.519877e-02	3.149846e-02	1.650011e-01	9.363541e-02	2.682870e-01	4.896136e-01
31784	6.036525e-02	8.432059e-01	3.935931e-02	4.919914e-02	2.577242e-01	8.741562e-02	3.182848e-01	4.712474e-01
6352	9.167484e-01	7.084641e-01	5.449975e-02	6.812469e-02	3.568635e-01	3.543317e-01	9.577139e-01	3.601178e-01
26178	3.238466e-01	6.867770e-01	5.315384e-02	6.644230e-02	3.480505e-01	3.240213e-01	8.741624e-01	6.735634e-01
20263	8.053796e-01	3.732950e-01	2.230021e-02	2.787527e-02	1.460214e-01	1.121321e-01	2.872258e-01	6.646258e-01
17464	2.172602e-01	3.954053e-01	3.533439e-02	4.416799e-02	2.313691e-01	1.099334e-01	2.673522e-01	3.137104e-01
11231	6.708692e-01	7.945826e-01	4.872564e-02	6.090705e-02	3.190548e-01	3.168370e-01	9.183014e-01	1.676487e-01
21538	3.933764e-02	7.441985e-01	2.409638e-02	3.012048e-02	1.577828e-01	1.553644e-01	8.067908e-02	1.186332e-01
30634	6.512443e-01	5.698249e-01	3.556384e-02	4.445480e-02	2.328715e-01	2.129101e-01	7.268897e-01	1.219061e-01
14209	2.736510e-01	1.428931e-01	5.772502e-02	7.215627e-02	3.779825e-01	2.965251e-01	9.264671e-01	7.654843e-01
1216	5.184550e-01	9.506319e-01	2.514470e-02	3.143088e-02	1.646471e-01	1.566344e-01	9.418445e-01	4.265141e-01
7882	7.607926e-01	7.517341e-01	2.146531e-02	2.683164e-02	1.405545e-01	4.703835e-02	6.089984e-01	1.781886e-01
10422	1.109566e-01	3.119401e-01	2.942331e-02	3.677914e-02	1.926634e-01	1.139897e-01	7.867529e-01	3.552817e-01
1583	6.225399e-01	3.848550e-01	3.255021e-02	4.068776e-02	2.131383e-01	9.846751e-02	9.580290e-01	2.823492e-01
26153	1.718297e-01	6.200729e-01	5.949691e-02	7.437113e-02	3.895848e-01	3.593414e-01	7.693837e-02	2.436693e-01
16508	6.038791e-01	4.585472e-01	7.207289e-02	9.009111e-02	4.719321e-01	2.989249e-01	1.953438e-01	1.805773e-01
4720	1.834883e-01	4.209673e-01	2.727545e-02	3.409431e-02	1.785992e-01	1.745255e-01	1.207460e-01	7.606726e-01
1820	9.763155e-02	1.028875e-01	3.350096e-02	4.187619e-02	2.193637e-01	1.840449e-01	3.602489e-01	2.020822e-01
11016	6.899614e-01	4.816922e-02	2.491248e-02	3.114060e-02	1.631265e-01	1.022670e-01	2.029597e-01	9.667108e-01
10482	8.952448e-01	1.952503e-01	4.614130e-02	5.767662e-02	3.021325e-01	1.471913e-01	1.271911e-02	2.559321e-01
11396	5.704787e-01	5.669656e-01	2.414305e-02	3.017882e-02	1.580883e-01	1.520046e-01	1.930858e-02	1.160258e-02
29761	5.569328e-01	6.956172e-01	4.763606e-02	5.954507e-02	3.119202e-01	2.143654e-01	1.688375e-01	9.114948e-01
4910	7.741213e-01	6.436472e-01	3.140113e-02	3.925141e-02	2.056141e-01	1.053830e-01	5.153256e-01	5.317938e-01
16678	4.896512e-01	9.008818e-01	2.231935e-02	2.789919e-02	1.461468e-01	1.331618e-01	4.199309e-02	8.306715e-01
935	1.383979e-01	1.881016e-01	3.443634e-02	4.304542e-02	2.254886e-01	2.167583e-01	3.572294e-02	9.897488e-01
21600	1.705736e-01	5.130618e-01	2.724616e-02	3.405770e-02	1.784074e-01	5.535920e-02	3.974040e-01	3.420380e-01
5642	9.659078e-02	8.978533e-01	5.092722e-02	6.365903e-02	3.334707e-01	1.539083e-01	4.767308e-01	2.858482e-01
7600	2.754730e-01	3.289798e-01	3.815995e-02	4.769994e-02	2.498708e-01	2.452688e-01	9.376867e-01	9.697553e-01
29979	1.594696e-01	8.636910e-01	2.384932e-02	2.981165e-02	1.561650e-01	1.561518e-01	8.244359e-01	4.335091e-01
11022	6.735915e-01	1.918885e-01	3.134391e-02	3.917989e-02	2.052394e-01	6.353521e-02	7.560060e-01	6.376328e-01
26155	6.198898e-01	5.454397e-01	3.020890e-02	3.776113e-02	1.978074e-01	1.399795e-01	4.522963e-01	2.180596e-01
20079	8.778889e-01	1.262994e-01	2.115620e-02	2.644525e-02	1.385305e-01	1.304176e-01	2.892423e-02	1.744894e-01
12361	8.327907e-01	1.327140e-01	2.077133e-02	2.596416e-02	1.360103e-01	8.870249e-02	9.387579e-01	7.303089e-01
29552	3.448464e-01	8.245243e-01	2.067130e-02	2.583913e-02	1.353554e-01	4.893674e-02	3.776624e-01	5.099119e-02
2945	6.075210e-01	6.949419e-01	2.402626e-02	3.003282e-02	1.573236e-01	1.479768e-01	6.340924e-01	9.031159e-01
23	3.908326e-01	7.622521e-01	5.563419e-02	6.954273e-02	3.642918e-01	1.165426e-01	2.744250e-01	6.281791e-01
27058	7.828463e-01	8.037035e-01	4.516822e-02	5.646027e-02	2.957608e-01	2.482081e-01	1.708193e-01	8.834108e-01
10717	4.068682e-01	4.265602e-01	3.110065e-02	3.887581e-02	2.036466e-01	6.008652e-02	2.352306e-01	3.064778e-01
24186	7.258541e-01	3.771054e-01	2.981362e-02	3.726703e-02	1.952191e-01	1.199479e-01	3.933272e-02	2.411190e-01
23124	1.972887e-01	1.567880e-01	5.087713e-02	6.359641e-02	3.331427e-01	1.560062e-01	4.058449e-01	5.620033e-01
11749	5.633340e-01	2.089730e-01	2.756083e-02	3.445104e-02	1.804679e-01	1.804476e-01	3.182957e-01	1.043318e-01
21854	2.798983e-01	5.726507e-02	2.198576e-02	2.748220e-02	1.439624e-01	1.435491e-01	5.708564e-01	8.728463e-01
29873	6.826966e-01	4.817587e-01	2.629940e-02	3.287425e-02	1.722080e-01	1.262547e-01	9.879364e-01	2.809587e-01
3840	6.366785e-01	7.325672e-01	2.302232e-02	2.877791e-02	1.507498e-01	1.499113e-01	5.196127e-01	2.893907e-01
31527	5.818747e-01	8.687966e-01	4.203549e-02	5.254436e-02	2.752477e-01	2.658136e-01	4.162776e-01	3.790129e-01
9986	2.622326e-01	5.247724e-01	2.308816e-02	2.886020e-02	1.511809e-01	9.464812e-02	6.753346e-01	7.503954e-01
26752	4.852727e-01	2.327181e-01	2.960015e-02	3.700019e-02	1.938213e-01	5.129609e-02	7.217450e-01	1.906813e-01
11204	5.476710e-01	6.306075e-01	2.407596e-02	3.009494e-02	1.576490e-01	7.248399e-02	7.571311e-03	8.564883e-01
11760	9.209410e-01	9.193275e-01	3.737490e-02	4.671863e-02	2.447303e-01	2.012046e-01	3.863686e-01	6.363047e-01
30469	7.232788e-01	3.106858e-01	2.572878e-02	3.216098e-02	1.684717e-01	1.505106e-01	8.851249e-01	3.725651e-01
29244	5.575585e-01	2.698147e-01	2.492756e-02	3.115946e-02	1.632253e-01	1.468301e-01	7.825594e-01	3.843315e-01
