11229	3.923641e-01	5.572069e-01	2.918958e-02	3.648698e-02	1.911329e-01	1.817932e-01	8.969078e-02	3.333526e-01
8818	1.581954e-01	1.869939e-01	2.806895e-02	3.508619e-02	1.837951e-01	1.688895e-01	2.063020e-01	3.880012e-01
21623	7.648216e-01	3.954306e-01	2.683197e-02	3.353996e-02	1.756953e-01	1.460491e-01	3.768740e-01	8.500291e-01
32193	1.909570e-01	8.738267e-01	2.203261e-02	2.754077e-02	1.442692e-01	8.041280e-02	7.581379e-01	7.935349e-01
19632	8.972169e-01	6.567443e-01	5.793826e-02	7.242282e-02	3.793788e-01	2.311974e-01	8.730434e-02	1.367429e-01
20857	4.744779e-02	4.834430e-01	3.031634e-02	3.789543e-02	1.985109e-01	1.177974e-01	2.575982e-01	6.938696e-01
26642	1.153993e-01	4.777806e-01	2.079099e-02	2.598874e-02	1.361391e-01	1.013065e-01	8.840189e-01	4.254240e-01
10612	9.350226e-01	1.609663e-01	2.357915e-02	2.947394e-02	1.543959e-01	5.544598e-02	2.783034e-01	7.353653e-01
8558	9.236803e-01	6.179511e-01	3.501799e-02	4.377249e-02	2.292973e-01	9.818650e-02	4.838629e-01	9.173502e-01
21810	6.183820e-01	2.439331e-01	3.419302e-02	4.274128e-02	2.238954e-01	1.906025e-01	9.682772e-01	9.296568e-02
22079	4.228482e-01	4.288237e-02	2.477025e-02	3.096281e-02	1.621952e-01	7.220139e-02	3.822256e-01	3.524390e-01
8245	4.501740e-01	2.196175e-01	3.674849e-02	4.593561e-02	2.406285e-01	7.055808e-02	9.319466e-01	4.125736e-04
31361	8.229061e-01	4.752987e-01	7.651364e-02	9.564204e-02	5.010101e-01	3.910404e-01	4.942988e-01	8.931357e-01
6133	8.444469e-01	7.063050e-01	5.374882e-02	6.718603e-02	3.519465e-01	2.457950e-01	1.021091e-01	7.338035e-01
1964	4.274159e-01	5.212714e-01	3.876243e-02	4.845304e-02	2.538158e-01	2.029849e-01	9.195404e-01	3.603541e-01
26378	3.376258e-01	3.095059e-01	2.405375e-02	3.006719e-02	1.575036e-01	6.474457e-02	3.540043e-01	9.284580e-01
27329	9.280639e-01	2.888787e-01	6.453135e-02	8.066418e-02	4.225502e-01	2.885239e-01	6.553909e-01	6.886073e-01
24888	7.841641e-01	2.105958e-01	2.915208e-02	3.644010e-02	1.908874e-01	1.598822e-01	7.667661e-01	8.604720e-01
24462	4.182966e-01	8.590480e-02	6.464652e-02	8.080815e-02	4.233044e-01	2.066477e-01	2.869892e-01	5.215354e-01
31644	3.587397e-01	1.411218e-01	4.369730e-02	5.462163e-02	2.861292e-01	1.386182e-01	2.725939e-01	8.383230e-01
9529	7.361512e-01	2.929255e-01	3.697749e-02	4.622186e-02	2.421280e-01	2.384506e-01	6.197793e-01	8.589277e-02
24283	7.028217e-01	8.661073e-01	4.835257e-02	6.044071e-02	3.166119e-01	2.669726e-01	5.549894e-01	8.500851e-01
31041	7.716419e-01	4.807347e-01	2.871335e-02	3.589169e-02	1.880146e-01	1.542852e-01	7.040981e-01	8.404993e-01
18847	6.677558e-01	3.361799e-01	2.520415e-02	3.150519e-02	1.650364e-01	1.644387e-01	3.412414e-01	5.783590e-01
28017	7.221031e-01	1.421727e-01	2.887204e-02	3.609005e-02	1.890537e-01	1.530888e-01	5.642199e-02	4.572837e-01
10205	4.991663e-01	7.597526e-01	2.584039e-02	3.230049e-02	1.692025e-01	7.687949e-02	1.070564e-01	4.694559e-02
28236	2.529478e-01	8.043125e-01	5.406951e-02	6.758689e-02	3.540463e-01	1.851710e-01	5.189591e-01	7.532751e-01
2242	3.380942e-01	5.917240e-01	6.365583e-02	7.956979e-02	4.168174e-01	3.426393e-01	5.436533e-01	2.834083e-01
20243	9.312886e-01	7.209995e-02	2.669062e-02	3.336327e-02	1.747698e-01	1.207127e-01	8.012425e-01	3.806572e-01
4	7.374094e-01	1.933694e-01	2.135540e-02	2.669425e-02	1.398348e-01	1.019680e-01	5.892165e-01	6.049465e-01
5783	6.190238e-01	4.889814e-01	3.996175e-02	4.995218e-02	2.616689e-01	2.310286e-01	8.126899e-01	5.783518e-01
24511	3.229901e-01	3.668179e-01	2.072421e-02	2.590526e-02	1.357018e-01	1.337053e-01	5.254141e-01	9.754249e-02
1990	9.884540e-02	9.058432e-01	5.025758e-02	6.282197e-02	3.290858e-01	1.039247e-01	1.669891e-01	6.344240e-01
31570	5.962045e-01	5.879179e-01	5.953684e-02	7.442105e-02	3.898463e-01	2.043085e-01	2.923925e-01	4.504262e-01
22259	3.687899e-01	3.781332e-01	2.609869e-02	3.262336e-02	1.708938e-01	7.295961e-02	2.688556e-01	1.440949e-01
11087	4.560240e-01	6.165491e-01	4.847414e-02	6.059268e-02	3.174079e-01	1.725340e-01	3.769055e-01	2.675142e-01
8199	6.107374e-01	7.091450e-01	7.420779e-02	9.275973e-02	4.859114e-01	2.899101e-01	5.782262e-01	1.536437e-01
2451	3.543602e-01	3.406039e-02	2.651404e-02	3.314255e-02	1.736135e-01	1.722579e-01	7.115004e-01	9.611519e-01
11736	9.230190e-01	8.580191e-01	2.701941e-02	3.377427e-02	1.769227e-01	1.735416e-01	5.410017e-01	5.520188e-02
20764	7.664775e-02	4.584684e-01	2.134792e-02	2.668490e-02	1.397859e-01	7.272009e-02	4.114470e-01	3.565746e-01
21118	3.557702e-01	7.175131e-01	3.004025e-02	3.755031e-02	1.967031e-01	1.825058e-01	8.344456e-01	5.583614e-01
20936	1.305688e-01	3.800188e-01	2.147185e-02	2.683981e-02	1.405973e-01	1.359081e-01	2.061250e-01	5.388712e-01
17633	4.821347e-01	8.346469e-01	2.780962e-02	3.476203e-02	1.820970e-01	5.700665e-02	7.154217e-01	9.785625e-01
26313	6.535093e-01	4.382622e-01	4.320400e-02	5.400500e-02	2.828991e-01	1.686243e-01	5.259898e-01	1.220256e-02
5580	2.839580e-01	7.300751e-01	2.088753e-02	2.610942e-02	1.367712e-01	9.692630e-02	6.150921e-01	2.035690e-02
7041	1.678111e-01	8.650879e-01	3.058384e-02	3.822980e-02	2.002625e-01	1.922294e-01	7.744851e-01	8.392169e-01
31794	4.417500e-01	2.565445e-01	3.530328e-02	4.412910e-02	2.311653e-01	1.007701e-01	3.583218e-01	3.991657e-01
28288	6.555255e-02	2.400816e-01	3.527707e-02	4.409633e-02	2.309937e-01	1.924892e-01	5.045063e-01	1.829585e-01
3823	7.240923e-01	3.540795e-01	4.716908e-02	5.896135e-02	3.088624e-01	2.870722e-01	1.663908e-02	6.193103e-01
30347	9.203253e-01	5.483644e-01	2.894151e-02	3.617689e-02	1.895086e-01	1.863663e-01	1.730657e-01	7.094149e-01
15533	2.689483e-01	4.300028e-01	3.984023e-02	4.980029e-02	2.608732e-01	6.838811e-02	1.088255e-01	2.159617e-01
19369	7.771042e-01	7.922979e-01	2.716567e-02	3.395709e-02	1.778804e-01	8.300820e-02	8.622766e-01	2.808544e-01
24246	8.734264e-01	7.108731e-02	3.264756e-02	4.080946e-02	2.137757e-01	1.248476e-01	3.115309e-01	5.254427e-02
13511	1.971174e-01	3.039655e-01	2.213399e-02	2.766748e-02	1.449330e-01	8.549003e-02	8.123185e-02	3.537740e-01
21200	6.091074e-01	4.230669e-01	4.740151e-02	5.925189e-02	3.103844e-01	2.677034e-01	8.443715e-01	3.059340e-01
7564	5.942638e-02	6.159849e-01	4.058450e-02	5.073062e-02	2.657466e-01	2.651726e-01	8.432923e-01	7.702098e-01
1077	8.781508e-02	2.813657e-01	2.876345e-02	3.595431e-02	1.883426e-01	1.695190e-01	7.129715e-01	8.978833e-01
26228	9.031806e-01	1.325524e-01	2.679745e-02	3.349681e-02	1.754693e-01	8.530841e-02	1.756623e-01	4.964940e-01
31366	2.132520e-01	5.738521e-01	2.614232e-02	3.267789e-02	1.711795e-01	9.260550e-02	3.101071e-01	2.894933e-01
17279	2.608040e-01	1.474647e-01	4.418806e-02	5.523507e-02	2.893427e-01	2.672013e-01	8.390908e-02	9.139081e-01
2853	4.679021e-01	6.821485e-01	2.094886e-02	2.618607e-02	1.371728e-01	1.347860e-01	3.896164e-01	9.494349e-01
31097	1.028416e-01	4.323993e-01	2.269599e-02	2.836998e-02	1.486130e-01	4.593837e-02	1.372450e-01	4.911311e-01
467	3.360665e-01	4.755960e-01	2.058087e-02	2.572609e-02	1.347632e-01	7.148280e-02	1.192508e-01	1.038914e-01
27175	4.920589e-01	5.106887e-01	3.135067e-02	3.918834e-02	2.052837e-01	1.191936e-01	3.393311e-01	6.681923e-01
28766	2.206559e-01	4.570449e-01	3.613816e-02	4.517270e-02	2.366321e-01	1.550803e-01	2.239261e-01	9.498613e-01
6354	8.883313e-01	8.314775e-01	2.506599e-02	3.133249e-02	1.641317e-01	1.106946e-01	5.757518e-03	8.984540e-01
30751	5.226470e-01	3.186717e-01	5.419435e-02	6.774294e-02	3.548638e-01	3.547792e-01	5.010613e-02	4.705059e-01
6708	4.466866e-01	1.443055e-01	2.145872e-02	2.682340e-02	1.405114e-01	1.384122e-01	6.507105e-01	9.375278e-01
11204	8.300634e-01	4.085404e-01	2.169000e-02	2.711250e-02	1.420258e-01	8.549967e-02	2.787349e-01	3.452410e-03
28011	7.424004e-01	9.557197e-01	4.202884e-02	5.253605e-02	2.752042e-01	1.827731e-01	2.783316e-01	5.268273e-01
2343	7.969560e-01	8.824460e-01	5.316378e-02	6.645473e-02	3.481156e-01	3.329592e-01	7.439609e-03	5.372397e-01
9364	4.106781e-01	6.660780e-01	3.029249e-02	3.786562e-02	1.983548e-01	1.297366e-01	5.103277e-01	8.088501e-01
13721	4.822917e-01	7.787932e-02	4.097711e-02	5.122139e-02	2.683175e-01	2.650572e-01	2.351473e-01	1.815181e-01
11984	1.783717e-01	6.786112e-01	2.422060e-02	3.027576e-02	1.585961e-01	6.922182e-02	9.705299e-01	8.994150e-01
