21297	1.658343e-01	1.735515e-01	2.218640e-02	2.773300e-02	1.452762e-01	5.868753e-02	9.915174e-02	8.303355e-01
7717	3.742053e-01	1.340784e-01	2.730723e-02	3.413403e-02	1.788073e-01	1.712006e-01	4.194113e-01	2.605660e-01
29761	3.069224e-01	3.962786e-01	2.651344e-02	3.314180e-02	1.736096e-01	1.623736e-01	9.245830e-01	3.564903e-01
27557	3.738917e-01	2.938827e-01	3.762748e-02	4.703435e-02	2.463842e-01	7.489765e-02	8.619383e-01	5.080709e-01
19597	6.631741e-01	2.533225e-01	3.888679e-02	4.860848e-02	2.546301e-01	1.478144e-01	8.718872e-01	2.405104e-01
24101	7.942161e-02	3.638324e-01	2.281436e-02	2.851794e-02	1.493880e-01	1.362815e-01	7.873531e-01	7.643380e-01
18875	1.818919e-01	9.229166e-01	3.479966e-02	4.349958e-02	2.278677e-01	1.343021e-01	2.102063e-01	7.120706e-01
856	1.139856e-01	7.370124e-01	2.275200e-02	2.844000e-02	1.489797e-01	1.301318e-01	3.088600e-01	6.575316e-01
12834	4.108852e-01	9.236988e-01	2.134322e-02	2.667903e-02	1.397551e-01	1.270291e-01	3.009969e-01	4.714159e-01
1321	4.070302e-01	5.731246e-01	4.330106e-02	5.412632e-02	2.835346e-01	7.706071e-02	7.480151e-01	7.874353e-01
22706	3.247366e-01	8.120245e-01	4.387633e-02	5.484542e-02	2.873015e-01	2.577170e-01	2.283606e-02	3.993050e-02
26658	4.991972e-01	3.755971e-01	7.544938e-02	9.431173e-02	4.940414e-01	3.737526e-01	8.849027e-01	4.507027e-01
28971	7.432707e-01	4.075469e-01	5.420198e-02	6.775248e-02	3.549137e-01	1.882161e-01	9.290748e-01	9.494260e-01
25803	6.891420e-01	5.540945e-01	5.319114e-02	6.648892e-02	3.482947e-01	1.699026e-01	1.068228e-01	2.438815e-01
6228	4.353508e-01	6.254038e-01	2.084814e-02	2.606018e-02	1.365133e-01	4.724855e-02	1.112248e-01	6.157562e-01
12624	8.140994e-01	6.537787e-01	6.996912e-02	8.746141e-02	4.581567e-01	4.547498e-01	9.413909e-01	8.188630e-01
3924	6.249110e-01	6.697672e-01	3.497224e-02	4.371530e-02	2.289977e-01	2.266629e-01	8.524802e-01	2.802890e-01
10320	4.744628e-01	5.567172e-01	7.414778e-02	9.268473e-02	4.855185e-01	1.312022e-01	7.433782e-01	5.317318e-01
27596	1.946460e-01	6.679061e-01	2.810748e-02	3.513435e-02	1.840473e-01	1.840358e-01	5.719813e-01	8.624451e-01
27709	7.095594e-01	8.228335e-01	3.934817e-02	4.918521e-02	2.576512e-01	1.402885e-01	7.486263e-01	9.913773e-02
14696	3.776587e-01	9.374724e-01	4.938456e-02	6.173070e-02	3.233693e-01	3.079151e-01	3.692421e-01	3.137276e-01
17682	3.477672e-01	5.673230e-01	5.816379e-02	7.270474e-02	3.808556e-01	3.450935e-01	3.897034e-01	2.927818e-01
12786	7.348280e-01	9.032822e-01	5.265486e-02	6.581857e-02	3.447832e-01	3.409543e-01	1.169540e-01	8.905052e-01
20014	4.521921e-01	2.123079e-01	2.151297e-02	2.689121e-02	1.408666e-01	1.396680e-01	1.308962e-01	1.786593e-01
12300	1.454990e-01	5.041961e-01	6.561674e-02	8.202093e-02	4.296574e-01	1.801133e-01	7.927466e-03	7.841677e-01
22134	2.291739e-01	4.290720e-01	3.382684e-02	4.228355e-02	2.214976e-01	2.199414e-01	4.590911e-01	1.531376e-01
160	9.718232e-01	1.711140e-01	2.301331e-02	2.876664e-02	1.506908e-01	4.599061e-02	6.232138e-01	5.141709e-01
32606	3.199330e-01	3.387549e-01	6.106158e-02	7.632697e-02	3.998303e-01	1.862039e-01	5.137115e-01	3.272599e-02
11516	4.189544e-01	4.134278e-01	6.396374e-02	7.995467e-02	4.188336e-01	1.354022e-01	2.311517e-01	9.418677e-01
754	3.588847e-01	7.201819e-01	5.918471e-02	7.398089e-02	3.875406e-01	1.362095e-01	6.971082e-01	5.181104e-01
29446	4.550321e-01	8.245364e-01	3.006515e-02	3.758144e-02	1.968662e-01	1.854602e-01	1.250041e-01	5.807588e-01
9678	6.174381e-01	5.287096e-01	5.211106e-02	6.513882e-02	3.412224e-01	3.347907e-01	4.622653e-01	2.027558e-01
18484	4.006159e-01	1.830823e-01	4.795065e-02	5.993831e-02	3.139801e-01	1.091255e-01	6.152822e-01	8.958481e-01
11824	1.066455e-01	7.884136e-02	3.851481e-02	4.814352e-02	2.521944e-01	1.397153e-01	6.758117e-01	9.131962e-01
25373	9.255848e-01	7.457658e-01	2.462609e-02	3.078261e-02	1.612512e-01	6.182850e-02	1.207720e-01	3.361539e-01
19837	2.831766e-01	5.973338e-01	3.272309e-02	4.090386e-02	2.142703e-01	1.586531e-01	2.377077e-01	1.353674e-01
10162	7.913852e-01	1.431604e-01	2.269440e-02	2.836800e-02	1.486026e-01	1.392670e-01	8.834921e-01	9.448754e-01
2730	9.598258e-01	5.818974e-01	2.742271e-02	3.427839e-02	1.795635e-01	8.821662e-02	9.391016e-01	9.143770e-01
16608	2.897653e-01	1.163436e-01	2.232712e-02	2.790891e-02	1.461977e-01	1.158173e-01	8.505398e-02	9.066182e-02
25057	5.977309e-01	9.300166e-01	2.709649e-02	3.387062e-02	1.774274e-01	5.252085e-02	1.602341e-01	4.577866e-01
14158	1.956059e-01	5.197458e-01	2.081211e-02	2.601514e-02	1.362774e-01	1.286568e-01	8.483922e-01	6.030387e-01
5633	5.144854e-01	2.791180e-01	4.194955e-02	5.243694e-02	2.746850e-01	1.255626e-01	9.365040e-01	6.946232e-01
578	9.303096e-01	9.534793e-01	2.095196e-02	2.618995e-02	1.371931e-01	6.519684e-02	5.999404e-01	6.012608e-01
30682	5.379752e-01	7.088096e-01	5.268463e-02	6.585578e-02	3.449781e-01	1.920182e-01	4.339535e-01	9.818027e-02
102	4.299216e-01	1.866368e-01	2.772511e-02	3.465639e-02	1.815436e-01	1.811844e-01	5.596460e-01	2.994915e-01
16606	6.865334e-01	3.486463e-01	2.239322e-02	2.799152e-02	1.466304e-01	6.373647e-02	5.261527e-01	6.732082e-01
22095	9.582037e-01	4.825860e-02	2.091258e-02	2.614073e-02	1.369353e-01	6.181719e-02	1.144934e-02	2.947120e-01
21140	5.855205e-01	3.782713e-01	2.821921e-02	3.527401e-02	1.847789e-01	9.225401e-02	1.784081e-01	8.302955e-01
31228	1.558353e-01	3.133639e-01	4.892617e-02	6.115771e-02	3.203678e-01	2.380402e-01	7.280935e-01	1.073879e-01
2232	8.873979e-01	5.717234e-01	3.503025e-02	4.378782e-02	2.293776e-01	6.671379e-02	6.468279e-01	1.718508e-02
6605	4.792863e-01	4.942144e-01	4.448746e-02	5.560933e-02	2.913032e-01	2.750173e-01	8.485163e-01	7.791435e-01
27747	4.304890e-01	8.913233e-01	3.743231e-02	4.679039e-02	2.451062e-01	2.391993e-01	8.661783e-01	7.301826e-01
24571	5.442806e-01	5.037656e-01	2.869851e-02	3.587313e-02	1.879174e-01	5.555872e-02	7.957106e-01	6.817021e-01
13763	1.521957e-01	3.969047e-01	3.907108e-02	4.883885e-02	2.558368e-01	1.298249e-01	1.073597e-01	3.216660e-01
8127	6.875463e-01	2.017074e-01	3.647561e-02	4.559451e-02	2.388417e-01	1.043536e-01	8.237956e-01	3.460979e-01
4285	5.535989e-01	3.194666e-01	3.585140e-02	4.481426e-02	2.347544e-01	2.296081e-01	3.037137e-01	8.299182e-01
1809	7.938969e-01	2.931877e-01	3.307277e-02	4.134097e-02	2.165600e-01	1.196977e-01	4.696976e-01	4.702828e-01
22413	9.112550e-02	8.934740e-01	3.415919e-02	4.269899e-02	2.236739e-01	1.766177e-01	2.317038e-02	5.306529e-01
8649	8.137514e-01	4.666817e-01	2.225537e-02	2.781922e-02	1.457278e-01	1.324502e-01	2.413013e-01	7.161085e-01
10841	3.429900e-01	1.167863e-01	2.494182e-02	3.117728e-02	1.633187e-01	7.293727e-02	3.168570e-01	1.225569e-02
28168	9.291429e-01	4.742096e-01	3.882014e-02	4.852518e-02	2.541937e-01	1.762740e-01	5.015753e-01	3.071083e-01
4086	8.464086e-01	3.971450e-01	3.397882e-02	4.247353e-02	2.224928e-01	1.692815e-01	4.398195e-01	9.796732e-02
20034	4.454529e-01	7.285905e-01	3.108097e-02	3.885121e-02	2.035177e-01	1.496333e-01	9.454152e-01	1.879497e-01
9131	2.482897e-01	2.147713e-01	6.743470e-02	8.429337e-02	4.415613e-01	3.811972e-01	1.212262e-01	4.272685e-01
17965	7.999367e-01	7.939656e-01	2.683669e-02	3.354586e-02	1.757262e-01	1.499197e-01	9.231005e-01	6.832006e-01
21469	4.164807e-02	1.945181e-01	2.293425e-02	2.866781e-02	1.501731e-01	9.882342e-02	1.653804e-02	3.021431e-01
25881	3.054442e-01	8.721875e-01	2.072802e-02	2.591003e-02	1.357268e-01	9.095596e-02	4.826838e-01	9.590141e-02
5172	2.046303e-01	5.700710e-01	2.582218e-02	3.227772e-02	1.690832e-01	1.462580e-01	3.690684e-01	2.345408e-01
8418	4.259253e-02	8.748978e-01	2.459174e-02	3.073967e-02	1.610263e-01	9.657099e-02	2.681797e-01	7.429572e-01
17612	9.606182e-01	8.481848e-01	2.125764e-02	2.657205e-02	1.391947e-01	1.388814e-01	6.816721e-01	5.150530e-01
17937	7.761334e-02	5.975951e-02	5.496271e-02	6.870339e-02	3.598950e-01	2.679928e-01	6.624789e-01	8.829511e-01
29179	8.977106e-01	2.252609e-01	6.769261e-02	8.461576e-02	4.432501e-01	1.160381e-01	7.872475e-02	4.474951e-01
16987	8.364240e-01	9.070980e-01	2.110106e-02	2.637633e-02	1.381694e-01	1.379422e-01	6.537237e-01	7.943561e-02
24476	7.979213e-01	2.098702e-01	2.461657e-02	3.077072e-02	1.611889e-01	8.305968e-02	8.655014e-01	4.898951e-01
16517	5.618279e-01	9.476095e-02	4.419364e-02	5.524205e-02	2.893792e-01	1.334501e-01	8.194512e-01	8.896620e-01
21419	4.727494e-02	3.778947e-01	4.207142e-02	5.258927e-02	2.754830e-01	2.359853e-01	8.223990e-01	4.715743e-01
13656	6.349032e-01	9.477876e-01	2.074726e-02	2.593408e-02	1.358527e-01	1.044808e-01	1.878853e-01	7.399682e-01
24536	6.640119e-01	6.303635e-01	4.275555e-02	5.344444e-02	2.799627e-01	2.472190e-01	6.288873e-01	7.642027e-01
31394	7.181440e-02	4.449391e-01	4.795937e-02	5.994922e-02	3.140372e-01	1.590606e-01	8.968136e-01	4.898233e-01
8201	9.211332e-01	6.273287e-02	4.875346e-02	6.094183e-02	3.192369e-01	3.103606e-01	4.009450e-01	7.675748e-01
12022	7.711822e-01	5.360373e-01	3.538542e-02	4.423178e-02	2.317032e-01	2.290880e-01	5.152983e-01	3.850095e-01
347	8.711776e-02	7.854118e-01	2.263930e-02	2.829913e-02	1.482418e-01	1.381840e-01	8.229624e-01	3.318164e-01
