4471	5.733291e-01	7.228580e-01	3.111372e-02	3.889215e-02	2.037321e-01	1.976750e-01	2.830822e-01	6.064542e-01
14985	6.147662e-01	6.310516e-01	2.630560e-02	3.288200e-02	1.722486e-01	1.439219e-01	8.551109e-01	1.416341e-01
1360	6.454135e-01	4.538408e-01	2.733048e-02	3.416310e-02	1.789595e-01	1.439500e-01	5.762294e-01	2.739469e-01
14207	4.945862e-01	2.100038e-01	2.875289e-02	3.594111e-02	1.882734e-01	1.864259e-01	4.544931e-01	3.561313e-01
15547	2.671594e-01	3.676683e-01	4.483872e-02	5.604840e-02	2.936032e-01	2.824815e-01	5.899453e-01	5.317218e-01
27555	7.308137e-02	5.749384e-01	5.251164e-02	6.563955e-02	3.438454e-01	3.371181e-01	3.599215e-01	2.819568e-01
25706	7.277346e-01	3.859742e-01	2.247030e-02	2.808787e-02	1.471351e-01	1.323015e-01	5.068248e-01	7.834428e-01
30027	4.058343e-01	3.485516e-01	3.262703e-02	4.078379e-02	2.136413e-01	2.136403e-01	1.254051e-01	6.859007e-01
15177	8.280592e-01	3.215212e-01	3.042266e-02	3.802833e-02	1.992071e-01	1.095109e-01	4.573912e-01	2.754574e-01
26620	8.946357e-01	2.211795e-01	6.836318e-02	8.545398e-02	4.476410e-01	3.842466e-01	9.207458e-01	9.783854e-02
19547	9.370503e-01	3.443136e-01	4.876905e-02	6.096132e-02	3.193390e-01	2.440797e-01	1.892995e-01	4.795128e-01
6108	9.030904e-01	8.264259e-01	7.517632e-02	9.397039e-02	4.922533e-01	4.897817e-01	3.768831e-01	2.927022e-01
19650	2.859017e-01	7.559592e-01	3.997637e-02	4.997046e-02	2.617646e-01	1.797654e-01	5.418588e-01	6.567691e-01
7250	6.848039e-01	5.659818e-01	2.847885e-02	3.559856e-02	1.864791e-01	1.618514e-01	2.244783e-01	3.882677e-01
3253	8.396357e-01	4.204684e-01	6.491071e-02	8.113839e-02	4.250343e-01	2.296973e-01	6.278143e-01	6.019328e-01
7834	8.730434e-01	3.178157e-01	2.369310e-02	2.961638e-02	1.551421e-01	1.179406e-01	8.040667e-01	2.428910e-01
30226	3.556432e-01	8.779043e-01	2.206799e-02	2.758499e-02	1.445009e-01	1.387883e-01	3.077961e-01	6.138215e-01
17150	6.377601e-01	6.909651e-01	3.003138e-02	3.753923e-02	1.966450e-01	1.551444e-01	1.465707e-01	7.984007e-01
10211	6.006767e-01	6.684165e-01	2.495215e-02	3.119019e-02	1.633863e-01	8.571434e-02	1.213614e-01	5.777176e-01
22464	9.002309e-01	9.663047e-02	5.965349e-02	7.456687e-02	3.906102e-01	3.826772e-01	1.505368e-01	9.483928e-02
23538	8.450900e-01	7.479451e-01	4.396166e-02	5.495208e-02	2.878603e-01	1.324861e-01	6.696027e-01	9.812739e-01
7000	3.900487e-01	1.218255e-01	3.374271e-02	4.217839e-02	2.209467e-01	2.152099e-01	1.423560e-01	6.552704e-01
28073	3.317489e-01	8.329802e-01	4.638263e-02	5.797829e-02	3.037128e-01	2.995296e-01	5.275533e-01	6.825646e-01
12957	3.853350e-01	7.001748e-01	2.503514e-02	3.129393e-02	1.639297e-01	1.609332e-01	9.642423e-01	9.676353e-01
6911	5.295444e-01	7.448789e-01	2.570263e-02	3.212829e-02	1.683004e-01	5.169819e-02	7.615504e-01	2.604826e-01
18140	1.262431e-01	3.773853e-01	3.840831e-02	4.801038e-02	2.514970e-01	2.426520e-01	3.564422e-01	2.736098e-01
6514	4.370716e-02	6.308393e-01	3.801517e-02	4.751896e-02	2.489227e-01	2.062065e-01	2.575281e-01	9.883997e-01
30636	7.216516e-01	5.034632e-01	2.275128e-02	2.843909e-02	1.489750e-01	1.305785e-01	9.535459e-01	7.871807e-01
9834	1.547153e-01	4.155433e-01	2.554646e-02	3.193308e-02	1.672778e-01	1.369877e-01	6.928747e-01	2.686658e-01
29453	7.192229e-01	3.166257e-01	4.377951e-02	5.472439e-02	2.866675e-01	1.077649e-01	4.511269e-01	1.818598e-01
28380	3.204092e-01	4.435572e-01	2.470476e-02	3.088095e-02	1.617664e-01	1.404525e-01	4.802326e-01	5.828493e-01
9850	3.997804e-01	4.295057e-01	3.047232e-02	3.809039e-02	1.995322e-01	1.976192e-01	5.108144e-02	3.586533e-01
9311	2.256498e-01	6.534482e-01	3.754586e-02	4.693232e-02	2.458497e-01	2.057846e-01	5.853840e-01	6.555394e-01
5488	4.578371e-01	2.872392e-01	6.275732e-02	7.844665e-02	4.109340e-01	3.203304e-01	8.093052e-01	4.830925e-01
14752	2.992469e-01	1.744794e-01	2.522459e-02	3.153074e-02	1.651702e-01	8.070574e-02	3.909210e-01	2.628342e-02
28545	4.305391e-01	5.610632e-01	2.101451e-02	2.626813e-02	1.376027e-01	8.897604e-02	9.878179e-01	5.733009e-01
18605	7.486574e-02	3.027684e-01	2.121162e-02	2.651452e-02	1.388933e-01	1.031016e-01	2.858349e-01	5.482862e-01
3134	7.425100e-01	9.062217e-01	2.683276e-02	3.354095e-02	1.757005e-01	1.468678e-01	4.843268e-01	2.009072e-01
18860	2.506220e-01	2.965815e-01	2.366526e-02	2.958157e-02	1.549597e-01	9.216033e-02	8.888853e-01	9.596289e-01
26016	6.025041e-01	7.767431e-01	2.510033e-02	3.137541e-02	1.643565e-01	1.502090e-01	4.769783e-01	8.335762e-01
11973	8.659069e-01	1.704886e-01	3.171189e-02	3.963986e-02	2.076489e-01	2.063803e-01	8.797557e-01	3.031073e-01
5027	1.811249e-01	2.570412e-01	5.986583e-02	7.483229e-02	3.920005e-01	2.044871e-01	2.370856e-01	5.825290e-01
9363	3.387039e-01	6.580532e-01	5.307189e-02	6.633986e-02	3.475139e-01	3.245913e-01	7.469837e-01	4.078153e-01
25027	9.682883e-02	7.372775e-01	2.525146e-02	3.156433e-02	1.653462e-01	1.639863e-01	1.061051e-01	2.022329e-01
14268	6.593358e-01	3.203628e-01	6.715090e-02	8.393863e-02	4.397031e-01	3.091391e-01	5.455029e-02	4.909220e-01
31723	2.621529e-01	4.657817e-01	5.336259e-02	6.670324e-02	3.494174e-01	3.134118e-01	9.807054e-01	6.908894e-01
31274	4.059640e-01	2.122091e-01	6.266114e-02	7.832643e-02	4.103042e-01	2.202607e-01	4.138879e-01	3.227214e-01
8214	6.048159e-01	3.863377e-01	2.967807e-02	3.709758e-02	1.943315e-01	1.800700e-01	4.868490e-01	9.317622e-01
27078	4.196816e-01	9.250025e-01	2.957555e-02	3.696944e-02	1.936602e-01	1.726628e-01	5.375240e-01	7.064569e-01
27896	7.286898e-01	8.437702e-01	4.224507e-02	5.280633e-02	2.766200e-01	1.155216e-01	7.164443e-01	3.692011e-02
589	1.920605e-01	3.255736e-01	3.149705e-02	3.937131e-02	2.062422e-01	1.221661e-01	9.293031e-02	3.186342e-01
26183	7.871368e-01	3.792434e-01	4.322747e-02	5.403433e-02	2.830528e-01	2.390222e-01	7.718869e-01	9.788116e-01
30278	1.788299e-01	6.881178e-01	2.533254e-02	3.166568e-02	1.658771e-01	1.599194e-01	5.145221e-01	3.096323e-01
6617	7.823211e-01	7.441525e-01	2.605585e-02	3.256981e-02	1.706133e-01	1.225023e-01	8.300666e-01	7.466901e-01
218	6.889724e-01	7.622870e-01	3.050203e-02	3.812753e-02	1.997268e-01	1.509630e-01	1.701786e-01	2.975530e-01
18809	4.887862e-01	7.454339e-01	3.433836e-02	4.292295e-02	2.248470e-01	1.476416e-01	1.047615e-01	9.580678e-01
5235	8.259218e-01	8.470091e-01	2.118627e-02	2.648283e-02	1.387273e-01	1.376877e-01	4.345762e-01	8.535180e-01
9779	5.505338e-01	6.663835e-01	3.438959e-02	4.298698e-02	2.251825e-01	1.155907e-01	5.944669e-01	7.378443e-01
2023	3.412851e-01	5.799860e-01	6.895179e-02	8.618973e-02	4.514952e-01	1.490841e-01	1.390473e-01	5.066504e-02
13215	1.124162e-01	4.747980e-01	4.093683e-02	5.117104e-02	2.680537e-01	2.572950e-01	4.446493e-01	4.717836e-01
1366	7.676522e-02	2.474349e-01	5.113638e-02	6.392048e-02	3.348402e-01	2.234166e-01	6.249845e-01	4.696250e-01
15371	5.160688e-01	9.356481e-01	4.596883e-02	5.746104e-02	3.010032e-01	2.424501e-01	2.468148e-01	4.560889e-01
22034	6.851801e-01	6.870111e-01	3.954338e-02	4.942922e-02	2.589294e-01	2.250983e-01	3.850860e-01	7.676028e-01
26380	2.707071e-01	2.032396e-01	5.124108e-02	6.405135e-02	3.355258e-01	3.217211e-01	8.496077e-01	8.165012e-01
1185	8.108541e-02	1.361887e-01	2.575958e-02	3.219947e-02	1.686733e-01	1.685170e-01	7.397787e-02	3.263419e-01
16851	5.634771e-02	6.701605e-01	2.516965e-02	3.146207e-02	1.648105e-01	9.653681e-02	1.130705e-02	2.951223e-01
25328	1.367967e-01	8.480668e-01	3.899564e-02	4.874455e-02	2.553428e-01	2.515977e-01	9.430370e-01	8.775427e-01
13997	2.890950e-01	3.078324e-01	3.313998e-02	4.142497e-02	2.170001e-01	2.077566e-01	3.392692e-02	8.132787e-01
23555	3.817445e-01	7.620032e-01	3.941527e-02	4.926908e-02	2.580906e-01	2.371674e-01	4.102990e-01	2.457737e-01
20538	8.993948e-01	9.179576e-01	2.265203e-02	2.831504e-02	1.483251e-01	1.203532e-01	5.173977e-01	4.553678e-01
4569	5.001367e-01	4.763850e-01	2.516570e-02	3.145713e-02	1.647846e-01	1.578006e-01	6.111567e-01	3.629187e-01
2964	8.309815e-01	1.234552e-01	2.870177e-02	3.587721e-02	1.879387e-01	6.107294e-02	3.363512e-01	8.605513e-01
4000	3.936582e-01	8.727384e-01	3.476226e-02	4.345282e-02	2.276227e-01	1.144462e-01	4.316230e-01	1.339427e-01
25540	4.607949e-01	7.653631e-01	2.297030e-02	2.871287e-02	1.504092e-01	1.484455e-01	1.739326e-01	3.112312e-01
1890	9.720364e-01	6.321951e-01	2.584298e-02	3.230372e-02	1.692194e-01	1.335265e-01	4.694783e-01	8.830686e-01
11642	3.052426e-01	3.409086e-01	3.063588e-02	3.829485e-02	2.006033e-01	6.758953e-02	6.724746e-01	4.638129e-01
14894	8.180196e-01	5.504694e-01	5.904581e-02	7.380726e-02	3.866310e-01	2.876919e-01	4.245292e-01	4.698776e-01
