10033	6.348933e-01	8.453128e-01	3.347251e-02	4.184064e-02	2.191775e-01	7.463462e-02	8.128362e-02	3.983119e-01
16281	8.503952e-01	4.695850e-01	3.282568e-02	4.103210e-02	2.149420e-01	9.390621e-02	9.253591e-01	5.412664e-01
30729	1.213453e-01	4.774277e-01	2.434178e-02	3.042722e-02	1.593896e-01	1.215655e-01	8.803633e-01	3.753553e-01
9441	8.831085e-01	3.363966e-01	2.777517e-02	3.471896e-02	1.818714e-01	1.787963e-01	2.625900e-01	5.128622e-01
22278	2.612212e-01	1.923958e-01	2.583365e-02	3.229207e-02	1.691584e-01	8.623118e-02	1.924756e-01	6.628062e-01
10145	7.632356e-01	7.546908e-01	2.212312e-02	2.765390e-02	1.448619e-01	9.488074e-02	3.977713e-01	5.287586e-01
14358	6.832825e-01	5.317184e-01	2.902893e-02	3.628616e-02	1.900810e-01	1.812692e-01	7.384235e-01	6.713140e-01
5310	4.484637e-01	9.618399e-01	2.740781e-02	3.425976e-02	1.794659e-01	1.370693e-01	8.429590e-05	5.717375e-01
13487	3.001799e-01	6.117390e-01	7.327510e-02	9.159388e-02	4.798042e-01	3.228759e-01	6.001882e-01	7.051952e-01
7479	7.924520e-01	2.618885e-01	2.128464e-02	2.660580e-02	1.393715e-01	9.679657e-02	7.680566e-01	6.560526e-01
18369	6.022659e-01	4.049206e-01	2.059419e-02	2.574274e-02	1.348504e-01	8.247142e-02	3.837236e-01	4.959539e-01
29724	3.620234e-01	5.711564e-01	4.938954e-02	6.173693e-02	3.234020e-01	3.232391e-01	2.480649e-01	3.351195e-03
17822	3.173461e-01	7.647574e-01	2.672609e-02	3.340761e-02	1.750020e-01	4.580779e-02	6.872880e-01	7.010221e-01
18317	7.599301e-01	8.483050e-01	4.662812e-02	5.828515e-02	3.053202e-01	2.799926e-01	9.349165e-03	8.490887e-01
14564	4.129183e-01	3.411433e-01	6.160314e-02	7.700392e-02	4.033764e-01	4.003083e-01	7.155313e-01	5.680772e-01
28157	6.394265e-01	6.617098e-01	3.644000e-02	4.555000e-02	2.386086e-01	1.753769e-01	3.204309e-01	8.314772e-01
22162	5.511179e-01	5.744212e-01	2.864146e-02	3.580183e-02	1.875438e-01	1.874724e-01	6.098724e-01	4.276012e-01
16696	2.297263e-01	8.783969e-01	2.186052e-02	2.732565e-02	1.431423e-01	9.094723e-02	8.859457e-01	5.925139e-01
22117	8.310068e-01	7.723018e-01	2.387705e-02	2.984632e-02	1.563466e-01	1.535454e-01	6.187415e-01	3.885636e-01
5985	6.097656e-01	1.927199e-01	2.735611e-02	3.419513e-02	1.791274e-01	1.455665e-01	1.977538e-01	3.357018e-01
14148	7.058054e-01	9.002063e-01	4.110749e-02	5.138436e-02	2.691712e-01	2.315916e-01	7.588908e-01	5.941071e-02
13081	3.380016e-01	4.916573e-01	2.437066e-02	3.046333e-02	1.595787e-01	1.384533e-01	4.164939e-01	1.836663e-01
3434	6.654290e-01	2.926408e-01	4.076394e-02	5.095492e-02	2.669216e-01	2.560326e-01	6.011072e-01	9.910907e-01
24969	8.252205e-01	3.057163e-01	5.506335e-02	6.882918e-02	3.605539e-01	9.975214e-02	5.335587e-01	6.066432e-01
2967	7.661524e-01	5.821156e-01	3.205346e-02	4.006682e-02	2.098856e-01	2.072276e-01	6.838585e-01	8.257681e-02
22071	3.318551e-01	3.881184e-01	2.089646e-02	2.612058e-02	1.368297e-01	1.307860e-01	1.529577e-01	2.340451e-01
24595	7.622630e-01	4.728738e-01	2.310508e-02	2.888135e-02	1.512917e-01	7.400746e-02	6.390475e-01	8.030608e-01
9685	7.969956e-01	7.934623e-01	2.713265e-02	3.391581e-02	1.776642e-01	1.710610e-01	8.166443e-01	4.255895e-01
10127	1.511287e-01	2.913729e-01	2.224510e-02	2.780638e-02	1.456606e-01	1.293349e-01	6.601602e-02	4.083176e-01
11606	1.907152e-01	2.371622e-01	3.183591e-02	3.979489e-02	2.084611e-01	1.889003e-01	6.315657e-01	7.345357e-01
23140	9.047373e-01	5.003349e-01	2.403037e-02	3.003796e-02	1.573505e-01	8.843661e-02	9.115485e-01	3.765195e-01
21150	8.550625e-01	5.767071e-01	6.895756e-02	8.619695e-02	4.515330e-01	3.210594e-01	2.252030e-01	1.262083e-01
30946	4.990555e-01	4.978708e-01	2.715350e-02	3.394188e-02	1.778007e-01	1.426089e-01	1.926549e-01	2.550571e-01
5889	1.411539e-01	9.338349e-01	3.463600e-02	4.329501e-02	2.267960e-01	8.018311e-02	2.097497e-01	6.645389e-01
1947	5.646975e-01	3.676916e-01	7.367818e-02	9.209773e-02	4.824436e-01	3.271561e-01	2.509592e-01	2.622608e-01
15597	9.395679e-01	8.481778e-01	3.214019e-02	4.017524e-02	2.104535e-01	1.242951e-01	1.813094e-01	9.511160e-01
15217	8.119636e-01	5.092971e-01	2.742904e-02	3.428631e-02	1.796050e-01	5.003056e-02	5.277984e-01	5.327512e-01
11488	6.090695e-01	4.563613e-01	3.686465e-02	4.608082e-02	2.413892e-01	2.413890e-01	1.672377e-01	6.929342e-01
7004	3.961485e-01	7.791774e-01	3.770859e-02	4.713573e-02	2.469152e-01	1.274478e-01	8.829960e-01	5.860355e-01
253	5.349424e-01	2.767623e-01	6.387947e-02	7.984933e-02	4.182818e-01	3.955435e-01	9.661769e-01	1.678236e-01
9087	1.049309e-01	6.924543e-01	2.657132e-02	3.321415e-02	1.739886e-01	6.729982e-02	2.883740e-02	4.902363e-01
15139	6.199266e-01	1.578991e-01	2.084645e-02	2.605806e-02	1.365022e-01	1.178581e-01	3.323649e-01	3.059385e-01
12761	6.860637e-01	2.516457e-01	2.163080e-02	2.703850e-02	1.416381e-01	1.106281e-01	4.692062e-01	5.088918e-01
7736	6.740199e-01	8.391055e-01	3.624200e-02	4.530250e-02	2.373121e-01	2.370061e-01	2.746712e-01	4.616282e-01
11874	1.494758e-01	3.667621e-01	2.203524e-02	2.754405e-02	1.442864e-01	1.442756e-01	8.605983e-02	2.332568e-02
30695	2.505817e-01	2.996193e-01	2.116047e-02	2.645059e-02	1.385584e-01	1.353874e-01	2.493598e-01	8.027858e-01
11841	8.698145e-01	1.016346e-01	4.425922e-02	5.532402e-02	2.898087e-01	2.765713e-01	3.342799e-01	9.776504e-01
14989	9.198744e-01	3.489288e-01	3.861694e-02	4.827118e-02	2.528631e-01	1.217865e-01	8.952612e-01	7.235900e-01
697	3.794375e-01	6.797203e-01	2.138416e-02	2.673020e-02	1.400231e-01	4.359836e-02	6.362609e-01	9.334864e-01
13592	8.360431e-01	4.243118e-01	2.764525e-02	3.455656e-02	1.810206e-01	1.585397e-01	2.656843e-01	9.494708e-01
16610	7.045813e-01	3.624354e-01	2.667032e-02	3.333790e-02	1.746369e-01	1.349738e-01	7.130663e-01	8.974828e-01
27002	4.872840e-01	9.385527e-01	3.972909e-02	4.966136e-02	2.601455e-01	9.450741e-02	8.737330e-01	9.000192e-01
8592	6.323661e-01	9.420178e-01	3.853332e-02	4.816665e-02	2.523156e-01	2.045845e-01	5.403303e-01	4.825462e-01
390	7.375491e-01	9.654066e-01	2.097414e-02	2.621768e-02	1.373384e-01	5.246813e-02	4.061002e-01	2.513746e-01
24914	2.438515e-01	8.168616e-01	2.624639e-02	3.280799e-02	1.718610e-01	1.580677e-01	9.978359e-01	8.633207e-01
343	6.701904e-02	4.314783e-01	4.350346e-02	5.437933e-02	2.848600e-01	2.848148e-01	3.270184e-01	7.835232e-02
5157	8.909419e-01	6.749524e-01	3.925353e-02	4.906691e-02	2.570315e-01	1.649857e-01	4.495195e-01	5.883472e-01
8125	5.068476e-02	8.112745e-01	2.738463e-02	3.423079e-02	1.793141e-01	1.161801e-01	7.106600e-01	3.948483e-01
30351	7.786624e-02	2.113264e-01	7.035423e-02	8.794279e-02	4.606784e-01	4.502994e-01	6.111555e-01	8.124764e-01
2233	2.019866e-01	5.976111e-01	3.437612e-02	4.297015e-02	2.250943e-01	1.991522e-01	5.462272e-01	8.722526e-01
10349	6.250641e-01	5.416158e-01	2.071102e-02	2.588877e-02	1.356154e-01	7.440408e-02	3.435113e-02	5.452181e-01
6262	8.703045e-01	8.719981e-01	3.307231e-02	4.134039e-02	2.165570e-01	1.786308e-01	4.463254e-02	1.258869e-01
25019	1.879542e-01	8.025677e-01	2.398239e-02	2.997798e-02	1.570363e-01	8.340359e-02	7.391164e-01	1.746922e-01
28826	7.087807e-01	1.677149e-01	2.633206e-02	3.291508e-02	1.724219e-01	4.565931e-02	6.070802e-01	6.627325e-01
3288	7.962836e-01	3.766602e-01	6.254163e-02	7.817703e-02	4.095216e-01	3.791101e-01	8.434189e-01	8.477494e-01
15425	1.597557e-01	4.554484e-01	2.088749e-02	2.610936e-02	1.367709e-01	6.023383e-02	5.347566e-02	8.538946e-01
30567	8.050780e-01	1.661283e-01	5.602686e-02	7.003357e-02	3.668630e-01	2.475716e-01	1.800168e-01	4.193104e-01
11966	8.390962e-01	2.295441e-01	2.253843e-02	2.817304e-02	1.475813e-01	5.871901e-02	3.298024e-01	2.738930e-02
11249	1.505774e-01	8.944588e-01	3.539764e-02	4.424705e-02	2.317832e-01	1.029708e-01	2.194812e-01	6.781403e-01
7846	9.495778e-02	6.629519e-01	2.273179e-02	2.841474e-02	1.488474e-01	1.266627e-01	5.502961e-01	5.327237e-01
8288	8.551285e-01	6.929547e-01	2.225845e-02	2.782306e-02	1.457480e-01	1.329523e-01	5.258925e-01	9.703775e-01
