7466	1.702115e-01	6.450924e-01	2.832718e-02	3.540897e-02	1.854859e-01	1.333014e-01	2.772425e-01	7.404730e-01
13286	8.553906e-01	8.686294e-01	4.333839e-02	5.417299e-02	2.837791e-01	2.804864e-01	1.272692e-01	4.672515e-01
31500	7.365872e-01	8.431467e-01	3.028574e-02	3.785718e-02	1.983106e-01	1.980073e-01	6.700939e-01	8.964754e-01
30041	6.747960e-01	9.438112e-01	4.588134e-02	5.735168e-02	3.004303e-01	2.498725e-01	6.041655e-01	6.742861e-01
6830	5.839883e-01	4.392670e-01	2.166087e-02	2.707608e-02	1.418350e-01	9.837778e-02	5.135162e-01	1.159250e-01
10312	3.821459e-01	7.326546e-01	2.187344e-02	2.734180e-02	1.432269e-01	1.393768e-01	4.686894e-01	8.771675e-01
20177	3.005498e-01	8.577151e-01	6.970797e-02	8.713496e-02	4.564467e-01	2.957352e-01	7.559780e-01	4.926834e-01
23339	7.424626e-01	4.942059e-01	2.291352e-02	2.864190e-02	1.500374e-01	1.423981e-01	6.754809e-01	2.666632e-01
10676	9.256969e-01	1.060540e-01	3.652583e-02	4.565729e-02	2.391706e-01	2.118239e-01	2.333124e-01	4.873527e-01
31567	2.743735e-01	3.824975e-01	2.957077e-02	3.696346e-02	1.936289e-01	6.716829e-02	9.519934e-01	1.329575e-01
24190	8.759777e-01	7.414524e-01	4.323049e-02	5.403811e-02	2.830726e-01	1.945880e-01	9.912713e-01	7.989124e-02
5919	6.054501e-02	1.159313e-01	2.322045e-02	2.902557e-02	1.520472e-01	1.223464e-01	6.192841e-02	3.127429e-01
10832	7.809626e-01	5.585485e-01	2.063666e-02	2.579582e-02	1.351285e-01	1.304618e-01	7.247397e-01	6.057518e-01
7902	5.804241e-01	2.325762e-01	7.662453e-02	9.578066e-02	5.017362e-01	4.737258e-01	8.381801e-01	9.094983e-02
16905	9.906301e-02	2.373711e-01	2.622568e-02	3.278211e-02	1.717254e-01	1.491426e-01	4.664845e-01	7.538976e-01
26887	8.002292e-02	5.626840e-01	3.149430e-02	3.936788e-02	2.062242e-01	1.707190e-01	3.372750e-01	8.270413e-01
9919	2.215548e-01	4.820617e-01	3.483204e-02	4.354004e-02	2.280796e-01	2.227684e-01	9.451553e-01	8.946745e-01
31260	7.930399e-01	6.947070e-01	6.141625e-02	7.677031e-02	4.021527e-01	1.157034e-01	8.831576e-01	5.585332e-01
28825	5.348307e-01	7.991241e-01	4.493427e-02	5.616784e-02	2.942289e-01	8.435139e-02	4.092901e-01	8.321482e-01
14213	5.380344e-01	7.022231e-01	2.367128e-02	2.958910e-02	1.549992e-01	1.327439e-01	7.396214e-01	4.980053e-01
4994	2.299096e-01	7.738982e-01	2.104248e-02	2.630310e-02	1.377858e-01	6.528924e-02	4.255258e-01	5.961395e-02
5581	7.089701e-01	3.281337e-01	4.139917e-02	5.174896e-02	2.710811e-01	7.178159e-02	9.875994e-01	6.183362e-02
17581	4.996608e-01	5.752248e-01	2.568676e-02	3.210845e-02	1.681965e-01	8.327623e-02	5.614461e-01	9.587594e-01
19434	4.756106e-01	1.075416e-01	4.250310e-02	5.312887e-02	2.783096e-01	2.103605e-01	7.253861e-01	2.880142e-02
4375	5.582654e-01	7.421916e-01	3.897048e-02	4.871311e-02	2.551781e-01	2.536087e-01	8.030481e-01	5.538585e-01
5353	5.568493e-01	1.049404e-01	2.181720e-02	2.727150e-02	1.428587e-01	9.736214e-02	9.592813e-01	1.746874e-01
9317	9.512308e-01	8.972173e-01	4.879003e-02	6.098753e-02	3.194763e-01	1.918960e-01	5.019924e-01	8.540124e-02
10888	8.202539e-01	3.132974e-01	2.754165e-02	3.442707e-02	1.803423e-01	1.400269e-01	8.627018e-01	2.367729e-01
1078	4.319716e-01	7.552385e-01	6.405174e-02	8.006468e-02	4.194098e-01	3.805351e-01	7.191536e-01	8.111159e-01
25890	8.011510e-01	3.805950e-01	5.399357e-02	6.749197e-02	3.535491e-01	3.279083e-01	8.855887e-01	3.384649e-01
4794	5.173673e-01	3.049261e-01	7.253633e-02	9.067041e-02	4.749668e-01	1.435783e-01	9.829315e-01	8.187665e-02
26301	5.958929e-01	9.233923e-01	2.880876e-02	3.601094e-02	1.886393e-01	1.480105e-01	7.244243e-01	9.179012e-01
6726	5.945346e-01	3.794626e-01	5.533256e-02	6.916570e-02	3.623167e-01	3.582829e-01	8.863820e-01	5.257830e-03
16548	2.991122e-01	2.322452e-01	3.892231e-02	4.865288e-02	2.548627e-01	1.286555e-01	6.919705e-01	6.257738e-01
13455	8.819410e-01	4.133275e-01	2.087241e-02	2.609051e-02	1.366722e-01	1.324955e-01	8.515291e-01	4.456340e-01
4625	3.302178e-01	5.508079e-01	2.723586e-02	3.404482e-02	1.783400e-01	1.433418e-01	2.911918e-01	6.683347e-01
19169	6.536379e-01	1.514384e-01	2.387979e-02	2.984974e-02	1.563645e-01	5.017988e-02	1.160310e-01	9.210537e-01
8805	5.419829e-01	8.817502e-01	2.236163e-02	2.795204e-02	1.464236e-01	1.450704e-01	6.076724e-01	4.203721e-01
20351	3.801826e-01	4.691437e-01	6.452888e-02	8.066109e-02	4.225341e-01	3.660368e-01	7.706859e-01	3.922450e-01
30024	6.132104e-01	6.329533e-01	2.715539e-02	3.394424e-02	1.778131e-01	1.592780e-01	8.200640e-01	1.486799e-01
27847	3.898004e-01	7.915376e-01	2.754047e-02	3.442559e-02	1.803346e-01	1.755345e-01	1.551650e-01	4.308740e-01
22681	8.561379e-01	3.053769e-01	2.563577e-02	3.204472e-02	1.678626e-01	1.441331e-01	5.366105e-01	1.385215e-01
541	4.736710e-01	1.728887e-01	3.831254e-02	4.789068e-02	2.508699e-01	1.153659e-01	5.571492e-02	7.651354e-01
13912	8.045567e-01	8.618538e-01	3.837028e-02	4.796285e-02	2.512480e-01	1.245222e-01	1.521949e-01	7.526553e-01
3846	7.336771e-01	2.814329e-01	3.529696e-02	4.412120e-02	2.311240e-01	8.601208e-02	5.721608e-01	8.706469e-01
31297	9.512489e-01	4.064976e-01	4.224825e-02	5.281031e-02	2.766409e-01	7.738306e-02	1.030613e-01	4.612157e-01
6031	1.308633e-01	8.674459e-01	3.354614e-02	4.193267e-02	2.196596e-01	1.461643e-01	2.959677e-01	2.447645e-01
418	1.749568e-01	3.680714e-01	4.739219e-02	5.924024e-02	3.103233e-01	3.052782e-01	3.729504e-02	4.295508e-02
8240	4.061741e-01	6.860733e-02	2.372535e-02	2.965668e-02	1.553532e-01	1.512010e-01	3.822785e-01	4.016039e-01
14341	4.192192e-01	5.918506e-01	3.398014e-02	4.247517e-02	2.225014e-01	2.111886e-01	9.879026e-01	8.015460e-01
8078	3.494023e-01	3.666767e-01	2.476332e-02	3.095415e-02	1.621498e-01	1.142704e-01	8.942640e-01	7.916212e-01
20145	9.365272e-01	5.055310e-01	4.311868e-02	5.389835e-02	2.823404e-01	2.782482e-01	7.385672e-01	9.877813e-01
1523	2.032531e-01	8.206864e-01	4.317417e-02	5.396771e-02	2.827038e-01	2.034230e-01	1.928838e-01	7.257185e-01
16750	8.171285e-01	1.218341e-01	2.276839e-02	2.846049e-02	1.490871e-01	1.425336e-01	3.158645e-01	9.594416e-01
11214	2.679679e-01	8.853240e-02	6.413433e-02	8.016791e-02	4.199506e-01	4.184660e-01	3.403188e-01	9.406291e-01
16003	6.626661e-01	7.113443e-01	2.083157e-02	2.603946e-02	1.364048e-01	9.802416e-02	1.825665e-01	8.245400e-02
23866	6.776188e-01	7.512426e-01	2.308113e-02	2.885142e-02	1.511349e-01	1.431087e-01	7.482062e-01	8.913748e-01
278	7.527873e-01	1.276723e-01	4.165292e-02	5.206615e-02	2.727427e-01	2.185011e-01	2.357007e-02	8.621878e-01
10718	5.376879e-01	3.627327e-01	2.886457e-02	3.608071e-02	1.890048e-01	1.517664e-01	3.368939e-01	7.667186e-01
4865	3.617497e-01	6.607676e-01	2.090809e-02	2.613512e-02	1.369059e-01	1.332350e-01	1.401523e-01	1.767197e-01
19518	5.774420e-01	1.442014e-01	2.612118e-02	3.265147e-02	1.710411e-01	1.534696e-01	9.465126e-01	5.312093e-01
3479	5.557861e-01	5.506610e-01	3.647288e-02	4.559110e-02	2.388238e-01	1.908882e-01	4.250517e-01	5.711160e-01
7126	4.858191e-01	8.834507e-01	4.494191e-02	5.617739e-02	2.942790e-01	2.047812e-01	6.398527e-01	3.879855e-01
27782	9.488249e-01	1.634918e-01	2.644066e-02	3.305082e-02	1.731330e-01	1.731274e-01	6.645877e-01	3.587590e-01
14449	3.635849e-01	4.925478e-02	2.956076e-02	3.695095e-02	1.935634e-01	1.923510e-01	7.683078e-01	5.946937e-01
3136	1.816612e-01	1.834947e-01	4.456836e-02	5.571045e-02	2.918329e-01	2.517589e-01	8.885601e-01	8.365631e-01
30581	9.063353e-01	2.814971e-01	2.510147e-02	3.137684e-02	1.643640e-01	1.456180e-01	8.343563e-01	8.065401e-01
12335	5.044166e-01	4.299550e-02	2.680645e-02	3.350806e-02	1.755282e-01	1.207792e-01	2.935371e-01	8.036358e-01
2655	9.089167e-01	4.151049e-01	2.648719e-02	3.310899e-02	1.734377e-01	1.062566e-01	9.956951e-01	8.829418e-01
21442	5.341662e-02	1.510812e-01	2.310351e-02	2.887939e-02	1.512814e-01	1.505588e-01	5.719133e-01	5.499506e-02
26960	8.929158e-01	2.470999e-01	2.954512e-02	3.693140e-02	1.934610e-01	1.564236e-01	7.617394e-01	3.038209e-01
20109	6.310937e-01	4.528219e-02	2.059046e-02	2.573807e-02	1.348260e-01	1.339336e-01	6.239631e-01	2.337804e-01
8358	9.539292e-01	2.414099e-01	2.327384e-02	2.909230e-02	1.523967e-01	9.829101e-02	8.216715e-03	8.624246e-01
21914	6.129471e-01	7.678788e-01	2.740277e-02	3.425346e-02	1.794329e-01	4.804444e-02	9.356719e-01	5.177534e-01
19435	8.861521e-02	6.376096e-02	3.316091e-02	4.145114e-02	2.171371e-01	1.779465e-01	3.176932e-02	5.471972e-01
8021	2.783396e-01	3.385184e-01	2.090999e-02	2.613748e-02	1.369183e-01	7.285817e-02	6.002284e-01	7.018478e-01
20844	4.165559e-01	6.638019e-01	2.595946e-02	3.244933e-02	1.699821e-01	1.408297e-01	6.660666e-01	2.673678e-01
24125	9.061220e-01	4.458123e-02	2.788795e-02	3.485994e-02	1.826099e-01	4.912517e-02	9.943257e-01	1.433970e-01
5426	6.193360e-01	1.741968e-01	2.408950e-02	3.011188e-02	1.577377e-01	1.541046e-01	1.906107e-01	3.867547e-01
