12552	4.963700e-01	5.509257e-01	3.143131e-02	3.928914e-02	2.058117e-01	2.018105e-01	3.284928e-01	4.647828e-01
7536	2.546220e-01	6.300234e-01	7.072340e-02	8.840425e-02	4.630957e-01	3.966719e-01	9.695832e-01	2.828410e-01
32657	2.863662e-01	9.152081e-01	5.566172e-02	6.957715e-02	3.644721e-01	1.202860e-01	8.745217e-01	1.195408e-01
3431	7.990904e-01	8.032170e-01	6.006136e-02	7.507670e-02	3.932808e-01	3.002643e-01	4.514336e-01	4.776162e-01
1373	3.666951e-01	7.025316e-01	2.987472e-02	3.734340e-02	1.956192e-01	1.629042e-01	2.965240e-01	4.950769e-01
10043	8.944885e-01	6.329377e-01	4.327540e-02	5.409425e-02	2.833666e-01	8.308296e-02	9.875615e-01	4.362576e-01
6357	7.131046e-01	2.912349e-01	3.050888e-02	3.813609e-02	1.997716e-01	1.775116e-01	8.162943e-01	7.989186e-01
4618	1.518295e-01	7.429810e-01	2.940146e-02	3.675182e-02	1.925203e-01	1.372689e-01	4.247300e-02	8.024569e-01
29326	3.566791e-01	1.646496e-01	3.410947e-02	4.263683e-02	2.233483e-01	2.214017e-01	7.664453e-01	9.131013e-01
6295	4.820223e-01	9.029362e-01	2.263415e-02	2.829268e-02	1.482080e-01	1.480816e-01	6.896561e-01	7.086910e-01
30894	3.812656e-01	1.946761e-01	2.542238e-02	3.177797e-02	1.664653e-01	1.318217e-01	4.054916e-01	2.088883e-01
8582	9.130512e-01	3.071351e-01	4.740983e-02	5.926228e-02	3.104388e-01	3.100035e-01	8.226176e-01	5.866195e-01
6185	7.282762e-01	9.045284e-01	2.159687e-02	2.699609e-02	1.414160e-01	1.413952e-01	9.863608e-01	6.458938e-01
3909	1.676506e-01	2.634590e-01	2.348064e-02	2.935081e-02	1.537509e-01	1.497325e-01	6.861204e-01	8.020382e-02
8179	5.285284e-01	4.134556e-01	7.582692e-02	9.478365e-02	4.965135e-01	3.031407e-01	7.535767e-01	8.974706e-01
26059	5.791499e-01	2.939951e-01	5.232040e-02	6.540050e-02	3.425932e-01	1.142272e-01	9.191167e-02	3.979519e-01
7076	1.054989e-01	2.560067e-01	4.463548e-02	5.579435e-02	2.922724e-01	2.845376e-01	4.773544e-01	4.711087e-01
14316	6.767419e-01	4.785012e-01	2.297537e-02	2.871922e-02	1.504424e-01	7.228693e-02	9.808945e-01	6.127769e-01
9513	1.849804e-01	4.107399e-01	6.289534e-02	7.861917e-02	4.118377e-01	1.217124e-01	5.874212e-01	1.488393e-01
7524	3.055730e-01	5.939687e-01	4.023794e-02	5.029743e-02	2.634774e-01	1.120947e-01	2.145579e-01	4.825842e-01
874	7.499778e-01	6.980847e-01	4.703372e-02	5.879215e-02	3.079761e-01	1.502038e-01	8.137128e-01	5.583307e-01
31578	1.830920e-01	9.311806e-01	5.217572e-02	6.521965e-02	3.416458e-01	2.054905e-01	1.130350e-01	9.362940e-01
15019	4.415712e-01	4.975162e-01	5.716659e-02	7.145824e-02	3.743259e-01	1.093669e-01	8.507016e-01	3.901612e-01
155	2.335139e-01	8.945199e-01	3.619195e-02	4.523993e-02	2.369843e-01	2.359055e-01	2.221605e-01	7.088302e-01
774	5.423639e-01	6.055683e-01	2.101450e-02	2.626813e-02	1.376026e-01	1.239292e-01	7.252586e-01	3.282792e-01
21805	8.190119e-01	5.570013e-01	3.670357e-02	4.587946e-02	2.403344e-01	2.168121e-01	5.987642e-01	5.439247e-01
31117	8.565516e-01	7.250817e-01	6.733809e-02	8.417261e-02	4.409288e-01	4.382442e-01	5.947522e-01	3.924039e-01
3558	1.132643e-01	1.787904e-01	3.674039e-02	4.592549e-02	2.405755e-01	1.525377e-01	9.269872e-01	6.430569e-01
2152	8.182350e-02	8.531484e-02	2.200561e-02	2.750701e-02	1.440924e-01	8.330666e-02	8.038345e-01	2.068370e-01
5146	1.984236e-01	6.924691e-01	5.246284e-02	6.557855e-02	3.435259e-01	3.292465e-01	7.074543e-01	9.292652e-01
6848	4.582926e-01	6.448680e-01	2.573847e-02	3.217308e-02	1.685351e-01	1.668074e-01	6.116121e-01	2.540164e-01
14162	9.232227e-01	8.163946e-01	5.131717e-02	6.414646e-02	3.360240e-01	1.918114e-01	5.668529e-01	9.180551e-01
21203	1.690496e-01	4.213348e-02	3.837494e-02	4.796868e-02	2.512785e-01	2.133165e-01	4.447290e-01	4.722346e-01
24835	2.476334e-01	5.637731e-01	3.785552e-02	4.731940e-02	2.478774e-01	1.529799e-01	6.353042e-01	1.305468e-01
8555	4.002811e-01	8.106194e-01	5.597041e-02	6.996302e-02	3.664934e-01	1.717571e-01	2.972754e-01	1.510711e-01
9588	9.684904e-02	3.885644e-02	2.576844e-02	3.221055e-02	1.687313e-01	1.687114e-01	1.405027e-01	4.880626e-01
29696	8.466841e-01	2.572161e-01	5.373497e-02	6.716871e-02	3.518557e-01	3.457280e-01	2.888016e-01	3.975120e-01
2052	3.644265e-01	8.561923e-01	2.343460e-02	2.929325e-02	1.534494e-01	1.504860e-01	4.575491e-01	6.323514e-01
22504	5.747426e-01	1.878661e-01	4.161331e-02	5.201663e-02	2.724833e-01	1.515170e-01	2.577940e-01	2.430026e-01
2630	7.307513e-01	6.105526e-01	3.660871e-02	4.576089e-02	2.397133e-01	1.022201e-01	5.834373e-01	5.744682e-01
24139	8.006668e-01	3.040088e-01	3.367221e-02	4.209027e-02	2.204851e-01	1.127464e-01	4.234996e-01	9.342976e-01
10607	2.660182e-01	3.382686e-01	7.763725e-02	9.704657e-02	5.083675e-01	3.263974e-01	1.518204e-01	9.576206e-02
17298	4.883977e-01	6.517248e-01	2.224853e-02	2.781066e-02	1.456830e-01	1.374109e-01	5.232723e-01	8.045168e-02
25791	3.566665e-01	2.787924e-01	2.553968e-02	3.192460e-02	1.672335e-01	1.408488e-01	6.248470e-01	1.489131e-01
26993	7.125539e-01	7.127122e-01	2.416855e-02	3.021068e-02	1.582553e-01	9.882339e-02	9.400654e-01	8.394291e-01
22485	5.787420e-01	5.760610e-01	5.656457e-02	7.070571e-02	3.703839e-01	2.580306e-01	1.918666e-02	5.295403e-02
18411	4.975750e-01	8.154938e-01	7.253619e-02	9.067024e-02	4.749658e-01	4.004866e-01	6.785664e-01	5.510470e-01
29175	1.487617e-01	2.169171e-01	2.255024e-02	2.818780e-02	1.476586e-01	6.298469e-02	1.814038e-01	3.084509e-01
29365	1.358742e-01	8.816062e-01	2.604025e-02	3.255031e-02	1.705111e-01	1.613629e-01	6.634108e-01	1.561719e-01
12653	3.673793e-01	7.393156e-01	2.563508e-02	3.204385e-02	1.678581e-01	7.587174e-02	1.188645e-01	5.688767e-01
412	3.362668e-01	5.355332e-01	7.348895e-02	9.186118e-02	4.812045e-01	3.658968e-01	4.137720e-02	4.744795e-01
2398	6.379191e-01	3.632292e-01	2.105082e-02	2.631353e-02	1.378405e-01	1.331437e-01	6.247837e-01	3.896698e-01
30704	6.791826e-01	1.145100e-01	2.983872e-02	3.729840e-02	1.953834e-01	8.449443e-02	9.874466e-01	3.805408e-01
16140	4.248590e-01	2.100209e-01	2.562954e-02	3.203693e-02	1.678218e-01	5.270864e-02	8.695001e-01	4.079870e-01
31021	6.134691e-01	2.697408e-01	3.831529e-02	4.789411e-02	2.508879e-01	1.565570e-01	3.253006e-01	4.162041e-02
8383	6.658032e-01	8.572785e-01	2.185604e-02	2.732005e-02	1.431130e-01	1.123332e-01	3.130623e-01	3.050313e-01
478	9.582363e-01	9.591333e-01	3.362095e-02	4.202618e-02	2.201494e-01	7.326816e-02	6.766434e-01	3.830946e-01
15827	7.223129e-01	8.653876e-01	2.499823e-02	3.124779e-02	1.636880e-01	1.529010e-01	1.966138e-01	4.940524e-02
3157	7.831615e-01	9.127920e-01	2.553428e-02	3.191785e-02	1.671981e-01	5.941135e-02	6.007741e-01	6.394131e-01
30562	7.631469e-01	4.846594e-01	5.017778e-02	6.272222e-02	3.285633e-01	3.072586e-01	4.810758e-01	2.356848e-02
2736	6.858016e-02	6.241297e-01	2.949430e-02	3.686788e-02	1.931282e-01	7.492092e-02	6.206909e-01	3.998901e-01
30141	1.597248e-01	5.931817e-01	2.744016e-02	3.430021e-02	1.796778e-01	1.557061e-01	6.052616e-01	1.106843e-01
32069	8.522935e-01	1.395683e-01	4.694748e-02	5.868434e-02	3.074113e-01	2.500392e-01	2.617855e-01	7.294098e-01
19603	8.216750e-01	9.210371e-01	2.324961e-02	2.906201e-02	1.522381e-01	4.346567e-02	8.529240e-01	7.992744e-01
21844	4.386495e-01	3.059960e-01	2.209894e-02	2.762367e-02	1.447035e-01	1.185439e-01	4.050396e-01	1.654564e-01
29477	8.812438e-01	3.925761e-02	3.797836e-02	4.747295e-02	2.486817e-01	7.158406e-02	5.440545e-01	1.502113e-01
32265	2.612634e-01	7.462590e-02	2.145364e-02	2.681705e-02	1.404781e-01	1.352583e-01	9.148206e-01	5.220709e-01
