5981	3.550367e-01	1.364594e-01	2.241054e-02	2.801318e-02	1.467439e-01	1.286922e-01	4.433983e-01	3.971693e-01
26520	6.803488e-02	2.534227e-01	4.641613e-02	5.802017e-02	3.039321e-01	2.181008e-01	5.063533e-01	5.683348e-01
344	8.079319e-01	4.048511e-01	2.157199e-02	2.696499e-02	1.412531e-01	1.412359e-01	5.069759e-02	7.821481e-01
27817	4.325879e-01	2.764699e-01	2.912183e-02	3.640229e-02	1.906893e-01	8.227376e-02	9.198675e-01	5.449389e-01
12366	6.910064e-01	7.072259e-01	3.341705e-02	4.177131e-02	2.188143e-01	2.096785e-01	5.445027e-02	3.158622e-01
31638	4.022843e-01	6.707998e-01	4.755377e-02	5.944222e-02	3.113814e-01	2.568997e-01	8.180227e-01	2.638902e-01
21633	4.137992e-01	7.883114e-01	3.520090e-02	4.400113e-02	2.304949e-01	2.022614e-01	9.494105e-01	8.123072e-01
24514	1.387489e-01	6.322983e-01	2.806373e-02	3.507966e-02	1.837608e-01	6.723851e-02	2.799777e-01	8.154400e-01
23773	7.815545e-01	6.189598e-01	3.542666e-02	4.428332e-02	2.319732e-01	1.743780e-01	7.187739e-01	8.387333e-01
10086	8.472815e-01	1.080818e-01	5.369438e-02	6.711798e-02	3.515900e-01	1.748184e-01	8.806131e-01	7.040036e-01
17367	2.330603e-01	3.170833e-01	5.744578e-02	7.180723e-02	3.761541e-01	3.743056e-01	2.647971e-01	2.708349e-01
2697	1.095887e-01	6.324330e-01	2.441489e-02	3.051861e-02	1.598683e-01	1.556077e-01	8.165242e-01	1.125122e-01
8090	8.142084e-01	8.010921e-01	3.091740e-02	3.864675e-02	2.024466e-01	5.521842e-02	8.608596e-01	7.328550e-01
24807	5.695547e-01	3.966203e-01	3.686681e-02	4.608351e-02	2.414033e-01	2.409870e-01	3.234757e-01	3.527452e-02
13298	4.857038e-01	3.821736e-01	7.434137e-02	9.292671e-02	4.867861e-01	2.331562e-01	6.865987e-01	1.356050e-01
13411	3.783582e-01	6.007582e-01	2.673603e-02	3.342004e-02	1.750671e-01	1.728480e-01	8.763736e-01	3.748542e-01
24581	6.445040e-01	3.563250e-01	3.420558e-02	4.275697e-02	2.239776e-01	1.595041e-01	9.829304e-01	6.647749e-01
32407	5.672947e-02	7.005730e-01	3.631203e-02	4.539003e-02	2.377706e-01	9.948734e-02	3.240002e-01	4.622236e-02
3595	9.051402e-01	2.721402e-01	2.569860e-02	3.212325e-02	1.682740e-01	7.716822e-02	3.675095e-03	2.498389e-01
31834	6.466242e-01	9.216947e-01	5.950048e-02	7.437560e-02	3.896082e-01	2.678804e-01	8.420397e-01	2.111514e-01
842	5.806893e-01	1.089410e-01	3.480418e-02	4.350522e-02	2.278972e-01	2.189624e-01	7.652893e-01	9.302349e-01
2689	3.784891e-01	1.285659e-01	2.090049e-02	2.612561e-02	1.368561e-01	8.851632e-02	9.117872e-01	9.850806e-01
2636	1.852007e-01	6.093105e-01	4.531888e-02	5.664860e-02	2.967473e-01	2.483300e-01	2.371915e-02	5.051158e-01
27415	1.839801e-01	4.100728e-01	4.032208e-02	5.040260e-02	2.640283e-01	2.270799e-01	8.545982e-01	3.078933e-01
9139	7.438976e-01	4.637736e-02	3.757449e-02	4.696811e-02	2.460372e-01	2.451193e-01	3.316515e-01	6.770121e-02
4589	2.459361e-01	6.463928e-01	2.963667e-02	3.704584e-02	1.940605e-01	1.926426e-01	9.212826e-01	5.694629e-01
11832	9.634533e-01	8.344306e-01	2.067203e-02	2.584004e-02	1.353601e-01	4.437346e-02	3.029458e-01	6.323038e-01
15649	1.603895e-01	2.198753e-01	2.362117e-02	2.952646e-02	1.546711e-01	7.567230e-02	6.921257e-01	6.338999e-01
12008	2.639176e-01	8.553988e-01	3.332301e-02	4.165377e-02	2.181986e-01	7.985528e-02	2.326527e-03	5.367638e-01
7254	7.483987e-01	4.927342e-01	3.702595e-02	4.628243e-02	2.424453e-01	2.381001e-01	8.948418e-02	3.527154e-01
12032	3.437539e-01	4.586953e-01	3.530162e-02	4.412702e-02	2.311544e-01	1.725939e-01	3.609706e-01	2.674752e-02
27235	2.690224e-01	4.640505e-01	4.310683e-02	5.388354e-02	2.822629e-01	2.800679e-01	9.178552e-02	3.872202e-01
18724	3.535532e-01	7.872023e-01	2.162578e-02	2.703223e-02	1.416053e-01	1.184792e-01	4.505101e-02	9.557070e-02
7612	5.268454e-01	7.305089e-01	2.470754e-02	3.088442e-02	1.617846e-01	8.703119e-02	4.723971e-01	7.250078e-01
30729	4.486356e-01	3.247102e-01	3.217131e-02	4.021414e-02	2.106572e-01	2.061273e-01	6.573860e-01	6.201831e-01
14694	7.073334e-01	4.176462e-01	2.150380e-02	2.687975e-02	1.408065e-01	1.229793e-01	2.120054e-01	1.943308e-01
26821	2.425022e-01	7.695740e-01	4.435386e-02	5.544233e-02	2.904284e-01	7.890856e-02	4.646155e-01	3.216577e-01
20781	8.612721e-01	6.048909e-01	7.309958e-02	9.137447e-02	4.786549e-01	1.438619e-01	3.372326e-01	9.552420e-01
5282	5.926345e-01	8.160133e-01	3.806432e-02	4.758040e-02	2.492445e-01	6.571736e-02	9.553456e-01	3.503788e-01
9051	1.206757e-01	5.795340e-01	2.692211e-02	3.365263e-02	1.762855e-01	1.037000e-01	8.960531e-01	3.688450e-01
17176	9.194904e-01	2.340109e-01	3.383943e-02	4.229929e-02	2.215801e-01	1.854690e-01	1.504997e-01	6.238010e-01
24974	2.882109e-01	3.827870e-01	2.412721e-02	3.015902e-02	1.579846e-01	1.118795e-01	6.426621e-01	2.271287e-01
651	7.848737e-01	2.458495e-01	2.403661e-02	3.004577e-02	1.573914e-01	1.147683e-01	2.306540e-01	9.473198e-01
17747	8.642800e-01	4.150467e-01	3.843498e-02	4.804373e-02	2.516717e-01	7.779486e-02	3.317216e-01	3.846442e-01
3914	9.374079e-01	5.947765e-01	2.989345e-02	3.736682e-02	1.957419e-01	1.412992e-01	3.442400e-01	8.660978e-01
22844	7.268024e-01	9.604506e-01	3.657026e-02	4.571282e-02	2.394615e-01	2.326715e-01	9.977851e-01	7.814498e-01
22586	5.201443e-01	6.229808e-01	2.548459e-02	3.185574e-02	1.668727e-01	1.503288e-01	4.988993e-01	4.413660e-01
4508	3.718084e-01	1.066023e-01	2.484201e-02	3.105251e-02	1.626651e-01	5.557284e-02	9.376584e-01	3.517110e-01
7701	7.183241e-01	1.326628e-01	2.229313e-02	2.786642e-02	1.459751e-01	5.876366e-02	4.277429e-01	4.201458e-01
576	7.565407e-01	4.360163e-01	2.168382e-02	2.710477e-02	1.419853e-01	7.129573e-02	6.823517e-01	1.213886e-01
30344	5.424229e-01	4.907041e-01	2.688621e-02	3.360776e-02	1.760505e-01	1.689524e-01	9.846173e-01	6.732048e-01
6818	9.812736e-02	8.946026e-01	3.884662e-02	4.855827e-02	2.543671e-01	1.608971e-01	8.224822e-01	3.075220e-01
27993	2.005243e-01	8.354454e-02	2.369296e-02	2.961620e-02	1.551412e-01	1.420403e-01	4.797629e-01	1.491834e-01
21159	2.158346e-01	2.390572e-01	4.333646e-02	5.417058e-02	2.837665e-01	2.811655e-01	6.265357e-01	8.783464e-01
24204	7.229895e-01	8.649016e-01	6.168992e-02	7.711240e-02	4.039446e-01	3.280195e-01	5.253780e-03	8.137762e-01
10303	5.276250e-01	1.863406e-01	2.228008e-02	2.785010e-02	1.458896e-01	1.424821e-01	7.785124e-03	7.670542e-01
32198	2.023216e-01	8.412628e-01	3.163119e-02	3.953898e-02	2.071205e-01	1.637815e-01	4.533555e-03	6.988472e-01
5997	9.515574e-01	1.349470e-01	4.813293e-02	6.016616e-02	3.151737e-01	2.451728e-01	1.894754e-01	2.817357e-01
19237	5.628504e-01	9.501072e-01	3.173003e-02	3.966254e-02	2.077678e-01	1.085134e-01	4.391444e-02	7.939611e-01
30837	2.142609e-01	7.033694e-01	2.661452e-02	3.326815e-02	1.742715e-01	1.684472e-01	1.742837e-01	5.091776e-01
23963	9.361269e-01	4.503804e-02	2.545270e-02	3.181587e-02	1.666639e-01	8.845305e-02	6.610845e-02	9.493422e-01
2615	8.520209e-01	7.366621e-01	2.957229e-02	3.696536e-02	1.936389e-01	1.804603e-01	5.374275e-01	8.408723e-02
2659	7.962718e-01	7.608692e-01	3.097717e-02	3.872146e-02	2.028380e-01	1.864324e-01	3.682364e-01	7.990152e-02
25322	2.770719e-01	1.170237e-01	3.040620e-02	3.800775e-02	1.990993e-01	9.517351e-02	4.712101e-01	4.474861e-01
2592	3.216516e-01	3.834701e-01	2.589035e-02	3.236293e-02	1.695296e-01	1.236418e-01	6.120371e-01	6.758514e-01
16938	5.558648e-01	7.463500e-01	2.167430e-02	2.709287e-02	1.419230e-01	1.405968e-01	8.466777e-01	6.503569e-01
8285	9.406201e-02	5.485489e-01	3.358635e-02	4.198294e-02	2.199229e-01	8.642462e-02	5.772447e-01	2.651922e-02
6862	5.239949e-01	3.986405e-01	2.236987e-02	2.796234e-02	1.464776e-01	5.079614e-02	8.700436e-01	1.261782e-01
20213	6.413391e-01	5.103351e-01	3.174107e-02	3.967634e-02	2.078400e-01	1.798193e-01	9.097048e-01	2.795612e-01
14766	1.194204e-01	1.576767e-01	4.322826e-02	5.403533e-02	2.830580e-01	8.601077e-02	9.100820e-01	6.837342e-01
28471	1.613007e-01	7.021858e-01	4.347134e-02	5.433917e-02	2.846497e-01	2.566361e-01	7.198193e-01	3.734988e-01
13273	6.750441e-01	2.661416e-01	3.089503e-02	3.861878e-02	2.023002e-01	1.907956e-01	9.472362e-01	2.908048e-01
9015	9.125317e-01	7.753640e-01	2.502726e-02	3.128408e-02	1.638781e-01	1.572513e-01	9.042438e-01	6.016161e-02
1928	5.335150e-01	8.938796e-01	2.433453e-02	3.041817e-02	1.593422e-01	1.591391e-01	9.803082e-01	9.948215e-01
16328	8.295032e-01	4.423959e-01	2.702903e-02	3.378629e-02	1.769857e-01	1.651416e-01	5.789903e-01	9.116259e-01
15286	8.882307e-01	7.343077e-01	2.497319e-02	3.121649e-02	1.635241e-01	4.299752e-02	5.797470e-01	1.150431e-01
14614	9.305474e-01	3.647793e-01	5.780489e-02	7.225612e-02	3.785055e-01	2.502032e-01	3.471686e-01	8.269578e-01
4017	6.285098e-01	5.728641e-01	2.326608e-02	2.908260e-02	1.523459e-01	1.494030e-01	4.737853e-01	5.607800e-01
