21941	6.461152e-01	6.470133e-01	4.675243e-02	5.844054e-02	3.061342e-01	1.744178e-01	3.161049e-01	9.791964e-01
28879	8.560665e-01	5.163901e-01	5.778026e-02	7.222532e-02	3.783442e-01	1.582080e-01	7.852702e-01	6.885145e-01
12328	7.825759e-01	2.320922e-01	3.096176e-02	3.870220e-02	2.027371e-01	1.075566e-01	5.110552e-01	9.898550e-01
14730	5.881609e-01	2.335610e-01	4.808522e-02	6.010652e-02	3.148612e-01	2.250058e-01	8.396567e-01	1.134325e-01
15404	2.918633e-01	5.740458e-01	4.544880e-02	5.681100e-02	2.975980e-01	2.954361e-01	4.267680e-01	6.844956e-01
26830	6.077820e-01	7.599795e-01	2.832601e-02	3.540752e-02	1.854783e-01	1.406221e-01	4.291836e-01	7.819422e-01
30994	8.637322e-01	2.932625e-01	2.646121e-02	3.307652e-02	1.732676e-01	1.378486e-01	1.263645e-01	7.577494e-01
27648	9.580233e-01	6.763933e-01	2.691459e-02	3.364323e-02	1.762363e-01	5.883716e-02	8.451985e-01	6.262791e-01
1584	3.622302e-01	6.929598e-01	4.427476e-02	5.534345e-02	2.899104e-01	2.893840e-01	5.988743e-02	2.960542e-01
14151	4.935193e-01	6.570390e-01	3.885283e-02	4.856603e-02	2.544077e-01	2.288379e-01	6.814989e-01	6.475523e-01
3329	6.710331e-01	4.307946e-01	5.573138e-02	6.966423e-02	3.649282e-01	2.413800e-01	3.712730e-01	2.405121e-01
12277	3.128245e-02	6.548888e-01	2.354857e-02	2.943572e-02	1.541957e-01	6.431731e-02	4.964333e-01	6.233269e-01
15993	6.653487e-01	1.339854e-01	2.603630e-02	3.254537e-02	1.704853e-01	1.136972e-01	4.184967e-01	4.178143e-01
13382	1.460584e-01	7.703689e-01	2.584407e-02	3.230508e-02	1.692265e-01	1.617807e-01	7.672236e-01	6.446348e-01
31989	7.871467e-01	7.258418e-01	2.537931e-02	3.172414e-02	1.661833e-01	1.552881e-01	4.909059e-01	3.020626e-01
21128	1.119830e-01	2.751645e-01	5.357377e-02	6.696721e-02	3.508002e-01	3.389178e-01	1.873910e-01	2.716638e-01
12467	6.697326e-01	6.401334e-01	2.062031e-02	2.577538e-02	1.350214e-01	1.004040e-01	2.990811e-01	4.976933e-01
26139	4.604929e-01	3.314125e-01	2.663136e-02	3.328920e-02	1.743817e-01	7.755106e-02	3.355524e-01	4.681174e-01
8868	7.528563e-02	6.434790e-01	2.708102e-02	3.385128e-02	1.773261e-01	9.686725e-02	5.812451e-01	2.718053e-01
15614	3.211716e-01	9.946104e-02	3.255836e-02	4.069795e-02	2.131916e-01	1.228915e-01	2.322241e-01	7.392343e-01
10949	3.287124e-01	8.639456e-01	2.981744e-02	3.727180e-02	1.952441e-01	1.821017e-01	2.116932e-01	9.324445e-01
6091	7.675732e-01	7.720852e-01	3.267519e-02	4.084399e-02	2.139566e-01	2.078315e-01	2.986365e-02	3.687029e-01
3851	6.747586e-01	8.706946e-01	2.625625e-02	3.282031e-02	1.719255e-01	1.716009e-01	5.392818e-01	7.834024e-01
1820	3.364226e-01	4.172591e-01	7.006065e-02	8.757581e-02	4.587560e-01	4.316663e-01	5.010577e-01	4.806425e-01
1833	5.381062e-01	9.166023e-01	4.329372e-02	5.411715e-02	2.834866e-01	1.124627e-01	4.518121e-01	8.054662e-01
13612	2.838218e-01	2.382649e-01	5.262518e-02	6.578148e-02	3.445889e-01	2.011501e-01	8.943491e-01	5.502038e-01
19734	5.602470e-01	3.976586e-01	2.463300e-02	3.079126e-02	1.612965e-01	1.519637e-01	3.861040e-01	4.486114e-01
2006	9.184704e-01	2.193377e-01	2.226590e-02	2.783238e-02	1.457968e-01	9.326561e-02	3.007767e-02	1.951709e-01
29129	8.779657e-01	3.656063e-01	4.894230e-02	6.117787e-02	3.204734e-01	2.463845e-01	7.589023e-01	7.933186e-01
20553	5.877939e-01	8.370532e-01	5.400477e-02	6.750596e-02	3.536224e-01	1.343006e-01	7.235272e-01	2.513212e-01
24153	8.317561e-01	9.453086e-01	3.832561e-02	4.790701e-02	2.509555e-01	1.494085e-01	1.327707e-01	2.863365e-01
14247	2.479266e-01	7.543373e-01	2.999489e-02	3.749361e-02	1.964061e-01	5.597436e-02	2.928786e-01	4.650968e-02
12251	4.751345e-02	4.427348e-01	2.360623e-02	2.950779e-02	1.545732e-01	1.484802e-01	3.576504e-01	8.772057e-01
27322	7.798806e-02	2.169784e-01	4.571708e-02	5.714635e-02	2.993547e-01	2.717348e-01	2.239829e-01	3.894067e-02
14260	9.463506e-01	3.803700e-01	2.097581e-02	2.621977e-02	1.373493e-01	7.876499e-02	1.307206e-01	2.508502e-01
4361	4.425687e-01	2.437825e-01	2.702240e-02	3.377800e-02	1.769423e-01	1.096201e-01	8.075995e-01	2.399916e-02
17341	7.611254e-01	6.660903e-02	2.437259e-02	3.046574e-02	1.595914e-01	1.402434e-01	7.376823e-01	2.648688e-02
2098	3.507156e-01	9.289615e-01	2.619407e-02	3.274258e-02	1.715183e-01	1.306285e-01	3.614543e-01	5.732753e-01
23650	2.233314e-01	3.746451e-01	3.705454e-02	4.631818e-02	2.426326e-01	9.866400e-02	9.639239e-01	3.451623e-01
30101	5.539625e-01	8.731672e-01	2.642327e-02	3.302909e-02	1.730192e-01	1.297784e-01	3.082309e-01	5.666355e-01
17395	4.045656e-01	8.986556e-01	6.389758e-02	7.987197e-02	4.184003e-01	1.381847e-01	2.535208e-01	6.158584e-01
21191	2.999572e-01	6.248935e-01	2.356202e-02	2.945252e-02	1.542837e-01	5.255756e-02	5.861919e-01	8.837183e-01
5525	5.340718e-02	8.919801e-01	2.347665e-02	2.934581e-02	1.537247e-01	1.180419e-01	9.276608e-01	2.758377e-01
5190	8.563306e-01	1.984990e-01	4.138896e-02	5.173620e-02	2.710143e-01	2.675226e-01	4.351098e-01	4.001911e-01
18092	8.702100e-01	4.625828e-01	3.630868e-02	4.538585e-02	2.377487e-01	6.794979e-02	7.656641e-01	6.638025e-01
23748	1.158922e-01	7.629014e-01	3.242106e-02	4.052633e-02	2.122926e-01	1.581889e-01	4.343659e-01	7.084922e-01
5490	6.801535e-02	1.181529e-01	2.886798e-02	3.608497e-02	1.890271e-01	1.890043e-01	5.135328e-01	8.459340e-01
27437	5.078890e-01	4.985279e-01	4.916143e-02	6.145179e-02	3.219083e-01	2.515241e-01	3.425626e-01	4.702840e-01
5452	9.370944e-01	4.203265e-01	2.956217e-02	3.695271e-02	1.935726e-01	1.590148e-01	9.869852e-01	6.791781e-01
1096	9.138759e-01	9.041593e-01	3.166463e-02	3.958078e-02	2.073395e-01	1.175257e-01	5.789554e-01	6.410492e-01
15125	5.508093e-01	3.532213e-01	4.464913e-02	5.581141e-02	2.923618e-01	2.818564e-01	4.478443e-01	6.501855e-01
20231	1.638298e-01	3.238099e-01	2.402142e-02	3.002678e-02	1.572919e-01	1.542944e-01	7.971954e-01	6.474583e-01
31034	7.986871e-01	5.538844e-01	3.142408e-02	3.928010e-02	2.057644e-01	1.951237e-01	9.226398e-01	7.722945e-01
27566	2.366424e-01	8.640088e-01	5.583846e-02	6.979808e-02	3.656294e-01	1.639950e-01	5.117378e-01	1.504468e-01
8546	9.024888e-01	1.300122e-01	4.739627e-02	5.924534e-02	3.103500e-01	2.583709e-01	9.496873e-01	4.616400e-01
28386	6.299682e-01	4.464422e-01	2.583973e-02	3.229966e-02	1.691982e-01	1.691841e-01	6.160194e-01	3.884515e-01
1511	6.734588e-01	3.412951e-01	3.211851e-02	4.014813e-02	2.103115e-01	1.787015e-01	6.467293e-01	1.983251e-03
31967	8.639281e-01	8.412686e-01	2.561163e-02	3.201453e-02	1.677045e-01	1.345234e-01	1.758587e-01	1.497076e-01
5760	3.311984e-01	6.345076e-01	4.414385e-02	5.517981e-02	2.890532e-01	1.611438e-01	8.472167e-01	5.649467e-01
25367	6.569087e-01	7.641291e-01	2.408794e-02	3.010992e-02	1.577275e-01	1.474506e-01	1.794099e-01	2.022106e-01
10176	6.008083e-01	6.920904e-01	2.299533e-02	2.874416e-02	1.505730e-01	7.472047e-02	6.060678e-01	8.030220e-01
2861	6.991644e-01	7.215317e-01	5.911210e-02	7.389012e-02	3.870651e-01	1.724818e-01	6.474164e-02	1.650726e-01
5994	4.656187e-01	4.917094e-01	2.860109e-02	3.575137e-02	1.872795e-01	9.001273e-02	2.700932e-01	4.278351e-02
1047	5.012566e-01	4.063544e-01	2.226905e-02	2.783632e-02	1.458174e-01	7.577465e-02	5.461379e-01	1.797392e-01
31096	5.264924e-01	2.488723e-01	3.645456e-02	4.556820e-02	2.387039e-01	2.236804e-01	5.029636e-01	5.056344e-01
90	6.879983e-01	5.811149e-01	3.984568e-02	4.980710e-02	2.609089e-01	2.608726e-01	9.443217e-01	3.257104e-01
27861	2.116148e-01	9.636764e-01	2.573245e-02	3.216556e-02	1.684957e-01	1.665893e-01	7.097231e-01	6.410612e-01
16980	4.254981e-01	6.382963e-02	2.131028e-02	2.663785e-02	1.395394e-01	9.106563e-02	6.556561e-01	7.092409e-01
6334	9.505285e-01	7.154550e-01	2.405817e-02	3.007272e-02	1.575325e-01	1.212982e-01	2.221066e-01	6.349820e-01
18534	7.215648e-01	3.676604e-01	2.349043e-02	2.936303e-02	1.538150e-01	9.260453e-02	1.725937e-01	1.612652e-01
30724	3.138152e-01	3.080192e-01	7.611261e-02	9.514076e-02	4.983842e-01	2.491021e-01	6.120552e-01	7.739245e-01
