17836	4.174377e-02	6.226778e-01	3.511316e-02	4.389146e-02	2.299205e-01	2.288690e-01	2.679825e-01	6.317928e-01
19142	1.023995e-01	1.783933e-01	2.751204e-02	3.439005e-02	1.801484e-01	1.788677e-01	3.212292e-01	6.992817e-01
17957	8.337303e-01	1.538516e-01	4.349373e-02	5.436716e-02	2.847963e-01	2.365857e-01	6.639396e-01	1.080190e-01
2558	1.312613e-01	3.650953e-01	3.848582e-02	4.810728e-02	2.520046e-01	1.903326e-01	9.585205e-01	7.705650e-01
11074	9.179358e-01	8.893391e-01	2.212737e-02	2.765921e-02	1.448897e-01	7.212226e-02	6.673386e-01	3.432034e-01
32197	7.713720e-01	4.538574e-01	3.192498e-02	3.990622e-02	2.090442e-01	9.616938e-02	9.630539e-01	1.170656e-01
24839	7.798770e-01	8.988777e-01	2.179818e-02	2.724772e-02	1.427341e-01	1.272792e-01	3.630264e-01	7.847642e-03
2676	5.735416e-01	5.644891e-01	2.401951e-02	3.002439e-02	1.572794e-01	1.184094e-01	8.524948e-01	7.142204e-01
26530	6.586394e-01	8.375309e-01	2.386772e-02	2.983465e-02	1.562854e-01	1.331720e-01	6.510074e-01	3.465733e-01
25869	1.919928e-01	7.715426e-01	2.428479e-02	3.035599e-02	1.590164e-01	1.066104e-01	6.606712e-01	3.423954e-01
2528	1.184559e-01	9.214449e-01	4.257942e-02	5.322427e-02	2.788094e-01	1.550113e-01	4.774867e-01	6.371046e-02
545	8.611472e-01	3.471334e-01	3.228416e-02	4.035519e-02	2.113961e-01	1.875289e-01	6.445913e-01	8.554310e-01
9102	5.835817e-01	8.631246e-01	2.905157e-02	3.631446e-02	1.902292e-01	1.732525e-01	3.181137e-01	6.104948e-02
9265	8.052308e-01	3.730512e-01	2.131589e-02	2.664487e-02	1.395761e-01	1.325825e-01	6.304866e-01	1.290284e-01
19092	4.962277e-01	4.882162e-01	2.968537e-02	3.710671e-02	1.943793e-01	1.230108e-01	4.788654e-01	5.030461e-01
5774	1.940937e-01	8.264272e-01	2.199476e-02	2.749344e-02	1.440213e-01	1.420637e-01	8.240922e-01	7.161613e-01
14532	2.331108e-01	3.317891e-01	2.427397e-02	3.034246e-02	1.589456e-01	1.152688e-01	6.638181e-01	9.451959e-01
13508	3.590928e-01	2.337437e-01	4.449127e-02	5.561409e-02	2.913282e-01	2.807135e-01	4.412993e-01	7.761268e-01
22437	6.223705e-01	4.649018e-01	4.740226e-02	5.925283e-02	3.103893e-01	3.083175e-01	4.555766e-01	5.342361e-01
21989	1.451668e-01	5.087153e-01	4.964423e-02	6.205529e-02	3.250697e-01	2.355060e-01	6.360057e-01	6.509276e-01
16299	5.702066e-01	5.931843e-02	2.884492e-02	3.605615e-02	1.888761e-01	1.755572e-01	1.141974e-01	8.830920e-01
6796	5.400420e-01	2.133403e-01	3.595804e-02	4.494755e-02	2.354527e-01	2.316484e-01	8.811416e-01	1.584104e-02
7380	2.550686e-01	5.510251e-01	6.292434e-02	7.865542e-02	4.120276e-01	1.079868e-01	7.480216e-01	9.868267e-01
26730	6.172632e-01	6.557169e-01	2.892615e-02	3.615768e-02	1.894079e-01	1.536512e-01	3.914634e-02	8.184839e-01
3245	5.717201e-01	6.625314e-01	5.491949e-02	6.864936e-02	3.596120e-01	3.588066e-01	4.956184e-01	6.760370e-02
4645	6.833849e-01	4.099735e-01	2.107923e-02	2.634903e-02	1.380265e-01	1.282974e-01	1.789251e-01	5.430907e-01
15432	6.374274e-01	3.626952e-02	3.195903e-02	3.994879e-02	2.092673e-01	9.970720e-02	5.619462e-01	5.493850e-01
2958	7.223900e-01	6.184021e-01	3.913122e-02	4.891403e-02	2.562306e-01	2.202398e-01	3.613472e-01	8.970126e-03
4256	5.720828e-02	4.292731e-01	5.757970e-02	7.197463e-02	3.770310e-01	1.069995e-01	3.520680e-01	1.587357e-01
11291	7.592188e-01	1.388670e-01	2.939412e-02	3.674265e-02	1.924723e-01	1.660533e-01	8.984887e-01	3.147888e-01
2278	6.388043e-01	2.357980e-01	7.628968e-02	9.536210e-02	4.995436e-01	4.974729e-01	3.553689e-02	4.567404e-01
32074	3.000482e-01	1.163509e-01	4.756972e-02	5.946215e-02	3.114858e-01	2.675382e-01	7.441011e-01	7.660480e-01
26289	9.538303e-01	6.597108e-02	2.776034e-02	3.470042e-02	1.817743e-01	1.695417e-01	3.927512e-01	7.454868e-01
28828	1.858102e-01	4.369949e-01	5.058018e-02	6.322523e-02	3.311982e-01	3.214155e-01	6.553251e-01	6.810246e-01
20727	3.301228e-02	2.394557e-01	3.377186e-02	4.221483e-02	2.211376e-01	1.306920e-01	6.240771e-01	1.642209e-01
7557	3.994832e-01	7.549159e-01	4.003589e-02	5.004487e-02	2.621544e-01	2.524232e-01	7.316949e-01	3.688932e-01
2770	3.479362e-01	8.759682e-01	3.740069e-02	4.675086e-02	2.448991e-01	2.382936e-01	3.865735e-01	4.627433e-01
19451	9.563117e-01	7.172219e-01	3.617308e-02	4.521635e-02	2.368607e-01	9.334631e-02	3.914947e-01	8.416658e-01
13920	4.024087e-01	1.950307e-01	4.812060e-02	6.015075e-02	3.150929e-01	2.314512e-01	2.870433e-01	9.208161e-01
17181	1.873030e-01	6.755139e-01	4.688110e-02	5.860138e-02	3.069767e-01	3.035437e-01	7.000968e-01	6.683646e-01
17774	6.399474e-01	1.133063e-01	3.181318e-02	3.976647e-02	2.083122e-01	1.355851e-01	5.814965e-01	9.889398e-02
5349	5.670542e-01	1.784891e-01	2.524035e-02	3.155044e-02	1.652734e-01	6.660344e-02	6.755777e-01	3.676215e-01
5932	8.961671e-01	5.233672e-01	2.285051e-02	2.856313e-02	1.496248e-01	7.241745e-02	2.042119e-01	6.340009e-01
24325	9.263938e-01	8.409198e-01	3.151327e-02	3.939159e-02	2.063484e-01	1.303708e-01	7.655569e-03	4.853554e-01
13286	9.197780e-01	6.214301e-01	2.232756e-02	2.790946e-02	1.462005e-01	1.385605e-01	1.119151e-01	1.571830e-02
18682	9.281007e-01	1.422884e-01	2.115794e-02	2.644742e-02	1.385418e-01	9.601782e-02	5.848221e-01	4.940153e-01
29606	4.116584e-01	3.344051e-01	5.903433e-02	7.379292e-02	3.865559e-01	1.147150e-01	8.196132e-01	9.744768e-01
16946	5.289089e-01	4.643504e-01	2.596263e-02	3.245329e-02	1.700029e-01	6.017894e-02	7.595498e-01	4.298068e-01
24696	4.654781e-01	8.135481e-01	2.283964e-02	2.854955e-02	1.495536e-01	6.745459e-02	5.250988e-02	3.368179e-01
7830	5.191595e-01	7.883790e-01	2.203503e-02	2.754379e-02	1.442851e-01	1.278857e-01	2.204036e-01	5.834535e-01
20578	2.344283e-01	8.946454e-01	5.317003e-02	6.646253e-02	3.481565e-01	3.216624e-01	6.976941e-01	5.756208e-01
28449	3.430480e-01	7.635307e-01	5.328210e-02	6.660262e-02	3.488903e-01	2.977719e-01	4.323820e-01	6.291609e-01
12725	6.567186e-01	8.934446e-01	4.624737e-02	5.780921e-02	3.028271e-01	1.349871e-01	8.575916e-01	2.424848e-01
3518	5.763881e-01	3.968292e-01	2.508261e-02	3.135326e-02	1.642405e-01	1.543133e-01	4.943786e-01	3.337682e-01
21126	6.320248e-02	3.501794e-01	4.568626e-02	5.710782e-02	2.991529e-01	2.220582e-01	7.756538e-01	3.340811e-01
5258	7.571602e-01	2.840226e-01	2.890248e-02	3.612810e-02	1.892530e-01	1.594009e-01	8.993958e-01	8.127943e-01
17535	5.929615e-01	1.725631e-01	4.234083e-02	5.292604e-02	2.772471e-01	1.148010e-01	7.724509e-01	7.239056e-01
2434	7.581940e-01	7.005768e-01	6.175817e-02	7.719772e-02	4.043916e-01	3.291134e-01	3.841186e-01	2.037057e-01
13318	6.936327e-01	9.464944e-01	2.572435e-02	3.215544e-02	1.684427e-01	6.334707e-02	1.647002e-01	4.426314e-01
2468	7.603276e-01	9.300712e-01	2.274985e-02	2.843731e-02	1.489657e-01	1.147876e-01	6.035678e-01	6.939396e-02
20286	4.354341e-01	7.135679e-01	4.772208e-02	5.965260e-02	3.124834e-01	8.898406e-02	8.594831e-01	8.924224e-01
10736	7.199046e-02	7.326371e-01	2.350784e-02	2.938480e-02	1.539290e-01	1.038833e-01	3.346992e-01	3.177143e-01
19719	4.605722e-01	1.711045e-01	3.995065e-02	4.993831e-02	2.615962e-01	8.983603e-02	9.044331e-02	9.214816e-03
21165	3.044268e-01	4.963023e-01	2.811114e-02	3.513893e-02	1.840713e-01	1.584275e-01	9.128557e-01	8.346619e-01
21306	3.727590e-01	4.783798e-01	3.296637e-02	4.120797e-02	2.158633e-01	2.033296e-01	4.927874e-01	4.398610e-01
15998	2.776116e-01	9.495129e-01	2.243553e-02	2.804441e-02	1.469075e-01	1.042006e-01	4.188972e-01	6.914870e-01
21500	9.519927e-01	4.388880e-01	4.735306e-02	5.919132e-02	3.100671e-01	1.523139e-01	5.468164e-01	7.802481e-01
2320	8.682069e-01	8.052445e-01	4.465664e-02	5.582080e-02	2.924110e-01	2.670310e-01	3.483816e-01	9.099595e-01
19199	4.353884e-01	5.025821e-01	3.771475e-02	4.714344e-02	2.469556e-01	2.414139e-01	7.552174e-01	3.001933e-01
31673	8.813301e-01	8.592441e-02	2.751856e-02	3.439820e-02	1.801911e-01	1.315412e-01	5.030124e-01	2.171833e-01
5410	4.907552e-01	7.816706e-01	2.925062e-02	3.656327e-02	1.915326e-01	5.255472e-02	3.162868e-01	2.501710e-01
7965	2.832351e-01	2.437845e-01	4.419847e-02	5.524809e-02	2.894109e-01	2.519602e-01	1.153537e-02	3.388764e-01
11170	5.395387e-01	7.624482e-01	3.898293e-02	4.872867e-02	2.552596e-01	9.853196e-02	8.987778e-01	9.484697e-01
4968	9.001683e-01	5.764513e-01	2.182788e-02	2.728485e-02	1.429286e-01	9.447664e-02	6.725093e-01	5.150439e-01
1318	2.004273e-01	5.346552e-01	2.420821e-02	3.026027e-02	1.585150e-01	1.066157e-01	1.750050e-01	1.192433e-01
