10021	6.539077e-01	4.490404e-01	2.293448e-02	2.866810e-02	1.501746e-01	6.770113e-02	8.880489e-02	3.525226e-01
5456	6.422942e-01	1.460068e-01	3.651850e-02	4.564812e-02	2.391226e-01	2.116561e-01	4.351769e-01	7.972662e-01
17402	2.425557e-01	7.026669e-01	6.879092e-02	8.598865e-02	4.504419e-01	2.524907e-01	5.228543e-01	3.460076e-01
11125	8.611760e-01	8.590425e-01	7.624210e-02	9.530262e-02	4.992321e-01	3.901053e-01	6.912442e-01	2.743678e-01
31453	5.014319e-01	5.989556e-01	2.339748e-02	2.924685e-02	1.532063e-01	1.386047e-01	6.759756e-01	4.222455e-01
20635	7.879545e-01	3.224101e-01	2.335090e-02	2.918863e-02	1.529013e-01	4.340586e-02	8.490444e-01	2.769623e-01
12416	1.670355e-01	6.773770e-01	5.058525e-02	6.323156e-02	3.312314e-01	3.192424e-01	2.302435e-01	6.124223e-01
22012	6.536156e-02	5.452386e-01	5.243819e-02	6.554774e-02	3.433644e-01	1.185155e-01	3.414421e-01	7.609466e-01
419	1.984490e-01	4.462922e-01	6.343504e-02	7.929379e-02	4.153716e-01	2.045268e-01	3.835969e-01	1.081450e-01
19096	1.577745e-01	2.092682e-01	5.172665e-02	6.465831e-02	3.387053e-01	1.016967e-01	9.658784e-01	5.692402e-01
26225	4.682656e-01	2.587278e-01	2.158783e-02	2.698478e-02	1.413567e-01	5.242234e-02	9.838597e-01	7.483107e-01
28153	4.610016e-01	5.567016e-01	2.730130e-02	3.412663e-02	1.787685e-01	1.499515e-01	4.463574e-01	1.883265e-01
21558	2.883390e-01	1.441323e-01	4.294882e-02	5.368602e-02	2.812282e-01	2.066417e-01	1.430643e-01	9.539943e-01
12341	9.288751e-01	6.063411e-01	6.047369e-02	7.559212e-02	3.959808e-01	3.953568e-01	1.550472e-01	7.559092e-01
31238	1.210792e-01	2.664085e-01	4.086552e-02	5.108190e-02	2.675868e-01	1.915130e-01	1.248764e-01	7.200866e-01
21767	7.755501e-01	8.942658e-01	3.982812e-02	4.978515e-02	2.607939e-01	1.127686e-01	9.359354e-01	1.700502e-02
21277	2.945984e-01	8.211081e-01	3.388625e-02	4.235781e-02	2.218866e-01	1.330629e-01	7.826136e-01	3.685223e-01
32016	1.719057e-01	9.629771e-01	2.971853e-02	3.714817e-02	1.945965e-01	1.626422e-01	5.629250e-01	6.052000e-01
28826	7.774847e-01	1.349866e-01	2.182426e-02	2.728032e-02	1.429049e-01	1.417892e-01	9.182819e-01	7.070577e-01
14015	5.454596e-01	3.740578e-01	5.856980e-02	7.321225e-02	3.835142e-01	2.653197e-01	1.244457e-01	2.069265e-01
16293	4.134051e-01	4.661261e-01	7.154427e-02	8.943033e-02	4.684707e-01	3.737198e-01	5.705825e-01	2.716852e-01
9405	4.763453e-01	6.728454e-01	2.482443e-02	3.103053e-02	1.625500e-01	1.172023e-01	1.375269e-01	6.178387e-02
7346	4.457685e-01	3.311619e-02	2.414791e-02	3.018489e-02	1.581202e-01	7.945094e-02	4.373218e-01	1.163450e-01
17639	7.774537e-01	4.545519e-01	2.318789e-02	2.898487e-02	1.518340e-01	1.133723e-01	1.543806e-02	5.232173e-01
10548	3.066392e-01	8.852560e-01	2.311052e-02	2.888815e-02	1.513273e-01	1.509483e-01	2.749803e-01	5.124089e-01
11267	6.781913e-01	8.689743e-01	6.458497e-02	8.073122e-02	4.229014e-01	2.139497e-01	9.461330e-01	7.564210e-01
1058	9.186945e-01	8.172744e-01	2.434073e-02	3.042591e-02	1.593827e-01	1.356816e-01	3.546318e-01	2.493529e-01
9732	5.318377e-02	4.757590e-01	2.054736e-02	2.568421e-02	1.345438e-01	1.008113e-01	1.826138e-01	8.071684e-01
26246	8.584904e-01	5.199219e-01	4.267258e-02	5.334072e-02	2.794194e-01	1.316621e-01	6.374831e-01	1.600731e-02
26670	5.412949e-02	1.859505e-01	3.395261e-02	4.244076e-02	2.223212e-01	7.393526e-02	2.787906e-01	7.926584e-01
3651	2.289776e-01	5.872349e-01	2.915107e-02	3.643884e-02	1.908808e-01	1.906378e-01	2.455472e-01	6.136467e-01
27024	5.364597e-01	5.676823e-01	2.561253e-02	3.201566e-02	1.677104e-01	1.550797e-01	8.545892e-02	4.245814e-01
29872	6.015144e-01	4.351261e-01	2.125033e-02	2.656291e-02	1.391468e-01	9.647871e-02	2.542555e-01	8.445894e-01
31732	2.351825e-01	3.039031e-01	7.853729e-02	9.817161e-02	5.142609e-01	5.080726e-01	1.863966e-01	7.605338e-01
14332	2.110437e-01	1.638348e-01	4.470314e-02	5.587892e-02	2.927155e-01	2.312366e-01	2.658375e-02	2.902318e-01
4062	2.609689e-01	8.191753e-02	3.266830e-02	4.083537e-02	2.139115e-01	1.639478e-01	8.668912e-01	8.923181e-01
5833	1.347525e-01	7.352246e-01	2.164889e-02	2.706111e-02	1.417566e-01	1.120500e-01	6.483237e-01	1.361029e-01
11188	6.512184e-01	7.741360e-01	7.095696e-02	8.869620e-02	4.646251e-01	3.686913e-01	4.561119e-01	1.607249e-01
8527	3.167763e-01	2.339002e-01	3.216247e-02	4.020309e-02	2.105994e-01	5.586467e-02	6.221813e-02	5.997030e-01
1592	7.477048e-01	1.443993e-01	2.282274e-02	2.852843e-02	1.494430e-01	1.479083e-01	9.528630e-01	8.461781e-01
15647	3.707383e-01	9.306316e-01	3.261771e-02	4.077213e-02	2.135802e-01	1.342656e-01	4.889754e-01	8.517754e-01
15557	5.566807e-01	9.671482e-02	5.221506e-02	6.526882e-02	3.419034e-01	1.460589e-01	3.188811e-01	7.577843e-01
2646	4.522631e-01	3.554526e-01	4.506611e-02	5.633264e-02	2.950922e-01	1.891498e-01	9.274551e-01	3.950188e-01
14924	1.533118e-01	1.320145e-01	3.529409e-02	4.411761e-02	2.311051e-01	2.291703e-01	5.129225e-02	5.290199e-01
11306	6.881413e-01	6.121984e-01	2.444720e-02	3.055900e-02	1.600799e-01	1.000612e-01	7.983138e-01	2.813606e-02
12283	7.894947e-01	1.758184e-01	2.575045e-02	3.218806e-02	1.686135e-01	1.647188e-01	9.596757e-01	6.997837e-01
8794	8.867832e-01	5.692294e-01	2.331533e-02	2.914416e-02	1.526684e-01	1.478295e-01	3.269718e-02	3.568111e-01
17969	2.479635e-01	8.442121e-01	2.294277e-02	2.867846e-02	1.502289e-01	1.489321e-01	4.296690e-01	6.064799e-01
16948	6.817902e-01	1.726958e-01	2.227042e-02	2.783802e-02	1.458263e-01	1.454719e-01	4.117852e-01	9.770597e-01
4770	7.127777e-01	3.731579e-01	2.448726e-02	3.060908e-02	1.603422e-01	5.704796e-02	6.418659e-03	9.453831e-01
22102	3.430423e-01	7.859471e-01	5.739495e-02	7.174369e-02	3.758212e-01	3.192777e-01	4.688039e-01	7.464590e-01
2771	8.489789e-01	7.612675e-01	6.999176e-02	8.748970e-02	4.583049e-01	3.301980e-01	9.758573e-01	2.185449e-01
3352	4.609600e-01	7.033880e-01	2.154946e-02	2.693683e-02	1.411055e-01	6.725264e-02	6.438930e-01	3.199799e-01
31543	9.012062e-01	6.639132e-01	3.343358e-02	4.179197e-02	2.189225e-01	1.003986e-01	9.368389e-01	9.292936e-01
12573	4.711433e-01	4.565751e-01	3.078970e-02	3.848713e-02	2.016105e-01	1.541763e-01	8.332196e-01	7.740559e-01
924	8.218243e-01	5.192217e-01	5.567527e-02	6.959408e-02	3.645608e-01	1.189671e-01	5.974401e-01	8.500884e-01
2179	6.634933e-01	9.484889e-01	2.720209e-02	3.400262e-02	1.781189e-01	1.775571e-01	6.974030e-01	3.145563e-01
8450	9.028176e-01	2.130882e-01	3.453158e-02	4.316447e-02	2.261122e-01	1.659792e-01	4.692707e-01	4.818009e-01
4094	5.252701e-01	4.727203e-01	2.804048e-02	3.505060e-02	1.836086e-01	1.356524e-01	1.435766e-01	8.309582e-01
8088	2.645871e-01	5.348064e-01	5.375526e-02	6.719408e-02	3.519886e-01	1.240552e-01	3.139215e-01	4.806158e-01
4208	7.258018e-02	1.398528e-01	2.425790e-02	3.032238e-02	1.588404e-01	1.035796e-01	3.027831e-01	7.915583e-01
9584	2.794785e-01	7.631476e-01	5.388715e-02	6.735894e-02	3.528522e-01	2.739737e-01	6.644337e-01	4.223979e-01
30271	7.562830e-01	8.439731e-01	2.199516e-02	2.749395e-02	1.440240e-01	3.860537e-02	6.018929e-01	1.775033e-01
31565	5.162322e-01	7.045140e-02	3.947674e-02	4.934593e-02	2.584931e-01	1.813943e-01	4.336797e-01	7.688036e-02
2119	6.643724e-01	4.235429e-01	2.679489e-02	3.349361e-02	1.754525e-01	1.682075e-01	5.848037e-01	6.049606e-01
8359	3.065949e-01	6.273952e-01	6.312204e-02	7.890254e-02	4.133221e-01	2.575908e-01	5.315235e-01	6.300121e-01
16360	7.817398e-01	5.677578e-02	4.881140e-02	6.101425e-02	3.196163e-01	1.312941e-01	8.617650e-01	9.447530e-02
9880	3.770537e-01	8.500688e-01	2.645051e-02	3.306314e-02	1.731975e-01	1.586644e-01	5.799025e-02	9.694071e-02
14017	4.246977e-01	1.113084e-01	2.072671e-02	2.590839e-02	1.357182e-01	1.328816e-01	7.287516e-01	5.427033e-01
28581	6.607125e-01	6.582722e-01	4.595220e-02	5.744025e-02	3.008943e-01	2.671978e-01	4.954638e-01	1.120205e-01
