9777	8.183792e-01	6.503337e-01	3.729255e-02	4.661569e-02	2.441911e-01	2.332465e-01	2.402907e-01	5.386115e-01
9997	4.724561e-01	2.702330e-01	3.198839e-02	3.998548e-02	2.094595e-01	6.339381e-02	7.871309e-01	7.162852e-01
27650	8.703424e-01	3.182338e-01	2.462948e-02	3.078685e-02	1.612735e-01	1.573936e-01	4.539306e-01	6.383163e-01
14586	7.249810e-01	2.567043e-01	3.421327e-02	4.276659e-02	2.240280e-01	2.176930e-01	8.081511e-01	6.288371e-01
26854	4.525608e-01	4.618015e-01	6.984742e-02	8.730927e-02	4.573598e-01	3.827725e-01	5.831169e-01	4.277435e-01
26198	4.864252e-01	8.532732e-01	3.856931e-02	4.821164e-02	2.525512e-01	1.783194e-01	2.156623e-01	7.319941e-01
1767	4.964519e-01	3.233936e-01	2.429130e-02	3.036413e-02	1.590591e-01	1.588173e-01	5.203861e-01	3.089449e-01
29003	6.215289e-01	8.872802e-01	2.885620e-02	3.607025e-02	1.889499e-01	1.017724e-01	9.062160e-01	7.790337e-02
3303	7.173075e-01	5.252840e-01	6.035725e-02	7.544656e-02	3.952183e-01	1.221123e-01	1.058315e-01	7.090722e-01
2518	5.949656e-01	7.287803e-02	2.449418e-02	3.061772e-02	1.603875e-01	8.383642e-02	4.970157e-01	4.192282e-01
18970	1.791781e-01	1.822955e-01	2.744778e-02	3.430973e-02	1.797277e-01	1.684223e-01	4.013343e-01	1.123779e-01
27314	3.139453e-01	7.305122e-01	2.178026e-02	2.722532e-02	1.426168e-01	7.166861e-02	4.749418e-01	6.042017e-01
4236	7.951812e-01	5.149998e-01	4.206070e-02	5.257587e-02	2.754128e-01	2.297904e-01	9.008565e-01	3.563790e-01
23193	5.720702e-01	5.269265e-01	2.407290e-02	3.009112e-02	1.576290e-01	1.282756e-01	6.025745e-01	2.864809e-01
23235	3.177478e-01	2.906113e-01	7.597206e-02	9.496508e-02	4.974639e-01	1.674305e-01	5.395067e-01	6.400162e-01
27302	1.149761e-01	6.477561e-01	2.927311e-02	3.659139e-02	1.916799e-01	1.659299e-01	1.991987e-01	1.490378e-01
13905	3.646239e-01	1.054152e-01	6.396019e-02	7.995024e-02	4.188103e-01	2.484108e-01	2.855832e-01	8.677128e-01
5601	2.708046e-01	6.291591e-01	2.744121e-02	3.430151e-02	1.796846e-01	1.776432e-01	3.583277e-01	7.378306e-01
5821	2.400632e-01	2.140053e-01	2.228116e-02	2.785145e-02	1.458967e-01	1.444128e-01	2.311795e-01	8.912543e-01
6147	7.501701e-01	5.529377e-02	2.148542e-02	2.685677e-02	1.406862e-01	9.883919e-02	2.675084e-01	4.277510e-03
6320	5.626525e-01	3.114940e-01	3.868769e-02	4.835961e-02	2.533264e-01	7.397679e-02	8.960190e-01	8.655888e-01
32584	6.936509e-02	2.175764e-01	4.481803e-02	5.602253e-02	2.934677e-01	2.917148e-01	9.975021e-01	4.011570e-01
15740	3.338242e-01	5.452336e-01	7.743994e-02	9.679992e-02	5.070755e-01	4.647673e-01	8.557497e-01	4.468075e-01
23815	2.561588e-01	8.927653e-02	3.253248e-02	4.066560e-02	2.130221e-01	9.288004e-02	5.817467e-01	3.713210e-01
18668	5.808364e-01	1.771415e-01	7.052571e-02	8.815713e-02	4.618012e-01	4.530912e-01	7.247539e-01	4.981406e-01
1187	3.249511e-02	9.667312e-01	2.598825e-02	3.248532e-02	1.701707e-01	5.713331e-02	3.880083e-01	7.020989e-01
9007	1.075673e-01	9.416043e-01	2.772324e-02	3.465405e-02	1.815313e-01	1.485471e-01	2.132138e-01	7.434115e-01
23218	9.292613e-01	5.623719e-01	5.249732e-02	6.562165e-02	3.437516e-01	3.339715e-01	5.939982e-01	4.492553e-02
12334	6.504850e-01	2.313617e-01	2.060484e-02	2.575605e-02	1.349202e-01	7.522321e-02	4.933115e-01	5.546093e-01
21483	7.545358e-01	3.185013e-01	3.208391e-02	4.010489e-02	2.100850e-01	9.774491e-02	4.542047e-01	9.645990e-01
31121	9.008311e-01	9.572987e-01	2.972748e-02	3.715935e-02	1.946551e-01	1.774641e-01	8.971368e-01	2.818475e-01
8073	7.814731e-01	8.716990e-01	2.253402e-02	2.816753e-02	1.475524e-01	1.475405e-01	1.128461e-01	8.253303e-01
32429	9.189963e-01	7.265676e-02	2.733299e-02	3.416624e-02	1.789760e-01	1.708431e-01	2.778999e-01	7.563151e-01
32292	4.547823e-01	5.876372e-01	2.920013e-02	3.650016e-02	1.912020e-01	1.625471e-01	4.940304e-01	4.074176e-01
32699	5.571129e-01	6.575077e-01	2.620252e-02	3.275315e-02	1.715737e-01	1.074244e-01	9.356944e-01	9.721841e-02
16106	7.033206e-01	3.525853e-01	4.002736e-02	5.003420e-02	2.620985e-01	1.923731e-01	9.452047e-01	3.243434e-01
8722	9.063470e-01	6.755839e-01	3.261156e-02	4.076445e-02	2.135400e-01	7.115699e-02	5.192967e-01	6.202360e-01
22132	3.685939e-01	9.018983e-01	2.600031e-02	3.250039e-02	1.702496e-01	1.449030e-01	6.847064e-01	1.765701e-01
29245	6.969530e-01	8.952938e-02	2.148586e-02	2.685733e-02	1.406891e-01	1.333077e-01	5.578875e-02	7.842316e-01
25034	3.677767e-01	3.976800e-01	2.447734e-02	3.059667e-02	1.602772e-01	1.552545e-01	8.971636e-01	6.401013e-01
14183	1.605569e-01	2.027676e-01	2.260161e-02	2.825202e-02	1.479950e-01	9.535293e-02	2.468483e-01	8.711366e-01
25400	8.441246e-01	2.857527e-01	4.419027e-02	5.523783e-02	2.893572e-01	1.634178e-01	8.009250e-01	9.937536e-01
15792	3.901295e-01	8.291063e-01	3.412369e-02	4.265461e-02	2.234414e-01	7.877869e-02	5.784308e-01	6.317466e-01
9966	4.207543e-01	7.371284e-02	3.438018e-02	4.297522e-02	2.251209e-01	1.606214e-01	5.142034e-01	4.839559e-01
18315	2.573673e-01	6.803852e-01	2.433510e-02	3.041887e-02	1.593459e-01	6.418395e-02	6.309816e-01	5.605650e-01
8953	4.044818e-02	8.953695e-01	2.852230e-02	3.565287e-02	1.867636e-01	1.665990e-01	1.225251e-01	6.603742e-01
16465	2.864151e-01	7.026175e-01	4.743855e-02	5.929819e-02	3.106269e-01	2.538431e-01	7.792864e-01	5.705001e-01
32497	1.871217e-01	4.496708e-01	3.822372e-02	4.777964e-02	2.502883e-01	1.396909e-01	3.067135e-01	4.089067e-03
9514	8.399499e-01	7.741458e-01	3.628261e-02	4.535326e-02	2.375780e-01	1.968924e-01	8.483888e-01	2.852417e-02
14803	1.067674e-01	4.191189e-01	5.124690e-02	6.405862e-02	3.355639e-01	2.461813e-01	9.658011e-01	2.935017e-01
12688	1.767777e-01	9.667773e-01	2.936786e-02	3.670983e-02	1.923003e-01	1.797755e-01	9.625614e-01	6.763495e-02
25003	2.042857e-01	7.796298e-01	4.449297e-02	5.561621e-02	2.913393e-01	2.817241e-01	4.006060e-01	9.736795e-01
20504	1.739181e-01	6.275743e-01	2.128003e-02	2.660003e-02	1.393413e-01	1.365898e-01	2.087589e-01	2.571863e-01
7905	1.070268e-01	1.039777e-01	5.908058e-02	7.385073e-02	3.868587e-01	1.275248e-01	9.588239e-01	4.532357e-01
16857	5.029605e-02	6.408612e-01	3.267875e-02	4.084844e-02	2.139800e-01	1.955910e-01	8.569572e-01	7.558010e-01
18550	4.070330e-01	3.150742e-01	7.511094e-02	9.388867e-02	4.918252e-01	4.130830e-01	9.795944e-01	3.937229e-02
14012	4.547800e-01	1.454427e-01	3.810774e-02	4.763467e-02	2.495289e-01	1.426157e-01	6.304389e-01	7.630955e-01
25745	3.207990e-01	3.975624e-01	2.054924e-02	2.568655e-02	1.345561e-01	1.224606e-01	9.535665e-01	9.610981e-01
28621	4.136545e-01	8.546222e-01	3.836381e-02	4.795476e-02	2.512056e-01	6.572533e-02	1.381142e-01	2.678166e-01
10442	2.644465e-01	1.688293e-01	7.682557e-02	9.603197e-02	5.030527e-01	2.616790e-01	9.487477e-02	7.143733e-01
28585	5.271469e-01	7.227205e-01	2.402845e-02	3.003556e-02	1.573379e-01	1.100568e-01	6.316078e-01	9.919154e-01
21501	1.663035e-01	5.026125e-01	2.442679e-02	3.053348e-02	1.599462e-01	1.516198e-01	2.286083e-02	8.793263e-01
7572	7.131503e-01	6.266021e-01	3.933864e-02	4.917330e-02	2.575888e-01	6.801419e-02	6.687216e-01	3.881466e-02
5627	4.622641e-01	7.594282e-01	5.777597e-02	7.221996e-02	3.783162e-01	1.062382e-01	2.959211e-01	9.852428e-01
24715	6.583717e-01	7.190460e-01	7.723477e-02	9.654346e-02	5.057321e-01	4.075554e-01	6.246594e-01	4.790189e-01
4255	4.296129e-01	1.754012e-01	2.271235e-02	2.839044e-02	1.487201e-01	7.039900e-02	1.785479e-01	6.974987e-01
13419	4.404097e-01	8.097397e-01	3.756414e-02	4.695517e-02	2.459694e-01	2.379519e-01	7.826438e-01	5.488428e-01
22229	1.049763e-01	7.553297e-01	2.711357e-02	3.389196e-02	1.775392e-01	5.875496e-02	8.736140e-01	8.619958e-01
13566	8.962576e-01	7.771517e-01	6.175884e-02	7.719855e-02	4.043959e-01	2.210699e-01	6.951714e-01	7.777103e-01
47	3.961967e-01	5.935371e-01	2.634439e-02	3.293048e-02	1.725026e-01	1.716720e-01	8.343308e-01	4.225761e-01
11142	5.612592e-01	4.165435e-01	2.448332e-02	3.060415e-02	1.603164e-01	1.597597e-01	9.624818e-01	1.861292e-01
18655	8.099067e-01	8.588415e-01	2.695733e-02	3.369666e-02	1.765162e-01	1.647795e-01	7.849853e-01	6.327139e-01
4157	1.398301e-01	8.537504e-01	3.587886e-02	4.484858e-02	2.349342e-01	7.564849e-02	5.529018e-01	8.111253e-01
23103	5.394529e-01	1.210526e-01	3.687295e-02	4.609119e-02	2.414435e-01	1.609780e-01	4.604874e-01	5.196423e-03
9411	2.684877e-01	4.719172e-01	3.665196e-02	4.581495e-02	2.399965e-01	2.337547e-01	1.049327e-01	9.763993e-01
22806	4.990641e-01	5.957749e-02	2.189656e-02	2.737070e-02	1.433783e-01	1.074661e-01	3.329980e-02	3.359860e-01
20130	8.905211e-01	4.508119e-01	3.004508e-02	3.755635e-02	1.967347e-01	8.978291e-02	8.372193e-01	3.640776e-01
720	3.511735e-01	4.455810e-01	3.170533e-02	3.963167e-02	2.076060e-01	2.038263e-01	2.015596e-01	3.252117e-01
30709	6.539018e-01	2.935241e-01	2.339249e-02	2.924062e-02	1.531737e-01	1.471745e-01	2.302312e-01	3.831793e-01
22304	6.198403e-02	5.608082e-01	2.227806e-02	2.784758e-02	1.458764e-01	1.202480e-01	6.001376e-03	6.284895e-01
