14758	5.755118e-01	6.141182e-01	4.094414e-02	5.118018e-02	2.681016e-01	1.587420e-01	2.510039e-01	7.635262e-01
5007	2.236830e-01	7.235533e-01	3.859800e-02	4.824750e-02	2.527391e-01	2.502470e-01	2.616050e-01	9.290505e-01
904	1.169114e-01	2.813184e-01	2.288738e-02	2.860923e-02	1.498662e-01	1.313739e-01	4.760717e-01	4.172479e-01
19253	9.723997e-02	1.359331e-01	5.568386e-02	6.960483e-02	3.646171e-01	3.623649e-01	6.351632e-02	5.864212e-01
10089	6.964559e-01	2.311783e-01	2.489260e-02	3.111575e-02	1.629963e-01	1.533120e-01	7.333334e-01	1.646053e-01
13466	2.001685e-01	1.470653e-01	2.312897e-02	2.891121e-02	1.514481e-01	7.017059e-02	4.967709e-01	7.747404e-01
28772	2.205538e-01	8.085831e-01	2.403407e-02	3.004259e-02	1.573747e-01	1.020437e-01	5.928618e-01	3.391357e-01
25219	3.458135e-01	1.197469e-01	5.032459e-02	6.290574e-02	3.295246e-01	2.075266e-01	9.658161e-01	8.580075e-01
14345	8.999143e-01	6.970353e-01	3.667216e-02	4.584019e-02	2.401287e-01	2.279998e-01	7.516145e-02	5.223383e-01
24001	6.336612e-01	2.262929e-01	7.518174e-02	9.397718e-02	4.922889e-01	4.585601e-01	6.726025e-01	9.216820e-01
28002	7.210638e-01	8.046866e-01	4.966366e-02	6.207958e-02	3.251969e-01	2.898359e-01	6.390579e-01	5.581289e-01
2637	4.312197e-01	3.340097e-01	3.023992e-02	3.779990e-02	1.980105e-01	6.975497e-02	4.334642e-01	5.343554e-01
2983	7.906358e-01	1.440175e-01	2.530650e-02	3.163312e-02	1.657066e-01	6.074026e-02	4.924494e-01	8.914165e-01
5034	8.798375e-01	8.066717e-02	4.057684e-02	5.072105e-02	2.656965e-01	1.230916e-01	1.187669e-01	9.750044e-01
24781	4.402690e-01	4.239339e-01	5.042024e-02	6.302530e-02	3.301509e-01	2.390528e-01	3.690026e-01	2.506860e-01
27217	7.911623e-01	2.824391e-01	6.027667e-02	7.534583e-02	3.946907e-01	3.374087e-01	2.788801e-01	3.062110e-01
31048	8.392868e-01	2.418842e-01	2.565835e-02	3.207294e-02	1.680105e-01	1.491252e-01	9.092545e-01	2.381551e-01
30185	2.456762e-01	5.955147e-01	7.437176e-02	9.296470e-02	4.869851e-01	3.490124e-01	4.202991e-01	9.097222e-01
5096	9.306447e-01	8.378267e-01	3.071151e-02	3.838939e-02	2.010985e-01	1.305905e-01	7.820020e-01	7.705695e-01
18603	9.590756e-01	4.757843e-01	4.167562e-02	5.209452e-02	2.728913e-01	2.307309e-01	2.597092e-01	4.155166e-01
15135	7.610967e-01	8.954038e-01	3.655447e-02	4.569309e-02	2.393581e-01	1.201480e-01	5.593867e-01	3.802738e-01
12543	7.051286e-01	5.670648e-01	4.942918e-02	6.178647e-02	3.236615e-01	3.227484e-01	8.237529e-02	1.422455e-01
6219	2.119039e-01	3.548966e-01	2.479083e-02	3.098853e-02	1.623299e-01	5.308188e-02	6.002759e-01	5.827564e-01
15659	1.539273e-01	5.619002e-01	4.046514e-02	5.058143e-02	2.649651e-01	1.059788e-01	4.930957e-01	1.895988e-01
28910	8.014096e-01	6.886583e-01	3.997481e-02	4.996851e-02	2.617544e-01	7.763535e-02	8.488888e-01	3.344123e-01
17605	4.368357e-01	6.382635e-01	5.868060e-02	7.335075e-02	3.842397e-01	2.405869e-01	6.998727e-01	6.008350e-01
4780	1.195030e-01	8.162269e-01	2.938685e-02	3.673357e-02	1.924247e-01	6.399698e-02	9.153065e-01	8.082697e-01
30487	4.696632e-02	8.779798e-01	4.565198e-02	5.706498e-02	2.989285e-01	2.771508e-01	6.015031e-01	5.470534e-01
18846	1.143710e-01	6.085309e-01	2.088202e-02	2.610252e-02	1.367351e-01	1.266435e-01	1.954430e-01	1.615922e-01
12373	9.650976e-01	4.008852e-01	2.742504e-02	3.428130e-02	1.795788e-01	8.653561e-02	9.440056e-02	9.655416e-01
12149	4.297550e-01	9.107552e-01	4.053880e-02	5.067350e-02	2.654474e-01	1.215213e-01	1.547052e-01	6.081641e-01
856	2.372518e-01	9.291074e-01	3.773529e-02	4.716911e-02	2.470901e-01	1.249294e-01	7.744455e-01	8.929357e-01
13113	5.554565e-01	7.636828e-01	6.275367e-02	7.844208e-02	4.109100e-01	1.905696e-01	3.568240e-01	8.911130e-01
18123	1.462499e-01	3.344949e-01	2.575247e-02	3.219059e-02	1.686268e-01	1.306202e-01	8.802290e-01	7.358972e-01
3158	8.462441e-01	7.169851e-01	3.776691e-02	4.720864e-02	2.472972e-01	1.958332e-01	7.353184e-01	6.536356e-01
17340	7.648867e-01	7.457757e-01	5.320193e-02	6.650241e-02	3.483654e-01	2.115885e-01	2.539470e-01	3.861750e-01
3910	3.637486e-01	8.317850e-01	5.876152e-02	7.345190e-02	3.847695e-01	3.383787e-01	9.335242e-01	8.558342e-01
15532	1.152288e-01	8.716956e-01	2.636340e-02	3.295425e-02	1.726271e-01	1.653884e-01	5.569903e-01	3.383215e-01
20546	3.781337e-01	3.220467e-01	3.705238e-02	4.631548e-02	2.426184e-01	1.648435e-01	8.210070e-01	5.029741e-01
7922	8.628672e-02	7.007606e-01	2.398111e-02	2.997638e-02	1.570279e-01	7.337969e-02	2.718710e-01	6.872412e-01
12726	9.929945e-02	7.433454e-01	5.957008e-02	7.446261e-02	3.900640e-01	1.734023e-01	1.136919e-01	3.183512e-01
19783	9.375647e-01	9.357370e-01	2.964333e-02	3.705416e-02	1.941041e-01	1.716795e-01	4.058809e-01	4.583111e-02
25135	3.836617e-01	4.654717e-02	3.331175e-02	4.163969e-02	2.181248e-01	1.968280e-01	1.322318e-01	1.546738e-01
11149	5.849524e-01	7.223266e-01	3.888073e-02	4.860091e-02	2.545904e-01	1.016396e-01	5.847078e-01	2.192374e-01
8868	6.534771e-01	8.367716e-01	3.888781e-02	4.860976e-02	2.546368e-01	1.959872e-01	7.023723e-01	1.933120e-01
29047	2.488401e-01	3.419017e-01	4.012450e-02	5.015562e-02	2.627346e-01	2.585341e-01	6.410058e-01	8.720509e-01
31241	3.541868e-01	3.912067e-01	3.077023e-02	3.846279e-02	2.014830e-01	1.962193e-01	8.648539e-01	8.201688e-01
7971	4.537835e-01	7.474588e-01	5.531732e-02	6.914665e-02	3.622170e-01	9.595758e-02	2.881643e-01	2.377026e-01
32452	9.060202e-01	9.050058e-01	3.100152e-02	3.875190e-02	2.029975e-01	8.300057e-02	1.278023e-02	5.418565e-02
26426	7.333610e-01	9.473931e-01	4.889926e-02	6.112408e-02	3.201916e-01	2.654245e-01	6.348722e-01	7.435124e-01
1895	2.608744e-01	2.557547e-01	2.678543e-02	3.348178e-02	1.753906e-01	6.499415e-02	8.617333e-02	6.125735e-01
7020	4.731456e-01	9.086795e-01	2.621458e-02	3.276822e-02	1.716527e-01	7.245803e-02	1.106034e-02	6.932540e-01
31799	8.782178e-01	5.196297e-01	2.706428e-02	3.383035e-02	1.772165e-01	1.768906e-01	6.761830e-01	2.233885e-01
101	7.102810e-01	4.924714e-01	5.962820e-02	7.453525e-02	3.904445e-01	3.782814e-01	6.136355e-01	3.451475e-01
31205	7.091806e-02	4.980919e-01	2.148433e-02	2.685541e-02	1.406791e-01	1.379628e-01	5.391826e-01	8.654306e-01
22034	5.484304e-01	2.147951e-01	6.833636e-02	8.542045e-02	4.474654e-01	3.033190e-01	9.676168e-02	6.691903e-01
31230	6.446297e-01	6.471050e-01	5.199628e-02	6.499536e-02	3.404709e-01	3.370133e-01	8.305300e-01	6.849693e-01
14024	7.633590e-01	7.577464e-02	2.538776e-02	3.173470e-02	1.662387e-01	1.508650e-01	2.745177e-01	5.047940e-01
20889	2.864399e-01	7.453646e-01	6.156330e-02	7.695413e-02	4.031155e-01	3.030974e-01	1.876249e-01	3.308847e-02
26081	4.554190e-01	2.238952e-01	5.131619e-02	6.414524e-02	3.360176e-01	1.510008e-01	1.786235e-01	8.500554e-01
11028	5.245135e-02	6.933666e-01	3.008851e-02	3.761063e-02	1.970191e-01	1.123544e-01	1.905424e-01	6.912618e-01
29966	9.697046e-01	6.453722e-01	2.373543e-02	2.966928e-02	1.554192e-01	1.549161e-01	1.386215e-01	8.205312e-01
28487	8.092705e-01	9.393691e-01	2.512891e-02	3.141114e-02	1.645437e-01	1.645307e-01	6.760574e-01	8.880496e-01
23820	4.099722e-01	9.433528e-01	3.324484e-02	4.155605e-02	2.176867e-01	1.784502e-01	9.726873e-01	8.907026e-01
29002	4.927776e-01	2.665057e-01	2.794751e-02	3.493439e-02	1.829999e-01	1.167949e-01	6.523448e-01	8.069092e-01
15483	5.405878e-01	9.038665e-01	2.292523e-02	2.865654e-02	1.501141e-01	1.089916e-01	1.999489e-01	1.328443e-02
7965	4.900012e-01	4.492394e-01	2.377355e-02	2.971694e-02	1.556688e-01	1.555658e-01	3.318771e-01	5.073339e-01
13847	3.568893e-01	2.291856e-01	2.511056e-02	3.138821e-02	1.644236e-01	1.616822e-01	6.636251e-01	1.580416e-01
31552	7.721234e-01	5.915974e-01	2.980166e-02	3.725207e-02	1.951408e-01	1.948221e-01	7.444521e-01	7.414775e-01
14865	2.058872e-01	9.128428e-02	6.924841e-02	8.656051e-02	4.534375e-01	4.055831e-01	2.772695e-02	9.070638e-01
22802	5.201411e-01	1.022370e-01	2.165572e-02	2.706966e-02	1.418013e-01	1.399384e-01	7.911404e-01	4.445343e-01
3217	3.262824e-01	5.308656e-01	5.633460e-02	7.041825e-02	3.688781e-01	2.279155e-01	8.540810e-01	5.760776e-01
16487	9.471097e-01	2.607725e-01	3.643693e-02	4.554617e-02	2.385885e-01	1.782680e-01	2.130964e-01	7.456777e-01
4305	7.034510e-01	1.909104e-01	2.325847e-02	2.907308e-02	1.522961e-01	5.475113e-02	1.670689e-01	9.034883e-01
22369	8.034233e-02	3.163646e-01	2.252068e-02	2.815085e-02	1.474651e-01	1.447237e-01	2.206708e-02	2.357397e-01
10584	9.543343e-01	7.876676e-01	2.832506e-02	3.540632e-02	1.854720e-01	1.676494e-01	6.140246e-02	1.852721e-01
21065	4.978952e-01	8.876196e-01	2.682878e-02	3.353597e-02	1.756744e-01	1.756346e-01	8.699091e-01	1.444911e-02
23551	7.163590e-01	6.565400e-01	2.258722e-02	2.823402e-02	1.479007e-01	1.447185e-01	5.207087e-02	7.781639e-01
11397	2.152921e-01	2.164039e-01	2.159732e-02	2.699666e-02	1.414189e-01	1.340717e-01	5.547729e-01	6.813549e-01
4064	3.881836e-01	6.208661e-01	6.678775e-02	8.348468e-02	4.373251e-01	1.255245e-01	9.226725e-01	7.349014e-01
