4814	3.798518e-01	7.604011e-01	6.597934e-02	8.247418e-02	4.320317e-01	2.554812e-01	4.060947e-01	7.752870e-01
23108	3.888414e-02	6.085792e-01	3.201938e-02	4.002423e-02	2.096624e-01	1.420429e-01	6.027921e-01	2.370528e-01
6008	4.827883e-01	1.420584e-01	3.332963e-02	4.166203e-02	2.182419e-01	2.111314e-01	5.599417e-02	1.759640e-01
24087	5.491273e-02	8.161630e-01	3.439020e-02	4.298775e-02	2.251865e-01	2.064565e-01	3.376088e-01	2.273393e-01
31442	8.388799e-02	6.615834e-01	6.324612e-02	7.905765e-02	4.141346e-01	3.960294e-01	6.136806e-01	9.447929e-01
11508	6.639203e-01	7.681225e-01	2.135158e-02	2.668948e-02	1.398098e-01	6.905563e-02	2.628130e-02	2.268823e-01
18561	8.674684e-01	2.165472e-01	5.413321e-02	6.766651e-02	3.544634e-01	3.477621e-01	4.698375e-01	3.159993e-02
29866	6.926577e-01	8.450285e-01	6.691946e-02	8.364932e-02	4.381876e-01	2.859820e-01	1.152569e-02	4.685645e-01
24680	2.383133e-01	3.452820e-01	2.383543e-02	2.979429e-02	1.560740e-01	1.179004e-01	3.413080e-01	6.796266e-01
9604	2.403772e-01	1.849941e-01	7.613726e-02	9.517157e-02	4.985456e-01	3.811285e-01	3.770303e-01	3.607010e-02
8070	1.189672e-01	2.019912e-01	3.436900e-02	4.296125e-02	2.250477e-01	1.396842e-01	8.194242e-01	7.374470e-01
25747	7.344988e-01	9.630596e-01	2.717944e-02	3.397430e-02	1.779705e-01	1.190802e-01	1.925269e-01	9.269297e-02
13249	8.050717e-01	7.023993e-01	2.275195e-02	2.843993e-02	1.489794e-01	1.487532e-01	1.089467e-01	3.483250e-01
369	4.537612e-01	8.802142e-01	4.956581e-02	6.195726e-02	3.245561e-01	1.729850e-01	3.497706e-01	4.655999e-01
7834	5.414192e-01	5.044410e-01	4.029899e-02	5.037373e-02	2.638771e-01	2.255767e-01	1.247360e-02	7.504722e-01
32391	5.900545e-01	1.050901e-01	5.153695e-02	6.442119e-02	3.374632e-01	1.858353e-01	2.956835e-01	9.994116e-01
15147	3.239011e-01	8.019428e-01	6.984823e-02	8.731029e-02	4.573651e-01	4.549136e-01	4.247283e-01	3.069844e-01
16792	5.708541e-01	9.305947e-01	2.159844e-02	2.699805e-02	1.414263e-01	1.291940e-01	6.511454e-01	9.180984e-01
29123	3.853970e-01	2.999871e-01	4.200284e-02	5.250355e-02	2.750340e-01	2.217956e-01	4.896843e-01	4.353519e-01
30244	5.560772e-01	3.410690e-01	4.829129e-02	6.036411e-02	3.162106e-01	2.996473e-01	9.431275e-01	1.836819e-01
25106	5.294021e-01	1.902659e-01	7.917506e-02	9.896882e-02	5.184370e-01	1.959231e-01	4.802586e-01	8.808396e-01
27621	2.787699e-01	6.671027e-01	2.483946e-02	3.104933e-02	1.626484e-01	6.340304e-02	4.267137e-01	4.439615e-01
1778	8.512647e-01	5.479838e-01	3.487165e-02	4.358956e-02	2.283390e-01	9.459173e-02	4.184687e-01	1.469126e-01
13057	4.694404e-01	3.675667e-01	3.075880e-02	3.844850e-02	2.014082e-01	1.234782e-01	8.153007e-01	8.096869e-01
28387	7.077784e-01	6.576590e-01	5.467331e-02	6.834164e-02	3.580000e-01	3.516218e-01	2.868921e-01	7.947672e-01
1588	8.001524e-01	1.362690e-01	2.799107e-02	3.498884e-02	1.832851e-01	1.832850e-01	7.251252e-01	1.131365e-01
30563	6.383530e-01	6.141378e-01	4.382060e-02	5.477574e-02	2.869366e-01	2.441493e-01	6.548568e-01	7.394077e-01
12061	7.621553e-01	2.460635e-01	3.011243e-02	3.764053e-02	1.971757e-01	1.100275e-01	9.956910e-01	6.403614e-01
11263	7.847405e-01	4.265820e-01	5.434469e-02	6.793086e-02	3.558482e-01	3.471287e-01	6.576949e-01	6.111822e-01
20753	8.822309e-01	2.717737e-01	4.615843e-02	5.769804e-02	3.022447e-01	2.166274e-01	9.727997e-01	4.173598e-01
17035	2.684200e-01	5.017895e-01	5.758610e-02	7.198262e-02	3.770729e-01	2.199605e-01	8.182398e-02	8.740611e-01
10130	5.164357e-01	7.712443e-01	6.390163e-02	7.987703e-02	4.184269e-01	3.904477e-01	9.133071e-01	9.624878e-01
13967	7.412776e-01	7.446501e-02	2.195360e-02	2.744201e-02	1.437519e-01	1.168908e-01	4.171013e-01	8.599739e-01
29523	6.542808e-01	1.516117e-01	2.161876e-02	2.702344e-02	1.415593e-01	8.909982e-02	7.418184e-01	9.781570e-01
24672	3.823189e-01	9.362624e-01	4.074403e-02	5.093003e-02	2.667913e-01	1.169675e-01	6.934715e-01	3.992409e-01
22801	5.653105e-01	8.183479e-01	2.430897e-02	3.038621e-02	1.591748e-01	1.363296e-01	8.043400e-01	2.322694e-01
21515	4.932579e-01	2.405889e-01	2.114960e-02	2.643700e-02	1.384872e-01	1.224627e-01	5.823781e-02	2.881317e-01
14748	3.588350e-01	6.070295e-01	2.441202e-02	3.051502e-02	1.598495e-01	7.407672e-02	2.512003e-01	4.208697e-01
2137	1.941375e-01	6.566837e-01	5.650067e-02	7.062584e-02	3.699655e-01	3.375249e-01	2.066953e-01	2.506492e-02
1584	4.963403e-01	4.407201e-01	3.446523e-02	4.308154e-02	2.256778e-01	7.126907e-02	3.548480e-01	4.124401e-01
11568	4.971334e-01	6.621015e-01	3.624363e-02	4.530454e-02	2.373227e-01	1.278692e-01	7.585322e-02	7.745460e-01
28675	7.981033e-01	2.724104e-01	2.728463e-02	3.410578e-02	1.786593e-01	1.785179e-01	4.221981e-01	4.658393e-01
30390	4.536562e-01	6.930285e-01	4.826880e-02	6.033600e-02	3.160633e-01	3.112218e-01	6.636857e-01	2.936235e-01
12915	4.329775e-01	3.267600e-01	4.781506e-02	5.976882e-02	3.130923e-01	2.666057e-01	2.779598e-01	1.138583e-01
15612	9.971737e-02	1.335857e-01	4.159977e-02	5.199971e-02	2.723946e-01	2.576396e-01	3.778350e-01	5.635293e-01
9183	4.581564e-01	6.115034e-01	2.868165e-02	3.585206e-02	1.878070e-01	5.993418e-02	9.457762e-02	3.405047e-01
22351	8.633261e-01	3.485108e-01	6.781701e-02	8.477126e-02	4.440647e-01	4.214519e-01	1.612724e-01	6.187267e-01
6001	1.753912e-01	5.605873e-01	2.151226e-02	2.689032e-02	1.408619e-01	1.306768e-01	2.371027e-01	2.489687e-01
31989	8.694741e-01	9.072328e-01	5.187779e-02	6.484724e-02	3.396950e-01	2.089051e-01	7.712400e-01	2.637050e-01
3424	3.738216e-01	4.109049e-01	2.568615e-02	3.210768e-02	1.681925e-01	5.870780e-02	7.283422e-01	8.691893e-02
26326	5.034175e-01	3.922985e-01	2.178264e-02	2.722830e-02	1.426324e-01	1.020888e-01	6.799927e-02	8.481217e-01
26843	8.473342e-01	4.501364e-01	2.467414e-02	3.084268e-02	1.615659e-01	1.209532e-01	2.645833e-01	2.727547e-01
12242	9.151769e-01	1.236377e-01	3.760845e-02	4.701056e-02	2.462596e-01	2.164236e-01	4.385608e-01	9.765276e-01
4239	8.263208e-01	2.670404e-01	2.537798e-02	3.172248e-02	1.661746e-01	6.014969e-02	8.807347e-01	1.628695e-01
14991	7.306712e-01	9.314363e-01	2.805049e-02	3.506312e-02	1.836742e-01	1.031988e-01	1.687841e-01	9.313534e-01
29710	7.769063e-01	7.804986e-01	4.268277e-02	5.335346e-02	2.794861e-01	2.647708e-01	5.849229e-01	1.739269e-01
4554	5.399953e-01	2.712682e-01	2.688310e-02	3.360387e-02	1.760301e-01	1.728800e-01	3.764144e-01	9.624335e-01
17439	1.220023e-01	2.569283e-01	7.521027e-02	9.401283e-02	4.924757e-01	2.355417e-01	9.795273e-01	5.953568e-01
24315	1.328258e-01	7.574835e-01	4.343570e-02	5.429463e-02	2.844163e-01	2.100195e-01	7.862863e-01	6.018689e-01
626	2.766462e-01	4.357775e-01	2.834465e-02	3.543081e-02	1.856003e-01	1.177373e-01	8.666408e-01	9.081134e-01
3281	8.500885e-01	8.499276e-01	2.230565e-02	2.788206e-02	1.460570e-01	1.032004e-01	3.641993e-01	8.712215e-02
22313	3.161620e-01	2.886207e-01	2.936941e-02	3.671177e-02	1.923105e-01	8.057965e-02	9.623046e-01	9.016090e-01
14184	1.349640e-01	6.997833e-01	2.977097e-02	3.721371e-02	1.949398e-01	1.570908e-01	5.827771e-01	5.163108e-01
13574	1.800328e-01	4.462454e-01	2.684046e-02	3.355057e-02	1.757509e-01	1.177905e-01	6.412842e-01	3.725523e-01
22761	2.033605e-01	7.374680e-01	4.191391e-02	5.239239e-02	2.744516e-01	1.995087e-01	6.805217e-01	8.169921e-01
18943	7.530774e-01	2.962056e-01	3.880239e-02	4.850299e-02	2.540775e-01	9.629235e-02	9.884292e-01	2.295479e-01
13554	9.130770e-01	4.874937e-01	2.095379e-02	2.619224e-02	1.372051e-01	1.085281e-01	9.071191e-02	2.004328e-01
20696	1.302748e-01	4.142924e-01	2.260938e-02	2.826172e-02	1.480459e-01	9.758190e-02	7.715287e-01	7.449517e-01
22268	6.737018e-01	9.043673e-01	2.664369e-02	3.330461e-02	1.744625e-01	1.419251e-01	3.741699e-01	1.274571e-01
21317	6.506381e-01	5.357875e-01	2.109293e-02	2.636616e-02	1.381162e-01	1.239633e-01	7.905123e-01	1.630819e-01
