13975	1.727958e-01	9.450570e-01	2.273522e-02	2.841903e-02	1.488699e-01	1.478074e-01	1.084273e-01	5.052333e-01
6337	2.951419e-01	7.899865e-01	7.572889e-02	9.466112e-02	4.958716e-01	4.529034e-01	4.840161e-01	9.317864e-01
30544	7.416393e-02	1.617563e-01	3.612747e-02	4.515933e-02	2.365621e-01	2.156472e-01	5.498137e-01	6.818945e-01
7204	2.132427e-01	2.771973e-01	5.883696e-02	7.354620e-02	3.852635e-01	3.576944e-01	3.508079e-01	7.606591e-01
18665	4.157752e-01	6.571977e-01	2.764389e-02	3.455486e-02	1.810118e-01	1.712375e-01	7.423048e-02	9.064318e-01
19017	8.982778e-01	2.626917e-01	2.394817e-02	2.993522e-02	1.568123e-01	4.902629e-02	4.709089e-01	6.821609e-02
787	6.916659e-01	8.503579e-01	7.271718e-02	9.089647e-02	4.761509e-01	2.096987e-01	3.190108e-01	7.871630e-01
19623	4.863416e-01	7.065030e-01	4.005267e-02	5.006584e-02	2.622643e-01	1.363365e-01	9.627438e-01	6.720188e-01
32301	8.914009e-01	4.337717e-01	3.913815e-02	4.892268e-02	2.562760e-01	2.562170e-01	2.248834e-01	9.128216e-01
3111	2.915901e-01	3.125972e-01	4.519451e-02	5.649314e-02	2.959330e-01	2.956442e-01	5.078988e-01	1.627405e-01
29410	1.718342e-01	6.029509e-01	3.412406e-02	4.265508e-02	2.234438e-01	1.179009e-01	3.765590e-01	6.994501e-01
6175	6.712251e-01	2.264771e-01	3.963804e-02	4.954755e-02	2.595493e-01	2.536964e-01	7.460276e-01	6.181584e-01
19259	8.295487e-01	8.080318e-01	5.850073e-02	7.312592e-02	3.830619e-01	3.768830e-01	6.350191e-01	7.860462e-01
2944	5.630552e-01	4.167355e-01	3.829874e-02	4.787342e-02	2.507795e-01	1.816286e-01	6.188120e-01	4.172191e-01
12285	9.002272e-01	7.642683e-01	5.070509e-02	6.338137e-02	3.320162e-01	3.012719e-01	2.535988e-01	5.472920e-01
28990	6.348767e-01	5.519345e-01	5.524517e-02	6.905647e-02	3.617445e-01	9.939544e-02	2.483326e-01	4.254709e-01
25951	4.921980e-01	7.619161e-01	4.392772e-02	5.490965e-02	2.876380e-01	2.834593e-01	9.892266e-01	9.463232e-01
9410	2.028323e-01	4.414784e-01	3.105193e-02	3.881491e-02	2.033276e-01	1.856301e-01	3.181495e-01	8.552143e-01
19815	7.092275e-02	8.613977e-01	2.427490e-02	3.034363e-02	1.589517e-01	1.093310e-01	5.372413e-01	8.532783e-01
13902	4.782892e-01	1.543218e-01	5.009395e-02	6.261744e-02	3.280144e-01	1.645725e-01	8.533648e-01	9.618241e-02
8001	4.295210e-02	1.086830e-01	3.945020e-02	4.931275e-02	2.583193e-01	2.499036e-01	6.033898e-01	2.648089e-01
23089	3.271788e-01	6.061447e-01	5.697508e-02	7.121885e-02	3.730719e-01	3.606674e-01	5.746788e-02	6.101883e-01
6571	5.641066e-01	6.892313e-01	2.652467e-02	3.315584e-02	1.736831e-01	1.629749e-01	5.596686e-01	6.809210e-01
23003	5.316821e-01	3.026974e-01	4.140306e-02	5.175382e-02	2.711066e-01	1.573970e-01	3.900914e-01	6.993203e-01
16706	7.464980e-01	5.354330e-01	2.164506e-02	2.705632e-02	1.417315e-01	1.325292e-01	6.581617e-01	3.127141e-01
7751	3.369158e-01	4.398583e-01	5.771933e-02	7.214917e-02	3.779453e-01	3.681460e-01	8.746822e-01	2.184947e-01
30613	2.131607e-01	5.519357e-02	2.823653e-02	3.529566e-02	1.848924e-01	5.652056e-02	1.974141e-01	1.829832e-01
1681	1.596039e-01	5.107439e-01	3.499815e-02	4.374769e-02	2.291674e-01	1.368512e-01	8.911711e-02	8.218189e-01
31373	5.963744e-01	1.742973e-01	6.588312e-02	8.235390e-02	4.314017e-01	4.109277e-01	4.341774e-01	4.132385e-01
22221	8.521970e-01	5.793830e-01	6.422109e-02	8.027636e-02	4.205187e-01	3.555506e-01	5.934706e-02	4.317856e-01
22479	7.509186e-01	2.640391e-01	2.503632e-02	3.129540e-02	1.639374e-01	1.383685e-01	3.550834e-01	7.691514e-01
6763	3.651533e-01	7.581363e-01	3.881514e-02	4.851893e-02	2.541609e-01	2.227209e-01	4.882254e-01	2.210824e-01
15339	1.062717e-01	6.072029e-01	2.884228e-02	3.605285e-02	1.888588e-01	5.743025e-02	1.948888e-01	7.780320e-01
3012	9.361126e-01	6.581200e-01	4.477508e-02	5.596886e-02	2.931866e-01	9.816372e-02	7.635659e-01	1.097565e-01
29071	1.361240e-01	6.791678e-01	2.175900e-02	2.719875e-02	1.424776e-01	8.206937e-02	1.747394e-01	1.510201e-01
32588	6.892572e-01	4.152644e-01	2.525146e-02	3.156432e-02	1.653462e-01	8.256093e-02	1.777045e-01	6.152197e-01
28576	4.172787e-01	2.794815e-01	6.046301e-02	7.557876e-02	3.959108e-01	1.971839e-01	1.520092e-01	4.631171e-01
16814	8.139851e-01	9.904093e-02	5.176799e-02	6.470999e-02	3.389760e-01	1.383624e-01	7.577913e-01	6.266637e-02
31677	9.379380e-01	5.320702e-01	3.753912e-02	4.692390e-02	2.458056e-01	2.184036e-01	6.965795e-01	4.864730e-01
14188	1.842084e-01	3.371672e-01	2.415083e-02	3.018854e-02	1.581393e-01	8.446255e-02	5.936906e-01	4.881234e-01
29087	6.021929e-01	3.447557e-01	2.641664e-02	3.302079e-02	1.729757e-01	1.648696e-01	8.910905e-01	7.245605e-01
31850	8.441975e-01	4.586630e-01	2.460362e-02	3.075452e-02	1.611041e-01	1.513093e-01	9.832804e-01	4.523561e-01
2079	7.529676e-01	7.090427e-02	2.420240e-02	3.025300e-02	1.584769e-01	1.525412e-01	9.014270e-01	7.980942e-01
30375	7.923463e-01	6.380518e-01	2.178141e-02	2.722677e-02	1.426244e-01	9.542083e-02	6.718290e-01	6.129774e-02
26739	7.909709e-01	9.473762e-01	3.142694e-02	3.928368e-02	2.057831e-01	1.546147e-01	6.304363e-01	3.716460e-01
12214	7.961802e-01	4.230160e-01	7.387984e-02	9.234980e-02	4.837641e-01	3.624744e-01	6.449919e-01	6.896610e-01
11574	3.139403e-01	2.428039e-01	3.674874e-02	4.593592e-02	2.406302e-01	1.925075e-01	3.970628e-01	3.622870e-01
32491	6.190878e-01	7.334858e-01	3.055609e-02	3.819511e-02	2.000808e-01	1.616979e-01	9.495737e-01	2.546960e-01
17874	2.554413e-01	1.542474e-01	2.736618e-02	3.420773e-02	1.791933e-01	8.784636e-02	1.890828e-01	3.180322e-01
5050	3.280680e-01	2.943072e-01	2.326344e-02	2.907930e-02	1.523286e-01	4.207506e-02	4.229181e-01	5.300686e-01
11579	8.804308e-01	8.078147e-01	2.947392e-02	3.684240e-02	1.929948e-01	1.399876e-01	4.220091e-01	8.792776e-01
9567	4.370069e-01	8.886178e-01	3.742683e-02	4.678353e-02	2.450703e-01	2.095099e-01	3.530008e-01	9.821209e-01
10637	2.816890e-01	9.115148e-02	2.454297e-02	3.067871e-02	1.607070e-01	1.593571e-01	4.051159e-01	4.166489e-01
11874	5.755753e-01	2.539897e-01	3.533027e-02	4.416284e-02	2.313420e-01	1.754798e-01	1.105509e-01	8.565224e-02
11825	4.771884e-01	2.479628e-01	3.222578e-02	4.028223e-02	2.110139e-01	1.582138e-01	9.009467e-01	8.347311e-01
20028	8.547918e-02	1.113994e-01	2.061534e-02	2.576917e-02	1.349889e-01	1.249566e-01	2.973394e-01	2.396863e-01
9515	6.746836e-01	1.487421e-01	3.533855e-02	4.417319e-02	2.313963e-01	2.293265e-01	1.204225e-02	3.913553e-01
24909	4.459868e-01	8.040323e-01	3.350184e-02	4.187730e-02	2.193695e-01	2.016098e-01	7.512912e-01	5.811808e-01
24123	5.499731e-01	8.815004e-01	2.679066e-02	3.348833e-02	1.754248e-01	8.414562e-02	6.251906e-01	8.842914e-01
20223	1.606538e-01	1.429903e-01	2.321022e-02	2.901277e-02	1.519801e-01	1.355330e-01	8.571195e-01	1.946843e-01
5568	1.002916e-01	4.321288e-01	5.891314e-02	7.364143e-02	3.857624e-01	3.857615e-01	9.433597e-01	5.856504e-01
21156	8.895653e-01	5.298709e-01	2.614380e-02	3.267975e-02	1.711892e-01	1.538711e-01	7.769728e-01	1.377918e-01
11768	4.864158e-01	3.417236e-01	2.363238e-02	2.954048e-02	1.547445e-01	4.997763e-02	2.537833e-01	7.041415e-02
27028	8.235815e-01	7.138137e-01	2.069758e-02	2.587197e-02	1.355274e-01	1.002079e-01	3.331799e-01	8.056416e-02
4383	7.577347e-01	1.332233e-01	5.501562e-02	6.876952e-02	3.602414e-01	3.416386e-01	3.092384e-01	9.285595e-01
1900	7.579561e-01	3.307254e-02	2.147601e-02	2.684501e-02	1.406246e-01	1.061881e-01	7.687066e-01	6.739986e-01
18608	9.171775e-01	9.618399e-01	2.661541e-02	3.326926e-02	1.742773e-01	6.337006e-02	7.779235e-01	8.888193e-02
25352	8.440626e-01	8.984377e-01	4.899118e-02	6.123897e-02	3.207935e-01	2.069363e-01	4.199113e-01	5.992083e-01
21363	5.179483e-01	4.971615e-01	6.918690e-02	8.648363e-02	4.530348e-01	3.033416e-01	1.585571e-01	4.893591e-03
