22971	7.724997e-01	6.982871e-01	3.140699e-02	3.925874e-02	2.056525e-01	2.048939e-01	8.109925e-01	4.740732e-01
24886	8.319511e-02	6.042508e-01	4.580227e-02	5.725284e-02	2.999126e-01	7.945281e-02	4.401855e-01	4.368338e-01
2094	8.551141e-01	2.547858e-01	4.488046e-02	5.610057e-02	2.938765e-01	2.157437e-01	4.850371e-01	6.677811e-01
16263	5.029761e-01	1.872495e-01	3.281526e-02	4.101907e-02	2.148738e-01	2.145770e-01	4.279224e-01	9.779942e-01
4165	4.601578e-01	6.268701e-01	6.184132e-02	7.730166e-02	4.049360e-01	3.982089e-01	9.899660e-01	7.166963e-01
19373	2.476185e-01	6.329759e-01	2.675575e-02	3.344469e-02	1.751963e-01	4.753344e-02	6.215529e-01	8.289324e-01
1259	3.760097e-01	1.156047e-01	2.281613e-02	2.852016e-02	1.493997e-01	7.285527e-02	5.795626e-01	2.929910e-01
31688	1.325400e-01	3.779648e-01	5.354183e-02	6.692729e-02	3.505911e-01	3.253964e-01	8.186006e-01	8.870833e-01
3542	7.966044e-01	9.025401e-01	6.077549e-02	7.596936e-02	3.979569e-01	2.595858e-01	4.801142e-01	7.060108e-01
7449	6.418666e-01	5.190785e-01	3.289264e-02	4.111580e-02	2.153805e-01	2.109514e-01	1.656679e-01	1.466512e-01
3731	5.314958e-01	4.328716e-01	6.127030e-02	7.658787e-02	4.011970e-01	2.238978e-01	1.845373e-01	2.788750e-01
21685	3.156615e-01	7.778776e-01	3.460917e-02	4.326146e-02	2.266203e-01	1.086383e-01	5.710578e-01	7.489646e-01
11038	5.091797e-01	9.051233e-01	2.059406e-02	2.574257e-02	1.348496e-01	1.327753e-01	3.543821e-01	4.228967e-01
21181	6.651198e-01	8.025430e-01	6.155236e-02	7.694045e-02	4.030439e-01	3.893403e-01	4.818168e-01	1.460825e-01
7774	2.033779e-01	4.094251e-02	3.479536e-02	4.349420e-02	2.278395e-01	2.101522e-01	1.472821e-01	7.155449e-01
22208	1.612804e-01	9.143898e-01	2.943080e-02	3.678850e-02	1.927124e-01	1.383619e-01	9.311898e-01	6.107406e-01
16784	3.554776e-01	6.771605e-01	4.534333e-02	5.667917e-02	2.969074e-01	8.236367e-02	7.808851e-01	9.632898e-01
498	6.999196e-01	5.611673e-01	4.228399e-02	5.285499e-02	2.768749e-01	2.758745e-01	8.258322e-01	7.772384e-01
19690	5.619906e-01	6.475743e-01	4.306189e-02	5.382736e-02	2.819686e-01	1.311294e-01	3.166402e-01	5.144163e-01
12963	3.484517e-01	7.643116e-01	3.430937e-02	4.288671e-02	2.246572e-01	8.304461e-02	3.340451e-02	4.081340e-01
20119	4.061154e-01	8.839344e-02	3.266993e-02	4.083741e-02	2.139222e-01	5.923003e-02	3.368753e-01	8.641354e-01
5114	5.824928e-01	7.309369e-01	3.243067e-02	4.053833e-02	2.123555e-01	5.773272e-02	6.990929e-01	8.467734e-01
19536	7.369479e-02	4.008643e-01	4.481035e-02	5.601294e-02	2.934175e-01	1.442037e-01	6.388222e-01	6.362693e-01
10324	7.721011e-01	1.326777e-01	6.611695e-02	8.264619e-02	4.329328e-01	4.285840e-01	2.872695e-01	2.361189e-01
20642	8.564199e-01	5.956441e-01	2.654430e-02	3.318037e-02	1.738117e-01	1.521832e-01	5.716890e-01	6.783578e-01
2763	4.880348e-01	4.531096e-01	2.144543e-02	2.680679e-02	1.404243e-01	1.294361e-01	1.665485e-01	7.767082e-01
17459	5.674063e-01	3.598698e-01	4.395301e-02	5.494126e-02	2.878036e-01	1.039110e-01	7.046864e-01	8.180560e-01
9193	9.000019e-01	8.885021e-01	3.215843e-02	4.019803e-02	2.105729e-01	1.334345e-01	5.041821e-01	3.054342e-01
17693	9.308165e-01	8.627215e-01	3.918845e-02	4.898556e-02	2.566054e-01	8.986995e-02	4.321538e-01	5.322429e-01
29870	7.889046e-01	5.668373e-01	3.864462e-02	4.830577e-02	2.530443e-01	1.984619e-01	3.971078e-01	7.461107e-01
5173	9.518267e-01	8.589513e-02	2.943584e-02	3.679480e-02	1.927454e-01	1.486295e-01	7.733560e-01	9.821943e-01
18439	6.633585e-01	4.824941e-01	2.097550e-02	2.621937e-02	1.373472e-01	1.287182e-01	1.691849e-01	2.192937e-01
4406	4.190612e-01	7.897835e-02	2.327840e-02	2.909800e-02	1.524266e-01	1.016146e-01	4.374476e-01	2.263150e-01
28083	8.242786e-01	7.932457e-01	6.617006e-02	8.271257e-02	4.332805e-01	2.447083e-01	4.076565e-01	1.465257e-01
11848	9.637231e-01	7.918935e-01	3.077466e-02	3.846832e-02	2.015120e-01	1.965865e-01	1.674625e-01	3.916303e-02
23042	3.959812e-02	1.665745e-01	2.700546e-02	3.375682e-02	1.768313e-01	1.743273e-01	2.137087e-01	8.385859e-01
25458	2.122094e-01	7.710632e-01	2.827591e-02	3.534489e-02	1.851502e-01	5.329885e-02	7.769151e-01	6.117345e-01
30161	3.680546e-01	7.036006e-01	2.510437e-02	3.138046e-02	1.643830e-01	1.206409e-01	4.528414e-02	2.459362e-01
13042	3.584809e-01	3.612971e-01	2.931500e-02	3.664376e-02	1.919542e-01	1.832239e-01	2.005069e-01	5.557541e-01
21981	7.419662e-01	7.416419e-01	2.551019e-02	3.188774e-02	1.670404e-01	1.106816e-01	9.332149e-02	1.074173e-01
19605	8.330905e-01	5.262015e-01	2.369723e-02	2.962154e-02	1.551691e-01	1.476484e-01	4.677285e-01	8.202609e-01
6806	4.295097e-01	1.783493e-01	2.517531e-02	3.146914e-02	1.648476e-01	1.122378e-01	2.542358e-01	7.745818e-01
11290	4.368120e-01	7.474444e-01	2.303619e-02	2.879524e-02	1.508406e-01	1.396028e-01	1.959521e-01	8.849749e-02
17389	3.380108e-01	1.085588e-01	6.007943e-02	7.509929e-02	3.933992e-01	1.034725e-01	5.670568e-01	9.987072e-01
27516	6.794658e-01	9.211814e-01	5.304096e-02	6.630120e-02	3.473114e-01	2.876661e-01	1.457474e-01	9.799360e-01
1157	7.096123e-01	2.253866e-01	2.425758e-02	3.032198e-02	1.588383e-01	1.358875e-01	3.018747e-01	8.470385e-01
13425	9.699777e-01	6.389188e-01	2.245791e-02	2.807239e-02	1.470541e-01	5.416055e-02	1.404692e-01	2.032131e-01
19983	2.882185e-01	5.584732e-01	2.455039e-02	3.068799e-02	1.607556e-01	1.559156e-01	5.858235e-01	5.128277e-01
22714	1.221480e-01	6.219959e-02	4.720466e-02	5.900582e-02	3.090954e-01	2.369268e-01	3.814649e-01	3.230441e-01
18626	6.584782e-01	3.809267e-01	2.236983e-02	2.796229e-02	1.464773e-01	1.419555e-01	9.954458e-01	4.697521e-01
30818	1.376350e-01	7.131909e-01	4.654997e-02	5.818746e-02	3.048085e-01	2.919238e-01	9.362124e-01	9.735842e-01
5721	7.284741e-01	4.628005e-01	4.991714e-02	6.239643e-02	3.268567e-01	1.902099e-01	9.074516e-01	5.308327e-01
5482	5.741887e-01	1.165427e-01	4.319176e-02	5.398970e-02	2.828190e-01	1.916052e-01	4.788304e-01	5.875678e-02
18887	8.710853e-01	5.159257e-01	3.845583e-02	4.806979e-02	2.518082e-01	1.385606e-01	2.921355e-01	1.943772e-01
30956	8.231620e-01	3.334468e-01	2.586979e-02	3.233724e-02	1.693950e-01	1.675230e-01	9.163798e-01	4.662598e-01
5506	9.828615e-02	5.155186e-01	6.012013e-02	7.515016e-02	3.936657e-01	3.333919e-01	6.244094e-01	6.153475e-01
20109	4.918379e-01	3.696399e-01	5.120281e-02	6.400352e-02	3.352752e-01	2.389711e-01	1.544579e-01	1.512491e-02
21941	5.011131e-01	9.442787e-01	2.277731e-02	2.847163e-02	1.491454e-01	9.834968e-02	1.608419e-01	6.353962e-01
24029	2.565307e-01	2.789560e-01	3.390326e-02	4.237908e-02	2.219980e-01	2.106919e-01	4.763273e-01	3.648931e-01
5981	8.389323e-02	8.993940e-01	2.447472e-02	3.059340e-02	1.602601e-01	5.792061e-02	3.055528e-01	8.976018e-01
15213	3.091892e-01	2.021963e-01	6.235494e-02	7.794367e-02	4.082991e-01	4.065300e-01	9.109985e-01	7.743899e-02
13006	5.982840e-01	3.886225e-01	2.277955e-02	2.847444e-02	1.491601e-01	9.448785e-02	3.025759e-01	5.790807e-01
3211	6.936410e-01	1.292417e-01	2.093988e-02	2.617485e-02	1.371140e-01	1.326767e-01	1.842929e-01	7.980147e-01
22013	3.296755e-01	4.667759e-01	7.744610e-02	9.680763e-02	5.071159e-01	4.379327e-01	1.494909e-01	5.920616e-01
22390	5.251152e-01	3.300924e-01	2.958639e-02	3.698299e-02	1.937312e-01	1.937017e-01	3.210083e-01	7.685343e-01
17241	7.434220e-01	4.922548e-01	2.503709e-02	3.129637e-02	1.639425e-01	6.185734e-02	8.433412e-01	4.099481e-01
9341	2.492854e-01	8.403111e-01	2.490330e-02	3.112913e-02	1.630664e-01	7.128664e-02	6.351596e-01	8.468324e-01
16664	9.612209e-01	1.397486e-01	2.226175e-02	2.782719e-02	1.457696e-01	1.399514e-01	4.858498e-02	9.107579e-01
27127	6.283740e-01	9.264512e-01	2.326357e-02	2.907947e-02	1.523295e-01	1.046820e-01	9.004334e-01	2.648630e-01
10342	5.134040e-01	9.655540e-02	2.229240e-02	2.786550e-02	1.459703e-01	1.457574e-01	8.437633e-01	7.226085e-01
21422	9.100368e-01	9.684797e-01	2.833012e-02	3.541265e-02	1.855052e-01	5.750874e-02	6.340574e-01	6.687623e-02
