25674	5.594318e-01	9.478188e-01	3.576471e-02	4.470589e-02	2.341868e-01	2.291997e-01	7.267244e-01	3.006543e-01
15688	6.165321e-01	8.478731e-01	2.099135e-02	2.623919e-02	1.374510e-01	1.302956e-01	8.396336e-01	1.533248e-01
22008	8.496914e-01	6.842619e-01	2.172926e-02	2.716157e-02	1.422828e-01	1.304092e-01	8.252871e-01	1.036161e-01
23026	2.541471e-01	4.212293e-01	5.897908e-02	7.372385e-02	3.861941e-01	2.994862e-01	6.871976e-01	4.173155e-01
17462	3.010221e-01	2.885342e-01	4.777122e-02	5.971402e-02	3.128052e-01	2.344141e-01	4.083484e-01	1.881474e-01
28817	6.962905e-01	6.703450e-01	2.210899e-02	2.763623e-02	1.447693e-01	1.447107e-01	4.020846e-01	9.705772e-01
9763	9.339824e-01	6.127443e-01	4.333595e-02	5.416994e-02	2.837631e-01	1.336292e-01	7.942629e-01	6.579433e-01
7446	1.887273e-01	3.120625e-01	3.488723e-02	4.360904e-02	2.284411e-01	1.062479e-01	6.055514e-02	2.474827e-01
9165	5.197897e-01	6.289296e-02	2.142332e-02	2.677915e-02	1.402796e-01	1.190957e-01	5.975554e-01	3.128465e-01
24948	4.109431e-01	8.950556e-01	4.796650e-02	5.995813e-02	3.140839e-01	1.953257e-01	9.097521e-01	1.679023e-01
9251	5.436567e-01	5.685758e-01	2.550683e-02	3.188354e-02	1.670183e-01	9.835906e-02	7.721036e-02	7.049274e-02
19776	5.396094e-01	7.805108e-01	3.418611e-02	4.273264e-02	2.238501e-01	1.974830e-01	2.005387e-01	3.791519e-01
9347	3.617939e-01	7.009406e-01	6.720606e-02	8.400757e-02	4.400642e-01	1.189815e-01	9.128533e-01	4.011865e-01
5741	1.384486e-01	6.189464e-01	2.119084e-02	2.648854e-02	1.387573e-01	1.387295e-01	2.328472e-01	8.291349e-01
28950	7.031863e-01	5.170341e-01	2.600290e-02	3.250362e-02	1.702666e-01	9.957290e-02	2.126740e-01	1.748608e-01
8727	9.212032e-01	9.426713e-01	5.402080e-02	6.752600e-02	3.537274e-01	2.084835e-01	3.177318e-01	8.620995e-01
2309	7.241965e-01	1.916793e-01	2.558121e-02	3.197651e-02	1.675054e-01	8.085328e-02	9.060163e-02	7.923157e-02
8771	2.354544e-01	1.502696e-01	7.460937e-02	9.326171e-02	4.885410e-01	4.762568e-01	5.536719e-01	8.972523e-01
15189	2.276384e-01	6.566571e-02	5.372515e-02	6.715644e-02	3.517914e-01	1.968202e-01	1.930372e-01	4.800679e-02
13910	3.448659e-01	2.200356e-01	2.343703e-02	2.929629e-02	1.534653e-01	1.534646e-01	4.472270e-01	8.537888e-02
17388	2.120556e-01	5.468759e-01	2.482852e-02	3.103565e-02	1.625768e-01	5.348065e-02	2.949002e-01	1.683575e-01
25262	9.114529e-01	7.880321e-01	5.566410e-02	6.958012e-02	3.644877e-01	2.186472e-01	7.208430e-01	1.004236e-01
28250	1.529774e-01	8.914252e-01	2.690077e-02	3.362596e-02	1.761458e-01	7.123161e-02	3.150241e-01	1.541333e-01
32667	5.705269e-01	7.569541e-01	2.255354e-02	2.819193e-02	1.476802e-01	1.006051e-01	6.451151e-01	8.650127e-01
29569	2.530673e-01	3.329268e-01	2.829155e-02	3.536443e-02	1.852526e-01	5.846727e-02	2.062559e-01	5.639173e-01
23822	1.990963e-01	7.400337e-01	2.510374e-02	3.137967e-02	1.643789e-01	1.359512e-01	2.100880e-01	2.111266e-01
6215	8.669364e-01	5.665685e-01	2.247151e-02	2.808938e-02	1.471431e-01	1.460881e-01	6.386752e-01	8.241164e-01
30655	8.076947e-01	2.116742e-01	5.720764e-02	7.150956e-02	3.745948e-01	1.241875e-01	7.028981e-01	2.051637e-01
10357	1.576672e-01	4.542101e-01	2.577595e-02	3.221994e-02	1.687805e-01	1.604196e-01	2.516042e-01	6.749979e-01
6407	4.310778e-01	7.564361e-01	2.446865e-02	3.058581e-02	1.602203e-01	5.848944e-02	7.440899e-02	1.602882e-02
11888	2.106358e-01	4.672836e-01	3.171484e-02	3.964355e-02	2.076683e-01	9.984603e-02	8.816455e-01	8.702540e-01
15960	7.401736e-01	7.272382e-01	2.375729e-02	2.969661e-02	1.555623e-01	1.059128e-01	9.949725e-01	1.885136e-01
9247	4.073600e-01	6.069004e-01	5.267940e-02	6.584925e-02	3.449439e-01	3.201528e-01	2.215113e-01	6.857678e-01
18235	9.233673e-01	4.684183e-01	3.582105e-02	4.477631e-02	2.345557e-01	1.739302e-01	9.913570e-02	5.378106e-01
16837	3.015293e-01	4.122705e-01	2.693085e-02	3.366357e-02	1.763428e-01	1.650484e-01	5.309370e-02	3.526892e-01
16901	9.314889e-01	8.620558e-01	2.868191e-02	3.585239e-02	1.878087e-01	1.584600e-01	7.245002e-01	5.368848e-01
16197	4.933971e-01	3.088096e-01	6.861220e-02	8.576525e-02	4.492716e-01	3.862288e-01	6.757594e-01	1.093063e-01
11013	6.419072e-01	8.784866e-01	2.936385e-02	3.670481e-02	1.922740e-01	1.897203e-01	6.960775e-01	2.749066e-01
10065	5.604485e-01	6.249398e-01	2.526394e-02	3.157992e-02	1.654279e-01	1.296629e-01	1.346082e-01	2.543309e-02
15860	2.239838e-01	6.953891e-01	3.373414e-02	4.216768e-02	2.208906e-01	2.105189e-01	9.428109e-01	9.918621e-02
8015	3.260732e-01	4.627075e-01	2.213272e-02	2.766590e-02	1.449247e-01	8.670293e-02	5.646141e-01	9.881521e-01
6036	8.608606e-01	8.389467e-01	3.369484e-02	4.211855e-02	2.206333e-01	1.212324e-01	8.850365e-01	1.395806e-01
16314	7.717782e-01	9.351193e-01	2.299289e-02	2.874111e-02	1.505571e-01	8.658320e-02	9.699651e-01	9.793776e-01
19392	1.184085e-01	8.008268e-01	5.882259e-02	7.352823e-02	3.851694e-01	3.772134e-01	2.914541e-01	2.454430e-01
10677	8.054897e-01	5.569112e-01	2.441947e-02	3.052433e-02	1.598983e-01	7.782696e-02	9.465888e-01	8.392491e-01
26662	8.867303e-01	7.026061e-01	3.708368e-02	4.635460e-02	2.428234e-01	2.045249e-01	2.643990e-01	2.846176e-01
3925	7.238172e-01	7.357882e-02	5.114790e-02	6.393487e-02	3.349156e-01	1.263725e-01	7.949160e-02	3.044698e-01
11290	5.757028e-02	8.700706e-01	3.537712e-02	4.422140e-02	2.316488e-01	9.020215e-02	4.705113e-01	9.417407e-01
32413	4.762320e-01	7.469403e-01	3.467480e-02	4.334349e-02	2.270500e-01	7.461874e-02	2.382122e-01	4.702310e-01
10432	4.073231e-01	7.214492e-01	3.097431e-02	3.871789e-02	2.028193e-01	1.451475e-01	8.461047e-01	5.485585e-01
1688	5.135204e-02	3.485420e-01	4.135396e-02	5.169245e-02	2.707851e-01	2.696190e-01	6.338497e-02	7.250111e-01
11354	6.969797e-01	8.359964e-01	6.067717e-02	7.584647e-02	3.973132e-01	3.967883e-01	6.623146e-01	8.811969e-01
30285	7.749465e-01	4.770556e-01	4.681544e-02	5.851930e-02	3.065468e-01	3.057832e-01	6.457499e-01	2.355739e-01
30273	1.737444e-01	6.675261e-01	5.602349e-02	7.002936e-02	3.668409e-01	1.009856e-01	3.426443e-01	5.097587e-01
27311	5.455261e-01	1.888269e-01	2.093188e-02	2.616486e-02	1.370617e-01	5.548591e-02	7.001262e-02	2.808303e-01
5744	8.808456e-01	5.074033e-01	3.073923e-02	3.842404e-02	2.012800e-01	1.976872e-01	6.551656e-01	7.697559e-01
15877	9.562791e-01	1.309264e-01	3.029793e-02	3.787241e-02	1.983904e-01	1.384668e-01	9.792766e-01	1.930005e-01
17984	1.324906e-01	5.755155e-01	4.243818e-02	5.304773e-02	2.778846e-01	2.492934e-01	8.445131e-01	3.341661e-02
23739	8.451532e-02	8.735330e-01	2.159430e-02	2.699288e-02	1.413991e-01	1.111845e-01	6.373100e-01	1.030931e-02
5956	2.167475e-01	3.748305e-01	2.900803e-02	3.626004e-02	1.899441e-01	1.719354e-01	4.978458e-01	7.446648e-01
13331	4.128024e-01	5.419629e-01	3.540058e-02	4.425073e-02	2.318025e-01	1.583663e-01	4.998332e-01	7.264119e-01
10179	1.086257e-01	6.210449e-01	2.705396e-02	3.381745e-02	1.771489e-01	1.241912e-01	7.590743e-01	4.708034e-01
6767	7.283542e-01	9.111487e-01	4.040266e-02	5.050333e-02	2.645560e-01	2.623831e-01	9.484323e-01	6.867337e-01
16321	4.691995e-01	4.512578e-01	5.533950e-02	6.917437e-02	3.623622e-01	2.980605e-01	4.212382e-01	3.497662e-01
30383	8.442143e-01	6.395756e-01	2.298989e-02	2.873737e-02	1.505375e-01	1.497747e-01	7.313163e-01	4.431977e-01
18820	1.015875e-01	7.274939e-01	2.372600e-02	2.965751e-02	1.553575e-01	1.292196e-01	7.091702e-01	9.828433e-01
10456	8.914145e-01	1.023582e-01	2.252059e-02	2.815074e-02	1.474645e-01	6.026735e-02	6.729551e-01	6.313581e-01
19305	4.483289e-01	5.460731e-01	2.307957e-02	2.884947e-02	1.511247e-01	6.165826e-02	3.582089e-02	7.472079e-01
4873	3.059566e-01	1.790061e-01	5.221120e-02	6.526400e-02	3.418781e-01	3.376721e-01	5.129150e-01	7.180879e-01
32119	1.499922e-01	5.138624e-01	3.187897e-02	3.984871e-02	2.087430e-01	7.326094e-02	3.096205e-01	5.891979e-01
30010	8.372314e-01	3.552295e-01	5.974706e-02	7.468383e-02	3.912228e-01	3.844948e-01	5.481951e-01	6.178403e-01
25001	4.558251e-01	8.279875e-01	2.198768e-02	2.748461e-02	1.439750e-01	1.435648e-01	1.939339e-01	4.613602e-01
25165	3.510962e-01	3.382865e-01	2.773948e-02	3.467435e-02	1.816377e-01	1.778522e-01	1.350095e-01	3.543684e-01
10316	9.637875e-01	7.791199e-01	2.759275e-02	3.449094e-02	1.806769e-01	1.741444e-01	9.873597e-01	7.402014e-01
