5023	6.952429e-01	5.499305e-01	2.605479e-02	3.256849e-02	1.706064e-01	1.214531e-01	7.962292e-01	7.848994e-01
14333	7.569515e-01	3.605230e-01	5.791730e-02	7.239663e-02	3.792416e-01	2.429313e-01	4.839816e-01	3.036158e-01
20780	7.731505e-01	8.110399e-02	3.450251e-02	4.312813e-02	2.259219e-01	1.457114e-01	8.884189e-01	2.530994e-01
18381	4.177010e-01	5.489906e-01	3.653627e-02	4.567033e-02	2.392389e-01	1.366022e-01	5.275520e-01	1.764654e-01
22437	2.986432e-01	1.294391e-01	3.815815e-02	4.769768e-02	2.498589e-01	6.576830e-02	9.301985e-01	8.271872e-01
1132	5.802864e-01	6.455992e-01	5.495429e-02	6.869286e-02	3.598398e-01	3.208597e-01	9.828057e-01	5.434307e-01
13478	4.898716e-01	8.380871e-01	4.536065e-02	5.670082e-02	2.970209e-01	2.062045e-01	9.145709e-01	7.696837e-01
2776	3.990998e-01	2.196826e-01	2.401719e-02	3.002149e-02	1.572642e-01	1.570749e-01	9.656265e-02	3.080772e-02
30683	4.986383e-01	6.743372e-01	2.081449e-02	2.601811e-02	1.362930e-01	1.311462e-01	3.108523e-01	1.500039e-01
7818	3.154032e-01	6.830802e-01	6.083532e-02	7.604415e-02	3.983487e-01	2.432805e-01	2.308955e-01	4.034493e-01
1869	1.933909e-01	7.057641e-01	4.100675e-02	5.125843e-02	2.685115e-01	2.684463e-01	3.363023e-01	9.365481e-01
23832	1.509143e-01	4.700565e-01	2.933072e-02	3.666341e-02	1.920571e-01	1.305408e-01	3.881224e-02	4.598788e-01
12568	8.198903e-02	7.182582e-02	2.121726e-02	2.652158e-02	1.389303e-01	7.938805e-02	9.885947e-01	4.647742e-01
1250	2.518154e-01	9.310404e-01	5.103259e-02	6.379074e-02	3.341606e-01	2.083182e-01	4.489087e-01	9.911731e-01
29103	8.548310e-01	1.081909e-01	2.404322e-02	3.005403e-02	1.574347e-01	1.497074e-01	7.981022e-01	7.864233e-01
23058	8.609885e-01	3.961341e-01	2.819456e-02	3.524320e-02	1.846176e-01	9.430787e-02	5.334652e-01	5.856082e-01
10901	8.357956e-01	7.619550e-01	5.345881e-02	6.682351e-02	3.500475e-01	3.232218e-01	1.285568e-01	2.424258e-01
27012	2.254184e-01	2.699213e-01	5.887516e-02	7.359395e-02	3.855137e-01	3.130603e-01	6.819529e-01	9.193127e-01
15291	3.118709e-02	1.302061e-01	2.863498e-02	3.579373e-02	1.875014e-01	1.785136e-01	8.876076e-01	7.100784e-01
2761	9.411130e-01	6.835883e-01	2.244059e-02	2.805074e-02	1.469407e-01	1.118008e-01	2.824042e-02	9.192402e-01
20250	2.082598e-01	6.107166e-01	2.108318e-02	2.635398e-02	1.380524e-01	9.228679e-02	1.057486e-01	8.292910e-01
5478	2.277663e-01	1.026755e-01	3.551381e-02	4.439226e-02	2.325439e-01	1.257544e-01	8.019502e-01	3.869818e-01
24810	3.711584e-01	4.981743e-01	3.954936e-02	4.943670e-02	2.589686e-01	1.021403e-01	9.222113e-01	3.483592e-02
6310	3.546946e-01	9.291592e-01	3.567891e-02	4.459863e-02	2.336249e-01	1.367770e-01	5.292831e-01	6.396001e-01
18433	7.178942e-01	3.529726e-01	5.970113e-02	7.462641e-02	3.909220e-01	1.963941e-01	4.868537e-01	7.229968e-01
16115	7.160124e-01	9.244564e-01	4.345563e-02	5.431954e-02	2.845468e-01	8.749884e-02	1.386120e-01	1.111592e-01
3131	7.285806e-01	8.612522e-01	2.882786e-02	3.603482e-02	1.887644e-01	1.005911e-01	2.652780e-01	7.247197e-01
30793	7.493303e-01	4.930879e-01	2.214120e-02	2.767650e-02	1.449802e-01	1.039637e-01	2.326511e-01	7.311907e-01
25554	1.342033e-01	1.612174e-01	2.557096e-02	3.196370e-02	1.674383e-01	8.378691e-02	9.308637e-01	1.237168e-01
11108	2.633625e-01	6.579923e-01	2.330717e-02	2.913397e-02	1.526150e-01	1.034014e-01	8.660327e-01	2.678031e-01
19329	1.913752e-01	4.156410e-01	3.321923e-02	4.152404e-02	2.175190e-01	1.962938e-01	7.193446e-01	2.833420e-01
19233	8.220469e-01	8.516623e-01	2.082503e-02	2.603129e-02	1.363620e-01	9.657072e-02	7.256182e-01	9.022894e-01
17828	7.381980e-01	4.448679e-01	3.722556e-02	4.653195e-02	2.437524e-01	2.195677e-01	9.191391e-01	4.133432e-01
1357	8.310732e-02	7.636489e-01	2.786752e-02	3.483440e-02	1.824761e-01	1.475130e-01	4.285441e-01	6.401049e-01
12556	2.337281e-01	8.622833e-01	4.541015e-02	5.676269e-02	2.973450e-01	2.371286e-01	2.424839e-01	8.646064e-01
13249	6.836870e-02	6.802656e-01	2.221647e-02	2.777059e-02	1.454731e-01	6.014444e-02	8.912398e-01	9.695558e-01
7450	4.950166e-01	2.532119e-01	2.213107e-02	2.766384e-02	1.449139e-01	1.131951e-01	2.355409e-01	4.119651e-01
21500	6.540856e-01	6.680533e-01	2.136405e-02	2.670506e-02	1.398915e-01	1.391588e-01	2.402130e-01	5.633149e-01
10972	3.862924e-01	6.429132e-01	3.446003e-02	4.307504e-02	2.256437e-01	1.937416e-01	8.647445e-01	5.886887e-01
20853	8.910719e-01	7.237711e-01	6.634550e-02	8.293188e-02	4.344293e-01	1.657882e-01	3.478936e-01	4.619967e-01
20449	6.721938e-01	4.652040e-01	2.055240e-02	2.569051e-02	1.345768e-01	1.062584e-01	9.878174e-01	1.410243e-01
21617	6.710849e-01	2.801906e-01	6.676416e-02	8.345520e-02	4.371707e-01	4.343512e-01	2.019702e-01	8.527420e-01
30509	3.897232e-01	8.393055e-01	2.817481e-02	3.521851e-02	1.844882e-01	6.982922e-02	5.038283e-01	8.432991e-01
3721	4.717146e-01	5.275222e-01	4.020287e-02	5.025358e-02	2.632477e-01	1.993316e-01	8.091385e-01	5.409579e-01
18636	6.604090e-02	2.054340e-01	2.294654e-02	2.868318e-02	1.502536e-01	5.064366e-02	5.925553e-01	1.258238e-01
20992	4.540832e-02	6.139744e-02	2.140913e-02	2.676141e-02	1.401867e-01	9.381917e-02	5.418134e-01	4.846061e-01
9662	1.646224e-01	9.372992e-01	5.419215e-02	6.774019e-02	3.548493e-01	1.909261e-01	7.550508e-01	1.311587e-01
18800	7.749923e-01	2.573168e-01	2.538469e-02	3.173086e-02	1.662186e-01	8.872847e-02	1.745624e-01	3.640819e-01
16452	5.702971e-01	5.668283e-01	7.369225e-02	9.211531e-02	4.825357e-01	2.111874e-01	7.363271e-01	1.051790e-01
26950	2.662339e-01	3.562741e-01	2.551069e-02	3.188836e-02	1.670436e-01	1.590977e-01	6.864058e-01	5.764808e-01
607	8.838752e-01	8.726421e-01	5.835029e-02	7.293786e-02	3.820768e-01	1.336573e-01	3.325044e-01	6.427863e-01
17034	4.691867e-01	3.259762e-01	2.540054e-02	3.175067e-02	1.663223e-01	9.263687e-02	2.881440e-01	8.304035e-01
12900	5.362679e-01	3.083099e-01	7.863142e-02	9.828927e-02	5.148773e-01	3.385007e-01	6.724921e-02	8.270873e-01
139	3.480967e-01	8.442300e-01	7.028873e-02	8.786092e-02	4.602495e-01	4.260063e-01	3.103810e-02	7.478154e-01
6783	1.975020e-01	4.756042e-01	3.587568e-02	4.484459e-02	2.349134e-01	1.435540e-01	7.969901e-01	3.202123e-01
12408	3.822735e-01	3.954559e-01	2.936639e-02	3.670799e-02	1.922907e-01	1.553402e-01	8.468334e-01	1.001385e-01
15116	8.410007e-01	1.604809e-01	4.739346e-02	5.924182e-02	3.103316e-01	1.782696e-01	5.650301e-01	4.049840e-01
5676	5.203164e-01	4.167857e-01	2.448362e-02	3.060452e-02	1.603183e-01	1.410843e-01	7.626382e-01	9.132064e-01
2751	9.645613e-01	8.925800e-01	2.096464e-02	2.620580e-02	1.372762e-01	9.045417e-02	9.410112e-01	9.863245e-01
13589	4.528990e-01	2.806402e-01	2.376670e-02	2.970838e-02	1.556240e-01	1.003070e-01	7.725131e-01	3.934016e-01
22849	4.421297e-01	3.530835e-01	4.485189e-02	5.606486e-02	2.936895e-01	2.421604e-01	1.191805e-01	4.902598e-01
6128	6.897999e-01	3.713324e-01	2.142274e-02	2.677843e-02	1.402758e-01	4.500581e-02	8.938567e-01	9.343950e-02
8364	9.175211e-01	9.415754e-01	4.620041e-02	5.775051e-02	3.025195e-01	1.985498e-01	8.630387e-01	2.649991e-01
21894	4.342169e-01	7.848203e-01	2.076223e-02	2.595279e-02	1.359508e-01	1.120372e-01	2.615496e-01	1.633412e-01
3345	8.175103e-02	9.070046e-01	2.576518e-02	3.220648e-02	1.687100e-01	1.295472e-01	6.355266e-01	9.872074e-01
6901	9.647953e-01	4.898661e-01	2.361876e-02	2.952345e-02	1.546553e-01	5.777078e-02	4.462084e-01	7.853127e-01
21222	2.075912e-01	1.395308e-01	2.532970e-02	3.166212e-02	1.658585e-01	1.478155e-01	3.840825e-01	9.972539e-02
13547	3.309033e-01	5.596613e-01	5.107054e-02	6.383818e-02	3.344091e-01	3.280645e-01	3.669247e-01	4.628517e-01
3851	4.800176e-01	7.393443e-02	2.058954e-02	2.573692e-02	1.348200e-01	1.321003e-01	9.135789e-01	9.792597e-01
7570	7.590700e-01	6.400104e-01	3.258748e-02	4.073435e-02	2.133823e-01	1.345404e-01	1.080357e-01	9.814979e-01
9005	9.422369e-01	5.289654e-01	2.568036e-02	3.210044e-02	1.681546e-01	6.553376e-02	5.549536e-01	6.577238e-01
28770	2.791459e-01	2.771755e-01	2.321907e-02	2.902384e-02	1.520381e-01	1.064716e-01	6.506202e-02	2.878747e-01
32213	7.225975e-02	3.872159e-01	2.291062e-02	2.863828e-02	1.500184e-01	8.975839e-02	1.450182e-01	6.044065e-01
17853	9.200409e-01	3.862066e-01	2.851632e-02	3.564540e-02	1.867244e-01	1.400875e-01	5.135666e-01	9.013704e-01
13797	5.769415e-01	8.614211e-01	2.149125e-02	2.686406e-02	1.407244e-01	1.155512e-01	1.142171e-01	8.033512e-01
