3351	2.846831e-01	8.202194e-01	4.644456e-02	5.805569e-02	3.041182e-01	2.910318e-01	8.606944e-01	1.489108e-01
23536	2.736539e-01	2.202311e-01	5.462862e-02	6.828577e-02	3.577073e-01	3.342087e-01	6.392282e-01	2.000939e-01
31111	9.083680e-01	4.660741e-01	2.735792e-02	3.419739e-02	1.791392e-01	1.629565e-01	4.727330e-01	1.742988e-01
12633	5.034785e-01	4.660185e-01	4.791784e-02	5.989730e-02	3.137652e-01	2.560823e-01	4.312886e-01	8.743899e-01
26127	2.221884e-01	1.607940e-01	5.560203e-02	6.950253e-02	3.640812e-01	3.473105e-01	2.435849e-01	7.418193e-01
22236	5.601264e-01	9.264941e-02	4.368388e-02	5.460485e-02	2.860413e-01	2.177376e-01	1.519591e-01	5.876657e-01
28069	3.638681e-01	5.807159e-01	3.584517e-02	4.480646e-02	2.347136e-01	1.756477e-01	9.669841e-01	9.601007e-01
23322	9.172532e-01	1.449622e-01	2.746761e-02	3.433452e-02	1.798575e-01	1.367460e-01	8.370829e-01	2.287247e-01
15321	3.788334e-01	6.811034e-02	3.537211e-02	4.421514e-02	2.316161e-01	1.812203e-01	5.919671e-01	9.439834e-02
1700	1.210560e-01	1.363013e-01	2.839310e-02	3.549138e-02	1.859176e-01	1.770225e-01	7.345041e-01	8.844609e-01
1581	8.992827e-01	8.275937e-01	6.293828e-02	7.867285e-02	4.121189e-01	3.356939e-01	8.745060e-02	1.965279e-01
27643	4.489149e-01	6.036380e-01	5.511891e-02	6.889863e-02	3.609178e-01	3.418221e-01	9.013186e-01	9.804445e-01
23002	4.624066e-01	7.503244e-01	2.192734e-02	2.740917e-02	1.435799e-01	6.470632e-02	5.272649e-01	5.318069e-01
21808	2.597576e-01	6.050622e-01	5.042695e-02	6.303369e-02	3.301949e-01	3.212304e-01	7.439375e-01	2.557755e-01
17342	3.269403e-01	9.500299e-01	3.957915e-02	4.947393e-02	2.591636e-01	1.974737e-01	2.793849e-01	6.354414e-01
17371	3.072531e-01	6.495246e-01	2.256822e-02	2.821028e-02	1.477764e-01	1.384015e-01	8.367272e-02	8.146169e-01
11353	1.446639e-01	9.327258e-01	2.508020e-02	3.135025e-02	1.642247e-01	1.636830e-01	8.484891e-01	4.662542e-01
11493	9.438612e-01	7.121775e-01	2.953102e-02	3.691377e-02	1.933687e-01	1.920563e-01	5.438199e-01	6.692439e-01
10986	2.799440e-01	2.880118e-01	3.040807e-02	3.801009e-02	1.991116e-01	1.985880e-01	2.213810e-03	7.089163e-02
21718	1.291394e-01	2.413082e-01	6.184165e-02	7.730207e-02	4.049382e-01	3.706714e-01	9.587604e-01	1.133973e-01
27177	1.106993e-01	7.461844e-01	5.601391e-02	7.001739e-02	3.667782e-01	1.786374e-01	5.015772e-01	3.784670e-01
16850	6.145309e-01	2.526653e-01	3.180496e-02	3.975620e-02	2.082584e-01	1.447466e-01	7.878242e-01	2.039231e-01
14218	8.244572e-01	5.452539e-01	7.446675e-02	9.308344e-02	4.876071e-01	3.856861e-01	1.542576e-01	8.743068e-01
5722	3.359522e-01	7.344826e-01	3.687977e-02	4.609972e-02	2.414882e-01	2.413292e-01	8.702412e-01	5.589701e-01
29419	5.359048e-01	4.338131e-01	2.693309e-02	3.366637e-02	1.763575e-01	1.178579e-01	4.881907e-01	6.124365e-01
25016	7.728329e-01	2.858286e-01	4.018023e-02	5.022529e-02	2.630995e-01	2.561550e-01	2.512871e-01	5.602198e-01
23108	6.447340e-01	6.013642e-02	2.075787e-02	2.594734e-02	1.359222e-01	1.081455e-01	5.805898e-01	9.677006e-02
24924	5.967945e-01	3.289637e-01	2.548435e-02	3.185544e-02	1.668711e-01	8.357165e-02	5.266438e-01	8.483372e-01
4264	3.387641e-01	4.998326e-01	6.048104e-02	7.560130e-02	3.960289e-01	3.885720e-01	8.705367e-01	5.706699e-01
18045	4.007661e-01	7.029365e-01	6.279469e-02	7.849336e-02	4.111786e-01	3.806433e-01	3.113983e-01	1.440916e-01
4837	4.489651e-02	5.311626e-01	2.563194e-02	3.203992e-02	1.678375e-01	1.675528e-01	9.250757e-01	6.873280e-01
23107	4.960513e-01	2.585547e-01	4.122807e-02	5.153509e-02	2.699608e-01	1.200647e-01	4.879307e-01	8.976309e-01
3775	4.403661e-01	8.758956e-01	2.409139e-02	3.011424e-02	1.577500e-01	1.560482e-01	4.244844e-02	7.263016e-01
31368	6.748685e-01	2.701668e-01	4.491076e-02	5.613845e-02	2.940749e-01	2.900228e-01	3.105887e-01	3.721947e-01
1466	1.253385e-01	8.438276e-01	3.620438e-02	4.525547e-02	2.370657e-01	7.916035e-02	1.358519e-01	2.435217e-01
16877	6.121236e-02	2.533502e-01	2.306302e-02	2.882878e-02	1.510163e-01	1.351487e-01	6.532582e-01	2.572648e-01
1489	5.696349e-01	5.155902e-01	3.085304e-02	3.856630e-02	2.020252e-01	1.251429e-01	7.548828e-01	3.313028e-01
21865	8.927003e-01	9.153936e-01	3.326899e-02	4.158623e-02	2.178448e-01	2.048299e-01	4.182163e-01	1.280536e-01
18036	6.515626e-01	6.382263e-01	4.272302e-02	5.340377e-02	2.797497e-01	1.448997e-01	2.687025e-02	4.859684e-01
5120	9.495728e-01	1.024246e-01	4.293687e-02	5.367109e-02	2.811500e-01	2.343412e-01	4.818744e-01	4.037986e-02
12902	6.297233e-01	9.143883e-01	3.459037e-02	4.323796e-02	2.264972e-01	1.931032e-01	2.069252e-02	7.029119e-01
28234	8.340903e-01	2.564007e-01	3.365614e-02	4.207017e-02	2.203799e-01	1.037458e-01	8.760823e-01	3.877909e-01
27690	8.349194e-01	4.224729e-01	2.054405e-02	2.568006e-02	1.345221e-01	1.309424e-01	3.105373e-01	7.700491e-01
6510	4.367173e-01	7.733246e-01	2.422671e-02	3.028338e-02	1.586361e-01	1.512231e-01	3.618150e-01	5.574821e-01
7939	3.147797e-01	8.819383e-01	2.716436e-02	3.395545e-02	1.778718e-01	1.754129e-01	4.417689e-01	9.906292e-01
26306	8.094423e-01	3.429902e-01	3.679510e-02	4.599387e-02	2.409337e-01	2.134392e-01	8.438715e-01	1.848005e-01
9863	5.598477e-01	8.464232e-01	2.103511e-02	2.629389e-02	1.377376e-01	4.370110e-02	1.577454e-01	5.771709e-01
19549	8.472916e-01	4.813001e-01	2.295896e-02	2.869870e-02	1.503349e-01	6.800772e-02	5.519227e-01	2.137747e-02
2536	9.600777e-02	4.246787e-01	2.383171e-02	2.978964e-02	1.560497e-01	1.538251e-01	2.577630e-01	7.831898e-01
4203	9.231112e-02	1.211182e-01	2.740989e-02	3.426236e-02	1.794795e-01	9.268069e-02	9.501567e-01	5.056492e-01
32273	1.544003e-01	7.794395e-01	2.225468e-02	2.781835e-02	1.457233e-01	6.876634e-02	4.741388e-01	9.292407e-01
7517	4.125741e-01	1.106679e-01	4.923503e-02	6.154379e-02	3.223902e-01	1.922933e-01	5.687882e-01	5.871270e-01
11334	4.124072e-02	8.182719e-01	4.294961e-02	5.368701e-02	2.812334e-01	1.595487e-01	4.565132e-01	4.390708e-01
25437	4.758502e-01	3.369298e-01	3.140761e-02	3.925951e-02	2.056565e-01	1.754308e-01	4.438590e-02	4.380606e-01
20178	4.114165e-01	5.239009e-01	3.909336e-02	4.886670e-02	2.559827e-01	1.406766e-01	1.496272e-01	4.235300e-01
14849	4.999677e-01	5.506254e-01	3.775369e-02	4.719211e-02	2.472106e-01	7.411557e-02	9.398558e-01	1.551614e-01
29616	5.514358e-01	2.753536e-01	2.406974e-02	3.008717e-02	1.576083e-01	1.427133e-01	5.203192e-01	8.788080e-01
17433	9.675310e-01	5.347955e-01	2.134594e-02	2.668243e-02	1.397729e-01	5.432211e-02	8.551280e-01	4.608629e-01
5173	6.380434e-02	6.015158e-01	2.394162e-02	2.992702e-02	1.567693e-01	1.384794e-01	5.738381e-01	2.439261e-01
1831	4.013384e-02	5.795111e-01	3.300379e-02	4.125474e-02	2.161083e-01	2.160808e-01	5.999113e-01	9.136252e-01
32284	4.701114e-01	8.023247e-01	2.220448e-02	2.775560e-02	1.453946e-01	4.432780e-02	2.227753e-01	3.886043e-01
25467	6.121620e-01	7.120297e-01	2.674385e-02	3.342981e-02	1.751183e-01	7.756477e-02	4.912035e-01	5.206141e-01
32401	1.881863e-01	7.143724e-02	2.275889e-02	2.844861e-02	1.490249e-01	1.112936e-01	3.958844e-01	4.318688e-02
29685	8.775244e-01	4.890177e-01	3.191626e-02	3.989532e-02	2.089872e-01	2.017087e-01	3.946517e-01	4.927321e-02
28310	5.415460e-01	9.176541e-01	6.201277e-02	7.751596e-02	4.060587e-01	3.789362e-01	5.221894e-01	6.168564e-01
16464	5.484505e-01	7.629609e-01	3.827395e-02	4.784244e-02	2.506173e-01	1.388786e-01	8.592872e-01	4.578194e-01
27568	8.624756e-01	9.426425e-01	3.276156e-02	4.095195e-02	2.145222e-01	1.607486e-01	9.124137e-03	8.108648e-01
30025	1.317242e-01	3.181272e-01	4.788203e-02	5.985254e-02	3.135308e-01	2.505571e-01	5.326823e-01	7.075696e-01
22167	7.221380e-01	4.377635e-01	3.893008e-02	4.866260e-02	2.549136e-01	2.225194e-01	2.302940e-01	4.889266e-01
24910	3.886196e-01	7.785509e-01	4.113676e-02	5.142095e-02	2.693629e-01	2.103569e-01	2.248202e-01	2.003463e-03
18982	6.547878e-01	4.529955e-01	2.879869e-02	3.599836e-02	1.885734e-01	9.880989e-02	7.456327e-01	1.752893e-02
28269	1.834548e-01	7.911321e-01	2.094818e-02	2.618522e-02	1.371683e-01	7.567262e-02	5.215035e-01	7.349520e-01
19833	8.310393e-01	6.552566e-01	2.882218e-02	3.602772e-02	1.887272e-01	8.039015e-02	1.001183e-01	7.141461e-01
25369	9.481849e-01	4.901314e-01	3.123580e-02	3.904475e-02	2.045315e-01	1.981515e-01	7.798311e-01	2.022195e-01
31585	9.528192e-01	1.415923e-01	2.234525e-02	2.793156e-02	1.463163e-01	1.175357e-01	9.965980e-01	7.481516e-01
11192	8.716129e-01	6.026157e-01	2.396454e-02	2.995567e-02	1.569194e-01	1.568934e-01	3.955461e-01	8.688604e-01
27745	8.302509e-01	7.220222e-01	4.030969e-02	5.038711e-02	2.639472e-01	1.844579e-01	5.544896e-01	3.420885e-01
14248	7.258090e-01	8.107282e-01	2.770795e-02	3.463494e-02	1.814312e-01	9.209708e-02	4.770536e-01	7.209474e-01
