8257	9.410502e-02	2.190971e-01	2.881033e-02	3.601292e-02	1.886496e-01	1.327974e-01	7.825908e-01	7.867158e-01
1474	3.890356e-01	8.328310e-01	2.890235e-02	3.612794e-02	1.892522e-01	1.694752e-01	6.300216e-01	8.525834e-01
2088	6.027780e-01	2.074031e-01	4.064360e-02	5.080450e-02	2.661336e-01	2.633529e-01	5.690570e-01	7.923910e-01
4391	3.273586e-01	1.309165e-01	5.537498e-02	6.921872e-02	3.625945e-01	3.596854e-01	4.072430e-01	7.773762e-02
10086	3.120070e-01	2.532684e-01	5.098235e-02	6.372794e-02	3.338317e-01	3.058963e-01	4.611889e-01	6.395598e-01
14220	2.669632e-01	3.982676e-01	2.973705e-02	3.717132e-02	1.947178e-01	1.510331e-01	3.739817e-01	3.215274e-01
11270	9.350516e-01	7.103037e-01	4.145517e-02	5.181896e-02	2.714478e-01	2.498855e-01	8.387132e-01	9.683420e-01
32348	3.914366e-01	1.891871e-01	5.000930e-02	6.251163e-02	3.274601e-01	1.533835e-01	3.519175e-01	2.380266e-01
3195	5.622913e-01	4.564918e-01	3.610145e-02	4.512681e-02	2.363917e-01	2.327476e-01	4.191889e-01	6.905535e-01
16454	5.071418e-01	7.100819e-01	5.427566e-02	6.784458e-02	3.553962e-01	3.267647e-01	3.142089e-01	3.961211e-01
25288	7.415415e-01	5.570746e-01	3.571465e-02	4.464331e-02	2.338590e-01	1.256757e-01	9.433468e-01	7.807297e-06
394	5.217560e-01	4.268321e-01	2.299259e-02	2.874074e-02	1.505551e-01	1.272734e-01	4.248099e-01	9.345791e-01
8267	2.784188e-01	3.124998e-01	7.515856e-02	9.394820e-02	4.921371e-01	1.454476e-01	4.998998e-01	3.728121e-01
12585	5.973666e-01	6.607128e-01	4.888079e-02	6.110098e-02	3.200706e-01	3.141766e-01	2.197364e-01	5.753239e-01
32458	7.204169e-01	3.872366e-01	2.739197e-02	3.423996e-02	1.793622e-01	6.543878e-02	5.074567e-01	3.611530e-01
5138	8.481369e-01	8.046810e-01	4.075114e-02	5.093892e-02	2.668378e-01	1.893810e-01	4.839037e-01	5.353788e-01
6380	7.756431e-01	4.481347e-01	2.573601e-02	3.217001e-02	1.685190e-01	1.581394e-01	5.047166e-01	2.506433e-01
10063	4.211834e-01	9.298261e-01	5.848000e-02	7.310000e-02	3.829261e-01	1.279886e-01	6.677748e-01	8.171300e-01
19227	6.197616e-01	6.043466e-01	2.281640e-02	2.852050e-02	1.494014e-01	1.244824e-01	8.624509e-01	6.445894e-01
5236	6.809431e-02	6.840429e-01	3.401983e-02	4.252478e-02	2.227613e-01	2.218662e-01	6.078797e-01	2.019318e-01
26834	8.758589e-01	3.821013e-01	5.287702e-02	6.609628e-02	3.462379e-01	1.717321e-01	3.332242e-01	7.140967e-01
23898	9.680844e-01	9.632419e-01	2.644754e-02	3.305943e-02	1.731781e-01	1.420880e-01	2.253884e-02	7.410706e-01
22502	5.423333e-01	2.953429e-01	3.795868e-02	4.744835e-02	2.485528e-01	1.176022e-01	8.104213e-01	7.115429e-01
27635	1.705786e-01	2.569171e-01	6.969024e-02	8.711281e-02	4.563306e-01	4.300351e-01	5.653485e-01	5.508217e-01
24372	9.598091e-01	7.507581e-01	2.911102e-02	3.638878e-02	1.906185e-01	1.609388e-01	8.220824e-01	8.846536e-01
4518	8.500491e-01	8.781003e-01	3.105679e-02	3.882099e-02	2.033594e-01	2.033486e-01	9.768951e-01	3.328051e-01
9092	5.505875e-01	8.951970e-02	6.607032e-02	8.258790e-02	4.326274e-01	2.613082e-01	5.128377e-01	6.000593e-01
7301	2.284716e-01	3.388201e-01	2.172060e-02	2.715075e-02	1.422261e-01	1.324905e-01	7.558269e-01	5.585095e-01
22809	7.612523e-01	1.420855e-01	3.256182e-02	4.070227e-02	2.132143e-01	1.619120e-01	3.049842e-01	2.948823e-01
11020	1.435295e-01	5.069062e-01	4.675148e-02	5.843935e-02	3.061280e-01	1.300139e-01	8.174850e-01	3.013741e-02
18650	3.263796e-01	4.418669e-01	2.117153e-02	2.646442e-02	1.386309e-01	1.300131e-01	2.348463e-01	6.936442e-02
24263	5.825002e-01	9.182132e-01	3.003600e-02	3.754500e-02	1.966752e-01	1.033113e-01	1.206853e-01	4.316453e-01
26868	5.603552e-01	6.128202e-01	3.430394e-02	4.287993e-02	2.246217e-01	2.199952e-01	6.448803e-02	9.716124e-01
30903	3.773683e-01	8.777808e-01	2.120685e-02	2.650856e-02	1.388621e-01	4.944944e-02	7.735775e-01	6.980190e-01
9936	6.492630e-01	3.010703e-01	2.592514e-02	3.240643e-02	1.697574e-01	1.055736e-01	5.865281e-01	3.550277e-01
19625	2.503031e-01	4.403560e-01	3.750997e-02	4.688746e-02	2.456147e-01	1.522263e-01	1.754519e-01	7.640723e-01
13553	6.151688e-01	5.539719e-01	3.757924e-02	4.697405e-02	2.460683e-01	2.423752e-01	7.805491e-01	4.453255e-01
2587	6.900809e-01	7.467460e-01	2.186679e-02	2.733348e-02	1.431834e-01	6.982887e-02	8.190632e-01	5.120988e-01
24740	4.858860e-01	6.581522e-01	2.174257e-02	2.717821e-02	1.423700e-01	5.753734e-02	2.736193e-02	5.487609e-01
15128	8.335087e-02	7.357067e-01	2.587221e-02	3.234027e-02	1.694109e-01	1.446134e-01	4.496355e-01	6.707874e-01
22158	6.821918e-02	1.425360e-01	4.562527e-02	5.703159e-02	2.987536e-01	1.604828e-01	5.461906e-01	2.266025e-01
8954	4.241955e-01	5.742816e-01	4.367417e-02	5.459271e-02	2.859778e-01	7.766131e-02	5.564600e-01	2.135639e-01
11583	6.790553e-01	6.960706e-01	4.197368e-02	5.246710e-02	2.748430e-01	2.054549e-01	8.188663e-02	5.282887e-01
28500	3.328660e-01	5.120201e-01	3.011020e-02	3.763774e-02	1.971611e-01	9.545614e-02	4.396179e-01	4.231953e-01
25322	8.134232e-01	6.775998e-01	3.661702e-02	4.577128e-02	2.397677e-01	2.102543e-01	1.862455e-01	2.535701e-01
15057	3.854288e-01	6.511954e-02	2.294794e-02	2.868492e-02	1.502627e-01	1.454677e-01	4.186475e-01	6.756554e-01
6135	7.733922e-01	3.153028e-01	7.826035e-02	9.782544e-02	5.124476e-01	2.519121e-01	8.001014e-02	5.972561e-01
688	5.403278e-02	8.828461e-01	4.150052e-02	5.187564e-02	2.717447e-01	1.566249e-01	5.011114e-01	3.878945e-01
20885	3.729936e-01	5.346688e-01	2.323089e-02	2.903862e-02	1.521155e-01	8.375869e-02	6.233630e-01	4.837793e-01
22144	2.144367e-01	2.953426e-01	2.235700e-02	2.794624e-02	1.463933e-01	1.140571e-01	4.003652e-01	2.008888e-01
8520	7.297379e-01	1.850485e-01	2.706266e-02	3.382832e-02	1.772059e-01	9.354139e-02	4.966328e-02	6.348950e-01
358	5.491885e-01	2.462841e-01	4.211882e-02	5.264852e-02	2.757934e-01	2.638188e-01	1.103227e-01	5.421909e-01
457	2.210319e-01	1.049425e-01	2.297912e-02	2.872390e-02	1.504669e-01	6.585456e-02	3.286287e-02	3.019900e-01
31497	2.889548e-01	8.268008e-01	2.693444e-02	3.366805e-02	1.763663e-01	1.074665e-01	2.273995e-01	6.674052e-01
23375	4.016475e-01	7.282554e-01	2.425026e-02	3.031283e-02	1.587904e-01	1.444183e-01	7.935313e-01	8.104496e-01
32726	3.137256e-01	3.360417e-01	7.137138e-02	8.921422e-02	4.673387e-01	1.454933e-01	6.531529e-01	2.197132e-01
15627	7.553726e-01	7.528282e-01	2.869144e-02	3.586430e-02	1.878711e-01	7.509202e-02	3.734806e-01	4.848124e-01
22414	5.408359e-01	5.339954e-01	3.036085e-02	3.795106e-02	1.988024e-01	1.894566e-01	2.998266e-01	3.170643e-01
31125	6.202279e-01	4.378614e-01	2.112485e-02	2.640607e-02	1.383252e-01	1.382887e-01	3.759419e-01	7.429113e-01
614	4.793953e-01	8.769776e-01	2.355694e-02	2.944617e-02	1.542504e-01	5.799540e-02	5.600363e-01	2.243723e-01
29962	2.808936e-01	5.182687e-01	3.384089e-02	4.230111e-02	2.215896e-01	1.318316e-01	7.013295e-01	4.705707e-02
19787	8.993242e-01	5.622094e-01	5.645292e-02	7.056615e-02	3.696529e-01	2.888203e-01	8.265917e-01	2.940948e-01
4106	8.220668e-01	3.929332e-01	4.901849e-02	6.127311e-02	3.209723e-01	1.849929e-01	6.950967e-01	6.532255e-01
8750	3.627770e-01	6.741178e-01	3.490087e-02	4.362608e-02	2.285303e-01	2.011477e-01	5.818649e-01	8.724998e-01
29999	1.965203e-01	6.632650e-01	2.555449e-02	3.194311e-02	1.673304e-01	1.652032e-01	7.260143e-01	9.402671e-01
5985	3.151538e-01	7.095553e-01	3.240354e-02	4.050443e-02	2.121779e-01	1.939217e-01	9.225486e-01	1.392705e-01
30656	9.050357e-01	4.848418e-01	2.386556e-02	2.983196e-02	1.562713e-01	1.555705e-01	6.465493e-01	9.793929e-01
29107	1.802079e-01	6.171063e-01	3.169725e-02	3.962156e-02	2.075531e-01	2.016513e-01	4.219220e-01	9.594630e-01
32002	7.712776e-01	8.910431e-01	4.210990e-02	5.263737e-02	2.757350e-01	2.683263e-01	1.273695e-01	5.185515e-01
18668	6.960309e-01	2.041558e-01	4.068851e-02	5.086063e-02	2.664277e-01	2.541872e-01	7.024184e-01	9.714178e-01
14713	6.040653e-01	2.911705e-01	3.252358e-02	4.065448e-02	2.129639e-01	1.014491e-01	7.272010e-01	8.586525e-01
29761	1.701224e-01	7.436972e-02	2.800427e-02	3.500534e-02	1.833715e-01	1.825015e-01	3.003266e-03	8.333560e-01
3683	9.407027e-01	3.228853e-01	2.200442e-02	2.750553e-02	1.440846e-01	6.115892e-02	9.623866e-01	4.963882e-01
10315	9.662143e-01	4.630182e-01	2.117125e-02	2.646406e-02	1.386290e-01	5.772643e-02	5.298394e-01	7.265514e-01
6717	9.177499e-01	9.111729e-01	3.257809e-02	4.072261e-02	2.133208e-01	9.914965e-02	8.505832e-01	3.706377e-01
