3713	8.390785e-01	3.012905e-01	6.150535e-02	7.688169e-02	4.027361e-01	3.266323e-01	4.228006e-01	5.649964e-01
11572	1.158914e-01	4.322535e-01	2.441724e-02	3.052156e-02	1.598837e-01	7.023695e-02	1.416792e-01	9.174224e-01
14307	7.699020e-01	6.592933e-01	5.583417e-02	6.979272e-02	3.656013e-01	3.542500e-01	1.179057e-01	6.968303e-01
18092	4.799183e-01	2.441141e-01	2.688445e-02	3.360557e-02	1.760390e-01	5.894101e-02	8.793277e-01	5.971686e-01
18906	7.300111e-01	8.111957e-01	2.915135e-02	3.643919e-02	1.908826e-01	1.725052e-01	2.674731e-01	9.247499e-01
14928	1.504723e-01	4.098624e-01	3.520677e-02	4.400847e-02	2.305334e-01	1.096452e-01	2.439434e-01	3.156062e-02
21674	5.767780e-01	1.709020e-01	2.691795e-02	3.364744e-02	1.762583e-01	1.409996e-01	4.463856e-01	2.603670e-01
31289	2.922551e-01	9.433033e-01	4.298473e-02	5.373092e-02	2.814634e-01	1.931625e-01	2.193590e-02	8.145402e-01
23974	7.302760e-01	5.213069e-01	3.532167e-02	4.415208e-02	2.312857e-01	2.249661e-01	8.787924e-01	5.740041e-02
29836	9.138733e-01	1.809701e-01	2.297035e-02	2.871294e-02	1.504095e-01	4.486172e-02	7.822185e-01	3.085578e-01
31254	6.736471e-01	3.054037e-01	2.555536e-02	3.194420e-02	1.673361e-01	1.165825e-01	4.959943e-01	8.038711e-01
12541	6.963981e-01	5.560944e-01	4.083513e-02	5.104391e-02	2.673878e-01	1.112287e-01	9.793209e-01	2.304316e-01
13064	4.324667e-01	8.428915e-01	3.757068e-02	4.696336e-02	2.460123e-01	7.501449e-02	3.665396e-01	9.119846e-01
21533	7.136612e-01	6.049279e-01	4.081705e-02	5.102131e-02	2.672694e-01	2.355335e-01	4.432945e-01	7.258699e-02
32548	9.037753e-02	7.711353e-01	6.114388e-02	7.642985e-02	4.003692e-01	1.539340e-01	1.543680e-01	7.644635e-01
18818	6.765179e-01	4.885698e-01	2.472800e-02	3.091000e-02	1.619185e-01	1.595910e-01	6.497271e-01	5.396755e-01
307	1.415604e-01	3.302659e-01	7.593433e-02	9.491791e-02	4.972168e-01	1.326647e-01	6.809774e-01	6.746455e-01
25639	5.802121e-01	4.615727e-01	2.728017e-02	3.410021e-02	1.786301e-01	6.512461e-02	6.720358e-01	9.315587e-01
21023	7.838778e-01	7.357058e-01	2.308402e-02	2.885502e-02	1.511538e-01	1.508785e-01	4.205791e-01	8.274780e-01
31054	5.994257e-01	7.915928e-01	6.004646e-02	7.505808e-02	3.931833e-01	2.274883e-01	7.253334e-01	6.821566e-01
17373	5.251284e-01	5.972159e-01	3.068965e-02	3.836206e-02	2.009553e-01	7.626094e-02	7.342178e-01	6.768164e-01
27693	6.288702e-01	5.512804e-01	2.641863e-02	3.302329e-02	1.729888e-01	1.282549e-01	5.269075e-01	7.729349e-01
6659	7.953643e-01	3.697823e-01	5.101390e-02	6.376737e-02	3.340382e-01	1.684442e-01	4.646462e-01	5.992240e-01
29114	1.687606e-01	8.860194e-01	2.805023e-02	3.506279e-02	1.836725e-01	1.825986e-01	2.692056e-01	7.634226e-01
3284	6.687896e-01	8.763391e-01	6.898916e-02	8.623645e-02	4.517399e-01	4.038389e-01	2.388241e-01	5.502973e-01
961	3.983087e-01	3.932844e-01	5.863080e-02	7.328849e-02	3.839135e-01	2.591068e-01	8.111741e-01	8.638932e-01
26010	4.382504e-01	5.201605e-01	5.226353e-02	6.532941e-02	3.422208e-01	1.324012e-01	6.798380e-01	1.651050e-01
13602	8.985919e-02	2.510487e-01	3.899185e-02	4.873981e-02	2.553180e-01	1.591885e-01	8.102288e-01	7.600362e-01
25832	1.806405e-01	6.242419e-02	4.454524e-02	5.568155e-02	2.916815e-01	1.120281e-01	5.359704e-01	4.404934e-01
12496	3.286498e-01	3.036118e-01	2.471987e-02	3.089984e-02	1.618653e-01	1.318694e-01	8.420625e-01	3.484410e-01
22722	1.473770e-01	5.230689e-01	2.445596e-02	3.056995e-02	1.601372e-01	1.150098e-01	7.350535e-01	9.116471e-01
22144	1.561196e-01	1.899066e-01	5.497885e-02	6.872356e-02	3.600006e-01	2.081987e-01	8.859215e-01	4.200377e-01
5041	6.427251e-01	2.630606e-01	4.176512e-02	5.220640e-02	2.734773e-01	2.602217e-01	3.066406e-01	2.185946e-02
29606	8.249284e-01	7.152674e-01	3.977282e-02	4.971603e-02	2.604318e-01	2.564098e-01	6.520495e-01	4.026694e-01
6324	8.103944e-02	1.190287e-01	2.685059e-02	3.356324e-02	1.758173e-01	1.387179e-01	4.580451e-01	8.457115e-01
5633	8.669673e-01	7.836167e-01	7.755131e-02	9.693914e-02	5.078048e-01	5.077994e-01	3.996989e-01	5.117754e-02
17318	6.349102e-01	3.899884e-01	5.842539e-02	7.303173e-02	3.825685e-01	2.349557e-01	9.292860e-01	1.113944e-01
7448	7.084110e-01	7.848339e-01	3.015890e-02	3.769862e-02	1.974800e-01	6.909027e-02	2.618820e-01	9.929379e-01
1502	2.388331e-01	8.466831e-01	2.319610e-02	2.899513e-02	1.518877e-01	4.398987e-02	9.696591e-01	8.524946e-01
20782	8.751205e-01	3.771142e-01	5.914965e-02	7.393706e-02	3.873110e-01	2.178493e-01	2.015278e-01	9.432186e-01
6648	5.324267e-02	3.361257e-01	3.475497e-02	4.344371e-02	2.275750e-01	1.659987e-01	6.198612e-01	1.420531e-01
24389	6.412826e-01	9.136913e-01	2.888982e-02	3.611228e-02	1.891701e-01	1.012729e-01	1.981791e-01	7.981548e-01
20010	4.867754e-01	2.751879e-01	2.783595e-02	3.479494e-02	1.822694e-01	1.818814e-01	6.669254e-01	4.670237e-01
26259	5.166080e-01	7.194885e-01	7.127557e-02	8.909446e-02	4.667113e-01	4.365537e-01	4.024672e-01	6.876127e-01
22028	2.599306e-01	6.219432e-01	3.930573e-02	4.913217e-02	2.573733e-01	2.499004e-01	6.760941e-01	2.906600e-01
11815	2.444782e-01	5.330800e-01	2.329545e-02	2.911931e-02	1.525382e-01	4.457771e-02	3.955842e-01	3.102610e-01
9425	6.410016e-01	6.511204e-01	2.225360e-02	2.781701e-02	1.457163e-01	4.648928e-02	3.495928e-01	8.593658e-01
7441	5.842819e-01	6.896050e-01	7.268172e-02	9.085215e-02	4.759188e-01	3.649559e-01	5.183867e-01	7.307909e-01
9940	4.829385e-01	1.806955e-01	6.319010e-02	7.898763e-02	4.137678e-01	3.404062e-01	1.472193e-01	9.222060e-02
24494	6.470446e-01	5.823255e-02	4.279241e-02	5.349052e-02	2.802041e-01	2.519793e-01	7.864978e-01	2.059662e-03
23364	3.785573e-01	6.698382e-01	4.105626e-02	5.132033e-02	2.688358e-01	2.491684e-01	2.737437e-01	3.827915e-01
21793	3.847536e-01	2.125169e-01	2.176406e-02	2.720507e-02	1.425107e-01	1.161191e-01	6.602611e-01	1.937401e-01
24357	6.276521e-01	4.414058e-01	2.872352e-02	3.590440e-02	1.880811e-01	1.668519e-01	7.452332e-01	6.359334e-01
19086	5.738613e-02	6.962766e-01	4.551944e-02	5.689930e-02	2.980606e-01	1.892288e-01	1.559978e-01	7.574219e-01
16219	4.149360e-01	2.311756e-01	3.853843e-02	4.817303e-02	2.523490e-01	2.196660e-01	1.941479e-01	9.355094e-01
6993	9.325899e-01	8.571457e-01	5.695248e-02	7.119059e-02	3.729239e-01	2.143660e-01	2.569434e-01	8.757334e-01
8635	8.764752e-01	9.165534e-01	4.870815e-02	6.088519e-02	3.189402e-01	1.282900e-01	2.852696e-01	8.978561e-02
29461	8.355151e-01	5.398365e-01	2.522864e-02	3.153580e-02	1.651968e-01	8.197479e-02	1.663173e-01	6.758347e-01
21360	9.105095e-01	5.708401e-01	7.365441e-02	9.206801e-02	4.822879e-01	3.727687e-01	4.946654e-01	4.112793e-01
2828	7.067245e-01	4.579873e-01	2.183368e-02	2.729210e-02	1.429666e-01	3.772842e-02	2.169251e-01	9.929688e-01
11697	7.944254e-01	2.223635e-01	2.701175e-02	3.376468e-02	1.768725e-01	1.766343e-01	1.867087e-01	2.099672e-01
30294	2.752907e-01	4.825224e-01	2.999091e-02	3.748864e-02	1.963800e-01	1.210923e-01	8.499008e-01	1.329120e-02
32580	3.750736e-01	5.026606e-01	6.601548e-02	8.251935e-02	4.322684e-01	3.683313e-01	1.786802e-01	9.954968e-02
27487	1.302187e-01	7.870179e-01	2.283311e-02	2.854138e-02	1.495108e-01	4.821249e-02	7.219198e-01	1.080920e-02
27614	7.113978e-01	7.465214e-01	2.471563e-02	3.089454e-02	1.618376e-01	1.556154e-01	6.071790e-01	7.759141e-02
9188	9.592845e-01	5.415431e-01	2.195264e-02	2.744080e-02	1.437455e-01	1.118633e-01	9.967665e-01	2.090161e-01
20960	4.216535e-01	9.271722e-01	2.338072e-02	2.922591e-02	1.530966e-01	1.318225e-01	7.304348e-01	9.070168e-01
5509	7.832006e-01	4.772641e-01	3.148583e-02	3.935728e-02	2.061687e-01	1.249646e-01	3.948950e-01	1.297827e-01
