31540	9.290232e-01	9.498676e-01	3.817450e-02	4.771813e-02	2.499661e-01	2.499631e-01	8.382599e-01	1.989711e-02
6206	8.104455e-01	5.627815e-02	2.334266e-02	2.917833e-02	1.528474e-01	1.337451e-01	7.531744e-02	5.906467e-01
18790	4.473469e-01	6.615294e-01	6.156288e-02	7.695360e-02	4.031128e-01	2.150917e-01	5.607303e-01	6.588490e-01
19765	8.526778e-01	6.062443e-01	3.171451e-02	3.964314e-02	2.076661e-01	1.230939e-01	5.208122e-02	6.067108e-01
27770	8.145968e-01	8.048956e-01	5.096372e-02	6.370465e-02	3.337097e-01	2.726970e-01	9.263308e-02	5.820256e-01
102	6.638771e-02	6.603061e-01	5.779470e-02	7.224338e-02	3.784388e-01	2.345032e-01	7.314013e-01	9.804743e-01
6051	2.096970e-01	8.865526e-01	2.886729e-02	3.608411e-02	1.890226e-01	1.796578e-01	8.766044e-01	1.767934e-01
829	8.037500e-01	2.674303e-01	2.112378e-02	2.640473e-02	1.383182e-01	1.377136e-01	8.829189e-01	7.892588e-01
16369	6.212910e-01	1.881404e-01	3.197003e-02	3.996254e-02	2.093392e-01	6.867838e-02	6.747531e-01	7.031514e-01
5955	6.320442e-01	8.311609e-01	3.629111e-02	4.536389e-02	2.376336e-01	2.364397e-01	8.897947e-01	1.523126e-01
1512	8.740799e-01	4.549111e-01	4.247024e-02	5.308780e-02	2.780944e-01	2.526938e-01	6.703005e-02	8.627471e-01
15383	6.556594e-01	3.377816e-01	3.613939e-02	4.517423e-02	2.366401e-01	2.363154e-01	5.618579e-01	6.754682e-01
20784	6.025434e-02	3.674634e-01	2.887047e-02	3.608809e-02	1.890434e-01	1.491400e-01	8.666549e-01	3.956032e-01
32454	4.759700e-01	2.381306e-01	5.467118e-02	6.833897e-02	3.579860e-01	3.492822e-01	3.344278e-02	7.354851e-01
14669	2.824907e-01	7.173429e-01	2.085555e-02	2.606943e-02	1.365618e-01	4.965829e-02	8.831987e-01	9.676166e-01
24520	5.776843e-01	3.973148e-01	3.309264e-02	4.136581e-02	2.166901e-01	1.112047e-01	2.814609e-01	3.615123e-02
17788	9.120363e-01	8.443146e-01	2.186127e-02	2.732659e-02	1.431472e-01	7.279677e-02	1.064745e-01	6.280916e-01
29099	8.701845e-01	2.897051e-01	4.029632e-02	5.037040e-02	2.638597e-01	2.628077e-01	4.889220e-01	6.256235e-01
191	6.165493e-01	2.572916e-01	2.165213e-02	2.706516e-02	1.417778e-01	1.417665e-01	5.517430e-01	6.372239e-01
10005	7.600579e-01	3.336801e-01	4.333991e-02	5.417489e-02	2.837891e-01	2.826824e-01	4.558250e-01	8.653766e-01
14035	1.236324e-01	4.179737e-01	2.900128e-02	3.625160e-02	1.898999e-01	7.828504e-02	7.668809e-01	3.061211e-01
19719	5.836075e-01	9.839805e-02	2.899557e-02	3.624446e-02	1.898625e-01	1.763116e-01	8.938281e-01	1.620941e-01
3343	6.755488e-01	2.539802e-01	2.896308e-02	3.620385e-02	1.896498e-01	1.582437e-01	4.285686e-01	6.140763e-01
19586	4.691234e-01	1.328043e-01	3.967948e-02	4.959935e-02	2.598206e-01	1.080772e-01	2.284048e-01	3.924613e-01
7256	4.277732e-01	9.840779e-02	3.856735e-02	4.820919e-02	2.525384e-01	2.513303e-01	8.893639e-01	2.411817e-01
25629	5.677087e-01	7.863428e-01	2.379922e-02	2.974903e-02	1.558369e-01	1.530134e-01	1.259423e-01	4.965510e-01
11566	7.847721e-01	8.658073e-01	3.886256e-02	4.857820e-02	2.544714e-01	9.412389e-02	4.594173e-01	1.319628e-02
28425	1.787845e-01	2.191215e-01	2.299286e-02	2.874107e-02	1.505569e-01	4.454811e-02	1.508277e-01	1.541504e-02
22974	9.482260e-01	7.130467e-01	4.477045e-02	5.596306e-02	2.931562e-01	2.823618e-01	2.918510e-01	6.697213e-01
1879	3.670897e-01	3.572548e-01	3.427019e-02	4.283773e-02	2.244006e-01	1.043019e-01	9.413291e-01	2.257691e-01
16205	1.492089e-01	4.955603e-01	2.092562e-02	2.615702e-02	1.370206e-01	9.277151e-02	6.449780e-01	4.315430e-01
31942	4.889860e-01	3.361171e-01	3.799100e-02	4.748875e-02	2.487645e-01	2.487554e-01	8.025894e-01	7.164219e-01
19705	1.594424e-01	8.616709e-01	2.440979e-02	3.051224e-02	1.598349e-01	1.524558e-01	3.193728e-01	4.506684e-01
19749	3.950404e-01	9.470615e-01	3.630346e-02	4.537932e-02	2.377145e-01	1.390421e-01	5.195801e-01	5.078060e-01
28143	6.106383e-01	3.419433e-01	3.162946e-02	3.953683e-02	2.071092e-01	6.547096e-02	1.678112e-01	8.257018e-01
28196	7.555516e-01	2.088094e-01	6.419214e-02	8.024018e-02	4.203291e-01	2.311874e-01	8.881456e-01	2.032877e-02
32445	2.380409e-01	4.768964e-01	3.304144e-02	4.130180e-02	2.163548e-01	1.139542e-01	2.357704e-01	2.635758e-01
13752	3.905717e-01	7.507448e-01	3.432267e-02	4.290334e-02	2.247443e-01	2.192073e-01	7.160813e-01	6.553828e-01
3636	7.021143e-01	5.856999e-01	4.532093e-02	5.665116e-02	2.967607e-01	2.431681e-01	1.201483e-01	2.058185e-01
8043	6.229750e-01	6.633347e-01	6.119998e-02	7.649997e-02	4.007365e-01	2.224398e-01	6.450148e-01	7.524216e-01
29118	7.366925e-01	8.701112e-01	2.693445e-02	3.366806e-02	1.763664e-01	6.569516e-02	8.322697e-03	1.629909e-01
19589	6.330761e-01	4.550391e-01	3.674121e-02	4.592651e-02	2.405809e-01	1.294667e-01	2.140779e-01	8.218443e-01
9329	6.071406e-01	8.948745e-01	3.323635e-02	4.154544e-02	2.176311e-01	1.608901e-01	8.296400e-01	5.891957e-02
3180	8.752037e-01	1.717494e-01	3.983785e-02	4.979731e-02	2.608576e-01	2.446080e-01	8.684969e-01	8.148110e-01
466	9.208086e-01	4.251584e-01	3.099852e-02	3.874815e-02	2.029778e-01	1.855235e-01	3.529541e-01	6.024034e-01
30609	4.280929e-02	1.867450e-01	2.745534e-02	3.431917e-02	1.797771e-01	1.123964e-01	3.225263e-01	4.032807e-01
7503	1.102424e-01	1.325628e-01	2.250067e-02	2.812583e-02	1.473340e-01	1.471473e-01	6.265030e-01	7.368624e-01
12605	9.396546e-01	3.332404e-01	3.137434e-02	3.921793e-02	2.054387e-01	1.128762e-01	7.858002e-01	2.339060e-01
10817	2.269549e-01	6.171813e-01	4.640500e-02	5.800625e-02	3.038592e-01	1.457553e-01	5.258591e-01	5.834993e-02
30093	4.270163e-01	5.461851e-01	2.373574e-02	2.966967e-02	1.554212e-01	1.538071e-01	3.161000e-01	8.343714e-01
19442	6.750193e-01	6.432619e-01	2.619748e-02	3.274686e-02	1.715407e-01	1.568169e-01	7.669584e-01	9.603319e-01
15254	1.757716e-01	3.884865e-01	2.107058e-02	2.633823e-02	1.379699e-01	1.146186e-01	8.459718e-01	4.082217e-01
4349	6.785974e-01	3.743056e-01	2.512908e-02	3.141134e-02	1.645448e-01	4.357845e-02	9.467149e-01	1.206578e-01
113	3.296557e-01	6.232086e-01	2.336566e-02	2.920708e-02	1.529980e-01	1.449491e-01	8.596467e-01	8.203558e-02
19020	6.834565e-01	9.163902e-02	5.554883e-02	6.943603e-02	3.637328e-01	3.086732e-01	2.515078e-01	8.112442e-01
2538	2.386924e-01	5.677569e-01	2.887207e-02	3.609009e-02	1.890539e-01	5.182251e-02	1.713079e-01	8.911148e-02
21355	8.698934e-01	2.306337e-01	2.159179e-02	2.698974e-02	1.413827e-01	1.413431e-01	6.130551e-01	1.131547e-01
32692	8.727020e-01	9.132384e-01	2.676934e-02	3.346168e-02	1.752852e-01	1.021025e-01	3.159551e-01	8.484789e-01
14738	1.356699e-01	2.499958e-01	3.009842e-02	3.762303e-02	1.970840e-01	1.155453e-01	3.346305e-01	5.107707e-01
13083	4.597353e-02	5.087994e-01	3.306177e-02	4.132721e-02	2.164880e-01	2.143952e-01	1.362986e-01	7.986115e-01
10073	2.963739e-01	6.116728e-01	2.339687e-02	2.924609e-02	1.532024e-01	1.057848e-01	9.488029e-01	7.180451e-01
29976	1.591340e-01	6.582282e-01	6.571454e-02	8.214318e-02	4.302978e-01	2.158072e-01	2.421139e-01	3.465547e-01
694	4.891136e-01	4.600054e-01	2.465059e-02	3.081324e-02	1.614117e-01	8.405774e-02	3.436237e-01	6.537297e-01
14981	6.956338e-01	9.212694e-01	3.665095e-02	4.581369e-02	2.399898e-01	1.393564e-01	9.671907e-01	2.646737e-01
5199	8.055415e-01	4.682796e-01	3.719155e-02	4.648944e-02	2.435297e-01	2.020660e-01	7.055349e-01	3.578706e-01
20792	8.356440e-01	6.663102e-01	5.881652e-02	7.352064e-02	3.851296e-01	3.680593e-01	7.165816e-01	8.758485e-01
3919	9.326340e-01	2.248863e-01	2.201311e-02	2.751639e-02	1.441415e-01	1.193245e-01	1.850537e-01	4.030534e-01
4945	5.935771e-01	5.711795e-01	4.350701e-02	5.438376e-02	2.848832e-01	2.398949e-01	4.708836e-01	2.012695e-01
4497	2.480075e-01	3.526052e-01	3.019687e-02	3.774609e-02	1.977287e-01	1.977079e-01	4.026773e-01	9.418190e-01
29163	2.312958e-01	8.174917e-01	2.569896e-02	3.212370e-02	1.682764e-01	1.638607e-01	3.777140e-01	9.150575e-01
22700	5.555159e-01	3.484130e-01	4.368694e-02	5.460867e-02	2.860614e-01	2.677849e-01	7.523146e-01	6.160208e-01
17060	2.094894e-01	1.456809e-01	4.552428e-02	5.690535e-02	2.980923e-01	1.826663e-01	9.365728e-01	5.419225e-01
17535	4.065059e-01	1.587885e-01	3.034752e-02	3.793440e-02	1.987151e-01	6.713410e-02	3.704023e-01	2.377525e-01
26457	1.168019e-01	9.168254e-01	2.339000e-02	2.923750e-02	1.531574e-01	8.987169e-02	4.142839e-01	7.794691e-01
14650	6.551288e-02	2.491845e-01	3.638712e-02	4.548390e-02	2.382623e-01	2.105652e-01	1.643097e-01	1.107417e-01
28185	6.360742e-01	4.948237e-01	2.523336e-02	3.154170e-02	1.652277e-01	1.158013e-01	3.904060e-02	6.533322e-02
21501	2.426836e-01	9.342173e-01	3.013310e-02	3.766638e-02	1.973111e-01	1.908559e-01	6.122521e-01	6.929903e-01
