3574	1.052574e-01	2.360851e-01	2.503307e-02	3.129133e-02	1.639161e-01	1.567753e-01	7.901325e-01	9.782913e-01
22467	5.141736e-01	6.816397e-01	2.614804e-02	3.268505e-02	1.712169e-01	1.682186e-01	7.474212e-01	2.432320e-01
1269	6.401562e-01	8.560420e-01	4.418648e-02	5.523310e-02	2.893324e-01	1.406377e-01	4.907103e-01	8.282242e-03
20226	3.432752e-01	3.399890e-01	5.651830e-02	7.064788e-02	3.700810e-01	3.360671e-01	8.143692e-01	9.757328e-01
31097	5.096263e-01	7.683912e-01	2.458864e-02	3.073580e-02	1.610060e-01	1.581886e-01	4.100388e-01	7.476182e-01
749	5.657840e-02	1.942838e-01	3.268914e-02	4.086142e-02	2.140480e-01	1.851543e-01	5.556210e-01	4.448343e-01
10996	2.360226e-01	3.429858e-01	3.086070e-02	3.857588e-02	2.020754e-01	1.014461e-01	1.178805e-01	3.283118e-01
27677	7.501704e-01	4.750894e-01	2.564789e-02	3.205986e-02	1.679420e-01	5.860681e-02	4.476552e-02	7.916237e-01
10941	5.135494e-01	8.711788e-01	3.195862e-02	3.994827e-02	2.092645e-01	2.081876e-01	3.562008e-01	3.950016e-01
12575	3.247613e-01	6.022713e-01	5.017515e-02	6.271894e-02	3.285461e-01	3.044720e-01	6.135120e-01	5.429702e-01
14302	6.566433e-01	7.467961e-01	2.741989e-02	3.427487e-02	1.795450e-01	1.591815e-01	6.511075e-01	1.597786e-02
13942	3.879379e-01	3.177168e-01	2.229376e-02	2.786720e-02	1.459792e-01	1.356648e-01	1.491212e-01	4.117355e-01
4913	3.025933e-01	4.986716e-01	2.673121e-02	3.341401e-02	1.750356e-01	1.682967e-01	5.975648e-01	4.498361e-02
28699	8.260468e-01	5.602509e-01	2.273471e-02	2.841838e-02	1.488665e-01	4.467717e-02	4.509812e-01	9.857695e-01
25507	6.043167e-02	6.765758e-01	2.107051e-02	2.633813e-02	1.379694e-01	1.162848e-01	4.192670e-01	1.974227e-01
17879	1.109717e-01	6.908777e-01	2.281608e-02	2.852010e-02	1.493993e-01	9.850171e-02	3.432161e-01	8.113665e-01
30573	4.317643e-01	7.383543e-01	4.477215e-02	5.596519e-02	2.931673e-01	2.523146e-01	5.407754e-02	3.270156e-01
25936	4.496531e-01	9.369823e-02	2.269821e-02	2.837276e-02	1.486275e-01	1.429809e-01	9.500122e-01	5.570549e-01
14674	2.714872e-01	6.559726e-01	2.603831e-02	3.254788e-02	1.704984e-01	8.284826e-02	8.146185e-01	1.598182e-01
16678	6.847990e-01	3.703122e-01	2.102999e-02	2.628749e-02	1.377040e-01	4.761527e-02	3.703159e-01	7.504488e-01
6341	9.331264e-01	2.697665e-01	2.874522e-02	3.593152e-02	1.882233e-01	1.530355e-01	6.402038e-01	2.155812e-01
2843	6.455629e-01	2.173219e-01	3.790067e-02	4.737584e-02	2.481730e-01	2.475448e-01	5.399199e-01	9.901271e-01
26540	5.547083e-01	3.871594e-01	2.175362e-02	2.719202e-02	1.424423e-01	9.657979e-02	4.749337e-02	4.575816e-01
10989	2.598678e-01	5.569567e-01	3.777801e-02	4.722251e-02	2.473698e-01	2.473631e-01	3.083253e-01	4.292042e-01
3363	8.909302e-01	7.858025e-02	2.140944e-02	2.676180e-02	1.401887e-01	1.290945e-01	8.195610e-01	2.307013e-01
28431	8.641093e-01	4.389685e-01	5.365447e-02	6.706809e-02	3.513287e-01	3.497931e-01	4.829020e-01	8.837979e-01
24869	2.958319e-01	7.446440e-01	2.572054e-02	3.215068e-02	1.684177e-01	1.684081e-01	4.356970e-01	6.204358e-01
16560	8.543752e-01	2.260756e-01	7.350594e-02	9.188242e-02	4.813157e-01	4.360003e-01	1.353721e-01	5.757248e-01
21868	5.287660e-02	5.393269e-01	5.162518e-02	6.453148e-02	3.380409e-01	2.865126e-01	1.579082e-01	1.171966e-01
4610	7.100711e-02	2.307559e-01	3.333879e-02	4.167349e-02	2.183019e-01	6.687275e-02	7.354243e-02	9.789930e-01
24875	8.289745e-01	6.392844e-01	2.889866e-02	3.612333e-02	1.892280e-01	9.111080e-02	8.443992e-01	8.782711e-01
26485	2.753651e-01	9.030415e-01	3.518621e-02	4.398276e-02	2.303988e-01	1.561785e-01	6.582368e-02	9.706100e-01
10784	7.917564e-01	8.008517e-01	5.706727e-02	7.133408e-02	3.736756e-01	3.728680e-01	7.183198e-01	7.722500e-01
1500	7.684632e-01	2.474709e-01	3.752292e-02	4.690365e-02	2.456995e-01	8.025245e-02	8.964008e-01	6.437197e-02
30401	8.838379e-02	2.765169e-01	2.059242e-02	2.574052e-02	1.348388e-01	3.938654e-02	7.321087e-01	1.661822e-01
7088	7.070755e-01	2.701149e-01	2.367966e-02	2.959958e-02	1.550541e-01	1.426314e-01	2.928509e-01	9.320120e-01
20064	9.159096e-01	1.185334e-01	2.570954e-02	3.213692e-02	1.683457e-01	1.578244e-01	5.794192e-01	9.678555e-01
22380	4.448602e-01	2.583190e-01	3.269427e-02	4.086784e-02	2.140816e-01	2.131570e-01	8.194154e-01	4.886306e-01
17860	5.447900e-01	1.521333e-01	2.295272e-02	2.869090e-02	1.502941e-01	6.116903e-02	1.283233e-01	7.869902e-02
16759	6.803572e-01	6.593785e-01	7.063275e-02	8.829093e-02	4.625021e-01	4.295228e-01	7.189292e-01	4.558974e-01
754	1.890075e-01	3.185059e-01	5.167835e-02	6.459794e-02	3.383890e-01	2.942897e-01	4.498624e-01	1.868181e-01
12443	3.776545e-01	7.992794e-01	3.942038e-02	4.927548e-02	2.581241e-01	2.548137e-01	6.797166e-01	3.181335e-01
9981	5.698558e-01	5.489279e-02	2.533170e-02	3.166463e-02	1.658716e-01	1.645447e-01	8.072387e-01	1.029394e-02
27357	2.421770e-01	4.012876e-01	2.958842e-02	3.698553e-02	1.937445e-01	1.937187e-01	6.222128e-01	3.305849e-01
14435	9.714383e-01	8.222944e-02	2.322686e-02	2.903358e-02	1.520891e-01	5.093951e-02	7.976047e-02	7.659777e-01
16439	9.190761e-01	3.911664e-01	2.476670e-02	3.095837e-02	1.621720e-01	1.561353e-01	3.160528e-01	4.625412e-01
9479	1.368152e-01	7.959954e-01	7.707915e-02	9.634894e-02	5.047131e-01	3.977736e-01	3.369473e-01	9.131763e-01
2456	4.526051e-01	6.946310e-01	2.983215e-02	3.729019e-02	1.953405e-01	1.406061e-01	8.573250e-01	4.745003e-01
4909	5.599033e-01	2.882787e-01	2.577360e-02	3.221700e-02	1.687651e-01	1.066940e-01	6.318783e-01	9.122118e-01
16876	8.246033e-01	3.585707e-01	4.446515e-02	5.558144e-02	2.911571e-01	2.910959e-01	8.143932e-01	2.188923e-01
19307	2.523357e-01	4.322575e-02	2.097071e-02	2.621339e-02	1.373159e-01	1.203365e-01	5.131017e-01	3.055279e-01
29244	3.260613e-01	5.952076e-02	2.136259e-02	2.670324e-02	1.398819e-01	1.394572e-01	1.643890e-01	4.652807e-01
8937	7.269624e-01	5.777781e-01	2.357727e-02	2.947159e-02	1.543836e-01	1.487231e-01	3.345125e-01	4.411773e-01
9322	2.152012e-01	5.498800e-01	2.839079e-02	3.548849e-02	1.859025e-01	5.468727e-02	7.853414e-03	2.743948e-01
10578	1.795828e-01	5.815086e-01	5.019123e-02	6.273904e-02	3.286514e-01	1.050685e-01	6.968334e-01	3.242810e-01
30822	1.092971e-01	9.376405e-01	2.873786e-02	3.592232e-02	1.881751e-01	1.528228e-01	9.506375e-02	8.628267e-01
28206	2.043237e-01	8.255655e-01	2.570432e-02	3.213040e-02	1.683115e-01	1.330967e-01	5.551479e-01	8.461878e-01
5205	6.697078e-02	1.165264e-01	2.085326e-02	2.606658e-02	1.365469e-01	1.052712e-01	6.005011e-01	2.182663e-02
32076	9.198127e-01	8.995356e-01	3.090899e-02	3.863624e-02	2.023916e-01	2.021714e-01	4.628639e-01	7.903101e-01
4394	3.077293e-01	3.955188e-01	2.330187e-02	2.912734e-02	1.525803e-01	1.314104e-01	2.039694e-01	1.337025e-01
5753	3.959964e-01	5.625051e-01	3.355809e-02	4.194761e-02	2.197378e-01	1.670422e-01	9.867471e-01	1.235279e-01
10435	6.488775e-02	4.654495e-01	2.468557e-02	3.085696e-02	1.616407e-01	1.298078e-01	4.303146e-01	5.930864e-01
12129	8.707689e-01	8.164774e-01	3.242926e-02	4.053657e-02	2.123463e-01	7.080906e-02	3.203769e-02	9.903599e-01
30162	3.295543e-02	2.009715e-01	2.830825e-02	3.538531e-02	1.853620e-01	4.835806e-02	4.992175e-01	8.280104e-01
28513	4.721086e-01	4.185264e-01	3.265676e-02	4.082095e-02	2.138359e-01	2.113417e-01	7.750429e-01	7.637370e-01
16553	7.211442e-01	7.841158e-01	2.788956e-02	3.486195e-02	1.826204e-01	1.043219e-01	2.307786e-01	5.849703e-01
4256	3.978609e-01	4.394188e-01	7.308144e-02	9.135180e-02	4.785361e-01	2.335594e-01	1.854174e-01	1.054119e-01
5255	6.638303e-01	2.704410e-01	2.551701e-02	3.189627e-02	1.670850e-01	1.416031e-01	3.382041e-01	5.653393e-01
1338	1.876691e-01	5.092730e-01	2.277697e-02	2.847121e-02	1.491433e-01	1.431343e-01	1.727679e-01	2.583004e-01
32136	3.169703e-01	6.915852e-01	2.291473e-02	2.864342e-02	1.500453e-01	4.205653e-02	8.370027e-01	9.199042e-01
5838	2.872251e-01	7.724522e-02	2.323930e-02	2.904913e-02	1.521706e-01	8.548131e-02	3.175743e-01	4.772236e-01
13262	6.346733e-01	3.746699e-01	3.313441e-02	4.141802e-02	2.169636e-01	1.886243e-01	7.196828e-01	7.620611e-01
7251	1.317801e-01	3.077756e-01	4.526846e-02	5.658558e-02	2.964172e-01	2.413913e-01	5.831980e-01	8.718201e-01
7261	5.691017e-01	5.686750e-01	3.457329e-02	4.321661e-02	2.263854e-01	2.221732e-01	2.047761e-01	1.274427e-01
7027	8.869468e-01	3.462204e-01	4.475491e-02	5.594363e-02	2.930544e-01	2.423636e-01	4.809034e-01	8.846099e-01
1168	6.804616e-01	7.358186e-02	2.180048e-02	2.725060e-02	1.427492e-01	1.185200e-01	4.335994e-01	9.336774e-01
16162	7.813217e-01	3.215487e-01	2.800498e-02	3.500623e-02	1.833762e-01	1.383663e-01	7.650190e-01	8.316659e-01
19545	5.751784e-02	9.380956e-01	2.235681e-02	2.794601e-02	1.463920e-01	1.278413e-01	8.517511e-01	7.855411e-01
24476	5.171176e-01	9.238047e-01	2.589743e-02	3.237179e-02	1.695760e-01	1.145374e-01	3.576671e-01	8.913938e-01
