16933	3.197977e-01	5.597349e-01	3.714720e-02	4.643400e-02	2.432393e-01	1.472286e-01	7.756628e-01	7.896156e-01
17644	1.312850e-01	3.047487e-01	3.138955e-02	3.923694e-02	2.055383e-01	2.026746e-01	3.155023e-01	4.119032e-01
21606	4.387771e-01	7.714913e-01	4.940561e-02	6.175701e-02	3.235072e-01	2.290972e-01	7.335439e-01	2.479605e-01
24000	3.380829e-01	6.478351e-02	4.967118e-02	6.208898e-02	3.252461e-01	2.525269e-01	9.904006e-02	4.054634e-01
31180	2.887493e-01	8.665023e-01	2.915330e-02	3.644162e-02	1.908953e-01	1.856160e-01	9.566268e-01	7.877762e-02
25504	9.556521e-02	6.978318e-02	2.378905e-02	2.973632e-02	1.557703e-01	1.471410e-01	3.030493e-01	8.173322e-01
6726	2.393418e-01	6.703949e-01	4.204653e-02	5.255816e-02	2.753200e-01	2.632651e-01	8.336459e-01	6.155652e-02
17697	9.045418e-01	2.011823e-01	2.886010e-02	3.607512e-02	1.889755e-01	1.877282e-01	3.347564e-01	8.838027e-01
2906	5.374489e-01	4.737537e-01	2.777333e-02	3.471666e-02	1.818593e-01	9.409819e-02	6.224919e-01	2.620399e-01
22669	8.844487e-01	5.412093e-01	3.340108e-02	4.175134e-02	2.187097e-01	2.186722e-01	9.813145e-01	7.603748e-01
24346	3.341624e-01	4.879351e-01	3.565690e-02	4.457112e-02	2.334808e-01	8.509670e-02	9.081501e-01	9.369260e-01
29704	2.421396e-01	4.013361e-01	3.357625e-02	4.197031e-02	2.198567e-01	1.788850e-01	1.266987e-01	6.634171e-01
3607	3.928660e-01	7.025691e-01	2.726943e-02	3.408678e-02	1.785598e-01	1.580060e-01	9.772164e-01	1.649092e-01
7370	8.364030e-01	1.188265e-01	5.954033e-02	7.442541e-02	3.898691e-01	2.960084e-01	8.941326e-01	7.559615e-01
24018	8.485510e-01	6.463067e-01	3.464029e-02	4.330036e-02	2.268241e-01	1.483031e-01	1.604345e-01	3.914848e-01
32752	6.371074e-01	5.492930e-02	4.547669e-02	5.684586e-02	2.977806e-01	2.908155e-01	1.310857e-01	9.908944e-01
30389	9.224218e-01	4.769576e-01	5.615159e-02	7.018948e-02	3.676797e-01	2.278940e-01	8.772873e-01	3.783023e-01
29588	3.851058e-01	5.223254e-01	4.163854e-02	5.204817e-02	2.726485e-01	2.318613e-01	1.397904e-01	6.659897e-01
29052	8.389129e-01	3.048952e-01	6.602711e-02	8.253388e-02	4.323445e-01	4.126932e-01	4.930009e-01	9.601166e-01
305	1.214711e-01	8.028334e-01	2.869626e-02	3.587033e-02	1.879027e-01	1.119543e-01	8.416648e-01	8.026635e-01
6682	8.447356e-01	1.608221e-01	2.085585e-02	2.606981e-02	1.365638e-01	6.759745e-02	9.545475e-01	8.075014e-01
10889	8.711166e-01	9.415122e-01	3.211693e-02	4.014616e-02	2.103012e-01	1.933506e-01	5.426793e-01	6.946631e-03
21571	7.582475e-02	9.390894e-01	2.091733e-02	2.614666e-02	1.369663e-01	6.222669e-02	1.791128e-01	7.920558e-02
28818	2.016358e-01	5.846386e-01	5.689080e-02	7.111350e-02	3.725201e-01	2.843026e-01	8.844292e-01	3.210687e-01
14321	5.311424e-01	3.605077e-01	4.681086e-02	5.851357e-02	3.065168e-01	2.961887e-01	7.624156e-02	4.824143e-01
17890	7.738601e-01	4.049166e-01	2.380517e-02	2.975647e-02	1.558759e-01	9.614444e-02	2.013879e-01	3.084876e-01
13738	1.078968e-01	6.839303e-01	6.791926e-02	8.489907e-02	4.447342e-01	2.193287e-01	4.388937e-01	4.671229e-01
1035	8.688574e-01	8.575345e-01	4.705674e-02	5.882092e-02	3.081268e-01	1.373884e-01	7.232006e-01	5.727369e-01
14681	4.914227e-01	5.623659e-01	2.430323e-02	3.037904e-02	1.591372e-01	1.176265e-01	5.560935e-01	1.789384e-01
14220	3.359033e-01	8.736267e-01	2.973344e-02	3.716680e-02	1.946941e-01	6.026147e-02	5.335486e-01	1.898790e-02
24288	5.191035e-01	8.536794e-01	7.145760e-02	8.932200e-02	4.679032e-01	4.340918e-01	2.453989e-01	2.556919e-01
29076	4.549133e-01	3.559997e-01	2.460609e-02	3.075762e-02	1.611203e-01	1.381735e-01	2.384469e-01	2.866211e-01
10109	1.885756e-01	2.191585e-01	2.142275e-02	2.677844e-02	1.402758e-01	7.343261e-02	3.675579e-01	4.974979e-01
17368	7.076588e-01	8.272717e-01	2.220142e-02	2.775177e-02	1.453745e-01	6.984601e-02	1.972011e-01	4.096017e-01
25079	1.735375e-01	7.330923e-01	5.234614e-02	6.543267e-02	3.427617e-01	2.337409e-01	7.007796e-01	7.746362e-01
30272	2.219718e-01	8.789424e-01	2.341485e-02	2.926857e-02	1.533201e-01	1.516771e-01	3.871602e-01	3.183007e-01
16640	4.187619e-01	4.449712e-01	2.360199e-02	2.950248e-02	1.545454e-01	1.275608e-01	4.247885e-01	3.315875e-01
4556	9.449199e-01	3.665870e-01	2.328801e-02	2.911001e-02	1.524895e-01	5.696732e-02	1.229809e-01	4.028600e-01
20130	2.147185e-01	6.486343e-01	2.209453e-02	2.761817e-02	1.446747e-01	6.114833e-02	7.830985e-01	1.410056e-01
1890	7.189738e-01	1.806987e-01	2.059993e-02	2.574991e-02	1.348880e-01	5.114248e-02	8.635740e-01	8.147988e-03
16371	5.039971e-01	4.036159e-02	3.039103e-02	3.798879e-02	1.990000e-01	1.740952e-01	3.846424e-02	1.264093e-01
11006	9.399109e-01	5.273392e-01	2.351082e-02	2.938852e-02	1.539485e-01	1.292174e-01	6.775706e-01	1.149410e-01
11295	5.131414e-01	4.238567e-01	2.084229e-02	2.605286e-02	1.364750e-01	5.446466e-02	7.919725e-01	6.545545e-01
5645	8.133743e-01	4.757218e-01	2.702242e-02	3.377802e-02	1.769424e-01	1.239989e-01	7.165691e-01	8.730374e-01
14785	6.526450e-01	8.422408e-01	3.507067e-02	4.383834e-02	2.296422e-01	1.718457e-01	2.932603e-01	6.420568e-01
25991	8.886713e-01	8.916808e-01	2.517712e-02	3.147140e-02	1.648594e-01	1.475396e-01	7.841862e-01	1.657517e-01
26349	3.233839e-01	7.919312e-01	2.877261e-02	3.596576e-02	1.884026e-01	5.953893e-02	2.225217e-01	1.119636e-01
23151	3.961274e-01	8.513145e-01	5.178101e-02	6.472626e-02	3.390612e-01	3.384426e-01	1.045393e-01	7.727677e-01
8956	3.010217e-01	6.649535e-01	3.374547e-02	4.218184e-02	2.209648e-01	7.625393e-02	5.430567e-01	6.205164e-01
17602	4.637744e-01	2.285311e-01	4.833444e-02	6.041806e-02	3.164932e-01	3.117363e-01	9.798074e-01	6.852970e-01
32399	8.274387e-01	7.103092e-02	3.007700e-02	3.759625e-02	1.969438e-01	5.563945e-02	9.089695e-01	3.589121e-01
8454	2.150715e-01	3.224817e-01	5.015931e-02	6.269913e-02	3.284424e-01	1.471047e-01	7.842969e-01	3.925458e-01
31111	7.478266e-01	8.102560e-01	2.405848e-02	3.007310e-02	1.575345e-01	1.143446e-01	7.929052e-01	2.079831e-01
28849	9.042074e-01	7.435319e-01	2.551172e-02	3.188965e-02	1.670504e-01	1.570597e-01	2.001948e-01	1.349535e-03
3170	7.508050e-01	5.997902e-01	5.785035e-02	7.231294e-02	3.788032e-01	3.158205e-01	6.062045e-01	1.942787e-01
26045	3.693656e-01	3.375743e-01	4.701974e-02	5.877468e-02	3.078845e-01	1.155578e-01	9.458500e-01	9.468322e-01
2588	9.390870e-01	6.597908e-01	2.474135e-02	3.092669e-02	1.620060e-01	1.590134e-01	8.231500e-01	6.970470e-01
5815	3.501051e-01	5.859929e-01	2.623535e-02	3.279418e-02	1.717886e-01	1.702245e-01	4.737493e-02	8.979180e-01
27360	3.535946e-01	3.786566e-01	2.380447e-02	2.975559e-02	1.558713e-01	4.289897e-02	8.747660e-01	6.733153e-01
4165	2.019785e-01	4.413165e-01	4.157822e-02	5.197277e-02	2.722535e-01	1.522160e-01	8.894557e-01	4.925975e-01
18875	2.955506e-01	8.111972e-01	2.741738e-02	3.427173e-02	1.795286e-01	1.437964e-01	4.673077e-01	4.097933e-01
7056	4.995716e-01	7.321874e-01	4.154175e-02	5.192719e-02	2.720147e-01	8.659101e-02	4.832401e-01	8.944348e-01
20566	8.180428e-01	7.648117e-01	2.573073e-02	3.216342e-02	1.684844e-01	1.030264e-01	5.961475e-01	4.409961e-01
16385	1.162709e-01	8.147768e-02	4.237034e-02	5.296293e-02	2.774404e-01	7.310082e-02	6.628503e-01	7.520685e-01
27979	8.360719e-01	3.988236e-01	2.510740e-02	3.138425e-02	1.644028e-01	7.181420e-02	3.922566e-01	4.909777e-01
15555	3.566295e-01	2.574657e-01	3.791871e-02	4.739838e-02	2.482911e-01	1.135347e-01	3.224632e-01	5.807460e-01
15462	6.242863e-01	5.457877e-01	3.771068e-02	4.713835e-02	2.469289e-01	2.455881e-01	4.116489e-01	5.503863e-01
12926	3.968304e-01	2.973075e-01	2.570303e-02	3.212879e-02	1.683030e-01	1.615253e-01	7.780964e-01	1.036675e-02
7232	7.049145e-01	8.972052e-01	3.417466e-02	4.271833e-02	2.237752e-01	2.060450e-01	3.512241e-01	6.865292e-01
32687	5.678761e-01	5.886192e-01	3.199980e-02	3.999975e-02	2.095342e-01	1.166047e-01	9.682945e-01	4.981839e-01
21926	3.447429e-01	6.618843e-01	5.664639e-02	7.080799e-02	3.709197e-01	1.826449e-01	8.588509e-01	1.819299e-01
3016	9.165799e-02	1.624358e-01	2.683406e-02	3.354258e-02	1.757090e-01	5.450764e-02	7.051458e-01	5.454397e-02
20500	6.824794e-02	7.093018e-01	3.340692e-02	4.175865e-02	2.187480e-01	1.094444e-01	1.712116e-01	6.144527e-01
32046	3.556979e-02	2.499392e-01	2.437230e-02	3.046538e-02	1.595895e-01	9.208350e-02	7.058142e-01	4.543924e-01
24244	4.438002e-01	4.208030e-01	2.455265e-02	3.069081e-02	1.607704e-01	1.397598e-01	2.086486e-01	2.143424e-01
10064	2.084437e-01	7.906824e-01	2.851696e-02	3.564620e-02	1.867286e-01	6.899962e-02	9.745722e-02	3.029174e-01
8545	7.265967e-01	7.023815e-01	6.814355e-02	8.517943e-02	4.462029e-01	3.431353e-01	4.821207e-01	3.668959e-01
19125	4.838527e-01	3.177184e-01	4.297685e-02	5.372106e-02	2.814117e-01	2.810534e-01	9.811882e-01	3.470926e-01
15854	3.927153e-01	5.685782e-02	2.203619e-02	2.754524e-02	1.442927e-01	9.529041e-02	1.976789e-02	5.851400e-01
4009	4.763646e-01	9.476142e-01	4.484147e-02	5.605184e-02	2.936213e-01	2.930100e-01	4.603021e-01	8.126259e-01
3375	6.687747e-01	3.099860e-01	5.711646e-02	7.139557e-02	3.739977e-01	1.256071e-01	1.072535e-01	6.280275e-01
3792	4.185685e-01	5.934913e-01	2.910201e-02	3.637752e-02	1.905595e-01	8.146972e-02	5.197135e-01	4.170069e-01
