17236	7.282612e-01	7.213414e-01	6.594681e-02	8.243351e-02	4.318187e-01	1.999102e-01	4.063350e-01	4.532383e-01
7632	2.119458e-01	7.238717e-02	5.640260e-02	7.050326e-02	3.693234e-01	1.470915e-01	4.881347e-01	3.810809e-01
11297	5.371048e-01	9.059990e-01	3.080753e-02	3.850941e-02	2.017272e-01	2.017020e-01	9.017387e-01	2.805226e-01
10869	3.507545e-01	9.166584e-01	4.030805e-02	5.038506e-02	2.639365e-01	2.499102e-01	8.075861e-01	9.011982e-01
13170	8.047951e-01	9.333896e-01	4.055855e-02	5.069819e-02	2.655768e-01	1.249323e-01	4.529056e-01	4.177793e-02
1073	1.684955e-01	2.972463e-01	2.394035e-02	2.992544e-02	1.567610e-01	4.334515e-02	9.818497e-01	1.097975e-01
17392	8.336200e-01	2.040162e-01	6.572669e-02	8.215836e-02	4.303773e-01	2.372755e-01	5.610729e-01	7.034038e-01
25971	1.830576e-01	8.026351e-01	6.455949e-02	8.069937e-02	4.227346e-01	4.046102e-01	6.486059e-01	6.472625e-01
24489	7.030449e-01	3.531614e-01	7.727107e-02	9.658884e-02	5.059698e-01	5.007387e-01	7.432415e-01	1.108040e-01
7043	1.609556e-01	1.766753e-01	6.527466e-02	8.159332e-02	4.274175e-01	3.436546e-01	5.669201e-01	3.022943e-01
14380	5.675432e-01	5.238573e-01	2.337031e-02	2.921289e-02	1.530285e-01	1.516332e-01	9.811112e-01	6.681607e-01
22072	6.943784e-02	1.320516e-01	4.290586e-02	5.363233e-02	2.809469e-01	2.182433e-01	2.166421e-01	2.559290e-01
16837	6.688453e-01	7.054319e-01	5.502149e-02	6.877686e-02	3.602798e-01	2.628645e-01	6.442911e-01	7.609269e-01
18928	7.979916e-01	7.701374e-01	5.574218e-02	6.967773e-02	3.649989e-01	3.448771e-01	6.001090e-01	1.588610e-01
31563	5.880090e-01	9.078966e-01	4.828367e-02	6.035458e-02	3.161607e-01	1.151818e-01	3.473204e-01	2.924860e-01
9948	7.954832e-01	3.498532e-01	5.765224e-02	7.206530e-02	3.775060e-01	2.761255e-01	9.973209e-01	2.239177e-01
24674	7.060491e-01	2.304984e-01	3.847435e-02	4.809294e-02	2.519295e-01	2.177473e-01	6.279199e-01	5.243925e-01
4669	9.670125e-01	5.064491e-01	2.588339e-02	3.235424e-02	1.694841e-01	1.039452e-01	2.530866e-01	2.492058e-01
9469	7.221842e-01	4.932569e-01	2.212737e-02	2.765921e-02	1.448897e-01	1.349670e-01	8.398406e-01	8.775867e-01
2027	7.319981e-01	8.940183e-01	3.882722e-02	4.853402e-02	2.542400e-01	2.375405e-01	4.769899e-01	9.252512e-01
15433	4.110696e-01	1.734327e-01	2.906623e-02	3.633278e-02	1.903252e-01	1.424036e-01	3.855756e-01	2.418264e-01
2879	4.925434e-01	4.387627e-01	5.193547e-02	6.491934e-02	3.400727e-01	3.289467e-01	8.411589e-01	1.063237e-01
9866	9.202791e-01	6.632681e-01	4.329020e-02	5.411275e-02	2.834636e-01	2.834223e-01	1.413738e-01	4.228753e-01
9040	4.827505e-01	9.060276e-01	2.138555e-02	2.673194e-02	1.400323e-01	1.348066e-01	9.126931e-01	9.818203e-01
4571	2.380855e-01	6.451098e-01	5.421560e-02	6.776950e-02	3.550029e-01	3.546567e-01	7.228094e-02	7.342221e-01
23562	7.648119e-01	9.274695e-01	2.929990e-02	3.662487e-02	1.918553e-01	1.041315e-01	6.532446e-01	4.115438e-01
30250	1.596385e-01	2.583605e-01	4.823074e-02	6.028842e-02	3.158141e-01	2.250826e-01	6.503231e-01	2.120349e-01
612	5.921823e-01	3.366084e-01	7.749647e-02	9.687059e-02	5.074457e-01	4.568093e-01	4.659421e-01	7.811527e-01
21906	5.630280e-01	4.618091e-01	2.613904e-02	3.267380e-02	1.711581e-01	1.677390e-01	6.877308e-01	2.029987e-01
18622	2.886691e-02	3.659440e-01	2.624500e-02	3.280625e-02	1.718519e-01	1.643594e-01	8.354046e-01	3.246294e-01
1611	9.201547e-01	9.260018e-01	2.145307e-02	2.681634e-02	1.404744e-01	9.857350e-02	7.202570e-02	3.217589e-01
10738	6.995407e-01	9.510570e-01	4.289520e-02	5.361900e-02	2.808771e-01	2.709215e-01	6.262945e-01	3.896329e-01
13099	4.696591e-01	9.473277e-01	2.627608e-02	3.284509e-02	1.720553e-01	1.375674e-01	2.969078e-01	5.033017e-01
10449	1.799467e-01	6.851986e-01	2.785334e-02	3.481668e-02	1.823833e-01	6.650675e-02	2.632131e-01	7.349582e-01
18637	9.390058e-02	5.763896e-01	6.998585e-02	8.748232e-02	4.582663e-01	1.953959e-01	3.606306e-01	9.272827e-01
7726	5.930064e-01	2.079637e-01	4.945445e-02	6.181806e-02	3.238270e-01	3.237165e-01	3.560181e-02	6.134464e-01
28123	3.469253e-01	5.024954e-01	2.958605e-02	3.698256e-02	1.937290e-01	1.778911e-01	6.701870e-01	3.718805e-02
15819	4.905026e-02	8.301050e-01	2.104289e-02	2.630362e-02	1.377885e-01	9.653878e-02	5.044713e-01	6.683327e-01
4389	3.224309e-02	8.907340e-01	2.575615e-02	3.219518e-02	1.686509e-01	5.273580e-02	7.607637e-01	7.185237e-02
4506	9.525968e-01	9.362226e-01	2.094154e-02	2.617692e-02	1.371249e-01	4.900332e-02	7.930104e-01	5.946165e-01
29567	5.582061e-02	9.281655e-01	2.113609e-02	2.642011e-02	1.383988e-01	1.378609e-01	8.765322e-01	9.117129e-02
20597	1.419086e-01	9.458688e-02	2.830216e-02	3.537770e-02	1.853221e-01	1.837783e-01	7.567462e-01	6.170627e-02
30743	4.861536e-01	5.973095e-01	7.252868e-02	9.066085e-02	4.749167e-01	3.921348e-01	6.548818e-01	8.221738e-01
10355	6.900049e-01	7.611941e-01	2.970731e-02	3.713414e-02	1.945230e-01	1.886207e-01	7.701856e-02	6.859324e-01
22896	3.091893e-01	2.558427e-01	2.158784e-02	2.698480e-02	1.413568e-01	1.155113e-01	8.002267e-02	4.903530e-01
15825	3.310778e-01	4.052368e-01	3.751380e-02	4.689225e-02	2.456398e-01	2.216410e-01	1.685448e-01	5.695449e-01
10603	8.736983e-01	5.687032e-01	2.844429e-02	3.555536e-02	1.862528e-01	1.699144e-01	8.339313e-01	5.484713e-01
10665	2.677171e-01	5.820259e-01	2.121897e-02	2.652371e-02	1.389415e-01	1.154243e-01	7.917418e-02	5.902811e-01
15547	8.733629e-01	8.810292e-01	6.090633e-02	7.613291e-02	3.988137e-01	2.884077e-01	6.442260e-01	3.955712e-01
4809	3.012811e-01	1.381080e-01	3.540509e-02	4.425636e-02	2.318320e-01	1.033803e-01	5.337145e-01	9.550516e-03
13564	7.857276e-01	5.208213e-01	2.717339e-02	3.396674e-02	1.779309e-01	9.982637e-02	6.407140e-01	9.526032e-01
8526	8.875724e-01	2.337033e-01	2.954183e-02	3.692728e-02	1.934394e-01	1.682643e-01	6.354894e-02	9.733722e-01
17757	2.827399e-01	2.387782e-01	2.073108e-02	2.591384e-02	1.357468e-01	1.331313e-01	1.528341e-01	3.297284e-02
14061	5.457021e-01	6.143961e-01	4.463181e-02	5.578976e-02	2.922484e-01	1.721829e-01	4.711126e-01	5.053141e-01
10565	9.633663e-01	1.206158e-01	2.530997e-02	3.163746e-02	1.657293e-01	1.519188e-01	1.668041e-02	3.913534e-01
1870	2.392635e-01	3.475315e-01	2.921606e-02	3.652007e-02	1.913063e-01	5.108915e-02	7.539591e-01	8.344198e-01
19794	8.010141e-01	6.709169e-01	3.352906e-02	4.191132e-02	2.195478e-01	2.034986e-01	7.167004e-01	1.676496e-01
29850	6.971359e-01	8.273725e-01	2.307387e-02	2.884234e-02	1.510873e-01	1.486702e-01	5.784787e-01	2.696165e-01
31926	4.115717e-01	8.696124e-01	2.704688e-02	3.380859e-02	1.771025e-01	9.708775e-02	8.321720e-01	9.475483e-01
3272	1.980185e-01	4.754885e-01	2.245444e-02	2.806805e-02	1.470313e-01	1.275377e-01	1.167689e-01	9.701580e-01
13939	9.370926e-01	7.583520e-01	3.061308e-02	3.826635e-02	2.004540e-01	1.256622e-01	6.347514e-01	5.274067e-01
12988	8.141220e-01	5.160870e-01	2.572080e-02	3.215100e-02	1.684194e-01	1.114630e-01	1.374920e-01	6.943828e-01
427	9.007172e-01	1.021618e-01	2.141555e-02	2.676944e-02	1.402287e-01	9.246627e-02	6.537963e-01	2.719790e-01
18812	8.633866e-01	9.420372e-01	2.154443e-02	2.693053e-02	1.410726e-01	1.044608e-01	1.768706e-01	1.228594e-01
4936	9.661365e-01	8.150252e-01	2.355604e-02	2.944505e-02	1.542446e-01	1.021580e-01	9.610303e-01	3.584678e-02
2011	4.518976e-01	8.879417e-01	2.450311e-02	3.062889e-02	1.604460e-01	1.584412e-01	6.504248e-02	9.557406e-01
27050	2.079859e-01	5.948931e-01	2.173201e-02	2.716501e-02	1.423009e-01	1.067790e-01	3.531357e-01	7.796107e-01
