15020	9.583646e-01	6.735040e-01	3.977720e-02	4.972150e-02	2.604605e-01	2.604138e-01	5.721390e-01	2.485173e-01
27327	7.762253e-02	7.996342e-01	3.962592e-02	4.953240e-02	2.594699e-01	1.356972e-01	3.125112e-01	7.545719e-01
26977	8.346273e-01	6.536380e-01	3.579627e-02	4.474534e-02	2.343934e-01	1.914014e-01	2.065340e-02	3.370090e-02
13812	6.046495e-01	7.336427e-01	4.576208e-02	5.720259e-02	2.996494e-01	2.389999e-01	6.986740e-01	5.011544e-01
17158	9.724969e-01	2.533534e-01	2.691208e-02	3.364010e-02	1.762199e-01	1.206620e-01	7.271671e-02	4.484639e-01
32703	8.611621e-01	1.088995e-01	2.304681e-02	2.880851e-02	1.509102e-01	6.142912e-02	1.293504e-01	1.932798e-01
15583	9.188320e-01	5.299972e-01	7.450643e-02	9.313304e-02	4.878670e-01	4.096137e-01	1.710458e-01	5.839142e-01
25557	4.246048e-01	6.482370e-01	2.545288e-02	3.181610e-02	1.666651e-01	1.662175e-01	2.015525e-02	4.729078e-01
30349	2.805201e-01	8.085656e-01	2.246631e-02	2.808289e-02	1.471090e-01	1.460563e-01	5.698228e-01	6.610259e-01
1897	6.448902e-01	9.065602e-01	4.086601e-02	5.108252e-02	2.675900e-01	1.465303e-01	8.601995e-01	8.856736e-01
12505	5.961772e-02	4.734542e-02	2.142042e-02	2.677552e-02	1.402605e-01	4.640463e-02	4.516929e-01	8.003758e-01
3896	2.589301e-01	6.023834e-01	2.794502e-02	3.493127e-02	1.829835e-01	1.814259e-01	3.603382e-01	7.785319e-01
12345	7.631397e-01	4.579266e-01	2.128372e-02	2.660465e-02	1.393655e-01	1.038174e-01	5.866675e-01	4.177193e-01
31159	7.773784e-01	9.535773e-02	2.306438e-02	2.883048e-02	1.510252e-01	1.155461e-01	3.132020e-02	1.849135e-02
32395	2.004023e-01	7.923545e-01	2.077067e-02	2.596334e-02	1.360061e-01	1.245969e-01	6.723766e-02	7.339037e-01
15699	6.702589e-01	3.479282e-01	2.590555e-02	3.238194e-02	1.696292e-01	1.666540e-01	2.773545e-01	6.793486e-01
31349	8.143799e-01	2.800368e-01	6.813449e-02	8.516811e-02	4.461436e-01	3.459733e-01	5.609826e-01	3.806813e-01
21797	1.350302e-01	8.686341e-01	3.306649e-02	4.133312e-02	2.165189e-01	1.540651e-01	1.168484e-01	5.414322e-01
18426	3.060296e-01	3.382402e-01	2.301852e-02	2.877315e-02	1.507249e-01	1.506919e-01	6.760032e-01	1.248271e-01
32174	6.012723e-01	6.426657e-01	3.703659e-02	4.629574e-02	2.425150e-01	2.300976e-01	1.344057e-01	4.325297e-01
12387	4.745786e-01	9.400676e-01	3.305530e-02	4.131913e-02	2.164456e-01	1.911039e-01	9.210636e-01	8.275565e-02
589	3.942936e-01	5.059018e-01	3.384459e-02	4.230574e-02	2.216138e-01	2.184386e-01	2.946056e-01	7.024724e-01
27951	6.387409e-01	1.286956e-01	2.186618e-02	2.733273e-02	1.431794e-01	6.677750e-02	2.310654e-01	9.062582e-01
10074	9.059978e-01	7.096444e-01	7.050020e-02	8.812524e-02	4.616342e-01	3.891862e-01	4.855638e-01	3.622947e-01
9812	5.106566e-01	5.844428e-01	2.272182e-02	2.840227e-02	1.487821e-01	7.508490e-02	2.747844e-02	4.883073e-01
32745	2.417892e-01	2.610728e-01	4.474746e-02	5.593432e-02	2.930056e-01	1.385718e-01	3.515062e-01	7.963298e-01
16956	5.124526e-01	8.871299e-01	3.176729e-02	3.970911e-02	2.080117e-01	2.080092e-01	2.776793e-01	1.444833e-01
17646	1.042930e-01	9.125036e-01	3.233149e-02	4.041437e-02	2.117061e-01	2.112129e-01	8.485404e-01	2.170447e-01
8899	4.373371e-01	8.922699e-01	2.391964e-02	2.989955e-02	1.566254e-01	9.860607e-02	4.115800e-01	2.738302e-01
12468	4.198686e-01	5.628097e-01	2.384594e-02	2.980742e-02	1.561428e-01	6.753093e-02	9.876971e-02	6.201615e-01
16435	2.737245e-01	7.233736e-01	2.906630e-02	3.633288e-02	1.903257e-01	7.155574e-02	9.268426e-01	7.110830e-01
29986	5.073849e-01	5.036430e-01	2.286587e-02	2.858233e-02	1.497253e-01	7.509647e-02	9.896752e-01	7.010179e-01
30325	3.867200e-01	4.039217e-01	2.678237e-02	3.347797e-02	1.753706e-01	1.753462e-01	3.077752e-01	6.652262e-01
31240	5.757711e-01	4.132806e-01	6.169106e-02	7.711382e-02	4.039521e-01	4.016175e-01	6.848244e-01	6.186958e-01
32680	7.433839e-01	9.365919e-01	5.011465e-02	6.264331e-02	3.281499e-01	2.384572e-01	9.491870e-01	2.737384e-01
4481	6.156880e-01	4.795635e-01	3.718723e-02	4.648403e-02	2.435014e-01	1.760299e-01	4.411367e-01	7.658056e-01
20164	5.499642e-01	5.850191e-01	4.714111e-02	5.892639e-02	3.086793e-01	2.705647e-01	6.353403e-01	4.248257e-01
22731	7.426239e-02	8.501600e-01	4.914429e-02	6.143036e-02	3.217960e-01	1.399085e-01	3.421492e-01	2.267138e-01
344	7.323720e-01	8.340747e-02	2.581574e-02	3.226968e-02	1.690411e-01	1.524124e-01	1.543145e-01	9.607624e-02
30662	4.286476e-01	8.572542e-01	2.631542e-02	3.289428e-02	1.723130e-01	1.605929e-01	5.425830e-01	7.756471e-01
29740	1.935490e-01	7.463380e-01	2.074938e-02	2.593672e-02	1.358666e-01	6.054232e-02	4.201002e-01	1.008990e-01
11785	1.649191e-01	3.253336e-01	2.537237e-02	3.171546e-02	1.661379e-01	1.432049e-01	6.374587e-01	9.719986e-01
21862	9.410963e-01	2.003122e-01	2.509205e-02	3.136506e-02	1.643023e-01	1.316929e-01	8.649559e-01	8.952793e-01
5113	7.663702e-01	1.334535e-01	2.979990e-02	3.724987e-02	1.951293e-01	1.201421e-01	3.574381e-01	9.067570e-01
1751	7.538201e-01	5.531628e-01	3.535570e-02	4.419462e-02	2.315085e-01	2.084915e-01	9.008806e-01	7.491627e-01
19745	4.747510e-01	8.310524e-01	2.714470e-02	3.393088e-02	1.777431e-01	1.379557e-01	7.923485e-01	4.397966e-01
26026	7.821664e-01	8.131245e-01	3.910014e-02	4.887517e-02	2.560271e-01	2.450870e-01	6.501140e-01	8.288580e-01
12980	4.709249e-01	3.744678e-01	3.546376e-02	4.432970e-02	2.322161e-01	2.255686e-01	6.200671e-01	3.567721e-01
1329	5.778536e-01	6.753858e-01	2.230911e-02	2.788639e-02	1.460797e-01	1.300527e-01	5.862999e-01	8.341823e-01
22983	8.424343e-01	2.188242e-01	2.686573e-02	3.358216e-02	1.759164e-01	9.297566e-02	1.851399e-01	3.446211e-01
27640	3.393625e-01	2.766207e-01	3.354351e-02	4.192939e-02	2.196424e-01	6.628852e-02	9.670251e-01	1.612319e-01
11574	2.331616e-01	8.160910e-01	2.513232e-02	3.141539e-02	1.645660e-01	1.099227e-01	2.809976e-01	7.355651e-02
15965	3.756820e-01	9.351873e-02	4.607303e-02	5.759129e-02	3.016855e-01	2.947296e-01	2.101988e-01	9.608337e-01
9530	7.198586e-01	6.662304e-01	2.083041e-02	2.603801e-02	1.363972e-01	1.160935e-01	5.292207e-02	7.493418e-01
28241	8.961989e-01	1.056186e-01	2.623213e-02	3.279017e-02	1.717676e-01	1.686472e-01	6.607218e-01	2.462468e-01
23137	1.084267e-01	5.543793e-01	2.573072e-02	3.216340e-02	1.684843e-01	8.852621e-02	3.066793e-01	5.264032e-01
6220	7.205942e-01	8.912715e-01	3.296060e-02	4.120076e-02	2.158255e-01	1.163300e-01	3.404465e-01	6.298444e-01
24633	5.242731e-01	1.189641e-01	3.917514e-02	4.896892e-02	2.565182e-01	2.506437e-01	6.369928e-01	7.888800e-01
14427	5.872311e-01	6.137753e-02	2.654441e-02	3.318051e-02	1.738124e-01	8.656742e-02	5.334644e-01	8.917555e-01
26620	4.707448e-01	7.841419e-01	3.117172e-02	3.896465e-02	2.041120e-01	5.895292e-02	9.882811e-01	4.898561e-01
21910	5.171224e-01	4.583560e-01	4.620083e-02	5.775104e-02	3.025223e-01	2.989542e-01	5.750039e-01	1.547492e-01
24452	4.524675e-01	2.795482e-01	5.823707e-02	7.279633e-02	3.813354e-01	1.004426e-01	3.590350e-01	7.255242e-01
6940	1.532466e-01	6.060960e-01	3.206968e-02	4.008711e-02	2.099918e-01	2.091707e-01	5.935766e-01	8.665534e-01
4828	7.924830e-01	1.618226e-01	3.583573e-02	4.479467e-02	2.346518e-01	9.189807e-02	4.786825e-01	8.599272e-02
30674	4.621555e-01	6.408934e-01	3.455915e-02	4.319894e-02	2.262928e-01	2.118272e-01	8.505646e-01	7.997918e-01
28643	9.198052e-01	2.621672e-01	2.319362e-02	2.899202e-02	1.518714e-01	1.498457e-01	7.524340e-01	7.558229e-01
2909	1.815708e-01	9.461612e-01	2.514373e-02	3.142966e-02	1.646407e-01	1.507916e-01	9.137367e-02	7.794802e-01
28173	4.976799e-01	3.163426e-01	2.956161e-02	3.695201e-02	1.935689e-01	1.933041e-01	1.923399e-01	5.888556e-02
2873	8.719303e-01	4.228129e-01	3.619615e-02	4.524518e-02	2.370118e-01	1.718108e-01	2.191128e-01	7.742217e-01
13131	7.276275e-01	4.885547e-01	4.002647e-02	5.003309e-02	2.620927e-01	1.175050e-01	5.256126e-01	7.966800e-01
28453	2.409318e-01	4.007530e-01	3.473535e-02	4.341919e-02	2.274465e-01	2.094222e-01	9.064740e-01	1.698889e-01
27187	2.947025e-01	6.747652e-01	3.349312e-02	4.186640e-02	2.193124e-01	1.904643e-01	5.068126e-01	5.208995e-01
4528	5.700590e-01	1.403068e-01	2.191852e-02	2.739815e-02	1.435221e-01	5.958163e-02	9.092175e-01	3.631000e-01
12908	5.637101e-01	9.371455e-01	4.034281e-02	5.042851e-02	2.641641e-01	2.640374e-01	7.718772e-01	6.439313e-01
20484	1.772111e-01	8.825018e-01	2.185337e-02	2.731672e-02	1.430956e-01	1.260204e-01	3.246139e-02	9.320582e-01
6789	7.800955e-01	7.344379e-01	2.381945e-02	2.977431e-02	1.559694e-01	1.100200e-01	7.174682e-01	5.953160e-02
22036	2.405952e-01	4.807368e-02	2.054044e-02	2.567555e-02	1.344985e-01	1.166614e-01	2.392583e-01	9.464992e-01
4823	9.615130e-01	6.259824e-01	2.161061e-02	2.701327e-02	1.415060e-01	1.019246e-01	9.258066e-01	9.674355e-01
18842	3.673311e-02	2.372238e-01	3.536975e-02	4.421219e-02	2.316006e-01	1.785932e-01	3.817165e-01	7.742666e-01
11161	8.215725e-01	5.673543e-01	6.364979e-02	7.956224e-02	4.167778e-01	4.147368e-01	5.332638e-01	1.447186e-01
