21542	1.053360e-01	5.594061e-01	5.503340e-02	6.879175e-02	3.603579e-01	2.193978e-01	8.030113e-01	3.319012e-01
13027	2.626549e-01	4.238856e-01	2.755776e-02	3.444719e-02	1.804478e-01	9.170220e-02	7.583119e-01	6.010467e-01
13413	4.060402e-01	9.148738e-01	2.090151e-02	2.612689e-02	1.368628e-01	7.641726e-02	7.790310e-01	7.929242e-01
31002	8.359577e-01	8.623956e-01	3.658438e-02	4.573048e-02	2.395540e-01	8.323458e-02	3.953481e-01	2.836896e-01
32321	5.717828e-01	8.131290e-01	4.783360e-02	5.979200e-02	3.132137e-01	3.063544e-01	6.855628e-01	6.450940e-01
14521	2.525191e-01	5.379628e-01	5.155128e-02	6.443910e-02	3.375570e-01	3.322610e-01	4.677375e-01	5.514134e-01
3068	7.763300e-01	7.233784e-01	2.688752e-02	3.360940e-02	1.760591e-01	5.361330e-02	3.684041e-01	2.112265e-02
8975	9.273556e-01	3.239851e-02	2.536208e-02	3.170260e-02	1.660705e-01	1.642062e-01	4.308428e-01	5.765518e-01
14776	2.635162e-01	8.837462e-01	2.551731e-02	3.189664e-02	1.670869e-01	1.349516e-01	7.582347e-01	1.000706e-01
23392	6.186173e-01	9.888185e-02	3.789792e-02	4.737240e-02	2.481550e-01	2.442870e-01	1.010819e-01	5.424645e-01
9443	4.456880e-01	2.502117e-01	2.123504e-02	2.654381e-02	1.390467e-01	1.233427e-01	4.386171e-01	9.726453e-01
24329	2.337949e-01	8.160585e-01	3.002012e-02	3.752515e-02	1.965713e-01	1.788748e-01	6.575352e-01	2.620657e-01
19208	6.500953e-01	4.404774e-01	2.937755e-02	3.672194e-02	1.923637e-01	8.535130e-02	2.172616e-02	6.294646e-01
1625	7.332230e-01	7.269565e-01	3.005581e-02	3.756976e-02	1.968050e-01	1.206534e-01	7.949407e-01	5.606168e-01
9535	9.047904e-01	6.992696e-01	3.656585e-02	4.570731e-02	2.394326e-01	1.692025e-01	7.621189e-01	6.612391e-01
14502	6.023781e-02	1.816990e-01	3.207225e-02	4.009031e-02	2.100086e-01	1.163128e-01	5.030390e-01	9.172448e-01
26559	1.256123e-01	5.950191e-01	2.145536e-02	2.681920e-02	1.404894e-01	4.072329e-02	9.803060e-01	3.313450e-01
6582	6.895161e-01	7.495511e-01	3.253317e-02	4.066647e-02	2.130267e-01	2.130267e-01	2.326606e-01	3.781799e-01
10947	3.268341e-01	5.494778e-01	6.402323e-02	8.002904e-02	4.192231e-01	3.571055e-01	7.582292e-01	8.872758e-02
27650	5.309501e-01	4.238797e-01	2.900064e-02	3.625080e-02	1.898957e-01	1.334843e-01	2.235478e-01	6.005970e-01
565	8.726874e-01	4.491778e-01	3.578301e-02	4.472876e-02	2.343066e-01	1.130767e-01	1.480719e-01	3.572923e-01
22294	1.948964e-01	8.684715e-01	5.562175e-02	6.952719e-02	3.642104e-01	3.503943e-01	9.794275e-01	9.634604e-01
24492	8.904187e-01	2.883577e-01	4.644809e-02	5.806011e-02	3.041414e-01	3.032664e-01	1.871095e-01	5.349539e-02
30824	1.782936e-01	6.441542e-01	6.964050e-02	8.705062e-02	4.560049e-01	1.329329e-01	6.211149e-01	4.044715e-01
24659	3.257457e-01	2.731736e-01	2.130645e-02	2.663306e-02	1.395143e-01	6.389941e-02	1.727089e-01	5.963014e-03
26632	5.618438e-02	2.754794e-01	5.730546e-02	7.163182e-02	3.752352e-01	1.204044e-01	7.210830e-01	4.014112e-01
4727	8.918614e-02	1.261233e-01	2.457465e-02	3.071831e-02	1.609144e-01	1.199508e-01	4.723011e-01	3.356922e-01
2323	7.813794e-01	8.106281e-01	3.213942e-02	4.017427e-02	2.104484e-01	1.468219e-01	4.421881e-01	2.980968e-01
29112	3.755764e-01	1.103616e-01	2.814970e-02	3.518713e-02	1.843238e-01	7.872314e-02	3.833775e-01	3.645819e-01
19937	9.388297e-01	2.299072e-01	2.485892e-02	3.107365e-02	1.627758e-01	1.548124e-01	4.959732e-01	5.225985e-01
7918	4.763554e-01	3.850486e-01	3.680261e-02	4.600326e-02	2.409829e-01	7.065153e-02	3.683587e-01	9.524602e-01
1819	2.839337e-01	4.818539e-02	3.561099e-02	4.451374e-02	2.331802e-01	2.009638e-01	6.704502e-01	8.219606e-01
32310	1.718636e-01	5.005865e-01	6.924998e-02	8.656248e-02	4.534478e-01	3.735594e-01	6.248651e-01	7.894926e-01
15436	1.024854e-01	8.054225e-01	4.107585e-02	5.134481e-02	2.689640e-01	1.317522e-01	4.203474e-01	8.230124e-01
4972	6.551162e-01	8.401275e-01	2.657083e-02	3.321354e-02	1.739854e-01	1.640265e-01	8.149842e-01	1.400993e-01
16011	7.537866e-02	7.258483e-01	2.899097e-02	3.623871e-02	1.898324e-01	1.830365e-01	7.408163e-01	1.432991e-01
2427	3.953935e-01	6.403809e-02	2.345863e-02	2.932328e-02	1.536067e-01	1.496535e-01	6.008322e-02	4.571911e-01
684	9.095769e-01	9.455993e-01	3.838892e-02	4.798615e-02	2.513700e-01	2.047711e-01	6.283660e-01	7.652603e-02
16549	5.110926e-01	7.363920e-01	3.305614e-02	4.132018e-02	2.164511e-01	2.000483e-01	9.558793e-01	5.250312e-03
11357	3.465159e-01	3.097153e-01	4.542404e-02	5.678005e-02	2.974359e-01	2.513666e-01	8.901546e-01	8.292641e-01
25072	6.474754e-01	4.060315e-01	3.042267e-02	3.802833e-02	1.992071e-01	1.135107e-01	8.034762e-01	7.976966e-01
3923	4.890683e-01	5.685727e-01	3.814978e-02	4.768722e-02	2.498041e-01	2.485946e-01	2.039962e-01	1.305548e-01
4063	7.879933e-01	6.470889e-01	7.878543e-02	9.848179e-02	5.158858e-01	5.117997e-01	1.815547e-01	8.057538e-01
22735	7.413213e-01	6.071475e-01	3.272003e-02	4.090003e-02	2.142502e-01	1.106737e-01	4.689946e-01	1.538480e-01
7496	2.060466e-01	3.673241e-01	2.805354e-02	3.506693e-02	1.836942e-01	1.383164e-01	3.326178e-01	1.066386e-01
12165	8.843105e-01	6.550573e-01	3.101452e-02	3.876816e-02	2.030826e-01	9.636062e-02	1.939311e-01	1.852755e-01
15065	2.548991e-01	7.686463e-01	2.211610e-02	2.764513e-02	1.448159e-01	7.716065e-02	4.655638e-01	9.045973e-03
21558	6.652940e-01	7.968982e-01	2.321095e-02	2.901369e-02	1.519849e-01	1.392933e-01	4.128465e-02	4.758674e-01
15016	7.461724e-01	7.988717e-01	2.232537e-02	2.790672e-02	1.461862e-01	1.158503e-01	5.005525e-01	6.271947e-02
1661	5.097579e-01	3.666977e-01	3.723297e-02	4.654122e-02	2.438009e-01	1.817783e-01	6.318797e-01	8.514737e-01
5564	2.565492e-01	2.854634e-01	3.620630e-02	4.525787e-02	2.370783e-01	2.297335e-01	3.826245e-01	5.757623e-01
2188	4.685731e-01	8.941352e-01	5.248769e-02	6.560962e-02	3.436886e-01	1.383961e-01	7.760418e-01	9.144592e-01
132	8.156217e-01	3.131961e-01	4.354155e-02	5.442694e-02	2.851094e-01	1.019604e-01	4.864399e-01	4.477791e-01
3384	5.679002e-01	1.249455e-01	2.791564e-02	3.489455e-02	1.827912e-01	1.561993e-01	4.959277e-01	9.580577e-01
4746	1.179134e-01	9.327931e-01	2.191131e-02	2.738914e-02	1.434749e-01	1.379987e-01	9.556855e-01	8.486997e-01
27001	3.361768e-01	6.434448e-01	2.298884e-02	2.873606e-02	1.505306e-01	1.253751e-01	7.974602e-01	4.904001e-01
1291	6.183612e-01	5.119057e-01	4.835007e-02	6.043759e-02	3.165955e-01	2.420519e-01	5.964883e-01	1.077992e-01
21111	6.359582e-01	8.856088e-01	4.357422e-02	5.446777e-02	2.853233e-01	2.450055e-01	4.582925e-02	8.932583e-02
23486	1.411819e-01	7.705985e-01	5.184205e-02	6.480256e-02	3.394609e-01	1.442591e-01	4.700521e-01	6.549036e-01
4948	5.524635e-01	4.742530e-01	2.183041e-02	2.728801e-02	1.429452e-01	1.296373e-01	9.625691e-01	6.324325e-01
6204	2.774443e-01	4.610816e-01	4.468614e-02	5.585767e-02	2.926041e-01	2.278332e-01	3.166991e-01	1.135897e-01
26944	8.383601e-01	9.178497e-01	2.483811e-02	3.104764e-02	1.626396e-01	1.625542e-01	5.694577e-01	5.511388e-01
6865	7.704448e-01	9.328732e-01	6.062368e-02	7.577959e-02	3.969629e-01	1.913630e-01	2.828965e-01	5.532461e-01
3782	6.709998e-01	5.837835e-01	3.366259e-02	4.207824e-02	2.204221e-01	9.064126e-02	2.496487e-01	4.729433e-01
3717	1.705278e-01	2.833846e-01	3.176767e-02	3.970958e-02	2.080142e-01	6.026201e-02	6.821387e-01	1.588257e-01
19447	6.100085e-01	9.449227e-01	2.129411e-02	2.661764e-02	1.394335e-01	1.099557e-01	4.096502e-01	7.063464e-01
13340	1.055658e-01	9.603880e-01	2.954283e-02	3.692854e-02	1.934460e-01	1.484325e-01	1.312051e-01	2.696705e-01
13797	5.663534e-01	5.755856e-01	2.488791e-02	3.110988e-02	1.629656e-01	6.422398e-02	4.346927e-01	6.523437e-01
1790	1.823995e-01	7.167989e-01	3.449816e-02	4.312270e-02	2.258934e-01	2.171672e-01	6.146586e-01	2.190659e-02
899	2.802098e-01	1.953469e-01	4.057888e-02	5.072360e-02	2.657099e-01	1.962106e-01	6.999299e-01	2.310511e-01
9936	5.153453e-01	1.220362e-01	2.762659e-02	3.453324e-02	1.808985e-01	1.706031e-01	3.234597e-01	7.346478e-02
25504	4.810944e-01	9.586345e-01	3.467924e-02	4.334905e-02	2.270791e-01	2.048499e-01	7.144868e-01	7.615280e-02
17996	4.008105e-01	5.605252e-01	3.459870e-02	4.324838e-02	2.265517e-01	1.555476e-01	3.571791e-01	4.196226e-01
22424	2.882991e-02	8.361799e-01	2.485812e-02	3.107265e-02	1.627706e-01	4.431269e-02	2.997043e-02	8.934879e-01
29294	5.597686e-01	2.715678e-01	5.418556e-02	6.773195e-02	3.548062e-01	1.823737e-01	1.073685e-01	8.397988e-01
22162	6.620387e-01	1.464642e-01	2.825942e-02	3.532427e-02	1.850422e-01	1.323508e-01	6.781299e-01	7.030307e-01
