19127	7.306594e-01	2.368505e-01	3.535796e-02	4.419745e-02	2.315234e-01	8.410358e-02	7.577958e-01	7.709935e-01
4425	7.586643e-01	8.886957e-01	3.062697e-02	3.828371e-02	2.005449e-01	1.984501e-01	2.869066e-01	5.098480e-01
22111	5.282194e-01	2.364769e-01	2.235788e-02	2.794735e-02	1.463991e-01	1.155359e-01	1.172050e-01	7.441958e-01
31136	6.728803e-01	3.366580e-01	2.525603e-02	3.157004e-02	1.653761e-01	6.610314e-02	8.044333e-01	2.564734e-02
7643	7.536986e-01	5.862090e-01	2.328379e-02	2.910473e-02	1.524619e-01	1.220186e-01	1.971892e-01	1.596075e-01
639	9.355257e-01	2.928455e-01	5.142853e-02	6.428567e-02	3.367532e-01	3.355462e-01	9.551803e-01	1.690788e-01
29126	5.055498e-01	8.907224e-01	4.715235e-02	5.894044e-02	3.087529e-01	1.228432e-01	3.306204e-02	6.792361e-01
4600	6.617853e-01	2.606395e-01	4.570085e-02	5.712607e-02	2.992485e-01	2.732568e-01	8.023324e-02	4.188630e-02
25934	8.726351e-01	5.971864e-01	4.033352e-02	5.041690e-02	2.641033e-01	2.510264e-01	9.549856e-01	3.696247e-01
9898	4.093106e-01	5.021927e-02	4.764049e-02	5.955061e-02	3.119492e-01	2.544854e-01	8.305786e-01	1.295396e-01
21627	1.882231e-01	3.474512e-01	4.793417e-02	5.991771e-02	3.138722e-01	2.915587e-01	8.468041e-01	5.631128e-01
19014	1.319254e-01	1.938174e-01	2.965937e-02	3.707421e-02	1.942091e-01	5.598332e-02	9.165143e-01	4.740363e-01
25608	1.231290e-01	6.081298e-01	4.277705e-02	5.347132e-02	2.801035e-01	2.441699e-01	9.134263e-01	8.423855e-01
1289	4.912406e-02	8.663495e-01	3.802954e-02	4.753692e-02	2.490168e-01	2.235660e-01	3.258087e-01	8.142855e-01
19665	6.958155e-01	1.728770e-01	3.203885e-02	4.004856e-02	2.097899e-01	1.670353e-01	6.486908e-01	7.342017e-02
27157	3.530120e-01	2.964147e-01	3.038857e-02	3.798571e-02	1.989839e-01	1.344594e-01	5.656098e-01	1.982870e-01
9192	6.180158e-01	4.135610e-01	2.262202e-02	2.827753e-02	1.481287e-01	1.460871e-01	9.066623e-01	7.910067e-02
10648	8.152406e-01	6.541516e-01	2.568947e-02	3.211183e-02	1.682142e-01	1.568358e-01	6.429611e-01	1.642726e-01
13278	1.454260e-01	3.670613e-01	2.069767e-02	2.587209e-02	1.355280e-01	1.175405e-01	3.697443e-01	4.007409e-01
9596	6.553485e-01	7.531366e-01	6.098822e-02	7.623527e-02	3.993499e-01	3.897695e-01	2.420942e-02	9.082300e-01
28324	7.011256e-01	3.901860e-01	2.836180e-02	3.545226e-02	1.857127e-01	1.823754e-01	8.032874e-01	2.551157e-01
3937	8.281222e-01	8.979439e-01	7.543338e-02	9.429172e-02	4.939366e-01	4.938410e-01	1.622061e-01	1.372948e-01
24773	5.456189e-02	2.962336e-01	2.205581e-02	2.756977e-02	1.444211e-01	1.406574e-01	8.845244e-01	4.495320e-01
4854	1.907334e-01	7.911020e-01	4.816368e-02	6.020460e-02	3.153750e-01	1.064610e-01	5.777747e-01	6.790382e-01
25178	3.429654e-01	8.977350e-01	2.101740e-02	2.627174e-02	1.376216e-01	7.582654e-02	3.017158e-01	2.268858e-01
10709	5.847492e-01	1.007575e-01	2.528469e-02	3.160586e-02	1.655637e-01	9.718950e-02	6.458198e-01	4.801091e-01
13258	4.564209e-01	3.741750e-01	2.998667e-02	3.748334e-02	1.963523e-01	1.927655e-01	6.073261e-01	6.483757e-01
2457	9.118683e-01	5.557304e-02	3.437439e-02	4.296799e-02	2.250830e-01	1.722114e-01	7.634291e-01	8.346441e-01
158	3.605796e-01	9.425394e-01	4.648348e-02	5.810435e-02	3.043731e-01	2.695338e-01	9.416574e-01	8.869710e-01
1288	6.149413e-01	8.251979e-01	3.269735e-02	4.087169e-02	2.141018e-01	2.051631e-01	4.159862e-01	4.674816e-01
29091	6.427680e-01	6.960109e-01	2.590626e-02	3.238282e-02	1.696338e-01	1.493525e-01	4.942779e-02	6.704829e-01
15591	1.374730e-01	9.597100e-01	2.094472e-02	2.618090e-02	1.371457e-01	1.367908e-01	6.097908e-02	2.737924e-01
31914	4.466693e-01	6.164295e-01	2.465932e-02	3.082415e-02	1.614688e-01	1.319573e-01	3.541096e-01	4.583374e-01
2152	1.850649e-01	7.165926e-02	3.946486e-02	4.933108e-02	2.584153e-01	2.583912e-01	3.484328e-01	3.950226e-01
12385	4.513311e-01	6.823773e-01	3.525721e-02	4.407151e-02	2.308637e-01	1.324504e-01	1.140721e-01	6.443610e-01
12332	2.475778e-01	2.911699e-01	2.670036e-02	3.337545e-02	1.748336e-01	1.191403e-01	9.648326e-01	5.268293e-01
24775	1.143761e-01	3.316490e-01	3.939465e-02	4.924332e-02	2.579556e-01	2.015004e-01	1.796483e-01	4.707426e-01
10954	2.389563e-01	4.880623e-01	2.070482e-02	2.588102e-02	1.355748e-01	7.690774e-02	8.026666e-01	9.640433e-02
8866	2.643019e-01	7.971694e-01	2.585423e-02	3.231779e-02	1.692931e-01	1.677377e-01	7.805980e-01	8.190407e-01
4533	3.214855e-01	1.453954e-01	7.473524e-02	9.341905e-02	4.893652e-01	4.741451e-01	5.902994e-01	9.123121e-02
25264	8.040004e-01	5.793944e-01	3.218893e-02	4.023616e-02	2.107726e-01	2.076393e-01	1.771219e-01	7.078891e-01
26935	5.521732e-01	6.247128e-01	5.526200e-02	6.907750e-02	3.618547e-01	2.591905e-01	1.535950e-01	4.991609e-02
925	1.907276e-01	8.924642e-01	3.406011e-02	4.257513e-02	2.230250e-01	1.434764e-01	5.420293e-01	3.184630e-01
31472	8.569087e-01	1.862424e-01	2.203918e-02	2.754897e-02	1.443122e-01	1.419502e-01	2.323377e-01	7.991850e-01
17763	3.198742e-02	6.524091e-01	2.425538e-02	3.031922e-02	1.588238e-01	6.982108e-02	6.387728e-01	4.526410e-01
14536	9.043242e-01	1.880509e-01	4.136489e-02	5.170612e-02	2.708567e-01	2.380250e-01	9.504146e-01	2.228045e-01
20807	3.236729e-01	3.811270e-01	2.123677e-02	2.654596e-02	1.390580e-01	1.287774e-01	5.026372e-01	1.222632e-01
11908	3.374229e-01	7.081509e-01	2.660535e-02	3.325669e-02	1.742114e-01	1.740599e-01	9.225416e-01	9.710279e-01
7370	4.272528e-01	3.390196e-01	2.259481e-02	2.824351e-02	1.479505e-01	1.431499e-01	7.782377e-01	5.070203e-01
16407	5.730724e-01	3.351191e-01	2.197199e-02	2.746498e-02	1.438722e-01	1.088729e-01	5.949160e-01	3.324011e-01
12897	4.802178e-01	7.706334e-01	2.133134e-02	2.666418e-02	1.396773e-01	1.069465e-01	7.181005e-01	4.305513e-01
2711	2.094580e-01	2.136119e-01	2.791188e-02	3.488985e-02	1.827666e-01	1.826938e-01	2.702621e-01	7.269772e-01
18955	6.481879e-01	4.424455e-01	3.989137e-02	4.986422e-02	2.612081e-01	9.147489e-02	4.160871e-03	4.563932e-01
1120	9.624141e-01	8.514995e-01	2.647569e-02	3.309462e-02	1.733624e-01	1.577770e-01	7.803345e-01	6.170230e-01
31968	2.129792e-01	6.529211e-01	3.064391e-02	3.830489e-02	2.006559e-01	1.535148e-01	8.556742e-01	1.116159e-01
30002	7.643433e-01	1.741538e-01	3.826585e-02	4.783231e-02	2.505642e-01	2.216677e-01	9.279295e-01	8.161813e-02
5596	3.970669e-01	5.174147e-01	5.413905e-02	6.767381e-02	3.545016e-01	3.363664e-01	3.224501e-01	8.577050e-01
31888	7.716998e-01	7.889435e-01	3.823385e-02	4.779231e-02	2.503546e-01	9.160291e-02	6.118632e-01	5.225151e-01
14470	4.586643e-01	1.885336e-01	2.330001e-02	2.912501e-02	1.525681e-01	1.488458e-01	5.686930e-01	9.140718e-01
9308	1.714867e-01	6.821254e-01	3.278640e-02	4.098300e-02	2.146848e-01	1.077420e-01	9.518221e-01	8.897554e-02
4505	7.825536e-01	2.750035e-01	3.495673e-02	4.369591e-02	2.288961e-01	1.029320e-01	5.464407e-01	5.160716e-01
22309	8.143074e-01	4.593871e-01	6.804356e-02	8.505445e-02	4.455482e-01	4.319943e-01	7.383665e-01	7.457956e-01
20306	3.470865e-01	4.661588e-01	2.129046e-02	2.661307e-02	1.394096e-01	9.135948e-02	7.841573e-01	9.798940e-02
28560	6.774110e-01	5.875131e-01	3.002870e-02	3.753588e-02	1.966275e-01	1.052137e-01	6.704007e-01	7.367932e-01
12498	2.881709e-01	8.950639e-01	6.558038e-02	8.197547e-02	4.294193e-01	1.593144e-01	5.178238e-01	2.293619e-01
27896	5.926223e-01	3.422985e-01	3.328445e-02	4.160556e-02	2.179461e-01	1.453778e-01	6.078490e-01	7.932591e-02
9398	5.905345e-01	9.069853e-01	2.646060e-02	3.307575e-02	1.732636e-01	9.337643e-02	6.462403e-01	4.381393e-01
20724	1.541597e-01	1.311532e-01	3.878528e-02	4.848160e-02	2.539654e-01	2.532754e-01	9.530770e-01	5.905366e-01
21409	3.083256e-01	7.478880e-01	3.694474e-02	4.618092e-02	2.419136e-01	2.292322e-01	5.889965e-02	5.332511e-01
13713	4.732703e-01	3.216427e-01	2.310822e-02	2.888527e-02	1.513123e-01	7.930035e-02	7.882584e-01	5.583411e-01
2141	5.438463e-01	8.294142e-01	2.113089e-02	2.641362e-02	1.383648e-01	5.207421e-02	9.700931e-01	1.097488e-01
24579	8.904087e-01	9.517752e-01	2.529738e-02	3.162172e-02	1.656468e-01	1.131127e-01	4.047429e-01	4.407020e-01
29713	6.430825e-01	8.296619e-02	2.811179e-02	3.513973e-02	1.840755e-01	1.390026e-01	1.665197e-02	8.064983e-02
27537	4.081899e-01	1.383082e-01	3.636228e-02	4.545285e-02	2.380997e-01	2.374039e-01	9.375706e-01	5.301374e-01
23100	3.055972e-01	5.696603e-01	4.682435e-02	5.853044e-02	3.066051e-01	8.800022e-02	7.143344e-01	3.881200e-02
23829	5.786696e-01	7.291298e-01	3.732922e-02	4.666152e-02	2.444311e-01	2.008286e-01	2.755796e-01	8.981120e-01
24291	2.360283e-01	4.389349e-01	3.617770e-02	4.522212e-02	2.368910e-01	2.258765e-01	1.226973e-02	4.649513e-01
