13831	3.847913e-01	6.759481e-01	6.633739e-02	8.292174e-02	4.343762e-01	3.835990e-01	9.827063e-01	3.908417e-01
139	7.901366e-01	2.876307e-01	4.574750e-02	5.718438e-02	2.995539e-01	1.605248e-01	1.063640e-01	4.263042e-01
24872	2.768970e-01	9.200889e-01	3.375730e-02	4.219662e-02	2.210423e-01	1.800812e-01	3.420280e-02	3.904221e-01
27985	5.535093e-01	5.989976e-01	3.927297e-02	4.909121e-02	2.571588e-01	2.482910e-01	1.288792e-01	1.182033e-01
8969	1.383304e-01	8.589483e-02	4.803201e-02	6.004001e-02	3.145128e-01	3.143173e-01	6.288964e-01	4.753099e-02
14963	8.411387e-01	7.364904e-01	7.072305e-02	8.840381e-02	4.630934e-01	4.179901e-01	4.053416e-01	2.274987e-01
6588	2.524448e-01	5.471396e-01	6.546710e-02	8.183388e-02	4.286776e-01	1.481952e-01	5.030999e-01	5.424839e-01
1663	6.417371e-01	5.089614e-01	4.040901e-02	5.051126e-02	2.645976e-01	2.436260e-01	1.110290e-01	9.289419e-01
29981	4.353031e-01	8.449585e-01	2.215529e-02	2.769412e-02	1.450725e-01	1.385434e-01	4.681695e-01	2.660488e-01
21683	5.059894e-01	5.976324e-01	5.004014e-02	6.255018e-02	3.276621e-01	2.320271e-01	5.655430e-01	9.847869e-01
19578	1.515095e-01	2.514269e-01	2.497954e-02	3.122442e-02	1.635656e-01	1.481767e-01	1.472228e-01	2.136927e-01
13264	3.812021e-01	9.295639e-01	2.940669e-02	3.675837e-02	1.925546e-01	1.704386e-01	9.185118e-01	1.845549e-02
8620	4.223269e-01	7.494621e-01	2.997733e-02	3.747166e-02	1.962911e-01	1.499337e-01	6.067394e-01	8.173642e-02
31294	4.479926e-01	1.090255e-01	5.623905e-02	7.029882e-02	3.682525e-01	2.102813e-01	9.307360e-01	9.783495e-01
19070	6.968253e-01	9.335073e-01	4.060822e-02	5.076027e-02	2.659020e-01	2.658809e-01	9.496998e-01	6.852686e-01
29096	3.318346e-01	9.331781e-01	4.205687e-02	5.257109e-02	2.753877e-01	1.367054e-01	5.461495e-01	6.017504e-01
7162	1.423896e-01	8.389775e-01	2.323966e-02	2.904958e-02	1.521729e-01	1.046606e-01	4.638029e-01	5.358909e-01
24481	4.888291e-01	4.355053e-01	3.959239e-02	4.949049e-02	2.592504e-01	2.585698e-01	9.697488e-01	1.472010e-01
6081	1.721900e-01	5.030325e-01	2.071271e-02	2.589089e-02	1.356265e-01	5.069487e-02	5.634896e-01	8.503133e-01
4903	9.336725e-01	3.041467e-02	2.620743e-02	3.275929e-02	1.716058e-01	1.280825e-01	5.978277e-01	8.771977e-01
16972	3.639819e-01	1.092730e-01	5.629045e-02	7.036306e-02	3.685890e-01	1.526153e-01	9.653447e-01	4.418872e-01
24640	6.641272e-01	6.540935e-01	3.710421e-02	4.638027e-02	2.429578e-01	2.427627e-01	6.885173e-01	8.711863e-01
3409	9.275020e-01	6.802541e-01	4.919815e-02	6.149769e-02	3.221487e-01	2.670325e-01	3.108413e-01	6.840895e-01
21064	3.645262e-01	5.350768e-01	2.147345e-02	2.684181e-02	1.406078e-01	1.384826e-01	4.324061e-01	2.884935e-01
8561	3.107181e-01	8.353335e-01	2.098232e-02	2.622790e-02	1.373919e-01	1.335911e-01	5.895329e-02	6.533358e-01
20917	9.099059e-02	5.373296e-01	2.310785e-02	2.888482e-02	1.513099e-01	1.424068e-01	5.709273e-01	4.526952e-01
15630	9.230663e-01	9.110033e-01	2.110492e-02	2.638115e-02	1.381947e-01	1.380256e-01	6.782707e-01	9.922978e-01
2986	6.340597e-01	2.225557e-01	2.221526e-02	2.776908e-02	1.454652e-01	5.221517e-02	5.180111e-02	8.798457e-01
9671	5.486673e-01	2.220853e-01	3.314331e-02	4.142913e-02	2.170219e-01	1.793690e-01	9.951950e-01	4.151830e-01
19784	2.636295e-01	5.959230e-01	2.450647e-02	3.063309e-02	1.604680e-01	5.980545e-02	8.185857e-01	1.837298e-01
4658	2.292757e-01	4.174186e-02	2.438033e-02	3.047542e-02	1.596420e-01	1.078174e-01	7.241388e-01	2.235193e-01
29839	7.725849e-01	7.725091e-01	5.374719e-02	6.718399e-02	3.519358e-01	3.354401e-01	7.388653e-01	7.868156e-01
27788	5.712613e-01	9.489952e-01	4.841199e-02	6.051499e-02	3.170010e-01	3.164001e-01	4.276704e-01	9.196435e-01
2167	9.149501e-01	7.671889e-01	5.600667e-02	7.000834e-02	3.667308e-01	3.665535e-01	1.789193e-01	6.353612e-01
31646	6.674227e-01	2.006390e-01	2.793810e-02	3.492262e-02	1.829382e-01	9.436400e-02	3.189535e-01	3.857087e-02
8754	3.800583e-02	7.302647e-01	4.081049e-02	5.101312e-02	2.672265e-01	2.662637e-01	9.560621e-01	2.877273e-01
27143	1.700868e-01	7.462848e-01	2.695933e-02	3.369916e-02	1.765293e-01	1.634036e-01	4.119342e-01	5.047524e-01
13089	7.145275e-01	7.711646e-02	4.499371e-02	5.624214e-02	2.946181e-01	2.430504e-01	5.871679e-01	2.783966e-01
20803	7.038360e-01	3.706369e-01	2.379014e-02	2.973768e-02	1.557775e-01	1.373861e-01	1.506276e-01	7.461741e-01
27530	1.826931e-01	6.970950e-01	3.194846e-02	3.993558e-02	2.091980e-01	7.517081e-02	6.474832e-01	5.351438e-01
25499	4.486598e-01	5.061604e-02	2.404127e-02	3.005158e-02	1.574218e-01	1.570418e-01	9.582788e-01	1.730257e-01
26066	3.118045e-01	2.340225e-01	2.546627e-02	3.183284e-02	1.667528e-01	7.365240e-02	1.717541e-01	2.840404e-01
8596	2.432398e-01	1.432428e-01	2.768601e-02	3.460751e-02	1.812876e-01	1.812170e-01	3.075546e-01	9.571645e-01
12356	1.143748e-01	1.555925e-01	6.832648e-02	8.540810e-02	4.474007e-01	1.278983e-01	9.129245e-03	9.820243e-02
30959	5.054376e-02	4.075279e-01	2.599747e-02	3.249684e-02	1.702310e-01	1.701018e-01	8.668954e-01	3.953650e-01
22802	3.751978e-01	8.854246e-01	2.735547e-02	3.419433e-02	1.791232e-01	1.703283e-01	6.295805e-01	3.057939e-01
27305	2.527470e-01	6.449780e-01	2.330324e-02	2.912905e-02	1.525893e-01	7.128009e-02	5.786800e-01	8.251257e-01
27502	6.047334e-01	1.211787e-01	5.582918e-02	6.978648e-02	3.655686e-01	3.606486e-01	5.427549e-01	5.707195e-01
9788	7.136344e-01	5.801969e-01	5.896915e-02	7.371143e-02	3.861291e-01	3.830976e-01	4.569733e-01	7.883051e-01
24282	2.777943e-01	7.074529e-01	5.959878e-02	7.449847e-02	3.902519e-01	2.772673e-01	8.493849e-01	1.018508e-01
28763	7.085672e-01	4.573981e-01	2.537803e-02	3.172254e-02	1.661749e-01	1.378304e-01	7.559786e-01	8.822569e-03
23314	1.963237e-01	3.141119e-01	2.206177e-02	2.757721e-02	1.444601e-01	1.017355e-01	8.181667e-01	1.664353e-01
1135	4.171142e-01	2.391747e-01	7.146964e-02	8.933705e-02	4.679821e-01	3.727572e-01	5.888978e-01	2.331902e-01
11391	9.016732e-01	9.514301e-01	3.334733e-02	4.168417e-02	2.183578e-01	1.529729e-01	9.143007e-01	4.025457e-01
4596	4.236451e-01	8.927322e-01	2.505889e-02	3.132361e-02	1.640852e-01	1.516932e-01	3.192052e-01	9.176565e-01
10509	1.505925e-01	6.767003e-01	3.107026e-02	3.883783e-02	2.034476e-01	1.728378e-01	3.722389e-01	3.710208e-01
8769	8.218466e-01	9.012204e-01	2.949587e-02	3.686984e-02	1.931385e-01	1.786831e-01	3.773788e-01	7.475903e-01
8104	8.637886e-02	8.291398e-01	2.605043e-02	3.256303e-02	1.705778e-01	1.065223e-01	3.070045e-01	4.175469e-01
11219	4.849491e-01	5.449703e-01	2.236693e-02	2.795867e-02	1.464583e-01	1.457634e-01	2.607865e-01	6.192199e-01
20237	4.326433e-01	5.436982e-01	4.832418e-02	6.040523e-02	3.164260e-01	3.150578e-01	2.499231e-01	1.216289e-01
20831	5.794509e-02	8.055658e-01	2.413624e-02	3.017029e-02	1.580437e-01	9.161295e-02	7.649825e-01	9.057454e-02
22752	9.459146e-01	2.329810e-01	4.050036e-02	5.062545e-02	2.651957e-01	2.158520e-01	8.660188e-03	7.431825e-01
17540	7.638673e-01	4.344726e-01	4.413355e-02	5.516694e-02	2.889858e-01	2.889843e-01	1.244679e-01	3.275110e-01
183	5.142483e-01	6.802235e-01	5.817748e-02	7.272185e-02	3.809452e-01	3.740843e-01	3.574712e-01	5.670565e-01
16658	4.710772e-01	2.071891e-01	2.982970e-02	3.728712e-02	1.953244e-01	7.809975e-02	5.914923e-01	9.421460e-01
26562	6.857627e-01	8.499808e-01	3.554124e-02	4.442655e-02	2.327235e-01	1.663376e-01	3.508872e-01	5.557206e-01
26038	5.237531e-01	9.155896e-02	2.268226e-02	2.835283e-02	1.485231e-01	1.053210e-01	1.745875e-01	9.778273e-02
16108	1.954861e-01	4.391624e-01	7.486943e-02	9.358678e-02	4.902438e-01	4.289573e-01	6.576053e-04	4.015528e-02
6613	8.029100e-01	9.585828e-01	3.231714e-02	4.039643e-02	2.116122e-01	2.096015e-01	3.448342e-01	4.187579e-01
29395	4.371042e-02	5.322995e-01	2.716365e-02	3.395456e-02	1.778672e-01	1.570859e-01	8.333413e-01	8.093249e-01
18266	1.084213e-01	4.208687e-01	3.758947e-02	4.698684e-02	2.461353e-01	2.441350e-01	4.753430e-01	3.936312e-01
15429	4.081910e-01	1.683045e-01	2.181801e-02	2.727251e-02	1.428640e-01	1.256344e-01	4.034043e-01	6.688883e-01
17886	6.117438e-01	2.982431e-01	7.420969e-02	9.276211e-02	4.859239e-01	4.744731e-01	9.322845e-02	6.623952e-01
6297	8.190366e-01	5.397983e-01	3.661893e-02	4.577366e-02	2.397802e-01	2.020366e-01	9.805670e-01	1.209383e-01
764	5.601718e-01	7.247109e-01	3.869867e-02	4.837334e-02	2.533983e-01	2.395367e-01	4.340277e-01	1.748304e-01
27845	2.113258e-01	8.328548e-01	3.075744e-02	3.844680e-02	2.013992e-01	7.865802e-02	5.169443e-01	7.345251e-01
