11717	6.151443e-01	1.444626e-01	2.299412e-02	2.874265e-02	1.505651e-01	1.505586e-01	7.756681e-01	5.934515e-02
25811	9.123708e-01	5.016487e-01	2.538532e-02	3.173165e-02	1.662227e-01	1.090873e-01	7.021834e-02	5.124192e-01
14610	6.408624e-01	9.121120e-01	3.640326e-02	4.550408e-02	2.383680e-01	7.665128e-02	3.913449e-01	3.007393e-01
12398	2.278508e-01	5.237275e-01	4.804246e-02	6.005307e-02	3.145813e-01	2.439251e-01	8.312856e-01	6.378102e-01
16511	6.371962e-01	5.701691e-01	6.858242e-02	8.572803e-02	4.490766e-01	3.431397e-01	3.949010e-01	9.970686e-01
2958	6.110885e-01	2.833867e-01	2.230000e-02	2.787500e-02	1.460201e-01	1.315447e-01	1.297689e-01	5.482579e-01
28355	4.882625e-01	7.610403e-01	3.539110e-02	4.423887e-02	2.317404e-01	2.301143e-01	1.428961e-01	8.194374e-01
30436	6.024208e-01	4.949000e-01	4.788465e-02	5.985581e-02	3.135480e-01	2.389991e-01	6.763318e-01	6.485792e-01
9010	6.240357e-01	2.279533e-01	2.156786e-02	2.695982e-02	1.412260e-01	1.050845e-01	7.529868e-01	9.831059e-01
17858	7.799357e-01	8.061138e-01	5.940903e-02	7.426129e-02	3.890094e-01	2.097799e-01	2.174953e-01	1.900928e-02
10562	4.985166e-01	9.463182e-01	2.587713e-02	3.234641e-02	1.694430e-01	1.541987e-01	5.862897e-01	1.858475e-01
24178	5.099883e-01	5.374971e-01	4.450473e-02	5.563091e-02	2.914163e-01	2.014897e-01	1.813791e-01	8.495817e-01
27993	6.679875e-01	1.673180e-01	3.773315e-02	4.716644e-02	2.470761e-01	2.363105e-01	6.959183e-01	1.840126e-01
13985	1.869851e-01	5.471363e-01	2.481856e-02	3.102320e-02	1.625116e-01	9.569023e-02	2.720589e-01	9.051297e-01
29982	5.376900e-01	4.743967e-01	2.716233e-02	3.395291e-02	1.778585e-01	1.506664e-01	8.056603e-02	4.248931e-01
11936	6.368533e-01	1.077790e-01	2.362310e-02	2.952888e-02	1.546837e-01	1.414911e-01	9.494645e-01	8.648862e-01
12674	8.982968e-01	7.169567e-01	2.762612e-02	3.453264e-02	1.808954e-01	1.310506e-01	9.134747e-01	7.325851e-01
3724	9.321811e-01	7.110577e-02	4.727888e-02	5.909860e-02	3.095814e-01	1.792615e-01	5.745390e-02	2.785860e-02
25474	3.690600e-01	1.215791e-01	3.331166e-02	4.163957e-02	2.181242e-01	2.038961e-01	9.849755e-01	4.266784e-01
25764	1.082115e-01	5.075047e-01	5.939893e-02	7.424866e-02	3.889432e-01	2.786999e-01	6.992801e-01	8.750679e-01
4831	5.246354e-02	7.831714e-01	2.659820e-02	3.324775e-02	1.741646e-01	1.042827e-01	6.955194e-01	7.523696e-01
17549	9.937564e-02	1.988662e-01	2.890240e-02	3.612800e-02	1.892524e-01	6.934392e-02	5.054531e-01	6.432422e-02
30307	7.127253e-01	5.547211e-01	2.409676e-02	3.012095e-02	1.577852e-01	1.365528e-01	3.099065e-01	7.493199e-01
3093	4.801739e-01	2.893873e-01	2.382830e-02	2.978537e-02	1.560273e-01	1.291229e-01	6.156824e-01	7.126026e-01
692	6.485267e-01	5.063690e-01	3.093507e-02	3.866883e-02	2.025623e-01	8.877046e-02	1.961204e-01	2.864559e-01
21561	6.039026e-02	6.862874e-01	2.770223e-02	3.462779e-02	1.813938e-01	1.743734e-01	6.669602e-01	3.583576e-01
11518	8.797227e-01	4.884136e-01	2.698688e-02	3.373359e-02	1.767096e-01	1.281617e-01	6.677831e-01	3.330360e-01
9537	5.312709e-01	4.900311e-02	4.019656e-02	5.024570e-02	2.632065e-01	2.305367e-01	3.334736e-01	7.055456e-01
21329	5.366765e-01	3.110522e-01	3.470894e-02	4.338617e-02	2.272736e-01	6.425797e-02	8.682104e-02	1.849286e-01
30805	1.689054e-01	6.996141e-01	2.082754e-02	2.603443e-02	1.363784e-01	5.431004e-02	2.911242e-01	6.399317e-01
20177	2.799474e-02	1.929358e-01	2.245908e-02	2.807386e-02	1.470617e-01	1.160117e-01	9.920627e-01	3.309737e-01
24789	7.901219e-01	2.478803e-01	2.622156e-02	3.277696e-02	1.716984e-01	1.050443e-01	7.053390e-01	9.206147e-03
24224	2.047830e-01	8.387379e-01	2.363738e-02	2.954672e-02	1.547772e-01	1.540316e-01	5.864943e-02	4.133286e-01
3356	8.851352e-01	4.041575e-01	3.127906e-02	3.909882e-02	2.048148e-01	1.986740e-01	9.853559e-01	4.397637e-01
23638	7.665902e-01	2.176967e-01	3.404165e-02	4.255207e-02	2.229042e-01	1.577662e-01	7.747934e-02	8.356176e-01
7532	3.792968e-01	6.833391e-01	2.075752e-02	2.594690e-02	1.359199e-01	7.246185e-02	4.874057e-01	9.602591e-01
13844	4.864063e-02	8.274931e-01	2.797177e-02	3.496471e-02	1.831587e-01	1.568768e-01	6.520374e-01	1.428163e-01
20146	4.204498e-01	1.574636e-01	3.232446e-02	4.040557e-02	2.116600e-01	1.264895e-01	3.425569e-01	6.536657e-02
15411	4.747153e-01	5.042751e-01	3.683672e-02	4.604590e-02	2.412062e-01	2.279823e-01	1.000573e-01	5.157941e-01
31963	8.277102e-01	7.495893e-01	6.179217e-02	7.724021e-02	4.046142e-01	1.052440e-01	5.656752e-01	7.927042e-01
19026	9.155621e-01	8.958643e-01	2.714934e-02	3.393667e-02	1.777734e-01	1.281010e-01	5.186077e-01	6.944654e-01
26136	3.393652e-01	4.010273e-01	2.140293e-02	2.675367e-02	1.401461e-01	1.143894e-01	4.590862e-01	2.075437e-02
9640	5.794610e-01	1.877753e-01	7.050657e-02	8.813322e-02	4.616760e-01	1.371075e-01	9.740263e-01	1.022538e-01
3584	5.678049e-01	5.292748e-02	2.093858e-02	2.617323e-02	1.371055e-01	1.267650e-01	5.529275e-01	1.573626e-01
28644	2.628326e-01	8.837795e-02	2.154695e-02	2.693369e-02	1.410891e-01	8.773868e-02	3.494994e-01	2.441623e-01
24560	3.829582e-02	3.603595e-01	2.935396e-02	3.669244e-02	1.922092e-01	9.367393e-02	2.536963e-01	8.584830e-01
16754	4.461956e-02	2.857972e-01	3.347966e-02	4.184958e-02	2.192243e-01	2.051357e-01	5.076190e-01	6.010333e-01
1009	2.755802e-01	6.794782e-01	3.353010e-02	4.191262e-02	2.195546e-01	1.708275e-01	5.375447e-01	5.179810e-02
17779	1.552214e-01	1.871557e-01	2.673774e-02	3.342217e-02	1.750783e-01	1.376344e-01	3.354762e-01	4.012543e-01
24689	2.519237e-01	5.716179e-01	3.583439e-02	4.479299e-02	2.346430e-01	2.337741e-01	3.100102e-01	4.408354e-01
18810	6.809447e-02	6.341196e-01	2.157123e-02	2.696404e-02	1.412481e-01	8.601908e-02	4.994172e-01	1.324786e-02
6583	2.460706e-01	7.265108e-01	2.056577e-02	2.570721e-02	1.346643e-01	4.363186e-02	9.027447e-01	7.940107e-01
16900	6.712223e-02	5.843376e-02	2.318571e-02	2.898214e-02	1.518197e-01	1.467706e-01	2.964183e-02	7.505105e-01
18704	9.179811e-01	6.086966e-01	3.809695e-02	4.762118e-02	2.494582e-01	1.309425e-01	9.746211e-01	1.795723e-01
16560	7.290235e-01	5.319742e-01	2.103091e-02	2.628864e-02	1.377101e-01	1.155458e-01	4.425740e-01	6.008616e-02
31030	7.284971e-01	4.050221e-01	3.134281e-02	3.917851e-02	2.052322e-01	8.691438e-02	3.900971e-01	7.206695e-01
19073	9.026026e-01	6.812371e-01	2.321563e-02	2.901953e-02	1.520156e-01	1.085906e-01	9.020798e-01	3.767367e-01
25354	8.018450e-01	3.624462e-01	2.230055e-02	2.787569e-02	1.460236e-01	1.045943e-01	6.525305e-01	9.353763e-01
21773	7.681913e-01	1.550450e-01	3.195062e-02	3.993828e-02	2.092122e-01	1.900975e-01	9.747077e-01	1.330912e-01
20471	7.113131e-01	3.303261e-01	4.603491e-02	5.754364e-02	3.014359e-01	2.454937e-01	6.639611e-01	7.890753e-01
28364	3.015717e-01	5.559847e-01	2.189626e-02	2.737032e-02	1.433763e-01	1.383923e-01	9.765594e-01	1.446594e-01
896	7.913531e-01	6.564197e-01	3.254420e-02	4.068025e-02	2.130989e-01	1.261598e-01	3.540988e-01	7.490367e-01
12484	8.445771e-01	3.543727e-01	4.526952e-02	5.658690e-02	2.964241e-01	2.876040e-01	5.808545e-01	9.014320e-01
21134	7.969264e-01	3.258712e-01	2.094612e-02	2.618265e-02	1.371548e-01	5.893790e-02	3.249015e-01	8.312859e-01
6065	1.896119e-01	3.203573e-01	4.601091e-02	5.751363e-02	3.012787e-01	2.519684e-01	3.211920e-01	8.303036e-01
17105	8.396825e-01	6.968484e-01	2.127824e-02	2.659780e-02	1.393296e-01	1.346382e-01	1.687186e-01	8.267413e-01
27515	7.567633e-01	7.333728e-01	3.318823e-02	4.148529e-02	2.173160e-01	1.856862e-01	8.178531e-01	8.807551e-01
15465	7.415897e-01	1.129025e-01	2.193249e-02	2.741561e-02	1.436136e-01	1.080734e-01	6.356682e-01	4.741862e-01
8007	8.407568e-01	8.185936e-01	4.852159e-02	6.065199e-02	3.177186e-01	2.380137e-01	4.465059e-01	8.456601e-02
15230	2.282927e-01	2.312222e-01	5.648047e-02	7.060058e-02	3.698332e-01	3.255992e-01	5.092515e-01	5.267304e-01
24530	2.375764e-01	6.740247e-01	5.883293e-02	7.354116e-02	3.852371e-01	3.043900e-01	5.461890e-01	6.867253e-01
21258	2.326908e-01	3.824876e-01	2.239900e-02	2.799875e-02	1.466683e-01	8.123336e-02	8.438273e-01	6.133821e-01
1673	3.320844e-01	4.759692e-01	2.234233e-02	2.792791e-02	1.462972e-01	1.242366e-01	7.372864e-01	3.878395e-01
32353	5.381478e-01	6.211630e-01	7.508446e-02	9.385558e-02	4.916519e-01	4.808970e-01	7.290871e-01	7.016593e-02
31049	7.396213e-01	2.541494e-01	2.535719e-02	3.169649e-02	1.660385e-01	1.315577e-01	4.047133e-01	7.089824e-01
2263	8.485362e-01	5.883912e-01	2.864635e-02	3.580794e-02	1.875759e-01	1.556979e-01	5.639556e-02	2.452835e-01
30723	6.854293e-01	2.849373e-01	2.984701e-02	3.730876e-02	1.954377e-01	1.783400e-01	6.137777e-01	9.043301e-01
4245	1.131607e-01	2.437208e-01	2.107007e-02	2.633759e-02	1.379665e-01	8.507544e-02	7.965444e-02	5.137523e-01
10104	4.709744e-01	8.613434e-01	7.042440e-02	8.803050e-02	4.611379e-01	3.623161e-01	9.688137e-01	3.269602e-01
14198	3.303395e-01	6.921708e-01	7.403747e-02	9.254683e-02	4.847962e-01	4.654297e-01	9.941334e-01	6.149945e-01
31067	7.862292e-01	4.824373e-01	5.209458e-02	6.511822e-02	3.411145e-01	3.408502e-01	2.581939e-01	2.522440e-01
12649	7.713161e-01	3.062574e-01	2.438832e-02	3.048540e-02	1.596944e-01	1.518637e-01	3.577275e-01	1.067661e-01
