6324	4.401871e-01	7.347805e-01	5.746190e-02	7.182738e-02	3.762596e-01	2.156019e-01	9.148958e-01	8.555551e-02
795	6.632500e-01	8.562236e-01	3.510052e-02	4.387565e-02	2.298376e-01	1.635688e-01	7.367500e-01	5.999475e-01
1533	8.958930e-01	1.959306e-01	7.507480e-02	9.384349e-02	4.915886e-01	1.302672e-01	3.745140e-01	9.074118e-01
21858	2.103150e-01	7.503695e-01	6.186971e-02	7.733714e-02	4.051219e-01	3.074162e-01	9.703146e-01	6.369452e-01
1688	2.465190e-01	5.058095e-01	2.427362e-02	3.034202e-02	1.589433e-01	9.106738e-02	4.607714e-01	3.958635e-01
23202	6.609671e-01	3.566383e-01	7.145988e-02	8.932485e-02	4.679182e-01	4.528248e-01	2.986570e-01	7.328431e-01
11642	7.097680e-01	5.122746e-01	2.332423e-02	2.915528e-02	1.527267e-01	1.207138e-01	7.932528e-01	9.693604e-01
18151	9.924090e-02	8.005589e-01	2.187512e-02	2.734390e-02	1.432379e-01	1.401977e-01	4.579832e-01	9.678312e-01
20244	8.508404e-01	5.980386e-01	4.109202e-02	5.136503e-02	2.690699e-01	1.148995e-01	7.033685e-01	9.969436e-01
32722	7.584404e-01	9.616578e-02	2.718489e-02	3.398112e-02	1.780063e-01	1.599457e-01	6.282110e-01	2.823691e-01
17730	7.218547e-01	3.983511e-01	2.167363e-02	2.709204e-02	1.419186e-01	1.353713e-01	3.779667e-01	8.686613e-01
22216	1.872790e-01	2.123803e-01	3.756324e-02	4.695405e-02	2.459635e-01	2.099039e-01	6.345621e-01	6.846622e-01
21076	5.601789e-01	6.344846e-02	2.919844e-02	3.649805e-02	1.911909e-01	1.902896e-01	7.120712e-02	7.041345e-01
15557	4.659807e-01	2.850374e-01	4.578921e-02	5.723652e-02	2.998271e-01	2.668790e-01	2.664842e-01	4.073811e-01
26307	7.970002e-01	7.547930e-01	2.535949e-02	3.169936e-02	1.660535e-01	1.181124e-01	8.952544e-01	3.222203e-01
14210	9.130781e-01	9.559750e-01	3.418806e-02	4.273508e-02	2.238629e-01	1.552489e-01	7.965873e-01	6.805370e-01
13543	4.647195e-01	1.407231e-01	4.874979e-02	6.093724e-02	3.192129e-01	2.014933e-01	1.370168e-01	5.559995e-01
31694	6.402585e-01	4.333072e-01	2.378064e-02	2.972580e-02	1.557153e-01	1.557139e-01	4.263343e-01	1.844868e-01
30919	8.882229e-01	8.344591e-02	4.954505e-02	6.193131e-02	3.244202e-01	2.674765e-01	4.686490e-01	9.810156e-01
16920	5.682469e-01	3.550610e-01	3.646569e-02	4.558211e-02	2.387768e-01	2.086566e-01	7.260358e-01	6.041543e-01
13441	8.165048e-02	2.925698e-01	3.686353e-02	4.607941e-02	2.413818e-01	1.227832e-01	8.726789e-01	9.841960e-01
25167	8.461100e-01	4.246945e-01	5.778570e-02	7.223213e-02	3.783799e-01	2.553221e-01	4.575695e-01	6.023903e-01
18346	1.261131e-01	5.958126e-02	2.137358e-02	2.671697e-02	1.399539e-01	1.380137e-01	8.079132e-01	9.675729e-01
12449	2.260773e-01	5.045399e-01	2.435067e-02	3.043834e-02	1.594478e-01	8.855726e-02	8.874793e-01	7.977220e-01
3640	5.583030e-01	5.379983e-01	2.580644e-02	3.225805e-02	1.689802e-01	1.682676e-01	1.684747e-01	1.742513e-01
852	8.760394e-02	8.628817e-01	3.134227e-02	3.917784e-02	2.052287e-01	8.658499e-02	8.313739e-01	5.529901e-02
8940	3.148692e-01	7.983423e-01	4.920127e-02	6.150158e-02	3.221691e-01	3.101220e-01	4.770104e-02	2.130521e-01
5938	9.613936e-01	4.164552e-01	3.379027e-02	4.223783e-02	2.212581e-01	1.968564e-01	9.983007e-01	7.064994e-01
28709	7.521796e-01	6.899207e-01	2.165485e-02	2.706856e-02	1.417956e-01	1.304059e-01	9.950076e-01	3.452253e-01
6242	2.326790e-01	8.919801e-01	2.815954e-02	3.519943e-02	1.843882e-01	1.321652e-01	4.198644e-01	6.336832e-01
15032	4.791348e-01	8.652857e-01	7.139152e-02	8.923940e-02	4.674706e-01	2.373705e-01	7.015326e-01	9.350587e-01
13325	8.688926e-01	3.065044e-01	2.547124e-02	3.183904e-02	1.667853e-01	8.404028e-02	2.520302e-02	5.765322e-02
7647	8.120233e-01	5.324319e-02	3.003725e-02	3.754656e-02	1.966834e-01	1.966739e-01	3.119831e-01	1.782687e-01
16545	2.586658e-01	8.689540e-01	3.333677e-02	4.167097e-02	2.182887e-01	1.539125e-01	3.957422e-01	7.864560e-01
30651	7.026315e-01	4.708802e-01	3.593046e-02	4.491307e-02	2.352721e-01	1.890691e-01	4.612745e-01	7.529494e-01
27120	1.997848e-01	5.453219e-01	2.532605e-02	3.165756e-02	1.658346e-01	1.636808e-01	7.060361e-01	1.781351e-01
9184	1.112346e-01	5.593373e-01	3.463264e-02	4.329080e-02	2.267740e-01	1.787705e-01	3.053403e-02	3.922350e-01
6160	4.796305e-01	2.288876e-01	2.452735e-02	3.065918e-02	1.606047e-01	7.189875e-02	4.283708e-01	7.488967e-01
25167	3.580759e-01	7.946396e-01	2.650561e-02	3.313201e-02	1.735583e-01	1.732630e-01	2.861936e-01	4.050031e-01
292	8.207387e-01	6.969972e-01	2.262710e-02	2.828388e-02	1.481619e-01	6.768178e-02	3.010188e-01	8.019252e-01
2030	2.445076e-01	5.789743e-01	5.850972e-02	7.313715e-02	3.831207e-01	2.875730e-01	5.307972e-01	9.232434e-01
19272	2.322613e-01	6.819640e-02	2.350870e-02	2.938587e-02	1.539346e-01	9.250931e-02	9.091333e-01	3.123377e-01
17935	1.593218e-01	6.993266e-02	2.314229e-02	2.892787e-02	1.515354e-01	1.290341e-01	4.224185e-03	4.831139e-01
10996	9.363748e-01	7.592787e-01	5.523142e-02	6.903928e-02	3.616545e-01	3.536845e-01	4.395587e-01	5.591976e-01
2854	2.890263e-01	2.614250e-01	2.543926e-02	3.179908e-02	1.665759e-01	8.427010e-02	7.412810e-01	4.139953e-02
8403	2.584964e-01	8.071094e-01	2.373994e-02	2.967493e-02	1.554488e-01	8.641274e-02	8.374394e-01	7.057908e-01
14749	3.138270e-01	7.268559e-01	3.042528e-02	3.803160e-02	1.992243e-01	1.933328e-01	5.471373e-01	8.326802e-01
19191	5.310209e-01	2.390568e-01	3.326736e-02	4.158421e-02	2.178342e-01	6.256604e-02	3.618566e-01	5.877538e-01
11435	7.891707e-01	8.905448e-01	2.848614e-02	3.560767e-02	1.865268e-01	1.850929e-01	3.166343e-02	6.540722e-02
21013	8.199973e-01	9.157944e-01	2.653902e-02	3.317378e-02	1.737771e-01	1.189091e-01	8.242996e-01	3.664233e-01
18625	5.811348e-01	4.735902e-01	2.073243e-02	2.591554e-02	1.357556e-01	1.348281e-01	7.666194e-02	6.187215e-01
19905	5.130345e-02	1.056200e-01	2.341459e-02	2.926824e-02	1.533184e-01	1.525554e-01	5.242974e-01	1.408192e-01
22676	6.435974e-01	8.186560e-01	5.464413e-02	6.830516e-02	3.578089e-01	2.094440e-01	7.812323e-01	4.310383e-01
5757	7.297424e-02	8.268774e-01	2.187391e-02	2.734239e-02	1.432300e-01	9.279579e-02	2.698042e-01	4.812123e-01
28025	2.071230e-01	4.290109e-01	5.758995e-02	7.198744e-02	3.770981e-01	1.856980e-01	9.624285e-01	5.317274e-01
14820	7.807914e-01	7.331106e-01	2.765942e-02	3.457427e-02	1.811134e-01	1.389204e-01	7.780325e-01	9.019674e-01
32294	2.370520e-01	6.782772e-01	2.934186e-02	3.667733e-02	1.921301e-01	1.714002e-01	7.949127e-01	6.333951e-01
13805	5.053855e-01	6.494454e-01	2.944272e-02	3.680340e-02	1.927905e-01	8.249187e-02	8.966148e-01	8.364165e-01
7522	9.441968e-01	4.985290e-01	3.824847e-02	4.781058e-02	2.504504e-01	1.741737e-01	5.866925e-01	4.253515e-01
3429	4.051689e-02	5.942269e-01	2.423961e-02	3.029951e-02	1.587206e-01	1.578413e-01	8.085058e-01	5.416587e-01
27996	8.446972e-01	4.890933e-01	3.264801e-02	4.081002e-02	2.137787e-01	1.707874e-01	9.758402e-01	6.530314e-01
26528	4.257295e-01	8.104765e-02	3.420926e-02	4.276157e-02	2.240017e-01	9.240846e-02	1.246512e-02	1.266226e-01
1460	8.519503e-01	6.733636e-01	4.417765e-02	5.522206e-02	2.892746e-01	1.112844e-01	8.571353e-01	1.688733e-01
29479	4.391031e-02	8.277189e-01	2.610219e-02	3.262774e-02	1.709168e-01	1.549008e-01	5.231889e-01	5.815759e-01
11022	3.995251e-01	2.373110e-01	4.220952e-02	5.276190e-02	2.763873e-01	2.278268e-01	6.224581e-01	3.037805e-02
25065	2.254307e-01	3.837490e-01	3.596935e-02	4.496169e-02	2.355268e-01	2.044859e-01	1.089829e-02	6.556914e-01
1626	7.631145e-01	5.056571e-01	3.477850e-02	4.347313e-02	2.277291e-01	2.133748e-01	1.782800e-01	6.652156e-01
3159	3.650566e-01	9.571679e-01	4.241555e-02	5.301943e-02	2.777363e-01	1.748919e-01	1.458932e-01	1.299175e-01
30837	9.488536e-01	1.290293e-01	3.335490e-02	4.169362e-02	2.184074e-01	7.737410e-02	8.151873e-01	3.018727e-01
30594	7.760193e-01	2.561219e-01	5.976200e-02	7.470251e-02	3.913207e-01	1.277117e-01	8.455583e-01	5.160965e-01
21325	7.522623e-01	5.680375e-01	3.495218e-02	4.369023e-02	2.288664e-01	7.079693e-02	3.924741e-01	4.975872e-01
14495	6.598647e-01	9.504574e-01	2.926001e-02	3.657501e-02	1.915941e-01	1.915679e-01	1.776759e-01	1.326852e-01
