9421	1.853727e-01	3.533153e-01	5.855303e-02	7.319129e-02	3.834043e-01	2.045169e-01	9.996766e-01	2.045324e-01
9630	4.917953e-01	4.327072e-01	4.450648e-02	5.563310e-02	2.914277e-01	1.350195e-01	5.610049e-01	8.039108e-01
17804	5.237908e-01	6.465542e-01	2.694931e-02	3.368664e-02	1.764637e-01	1.764631e-01	2.741562e-01	2.200290e-01
19269	3.496301e-01	1.829528e-01	5.246552e-02	6.558190e-02	3.435434e-01	3.369187e-01	2.422505e-01	3.916489e-01
4221	2.435382e-01	1.158761e-01	4.725054e-02	5.906318e-02	3.093958e-01	3.058960e-01	9.864292e-01	2.984969e-01
20159	6.449175e-01	4.842366e-01	3.857858e-02	4.822323e-02	2.526120e-01	1.243534e-01	3.952529e-01	3.831064e-02
17827	8.670632e-01	8.543583e-01	6.145445e-02	7.681806e-02	4.024028e-01	1.539545e-01	4.580024e-01	6.662694e-01
17935	4.024003e-01	8.198395e-01	3.378703e-02	4.223379e-02	2.212370e-01	1.125508e-01	3.306827e-01	8.579144e-02
19659	6.402606e-02	9.246769e-01	3.438701e-02	4.298376e-02	2.251656e-01	1.768591e-01	5.621510e-01	3.497270e-02
10746	5.184747e-02	1.687737e-01	5.496102e-02	6.870128e-02	3.598839e-01	3.311069e-01	6.563847e-03	7.045356e-01
14367	1.582203e-01	5.232640e-01	2.193018e-02	2.741273e-02	1.435985e-01	4.856683e-02	8.533588e-01	9.707251e-01
17517	6.370157e-01	8.746354e-01	2.483682e-02	3.104602e-02	1.626311e-01	1.510942e-01	6.454235e-01	2.961549e-01
11836	5.415915e-01	1.310448e-01	7.654383e-02	9.567979e-02	5.012078e-01	1.944594e-01	3.515536e-01	6.590356e-01
6720	6.932737e-01	4.637438e-01	3.939420e-02	4.924275e-02	2.579526e-01	2.010692e-01	9.261362e-01	7.246533e-01
26388	9.110063e-01	3.894963e-01	3.619108e-02	4.523885e-02	2.369786e-01	1.535393e-01	9.385430e-01	8.981470e-01
3412	4.153424e-01	6.584022e-01	3.736205e-02	4.670256e-02	2.446461e-01	7.879935e-02	5.105730e-01	6.814645e-01
27518	9.088524e-01	4.750990e-01	5.150521e-02	6.438151e-02	3.372553e-01	1.335690e-01	9.180925e-02	2.462827e-01
10145	7.263817e-01	9.045650e-01	2.470164e-02	3.087704e-02	1.617459e-01	1.433092e-01	7.075914e-01	1.618295e-01
23538	1.804045e-01	7.420054e-01	2.690191e-02	3.362739e-02	1.761533e-01	6.074944e-02	3.537541e-01	3.452833e-01
23477	4.814801e-01	1.328186e-01	2.229459e-02	2.786824e-02	1.459847e-01	8.136038e-02	9.767642e-01	2.897764e-01
25523	1.135504e-01	7.627742e-01	6.597698e-02	8.247122e-02	4.320162e-01	4.276319e-01	8.139906e-01	9.442593e-01
7713	3.014022e-01	8.042625e-02	3.435022e-02	4.293778e-02	2.249247e-01	2.224871e-01	8.575843e-01	1.633182e-01
8673	5.846554e-01	5.145367e-01	2.859653e-02	3.574566e-02	1.872496e-01	1.180518e-01	6.605834e-01	8.466994e-01
20665	2.574634e-01	5.764405e-02	2.723698e-02	3.404622e-02	1.783473e-01	5.515522e-02	7.315105e-01	1.310840e-01
26676	6.953797e-01	6.766478e-02	2.090363e-02	2.612954e-02	1.368766e-01	9.391062e-02	7.841313e-01	2.603156e-01
28762	3.511553e-01	6.667438e-01	2.579854e-02	3.224818e-02	1.689285e-01	1.152712e-01	7.746353e-01	8.370462e-03
28182	6.905679e-01	1.161860e-01	3.383242e-02	4.229053e-02	2.215342e-01	2.115682e-01	8.089865e-01	3.871294e-01
8077	8.811288e-01	2.061030e-01	6.410876e-02	8.013595e-02	4.197832e-01	3.036661e-01	8.834591e-01	3.397640e-01
25468	1.174544e-01	3.563583e-01	2.503565e-02	3.129456e-02	1.639330e-01	1.020299e-01	1.191201e-01	8.298011e-01
25346	3.675937e-01	3.585167e-01	2.945251e-02	3.681564e-02	1.928546e-01	5.549548e-02	1.884871e-01	4.800118e-01
11452	1.498485e-01	8.275553e-01	4.371963e-02	5.464954e-02	2.862755e-01	9.010477e-02	5.015861e-01	2.400203e-01
23677	6.336219e-01	6.599138e-01	4.758401e-02	5.948002e-02	3.115794e-01	3.024078e-01	3.397491e-01	7.719988e-02
7723	5.171750e-01	2.527904e-01	2.520978e-02	3.151222e-02	1.650732e-01	1.501578e-01	3.415197e-01	4.179176e-02
5668	9.496607e-01	2.440163e-01	4.382233e-02	5.477792e-02	2.869480e-01	2.869328e-01	6.793743e-01	1.048667e-01
25689	9.670198e-01	8.545800e-01	2.386121e-02	2.982651e-02	1.562428e-01	6.161015e-02	6.584106e-01	5.493300e-01
26558	8.874588e-01	5.314515e-01	3.678180e-02	4.597725e-02	2.408466e-01	9.631376e-02	5.379886e-01	8.141517e-01
31300	1.467211e-01	5.901965e-01	5.045218e-02	6.306523e-02	3.303601e-01	2.028102e-01	2.293856e-01	6.288551e-01
17843	8.321929e-01	9.615599e-01	2.297546e-02	2.871933e-02	1.504430e-01	1.472899e-01	9.188215e-01	5.575117e-01
12997	8.033596e-01	2.949790e-01	2.525972e-02	3.157465e-02	1.654003e-01	1.393466e-01	1.915386e-01	1.720856e-01
6909	4.655017e-01	5.529230e-01	3.312659e-02	4.140823e-02	2.169124e-01	2.017626e-01	1.850000e-01	6.748228e-01
21599	1.477511e-01	1.431946e-01	2.720988e-02	3.401236e-02	1.781699e-01	1.756924e-01	5.732635e-01	3.213018e-01
24387	2.483645e-01	2.664089e-01	2.767456e-02	3.459320e-02	1.812126e-01	4.910489e-02	1.962015e-01	3.034564e-01
5033	9.537739e-01	1.253228e-01	2.473558e-02	3.091947e-02	1.619682e-01	8.576481e-02	2.828216e-01	6.322023e-02
15900	4.681665e-01	7.652354e-01	4.578247e-02	5.722809e-02	2.997829e-01	2.610286e-01	4.301919e-01	4.538348e-01
13856	4.655951e-01	8.915725e-01	3.084313e-02	3.855391e-02	2.019603e-01	1.155949e-01	3.270935e-01	4.836633e-01
25380	8.263280e-01	6.952506e-01	3.437657e-02	4.297071e-02	2.250972e-01	6.089271e-02	5.754802e-02	7.224442e-01
3956	3.481046e-01	2.608967e-01	3.127045e-02	3.908807e-02	2.047584e-01	1.455775e-01	6.207069e-01	3.733602e-02
22740	8.979127e-01	6.020289e-01	4.249446e-02	5.311807e-02	2.782531e-01	2.781555e-01	6.394161e-01	4.037195e-01
20398	5.374260e-01	2.259527e-01	2.752279e-02	3.440349e-02	1.802188e-01	1.657864e-01	7.575923e-01	5.655221e-01
4309	1.094818e-01	5.064071e-01	3.627921e-02	4.534901e-02	2.375557e-01	1.914997e-01	5.445949e-01	2.249623e-01
19956	7.983187e-02	4.463572e-01	2.866497e-02	3.583121e-02	1.876978e-01	9.120823e-02	9.495662e-01	8.472908e-01
24283	6.751825e-01	5.757439e-01	4.120166e-02	5.150207e-02	2.697878e-01	1.982022e-01	3.212720e-01	9.812073e-01
25543	2.995305e-01	4.467376e-01	2.060632e-02	2.575790e-02	1.349299e-01	1.324701e-01	6.133595e-01	2.889090e-01
26523	4.543346e-01	4.743081e-01	2.295961e-02	2.869951e-02	1.503392e-01	1.088163e-01	3.879645e-01	9.103126e-01
30372	6.178549e-01	1.974506e-01	2.812891e-02	3.516113e-02	1.841876e-01	1.510428e-01	6.248211e-01	9.654471e-01
16681	3.060642e-01	7.648936e-01	2.266567e-02	2.833209e-02	1.484145e-01	1.482382e-01	4.615227e-01	3.008375e-01
14520	6.042791e-01	2.924431e-01	2.913631e-02	3.642039e-02	1.907841e-01	1.347554e-01	2.069459e-01	9.457605e-01
13432	5.023783e-01	9.223797e-01	3.878911e-02	4.848639e-02	2.539905e-01	2.438967e-01	4.343169e-01	2.982254e-01
11349	9.047492e-01	1.065096e-01	4.585555e-02	5.731943e-02	3.002614e-01	2.769355e-01	9.081731e-02	4.835583e-01
5592	7.477568e-01	5.585334e-01	5.340099e-02	6.675123e-02	3.496688e-01	2.557203e-01	4.390653e-01	8.977079e-01
13317	8.320115e-01	5.460270e-01	6.660017e-02	8.325022e-02	4.360969e-01	3.186505e-01	1.230811e-01	6.297411e-01
3901	8.888830e-01	7.365927e-01	4.753181e-02	5.941476e-02	3.112375e-01	2.892759e-01	4.650205e-01	4.785326e-01
24834	4.932828e-01	6.789895e-01	4.243436e-02	5.304295e-02	2.778595e-01	1.750425e-01	7.676188e-01	8.127902e-01
27709	1.023883e-01	6.177344e-01	4.011967e-02	5.014958e-02	2.627030e-01	2.625824e-01	9.317036e-01	7.512259e-01
30231	3.993746e-01	7.331814e-01	3.043719e-02	3.804649e-02	1.993023e-01	1.823964e-01	2.682987e-01	6.663892e-01
30985	8.538395e-01	4.687329e-02	4.077639e-02	5.097048e-02	2.670031e-01	2.519298e-01	9.439182e-01	7.715577e-01
904	2.233971e-01	4.580702e-01	6.592568e-02	8.240711e-02	4.316804e-01	4.167925e-01	7.861621e-01	3.641559e-01
602	4.829967e-02	2.438553e-01	2.341887e-02	2.927358e-02	1.533464e-01	1.514768e-01	4.631054e-01	4.440398e-02
31725	2.300568e-01	4.498907e-02	3.300884e-02	4.126105e-02	2.161414e-01	2.158348e-01	8.978646e-01	8.862404e-01
4254	5.066906e-01	7.287453e-01	3.806075e-02	4.757594e-02	2.492212e-01	2.384762e-01	3.684587e-02	8.012854e-01
28611	1.165652e-01	2.277147e-01	3.113788e-02	3.892234e-02	2.038903e-01	1.534046e-01	9.651057e-01	9.566658e-01
19946	1.987506e-01	9.582239e-01	3.686887e-02	4.608609e-02	2.414168e-01	6.315553e-02	9.108425e-01	8.006212e-01
17723	9.512046e-01	2.926163e-01	2.997584e-02	3.746980e-02	1.962814e-01	7.857621e-02	8.203131e-01	9.940787e-01
26411	6.889340e-01	7.808389e-01	3.411098e-02	4.263873e-02	2.233582e-01	6.160884e-02	6.634014e-01	2.802678e-02
18762	2.364352e-01	6.300965e-01	3.410677e-02	4.263346e-02	2.233306e-01	1.987948e-01	6.125655e-01	1.810367e-01
23711	2.984323e-01	8.630732e-01	3.788942e-02	4.736177e-02	2.480993e-01	2.325761e-01	6.477541e-02	6.923880e-01
7156	7.851560e-01	5.194262e-01	3.176006e-02	3.970007e-02	2.079644e-01	8.190361e-02	2.117834e-01	6.461719e-02
23953	7.215401e-01	4.413511e-01	2.530933e-02	3.163666e-02	1.657251e-01	1.533055e-01	4.212416e-01	7.110807e-01
32116	1.966347e-01	1.877143e-01	2.529078e-02	3.161348e-02	1.656036e-01	7.182925e-02	2.191820e-01	6.725533e-01
