29693	7.869781e-01	9.211409e-01	3.587392e-02	4.484240e-02	2.349019e-01	2.300400e-01	2.060222e-01	1.520601e-01
19058	6.130444e-01	4.464030e-01	3.352058e-02	4.190073e-02	2.194922e-01	9.248080e-02	9.597175e-01	1.989943e-01
20665	5.451522e-01	3.524718e-01	2.313597e-02	2.891997e-02	1.514940e-01	9.796106e-02	3.144235e-01	8.491573e-01
14027	4.997410e-02	8.842832e-01	2.437209e-02	3.046512e-02	1.595881e-01	1.263276e-01	1.731787e-01	6.415752e-01
32691	7.349535e-01	7.232835e-01	2.385369e-02	2.981711e-02	1.561936e-01	1.535752e-01	9.301685e-02	7.122090e-01
16429	6.091215e-01	1.068157e-01	3.020697e-02	3.775871e-02	1.977948e-01	1.743446e-01	1.330488e-01	4.241742e-01
7329	4.916017e-01	2.178696e-01	2.512760e-02	3.140949e-02	1.645351e-01	1.539970e-01	1.215667e-01	5.764876e-01
19442	1.633282e-01	6.461176e-01	2.890758e-02	3.613447e-02	1.892864e-01	5.216564e-02	7.347534e-01	5.165140e-01
6795	9.409249e-01	3.208768e-01	3.212488e-02	4.015610e-02	2.103532e-01	1.941464e-01	9.435622e-01	6.962517e-01
27673	5.291129e-01	6.514363e-01	2.760778e-02	3.450973e-02	1.807753e-01	8.480694e-02	7.094265e-01	2.232845e-01
3962	3.003685e-01	5.757754e-02	2.134910e-02	2.668638e-02	1.397936e-01	1.154780e-01	2.946891e-01	9.205778e-01
27309	5.150323e-01	1.518417e-01	2.434864e-02	3.043580e-02	1.594345e-01	1.575359e-01	6.117787e-02	5.812754e-01
9285	8.000424e-01	1.275436e-01	2.254669e-02	2.818336e-02	1.476354e-01	4.665068e-02	3.341941e-01	8.922310e-01
22855	1.798340e-01	5.374213e-01	4.752895e-02	5.941119e-02	3.112188e-01	3.027983e-01	1.363014e-01	1.339259e-02
8835	2.352006e-01	9.395549e-02	2.629296e-02	3.286620e-02	1.721659e-01	1.172868e-01	3.831705e-01	6.744654e-01
9543	2.187497e-01	1.234162e-01	2.100465e-02	2.625581e-02	1.375381e-01	1.314269e-01	1.210528e-01	9.599841e-01
10290	5.326133e-01	2.280446e-01	3.233070e-02	4.041337e-02	2.117009e-01	1.253770e-01	4.440162e-01	8.547666e-01
31837	5.355839e-01	5.525197e-01	3.091020e-02	3.863775e-02	2.023995e-01	1.074348e-01	4.397420e-01	5.085352e-01
15110	7.213871e-01	3.275543e-01	5.765670e-02	7.207087e-02	3.775351e-01	3.771800e-01	4.939305e-01	8.430827e-01
23907	9.363376e-01	4.382913e-01	3.283357e-02	4.104196e-02	2.149937e-01	1.952729e-01	5.021146e-01	8.702786e-01
7829	7.066487e-01	1.608217e-01	2.213928e-02	2.767410e-02	1.449677e-01	1.350178e-01	8.682312e-01	5.077639e-01
8041	8.845031e-01	9.307213e-01	4.298436e-02	5.373046e-02	2.814609e-01	2.792013e-01	6.166111e-01	9.538630e-01
28360	7.266285e-01	6.468908e-01	2.635084e-02	3.293855e-02	1.725449e-01	8.676226e-02	7.381338e-01	1.920126e-02
23118	2.977505e-02	2.304157e-01	2.933367e-02	3.666708e-02	1.920764e-01	1.912385e-01	3.897950e-01	5.295488e-02
14300	4.608396e-01	5.327096e-01	2.377217e-02	2.971522e-02	1.556598e-01	5.057233e-02	8.383530e-01	4.302842e-02
12268	4.483505e-01	6.039251e-01	2.516028e-02	3.145036e-02	1.647492e-01	6.632941e-02	1.850241e-01	3.202516e-01
2809	4.327533e-01	7.175717e-01	4.522115e-02	5.652643e-02	2.961074e-01	2.430909e-01	4.760571e-01	9.586649e-01
26232	5.802235e-01	5.594895e-01	5.050851e-02	6.313564e-02	3.307289e-01	1.162009e-01	4.460739e-01	5.976463e-01
30530	8.636426e-01	4.652117e-01	6.647429e-02	8.309286e-02	4.352726e-01	1.488443e-01	1.598402e-01	4.885019e-01
349	2.678362e-01	2.388964e-01	2.452936e-02	3.066170e-02	1.606179e-01	4.257592e-02	6.636519e-01	4.448048e-01
12556	9.014575e-01	6.268355e-01	2.057731e-02	2.572164e-02	1.347399e-01	1.164399e-01	5.149862e-02	3.781492e-01
32351	5.692037e-01	1.967886e-01	2.903445e-02	3.629307e-02	1.901171e-01	1.885101e-01	2.603505e-01	8.339130e-02
27773	1.454080e-01	4.799412e-02	2.679792e-02	3.349741e-02	1.754724e-01	9.696359e-02	2.308753e-01	2.589567e-01
25661	6.766168e-01	5.395840e-01	2.848450e-02	3.560562e-02	1.865160e-01	8.455038e-02	8.025451e-01	3.742621e-01
27580	9.411423e-01	9.293096e-02	3.053986e-02	3.817482e-02	1.999745e-01	1.690106e-01	6.355011e-01	1.843387e-01
3609	6.635265e-01	4.362888e-01	2.227638e-02	2.784547e-02	1.458654e-01	9.853173e-02	2.148636e-01	1.950873e-01
1171	8.924316e-01	3.223516e-01	2.404075e-02	3.005094e-02	1.574185e-01	7.451065e-02	9.184786e-01	4.147292e-01
9271	4.815388e-02	6.620444e-01	2.986823e-02	3.733529e-02	1.955767e-01	1.525975e-01	3.889418e-01	4.229924e-01
17463	2.250388e-01	6.406704e-01	2.841264e-02	3.551581e-02	1.860456e-01	1.533031e-01	9.911280e-01	2.645132e-01
32236	2.747999e-01	4.420360e-01	2.089088e-02	2.611360e-02	1.367932e-01	1.366127e-01	4.664008e-01	2.082109e-01
1357	1.659038e-01	4.577808e-01	4.655166e-02	5.818958e-02	3.048196e-01	8.051987e-02	3.426095e-01	5.260434e-01
1022	3.967763e-02	3.023797e-01	2.981133e-02	3.726416e-02	1.952041e-01	1.946524e-01	1.694854e-01	6.360654e-01
23429	6.680537e-01	2.577398e-01	2.431223e-02	3.039028e-02	1.591961e-01	1.105518e-01	6.363600e-01	9.242914e-01
32121	5.264768e-01	8.952014e-01	2.277493e-02	2.846866e-02	1.491299e-01	1.454354e-01	4.776144e-01	5.828578e-01
17200	5.348454e-01	7.267263e-01	3.433409e-02	4.291761e-02	2.248191e-01	7.068792e-02	1.825340e-01	3.706225e-01
23556	7.919867e-02	8.204834e-01	2.908418e-02	3.635522e-02	1.904428e-01	5.069416e-02	6.797570e-02	4.372890e-01
20495	5.410993e-01	4.569032e-01	2.306693e-02	2.883366e-02	1.510419e-01	1.309110e-01	9.929384e-02	5.028403e-01
31909	3.397895e-01	8.773086e-01	2.968330e-02	3.710412e-02	1.943658e-01	1.797003e-01	8.054334e-01	1.435489e-01
21794	7.019552e-01	6.374265e-01	2.290493e-02	2.863116e-02	1.499811e-01	5.252658e-02	9.219673e-01	1.659534e-01
7738	9.148909e-01	8.800732e-01	3.051248e-02	3.814060e-02	1.997953e-01	1.626571e-01	5.526508e-01	1.838862e-01
30022	1.252989e-01	8.371252e-01	3.426650e-02	4.283312e-02	2.243765e-01	1.908437e-01	9.992586e-01	1.442645e-01
13627	3.234891e-01	8.526818e-01	2.180728e-02	2.725910e-02	1.427937e-01	8.389358e-02	5.306452e-01	7.208710e-01
1052	7.307216e-01	5.632512e-01	2.066650e-02	2.583312e-02	1.353239e-01	1.352918e-01	2.992714e-01	2.308989e-01
14389	2.500417e-01	4.667233e-01	2.958883e-02	3.698604e-02	1.937472e-01	1.448924e-01	9.170534e-01	1.650533e-01
10970	5.914008e-01	1.735645e-01	3.168362e-02	3.960452e-02	2.074638e-01	6.109199e-02	3.528653e-01	8.384831e-01
19869	8.668876e-02	5.229436e-01	2.682225e-02	3.352781e-02	1.756317e-01	1.708699e-01	7.078720e-01	8.375456e-01
25695	5.719480e-01	2.818868e-01	3.920597e-02	4.900746e-02	2.567201e-01	2.526136e-01	4.616690e-01	5.522415e-01
23624	6.203848e-01	3.679599e-01	2.180403e-02	2.725504e-02	1.427725e-01	4.361327e-02	6.115290e-02	4.672197e-01
29247	4.687783e-01	6.427038e-01	3.471855e-02	4.339819e-02	2.273366e-01	1.191337e-01	2.095079e-01	6.420746e-02
9260	7.090370e-02	3.284578e-01	4.074681e-02	5.093351e-02	2.668095e-01	2.335652e-01	6.076104e-01	6.782653e-01
26432	7.105848e-01	2.250248e-01	2.758677e-02	3.448346e-02	1.806377e-01	1.630863e-01	2.066778e-01	6.339970e-01
23390	6.223952e-01	2.202291e-01	2.258037e-02	2.822547e-02	1.478559e-01	1.091015e-01	1.162087e-01	3.907325e-01
10674	1.143846e-01	4.049843e-01	5.494910e-02	6.868637e-02	3.598058e-01	2.749802e-01	1.420575e-01	2.137135e-01
30610	3.681852e-01	4.378300e-01	3.141281e-02	3.926602e-02	2.056906e-01	1.431084e-01	6.208330e-01	3.474798e-01
29799	9.482777e-01	8.526531e-01	2.513803e-02	3.142254e-02	1.646034e-01	1.559957e-01	8.976445e-01	6.951635e-01
18078	4.187814e-01	4.676221e-01	2.631402e-02	3.289253e-02	1.723038e-01	1.348323e-01	3.602472e-01	7.495289e-01
17549	2.528844e-01	2.773212e-01	3.009445e-02	3.761806e-02	1.970580e-01	1.481634e-01	4.613098e-01	1.301607e-01
16536	1.969381e-01	2.857345e-01	4.206303e-02	5.257879e-02	2.754281e-01	1.479887e-01	9.938087e-01	5.154854e-01
14068	6.849353e-01	2.880707e-01	2.353602e-02	2.942003e-02	1.541135e-01	1.190343e-01	6.725599e-01	3.213192e-01
6729	8.971836e-01	4.203476e-01	2.333035e-02	2.916293e-02	1.527667e-01	1.466116e-01	7.202356e-01	1.509422e-01
32333	1.647212e-01	1.779337e-01	3.212211e-02	4.015264e-02	2.103351e-01	1.556057e-01	7.628589e-01	6.751767e-01
18895	8.173569e-01	1.361083e-01	2.054916e-02	2.568645e-02	1.345556e-01	3.921862e-02	7.880604e-01	7.731265e-02
11719	5.725001e-01	7.726505e-01	6.456429e-02	8.070536e-02	4.227660e-01	2.630367e-01	8.012990e-01	7.783826e-01
27950	9.735542e-02	1.036069e-01	5.291254e-02	6.614067e-02	3.464705e-01	1.161174e-01	8.333506e-01	7.049899e-01
10908	3.785894e-01	6.317927e-01	2.210310e-02	2.762888e-02	1.447308e-01	6.241875e-02	5.903984e-01	3.565335e-01
11106	2.936598e-01	3.591490e-01	4.303161e-02	5.378951e-02	2.817703e-01	8.371842e-02	4.375450e-01	2.635367e-01
14221	4.883254e-01	2.903297e-01	2.760791e-02	3.450989e-02	1.807762e-01	1.752646e-01	4.738467e-01	9.259004e-02
994	9.598843e-01	9.718073e-01	2.136239e-02	2.670298e-02	1.398806e-01	1.383499e-01	2.149876e-01	5.753198e-01
