13701	3.170247e-01	9.490203e-01	2.295520e-02	2.869400e-02	1.503103e-01	5.178099e-02	8.991222e-01	6.587378e-02
22395	3.661652e-01	9.116164e-01	4.064153e-02	5.080191e-02	2.661201e-01	2.183446e-01	7.082635e-01	3.839602e-01
24211	4.255849e-01	7.893713e-02	3.789004e-02	4.736254e-02	2.481034e-01	2.426994e-01	9.014542e-01	5.201311e-01
25401	3.460321e-01	7.329414e-01	2.614993e-02	3.268741e-02	1.712293e-01	1.669443e-01	6.579904e-02	6.925270e-01
21908	3.665862e-01	4.927052e-01	6.679476e-02	8.349345e-02	4.373711e-01	2.284501e-01	9.127308e-01	2.055854e-01
21040	5.563172e-01	8.706631e-01	2.726433e-02	3.408041e-02	1.785264e-01	5.447396e-02	6.010241e-01	8.548653e-01
7511	8.577418e-01	8.478530e-01	4.608222e-02	5.760278e-02	3.017457e-01	2.639675e-01	8.254196e-02	4.605748e-01
31990	8.008662e-01	1.962729e-01	2.645848e-02	3.307310e-02	1.732497e-01	4.774255e-02	4.200584e-01	3.606780e-01
32427	7.041655e-01	5.670215e-01	2.372433e-02	2.965542e-02	1.553466e-01	1.536871e-01	9.510527e-01	4.387224e-01
10387	5.181257e-01	4.586728e-01	6.745505e-02	8.431881e-02	4.416946e-01	3.742121e-01	3.479886e-01	1.442690e-01
14878	1.318586e-01	3.314155e-01	6.686235e-02	8.357794e-02	4.378136e-01	4.211752e-01	5.875005e-01	1.273737e-01
25987	4.858735e-02	4.041712e-01	2.802664e-02	3.503331e-02	1.835180e-01	1.529844e-01	4.840482e-01	6.131385e-01
1423	7.877778e-02	9.409180e-01	3.217192e-02	4.021490e-02	2.106612e-01	1.646534e-01	8.673751e-01	6.026677e-01
22580	4.396501e-01	8.981299e-01	7.764398e-02	9.705497e-02	5.084116e-01	3.664415e-01	6.286974e-03	7.181451e-01
15062	8.316706e-01	1.048302e-01	4.876855e-02	6.096068e-02	3.193357e-01	1.780052e-01	4.779901e-01	4.811236e-01
17936	6.005094e-01	9.668926e-01	2.749292e-02	3.436614e-02	1.800232e-01	9.082553e-02	6.141908e-01	4.721843e-01
19929	3.653366e-01	6.453894e-02	3.916846e-02	4.896057e-02	2.564745e-01	1.036983e-01	4.418865e-01	4.047761e-01
28367	8.236401e-01	7.265351e-01	4.487951e-02	5.609938e-02	2.938703e-01	2.860872e-01	2.032192e-01	9.799223e-01
14984	7.062876e-01	9.136639e-01	2.302267e-02	2.877834e-02	1.507521e-01	1.491518e-01	1.281830e-01	2.718808e-01
6147	6.939026e-01	7.660934e-01	2.401717e-02	3.002146e-02	1.572640e-01	1.493358e-01	2.776849e-01	6.289310e-01
10772	6.110485e-01	6.406794e-01	2.089535e-02	2.611919e-02	1.368224e-01	5.638973e-02	3.898450e-01	7.166821e-01
24338	6.130169e-01	1.551586e-01	6.415974e-02	8.019968e-02	4.201170e-01	2.610821e-01	3.090449e-01	4.595643e-01
4741	6.722527e-01	9.244549e-01	2.728704e-02	3.410880e-02	1.786751e-01	1.622190e-01	2.877125e-02	4.427904e-03
13023	2.279264e-01	3.470918e-01	2.380089e-02	2.975111e-02	1.558479e-01	1.468449e-01	5.160665e-01	4.168140e-01
29123	4.219328e-01	3.611777e-01	2.908826e-02	3.636032e-02	1.904695e-01	1.547697e-01	9.230778e-01	4.624169e-01
25028	6.728860e-01	4.875744e-01	3.145234e-02	3.931542e-02	2.059494e-01	1.565138e-01	5.087767e-01	2.728247e-01
15446	6.045647e-01	8.170232e-01	2.924771e-02	3.655964e-02	1.915136e-01	1.062460e-01	8.511694e-01	7.748166e-01
9769	2.511510e-01	3.176699e-01	5.317517e-02	6.646896e-02	3.481902e-01	1.613765e-01	1.490968e-02	5.545795e-01
11253	7.164174e-01	1.320961e-01	2.760013e-02	3.450016e-02	1.807252e-01	5.720829e-02	2.814072e-01	1.407291e-01
8227	2.800617e-01	4.757933e-01	2.091069e-02	2.613836e-02	1.369229e-01	7.465048e-02	7.893047e-01	9.745532e-01
31677	1.759927e-01	7.821786e-01	6.812921e-02	8.516151e-02	4.461090e-01	3.978884e-01	5.576959e-01	7.437875e-01
11752	6.624212e-01	1.548227e-01	2.981661e-02	3.727076e-02	1.952387e-01	1.064548e-01	4.173284e-01	8.087051e-02
27132	4.150178e-01	3.177788e-01	2.340794e-02	2.925992e-02	1.532748e-01	8.718894e-02	5.533247e-01	9.096222e-01
17097	5.383549e-01	1.029987e-01	4.317847e-02	5.397309e-02	2.827320e-01	2.505513e-01	9.086210e-01	9.485905e-01
17976	9.061189e-01	6.051583e-01	2.853404e-02	3.566755e-02	1.868405e-01	1.856309e-01	3.701961e-01	6.286712e-01
5999	7.643415e-01	5.169414e-01	2.423391e-02	3.029238e-02	1.586832e-01	1.205967e-01	6.710822e-01	9.430876e-01
3975	4.496705e-02	7.531078e-01	4.858843e-02	6.073554e-02	3.181563e-01	1.820440e-01	2.603876e-01	7.854522e-01
7784	4.186120e-01	7.428859e-01	3.919274e-02	4.899093e-02	2.566335e-01	2.439325e-01	7.597444e-01	2.559287e-02
26671	5.097027e-01	7.273950e-01	4.508351e-02	5.635439e-02	2.952061e-01	2.265438e-01	4.569927e-02	1.896783e-01
27724	2.467648e-01	7.123461e-01	3.926156e-02	4.907695e-02	2.570841e-01	1.764084e-01	1.626682e-01	5.462295e-01
7955	9.419271e-01	4.248409e-01	2.732941e-02	3.416177e-02	1.789526e-01	1.787489e-01	8.344994e-01	4.796891e-01
13303	8.319629e-01	2.126459e-01	3.356922e-02	4.196153e-02	2.198107e-01	1.290036e-01	2.180999e-01	8.076878e-02
3467	9.401209e-02	5.971417e-02	5.260304e-02	6.575381e-02	3.444439e-01	3.412754e-01	4.119519e-01	2.930959e-01
24440	2.342895e-01	6.095796e-01	2.116299e-02	2.645374e-02	1.385750e-01	9.787498e-02	7.051122e-01	1.523357e-01
9840	2.604225e-01	4.291418e-01	2.798926e-02	3.498657e-02	1.832732e-01	1.814826e-01	5.410896e-01	5.495959e-01
19687	9.516639e-01	6.041470e-01	2.797033e-02	3.496291e-02	1.831493e-01	9.061923e-02	2.676452e-01	3.554103e-01
25657	7.410311e-01	8.147709e-01	2.053923e-02	2.567403e-02	1.344905e-01	1.193967e-01	6.959799e-01	4.482838e-01
22196	7.413735e-01	6.422070e-01	7.008103e-02	8.760129e-02	4.588895e-01	4.193467e-01	7.283980e-01	4.131267e-01
21983	7.341129e-01	3.499009e-01	2.371995e-02	2.964994e-02	1.553179e-01	1.146931e-01	4.084261e-01	6.813056e-01
20078	5.690233e-01	8.387436e-01	2.543590e-02	3.179487e-02	1.665539e-01	5.603985e-02	4.902259e-01	6.498178e-01
18022	1.182227e-01	6.602599e-01	7.142358e-02	8.927948e-02	4.676805e-01	4.673836e-01	7.399054e-01	4.139622e-01
2764	2.551931e-01	3.791193e-01	2.352957e-02	2.941197e-02	1.540713e-01	1.006737e-01	8.894278e-01	1.514152e-01
6362	2.197366e-01	1.159591e-01	2.752429e-02	3.440536e-02	1.802286e-01	1.654264e-01	5.978657e-01	1.305227e-01
20839	2.916125e-01	7.577469e-01	2.349993e-02	2.937491e-02	1.538772e-01	1.477465e-01	9.682933e-02	9.603476e-02
27782	5.994851e-01	3.925257e-01	4.224586e-02	5.280733e-02	2.766252e-01	1.555988e-01	1.131815e-01	1.985879e-02
1823	7.514727e-01	7.222716e-01	3.384891e-02	4.231114e-02	2.216421e-01	8.039972e-02	3.816407e-01	2.481131e-01
19458	9.151425e-01	3.252881e-01	5.807056e-02	7.258819e-02	3.802451e-01	3.330726e-01	7.006600e-01	7.078967e-01
25764	7.443960e-01	2.112520e-01	4.427716e-02	5.534645e-02	2.899262e-01	2.898110e-01	1.675226e-01	1.143878e-01
6217	5.937255e-01	3.209587e-01	3.996915e-02	4.996143e-02	2.617174e-01	1.860557e-01	7.778948e-01	4.122079e-01
31041	3.018641e-01	8.660784e-01	2.520779e-02	3.150973e-02	1.650602e-01	1.604197e-01	6.904433e-01	4.538460e-02
25082	8.088657e-01	9.137105e-01	2.741219e-02	3.426523e-02	1.794946e-01	1.134349e-01	9.454137e-01	1.504259e-01
29154	1.353871e-01	2.493770e-01	2.612721e-02	3.265902e-02	1.710806e-01	1.645100e-01	9.062915e-01	8.168898e-01
27539	8.949803e-01	5.562912e-01	2.824244e-02	3.530305e-02	1.849310e-01	7.943727e-02	1.949583e-01	2.604451e-01
10141	5.757062e-01	1.076954e-01	2.083642e-02	2.604553e-02	1.364366e-01	1.299261e-01	2.114021e-01	1.830177e-01
12295	2.144704e-01	2.796092e-01	4.174613e-02	5.218266e-02	2.733530e-01	2.585780e-01	8.554344e-01	9.686334e-01
26459	3.574865e-01	2.121266e-01	2.753576e-02	3.441970e-02	1.803037e-01	1.669274e-01	7.741896e-01	4.544889e-01
19710	7.305218e-01	2.747124e-01	2.618161e-02	3.272702e-02	1.714368e-01	1.249478e-01	7.228460e-01	6.500712e-01
18042	4.168469e-01	1.602037e-01	5.465210e-02	6.831513e-02	3.578611e-01	2.915352e-01	9.876571e-02	6.760280e-01
10077	8.193421e-02	1.582893e-01	3.152280e-02	3.940349e-02	2.064108e-01	6.209242e-02	5.237576e-01	6.180654e-01
1304	6.583978e-01	3.043135e-01	3.688261e-02	4.610327e-02	2.415068e-01	9.073465e-02	8.689926e-01	2.629421e-01
11588	8.229237e-01	3.777955e-01	3.473145e-02	4.341431e-02	2.274210e-01	9.470155e-02	5.786483e-02	3.605687e-01
1208	3.371798e-01	2.400606e-01	3.156530e-02	3.945663e-02	2.066891e-01	8.954605e-02	1.862030e-01	9.263792e-01
8180	9.698577e-01	3.486238e-01	2.338298e-02	2.922872e-02	1.531114e-01	7.934087e-02	7.714148e-01	5.029877e-01
17117	3.902325e-01	4.073577e-01	5.059081e-02	6.323851e-02	3.312678e-01	1.580799e-01	8.411887e-01	6.752218e-01
18662	3.063868e-01	6.183445e-01	2.277090e-02	2.846362e-02	1.491035e-01	1.336637e-01	8.697028e-01	9.422454e-01
1367	3.062883e-01	4.951383e-02	3.109738e-02	3.887173e-02	2.036252e-01	1.334542e-01	1.743716e-01	5.908328e-01
22804	5.991452e-01	6.693161e-01	2.765190e-02	3.456488e-02	1.810642e-01	1.695639e-01	2.412167e-01	7.937636e-02
13565	5.630166e-01	5.573447e-01	2.175136e-02	2.718919e-02	1.424275e-01	8.746017e-02	2.220725e-01	7.479450e-02
16591	3.358036e-01	8.101475e-01	2.338540e-02	2.923174e-02	1.531272e-01	1.426643e-01	7.306734e-01	6.120543e-02
24010	3.660389e-01	7.945832e-01	2.784132e-02	3.480165e-02	1.823045e-01	1.685209e-01	2.197285e-01	3.043024e-01
