20311	8.259686e-01	1.187155e-01	4.096763e-02	5.120953e-02	2.682554e-01	2.444051e-01	7.961366e-01	3.807861e-01
1086	5.800157e-01	7.342522e-01	2.163540e-02	2.704425e-02	1.416683e-01	6.429909e-02	7.648228e-01	4.332239e-01
11770	5.543064e-01	4.430016e-01	5.097654e-02	6.372068e-02	3.337936e-01	2.526234e-01	5.738385e-01	2.311698e-01
2529	4.429032e-01	5.930774e-01	2.603588e-02	3.254486e-02	1.704826e-01	1.129935e-01	7.108881e-01	5.055205e-02
5320	9.362059e-01	7.771662e-01	3.407791e-02	4.259739e-02	2.231416e-01	2.020377e-01	8.074179e-01	3.949419e-01
8776	6.446903e-01	9.323957e-01	2.227657e-02	2.784571e-02	1.458666e-01	8.763565e-02	6.910980e-01	6.231339e-01
31744	1.936458e-01	2.384398e-01	6.072295e-02	7.590368e-02	3.976129e-01	1.179320e-01	2.544721e-01	6.193664e-02
18600	2.977446e-01	8.273528e-01	2.651063e-02	3.313828e-02	1.735912e-01	1.169187e-01	8.414827e-01	6.053455e-03
14061	4.537534e-01	1.911858e-01	5.084471e-02	6.355589e-02	3.329304e-01	1.474190e-01	4.232632e-01	3.436583e-01
14133	7.360580e-01	2.365624e-01	2.443200e-02	3.054000e-02	1.599804e-01	1.074067e-01	8.762772e-01	6.237497e-01
15685	5.497610e-01	9.436414e-01	2.439893e-02	3.049867e-02	1.597638e-01	1.561461e-01	6.200648e-01	1.483735e-01
15178	7.504136e-01	5.414928e-01	6.051153e-02	7.563941e-02	3.962286e-01	2.641324e-01	3.941722e-01	5.693213e-01
26033	6.608158e-01	9.392399e-02	3.453088e-02	4.316361e-02	2.261077e-01	7.462789e-02	6.439697e-02	7.345807e-02
12306	1.455465e-01	6.788522e-01	2.296572e-02	2.870715e-02	1.503792e-01	1.186880e-01	1.036339e-01	9.888375e-02
12377	5.615536e-01	1.310590e-01	6.995557e-02	8.744447e-02	4.580680e-01	4.429901e-01	8.895937e-01	3.236562e-01
14234	9.062531e-01	9.306715e-01	5.397817e-02	6.747271e-02	3.534482e-01	1.606105e-01	5.555868e-01	5.177623e-01
4520	1.451608e-01	1.320957e-01	2.562892e-02	3.203615e-02	1.678177e-01	1.082590e-01	7.319367e-01	8.868390e-01
11073	5.018415e-01	9.244695e-01	3.674541e-02	4.593176e-02	2.406084e-01	2.347978e-01	2.635989e-01	4.645847e-01
7266	6.640946e-02	7.643112e-02	5.836976e-02	7.296220e-02	3.822043e-01	2.745534e-01	5.226572e-01	8.445124e-01
12075	4.311692e-01	5.115866e-01	2.893545e-02	3.616931e-02	1.894689e-01	1.888225e-01	3.054186e-01	9.029956e-01
26057	3.484900e-01	1.506971e-01	2.922559e-02	3.653199e-02	1.913687e-01	1.605009e-01	6.267637e-01	1.168586e-01
19424	9.069923e-01	7.205260e-01	2.658380e-02	3.322975e-02	1.740703e-01	1.328989e-01	7.957442e-01	8.665920e-01
6206	1.888188e-01	8.028042e-01	2.833354e-02	3.541693e-02	1.855276e-01	1.511674e-01	5.045041e-01	5.196003e-01
6419	2.974256e-01	2.066788e-01	5.711645e-02	7.139556e-02	3.739976e-01	2.092284e-01	8.159916e-01	1.280830e-01
18992	4.846917e-01	4.521459e-01	4.037061e-02	5.046327e-02	2.643461e-01	2.637115e-01	1.657833e-01	6.316312e-01
2047	8.026464e-02	7.319999e-01	2.360631e-02	2.950788e-02	1.545737e-01	5.266834e-02	6.332630e-01	5.169935e-02
7448	2.326289e-01	7.070239e-01	2.244498e-02	2.805623e-02	1.469694e-01	3.879388e-02	8.412618e-02	5.659428e-01
11978	9.422255e-02	3.992454e-01	2.157612e-02	2.697015e-02	1.412801e-01	4.617120e-02	1.448048e-01	6.091882e-01
31632	1.355595e-01	5.667396e-01	4.506888e-02	5.633610e-02	2.951103e-01	1.291524e-01	3.904749e-01	6.103045e-01
17859	8.312818e-01	4.155295e-01	2.575289e-02	3.219111e-02	1.686295e-01	7.413208e-02	6.787141e-01	3.198672e-01
8580	6.014101e-01	6.121254e-01	2.836366e-02	3.545458e-02	1.857248e-01	7.520222e-02	6.580117e-01	3.553711e-01
25756	2.669279e-01	3.854924e-01	6.511138e-02	8.138922e-02	4.263483e-01	4.114450e-01	8.542514e-01	8.920911e-01
3657	2.182593e-01	1.788127e-01	3.853628e-02	4.817035e-02	2.523350e-01	1.134511e-01	4.783036e-01	2.991009e-01
28495	4.467454e-01	6.908282e-01	2.080980e-02	2.601225e-02	1.362623e-01	1.187030e-01	8.325021e-01	7.934207e-01
14491	9.149091e-01	8.331521e-01	2.182586e-02	2.728233e-02	1.429154e-01	1.148479e-01	6.408144e-01	2.101868e-01
14144	2.480105e-01	4.934194e-01	4.790572e-02	5.988215e-02	3.136859e-01	8.322534e-02	8.721304e-01	8.683011e-01
705	2.774670e-01	7.688683e-01	2.639910e-02	3.299888e-02	1.728609e-01	1.502511e-01	9.896333e-01	1.221525e-01
6171	8.990651e-01	3.994923e-01	6.569146e-02	8.211432e-02	4.301466e-01	1.399715e-01	8.603232e-01	7.049540e-01
17627	4.101528e-01	3.213665e-01	2.119583e-02	2.649479e-02	1.387900e-01	4.494458e-02	8.941533e-01	2.284140e-01
18470	9.447597e-01	8.879204e-01	2.550065e-02	3.187581e-02	1.669778e-01	5.195787e-02	8.301821e-01	2.185025e-01
32638	2.210169e-01	7.530938e-01	2.282271e-02	2.852839e-02	1.494428e-01	9.380068e-02	8.497058e-01	9.697284e-01
10616	2.004651e-01	4.270775e-01	3.000332e-02	3.750415e-02	1.964613e-01	1.887688e-01	1.466794e-01	2.214935e-01
6747	4.336980e-01	3.682418e-01	5.247371e-02	6.559214e-02	3.435971e-01	3.078392e-01	3.160668e-01	6.903833e-01
4348	6.294048e-01	5.439531e-01	3.700063e-02	4.625079e-02	2.422796e-01	9.543030e-02	2.270178e-01	7.954811e-01
18084	4.379117e-01	8.297085e-01	2.466203e-02	3.082754e-02	1.614866e-01	6.321531e-02	3.550015e-01	4.825716e-01
963	4.944520e-01	5.662653e-01	2.708569e-02	3.385711e-02	1.773567e-01	1.018856e-01	5.802441e-01	9.081967e-01
17666	5.892001e-01	8.476588e-01	2.258313e-02	2.822891e-02	1.478740e-01	1.474855e-01	5.676767e-01	3.375070e-01
29998	7.849253e-01	1.912217e-01	6.000965e-02	7.501206e-02	3.929422e-01	3.175428e-01	9.418654e-01	5.029608e-01
32248	3.231973e-01	4.310921e-01	4.450355e-02	5.562944e-02	2.914086e-01	1.009466e-01	2.444634e-01	9.224573e-01
8844	7.900552e-01	9.456819e-01	2.392148e-02	2.990186e-02	1.566375e-01	4.991246e-02	5.606938e-01	3.223981e-01
8599	2.972264e-01	7.307492e-01	2.659455e-02	3.324319e-02	1.741407e-01	9.265720e-02	7.636524e-01	8.004776e-01
10503	8.729281e-01	5.283874e-01	3.269089e-02	4.086362e-02	2.140595e-01	2.054529e-01	4.764314e-01	4.866656e-02
11334	2.442084e-01	8.221603e-01	5.990957e-02	7.488696e-02	3.922869e-01	1.080122e-01	7.454293e-01	4.515512e-01
18363	5.222418e-01	8.855754e-01	3.529349e-02	4.411687e-02	2.311012e-01	1.442871e-01	1.312938e-01	9.475769e-01
23006	7.539739e-01	7.969319e-01	2.557249e-02	3.196562e-02	1.674483e-01	1.671491e-01	3.475042e-01	9.536604e-01
6608	6.702622e-01	3.632025e-01	2.882834e-02	3.603543e-02	1.887675e-01	7.942217e-02	3.788591e-01	1.965626e-01
15949	6.577953e-01	8.572506e-01	2.499840e-02	3.124800e-02	1.636892e-01	6.973596e-02	7.808266e-01	4.770934e-01
16668	4.655795e-01	7.471251e-01	3.804504e-02	4.755630e-02	2.491183e-01	2.252673e-01	7.320039e-01	8.378008e-01
9022	6.498167e-01	7.488613e-01	4.358433e-02	5.448041e-02	2.853895e-01	1.764412e-01	1.988278e-01	1.656399e-01
25290	9.220216e-01	8.741174e-01	2.386718e-02	2.983398e-02	1.562819e-01	1.502099e-01	7.499294e-01	7.341762e-01
15503	5.052027e-01	4.129253e-01	2.098165e-02	2.622707e-02	1.373875e-01	1.057820e-01	3.596378e-01	7.340014e-01
26407	7.221880e-01	7.195311e-01	5.393784e-02	6.742230e-02	3.531841e-01	3.443773e-01	8.966830e-01	6.543055e-01
4362	8.872717e-01	7.819959e-01	2.375867e-02	2.969833e-02	1.555714e-01	1.075153e-01	5.112047e-01	9.761314e-01
11291	3.124736e-02	1.737176e-01	2.903523e-02	3.629404e-02	1.901222e-01	1.496501e-01	8.443942e-01	6.257489e-02
13718	1.153637e-01	8.252963e-02	2.357218e-02	2.946522e-02	1.543502e-01	1.488464e-01	9.730093e-01	9.730730e-01
24934	8.215422e-01	2.580396e-01	4.018865e-02	5.023582e-02	2.631547e-01	1.002495e-01	3.632018e-01	9.601392e-01
30007	8.998246e-01	3.460963e-02	2.445394e-02	3.056742e-02	1.601240e-01	9.784328e-02	7.760906e-01	9.023071e-01
16422	6.265747e-01	6.313623e-01	2.095284e-02	2.619105e-02	1.371989e-01	3.717062e-02	8.644934e-01	9.293150e-01
18538	6.676415e-01	2.728473e-01	2.390153e-02	2.987691e-02	1.565069e-01	1.504287e-01	2.680449e-01	9.062482e-01
21929	1.326466e-01	4.490605e-01	2.180499e-02	2.725623e-02	1.427787e-01	1.108633e-01	3.263659e-01	6.734179e-01
9456	7.439078e-01	3.516996e-01	3.075740e-02	3.844675e-02	2.013990e-01	2.013903e-01	3.130842e-01	9.296851e-01
