1870	5.889168e-01	4.176565e-01	5.589836e-02	6.987295e-02	3.660216e-01	1.019804e-01	7.579334e-01	9.872723e-01
23561	2.605194e-01	9.047958e-01	2.825604e-02	3.532005e-02	1.850201e-01	1.837137e-01	9.265427e-01	6.384829e-01
3381	4.819805e-01	8.688654e-01	2.146229e-02	2.682786e-02	1.405347e-01	1.395900e-01	5.328320e-01	7.875826e-01
30360	8.638365e-01	3.290062e-01	2.083670e-02	2.604588e-02	1.364384e-01	8.324002e-02	6.382635e-01	9.222721e-02
10148	1.379400e-01	2.863251e-01	6.519405e-02	8.149256e-02	4.268896e-01	1.601851e-01	8.019096e-01	9.685385e-01
25685	9.513641e-01	5.754179e-01	3.124235e-02	3.905294e-02	2.045744e-01	1.540637e-01	2.176802e-01	4.933302e-01
31276	6.309176e-01	5.753400e-01	3.929465e-02	4.911831e-02	2.573007e-01	2.323512e-01	9.004658e-01	9.655169e-01
14087	7.077991e-01	5.946952e-01	3.680558e-02	4.600698e-02	2.410024e-01	2.161217e-01	6.554826e-01	6.685620e-01
17675	8.620785e-01	3.001544e-01	2.132972e-02	2.666216e-02	1.396667e-01	5.037149e-02	4.148364e-01	9.874069e-01
7952	1.955873e-01	1.497921e-01	4.067357e-02	5.084196e-02	2.663299e-01	2.662150e-01	6.532165e-01	7.738251e-01
15972	9.132457e-01	6.028470e-01	3.050722e-02	3.813402e-02	1.997608e-01	1.460097e-01	7.662309e-01	9.756662e-01
17809	6.285517e-01	1.741042e-01	3.922627e-02	4.903283e-02	2.568530e-01	1.735568e-01	2.380016e-01	9.671139e-01
9799	4.600629e-01	3.050008e-01	2.386832e-02	2.983540e-02	1.562894e-01	1.254455e-01	2.988510e-02	3.454020e-01
2680	6.864511e-01	7.564832e-01	3.692844e-02	4.616055e-02	2.418068e-01	8.761087e-02	2.090833e-01	7.714126e-01
28369	5.732244e-02	3.450937e-01	2.374457e-02	2.968072e-02	1.554791e-01	1.174738e-01	4.020129e-01	3.912188e-01
9403	1.896474e-01	9.479413e-01	3.818537e-02	4.773171e-02	2.500372e-01	8.215181e-02	7.101338e-01	3.378289e-01
2173	9.202586e-01	5.022715e-01	5.794229e-02	7.242786e-02	3.794052e-01	3.271627e-01	7.343022e-01	5.372508e-01
24839	4.000973e-01	2.228103e-01	2.600252e-02	3.250315e-02	1.702641e-01	9.722444e-02	7.352086e-01	1.280886e-01
2508	5.718278e-01	7.441550e-01	7.847514e-02	9.809393e-02	5.138540e-01	4.984636e-01	5.460912e-01	7.836489e-01
1763	7.119621e-01	9.020779e-01	4.651339e-02	5.814174e-02	3.045690e-01	3.016025e-01	6.731918e-01	7.074260e-01
18087	5.380401e-01	4.164735e-01	2.657104e-02	3.321381e-02	1.739868e-01	6.915081e-02	9.681645e-01	7.868489e-01
14937	8.005917e-01	9.290854e-02	2.368055e-02	2.960068e-02	1.550598e-01	5.114646e-02	2.902835e-01	5.358333e-01
23502	1.963028e-01	6.782536e-01	4.896352e-02	6.120440e-02	3.206123e-01	2.127969e-01	5.489864e-01	2.651967e-01
21356	7.163797e-01	1.126199e-01	2.907909e-02	3.634886e-02	1.904094e-01	1.862167e-01	2.873559e-01	7.689712e-01
21799	6.757060e-02	3.996580e-01	3.884621e-02	4.855776e-02	2.543644e-01	1.992955e-01	2.901386e-01	2.789066e-01
433	3.752755e-01	9.238289e-01	3.759154e-02	4.698943e-02	2.461488e-01	1.876280e-01	4.690580e-01	8.815757e-01
3037	5.832723e-02	5.689934e-02	4.872991e-02	6.091239e-02	3.190827e-01	1.615659e-01	7.668454e-01	6.024667e-01
8518	7.708836e-01	3.594816e-01	4.264656e-02	5.330821e-02	2.792490e-01	2.754907e-01	3.342640e-01	4.855887e-01
27482	3.453611e-01	9.136470e-01	4.501641e-02	5.627051e-02	2.947667e-01	1.353828e-01	5.754308e-01	2.051009e-01
21800	9.077271e-01	9.106467e-01	4.343183e-02	5.428979e-02	2.843910e-01	1.531245e-01	5.690978e-01	2.401862e-01
1579	9.052111e-01	1.180898e-01	3.185929e-02	3.982411e-02	2.086141e-01	1.793799e-01	6.391358e-01	3.360695e-01
16594	7.211796e-02	6.187892e-01	3.127981e-02	3.909976e-02	2.048197e-01	1.975927e-01	5.094854e-01	9.494671e-01
8630	1.429950e-01	5.970039e-01	3.313840e-02	4.142300e-02	2.169897e-01	1.845225e-01	9.133571e-01	5.777930e-01
19682	6.572151e-01	9.589009e-01	3.170859e-02	3.963574e-02	2.076274e-01	2.071437e-01	7.815303e-01	8.932299e-01
10015	6.927449e-01	9.548377e-01	2.345038e-02	2.931297e-02	1.535527e-01	1.502995e-01	4.564709e-01	6.646662e-01
31507	3.903233e-01	7.299489e-01	3.443507e-02	4.304384e-02	2.254803e-01	2.254657e-01	2.479801e-01	4.071980e-01
8816	1.569709e-01	4.654557e-01	3.286574e-02	4.108218e-02	2.152044e-01	2.141397e-01	5.632982e-01	4.537746e-01
23402	8.557417e-01	7.220198e-02	2.382278e-02	2.977848e-02	1.559912e-01	1.554222e-01	4.471296e-01	4.139517e-01
31988	3.075898e-01	5.208903e-01	3.015321e-02	3.769152e-02	1.974428e-01	1.661514e-01	9.522522e-01	9.398213e-02
19443	9.024361e-02	3.348672e-01	3.450214e-02	4.312768e-02	2.259195e-01	2.189745e-01	9.331224e-01	7.399453e-01
17571	6.227190e-01	8.673853e-01	2.406762e-02	3.008452e-02	1.575944e-01	1.525467e-01	1.252178e-01	5.002137e-01
23865	1.804603e-01	3.628116e-01	2.128897e-02	2.661121e-02	1.393999e-01	1.372688e-01	7.387019e-01	6.619015e-01
23315	2.741728e-01	7.854190e-01	4.580601e-02	5.725751e-02	2.999371e-01	2.840978e-01	2.155150e-01	2.707673e-01
31444	7.059844e-01	5.212412e-01	2.542230e-02	3.177788e-02	1.664648e-01	1.200751e-01	6.187154e-02	3.881065e-01
1786	9.244738e-01	4.019363e-01	2.366326e-02	2.957907e-02	1.549467e-01	1.545788e-01	9.806032e-01	6.786793e-01
15378	7.835240e-01	5.678321e-01	2.350979e-02	2.938724e-02	1.539418e-01	8.721097e-02	5.413562e-01	9.869005e-01
22979	1.770901e-01	9.861269e-02	3.209618e-02	4.012022e-02	2.101653e-01	6.184173e-02	8.240357e-01	5.655140e-01
11307	3.324012e-01	6.415552e-01	2.230692e-02	2.788366e-02	1.460654e-01	9.207155e-02	4.795616e-01	6.607962e-01
24295	6.878063e-01	8.106657e-01	2.236184e-02	2.795230e-02	1.464250e-01	1.274147e-01	7.022020e-01	3.781945e-02
5023	2.051955e-01	5.439582e-01	2.569655e-02	3.212069e-02	1.682606e-01	1.237914e-01	9.388722e-01	8.760648e-01
30125	8.945469e-01	1.873876e-01	2.343063e-02	2.928828e-02	1.534234e-01	6.156545e-02	2.824671e-01	7.848041e-01
1219	5.811754e-01	2.458014e-01	2.365218e-02	2.956523e-02	1.548741e-01	1.371875e-01	8.925085e-01	1.358683e-01
11897	1.788932e-01	5.178414e-01	3.185677e-02	3.982096e-02	2.085976e-01	1.079414e-01	4.692144e-01	4.255840e-01
2028	4.457947e-01	8.090443e-01	3.008227e-02	3.760283e-02	1.969782e-01	6.821286e-02	3.352263e-01	7.069522e-01
29594	7.472116e-01	7.449253e-01	3.130823e-02	3.913529e-02	2.050058e-01	1.853291e-01	6.292933e-01	2.193006e-01
26555	8.091290e-01	5.001830e-01	3.335689e-02	4.169611e-02	2.184204e-01	1.362863e-01	7.417816e-01	6.092460e-02
14673	6.797409e-01	4.415044e-01	2.873093e-02	3.591367e-02	1.881297e-01	1.880131e-01	6.047919e-01	8.952160e-01
7470	1.456993e-01	8.538653e-01	2.498757e-02	3.123446e-02	1.636182e-01	8.995684e-02	8.968056e-01	8.042474e-01
29805	5.758032e-01	3.948097e-01	3.474118e-02	4.342648e-02	2.274847e-01	1.657702e-01	7.425881e-01	4.643491e-01
26993	8.369143e-01	9.468127e-01	2.265109e-02	2.831387e-02	1.483190e-01	5.042998e-02	2.945859e-01	8.205056e-02
12821	6.553227e-01	5.749427e-02	5.230596e-02	6.538245e-02	3.424986e-01	3.330639e-01	1.446087e-01	5.662854e-01
15084	6.837278e-01	6.751652e-01	3.704058e-02	4.630072e-02	2.425411e-01	1.086572e-01	7.231113e-01	6.948539e-01
23508	3.901257e-01	4.399728e-01	6.362426e-02	7.953032e-02	4.166107e-01	4.164665e-01	3.210826e-01	8.899737e-01
11575	3.753582e-01	8.292048e-01	7.098576e-02	8.873220e-02	4.648137e-01	1.873422e-01	5.669586e-01	3.889763e-01
24908	2.667140e-01	2.717881e-01	4.174135e-02	5.217669e-02	2.733217e-01	1.666529e-01	4.057160e-01	9.126154e-01
3028	5.906893e-01	1.388394e-01	3.985483e-02	4.981854e-02	2.609688e-01	2.508792e-01	9.353045e-02	1.490365e-02
26412	2.738874e-01	3.651912e-01	2.708358e-02	3.385447e-02	1.773429e-01	1.648478e-01	4.060295e-01	1.544573e-01
14573	4.552807e-01	8.641076e-02	2.453420e-02	3.066775e-02	1.606496e-01	8.749012e-02	8.174873e-02	3.529685e-01
12067	7.663346e-01	9.882841e-02	4.631727e-02	5.789659e-02	3.032848e-01	1.414395e-01	3.413683e-01	5.086995e-01
11525	3.783718e-01	3.057865e-01	3.351172e-02	4.188965e-02	2.194342e-01	1.527524e-01	4.818179e-01	8.966927e-01
20410	2.756015e-01	5.941617e-01	3.619467e-02	4.524334e-02	2.370021e-01	6.197248e-02	4.897611e-01	4.422137e-01
28902	9.450789e-01	3.887695e-02	2.163308e-02	2.704135e-02	1.416531e-01	5.600565e-02	5.094337e-02	7.805594e-01
8814	6.893505e-01	3.423931e-01	3.360119e-02	4.200148e-02	2.200200e-01	6.965339e-02	7.570674e-01	7.194270e-01
13123	1.270687e-01	1.787542e-01	2.504516e-02	3.130645e-02	1.639953e-01	1.054311e-01	7.010514e-01	9.260403e-01
31217	4.856264e-02	4.888018e-01	3.873960e-02	4.842450e-02	2.536663e-01	2.441705e-01	1.462466e-01	2.665186e-01
23226	2.830847e-01	6.474851e-01	2.334799e-02	2.918499e-02	1.528823e-01	5.008088e-02	6.018776e-01	2.092832e-01
23761	7.728905e-01	8.068399e-01	2.317604e-02	2.897005e-02	1.517563e-01	1.399342e-01	1.616119e-04	1.053662e-01
4416	2.251306e-01	6.167342e-01	2.487089e-02	3.108861e-02	1.628542e-01	1.533730e-01	5.449387e-01	8.953105e-01
23438	3.285045e-01	1.883404e-01	6.162069e-02	7.702586e-02	4.034913e-01	3.392013e-01	9.189279e-01	5.183981e-01
6139	3.132056e-01	8.085631e-01	2.729206e-02	3.411507e-02	1.787080e-01	1.771382e-01	1.462287e-02	9.049955e-01
