7139	2.180944e-01	3.450715e-01	2.255044e-02	2.818805e-02	1.476599e-01	1.151680e-01	8.150077e-01	5.127131e-01
24120	8.032596e-01	8.827315e-01	2.502627e-02	3.128284e-02	1.638716e-01	7.409868e-02	8.338984e-01	5.078951e-01
12467	1.362089e-01	2.336426e-01	2.190145e-02	2.737682e-02	1.434104e-01	8.524771e-02	5.605283e-01	6.647712e-01
25142	1.876893e-01	9.225994e-01	2.285980e-02	2.857475e-02	1.496856e-01	1.411411e-01	9.275083e-01	6.269268e-01
29391	5.901451e-01	5.711755e-01	2.073452e-02	2.591814e-02	1.357693e-01	4.105155e-02	3.220964e-01	5.660990e-03
18195	5.718158e-01	4.950778e-01	6.210448e-02	7.763060e-02	4.066592e-01	2.159915e-01	4.369659e-01	7.778437e-02
27762	6.017297e-01	7.323996e-01	3.148368e-02	3.935460e-02	2.061546e-01	2.015062e-01	9.242773e-01	8.516270e-01
26806	3.914890e-01	1.037118e-01	4.320848e-02	5.401060e-02	2.829285e-01	1.403236e-01	4.108169e-01	7.578866e-01
4471	4.966451e-01	8.980323e-01	3.265578e-02	4.081973e-02	2.138295e-01	7.884512e-02	2.345939e-01	7.320021e-01
267	2.746222e-01	4.875437e-01	2.387324e-02	2.984155e-02	1.563216e-01	1.120141e-01	9.654297e-01	1.539620e-01
25412	3.885994e-01	7.221418e-01	4.960535e-02	6.200669e-02	3.248151e-01	1.915433e-01	7.432259e-01	6.377670e-01
19498	3.543072e-01	7.615665e-01	2.074942e-02	2.593677e-02	1.358669e-01	1.090519e-01	4.408355e-01	2.532696e-01
14108	7.401428e-01	7.685993e-01	4.169778e-02	5.212223e-02	2.730364e-01	1.008874e-01	2.604266e-01	7.659928e-01
4174	8.966491e-01	8.121317e-01	3.948843e-02	4.936054e-02	2.585696e-01	2.272415e-01	7.936802e-01	5.532729e-01
24072	9.635600e-01	7.437509e-01	2.113159e-02	2.641449e-02	1.383693e-01	5.926829e-02	1.124291e-01	2.423256e-01
24492	2.275967e-01	7.321144e-01	3.431929e-02	4.289911e-02	2.247222e-01	1.421723e-01	8.461997e-01	3.406158e-01
21425	5.201011e-01	3.735258e-01	6.228192e-02	7.785240e-02	4.078211e-01	3.519151e-01	2.395715e-01	6.354428e-01
770	5.675868e-01	8.998498e-01	4.241527e-02	5.301908e-02	2.777345e-01	1.889232e-01	1.907343e-01	6.480359e-01
17494	1.525588e-01	5.279355e-01	5.096790e-02	6.370987e-02	3.337370e-01	3.224767e-01	4.050822e-01	1.356993e-01
25170	9.285033e-01	5.201820e-01	3.262125e-02	4.077656e-02	2.136034e-01	7.079127e-02	4.042987e-01	1.102903e-01
18251	7.260934e-01	5.837244e-01	6.736083e-02	8.420104e-02	4.410777e-01	2.187701e-01	9.239676e-01	9.486149e-01
30516	3.489524e-01	1.761427e-01	2.538764e-02	3.173454e-02	1.662378e-01	1.661181e-01	6.126299e-01	9.151119e-01
12277	4.470975e-01	7.467948e-01	2.398021e-02	2.997526e-02	1.570220e-01	1.548934e-01	1.352136e-01	9.282579e-01
4815	7.587315e-01	8.932148e-01	3.471696e-02	4.339620e-02	2.273261e-01	1.657412e-01	8.105460e-01	2.258412e-01
9916	8.892937e-01	2.064146e-01	2.785777e-02	3.482221e-02	1.824122e-01	1.541426e-01	1.854876e-01	2.646127e-02
30718	3.283033e-01	2.985848e-01	3.799973e-02	4.749966e-02	2.488216e-01	2.369596e-01	5.201200e-01	8.829647e-01
15484	6.645766e-01	7.302260e-01	3.902250e-02	4.877812e-02	2.555187e-01	1.250807e-01	9.767633e-01	4.600246e-01
13807	6.619347e-02	7.820851e-01	3.864356e-02	4.830445e-02	2.530374e-01	2.506718e-01	4.827165e-01	2.147804e-01
25865	3.728371e-01	8.574720e-01	4.125139e-02	5.156423e-02	2.701134e-01	2.247627e-01	4.166112e-01	1.037356e-01
1041	9.569273e-01	6.755533e-01	2.789762e-02	3.487202e-02	1.826732e-01	1.588402e-01	8.909380e-01	9.088480e-02
20545	8.390722e-01	4.715554e-01	2.615759e-02	3.269699e-02	1.712795e-01	1.703995e-01	8.805934e-01	1.370729e-01
4413	2.937004e-01	5.535620e-01	4.997807e-02	6.247259e-02	3.272556e-01	3.244640e-01	7.729133e-01	5.252218e-01
11272	6.286246e-01	5.253691e-01	4.330201e-02	5.412751e-02	2.835409e-01	2.679536e-01	5.191403e-01	2.306045e-01
6755	9.402525e-01	9.262476e-01	2.385291e-02	2.981614e-02	1.561885e-01	1.475739e-01	1.508081e-02	5.603950e-01
16143	8.286754e-01	7.346675e-01	3.124506e-02	3.905632e-02	2.045922e-01	1.800463e-01	1.435224e-01	5.248226e-01
26733	4.696941e-01	2.595144e-01	2.810047e-02	3.512558e-02	1.840014e-01	8.285839e-02	7.423099e-01	1.477548e-01
11530	5.253759e-01	7.874529e-01	2.351033e-02	2.938792e-02	1.539453e-01	9.971048e-02	5.739511e-01	9.840179e-01
16089	3.737452e-01	4.738771e-01	4.643275e-02	5.804093e-02	3.040409e-01	2.277212e-01	9.485089e-02	4.403336e-01
18980	2.304959e-01	4.893409e-01	4.385302e-02	5.481628e-02	2.871489e-01	2.464309e-01	2.024380e-01	5.764658e-01
97	6.152366e-01	2.524840e-01	3.561375e-02	4.451719e-02	2.331983e-01	2.245918e-01	9.477833e-01	6.826539e-01
1367	6.469244e-01	6.742722e-01	4.325187e-02	5.406484e-02	2.832126e-01	2.004685e-01	2.995217e-01	6.595906e-01
15808	3.447338e-01	8.859502e-01	2.320669e-02	2.900837e-02	1.519571e-01	9.580870e-02	6.398855e-01	8.570102e-01
3804	5.377996e-01	5.191496e-01	3.764725e-02	4.705906e-02	2.465136e-01	2.413099e-01	4.624107e-01	6.914213e-01
31637	7.866556e-02	1.042066e-01	5.592400e-02	6.990500e-02	3.661895e-01	2.490251e-01	4.000015e-01	6.910030e-01
22285	7.616095e-01	5.113222e-01	3.970414e-02	4.963018e-02	2.599821e-01	7.309053e-02	1.680484e-01	8.306270e-01
22106	7.445937e-01	2.220116e-01	3.194271e-02	3.992839e-02	2.091604e-01	1.317390e-01	3.024789e-01	6.645947e-02
12544	1.229968e-01	4.523875e-01	2.994053e-02	3.742567e-02	1.960501e-01	8.547382e-02	2.745616e-01	9.438514e-01
18042	1.594028e-01	1.361260e-01	5.015937e-02	6.269921e-02	3.284428e-01	2.248969e-01	5.706247e-01	4.705133e-01
25146	3.585177e-02	6.443818e-01	3.678103e-02	4.597629e-02	2.408416e-01	2.382188e-01	9.291454e-01	8.001053e-01
8427	3.117862e-01	6.921976e-01	5.894932e-02	7.368665e-02	3.859993e-01	3.396291e-01	4.971076e-01	7.618310e-01
20876	5.487304e-01	1.796348e-01	3.667931e-02	4.584913e-02	2.401755e-01	1.239303e-01	8.168327e-01	8.920832e-01
6265	3.284373e-01	8.482271e-01	4.538461e-02	5.673077e-02	2.971777e-01	2.114532e-01	2.989368e-01	1.467141e-02
11006	4.267143e-01	2.846045e-01	7.711146e-02	9.638933e-02	5.049247e-01	3.802317e-01	3.268119e-01	8.964290e-01
24540	2.877103e-01	5.841516e-02	2.054533e-02	2.568166e-02	1.345305e-01	1.222613e-01	9.500591e-01	7.918209e-01
11166	6.876666e-01	8.180188e-01	3.119743e-02	3.899679e-02	2.042803e-01	1.631242e-01	4.078975e-01	7.811958e-01
24057	8.926870e-02	2.253547e-01	6.532868e-02	8.166085e-02	4.277712e-01	2.521228e-01	7.406511e-01	5.252551e-01
30560	8.240610e-02	2.845116e-01	2.538516e-02	3.173145e-02	1.662216e-01	1.146010e-01	6.203049e-02	9.136037e-01
24096	6.788119e-01	8.599204e-01	2.874501e-02	3.593126e-02	1.882219e-01	1.433721e-01	8.115983e-02	5.296537e-01
23730	6.757234e-01	6.316415e-01	2.369982e-02	2.962478e-02	1.551861e-01	1.228625e-01	9.839311e-02	5.550599e-01
5428	2.023291e-01	6.863825e-01	2.116445e-02	2.645557e-02	1.385845e-01	1.059563e-01	7.254589e-01	5.236939e-01
7300	9.711546e-01	4.373488e-01	2.460452e-02	3.075565e-02	1.611100e-01	1.610395e-01	7.331088e-01	8.441605e-01
14949	7.776843e-01	8.158251e-01	4.664812e-02	5.831015e-02	3.054511e-01	1.954913e-01	7.627459e-01	9.101757e-01
28275	5.495625e-01	2.317431e-01	2.414693e-02	3.018367e-02	1.581138e-01	9.441248e-02	5.654671e-01	3.344328e-01
10508	4.254450e-01	7.157924e-01	2.832634e-02	3.540792e-02	1.854804e-01	6.906972e-02	5.459427e-01	3.255267e-01
22154	7.610289e-01	1.092009e-01	2.736707e-02	3.420884e-02	1.791991e-01	9.235028e-02	4.387758e-01	3.842330e-03
2719	5.598720e-01	4.664224e-02	2.202024e-02	2.752530e-02	1.441882e-01	1.062091e-01	5.032177e-01	9.937155e-01
21061	4.106434e-02	2.668343e-01	4.255936e-02	5.319921e-02	2.786781e-01	7.546352e-02	7.851777e-01	8.630809e-01
5680	3.409499e-01	5.257828e-01	3.070533e-02	3.838167e-02	2.010580e-01	1.777693e-01	2.452735e-02	7.589459e-02
13915	8.809907e-01	3.264745e-01	2.560934e-02	3.201167e-02	1.676896e-01	1.476220e-01	6.354320e-01	6.203416e-01
5229	6.993808e-01	3.495058e-01	2.778166e-02	3.472708e-02	1.819139e-01	1.486969e-01	4.469086e-01	5.591671e-01
29323	6.115201e-01	9.649925e-01	3.061726e-02	3.827157e-02	2.004813e-01	1.362558e-01	5.137338e-02	8.997734e-01
24814	8.363306e-01	3.944733e-01	2.721288e-02	3.401610e-02	1.781895e-01	1.610838e-01	6.357235e-01	1.793182e-01
27398	4.865541e-01	6.042531e-01	6.439792e-02	8.049740e-02	4.216766e-01	4.020582e-01	3.905452e-02	7.625834e-01
31837	1.275822e-01	1.902024e-01	2.320723e-02	2.900904e-02	1.519606e-01	9.747183e-02	6.346908e-01	1.132150e-01
11948	4.519930e-02	4.938872e-01	2.103849e-02	2.629811e-02	1.377597e-01	1.165558e-01	6.738197e-01	7.902811e-01
2988	4.291397e-01	5.269755e-01	4.123028e-02	5.153785e-02	2.699752e-01	2.588663e-01	3.481530e-01	6.745241e-01
28044	3.907547e-01	6.689096e-01	2.783358e-02	3.479198e-02	1.822539e-01	1.526552e-01	3.272018e-01	8.697426e-01
8346	1.364135e-01	8.050920e-01	5.150045e-02	6.437556e-02	3.372241e-01	1.853508e-01	6.602256e-01	3.642576e-01
8151	4.762521e-01	7.284511e-01	2.968902e-02	3.711127e-02	1.944032e-01	1.371560e-01	4.943032e-01	1.003484e-01
21493	8.283242e-01	8.961882e-01	2.898086e-02	3.622607e-02	1.897662e-01	1.687382e-01	9.197334e-02	6.411153e-01
21694	1.321463e-01	7.318189e-01	2.427422e-02	3.034278e-02	1.589472e-01	1.577619e-01	4.035966e-01	4.387315e-01
26240	7.165268e-01	4.385433e-01	3.420530e-02	4.275662e-02	2.239758e-01	1.077697e-01	4.152350e-01	5.539088e-01
7364	3.991851e-01	9.349624e-01	2.627955e-02	3.284944e-02	1.720781e-01	1.662112e-01	4.320150e-01	7.928826e-01
