26454	5.908371e-01	6.558509e-01	5.051784e-02	6.314729e-02	3.307900e-01	2.873909e-01	8.219670e-02	4.344276e-01
26465	6.253344e-01	3.643547e-01	2.238433e-02	2.798041e-02	1.465722e-01	1.393086e-01	5.319229e-01	9.840150e-01
8422	2.652352e-01	8.217203e-01	4.320848e-02	5.401060e-02	2.829285e-01	9.516890e-02	1.473813e-01	4.641544e-01
4790	3.043562e-01	2.841704e-01	2.328321e-02	2.910401e-02	1.524581e-01	1.217892e-01	7.815449e-01	3.766204e-01
10452	8.072119e-01	5.947984e-01	4.440284e-02	5.550355e-02	2.907491e-01	2.168710e-01	2.941823e-01	7.953026e-01
20878	4.307639e-01	2.678215e-01	2.450960e-02	3.063700e-02	1.604885e-01	4.261784e-02	6.631819e-01	8.680897e-01
6449	6.092884e-01	3.067429e-01	3.432013e-02	4.290017e-02	2.247277e-01	2.033575e-01	1.940490e-01	3.494814e-01
631	6.609393e-01	4.687848e-01	3.148117e-02	3.935146e-02	2.061382e-01	1.464739e-01	1.449674e-01	1.810170e-01
7479	4.495204e-01	4.186228e-01	4.781947e-02	5.977433e-02	3.131211e-01	1.104730e-01	8.020259e-01	1.013181e-01
17699	2.164611e-01	7.628091e-01	3.688638e-02	4.610798e-02	2.415315e-01	1.459953e-01	5.212564e-02	2.095343e-01
22649	9.032916e-01	7.334948e-01	4.105199e-02	5.131498e-02	2.688078e-01	2.511153e-01	4.337292e-01	6.814917e-01
9012	7.971300e-01	3.188401e-01	5.128793e-02	6.410991e-02	3.358325e-01	3.284850e-01	9.591392e-01	1.218689e-01
21787	2.424080e-01	3.312342e-01	3.447431e-02	4.309289e-02	2.257373e-01	8.550431e-02	4.630281e-01	9.789573e-01
9733	3.030656e-01	4.016424e-01	3.126509e-02	3.908136e-02	2.047233e-01	1.749934e-01	6.020763e-01	4.829431e-02
29194	6.314748e-01	2.565477e-01	2.881170e-02	3.601462e-02	1.886586e-01	1.849426e-01	9.736469e-01	3.664060e-01
14362	6.825058e-01	7.398026e-01	2.988754e-02	3.735942e-02	1.957031e-01	1.515452e-01	9.146495e-01	7.633185e-01
4785	4.059291e-01	4.550661e-01	7.840821e-02	9.801026e-02	5.134157e-01	1.943988e-01	1.066155e-01	7.291825e-01
2610	4.414864e-01	9.485132e-02	2.761732e-02	3.452165e-02	1.808378e-01	1.768395e-01	2.046125e-01	1.932439e-02
4852	9.739051e-02	7.979084e-01	2.152759e-02	2.690949e-02	1.409623e-01	7.157216e-02	4.659731e-01	5.116524e-02
26787	8.081042e-01	7.421986e-01	2.869156e-02	3.586444e-02	1.878719e-01	1.730677e-01	4.964441e-01	4.690892e-01
22398	9.244275e-01	8.472408e-01	5.752242e-02	7.190302e-02	3.766559e-01	2.290787e-01	4.944432e-01	8.310450e-01
24058	7.435454e-01	3.792028e-01	6.016448e-02	7.520560e-02	3.939561e-01	2.799358e-01	2.658987e-01	1.114765e-01
31875	2.486154e-01	9.501696e-02	4.848260e-02	6.060325e-02	3.174633e-01	3.148015e-01	6.445701e-02	5.169654e-01
14593	3.910505e-01	9.054443e-01	2.121502e-02	2.651877e-02	1.389156e-01	1.246070e-01	4.099072e-01	2.966374e-01
2366	5.491088e-01	1.869101e-01	2.306867e-02	2.883584e-02	1.510533e-01	6.372949e-02	9.237356e-01	8.566857e-01
1961	5.013801e-01	7.455114e-01	3.636652e-02	4.545814e-02	2.381274e-01	1.282901e-01	6.231425e-01	7.400702e-01
16427	8.377753e-01	8.366482e-01	6.115618e-02	7.644522e-02	4.004497e-01	3.929132e-01	7.601543e-01	1.190452e-01
20878	6.365181e-01	5.205967e-01	5.337929e-02	6.672411e-02	3.495267e-01	2.590267e-01	5.180998e-01	8.380551e-01
13685	3.642762e-01	5.190112e-01	3.685256e-02	4.606570e-02	2.413100e-01	1.209185e-01	4.134988e-01	6.422413e-01
16133	5.633076e-01	3.206433e-01	5.208979e-02	6.511224e-02	3.410831e-01	1.507163e-01	8.182649e-02	2.588079e-01
1293	5.064064e-02	9.745264e-02	3.321442e-02	4.151802e-02	2.174875e-01	2.103548e-01	8.599977e-01	6.041800e-02
18301	3.818934e-01	1.510196e-01	2.134207e-02	2.667759e-02	1.397475e-01	4.058693e-02	7.101931e-01	7.176991e-01
9188	4.611786e-01	2.324604e-01	3.211500e-02	4.014374e-02	2.102885e-01	2.102196e-01	7.838429e-01	3.718851e-01
29236	1.643233e-01	8.790210e-01	5.014723e-02	6.268404e-02	3.283633e-01	2.374685e-01	3.698670e-01	9.493293e-01
23386	4.133249e-01	8.131366e-01	2.832677e-02	3.540846e-02	1.854833e-01	1.294345e-01	5.481741e-01	5.517487e-02
21004	3.234086e-01	8.758756e-01	2.888908e-02	3.611135e-02	1.891653e-01	1.070882e-01	9.354698e-01	1.108629e-01
10672	9.619253e-01	4.962403e-01	2.263106e-02	2.828883e-02	1.481879e-01	1.425157e-01	4.738138e-01	1.643803e-01
2206	4.511767e-02	1.972482e-01	2.898540e-02	3.623176e-02	1.897960e-01	1.051710e-01	9.073795e-01	6.367931e-01
11819	7.627805e-01	6.928079e-01	4.730098e-02	5.912622e-02	3.097261e-01	2.451242e-01	2.940860e-01	1.330973e-01
2312	8.028195e-01	2.151370e-01	2.104360e-02	2.630449e-02	1.377931e-01	8.655168e-02	9.338427e-01	9.980142e-01
7013	7.796727e-02	5.267044e-01	4.301848e-02	5.377311e-02	2.816844e-01	1.752425e-01	6.351047e-02	1.558706e-01
23436	9.773366e-02	3.580814e-01	4.594992e-02	5.743739e-02	3.008793e-01	2.113942e-01	6.383727e-01	6.532305e-01
16381	9.234911e-01	4.317506e-01	2.928053e-02	3.660066e-02	1.917285e-01	1.828538e-01	6.530696e-01	7.419464e-01
20926	4.321102e-01	9.230994e-01	2.222495e-02	2.778119e-02	1.455286e-01	1.210171e-01	1.949288e-02	9.420916e-01
348	4.349528e-01	7.429377e-01	5.203548e-02	6.504434e-02	3.407275e-01	1.800866e-01	6.648632e-01	4.975606e-01
15933	6.099537e-01	8.015793e-01	3.312908e-02	4.141135e-02	2.169287e-01	1.944048e-01	6.060429e-01	7.006033e-01
21384	6.611955e-01	2.065959e-01	5.820536e-02	7.275671e-02	3.811278e-01	3.648195e-01	3.119259e-01	1.690219e-01
21573	4.022999e-01	7.398328e-01	2.434005e-02	3.042506e-02	1.593783e-01	9.208117e-02	4.476194e-01	1.300964e-01
13509	2.450857e-01	3.678953e-01	2.964948e-02	3.706186e-02	1.941444e-01	6.316615e-02	5.767624e-03	6.990815e-01
18907	6.152914e-02	8.736662e-01	5.403374e-02	6.754218e-02	3.538121e-01	2.010147e-01	8.001783e-01	4.067128e-03
1898	4.894919e-01	5.813411e-01	5.298209e-02	6.622761e-02	3.469259e-01	1.008897e-01	1.540475e-01	1.098978e-01
5240	9.017688e-01	5.436159e-01	4.553509e-02	5.691886e-02	2.981630e-01	8.989666e-02	9.101830e-01	9.320575e-01
63	1.172585e-01	8.848341e-01	3.134913e-02	3.918641e-02	2.052736e-01	1.752918e-01	2.928703e-01	6.872880e-01
18619	4.700594e-01	7.748882e-01	2.940853e-02	3.676066e-02	1.925666e-01	1.925630e-01	2.393465e-02	9.934869e-01
2133	7.687205e-01	8.537168e-01	3.829962e-02	4.787453e-02	2.507853e-01	1.140427e-01	1.487245e-01	4.810395e-01
13586	4.156240e-01	3.583194e-01	4.351638e-02	5.439548e-02	2.849446e-01	2.819004e-01	4.350784e-02	8.349723e-01
31189	6.715392e-01	1.036893e-01	6.294020e-02	7.867525e-02	4.121315e-01	2.452239e-01	9.125028e-01	2.897634e-01
7545	9.075227e-01	1.322401e-01	2.188315e-02	2.735394e-02	1.432905e-01	1.408384e-01	7.295350e-01	7.629547e-01
966	2.200318e-01	3.371193e-01	2.366787e-02	2.958483e-02	1.549768e-01	9.793740e-02	9.621172e-02	3.632670e-01
2698	2.071871e-01	9.427984e-01	2.634055e-02	3.292569e-02	1.724775e-01	1.228714e-01	9.011880e-01	1.218180e-01
31289	3.978037e-01	6.595144e-01	3.557803e-02	4.447254e-02	2.329644e-01	2.270439e-01	1.905027e-01	6.491296e-01
7721	2.167012e-01	1.987603e-01	5.071020e-02	6.338775e-02	3.320496e-01	2.983324e-01	6.393452e-01	6.083436e-01
881	1.751322e-01	1.250045e-01	3.800163e-02	4.750204e-02	2.488341e-01	1.526799e-01	3.283599e-01	5.121776e-02
23510	4.667799e-01	4.736488e-01	2.547744e-02	3.184680e-02	1.668259e-01	1.272278e-01	3.521809e-01	9.906677e-01
16794	1.432417e-01	6.596702e-02	2.131098e-02	2.663872e-02	1.395440e-01	7.125236e-02	2.981025e-01	7.708335e-01
13851	9.551869e-01	8.120816e-01	2.139908e-02	2.674885e-02	1.401208e-01	1.380802e-01	1.172417e-01	7.573015e-02
24758	9.663101e-01	5.608364e-01	2.855772e-02	3.569715e-02	1.869955e-01	1.796256e-01	3.781482e-01	2.912333e-01
731	5.414395e-01	6.720229e-01	3.845424e-02	4.806780e-02	2.517977e-01	2.255055e-01	5.766642e-01	9.314211e-01
4165	7.130852e-01	7.231656e-01	2.511001e-02	3.138751e-02	1.644199e-01	8.622892e-02	3.607615e-02	7.098785e-01
24624	5.393769e-01	4.262902e-01	2.768218e-02	3.460272e-02	1.812625e-01	1.748859e-01	1.380887e-01	4.527318e-01
19326	2.654949e-01	3.243720e-01	2.743629e-02	3.429537e-02	1.796524e-01	8.546708e-02	9.404807e-01	3.090758e-02
9392	4.694370e-01	8.657376e-01	7.377911e-02	9.222389e-02	4.831045e-01	3.780242e-01	5.186328e-01	6.246365e-01
29849	2.718739e-01	8.844725e-01	5.965593e-02	7.456992e-02	3.906261e-01	3.320151e-01	4.380267e-01	7.522894e-01
27128	7.097624e-01	2.728490e-01	3.755129e-02	4.693912e-02	2.458853e-01	2.438350e-01	9.143885e-01	4.814658e-01
8035	4.529458e-02	6.138449e-01	3.937436e-02	4.921796e-02	2.578227e-01	2.559414e-01	7.189313e-01	5.816830e-01
23042	2.203131e-01	8.677081e-01	3.428895e-02	4.286119e-02	2.245235e-01	7.560081e-02	5.388737e-01	1.930638e-02
