19789	4.078654e-01	3.255944e-01	5.173369e-02	6.466711e-02	3.387514e-01	3.161109e-01	6.331920e-01	5.234203e-01
26843	7.458674e-02	5.163287e-01	2.829882e-02	3.537352e-02	1.853002e-01	1.358955e-01	5.423889e-01	2.093814e-01
31489	1.155895e-01	7.345537e-01	4.649985e-02	5.812481e-02	3.044803e-01	1.008525e-01	1.247342e-01	6.421854e-01
24129	2.717894e-01	8.286267e-02	2.834756e-02	3.543445e-02	1.856194e-01	1.852656e-01	9.686151e-02	5.148568e-01
20728	8.989088e-01	1.526103e-01	2.567088e-02	3.208860e-02	1.680925e-01	1.680485e-01	7.325057e-01	6.363636e-01
2594	7.047065e-02	3.122280e-01	2.503409e-02	3.129262e-02	1.639229e-01	1.443373e-01	8.198821e-01	3.820147e-01
24687	8.596047e-01	3.344599e-01	2.971799e-02	3.714749e-02	1.945929e-01	9.851787e-02	1.070784e-01	6.169263e-01
5559	9.419514e-01	9.300173e-01	5.695472e-02	7.119340e-02	3.729386e-01	3.558923e-01	4.211059e-02	8.143543e-01
18932	2.131583e-01	4.036955e-01	3.243799e-02	4.054748e-02	2.124034e-01	2.123912e-01	6.083106e-01	6.321544e-01
1620	8.748371e-01	9.207451e-01	2.676025e-02	3.345032e-02	1.752257e-01	1.519939e-01	6.886706e-01	4.924852e-01
8990	5.511815e-01	7.997452e-01	3.493044e-02	4.366305e-02	2.287240e-01	2.274278e-01	1.193614e-01	6.574262e-01
3849	6.514852e-01	1.776028e-01	4.219628e-02	5.274535e-02	2.763006e-01	2.743955e-01	4.297096e-01	7.312031e-01
28668	4.607740e-01	2.820797e-01	2.737021e-02	3.421276e-02	1.792197e-01	1.641992e-01	6.652848e-02	6.678590e-01
10977	7.102559e-01	7.061357e-01	4.125386e-02	5.156733e-02	2.701296e-01	1.762340e-01	9.778701e-01	1.233737e-01
10428	4.111104e-01	4.402768e-01	2.381417e-02	2.976772e-02	1.559348e-01	1.479722e-01	5.330879e-01	7.115146e-01
25212	9.473372e-01	5.057236e-01	4.850401e-02	6.063002e-02	3.176035e-01	2.375523e-01	6.544571e-01	4.462798e-01
11534	5.898271e-01	6.603792e-01	3.988297e-02	4.985372e-02	2.611531e-01	1.639476e-01	2.276952e-01	7.705333e-01
17354	8.845904e-01	5.719050e-01	3.483563e-02	4.354454e-02	2.281032e-01	2.253532e-01	8.144966e-01	1.035767e-01
6932	6.455255e-01	4.673251e-01	7.144691e-02	8.930864e-02	4.678332e-01	4.243287e-01	9.496935e-02	2.708176e-01
7031	4.699486e-01	9.182095e-01	6.108947e-02	7.636184e-02	4.000129e-01	3.671373e-01	6.536096e-01	7.462535e-01
31702	1.930435e-01	9.271793e-02	2.449637e-02	3.062046e-02	1.604019e-01	1.283343e-01	1.126226e-01	3.698177e-01
17983	7.179441e-01	7.468500e-01	2.202578e-02	2.753222e-02	1.442244e-01	1.365498e-01	7.520948e-01	5.706112e-02
16273	4.039738e-02	2.013682e-01	3.239335e-02	4.049169e-02	2.121112e-01	1.347627e-01	9.157667e-01	4.692322e-01
16745	9.272636e-01	8.184774e-01	2.383478e-02	2.979347e-02	1.560697e-01	1.376382e-01	2.172462e-01	4.667986e-01
13249	1.242453e-01	8.425887e-02	6.952499e-02	8.690623e-02	4.552485e-01	3.750254e-01	2.415199e-01	8.988405e-01
17164	8.961309e-01	2.971555e-01	5.524310e-02	6.905387e-02	3.617309e-01	2.647376e-01	7.185833e-01	7.812230e-01
5559	1.191011e-01	8.145350e-01	2.161490e-02	2.701863e-02	1.415341e-01	1.408476e-01	7.012427e-01	5.689535e-01
18707	6.649706e-01	3.959406e-01	5.056788e-02	6.320985e-02	3.311177e-01	1.654699e-01	4.795900e-01	9.426265e-01
20047	8.834223e-01	4.964080e-01	2.100364e-02	2.625455e-02	1.375315e-01	1.156988e-01	5.507689e-01	9.261389e-01
73	5.000206e-01	5.101273e-01	3.373640e-02	4.217050e-02	2.209054e-01	2.202895e-01	6.518436e-01	3.392657e-01
28994	2.184039e-01	5.144881e-02	3.310990e-02	4.138737e-02	2.168031e-01	2.065463e-01	4.570626e-03	4.246775e-01
5573	4.629065e-01	4.208980e-01	2.899476e-02	3.624344e-02	1.898572e-01	1.801592e-01	7.485283e-01	5.827266e-01
20182	7.180494e-01	8.852931e-01	2.790737e-02	3.488421e-02	1.827370e-01	1.793271e-01	1.743719e-01	5.644082e-01
16671	3.563963e-01	5.659555e-01	3.565918e-02	4.457398e-02	2.334958e-01	2.322106e-01	4.207110e-02	7.283699e-01
30628	1.513031e-01	7.250971e-01	5.130035e-02	6.412544e-02	3.359139e-01	1.118071e-01	5.552138e-01	2.588301e-01
4002	3.350169e-01	1.679552e-01	4.148452e-02	5.185565e-02	2.716400e-01	2.710505e-01	8.135890e-01	9.805845e-01
11534	8.640061e-01	7.515624e-01	2.518261e-02	3.147826e-02	1.648953e-01	7.887397e-02	6.228147e-01	5.644842e-01
4423	4.960866e-01	7.729600e-01	3.841934e-02	4.802418e-02	2.515693e-01	7.231933e-02	1.536848e-01	4.595453e-01
1284	1.426244e-01	4.239585e-01	3.943470e-02	4.929337e-02	2.582178e-01	1.387181e-01	5.185073e-01	3.235162e-01
26391	4.821568e-01	8.277715e-01	6.479730e-02	8.099663e-02	4.242917e-01	3.487259e-01	6.128527e-01	2.973177e-03
20630	6.118434e-01	1.431107e-01	4.076630e-02	5.095788e-02	2.669371e-01	2.580235e-01	7.739385e-01	1.265720e-01
6579	4.157995e-01	5.091683e-01	4.301662e-02	5.377077e-02	2.816721e-01	2.261891e-01	2.217132e-01	6.807164e-01
27518	3.907973e-01	7.855791e-01	2.518661e-02	3.148326e-02	1.649215e-01	1.061464e-01	1.791366e-01	7.564446e-01
24250	5.992778e-01	4.148312e-01	2.883720e-02	3.604650e-02	1.888255e-01	1.618293e-01	1.441907e-01	9.225495e-01
22047	5.963660e-01	8.244127e-01	4.722182e-02	5.902728e-02	3.092078e-01	2.952391e-01	9.723204e-01	9.273007e-01
15762	3.093451e-01	5.112088e-01	2.416353e-02	3.020442e-02	1.582224e-01	1.229632e-01	8.806250e-01	3.017712e-01
21769	4.452160e-01	7.231649e-01	5.625518e-02	7.031898e-02	3.683581e-01	1.245597e-01	4.598048e-01	1.557273e-01
5725	7.523002e-01	1.900196e-01	3.942722e-02	4.928403e-02	2.581689e-01	2.237787e-01	5.198067e-01	5.421219e-01
21014	3.205475e-01	7.267883e-01	2.342899e-02	2.928624e-02	1.534127e-01	7.386263e-02	6.876601e-02	5.020185e-01
10269	1.414394e-01	2.455786e-01	3.936467e-02	4.920583e-02	2.577592e-01	1.232342e-01	3.302341e-01	9.860943e-01
24896	9.403097e-02	1.749617e-01	5.123819e-02	6.404774e-02	3.355069e-01	2.926530e-01	4.227089e-01	9.171043e-01
2596	7.881396e-01	4.707127e-02	4.414368e-02	5.517960e-02	2.890521e-01	2.135047e-01	8.344278e-01	9.256376e-01
13630	9.604219e-01	8.435614e-01	3.685054e-02	4.606318e-02	2.412968e-01	1.328628e-01	5.496454e-01	3.015041e-01
3629	2.933819e-01	1.584620e-01	2.441920e-02	3.052400e-02	1.598965e-01	1.345903e-01	6.464692e-01	1.883247e-01
14584	5.734574e-02	8.899733e-01	2.243724e-02	2.804655e-02	1.469187e-01	5.520881e-02	6.403889e-01	8.147616e-01
24796	8.259750e-01	2.895322e-01	4.370463e-02	5.463078e-02	2.861772e-01	2.275702e-01	9.134223e-01	3.673348e-01
9012	5.693008e-01	3.280427e-01	3.004622e-02	3.755777e-02	1.967421e-01	8.303033e-02	9.068231e-01	8.103042e-01
24434	9.466625e-01	1.475899e-01	2.534108e-02	3.167636e-02	1.659330e-01	1.099091e-01	5.145716e-01	1.659791e-01
10700	6.317210e-01	5.840238e-01	2.153456e-02	2.691821e-02	1.410080e-01	8.478086e-02	4.887880e-01	7.107143e-01
10650	4.821687e-01	1.758489e-01	2.314680e-02	2.893350e-02	1.515649e-01	5.551250e-02	1.663149e-01	3.413536e-01
31917	7.149391e-01	1.143175e-01	2.091384e-02	2.614230e-02	1.369435e-01	7.129309e-02	6.416160e-01	5.187818e-01
17769	7.865186e-01	4.823616e-01	2.259307e-02	2.824134e-02	1.479391e-01	1.479109e-01	3.750436e-01	5.894426e-01
5639	9.037752e-01	8.538868e-02	3.504508e-02	4.380635e-02	2.294747e-01	1.510295e-01	7.213529e-01	5.877468e-01
12461	8.612718e-01	4.204276e-01	5.436050e-02	6.795063e-02	3.559517e-01	3.056610e-01	3.840447e-01	7.940046e-01
14657	3.931524e-01	4.486266e-02	2.374633e-02	2.968291e-02	1.554906e-01	1.534139e-01	9.624562e-01	6.614080e-02
14654	6.724112e-02	6.397605e-01	3.365223e-02	4.206528e-02	2.203543e-01	1.878292e-01	7.864458e-01	6.148021e-01
28034	5.555783e-01	1.420866e-01	2.784099e-02	3.480124e-02	1.823024e-01	1.779271e-01	7.791025e-02	9.231812e-01
272	6.562018e-01	7.818261e-01	2.103257e-02	2.629071e-02	1.377209e-01	1.356869e-01	5.485026e-01	1.644367e-02
19885	4.888579e-01	6.719708e-01	4.394106e-02	5.492633e-02	2.877254e-01	2.472093e-01	5.128484e-01	8.325774e-01
28936	6.260406e-01	3.362207e-01	4.050104e-02	5.062630e-02	2.652002e-01	2.637563e-01	3.132808e-01	6.236038e-01
32613	6.229861e-01	6.451672e-01	2.850236e-02	3.562796e-02	1.866330e-01	1.511189e-01	9.452522e-01	6.943933e-01
26143	5.027887e-01	6.287036e-01	5.021561e-02	6.276952e-02	3.288110e-01	1.157793e-01	3.067284e-02	5.617862e-01
1630	7.711538e-01	3.704982e-01	7.017072e-02	8.771340e-02	4.594768e-01	2.369635e-01	1.489146e-01	7.683685e-02
31208	9.103837e-01	3.354581e-02	2.244476e-02	2.805595e-02	1.469679e-01	1.150497e-01	1.874911e-01	3.130658e-01
10156	9.144018e-01	6.072762e-01	3.562326e-02	4.452907e-02	2.332605e-01	2.012975e-01	3.350873e-01	6.101590e-01
2445	5.572289e-01	3.636273e-01	2.511068e-02	3.138835e-02	1.644243e-01	8.337455e-02	1.444415e-01	4.720471e-01
21395	9.391795e-01	7.034565e-01	2.235039e-02	2.793799e-02	1.463500e-01	1.241521e-01	5.630654e-01	1.586907e-01
323	6.997056e-01	3.992267e-01	3.633600e-02	4.542000e-02	2.379276e-01	1.945614e-01	9.299591e-01	2.634396e-01
8630	8.776259e-01	2.497865e-01	2.540158e-02	3.175198e-02	1.663292e-01	1.440949e-01	2.396122e-01	7.137213e-01
26616	6.127592e-01	3.828920e-01	2.470413e-02	3.088016e-02	1.617622e-01	7.595825e-02	6.096513e-01	9.248113e-01
24779	4.427845e-01	5.749135e-01	2.497869e-02	3.122337e-02	1.635601e-01	1.454531e-01	3.871799e-01	4.321175e-01
