3771	6.461638e-01	2.407973e-01	2.083557e-02	2.604446e-02	1.364310e-01	1.114752e-01	5.984778e-01	4.402147e-01
13337	8.608154e-01	7.022226e-01	6.391692e-02	7.989615e-02	4.185270e-01	4.178772e-01	1.116511e-01	1.743853e-01
18244	4.606286e-01	5.387964e-01	3.988183e-02	4.985228e-02	2.611456e-01	1.946085e-01	9.873832e-01	2.332528e-01
21057	7.233697e-01	2.329358e-01	3.243565e-02	4.054457e-02	2.123882e-01	1.968355e-01	5.067314e-01	2.864149e-01
22003	4.050150e-01	7.280118e-02	3.406031e-02	4.257538e-02	2.230264e-01	2.122420e-01	1.442987e-01	6.648440e-01
29239	3.315878e-01	8.553239e-01	2.090119e-02	2.612649e-02	1.368607e-01	5.212914e-02	7.767106e-01	4.768344e-01
8933	5.487068e-01	2.924968e-01	2.358505e-02	2.948131e-02	1.544345e-01	7.568801e-02	4.730126e-01	1.045079e-01
24353	8.070071e-01	1.013522e-01	3.207207e-02	4.009009e-02	2.100074e-01	1.712596e-01	9.107374e-01	6.978203e-01
31673	5.339030e-01	1.266814e-01	3.520038e-02	4.400048e-02	2.304916e-01	1.628280e-01	7.485502e-01	5.522047e-01
30788	2.914508e-01	7.736008e-01	6.102869e-02	7.628586e-02	3.996149e-01	3.764126e-01	9.538249e-01	3.435876e-01
15176	9.475136e-02	6.431900e-01	2.655109e-02	3.318886e-02	1.738561e-01	1.100394e-01	1.973549e-01	8.517294e-01
9751	3.848929e-01	8.447707e-01	3.482978e-02	4.353723e-02	2.280649e-01	1.129329e-01	3.777238e-01	2.475725e-02
5448	2.783616e-01	1.815273e-01	3.263434e-02	4.079293e-02	2.136892e-01	1.063304e-01	1.061498e-01	5.888709e-01
17330	9.457024e-01	5.613418e-01	3.030463e-02	3.788078e-02	1.984342e-01	7.191137e-02	4.362986e-01	4.436631e-01
15614	7.319039e-01	1.541385e-01	4.565776e-02	5.707220e-02	2.989663e-01	1.119854e-01	4.727962e-01	8.868861e-01
31194	2.350523e-01	8.171985e-01	3.977266e-02	4.971583e-02	2.604308e-01	2.597920e-01	6.171024e-01	2.111166e-01
1511	5.226799e-01	3.424123e-01	5.961138e-02	7.451422e-02	3.903344e-01	2.159180e-01	7.641949e-01	2.432565e-01
5721	9.309119e-01	9.622228e-01	2.197079e-02	2.746349e-02	1.438644e-01	1.064940e-01	4.522569e-01	4.328070e-01
16578	4.106197e-01	5.021437e-01	5.032611e-02	6.290764e-02	3.295346e-01	3.224426e-01	1.753657e-01	9.309159e-01
25869	5.629960e-01	4.930320e-01	3.098849e-02	3.873562e-02	2.029122e-01	1.076445e-01	6.713863e-01	6.343312e-01
22017	6.368287e-01	3.689599e-01	3.786414e-02	4.733017e-02	2.479338e-01	2.404557e-01	5.374353e-02	1.821181e-01
5915	1.249373e-01	4.141680e-01	2.126277e-02	2.657847e-02	1.392283e-01	1.391974e-01	9.404041e-01	8.543729e-01
5025	4.809846e-01	6.991769e-01	4.358251e-02	5.447813e-02	2.853776e-01	2.751134e-01	2.580844e-01	7.032878e-01
12244	9.596426e-01	8.492642e-01	2.054402e-02	2.568002e-02	1.345219e-01	8.475660e-02	6.221325e-01	6.143859e-01
29016	2.620960e-01	7.172067e-02	2.962839e-02	3.703548e-02	1.940062e-01	1.936926e-01	5.341386e-01	3.236392e-01
17331	1.906140e-01	6.074256e-01	2.543039e-02	3.178798e-02	1.665178e-01	1.643500e-01	2.631494e-01	8.606765e-01
22336	7.692891e-01	6.502795e-01	7.012590e-02	8.765737e-02	4.591833e-01	2.534084e-01	2.192787e-01	5.027969e-01
6500	1.227331e-01	8.143059e-01	3.653581e-02	4.566976e-02	2.392359e-01	1.001616e-01	8.312184e-01	3.247327e-01
26903	3.437455e-01	2.905333e-01	2.297980e-02	2.872475e-02	1.504714e-01	1.164453e-01	6.469689e-01	3.279996e-01
20961	7.588708e-01	7.751657e-01	4.069805e-02	5.087257e-02	2.664902e-01	2.614346e-01	4.686302e-01	3.615691e-03
15903	2.106860e-01	7.489126e-01	5.666170e-02	7.082713e-02	3.710199e-01	3.705843e-01	1.611079e-03	3.438222e-01
19140	6.319070e-02	1.422280e-01	5.687705e-02	7.109632e-02	3.724301e-01	1.546351e-01	6.746845e-01	7.273833e-01
1212	6.195994e-01	6.420555e-01	2.083852e-02	2.604815e-02	1.364503e-01	7.713319e-02	6.128041e-01	6.183061e-01
32075	2.877200e-01	9.139062e-01	7.101790e-02	8.877237e-02	4.650241e-01	4.477301e-01	8.049066e-01	2.384097e-01
27655	1.471305e-01	5.684293e-01	3.336746e-02	4.170932e-02	2.184896e-01	1.843293e-01	2.539701e-01	4.915881e-01
24037	5.031917e-01	4.590075e-01	6.767586e-02	8.459483e-02	4.431405e-01	1.509127e-01	7.278362e-01	1.951605e-02
25710	9.268931e-01	6.151685e-01	2.603145e-02	3.253931e-02	1.704535e-01	1.703049e-01	4.819595e-01	4.890234e-01
21133	1.720534e-01	9.699665e-01	2.270256e-02	2.837821e-02	1.486560e-01	1.460146e-01	4.238553e-01	1.793863e-01
12249	7.729174e-01	2.795912e-01	4.285399e-02	5.356749e-02	2.806073e-01	1.587112e-01	4.392570e-01	1.912175e-01
16499	9.250404e-01	5.183472e-01	3.159269e-02	3.949087e-02	2.068685e-01	1.653923e-01	8.186272e-01	2.174233e-01
30962	7.989414e-01	4.551107e-01	5.444683e-02	6.805854e-02	3.565170e-01	3.557485e-01	1.286001e-03	2.798644e-01
20238	5.529097e-01	5.599192e-01	4.822111e-02	6.027638e-02	3.157511e-01	1.082138e-01	8.304312e-01	4.133319e-01
4924	3.752428e-01	7.115323e-01	3.582922e-02	4.478652e-02	2.346091e-01	1.421838e-01	8.029559e-01	1.997417e-01
15155	5.645700e-01	8.245890e-02	2.910283e-02	3.637853e-02	1.905649e-01	1.617107e-01	1.804838e-01	6.131825e-01
24062	6.310123e-01	8.302349e-01	2.613780e-02	3.267225e-02	1.711499e-01	1.332014e-01	3.915662e-01	3.750106e-01
29807	4.066974e-01	9.041409e-01	5.592069e-02	6.990087e-02	3.661678e-01	2.172522e-01	2.195703e-01	3.909905e-01
9728	4.780893e-01	8.479759e-01	2.576481e-02	3.220601e-02	1.687076e-01	6.378568e-02	5.812992e-01	3.625877e-01
21809	8.412454e-01	5.616118e-01	2.711412e-02	3.389266e-02	1.775429e-01	1.461406e-01	9.523348e-01	6.859221e-01
22394	8.872256e-01	6.447561e-01	2.161590e-02	2.701987e-02	1.415406e-01	7.239319e-02	8.160105e-01	4.255125e-02
25571	5.619135e-01	7.568278e-01	7.122933e-02	8.903667e-02	4.664086e-01	4.648610e-01	8.769611e-01	1.521585e-01
32416	8.841398e-01	1.110176e-01	6.780130e-02	8.475162e-02	4.439618e-01	4.439549e-01	8.720008e-01	7.450151e-01
3153	5.677081e-01	8.577780e-01	5.024200e-02	6.280250e-02	3.289838e-01	1.093242e-01	9.419182e-01	9.860631e-01
12112	7.037483e-01	5.411848e-01	3.519287e-02	4.399109e-02	2.304424e-01	1.633315e-01	8.100964e-01	7.013262e-01
1534	6.849830e-01	9.250805e-01	2.594982e-02	3.243727e-02	1.699190e-01	1.559749e-01	5.439014e-01	8.350325e-01
21415	4.316286e-01	1.536326e-01	3.345380e-02	4.181725e-02	2.190549e-01	2.123117e-01	1.842101e-01	7.170760e-01
14	8.163360e-02	3.933579e-01	2.332994e-02	2.916243e-02	1.527641e-01	5.417588e-02	3.505193e-01	3.896890e-01
16469	7.743169e-01	1.121063e-01	2.875509e-02	3.594386e-02	1.882879e-01	7.673071e-02	6.107676e-01	4.701827e-01
20103	2.632366e-01	6.639268e-01	6.545463e-02	8.181829e-02	4.285959e-01	4.275906e-01	1.222996e-02	1.884254e-01
27246	9.232501e-01	3.480326e-01	3.230146e-02	4.037682e-02	2.115094e-01	8.076334e-02	1.245841e-01	8.307820e-01
4692	1.631659e-01	6.917970e-02	5.456198e-02	6.820248e-02	3.572710e-01	3.535085e-01	8.907380e-01	1.829508e-01
17140	3.220285e-01	3.400596e-01	4.392611e-02	5.490763e-02	2.876275e-01	2.476727e-01	5.027716e-01	5.425404e-01
16389	9.652570e-01	8.050047e-01	2.878967e-02	3.598709e-02	1.885143e-01	1.064600e-01	8.804632e-01	3.547904e-01
4846	1.384453e-01	7.501528e-01	2.071945e-02	2.589931e-02	1.356706e-01	1.122912e-01	6.492778e-01	4.574950e-01
1440	6.152893e-02	8.531723e-01	2.269063e-02	2.836328e-02	1.485779e-01	1.440689e-01	4.153495e-01	2.036672e-01
6111	8.451995e-01	2.792893e-01	3.006869e-02	3.758586e-02	1.968893e-01	1.816153e-01	4.563682e-01	3.040182e-01
28997	9.266540e-01	2.586744e-01	6.807063e-02	8.508828e-02	4.457254e-01	4.411258e-01	8.269777e-01	6.019999e-01
29712	6.816143e-01	1.784653e-01	6.360487e-02	7.950608e-02	4.164837e-01	2.938228e-01	9.048982e-01	2.861637e-01
6410	4.163807e-01	7.434804e-01	3.899997e-02	4.874996e-02	2.553712e-01	1.178125e-01	7.508894e-01	7.677657e-01
22406	2.160652e-01	5.120494e-01	2.105715e-02	2.632144e-02	1.378819e-01	1.335908e-01	3.576370e-01	9.989670e-01
7617	3.095937e-01	6.565426e-01	2.156618e-02	2.695772e-02	1.412150e-01	1.370229e-01	4.322280e-01	5.387582e-01
11905	1.994236e-01	2.188013e-01	3.401910e-02	4.252387e-02	2.227565e-01	2.225493e-01	4.451753e-01	7.698272e-01
10704	2.388860e-01	5.171010e-01	3.173199e-02	3.966499e-02	2.077806e-01	6.011385e-02	3.250115e-01	8.976852e-01
30427	1.983946e-01	1.160006e-01	2.112209e-02	2.640262e-02	1.383071e-01	1.274999e-01	5.145836e-01	1.852691e-01
18105	6.679294e-01	5.645958e-01	3.014437e-02	3.768046e-02	1.973849e-01	1.156554e-01	3.902180e-01	2.031281e-01
31650	7.985944e-01	8.632252e-01	4.776885e-02	5.971106e-02	3.127897e-01	2.913242e-01	5.280006e-01	1.386797e-01
2358	6.488486e-01	9.453186e-01	3.569746e-02	4.462182e-02	2.337464e-01	1.563899e-01	8.314195e-01	6.855272e-01
11692	5.628834e-02	2.782878e-01	2.328189e-02	2.910237e-02	1.524495e-01	7.595683e-02	5.516130e-01	9.326975e-01
