27191	3.585856e-01	5.796841e-01	4.832486e-02	6.040607e-02	3.164304e-01	1.498428e-01	3.434458e-01	5.075577e-01
25144	2.083935e-01	3.154985e-01	6.738718e-02	8.423398e-02	4.412502e-01	4.034180e-01	7.689161e-01	4.239103e-01
4529	7.897590e-01	2.030867e-01	3.955408e-02	4.944260e-02	2.589995e-01	2.585127e-01	3.010337e-01	6.368411e-02
26808	1.054966e-01	4.227937e-01	3.079291e-02	3.849114e-02	2.016315e-01	1.615486e-01	1.342732e-01	1.217457e-01
6009	3.295088e-01	2.132763e-01	4.100964e-02	5.126205e-02	2.685305e-01	1.324232e-01	9.860693e-01	1.065014e-01
1306	4.201600e-01	5.307331e-01	2.903614e-02	3.629517e-02	1.901282e-01	1.392081e-01	9.417888e-01	4.076466e-01
26062	8.921390e-01	4.255424e-01	6.891759e-02	8.614699e-02	4.512713e-01	2.753828e-01	7.366795e-01	5.135715e-01
31076	9.129727e-01	2.176529e-01	6.118661e-02	7.648327e-02	4.006490e-01	3.975224e-01	4.036291e-01	7.555602e-01
11443	1.382406e-01	9.014842e-01	2.196092e-02	2.745115e-02	1.437997e-01	7.405932e-02	6.269963e-01	8.679655e-01
25461	8.052691e-01	2.854111e-01	2.081439e-02	2.601799e-02	1.362923e-01	3.616146e-02	1.343596e-01	5.457189e-01
20479	6.825628e-01	9.449918e-01	3.591452e-02	4.489316e-02	2.351677e-01	2.306535e-01	6.659808e-01	1.852480e-01
25019	8.465008e-01	6.636281e-01	2.338742e-02	2.923428e-02	1.531405e-01	1.521405e-01	9.132678e-01	3.126086e-01
29346	2.585505e-01	5.183444e-01	3.910438e-02	4.888048e-02	2.560549e-01	1.091783e-01	7.267177e-01	3.388865e-01
12671	4.180308e-01	6.557361e-01	3.449084e-02	4.311355e-02	2.258455e-01	2.257929e-01	4.243479e-01	6.797790e-01
7429	3.457580e-01	4.281794e-01	2.119035e-02	2.648794e-02	1.387541e-01	9.645536e-02	5.986641e-01	1.593779e-01
3154	9.397154e-01	4.261868e-01	2.364047e-02	2.955059e-02	1.547974e-01	1.290239e-01	8.329486e-01	3.264033e-01
6093	3.608821e-01	8.923038e-01	2.661601e-02	3.327001e-02	1.742812e-01	9.937217e-02	7.568152e-01	9.134406e-02
10742	9.377167e-01	9.327068e-01	4.543816e-02	5.679770e-02	2.975284e-01	1.795286e-01	1.722507e-01	3.564007e-01
26573	1.560899e-01	5.737261e-01	6.623984e-02	8.279979e-02	4.337374e-01	1.238457e-01	7.076818e-01	7.000011e-01
26697	9.338961e-01	5.918758e-01	3.470226e-02	4.337782e-02	2.272299e-01	1.655817e-01	1.659773e-01	6.376104e-01
13056	6.185983e-01	2.127192e-01	2.517222e-02	3.146528e-02	1.648273e-01	1.267618e-01	6.736377e-01	1.275553e-01
22511	4.796604e-01	7.747971e-01	5.569517e-02	6.961896e-02	3.646911e-01	3.634294e-01	8.396053e-01	1.255128e-01
5961	8.187180e-02	1.400340e-01	3.599192e-02	4.498991e-02	2.356746e-01	1.757593e-01	5.947013e-01	7.809043e-01
32675	9.456793e-02	2.666681e-01	2.462891e-02	3.078614e-02	1.612697e-01	1.499361e-01	1.412259e-01	5.376845e-01
23281	2.926892e-01	4.804990e-01	2.206568e-02	2.758210e-02	1.444857e-01	5.857379e-02	1.568902e-02	9.405698e-01
17311	8.338082e-01	5.490834e-01	2.922883e-02	3.653604e-02	1.913899e-01	5.420240e-02	7.811167e-01	9.419673e-01
31450	7.047942e-01	6.316679e-01	7.599501e-02	9.499376e-02	4.976141e-01	4.721877e-01	4.478472e-01	1.974452e-02
18758	7.726350e-01	4.979799e-01	2.942186e-02	3.677732e-02	1.926539e-01	9.995991e-02	9.730289e-01	6.357860e-01
10362	9.190839e-01	8.500677e-01	5.119568e-02	6.399460e-02	3.352285e-01	1.110883e-01	2.141730e-01	7.469960e-01
22404	1.682956e-01	9.101542e-01	3.795681e-02	4.744601e-02	2.485406e-01	2.048923e-01	9.952008e-01	1.126491e-01
29133	4.345798e-01	8.772780e-01	4.236899e-02	5.296123e-02	2.774315e-01	1.842579e-01	4.633921e-01	1.832733e-01
7810	5.343628e-01	7.443623e-01	2.398976e-02	2.998719e-02	1.570845e-01	1.136970e-01	4.909391e-01	1.366751e-01
19083	7.997761e-01	4.504731e-01	3.024119e-02	3.780148e-02	1.980188e-01	8.535834e-02	6.042720e-01	1.604693e-01
28698	3.888725e-01	2.729877e-01	2.309164e-02	2.886454e-02	1.512037e-01	1.511953e-01	8.634588e-01	5.997321e-01
13759	2.026286e-01	8.358361e-01	2.752194e-02	3.440243e-02	1.802133e-01	1.545364e-01	4.185793e-01	2.593193e-01
11113	1.190266e-01	5.401293e-02	4.489206e-02	5.611507e-02	2.939525e-01	2.939334e-01	9.580534e-01	8.978492e-01
4751	8.347855e-01	4.359815e-01	3.101156e-02	3.876445e-02	2.030632e-01	1.979498e-01	7.240980e-01	3.220589e-01
14161	7.201398e-01	7.138137e-01	2.767282e-02	3.459103e-02	1.812012e-01	5.553472e-02	3.849134e-01	3.153830e-01
3406	8.293121e-01	1.571027e-01	2.520650e-02	3.150812e-02	1.650517e-01	1.639855e-01	4.784140e-01	7.024392e-01
5958	6.421409e-01	2.850100e-01	2.091843e-02	2.614803e-02	1.369735e-01	1.180711e-01	3.094053e-02	5.571318e-01
2937	3.979089e-01	7.635081e-01	3.171871e-02	3.964839e-02	2.076936e-01	1.690780e-01	1.036788e-01	4.798648e-01
21017	2.596837e-01	9.323334e-02	2.094671e-02	2.618339e-02	1.371588e-01	1.369011e-01	3.070021e-01	7.308047e-01
28251	3.684944e-02	8.531803e-02	3.232851e-02	4.041064e-02	2.116866e-01	2.086064e-01	3.788142e-02	4.133433e-02
10666	8.468285e-01	7.563272e-01	6.198873e-02	7.748592e-02	4.059013e-01	3.892105e-01	3.606385e-01	2.911859e-01
22045	5.389105e-01	8.515765e-01	4.777633e-02	5.972041e-02	3.128387e-01	1.557070e-01	2.865598e-01	3.431473e-01
22311	3.023875e-01	1.088917e-01	2.477006e-02	3.096257e-02	1.621940e-01	1.017438e-01	2.419188e-01	1.926279e-01
23819	1.665653e-01	7.320714e-01	6.748344e-02	8.435430e-02	4.418805e-01	4.412784e-01	6.286721e-01	3.268795e-01
2330	6.422362e-02	3.873347e-01	4.261128e-02	5.326409e-02	2.790180e-01	2.548956e-01	1.614103e-01	6.647079e-01
9632	7.671667e-01	8.544492e-01	3.080920e-02	3.851150e-02	2.017382e-01	1.818061e-01	3.886077e-01	1.638027e-01
3686	2.341058e-01	6.514026e-01	2.294133e-02	2.867667e-02	1.502195e-01	8.660881e-02	4.983948e-01	7.898845e-02
26083	6.639321e-01	4.198508e-01	3.968065e-02	4.960081e-02	2.598283e-01	2.487503e-01	8.442135e-01	8.986709e-01
1033	7.082880e-01	3.443905e-01	3.391988e-02	4.239985e-02	2.221069e-01	2.215280e-01	6.982184e-01	8.014717e-02
22031	2.044009e-01	9.499627e-01	2.252611e-02	2.815763e-02	1.475006e-01	1.469669e-01	1.794981e-01	1.578744e-02
6477	4.812277e-01	2.754005e-01	3.947532e-02	4.934415e-02	2.584838e-01	2.364666e-01	6.078165e-01	4.739793e-01
27251	2.653020e-01	5.702722e-01	2.872917e-02	3.591146e-02	1.881182e-01	7.040462e-02	8.214564e-01	9.415010e-01
32760	9.461555e-01	1.136568e-01	3.766618e-02	4.708273e-02	2.466376e-01	2.333676e-01	9.599062e-01	8.436145e-01
946	1.025403e-01	9.067675e-01	2.484346e-02	3.105432e-02	1.626746e-01	1.587959e-01	3.503543e-01	8.493116e-01
1838	4.258826e-01	3.200087e-01	4.664169e-02	5.830211e-02	3.054091e-01	3.042792e-01	2.165181e-01	3.569996e-01
9518	4.938880e-01	6.584782e-01	2.544252e-02	3.180315e-02	1.665972e-01	1.001292e-01	2.194654e-01	4.899727e-01
19972	4.810588e-01	3.510285e-01	3.450419e-02	4.313024e-02	2.259329e-01	2.239445e-01	2.627660e-01	5.282127e-02
23111	7.794011e-01	3.447195e-01	3.955983e-02	4.944978e-02	2.590371e-01	1.296066e-01	3.495106e-01	8.755788e-01
18496	3.251207e-02	7.983988e-01	2.264123e-02	2.830153e-02	1.482544e-01	1.079519e-01	3.334432e-02	4.464406e-01
3167	6.777900e-01	8.482972e-01	4.633035e-02	5.791294e-02	3.033704e-01	1.708979e-01	4.806985e-01	6.089968e-01
8833	9.623522e-01	5.115791e-01	3.051016e-02	3.813771e-02	1.997801e-01	1.973021e-01	2.501240e-01	3.072507e-01
850	8.581086e-01	1.895841e-01	2.577315e-02	3.221644e-02	1.687622e-01	1.150412e-01	7.945678e-01	5.640504e-01
9272	2.174847e-01	5.793610e-01	2.973124e-02	3.716405e-02	1.946797e-01	1.667869e-01	1.827554e-02	9.855861e-01
31041	7.111898e-01	2.469220e-01	3.927903e-02	4.909879e-02	2.571985e-01	1.092679e-01	4.556834e-01	8.409511e-01
7285	8.174669e-01	8.520711e-01	3.215399e-02	4.019249e-02	2.105438e-01	1.159726e-01	1.873701e-01	6.688113e-01
21786	5.768140e-01	5.536909e-01	2.399884e-02	2.999855e-02	1.571440e-01	1.564404e-01	3.840458e-01	8.627159e-01
32596	7.276219e-01	8.953421e-01	2.153560e-02	2.691950e-02	1.410148e-01	4.574724e-02	8.103785e-01	4.840261e-01
