31507	1.414901e-01	7.335171e-01	3.397396e-02	4.246745e-02	2.224610e-01	1.360547e-01	3.305715e-01	2.629629e-02
5666	2.342013e-01	6.357172e-01	4.719440e-02	5.899300e-02	3.090282e-01	2.301029e-01	3.373911e-01	8.411430e-01
30730	3.894451e-01	1.947342e-01	4.994644e-02	6.243305e-02	3.270485e-01	1.924472e-01	2.306153e-01	3.329240e-01
738	4.495775e-01	1.774651e-01	5.213132e-02	6.516415e-02	3.413551e-01	2.612789e-01	3.771873e-01	7.437007e-01
21242	4.288889e-01	5.901902e-01	2.313513e-02	2.891891e-02	1.514884e-01	8.011920e-02	8.364370e-01	5.987448e-01
20576	1.187577e-01	8.316622e-01	2.257210e-02	2.821513e-02	1.478018e-01	7.700882e-02	6.528143e-01	5.863188e-01
28639	6.208335e-01	7.011988e-01	3.236903e-02	4.046129e-02	2.119519e-01	1.144791e-01	9.961209e-01	6.281839e-01
28069	6.025253e-01	3.888985e-01	6.748354e-02	8.435443e-02	4.418812e-01	3.488554e-01	2.773466e-02	3.826760e-01
28040	1.533265e-01	8.158578e-01	2.232392e-02	2.790490e-02	1.461767e-01	1.460280e-01	4.939820e-01	6.508735e-01
32225	7.078443e-01	8.755359e-01	5.725440e-02	7.156800e-02	3.749009e-01	3.721702e-01	8.477731e-01	1.367871e-02
28763	6.698197e-01	3.341936e-01	4.125597e-02	5.156997e-02	2.701435e-01	2.623413e-01	2.837874e-01	2.851342e-02
27422	1.871139e-01	4.841438e-01	2.861634e-02	3.577043e-02	1.873794e-01	1.861612e-01	3.619475e-01	6.044331e-01
13547	7.345367e-01	4.084447e-01	2.058345e-02	2.572932e-02	1.347801e-01	9.798973e-02	7.661286e-01	3.393431e-01
6190	7.643323e-01	9.022207e-01	3.103142e-02	3.878928e-02	2.031933e-01	1.099821e-01	2.892713e-01	5.133150e-01
8875	8.794363e-01	6.597098e-01	4.056851e-02	5.071063e-02	2.656419e-01	2.478704e-01	2.549349e-01	6.160775e-01
19260	6.017257e-01	2.440761e-01	7.746776e-02	9.683470e-02	5.072577e-01	1.693821e-01	2.265502e-01	7.578031e-01
23408	8.533798e-01	4.083759e-01	6.422502e-02	8.028127e-02	4.205444e-01	3.648642e-01	5.138214e-01	8.578087e-01
32754	6.926473e-01	7.596360e-01	3.299074e-02	4.123842e-02	2.160228e-01	1.605282e-01	3.931322e-02	6.746798e-02
21425	5.313673e-01	6.761995e-01	2.116638e-02	2.645798e-02	1.385971e-01	6.730270e-02	5.187342e-01	7.589378e-01
10147	1.126973e-01	2.334793e-01	6.671595e-02	8.339494e-02	4.368550e-01	3.452151e-01	7.347985e-01	5.151102e-01
26479	4.942896e-01	4.071424e-01	2.184829e-02	2.731036e-02	1.430622e-01	6.586018e-02	8.002938e-01	3.073426e-01
26138	9.140416e-01	7.491537e-01	3.278822e-02	4.098528e-02	2.146968e-01	1.762430e-01	8.163038e-01	4.592337e-01
17756	6.411266e-01	7.268276e-01	4.130523e-02	5.163154e-02	2.704660e-01	8.694268e-02	7.077804e-01	4.148085e-02
10022	2.835222e-01	3.943540e-01	2.309101e-02	2.886376e-02	1.511996e-01	1.453762e-01	1.566141e-01	1.476295e-01
3257	9.481854e-02	7.014378e-01	2.630355e-02	3.287943e-02	1.722352e-01	1.711132e-01	5.779012e-01	2.758412e-01
18217	1.095812e-01	3.362542e-01	3.683859e-02	4.604824e-02	2.412185e-01	2.008674e-01	2.235982e-01	7.219401e-01
4485	5.370780e-02	6.147808e-01	5.360936e-02	6.701170e-02	3.510333e-01	2.975085e-01	7.196425e-01	2.264772e-02
31227	9.099448e-01	3.230605e-02	2.616283e-02	3.270354e-02	1.713138e-01	5.508397e-02	8.611981e-01	9.850167e-01
18994	1.509677e-01	5.763373e-01	2.180900e-02	2.726125e-02	1.428050e-01	7.925806e-02	8.957772e-01	4.440822e-01
1251	4.374571e-01	6.566613e-01	2.585354e-02	3.231692e-02	1.692886e-01	9.361407e-02	2.798754e-01	7.806755e-01
29159	3.748256e-01	4.100213e-01	3.246942e-02	4.058678e-02	2.126093e-01	1.040458e-01	3.362075e-01	7.395459e-01
216	1.840260e-01	4.005779e-01	3.076535e-02	3.845669e-02	2.014510e-01	1.563632e-01	6.500069e-01	3.670139e-01
7658	2.531748e-01	5.512645e-01	2.371902e-02	2.964877e-02	1.553118e-01	9.972271e-02	9.265495e-01	7.323673e-01
8519	5.349626e-01	1.476991e-01	2.684491e-02	3.355614e-02	1.757800e-01	7.174660e-02	4.036525e-01	2.691000e-01
22584	7.521214e-02	7.754972e-02	3.352171e-02	4.190214e-02	2.194996e-01	1.317561e-01	4.483092e-01	1.760849e-01
2961	1.301608e-01	4.924405e-01	2.544790e-02	3.180987e-02	1.666324e-01	1.023463e-01	4.342912e-01	2.265338e-01
503	9.068929e-01	9.238725e-01	5.972964e-02	7.466205e-02	3.911087e-01	3.531290e-01	5.419078e-01	6.530106e-01
25855	4.639536e-01	8.349993e-01	3.712994e-02	4.641242e-02	2.431262e-01	2.406309e-01	2.133305e-01	3.487391e-01
23723	6.319272e-02	3.603542e-01	6.090182e-02	7.612727e-02	3.987842e-01	3.779458e-01	3.129293e-01	5.181758e-01
3373	8.027477e-01	5.226362e-01	2.395636e-02	2.994545e-02	1.568659e-01	9.900248e-02	3.135922e-02	3.557407e-01
23886	4.382728e-01	9.084010e-01	4.601605e-02	5.752007e-02	3.013124e-01	1.622702e-01	9.712237e-01	2.909447e-02
6135	3.201892e-01	5.004392e-01	3.480038e-02	4.350047e-02	2.278723e-01	2.270355e-01	3.712512e-01	9.655199e-01
13252	1.571638e-01	3.158242e-01	4.331714e-02	5.414643e-02	2.836400e-01	2.547092e-01	9.622493e-01	1.621244e-01
27893	3.665432e-01	5.771725e-01	2.562985e-02	3.203731e-02	1.678239e-01	1.508973e-01	5.589408e-01	9.196300e-01
10310	9.215371e-02	5.457437e-01	4.780718e-02	5.975897e-02	3.130407e-01	2.172188e-01	2.381619e-01	8.837879e-01
7759	1.469797e-01	6.163257e-02	5.140480e-02	6.425600e-02	3.365978e-01	1.560328e-01	2.392165e-01	8.316114e-01
32533	1.348819e-01	1.690564e-01	2.067201e-02	2.584001e-02	1.353600e-01	5.145641e-02	2.753991e-01	8.882534e-01
12394	8.682155e-01	5.978522e-01	3.631244e-02	4.539056e-02	2.377733e-01	1.880368e-01	7.897151e-01	3.181517e-01
26437	9.173865e-01	6.503891e-01	2.623061e-02	3.278826e-02	1.717576e-01	1.716980e-01	8.674662e-01	1.561664e-01
10722	7.635629e-01	7.150977e-01	4.141923e-02	5.177403e-02	2.712125e-01	2.647552e-01	8.148410e-01	8.309531e-01
30318	4.816435e-01	9.564257e-01	2.670572e-02	3.338215e-02	1.748686e-01	1.629286e-01	6.842332e-01	5.703497e-01
28090	2.971393e-01	5.595970e-01	3.395817e-02	4.244771e-02	2.223576e-01	1.621932e-01	3.113091e-01	4.753427e-01
5725	6.109465e-02	1.861381e-01	2.095401e-02	2.619251e-02	1.372065e-01	1.310093e-01	7.747824e-01	7.264452e-01
3402	3.268356e-01	7.251077e-01	2.317334e-02	2.896668e-02	1.517387e-01	1.517270e-01	8.442505e-01	8.313152e-01
2184	8.086850e-01	1.717130e-01	6.021354e-02	7.526692e-02	3.942773e-01	2.594630e-01	3.893297e-01	2.524170e-01
4762	3.276239e-01	3.477810e-01	3.849464e-02	4.811830e-02	2.520623e-01	1.165018e-01	5.102682e-01	4.897071e-01
27009	3.939114e-01	7.373984e-01	2.902559e-02	3.628199e-02	1.900591e-01	9.652431e-02	2.265132e-01	6.286063e-01
29631	1.728291e-01	6.989985e-01	4.626267e-02	5.782834e-02	3.029273e-01	1.789448e-01	1.234717e-01	7.299663e-01
12844	2.226637e-01	3.104528e-01	2.243016e-02	2.803770e-02	1.468724e-01	1.424566e-01	2.851556e-01	1.786326e-01
420	1.042836e-01	7.669104e-02	3.689009e-02	4.611262e-02	2.415558e-01	1.395891e-01	9.256575e-01	2.112264e-01
13061	8.681265e-01	7.255847e-01	2.082992e-02	2.603739e-02	1.363940e-01	1.258176e-01	5.400373e-01	9.743412e-03
7276	9.383613e-01	2.265243e-01	2.099883e-02	2.624854e-02	1.375000e-01	9.192308e-02	2.364943e-01	6.426662e-01
7080	3.186500e-01	6.602936e-01	4.918289e-02	6.147862e-02	3.220488e-01	3.172816e-01	2.060378e-01	4.321977e-01
32386	7.776703e-01	1.148730e-01	2.152133e-02	2.690167e-02	1.409214e-01	1.297471e-01	6.930332e-01	5.510907e-01
10868	6.246173e-01	5.961291e-01	3.097975e-02	3.872469e-02	2.028549e-01	1.965321e-01	3.655308e-02	5.039419e-01
11629	2.376673e-01	2.345725e-01	2.136219e-02	2.670274e-02	1.398793e-01	1.141052e-01	5.043893e-01	9.733646e-01
22684	3.952684e-01	8.175901e-01	2.849349e-02	3.561686e-02	1.865749e-01	1.752385e-01	2.080817e-01	7.853973e-01
943	5.457219e-01	3.201124e-01	2.978525e-02	3.723157e-02	1.950334e-01	1.906000e-01	1.806948e-02	9.023021e-01
16224	1.230361e-01	4.339002e-01	2.181187e-02	2.726483e-02	1.428238e-01	1.105380e-01	4.622039e-04	6.319215e-01
28260	6.100137e-02	8.006117e-01	4.018589e-02	5.023237e-02	2.631366e-01	9.558033e-02	5.312850e-01	2.850716e-01
3992	9.589631e-01	3.936254e-01	2.124518e-02	2.655648e-02	1.391131e-01	6.559962e-02	2.528163e-01	6.856905e-01
7967	5.113128e-01	9.433185e-02	2.816669e-02	3.520836e-02	1.844350e-01	1.843279e-01	7.279995e-02	8.528384e-01
27935	2.388156e-01	7.938080e-01	2.970993e-02	3.713741e-02	1.945401e-01	1.155133e-01	7.559258e-01	3.159584e-01
2203	6.845426e-01	8.072271e-01	2.412469e-02	3.015586e-02	1.579681e-01	1.571224e-01	5.565191e-01	4.203159e-01
26744	4.542336e-01	2.467977e-01	5.745351e-02	7.181689e-02	3.762047e-01	1.738009e-01	7.276977e-01	6.040860e-01
22213	3.983712e-01	3.549608e-01	2.228241e-02	2.785301e-02	1.459049e-01	1.045748e-01	4.237433e-01	9.902466e-02
23672	9.233650e-01	5.794530e-02	2.281527e-02	2.851908e-02	1.493940e-01	1.149437e-01	2.112420e-01	4.691031e-01
