28164	4.038419e-01	8.093233e-01	3.182318e-02	3.977897e-02	2.083777e-01	1.986056e-01	6.544247e-01	3.504306e-01
6123	1.976996e-01	1.569482e-01	3.259767e-02	4.074708e-02	2.134490e-01	1.741704e-01	6.001859e-01	6.307850e-01
15886	3.491885e-01	2.179251e-01	3.357431e-02	4.196789e-02	2.198441e-01	8.805975e-02	6.443544e-01	9.087010e-01
7663	5.303919e-01	6.815873e-01	4.481398e-02	5.601748e-02	2.934412e-01	2.116825e-01	8.963736e-01	8.297522e-02
13508	3.250557e-01	1.192285e-01	2.057130e-02	2.571412e-02	1.347005e-01	1.340784e-01	1.975617e-01	7.771469e-01
30730	2.393023e-01	5.804223e-01	5.429216e-02	6.786519e-02	3.555042e-01	2.224207e-01	8.982896e-01	6.770691e-01
22363	3.743457e-01	9.169039e-01	2.775314e-02	3.469142e-02	1.817271e-01	1.688735e-01	1.384884e-01	7.193442e-01
18391	6.723384e-01	7.041284e-01	3.221753e-02	4.027191e-02	2.109599e-01	1.436507e-01	5.088077e-01	6.589447e-01
1097	4.445552e-01	2.425080e-01	2.335248e-02	2.919060e-02	1.529117e-01	1.426261e-01	6.763904e-01	5.533933e-01
17960	4.917842e-02	8.846131e-01	3.589161e-02	4.486451e-02	2.350177e-01	2.192096e-01	4.534204e-01	9.719929e-01
10	9.398384e-01	6.904413e-01	2.632727e-02	3.290909e-02	1.723906e-01	1.370037e-01	6.029377e-01	8.771175e-01
11025	8.190206e-01	5.740797e-01	6.096784e-02	7.620980e-02	3.992165e-01	3.639462e-01	4.284647e-01	5.797559e-03
2858	2.804366e-01	1.974146e-01	2.632708e-02	3.290886e-02	1.723893e-01	1.509156e-01	7.552574e-02	3.279462e-01
4458	4.413601e-01	1.787232e-01	3.909589e-02	4.886987e-02	2.559993e-01	2.512802e-01	9.858759e-01	6.575692e-01
27174	8.354014e-02	4.041950e-01	3.651641e-02	4.564551e-02	2.391089e-01	2.245629e-01	2.165411e-01	8.943580e-01
2130	5.191125e-02	9.529000e-02	3.482385e-02	4.352981e-02	2.280260e-01	2.000510e-01	4.196028e-02	4.306262e-01
10243	8.211403e-01	6.970321e-01	6.039590e-02	7.549488e-02	3.954714e-01	1.854030e-01	4.519406e-01	6.358744e-01
17125	4.239337e-01	5.209946e-01	5.771652e-02	7.214565e-02	3.779269e-01	3.109632e-01	9.381807e-01	1.184929e-01
3098	2.908293e-01	4.667043e-01	2.546331e-02	3.182914e-02	1.667334e-01	4.647520e-02	8.351820e-01	9.650120e-01
28322	8.195032e-01	4.517788e-01	3.801844e-02	4.752305e-02	2.489442e-01	2.261322e-01	8.617688e-02	6.045170e-01
1268	5.757777e-02	3.270521e-01	2.893231e-02	3.616538e-02	1.894483e-01	1.322114e-01	8.141795e-01	9.280217e-02
4477	9.236480e-01	8.806287e-02	2.947269e-02	3.684086e-02	1.929867e-01	1.848163e-01	7.433216e-01	6.850222e-01
9140	6.106288e-01	4.096583e-01	2.548498e-02	3.185622e-02	1.668752e-01	1.472299e-01	3.371869e-01	8.308415e-01
8997	8.873558e-01	6.563295e-01	3.130328e-02	3.912910e-02	2.049734e-01	1.587019e-01	2.939782e-01	6.335888e-01
6768	2.721035e-01	7.641080e-01	2.993527e-02	3.741909e-02	1.960157e-01	8.641587e-02	3.862520e-01	2.007957e-01
3233	6.152752e-01	8.584199e-01	2.530636e-02	3.163295e-02	1.657056e-01	1.603130e-01	1.408781e-01	5.674740e-01
9439	7.012704e-02	8.313304e-01	2.324066e-02	2.905082e-02	1.521795e-01	1.520654e-01	5.586973e-01	6.879597e-01
11874	8.176275e-01	1.709777e-01	4.782318e-02	5.977898e-02	3.131454e-01	2.185120e-01	1.532001e-01	3.053630e-01
11059	8.977109e-01	2.845753e-01	4.696049e-02	5.870062e-02	3.074966e-01	2.818622e-01	8.518215e-01	7.142608e-01
28894	7.255302e-01	2.230851e-01	4.190693e-02	5.238366e-02	2.744059e-01	2.693304e-01	5.703279e-01	7.718690e-01
475	1.025761e-01	5.261240e-01	2.233646e-02	2.792057e-02	1.462588e-01	8.353756e-02	5.177444e-01	6.393085e-01
14940	3.060409e-01	8.441608e-01	2.863712e-02	3.579640e-02	1.875154e-01	1.657660e-01	1.839517e-01	1.140079e-01
21268	6.155697e-01	9.290035e-01	5.806258e-02	7.257822e-02	3.801929e-01	3.747364e-01	3.561450e-01	5.632875e-01
10892	5.522683e-02	7.317715e-01	2.057747e-02	2.572183e-02	1.347409e-01	1.023390e-01	3.405890e-01	6.384876e-01
12894	4.424615e-01	1.388687e-01	2.871664e-02	3.589580e-02	1.880361e-01	5.369702e-02	6.835755e-01	9.800097e-01
4132	6.072430e-01	7.802141e-01	7.173192e-02	8.966490e-02	4.696995e-01	3.382026e-01	2.031987e-03	2.151585e-01
6466	6.851541e-01	3.607314e-01	3.615712e-02	4.519639e-02	2.367562e-01	1.713682e-01	9.559596e-01	2.222330e-01
19756	5.241340e-01	3.100186e-01	3.973433e-02	4.966792e-02	2.601798e-01	1.497649e-01	2.248575e-03	8.700844e-01
15684	1.660323e-01	2.506961e-01	3.291619e-02	4.114524e-02	2.155347e-01	2.109227e-01	4.528781e-01	2.621971e-01
16441	5.780936e-01	2.858985e-01	3.043030e-02	3.803788e-02	1.992571e-01	6.433307e-02	6.199326e-01	6.520645e-01
17349	8.454673e-01	3.004111e-01	2.899595e-02	3.624494e-02	1.898651e-01	1.825175e-01	8.847250e-01	4.635224e-01
5091	8.654689e-01	9.494957e-01	3.431122e-02	4.288903e-02	2.246694e-01	2.138758e-01	5.968162e-01	9.190192e-01
8829	7.903531e-01	9.131067e-01	2.332647e-02	2.915809e-02	1.527414e-01	1.522118e-01	5.425877e-01	4.641179e-02
12944	2.190660e-01	3.698356e-01	3.049929e-02	3.812411e-02	1.997089e-01	1.980663e-01	7.420664e-02	2.023202e-01
20875	2.451631e-01	3.596327e-01	2.405323e-02	3.006654e-02	1.575002e-01	7.002576e-02	4.285716e-01	3.519986e-01
24569	5.485481e-01	8.004875e-01	3.002817e-02	3.753521e-02	1.966240e-01	1.856487e-01	8.916598e-01	9.672457e-01
32342	9.145257e-01	5.712466e-01	4.256633e-02	5.320792e-02	2.787237e-01	1.352325e-01	1.968118e-01	5.227445e-01
2316	5.713002e-01	9.088383e-02	2.525483e-02	3.156854e-02	1.653682e-01	1.259011e-01	9.436534e-02	4.469594e-01
8512	7.238793e-01	1.740043e-01	2.088006e-02	2.610007e-02	1.367223e-01	1.163715e-01	8.135509e-01	2.824662e-02
18939	3.381175e-01	6.650943e-01	5.282398e-02	6.602998e-02	3.458906e-01	2.561394e-01	5.527614e-01	4.296493e-01
26980	5.593266e-01	2.248007e-01	2.924290e-02	3.655363e-02	1.914821e-01	1.611172e-01	3.416443e-01	6.362592e-01
14007	5.466989e-01	9.036255e-01	6.476927e-02	8.096159e-02	4.241082e-01	4.202664e-01	9.966329e-02	3.129306e-01
11673	9.175250e-01	4.149604e-01	6.642618e-02	8.303272e-02	4.349576e-01	3.989337e-01	9.757412e-02	9.554853e-01
24951	1.854466e-01	5.480415e-01	2.105529e-02	2.631911e-02	1.378697e-01	9.722280e-02	1.579392e-02	6.245484e-01
1053	4.546310e-01	8.508620e-01	2.828087e-02	3.535109e-02	1.851827e-01	6.304184e-02	7.697792e-01	8.216110e-01
9027	3.497800e-01	8.068502e-01	3.426849e-02	4.283561e-02	2.243895e-01	1.424710e-01	7.863000e-01	7.953315e-01
26591	1.105526e-01	7.239133e-02	2.404646e-02	3.005808e-02	1.574559e-01	1.379679e-01	4.577712e-02	1.537667e-01
17651	6.952466e-01	5.157714e-01	3.256363e-02	4.070454e-02	2.132262e-01	1.658615e-01	4.728377e-01	9.579470e-02
22070	1.644145e-01	5.746657e-02	2.335345e-02	2.919181e-02	1.529180e-01	1.526957e-01	7.890331e-01	9.577910e-01
4692	1.441781e-01	4.274643e-01	7.376098e-02	9.220122e-02	4.829857e-01	2.513896e-01	6.950080e-02	6.861700e-01
15831	7.815436e-01	2.903375e-01	2.706782e-02	3.383478e-02	1.772397e-01	1.715600e-01	8.815995e-02	2.775272e-01
27655	1.400370e-01	1.829839e-01	2.428520e-02	3.035650e-02	1.590191e-01	1.164596e-01	3.787431e-01	4.790992e-01
21315	7.914615e-01	8.803998e-01	2.063692e-02	2.579615e-02	1.351302e-01	1.056139e-01	4.600607e-01	5.089621e-01
8142	6.681925e-01	8.183031e-01	3.576579e-02	4.470723e-02	2.341938e-01	1.285690e-01	4.643737e-01	5.668574e-01
9406	6.503079e-01	8.730664e-01	2.519489e-02	3.149362e-02	1.649758e-01	1.637677e-01	5.373334e-01	9.206577e-01
13756	1.583561e-01	1.555221e-01	2.561932e-02	3.202415e-02	1.677549e-01	7.421201e-02	5.736872e-01	8.201006e-02
12322	3.762485e-01	4.578492e-01	2.916954e-02	3.646193e-02	1.910017e-01	6.334058e-02	7.370411e-01	5.484110e-01
15055	6.214961e-01	3.493730e-01	2.534500e-02	3.168125e-02	1.659587e-01	1.439922e-01	4.315184e-01	4.723901e-01
32195	9.234096e-01	1.443178e-01	2.087042e-02	2.608802e-02	1.366592e-01	1.196799e-01	5.316605e-02	9.599420e-01
5285	4.583118e-01	7.590966e-01	5.503299e-02	6.879124e-02	3.603552e-01	3.139157e-01	3.240555e-01	8.341808e-01
27393	6.425963e-01	1.790278e-01	6.348173e-02	7.935216e-02	4.156774e-01	2.921009e-01	8.374703e-01	5.652340e-01
15010	1.988065e-01	7.220564e-01	6.533962e-02	8.167452e-02	4.278428e-01	1.561979e-01	5.677018e-01	1.694351e-01
18040	4.344183e-02	2.982950e-01	2.058108e-02	2.572634e-02	1.347646e-01	1.346893e-01	6.020133e-01	1.490810e-01
17478	7.807240e-01	9.511850e-02	6.346248e-02	7.932809e-02	4.155513e-01	1.295332e-01	8.319786e-01	8.377285e-01
17560	8.822653e-01	8.082491e-01	2.086752e-02	2.608440e-02	1.366402e-01	1.092847e-01	8.293910e-01	9.556004e-01
