25136	7.884737e-01	3.495789e-01	3.235653e-02	4.044566e-02	2.118700e-01	7.667102e-02	6.618814e-01	8.604410e-01
28851	7.312377e-01	3.766685e-01	2.387386e-02	2.984233e-02	1.563257e-01	5.353883e-02	6.362189e-02	9.626328e-01
22699	8.163351e-01	7.502527e-01	4.489267e-02	5.611584e-02	2.939565e-01	2.267822e-01	1.233705e-01	7.793980e-01
21329	8.630483e-01	6.918064e-01	7.625904e-02	9.532380e-02	4.993430e-01	1.615643e-01	9.572821e-01	6.100341e-01
32319	2.683528e-01	2.982980e-01	7.571343e-02	9.464179e-02	4.957704e-01	4.854453e-01	2.143857e-01	7.869373e-01
21206	3.937315e-01	5.327346e-01	2.767732e-02	3.459665e-02	1.812307e-01	1.444709e-01	9.493611e-01	1.780262e-01
20234	2.861577e-01	2.351662e-01	3.495667e-02	4.369584e-02	2.288957e-01	7.827006e-02	7.504082e-02	7.967137e-01
13996	4.246621e-01	6.643303e-01	7.633519e-02	9.541898e-02	4.998416e-01	4.694921e-01	9.634459e-01	7.625044e-01
23214	4.663646e-01	2.750992e-01	4.364103e-02	5.455128e-02	2.857608e-01	2.098660e-01	8.397869e-01	8.082158e-02
5988	9.637996e-02	4.940468e-01	2.870787e-02	3.588483e-02	1.879787e-01	1.868474e-01	7.987129e-01	6.021307e-01
15986	4.933870e-01	3.141140e-01	3.496574e-02	4.370717e-02	2.289551e-01	2.281049e-01	2.345280e-01	4.216409e-01
2833	5.196588e-01	6.365591e-01	7.602476e-02	9.503095e-02	4.978089e-01	3.861869e-01	6.571449e-01	2.513433e-01
29848	8.085701e-01	2.778580e-01	2.601482e-02	3.251853e-02	1.703446e-01	1.555927e-01	5.461874e-01	1.981951e-01
11991	1.391018e-01	3.857977e-02	2.241123e-02	2.801404e-02	1.467484e-01	6.788808e-02	6.207454e-01	9.160508e-01
22936	1.951810e-01	5.536970e-01	2.300605e-02	2.875757e-02	1.506433e-01	1.461142e-01	1.015545e-01	6.157591e-01
19698	7.577539e-01	9.496795e-01	4.116568e-02	5.145710e-02	2.695522e-01	2.276596e-01	6.518235e-01	5.157643e-01
6933	1.439618e-01	7.258905e-01	2.235869e-02	2.794836e-02	1.464044e-01	7.367175e-02	7.181441e-01	7.034230e-01
32350	4.474223e-01	7.604267e-02	3.949683e-02	4.937104e-02	2.586247e-01	2.384117e-01	9.206684e-02	3.379030e-01
9488	3.738379e-01	3.395665e-01	2.150048e-02	2.687560e-02	1.407848e-01	1.202148e-01	5.281385e-01	4.267603e-01
20544	4.068053e-01	2.930483e-01	3.058661e-02	3.823326e-02	2.002807e-01	1.828762e-01	8.989196e-01	3.539598e-01
3217	3.148358e-01	4.515819e-01	4.202550e-02	5.253187e-02	2.751823e-01	2.308544e-01	5.790406e-01	1.907950e-01
14436	1.119187e-01	9.059031e-02	2.584304e-02	3.230380e-02	1.692198e-01	1.690956e-01	8.138024e-01	8.788532e-01
32131	5.021740e-01	1.872964e-01	3.948268e-02	4.935335e-02	2.585320e-01	2.464539e-01	6.832146e-01	5.367517e-01
6335	2.256543e-01	8.829089e-01	4.372556e-02	5.465695e-02	2.863143e-01	2.356316e-01	8.733350e-01	1.198642e-01
25804	1.116506e-01	7.952226e-01	3.243954e-02	4.054942e-02	2.124136e-01	2.122687e-01	2.406783e-01	2.695054e-01
20711	2.894269e-01	1.865328e-01	4.394752e-02	5.493440e-02	2.877677e-01	2.530052e-01	2.499207e-01	4.656854e-01
28105	3.949223e-01	4.517532e-01	3.259333e-02	4.074166e-02	2.134206e-01	1.835975e-01	8.671445e-01	8.911733e-01
27826	9.127449e-01	3.171671e-01	4.240562e-02	5.300702e-02	2.776713e-01	2.151261e-01	1.012123e-01	2.364167e-02
25651	4.901592e-01	6.911945e-01	2.122957e-02	2.653696e-02	1.390109e-01	1.053345e-01	7.040203e-01	5.697877e-01
5649	1.218415e-01	2.216228e-01	4.724369e-02	5.905461e-02	3.093510e-01	2.729761e-01	3.533935e-01	7.807772e-01
20821	3.757190e-01	3.021213e-01	2.484538e-02	3.105673e-02	1.626872e-01	9.501542e-02	4.698305e-01	8.269052e-02
8730	3.310393e-01	6.539060e-01	5.961793e-02	7.452242e-02	3.903773e-01	3.900196e-01	4.970816e-01	2.957229e-01
2022	1.298558e-01	8.977270e-01	2.510200e-02	3.137750e-02	1.643675e-01	1.472194e-01	8.936606e-01	4.452371e-01
24062	7.594660e-01	6.757303e-01	2.628690e-02	3.285862e-02	1.721262e-01	7.114636e-02	5.125360e-02	2.738438e-02
6909	7.444336e-01	4.530972e-01	2.108223e-02	2.635279e-02	1.380461e-01	1.377090e-01	3.583876e-01	8.178445e-01
25995	1.890569e-01	4.731382e-01	6.835734e-02	8.544667e-02	4.476028e-01	4.252546e-01	3.587919e-01	3.616028e-01
4905	3.632650e-01	7.567153e-01	2.927987e-02	3.659984e-02	1.917241e-01	8.538850e-02	7.575414e-01	8.140088e-01
32659	1.060329e-01	7.093967e-01	2.222266e-02	2.777833e-02	1.455136e-01	5.463821e-02	7.470840e-01	2.754419e-01
25442	7.859777e-01	8.019480e-01	3.529615e-02	4.412019e-02	2.311187e-01	2.233928e-01	1.671112e-01	8.127958e-01
30947	8.372258e-01	3.738735e-01	2.857626e-02	3.572033e-02	1.871169e-01	1.825044e-01	2.684599e-01	9.719368e-01
967	1.670027e-01	9.033796e-01	3.458421e-02	4.323027e-02	2.264569e-01	2.081081e-01	5.323085e-02	5.428524e-01
10005	8.871697e-01	4.318614e-01	4.214196e-02	5.267745e-02	2.759449e-01	2.478140e-01	7.399598e-01	3.045997e-01
13882	4.659651e-01	5.640696e-01	3.742470e-02	4.678088e-02	2.450564e-01	2.444809e-01	4.606277e-01	3.683691e-01
3016	3.885955e-01	5.750849e-01	2.704291e-02	3.380364e-02	1.770766e-01	1.712866e-01	7.728197e-01	2.332256e-01
4240	7.039611e-01	8.889922e-01	3.486505e-02	4.358131e-02	2.282958e-01	6.833608e-02	2.689821e-01	9.943761e-01
994	5.390388e-01	3.537981e-01	2.078167e-02	2.597709e-02	1.360781e-01	1.142368e-01	1.672516e-01	3.173114e-01
29472	3.894301e-01	2.220012e-01	4.718690e-02	5.898362e-02	3.089791e-01	1.357121e-01	5.344208e-01	2.194762e-01
14944	3.766183e-01	9.619290e-01	2.531719e-02	3.164649e-02	1.657766e-01	1.193814e-01	9.174624e-01	1.824154e-04
31035	6.624707e-01	7.990051e-01	3.385082e-02	4.231353e-02	2.216546e-01	1.462557e-01	4.905324e-01	8.467758e-01
27273	9.146066e-01	2.627099e-01	2.230329e-02	2.787912e-02	1.460416e-01	4.139853e-02	1.612222e-01	5.931615e-01
29235	6.386609e-02	6.344465e-01	3.178000e-02	3.972500e-02	2.080949e-01	1.756069e-01	1.576484e-01	1.059404e-01
30731	9.399085e-01	5.997459e-01	2.312433e-02	2.890541e-02	1.514178e-01	1.505655e-01	2.462326e-01	9.560612e-01
28632	2.527515e-01	1.373146e-01	2.501574e-02	3.126968e-02	1.638027e-01	1.596103e-01	1.328794e-01	9.570460e-01
21776	3.080271e-01	8.167651e-02	2.381561e-02	2.976951e-02	1.559442e-01	1.060736e-01	8.909167e-02	3.871858e-01
27474	5.400274e-01	5.314816e-01	2.071653e-02	2.589566e-02	1.356515e-01	1.273639e-01	9.410276e-01	6.489653e-01
10491	6.235051e-01	3.192037e-02	2.383136e-02	2.978920e-02	1.560474e-01	1.538869e-01	4.655983e-01	8.246631e-01
15015	9.315260e-01	8.165184e-01	3.552763e-02	4.440954e-02	2.326344e-01	9.882847e-02	9.523859e-01	4.237679e-01
19635	3.228434e-01	5.248047e-01	2.996507e-02	3.745634e-02	1.962108e-01	1.511648e-01	3.772424e-01	3.533487e-01
26957	1.548846e-01	6.320416e-01	3.408210e-02	4.260263e-02	2.231691e-01	1.687552e-01	3.227049e-01	9.594191e-01
31401	5.453441e-01	1.390806e-01	2.615239e-02	3.269048e-02	1.712454e-01	1.604353e-01	3.857396e-01	7.527946e-01
15581	2.928858e-01	5.668203e-01	2.139722e-02	2.674652e-02	1.401087e-01	1.392442e-01	1.439345e-01	9.794587e-01
25217	6.576987e-01	4.734497e-01	2.695742e-02	3.369678e-02	1.765168e-01	1.478576e-01	5.042339e-01	1.609952e-01
12487	2.458740e-01	4.001194e-01	3.289396e-02	4.111744e-02	2.153891e-01	2.103263e-01	1.383822e-01	7.320572e-01
20924	9.646182e-01	1.083387e-01	3.687374e-02	4.609218e-02	2.414487e-01	2.414455e-01	4.949821e-01	4.586200e-01
24782	8.248552e-01	1.395247e-01	3.227774e-02	4.034718e-02	2.113541e-01	1.625474e-01	5.020026e-01	7.205064e-01
29934	3.660639e-01	7.484805e-02	5.677726e-02	7.097157e-02	3.717766e-01	2.771786e-01	9.267271e-01	7.786154e-01
21814	7.077017e-01	3.126892e-02	2.751244e-02	3.439055e-02	1.801510e-01	1.776156e-01	3.225420e-01	8.346074e-01
20497	7.603094e-01	6.516199e-01	3.743515e-02	4.679393e-02	2.451248e-01	1.551293e-01	9.228090e-02	8.767674e-01
24271	5.076937e-01	4.895578e-01	3.510854e-02	4.388567e-02	2.298902e-01	1.755672e-01	3.490142e-01	5.666273e-02
16859	9.522011e-01	9.381114e-01	2.959807e-02	3.699758e-02	1.938077e-01	1.774362e-01	7.184104e-01	8.177053e-01
9289	4.321233e-01	8.323826e-01	2.850766e-02	3.563457e-02	1.866677e-01	1.481914e-01	9.291639e-01	8.924830e-01
23761	4.708295e-02	6.748640e-02	5.038498e-02	6.298123e-02	3.299201e-01	3.295384e-01	5.651979e-01	8.716325e-01
3309	4.156969e-01	7.360768e-01	2.257296e-02	2.821621e-02	1.478074e-01	1.319674e-01	5.509342e-01	1.857849e-01
17151	1.931416e-01	3.806748e-01	5.201619e-02	6.502024e-02	3.406012e-01	1.156123e-01	5.026783e-01	1.418321e-01
19761	4.716594e-01	4.614398e-01	3.572651e-02	4.465814e-02	2.339366e-01	1.539785e-01	3.848711e-01	7.958705e-01
