25993	5.630847e-01	2.053378e-01	2.300182e-02	2.875228e-02	1.506156e-01	7.125598e-02	6.115794e-01	7.863210e-02
32072	7.603679e-01	3.720646e-01	5.826646e-02	7.283308e-02	3.815279e-01	3.167956e-01	6.658345e-01	7.730930e-01
2418	1.768712e-01	6.049217e-01	2.461075e-02	3.076343e-02	1.611508e-01	1.567580e-01	9.470671e-01	5.422748e-01
25295	8.021739e-02	6.618294e-01	2.471089e-02	3.088861e-02	1.618065e-01	6.054766e-02	9.589567e-01	8.540210e-01
1442	8.826563e-01	3.556495e-01	5.866104e-02	7.332629e-02	3.841115e-01	2.648744e-01	9.584786e-01	5.276944e-01
249	3.764257e-01	3.692559e-01	2.498295e-02	3.122869e-02	1.635880e-01	6.024516e-02	5.692271e-01	4.197273e-01
7394	4.137263e-01	2.886964e-01	2.727708e-02	3.409635e-02	1.786099e-01	1.420995e-01	6.915396e-01	4.495569e-01
32371	1.484109e-01	2.239481e-01	7.307638e-02	9.134547e-02	4.785030e-01	4.543050e-01	3.433834e-02	8.460998e-01
30804	2.860145e-01	4.586998e-01	3.441748e-02	4.302185e-02	2.253651e-01	1.092655e-01	7.736110e-01	1.730632e-01
8048	8.439155e-01	6.893406e-01	4.143261e-02	5.179077e-02	2.713001e-01	2.611904e-01	6.764086e-01	5.942302e-01
18779	3.059060e-01	3.012435e-01	7.717760e-02	9.647200e-02	5.053577e-01	4.387544e-01	5.446313e-01	1.824503e-01
15709	4.979011e-01	4.568497e-01	3.212543e-02	4.015678e-02	2.103568e-01	8.854144e-02	1.822139e-01	4.184253e-02
5252	5.505209e-01	8.196376e-01	2.920904e-02	3.651130e-02	1.912604e-01	1.899837e-01	8.620460e-01	1.014133e-01
9912	3.187518e-01	7.661520e-01	4.712247e-02	5.890308e-02	3.085572e-01	2.776222e-01	8.657831e-01	1.967369e-01
20840	5.842410e-01	6.997761e-01	2.375755e-02	2.969694e-02	1.555641e-01	1.317421e-01	1.437559e-01	5.072295e-01
1932	4.682291e-01	4.929498e-01	3.110098e-02	3.887622e-02	2.036487e-01	1.722744e-01	7.094537e-02	4.004103e-01
26193	7.850180e-01	2.541561e-01	2.066304e-02	2.582880e-02	1.353013e-01	9.619449e-02	7.066214e-01	9.939204e-01
3956	3.659540e-01	7.767189e-01	3.039395e-02	3.799244e-02	1.990191e-01	1.109200e-01	3.328645e-01	1.904412e-01
27989	5.769152e-01	7.612297e-01	3.668100e-02	4.585125e-02	2.401866e-01	2.267358e-01	1.834397e-01	5.515834e-01
22990	9.607763e-01	2.952606e-01	2.586094e-02	3.232617e-02	1.693370e-01	1.654943e-01	8.111859e-01	1.242947e-01
327	5.615751e-01	1.130330e-01	3.292100e-02	4.115125e-02	2.155662e-01	2.002669e-01	4.153952e-01	7.994529e-01
18678	8.207346e-01	3.898962e-01	4.379743e-02	5.474679e-02	2.867849e-01	1.022511e-01	2.360741e-02	2.531900e-01
11896	8.151063e-01	9.317559e-01	2.746557e-02	3.433196e-02	1.798441e-01	1.633295e-01	9.910383e-01	1.447477e-01
15044	5.328946e-01	4.068462e-01	2.887857e-02	3.609821e-02	1.890964e-01	8.501180e-02	6.855948e-01	8.382679e-01
1911	2.123920e-01	5.091341e-01	2.430851e-02	3.038563e-02	1.591717e-01	1.118719e-01	5.209580e-01	1.111985e-01
10860	9.776274e-02	4.933145e-01	5.583917e-02	6.979896e-02	3.656340e-01	3.373799e-01	8.053790e-01	9.433355e-01
5545	1.397924e-01	7.267623e-01	2.941401e-02	3.676751e-02	1.926025e-01	1.843213e-01	5.418268e-02	6.454214e-01
19926	6.846137e-01	8.148570e-01	2.675150e-02	3.343938e-02	1.751684e-01	1.024848e-01	9.002361e-01	3.669892e-01
29942	4.179882e-01	9.217283e-02	2.424929e-02	3.031162e-02	1.587840e-01	1.284183e-01	2.890889e-01	5.663309e-01
30336	6.069804e-01	9.060774e-01	4.837295e-02	6.046618e-02	3.167453e-01	3.167403e-01	1.922429e-01	5.349251e-01
25477	5.781901e-01	5.964051e-01	3.587061e-02	4.483826e-02	2.348802e-01	1.320507e-01	3.661174e-01	5.857758e-01
32705	4.197800e-01	5.775113e-01	7.200600e-02	9.000750e-02	4.714942e-01	1.700079e-01	8.584801e-01	4.576541e-01
32601	6.235105e-01	4.140496e-01	2.631940e-02	3.289924e-02	1.723390e-01	7.528059e-02	9.057886e-01	1.630854e-01
24194	1.913642e-01	9.527332e-01	4.518222e-02	5.647777e-02	2.958524e-01	1.481406e-01	1.054283e-01	9.924624e-01
19610	1.080141e-01	7.648974e-01	3.105103e-02	3.881379e-02	2.033217e-01	1.994270e-01	8.734055e-01	3.779426e-01
1126	4.141628e-01	4.870327e-01	4.428890e-02	5.536112e-02	2.900030e-01	2.286105e-01	7.201439e-01	3.889949e-01
1731	5.799114e-01	4.087479e-01	2.248861e-02	2.811076e-02	1.472551e-01	4.043288e-02	9.801549e-01	3.812484e-01
6279	2.614465e-01	8.646758e-01	4.271091e-02	5.338864e-02	2.796704e-01	1.218787e-01	6.556381e-01	4.288998e-02
17514	2.281641e-01	4.142464e-01	2.596513e-02	3.245641e-02	1.700192e-01	1.586432e-01	2.028389e-01	4.018615e-01
11906	5.251638e-01	5.171492e-02	3.672467e-02	4.590584e-02	2.404726e-01	2.362159e-01	3.841669e-02	4.839383e-01
30970	2.116769e-01	8.583650e-02	2.108876e-02	2.636095e-02	1.380889e-01	8.277223e-02	5.010129e-01	2.398639e-01
21666	4.181464e-01	7.335043e-01	3.432723e-02	4.290904e-02	2.247742e-01	1.703244e-01	4.322904e-01	5.506659e-01
26529	2.153415e-01	7.218834e-01	5.395112e-02	6.743890e-02	3.532711e-01	2.350240e-01	8.908094e-01	4.224480e-01
23677	3.337565e-01	1.603135e-01	5.939386e-02	7.424233e-02	3.889101e-01	3.319170e-01	2.910078e-01	2.743403e-01
15948	5.332219e-01	3.306730e-01	2.218987e-02	2.773734e-02	1.452989e-01	7.459642e-02	9.186188e-01	9.614426e-01
16323	8.497773e-01	4.784063e-01	3.802045e-02	4.752557e-02	2.489573e-01	9.105551e-02	4.302780e-01	8.313662e-01
12016	9.052565e-01	3.044344e-01	2.521871e-02	3.152338e-02	1.651317e-01	1.561529e-01	9.456064e-01	8.840433e-01
930	1.401056e-01	5.779990e-01	2.972936e-02	3.716169e-02	1.946674e-01	1.765218e-01	6.886600e-01	9.570807e-01
12585	4.015396e-02	3.473953e-01	2.333304e-02	2.916629e-02	1.527844e-01	1.458756e-01	2.144641e-01	1.092813e-01
24252	7.601550e-01	2.023599e-01	5.140842e-02	6.426052e-02	3.366215e-01	3.349513e-01	5.401873e-01	6.356453e-01
7050	8.265353e-01	5.881105e-01	2.124234e-02	2.655292e-02	1.390945e-01	1.390920e-01	3.148420e-01	1.778093e-01
7786	4.060632e-01	2.198848e-01	3.322488e-02	4.153110e-02	2.175560e-01	7.337168e-02	6.231282e-01	6.075460e-01
2168	4.673851e-01	9.166987e-01	4.053734e-02	5.067167e-02	2.654378e-01	2.577512e-01	2.515534e-01	7.689799e-01
24156	5.949655e-01	3.458019e-01	5.244405e-02	6.555506e-02	3.434028e-01	3.297518e-01	2.431804e-01	7.124502e-01
11039	3.723597e-01	4.892414e-02	3.786846e-02	4.733557e-02	2.479621e-01	2.478669e-01	4.009041e-01	9.728064e-01
4190	1.796044e-01	1.506064e-01	5.190277e-02	6.487846e-02	3.398585e-01	1.539745e-01	5.714452e-01	5.233555e-01
2013	5.763341e-01	1.639642e-01	3.973051e-02	4.966314e-02	2.601548e-01	2.353476e-01	3.128890e-01	6.979473e-01
32407	6.402706e-01	1.678497e-01	3.053484e-02	3.816855e-02	1.999417e-01	1.421549e-01	2.131819e-01	4.952011e-01
25737	4.319741e-01	6.342921e-01	2.970293e-02	3.712867e-02	1.944943e-01	1.865336e-01	1.423022e-01	7.807773e-01
24991	4.324441e-01	8.834726e-01	3.415525e-02	4.269406e-02	2.236480e-01	1.210367e-01	6.462183e-01	3.726212e-01
28384	7.524702e-01	7.404849e-01	3.033632e-02	3.792040e-02	1.986417e-01	8.892139e-02	3.339251e-01	3.225767e-01
16029	6.922093e-01	2.246007e-01	6.918989e-02	8.648736e-02	4.530543e-01	1.373179e-01	8.681743e-01	8.717420e-01
29983	6.305176e-01	2.882544e-01	3.702558e-02	4.628197e-02	2.424429e-01	2.424397e-01	7.017854e-01	2.075237e-02
7573	5.999535e-02	9.636646e-01	3.033828e-02	3.792285e-02	1.986546e-01	1.593482e-01	9.972432e-01	9.487646e-01
25751	5.174697e-01	5.962833e-01	4.441149e-02	5.551437e-02	2.908058e-01	7.983937e-02	3.750629e-01	2.830983e-01
21807	6.333809e-01	6.329315e-01	2.878194e-02	3.597742e-02	1.884637e-01	1.059577e-01	1.376304e-01	8.631172e-01
9794	5.589517e-01	9.473131e-01	3.411884e-02	4.264855e-02	2.234096e-01	2.229164e-01	8.795544e-01	9.969219e-01
29074	2.220375e-01	5.469279e-01	2.153500e-02	2.691875e-02	1.410108e-01	1.176029e-01	9.795135e-01	9.616039e-01
22463	6.183216e-01	8.451539e-01	2.956054e-02	3.695067e-02	1.935619e-01	1.890593e-01	4.560224e-01	2.723870e-01
7549	8.990238e-02	2.872506e-01	2.116263e-02	2.645329e-02	1.385726e-01	1.162818e-01	6.408613e-01	4.375506e-01
18198	6.363196e-01	7.299239e-01	2.053758e-02	2.567198e-02	1.344798e-01	1.103535e-01	7.918270e-01	4.642491e-01
18200	7.609488e-01	5.215279e-01	3.278575e-02	4.098218e-02	2.146806e-01	2.037327e-01	2.116838e-01	1.957044e-01
18747	9.602259e-01	9.114103e-01	2.822962e-02	3.528703e-02	1.848471e-01	8.769495e-02	7.166674e-01	4.168034e-01
12157	3.851759e-02	5.110997e-01	2.839556e-02	3.549445e-02	1.859337e-01	1.063378e-01	6.929613e-01	8.828763e-01
