6803	8.288228e-01	2.053576e-01	3.254938e-02	4.068672e-02	2.131328e-01	1.293495e-01	8.954883e-02	4.837456e-01
20894	4.941345e-01	7.755479e-01	2.113325e-02	2.641656e-02	1.383802e-01	1.181391e-01	3.989320e-01	6.977532e-01
30332	3.328917e-01	7.962962e-01	4.013799e-02	5.017249e-02	2.628230e-01	2.306149e-01	8.956825e-01	8.512642e-01
26802	7.939192e-01	2.489883e-01	2.348936e-02	2.936170e-02	1.538080e-01	1.271902e-01	7.359031e-01	4.645397e-01
17545	3.001826e-01	3.953159e-01	2.613805e-02	3.267257e-02	1.711516e-01	8.408074e-02	9.663769e-01	7.853903e-01
24724	1.692526e-01	8.179234e-01	5.252830e-02	6.566037e-02	3.439545e-01	3.291917e-01	1.382173e-01	5.922926e-01
7534	4.975111e-01	3.673917e-01	3.608484e-02	4.510605e-02	2.362830e-01	2.274345e-01	9.671065e-01	6.326879e-01
31666	5.196066e-01	5.533141e-01	2.345083e-02	2.931354e-02	1.535557e-01	1.225966e-01	1.171213e-01	4.851338e-01
27687	6.251006e-01	5.338179e-01	3.281586e-02	4.101982e-02	2.148777e-01	2.124838e-01	7.056656e-01	3.495188e-01
945	3.202211e-01	4.790009e-01	5.106210e-02	6.382763e-02	3.343538e-01	3.120504e-01	8.970258e-01	8.255947e-01
5982	9.709043e-02	7.904595e-01	3.472217e-02	4.340271e-02	2.273602e-01	1.028082e-01	1.476484e-01	6.249515e-01
26505	4.846492e-01	4.855725e-01	2.990557e-02	3.738196e-02	1.958212e-01	1.636820e-01	1.046915e-01	8.424963e-01
32621	5.753478e-02	8.540232e-01	2.597553e-02	3.246941e-02	1.700874e-01	7.477863e-02	9.232078e-01	7.732496e-01
24988	9.050164e-01	2.526705e-01	5.145683e-02	6.432104e-02	3.369385e-01	2.601028e-01	9.108514e-01	4.473056e-02
13271	6.924581e-01	2.784673e-01	3.243792e-02	4.054740e-02	2.124030e-01	1.634153e-01	6.635059e-02	4.524232e-01
27935	1.726861e-01	1.219716e-01	2.895691e-02	3.619613e-02	1.896094e-01	1.861269e-01	5.066961e-01	4.212311e-01
15804	7.087448e-02	1.999540e-01	2.067880e-02	2.584850e-02	1.354045e-01	1.346007e-01	9.380977e-02	1.684401e-01
933	2.523900e-01	3.292718e-01	3.145036e-02	3.931295e-02	2.059365e-01	1.229108e-01	4.528330e-01	4.750684e-01
16034	1.778034e-01	3.391097e-01	3.035877e-02	3.794846e-02	1.987887e-01	1.631246e-01	4.836145e-01	6.430649e-02
14041	1.466472e-01	6.239342e-01	4.199546e-02	5.249433e-02	2.749856e-01	1.689617e-01	5.279050e-01	7.409875e-02
25909	9.528680e-01	5.883990e-01	3.244104e-02	4.055130e-02	2.124234e-01	1.261896e-01	7.219769e-01	3.287333e-01
17789	9.726151e-01	6.511348e-01	2.157047e-02	2.696309e-02	1.412431e-01	1.273843e-01	2.841690e-01	1.987459e-01
15048	8.828229e-01	8.241846e-01	7.755633e-02	9.694541e-02	5.078376e-01	4.039526e-01	4.008192e-01	9.492667e-01
13116	3.367325e-01	7.541377e-01	2.384894e-02	2.981118e-02	1.561625e-01	5.066825e-02	9.885058e-02	9.081878e-01
27840	3.086629e-01	9.209987e-01	2.428772e-02	3.035964e-02	1.590356e-01	1.378104e-01	2.055242e-01	8.109840e-01
25833	8.321351e-01	5.711018e-01	6.172615e-02	7.715769e-02	4.041819e-01	2.383804e-01	3.470990e-01	9.161894e-01
28551	8.148986e-01	1.286391e-01	6.426901e-02	8.033626e-02	4.208324e-01	4.205469e-01	1.474086e-01	4.574611e-01
32186	8.296205e-01	4.629890e-01	2.515492e-02	3.144365e-02	1.647140e-01	5.843714e-02	1.981321e-01	7.991206e-01
23182	3.932903e-01	7.305969e-01	6.894055e-02	8.617568e-02	4.514216e-01	3.924031e-01	3.976310e-01	6.905607e-01
6263	5.911126e-01	1.304529e-01	5.971013e-02	7.463767e-02	3.909810e-01	3.013611e-01	3.663767e-01	2.196885e-02
3667	4.609447e-01	8.711990e-01	4.341886e-02	5.427358e-02	2.843060e-01	1.014922e-01	5.798423e-01	1.430919e-02
25775	9.055176e-02	3.134984e-01	2.170121e-02	2.712651e-02	1.420992e-01	7.749497e-02	8.240544e-01	1.037543e-01
16194	2.937554e-01	2.948560e-01	6.759342e-02	8.449178e-02	4.426007e-01	4.112375e-01	8.783555e-01	1.949436e-01
14229	6.842133e-01	3.042899e-02	2.446782e-02	3.058478e-02	1.602149e-01	1.106662e-01	7.503961e-01	3.681706e-02
11276	3.318337e-01	6.550751e-01	6.357999e-02	7.947499e-02	4.163208e-01	4.093491e-01	3.060495e-01	4.026797e-01
31460	8.508682e-01	7.286458e-01	4.766378e-02	5.957972e-02	3.121017e-01	2.548176e-01	1.991200e-01	7.060611e-01
5110	4.779362e-01	6.193785e-01	4.787272e-02	5.984090e-02	3.134698e-01	3.071710e-01	8.624430e-02	6.891537e-02
30621	2.107432e-01	6.129664e-01	2.963498e-02	3.704373e-02	1.940494e-01	1.265156e-01	4.937898e-01	8.868301e-01
20417	5.306937e-01	1.907237e-01	2.763559e-02	3.454449e-02	1.809574e-01	1.318793e-01	2.006142e-01	1.255665e-01
21315	2.054718e-01	5.588518e-01	4.520642e-02	5.650803e-02	2.960110e-01	2.059943e-01	1.136252e-01	3.920628e-01
83	6.613028e-01	9.616809e-01	2.184292e-02	2.730365e-02	1.430271e-01	1.242045e-01	2.500753e-01	4.581087e-01
13318	9.434466e-01	4.142899e-01	2.570448e-02	3.213059e-02	1.683125e-01	1.430900e-01	2.012601e-01	9.778993e-01
1415	1.870279e-01	7.424351e-01	7.692333e-02	9.615416e-02	5.036928e-01	2.238513e-01	3.402473e-01	3.702097e-01
22656	2.757092e-01	7.971154e-01	2.089073e-02	2.611341e-02	1.367921e-01	1.360416e-01	1.124322e-03	4.179678e-01
3409	2.197387e-01	4.658566e-01	2.493928e-02	3.117410e-02	1.633020e-01	1.421274e-01	3.429204e-01	3.328784e-01
7233	5.142582e-01	2.099231e-01	2.089567e-02	2.611959e-02	1.368246e-01	1.314098e-01	2.555991e-01	9.795560e-01
30350	5.148112e-01	3.025471e-01	2.922715e-02	3.653394e-02	1.913789e-01	1.465804e-01	5.137041e-01	7.842487e-01
26702	5.491889e-01	9.672805e-01	2.600444e-02	3.250555e-02	1.702767e-01	1.672741e-01	4.182932e-02	1.773917e-01
5125	3.913656e-01	1.429114e-01	2.817781e-02	3.522226e-02	1.845078e-01	1.742781e-01	8.898234e-01	3.946987e-01
21537	6.250955e-01	1.856643e-01	2.407110e-02	3.008888e-02	1.576172e-01	1.401679e-01	4.016212e-01	9.216230e-02
4036	2.705792e-01	3.904808e-01	3.040742e-02	3.800928e-02	1.991073e-01	1.713955e-01	6.121646e-01	2.488430e-01
26635	5.764626e-02	5.965837e-01	3.781441e-02	4.726801e-02	2.476082e-01	1.625244e-01	3.220298e-01	4.141163e-01
13466	6.831781e-01	6.927639e-01	2.988658e-02	3.735823e-02	1.956969e-01	1.813840e-01	6.033711e-01	5.917831e-01
31081	3.723379e-01	2.098153e-01	2.177328e-02	2.721660e-02	1.425711e-01	8.395732e-02	5.263870e-01	6.827617e-01
24573	2.289056e-01	1.079645e-01	7.098398e-02	8.872998e-02	4.648020e-01	4.288607e-01	7.469270e-02	4.605275e-01
25461	9.383315e-01	6.615663e-01	2.811516e-02	3.514395e-02	1.840976e-01	1.694397e-01	8.211283e-01	7.701242e-01
1352	3.759261e-01	5.633604e-01	2.396766e-02	2.995958e-02	1.569399e-01	1.555043e-01	4.637349e-01	3.879428e-01
31751	3.462466e-01	8.911222e-01	3.132701e-02	3.915877e-02	2.051288e-01	2.022850e-01	3.130151e-01	2.852858e-01
18662	6.976884e-01	5.589972e-02	5.144709e-02	6.430886e-02	3.368747e-01	1.784531e-01	8.356127e-01	7.138779e-01
8249	8.805207e-01	6.500000e-01	5.465612e-02	6.832016e-02	3.578875e-01	3.328115e-01	8.737553e-01	2.066269e-01
4660	6.050668e-01	4.571458e-01	7.343009e-02	9.178761e-02	4.808191e-01	1.630674e-01	6.585612e-01	8.085405e-01
18236	7.499386e-01	7.134799e-01	4.836032e-02	6.045041e-02	3.166627e-01	2.958780e-01	8.161450e-01	6.292699e-01
2400	4.277846e-01	1.550918e-01	2.843581e-02	3.554477e-02	1.861973e-01	5.471162e-02	5.326354e-01	6.354405e-02
5438	4.995750e-01	1.186054e-01	7.580791e-02	9.475988e-02	4.963890e-01	2.338366e-01	7.144381e-01	3.493756e-01
17755	5.526564e-01	7.302679e-01	6.422591e-02	8.028239e-02	4.205503e-01	3.357431e-01	3.514253e-01	1.925211e-01
9258	1.136899e-01	4.423242e-01	2.698072e-02	3.372590e-02	1.766693e-01	1.014356e-01	9.582511e-01	2.302836e-01
15674	3.424555e-01	1.354918e-01	2.067539e-02	2.584424e-02	1.353822e-01	1.321100e-01	6.573536e-01	6.362297e-02
10203	7.688143e-01	8.145378e-01	2.993934e-02	3.742417e-02	1.960423e-01	7.434261e-02	8.872608e-01	3.323020e-01
8378	5.178836e-01	6.467223e-01	2.598800e-02	3.248500e-02	1.701690e-01	9.833146e-02	3.512750e-01	5.604557e-01
1306	1.891386e-01	2.837304e-01	3.697573e-02	4.621967e-02	2.421165e-01	2.337081e-01	9.339249e-01	2.043236e-01
17333	5.034841e-01	2.592785e-01	2.111257e-02	2.639071e-02	1.382448e-01	1.347491e-01	2.176903e-01	9.695802e-01
13689	6.359032e-01	2.439478e-01	4.894241e-02	6.117801e-02	3.204741e-01	1.089165e-01	3.621668e-01	9.342922e-01
31604	1.447737e-01	9.565359e-01	3.011799e-02	3.764749e-02	1.972121e-01	1.778989e-01	6.596472e-01	6.882411e-01
13068	7.182344e-01	4.549588e-01	3.223885e-02	4.029856e-02	2.110995e-01	2.090647e-01	3.942887e-01	9.810979e-02
13490	3.045630e-01	2.039092e-01	2.446194e-02	3.057742e-02	1.601764e-01	1.552335e-01	3.185667e-01	9.154153e-01
