17570	8.839358e-02	8.906486e-01	6.283551e-02	7.854439e-02	4.114460e-01	3.519351e-01	3.843599e-01	5.951053e-01
29968	6.045773e-01	9.175281e-01	2.056260e-02	2.570325e-02	1.346436e-01	1.114951e-01	7.502785e-01	9.693263e-01
956	3.473117e-01	6.971324e-01	5.883071e-02	7.353839e-02	3.852226e-01	3.683902e-01	2.839418e-01	6.230480e-01
21188	4.941005e-01	7.879034e-01	7.808885e-02	9.761107e-02	5.113246e-01	3.834399e-01	4.919084e-01	1.620182e-01
28116	8.624724e-01	3.524580e-01	3.552634e-02	4.440793e-02	2.326259e-01	8.322612e-02	5.655623e-01	3.581040e-01
21332	4.001276e-01	9.662955e-02	3.820662e-02	4.775828e-02	2.501764e-01	9.152280e-02	5.894071e-01	2.947768e-01
8537	6.568435e-01	5.817143e-01	2.720038e-02	3.400048e-02	1.781077e-01	9.133147e-02	1.940019e-01	9.418879e-01
29350	2.912659e-02	1.561972e-01	2.420784e-02	3.025980e-02	1.585126e-01	1.226816e-01	8.269500e-01	2.508193e-01
24997	9.129032e-01	6.452752e-01	6.221975e-02	7.777469e-02	4.074140e-01	4.055703e-01	1.078413e-01	3.529054e-01
24396	9.189001e-01	5.306681e-01	2.314371e-02	2.892963e-02	1.515446e-01	1.340929e-01	8.104305e-01	5.693764e-01
29751	7.610465e-01	6.143150e-01	2.356868e-02	2.946086e-02	1.543274e-01	1.485324e-01	1.901482e-01	6.350164e-01
15398	2.947340e-01	4.771913e-01	2.807432e-02	3.509289e-02	1.838302e-01	1.834483e-01	7.993389e-01	3.378283e-04
18533	6.417707e-01	3.450745e-01	7.580142e-02	9.475178e-02	4.963465e-01	4.112345e-01	6.132564e-02	2.481745e-01
8408	6.274260e-01	1.703544e-01	3.422748e-02	4.278434e-02	2.241210e-01	1.878648e-01	4.586087e-01	9.239694e-01
11106	7.746716e-01	5.470993e-02	2.455782e-02	3.069727e-02	1.608042e-01	1.550669e-01	2.604090e-03	9.133505e-01
27781	2.527767e-01	8.338083e-01	2.582907e-02	3.228634e-02	1.691284e-01	1.463975e-01	4.462432e-01	1.779741e-01
29384	8.638605e-01	8.688170e-01	6.453457e-02	8.066821e-02	4.225713e-01	3.171187e-01	4.855697e-01	6.093202e-01
15125	2.880051e-01	3.056171e-01	4.158911e-02	5.198638e-02	2.723248e-01	2.291875e-01	6.468388e-01	9.703855e-01
17586	8.499413e-01	5.218756e-01	7.801705e-02	9.752132e-02	5.108545e-01	5.097540e-01	4.683133e-01	9.844249e-01
11107	2.620681e-01	5.972610e-01	4.188544e-02	5.235680e-02	2.742652e-01	2.639479e-01	4.774185e-01	5.720033e-01
20858	4.009532e-01	3.722586e-01	3.869008e-02	4.836259e-02	2.533420e-01	1.512513e-01	7.843734e-01	6.708763e-01
32584	8.082835e-01	1.837742e-01	2.691164e-02	3.363955e-02	1.762170e-01	9.957553e-02	7.976659e-01	9.279766e-01
21614	8.430287e-01	4.339060e-01	2.082186e-02	2.602733e-02	1.363412e-01	7.761265e-02	4.420149e-01	4.976534e-01
5704	3.700445e-01	5.850755e-01	2.329449e-02	2.911811e-02	1.525320e-01	1.318534e-01	7.586280e-01	8.302689e-01
31302	7.472480e-01	3.685870e-01	7.179114e-02	8.973893e-02	4.700873e-01	4.698884e-01	5.344005e-01	9.502616e-01
17625	5.072227e-01	9.011637e-01	4.621863e-02	5.777328e-02	3.026388e-01	2.555002e-01	5.773075e-01	6.614637e-01
28248	5.895914e-02	6.751295e-01	4.803490e-02	6.004363e-02	3.145318e-01	2.158580e-01	5.910672e-01	7.578138e-01
3453	6.235903e-01	4.916956e-01	6.622591e-02	8.278239e-02	4.336462e-01	4.311283e-01	7.699376e-01	8.115367e-01
30199	5.048016e-01	3.156266e-01	5.074283e-02	6.342854e-02	3.322633e-01	2.098592e-01	9.823633e-01	3.267773e-01
19584	2.075087e-01	8.090002e-01	2.136686e-02	2.670857e-02	1.399098e-01	1.313209e-01	8.006109e-01	1.216391e-01
30961	7.359756e-01	1.921724e-01	2.438055e-02	3.047569e-02	1.596435e-01	1.111078e-01	5.049182e-01	4.808352e-01
7901	7.903864e-01	4.673586e-01	2.275938e-02	2.844922e-02	1.490280e-01	1.098016e-01	3.425533e-01	4.989084e-01
4571	5.824402e-01	1.154160e-01	5.629167e-02	7.036459e-02	3.685970e-01	3.112812e-01	9.217190e-01	8.500506e-01
8719	4.935813e-01	1.043646e-01	2.240227e-02	2.800284e-02	1.466897e-01	1.396417e-01	5.129496e-01	3.499679e-01
8456	7.662357e-02	3.325919e-01	2.467513e-02	3.084391e-02	1.615724e-01	1.187538e-01	1.153302e-01	6.543581e-01
30962	5.784496e-01	2.122941e-01	4.118660e-02	5.148325e-02	2.696892e-01	2.632819e-01	3.636218e-01	5.536233e-01
31399	3.004400e-01	3.814700e-01	4.151677e-02	5.189597e-02	2.718512e-01	2.685752e-01	6.590267e-01	9.292284e-01
24075	1.951799e-01	7.581768e-01	2.471630e-02	3.089538e-02	1.618419e-01	1.196935e-01	7.860111e-01	6.654032e-01
22059	9.687539e-01	2.343455e-01	2.075361e-02	2.594202e-02	1.358943e-01	1.315160e-01	7.230512e-01	3.472406e-01
8425	9.549274e-01	3.622524e-02	2.422918e-02	3.028647e-02	1.586523e-01	5.549317e-02	9.488699e-01	1.794760e-01
17000	6.801691e-01	8.600352e-01	4.007874e-02	5.009842e-02	2.624349e-01	2.346065e-01	9.537513e-01	9.906118e-01
24435	7.174965e-01	8.140527e-02	2.221150e-02	2.776437e-02	1.454405e-01	6.490039e-02	9.799263e-01	8.996441e-01
3517	1.151910e-01	7.419550e-01	6.555427e-02	8.194284e-02	4.292484e-01	3.491925e-01	8.212531e-01	4.788867e-02
3081	2.319581e-01	3.127401e-01	3.887788e-02	4.859735e-02	2.545717e-01	2.495513e-01	2.384402e-03	8.727092e-01
8602	4.820694e-01	5.922689e-01	4.246441e-02	5.308052e-02	2.780563e-01	2.426822e-01	4.459624e-01	2.656868e-01
10041	9.436565e-01	3.866289e-01	2.457705e-02	3.072131e-02	1.609301e-01	9.447957e-02	9.135635e-01	3.998826e-01
17275	2.761245e-01	2.007692e-01	2.116450e-02	2.645562e-02	1.385848e-01	1.315611e-01	7.830301e-01	5.538618e-01
30932	7.862229e-01	5.437172e-01	3.137330e-02	3.921662e-02	2.054319e-01	2.022398e-01	7.082305e-01	1.294013e-01
29528	1.795627e-01	8.377244e-01	4.229960e-02	5.287450e-02	2.769771e-01	1.557909e-01	2.406220e-01	2.079996e-01
24338	4.257609e-01	1.869120e-01	2.097020e-02	2.621274e-02	1.373125e-01	6.017637e-02	8.854807e-01	1.206447e-01
30725	9.670259e-02	2.389314e-01	4.141149e-02	5.176437e-02	2.711618e-01	1.593478e-01	6.671329e-01	2.853092e-01
5145	3.974249e-01	3.391332e-02	2.679750e-02	3.349688e-02	1.754696e-01	1.262717e-01	8.734523e-01	9.506258e-03
12881	3.947888e-02	1.181245e-01	2.267603e-02	2.834504e-02	1.484823e-01	1.439750e-01	5.384041e-01	1.163107e-01
29266	7.773415e-01	7.799944e-01	3.008564e-02	3.760705e-02	1.970003e-01	7.142183e-02	5.612024e-01	2.691805e-01
14628	7.077259e-01	1.526781e-01	2.927789e-02	3.659736e-02	1.917112e-01	1.699251e-01	9.432111e-01	5.043842e-01
9661	8.252438e-01	7.948936e-01	4.264912e-02	5.331140e-02	2.792658e-01	2.121571e-01	6.640949e-01	6.244242e-01
8262	5.027477e-01	8.546953e-01	2.381491e-02	2.976864e-02	1.559397e-01	6.150589e-02	5.537247e-01	7.574790e-01
10017	2.207729e-01	2.411778e-01	6.529645e-02	8.162056e-02	4.275601e-01	3.161693e-01	8.866705e-01	6.704164e-01
32316	1.367276e-01	2.484646e-01	4.913010e-02	6.141263e-02	3.217031e-01	1.266009e-01	6.127278e-02	9.308008e-01
24622	3.095171e-01	9.408546e-01	2.195110e-02	2.743888e-02	1.437355e-01	1.437331e-01	9.329467e-02	4.094479e-02
14301	7.004057e-01	5.760597e-01	2.881563e-02	3.601954e-02	1.886843e-01	1.765923e-01	7.827688e-01	4.479460e-01
26551	4.268420e-01	8.181950e-01	6.033131e-02	7.541414e-02	3.950485e-01	1.069199e-01	2.143752e-01	1.137864e-01
18323	3.761150e-01	8.926077e-01	4.075781e-02	5.094726e-02	2.668815e-01	2.594241e-01	7.221029e-01	5.211674e-02
6954	7.296437e-01	7.921581e-01	7.198863e-02	8.998579e-02	4.713804e-01	1.611635e-01	9.976339e-01	1.965217e-01
16153	1.176333e-01	4.766196e-01	4.359868e-02	5.449835e-02	2.854835e-01	2.202140e-01	5.681504e-01	3.018053e-01
29714	9.446246e-01	4.590693e-01	2.205374e-02	2.756718e-02	1.444076e-01	9.701235e-02	1.324060e-01	1.478357e-01
10200	8.396183e-01	1.961218e-01	2.536211e-02	3.170263e-02	1.660707e-01	1.097679e-01	1.371714e-01	4.609157e-01
6684	8.992007e-02	2.865154e-01	2.670015e-02	3.337519e-02	1.748322e-01	9.320431e-02	7.606048e-01	6.049693e-01
27494	6.519535e-01	2.495895e-01	2.154379e-02	2.692973e-02	1.410684e-01	1.380621e-01	2.857221e-01	3.264125e-01
743	1.706449e-01	5.136459e-01	4.935745e-02	6.169681e-02	3.231918e-01	1.392492e-01	1.491320e-01	7.340115e-01
7110	3.543562e-01	1.007427e-01	2.200308e-02	2.750385e-02	1.440758e-01	1.393242e-01	2.339448e-01	4.826644e-01
1698	7.517298e-01	2.683988e-01	2.892395e-02	3.615493e-02	1.893935e-01	1.433199e-01	2.139510e-01	1.496071e-01
