7691	2.246696e-01	4.205965e-01	3.528012e-02	4.410015e-02	2.310137e-01	1.445406e-01	5.085308e-01	6.574488e-01
20341	6.267543e-01	4.620213e-01	4.760185e-02	5.950231e-02	3.116961e-01	2.058353e-01	2.761097e-01	5.944044e-01
31688	2.875778e-01	5.447991e-01	3.210411e-02	4.013013e-02	2.102172e-01	2.100182e-01	7.511327e-01	4.864190e-01
10653	9.310352e-01	4.078774e-01	4.057678e-02	5.072097e-02	2.656961e-01	2.566181e-01	4.090039e-01	5.114075e-01
6828	2.968610e-01	7.896079e-01	2.406625e-02	3.008282e-02	1.575855e-01	1.512417e-01	5.173918e-01	2.930774e-01
18896	1.668584e-01	7.935977e-02	2.379820e-02	2.974776e-02	1.558303e-01	1.556341e-01	6.599607e-01	3.866772e-02
32183	8.747594e-01	4.873730e-01	2.206821e-02	2.758526e-02	1.445023e-01	1.421874e-01	9.601464e-01	2.738359e-01
8004	7.457983e-01	6.177152e-01	2.704727e-02	3.380909e-02	1.771051e-01	1.564524e-01	4.425719e-01	3.891263e-02
27072	2.549844e-01	3.929054e-02	2.273801e-02	2.842251e-02	1.488881e-01	1.044720e-01	7.620382e-01	5.358024e-01
6984	3.099267e-01	4.907340e-01	2.646877e-02	3.308597e-02	1.733171e-01	1.544530e-01	3.508148e-02	3.126140e-01
6956	5.089089e-01	1.181001e-01	3.253113e-02	4.066392e-02	2.130133e-01	1.368825e-01	3.743555e-01	9.617467e-01
27092	9.379325e-01	3.062011e-01	3.227672e-02	4.034589e-02	2.113474e-01	1.615760e-01	7.166027e-01	8.567131e-01
8699	1.047098e-01	9.000525e-01	2.352123e-02	2.940154e-02	1.540167e-01	4.622556e-02	6.165036e-01	4.849693e-01
27814	9.726143e-02	4.384881e-01	3.290405e-02	4.113006e-02	2.154552e-01	2.012138e-01	8.084237e-01	1.262977e-01
16629	5.397011e-01	8.190162e-01	3.091265e-02	3.864081e-02	2.024155e-01	7.451867e-02	2.975328e-01	5.129664e-02
23365	6.306441e-01	3.877327e-01	2.517874e-02	3.147342e-02	1.648700e-01	1.648075e-01	1.219794e-01	9.304508e-01
8441	5.746805e-01	8.361570e-01	2.632810e-02	3.291013e-02	1.723960e-01	5.210522e-02	7.377025e-01	9.670649e-01
31226	1.878609e-01	4.637850e-01	6.337762e-02	7.922202e-02	4.149956e-01	3.873296e-01	2.588620e-01	2.807931e-02
5989	7.361847e-02	5.772954e-01	3.414990e-02	4.268738e-02	2.236130e-01	2.124283e-01	4.028081e-01	9.182314e-01
27770	9.610196e-01	3.546735e-01	2.407200e-02	3.008999e-02	1.576231e-01	1.514182e-01	3.319270e-01	3.857073e-01
19118	1.564196e-01	5.245130e-01	4.238189e-02	5.297737e-02	2.775160e-01	2.746905e-01	2.323715e-01	5.258705e-01
1438	2.019787e-01	3.633283e-01	2.551870e-02	3.189838e-02	1.670961e-01	1.173449e-01	3.133543e-01	9.167275e-01
25483	2.413466e-01	8.483609e-01	2.152313e-02	2.690392e-02	1.409332e-01	7.960847e-02	3.876080e-01	9.581240e-01
14690	5.407569e-01	1.268326e-01	3.677491e-02	4.596864e-02	2.408015e-01	2.007689e-01	3.859846e-01	4.915000e-01
4385	3.999583e-01	7.242937e-01	2.254691e-02	2.818364e-02	1.476368e-01	4.970738e-02	3.361337e-01	7.825620e-01
32129	1.925884e-01	1.575808e-01	2.242192e-02	2.802741e-02	1.468184e-01	1.048156e-01	1.312969e-02	1.395884e-01
9151	4.851611e-01	3.038574e-01	5.275997e-02	6.594996e-02	3.454714e-01	1.490530e-01	9.239740e-01	4.340993e-01
7863	8.583981e-01	7.747615e-01	2.252276e-02	2.815344e-02	1.474787e-01	5.053902e-02	3.116818e-01	4.669722e-01
29919	6.440856e-01	2.732507e-01	3.352801e-02	4.191001e-02	2.195409e-01	1.248725e-01	2.555398e-01	8.399682e-02
1022	9.081526e-01	8.310007e-01	2.189424e-02	2.736780e-02	1.433631e-01	1.390661e-01	6.489875e-01	9.500704e-01
23263	1.772582e-01	6.588329e-01	3.272534e-02	4.090667e-02	2.142850e-01	1.486503e-01	5.256899e-02	5.771543e-01
25685	1.317952e-01	2.798913e-01	2.442999e-02	3.053749e-02	1.599672e-01	1.108662e-01	3.037350e-01	7.649130e-01
17615	8.801045e-01	9.672867e-01	3.068175e-02	3.835219e-02	2.009036e-01	1.716948e-01	5.635488e-02	5.816334e-01
8717	9.023785e-01	1.918284e-01	3.678793e-02	4.598492e-02	2.408868e-01	1.606467e-01	7.386462e-02	8.899430e-01
28719	4.917288e-01	5.667995e-01	2.099087e-02	2.623859e-02	1.374479e-01	7.749622e-02	5.233047e-01	4.950146e-01
16937	4.544433e-01	6.666906e-01	2.292098e-02	2.865122e-02	1.500862e-01	8.877512e-02	9.903504e-01	1.543181e-01
11430	6.407108e-01	6.828744e-01	2.355210e-02	2.944013e-02	1.542188e-01	1.433548e-01	5.599078e-01	7.624446e-01
8665	7.870178e-02	7.435509e-01	2.268176e-02	2.835220e-02	1.485198e-01	1.434044e-01	8.187366e-01	8.666175e-01
16524	6.276536e-01	6.220511e-01	4.821281e-02	6.026601e-02	3.156967e-01	1.913888e-01	4.687334e-01	4.109572e-01
4523	4.524929e-02	8.621850e-01	4.013796e-02	5.017245e-02	2.628227e-01	1.356138e-01	7.830192e-01	9.558290e-01
3477	4.299769e-01	3.463679e-01	2.944106e-02	3.680132e-02	1.927796e-01	1.407939e-01	1.078934e-01	5.302722e-01
28511	4.943446e-01	7.455691e-01	2.636675e-02	3.295844e-02	1.726491e-01	1.476315e-01	8.836538e-01	1.155928e-01
13246	2.515628e-01	7.881711e-01	5.688292e-02	7.110365e-02	3.724685e-01	3.675019e-01	9.138290e-02	5.776198e-01
16328	4.027353e-01	4.013279e-01	2.663107e-02	3.328884e-02	1.743799e-01	1.550924e-01	8.504492e-01	4.479682e-01
4362	6.465270e-01	1.254816e-01	3.123735e-02	3.904669e-02	2.045417e-01	1.573387e-01	6.737679e-02	8.170530e-01
25740	2.884900e-01	3.360704e-01	6.275955e-02	7.844944e-02	4.109486e-01	4.037038e-01	8.777253e-01	5.139320e-01
10640	3.118285e-01	4.030467e-01	3.321920e-02	4.152401e-02	2.175188e-01	2.087913e-01	9.686050e-01	7.245903e-02
14759	9.655914e-01	7.825126e-01	2.290382e-02	2.862977e-02	1.499738e-01	1.468597e-01	8.324653e-01	3.505889e-01
15650	3.142421e-01	8.754970e-01	5.930011e-02	7.412514e-02	3.882962e-01	3.745474e-01	5.620975e-01	7.858778e-02
15844	3.896063e-01	7.270631e-02	4.588196e-02	5.735245e-02	3.004343e-01	2.793077e-01	8.535534e-01	3.242829e-01
16212	1.410301e-01	8.164749e-01	3.375118e-02	4.218898e-02	2.210022e-01	1.804528e-01	7.410939e-01	9.244797e-01
16938	8.813076e-01	3.856900e-01	3.514410e-02	4.393012e-02	2.301230e-01	1.069788e-01	8.150085e-01	2.775818e-01
25542	2.409770e-01	6.684108e-01	2.269639e-02	2.837049e-02	1.486156e-01	5.732286e-02	7.609396e-01	5.826343e-01
6927	9.550156e-01	8.790339e-01	2.875192e-02	3.593990e-02	1.882671e-01	7.326358e-02	5.830334e-01	1.630472e-01
11292	7.990601e-01	1.945258e-01	5.466328e-02	6.832910e-02	3.579343e-01	1.994067e-01	1.169359e-02	5.187565e-01
17313	3.512394e-01	6.174914e-01	2.962387e-02	3.702984e-02	1.939766e-01	9.228027e-02	6.786372e-01	8.010443e-02
3479	8.296379e-01	4.053488e-01	4.471998e-02	5.589997e-02	2.928257e-01	2.854484e-01	9.297129e-01	4.693600e-01
31490	7.397322e-01	1.928762e-01	5.901882e-02	7.377352e-02	3.864543e-01	3.861613e-01	9.421628e-01	6.093644e-01
25503	2.620467e-02	2.023563e-01	2.080823e-02	2.601029e-02	1.362520e-01	1.157557e-01	6.420522e-01	3.975193e-01
10433	4.084702e-01	2.705002e-01	2.914118e-02	3.642648e-02	1.908160e-01	1.260589e-01	2.454831e-01	2.395893e-01
25887	8.830725e-02	7.950316e-01	2.447802e-02	3.059752e-02	1.602817e-01	6.736168e-02	2.510117e-01	7.823775e-01
837	3.985119e-01	1.654803e-01	5.119204e-02	6.399005e-02	3.352047e-01	2.255413e-01	2.121682e-01	7.868297e-02
22689	7.150805e-01	5.032881e-01	3.433663e-02	4.292078e-02	2.248357e-01	1.376953e-01	4.830371e-02	5.031650e-01
27066	6.874415e-01	4.659393e-01	2.271472e-02	2.839340e-02	1.487356e-01	1.486666e-01	8.880688e-01	4.862958e-01
3263	8.276296e-01	9.431208e-01	2.558099e-02	3.197624e-02	1.675039e-01	8.157895e-02	3.939515e-01	1.485767e-01
28970	5.971406e-01	3.839231e-01	2.138314e-02	2.672892e-02	1.400165e-01	1.002312e-01	4.900050e-01	5.701768e-01
24546	7.176403e-01	2.648336e-01	2.610139e-02	3.262674e-02	1.709115e-01	9.096747e-02	4.304420e-01	4.381264e-01
16273	4.946606e-01	8.726462e-01	2.122875e-02	2.653594e-02	1.390056e-01	8.719911e-02	1.722863e-01	2.721612e-01
5519	7.529658e-01	9.435335e-01	2.957345e-02	3.696682e-02	1.936465e-01	1.876103e-01	4.562560e-01	2.195362e-01
2831	1.977812e-01	5.891801e-01	2.948713e-02	3.685892e-02	1.930813e-01	1.221668e-01	5.185513e-01	3.329597e-01
20900	9.575318e-01	2.130877e-01	2.619899e-02	3.274873e-02	1.715506e-01	1.377891e-01	2.137930e-01	9.290885e-01
31232	6.884536e-01	6.272514e-01	3.910079e-02	4.887599e-02	2.560314e-01	2.553669e-01	3.118459e-01	1.303961e-01
32318	3.266465e-01	1.878018e-01	4.860064e-02	6.075080e-02	3.182362e-01	8.320630e-02	4.198540e-01	1.264519e-01
4639	6.685297e-01	7.337882e-01	5.262354e-02	6.577943e-02	3.445781e-01	3.239002e-01	7.398133e-01	6.067068e-01
10488	3.107543e-01	7.238768e-01	4.544470e-02	5.680588e-02	2.975712e-01	2.670856e-01	5.245193e-01	9.817814e-01
16098	4.395335e-02	4.015056e-01	4.475837e-02	5.594796e-02	2.930771e-01	2.899634e-01	7.339099e-01	3.614566e-01
23813	8.223523e-01	3.267398e-01	2.286697e-02	2.858371e-02	1.497325e-01	9.038492e-02	6.344092e-01	5.539129e-01
29177	6.557750e-01	1.824010e-01	3.208310e-02	4.010388e-02	2.100796e-01	2.099699e-01	8.054026e-01	6.298370e-01
