17608	8.439071e-01	9.222218e-01	2.177492e-02	2.721864e-02	1.425818e-01	1.348939e-01	6.654168e-02	8.399049e-01
26084	2.546135e-01	6.425711e-01	3.608549e-02	4.510686e-02	2.362872e-01	2.273236e-01	2.793795e-01	7.249196e-01
16527	8.403102e-01	3.426689e-01	2.295456e-02	2.869320e-02	1.503061e-01	1.015243e-01	4.404928e-01	1.575719e-01
7721	4.890795e-01	2.066833e-01	2.107422e-02	2.634278e-02	1.379937e-01	1.133174e-01	7.515837e-01	7.863365e-01
8869	1.061385e-01	9.515222e-01	2.849108e-02	3.561386e-02	1.865592e-01	1.790638e-01	8.180206e-01	4.971219e-01
18544	1.589930e-01	2.124785e-01	2.097264e-02	2.621580e-02	1.373285e-01	6.768713e-02	3.262900e-01	2.865509e-01
3311	5.516479e-01	5.564300e-01	2.479183e-02	3.098979e-02	1.623365e-01	1.367386e-01	3.041703e-01	1.143529e-01
12714	7.890436e-02	3.686579e-01	2.755932e-02	3.444915e-02	1.804580e-01	1.112863e-01	4.490717e-01	8.221266e-03
31467	3.908542e-01	8.363377e-01	5.173917e-02	6.467396e-02	3.387873e-01	1.563915e-01	8.353252e-03	4.643617e-03
17162	2.705078e-01	2.413404e-01	3.314967e-02	4.143708e-02	2.170635e-01	1.463394e-01	6.148632e-01	2.266897e-02
28451	4.211278e-01	1.149820e-01	7.405377e-02	9.256722e-02	4.849030e-01	4.479789e-01	8.037719e-02	4.867857e-01
31921	8.516633e-01	2.579108e-01	4.235053e-02	5.293817e-02	2.773106e-01	2.643542e-01	1.734521e-01	7.464733e-02
28966	1.714994e-01	4.567366e-01	2.897302e-02	3.621627e-02	1.897149e-01	1.440996e-01	2.727049e-01	9.951910e-02
25714	2.370855e-01	5.024805e-01	5.617612e-02	7.022015e-02	3.678404e-01	3.226960e-01	1.482956e-01	4.462522e-01
27181	2.364457e-01	3.084895e-01	3.393738e-02	4.242172e-02	2.222214e-01	1.293690e-01	5.495810e-03	5.234760e-01
8336	5.993881e-01	7.077810e-01	2.304196e-02	2.880246e-02	1.508784e-01	1.100042e-01	4.770870e-01	1.147026e-01
17512	4.267270e-01	8.956685e-01	3.939969e-02	4.924961e-02	2.579885e-01	1.309151e-01	4.550329e-01	6.903120e-01
13570	4.420690e-01	4.091924e-01	4.730577e-02	5.913222e-02	3.097575e-01	2.874779e-01	6.070211e-01	2.652614e-01
24074	3.261442e-01	9.173359e-01	2.299200e-02	2.874001e-02	1.505513e-01	1.023833e-01	9.269087e-01	1.058000e-01
28967	4.300679e-01	6.679187e-01	2.300359e-02	2.875449e-02	1.506272e-01	9.562573e-02	7.322353e-01	7.549084e-01
18274	3.924181e-01	7.445635e-01	5.172198e-02	6.465247e-02	3.386747e-01	1.531008e-01	3.903456e-01	4.450429e-01
19209	1.028255e-01	7.052132e-01	3.451562e-02	4.314453e-02	2.260078e-01	1.347704e-01	5.197718e-01	3.520039e-01
16925	3.912607e-01	2.798946e-01	3.759673e-02	4.699592e-02	2.461828e-01	7.772836e-02	5.094023e-02	3.024213e-01
8529	6.986835e-01	6.153627e-01	3.263259e-02	4.079073e-02	2.136777e-01	1.965366e-01	5.332108e-01	1.619342e-01
17163	4.511856e-01	3.724802e-01	2.182599e-02	2.728248e-02	1.429162e-01	4.290502e-02	1.909093e-02	9.535589e-01
22378	6.897178e-01	8.610009e-01	4.635207e-02	5.794009e-02	3.035126e-01	1.653320e-01	9.935898e-01	6.252953e-01
15732	1.501548e-01	7.637447e-01	6.733914e-02	8.417392e-02	4.409356e-01	2.188680e-01	3.609203e-01	5.501163e-01
31984	9.095829e-01	6.705186e-01	2.203083e-02	2.753854e-02	1.442576e-01	6.716438e-02	3.628849e-01	9.433147e-01
11975	8.265032e-01	6.567019e-01	3.499135e-02	4.373919e-02	2.291228e-01	1.813373e-01	1.312934e-01	3.938113e-01
18313	5.705307e-01	5.307636e-01	3.361976e-02	4.202470e-02	2.201417e-01	9.731456e-02	5.822045e-01	1.057317e-02
32702	2.849986e-01	7.455233e-01	2.262020e-02	2.827525e-02	1.481167e-01	1.471707e-01	6.650558e-02	9.105717e-01
15182	2.242563e-01	6.900676e-01	2.096823e-02	2.621029e-02	1.372997e-01	1.372424e-01	4.592861e-01	2.029203e-01
1933	3.616877e-01	5.989581e-01	3.458192e-02	4.322740e-02	2.264419e-01	2.179671e-01	9.749714e-01	6.791869e-01
28300	6.257583e-02	7.231952e-01	2.368215e-02	2.960269e-02	1.550703e-01	1.204446e-01	3.706740e-01	9.964395e-01
8672	5.754935e-01	4.242336e-01	3.445624e-02	4.307030e-02	2.256189e-01	1.923778e-01	2.021291e-01	7.298951e-01
11476	3.459068e-01	8.496413e-01	3.192196e-02	3.990245e-02	2.090245e-01	1.226915e-01	6.428108e-01	7.092863e-01
654	8.812285e-01	3.245144e-01	3.002823e-02	3.753528e-02	1.966244e-01	1.278201e-01	4.263772e-01	5.198924e-01
27315	1.861456e-01	8.217169e-01	3.509134e-02	4.386418e-02	2.297776e-01	7.832828e-02	3.218912e-01	1.498073e-01
30617	8.206864e-02	5.976444e-01	2.484227e-02	3.105284e-02	1.626668e-01	1.556022e-01	1.584206e-03	1.531695e-01
28793	3.175953e-02	1.356246e-01	2.613090e-02	3.266363e-02	1.711048e-01	1.691635e-01	5.374595e-01	3.239955e-01
20705	3.177949e-01	6.737582e-01	2.855993e-02	3.569991e-02	1.870100e-01	1.378398e-01	8.482003e-01	8.701403e-02
32762	2.408377e-01	8.068184e-01	2.633024e-02	3.291280e-02	1.724100e-01	1.389442e-01	9.602735e-01	8.529708e-01
26183	7.312190e-01	6.744618e-01	5.013350e-02	6.266688e-02	3.282734e-01	3.232827e-01	4.451273e-01	5.477676e-01
21863	1.868279e-01	9.054191e-01	4.187451e-02	5.234314e-02	2.741937e-01	2.736813e-01	1.040737e-01	8.942274e-01
28763	8.042365e-01	9.579227e-01	3.410252e-02	4.262815e-02	2.233028e-01	2.085568e-01	4.005536e-01	7.990220e-01
26287	9.306938e-01	6.758553e-01	2.152990e-02	2.691237e-02	1.409774e-01	3.863724e-02	1.062185e-01	6.315358e-03
12905	3.671150e-01	4.251951e-01	2.093898e-02	2.617373e-02	1.371081e-01	8.200283e-02	6.176900e-01	2.276645e-01
28555	3.128313e-01	8.444968e-01	7.017331e-02	8.771663e-02	4.594937e-01	1.605084e-01	5.550636e-01	3.211880e-01
29267	1.793657e-01	2.380634e-01	2.994217e-02	3.742771e-02	1.960609e-01	1.870343e-01	3.424190e-01	2.495765e-01
5841	7.836081e-01	8.817523e-01	3.203454e-02	4.004318e-02	2.097617e-01	1.792884e-01	9.891315e-01	7.915866e-01
15706	7.325720e-01	2.738044e-01	6.364820e-02	7.956025e-02	4.167674e-01	4.165938e-01	1.556964e-01	4.729400e-01
14407	1.816197e-01	1.439928e-01	3.632597e-02	4.540746e-02	2.378619e-01	1.890284e-01	4.893991e-01	7.781091e-01
16406	2.455928e-01	2.438057e-01	3.100336e-02	3.875420e-02	2.030095e-01	5.511243e-02	6.139993e-01	7.951334e-01
27366	3.953471e-01	9.411385e-01	3.291678e-02	4.114598e-02	2.155386e-01	1.888684e-01	7.967116e-01	8.818367e-01
22253	5.946863e-02	2.109255e-01	4.833456e-02	6.041820e-02	3.164939e-01	1.653164e-01	1.256961e-01	3.209797e-01
24098	3.277450e-01	5.452337e-02	2.096380e-02	2.620475e-02	1.372706e-01	1.118365e-01	1.488735e-01	3.822483e-01
27748	9.411575e-01	2.835100e-01	2.689142e-02	3.361428e-02	1.760846e-01	1.760795e-01	3.260908e-01	6.396529e-01
26573	6.406493e-01	7.132922e-01	3.146503e-02	3.933129e-02	2.060325e-01	1.236723e-01	3.446331e-01	7.993723e-01
18553	9.227685e-01	3.027387e-02	2.061803e-02	2.577254e-02	1.350065e-01	9.536938e-02	8.743096e-01	1.170852e-01
29812	7.045782e-01	3.468188e-01	2.754907e-02	3.443634e-02	1.803909e-01	1.478323e-01	8.182877e-02	3.733813e-01
7606	5.297992e-01	5.666088e-01	2.089593e-02	2.611991e-02	1.368262e-01	1.142330e-01	8.866195e-01	3.643330e-01
30805	7.535916e-01	6.088141e-01	3.534037e-02	4.417547e-02	2.314082e-01	1.020305e-01	7.173185e-03	5.143825e-01
2133	9.064561e-01	9.561661e-01	3.256827e-02	4.071033e-02	2.132565e-01	1.933375e-01	8.364740e-01	3.473789e-01
21360	6.434137e-01	5.172442e-01	4.625964e-02	5.782455e-02	3.029074e-01	2.838699e-01	7.711321e-01	1.410184e-01
27418	4.792046e-01	1.782346e-01	2.934955e-02	3.668693e-02	1.921804e-01	5.867684e-02	5.373395e-01	3.301832e-01
20219	6.655842e-01	7.869363e-01	7.270290e-02	9.087862e-02	4.760574e-01	4.124782e-01	4.117003e-01	7.023341e-01
30896	6.884388e-01	1.636609e-01	3.201069e-02	4.001337e-02	2.096055e-01	5.832120e-02	5.128072e-01	8.486060e-01
7216	4.144739e-01	4.620576e-01	2.995804e-02	3.744755e-02	1.961648e-01	1.576725e-01	6.486220e-01	5.657786e-01
186	7.004600e-01	7.587603e-01	2.705656e-02	3.382070e-02	1.771659e-01	5.072347e-02	3.873715e-01	3.617440e-01
22893	3.413639e-01	8.180663e-01	2.269064e-02	2.836330e-02	1.485779e-01	5.661646e-02	8.323153e-02	3.060987e-01
21332	3.351948e-01	1.540375e-01	2.458686e-02	3.073358e-02	1.609944e-01	1.551423e-01	7.821453e-01	3.176382e-01
21966	5.109303e-01	6.177855e-01	6.344854e-02	7.931068e-02	4.154601e-01	3.821527e-01	5.067889e-02	7.590373e-02
21912	1.957886e-01	3.827719e-01	2.348878e-02	2.936098e-02	1.538042e-01	9.312167e-02	8.323990e-01	6.162905e-01
24969	7.473658e-01	4.244328e-01	2.620865e-02	3.276081e-02	1.716138e-01	8.587153e-02	3.359630e-01	5.548412e-01
8449	8.736579e-01	3.925911e-01	2.818547e-02	3.523184e-02	1.845580e-01	1.139414e-01	5.222129e-01	4.863771e-01
25801	5.821651e-01	3.246483e-01	7.899326e-02	9.874157e-02	5.172466e-01	2.723988e-01	2.246372e-01	2.116392e-01
19418	4.245318e-01	9.560049e-01	2.255935e-02	2.819919e-02	1.477183e-01	8.409385e-02	7.069920e-01	1.451245e-01
20252	5.779662e-02	8.749610e-01	2.162651e-02	2.703313e-02	1.416100e-01	1.351408e-01	2.368882e-01	9.865405e-01
5285	1.336097e-01	8.265460e-01	2.213331e-02	2.766663e-02	1.449286e-01	1.044554e-01	2.902006e-01	3.292370e-01
21196	6.922211e-01	9.205457e-01	5.993583e-02	7.491979e-02	3.924589e-01	1.091824e-01	8.714957e-01	8.067370e-02
4550	3.458795e-01	7.686008e-01	3.796519e-02	4.745648e-02	2.485955e-01	1.553779e-01	8.338565e-01	2.916906e-01
15277	3.469994e-01	6.429033e-01	2.121554e-02	2.651942e-02	1.389190e-01	1.212393e-01	7.637683e-01	2.578477e-01
