1622	7.753714e-01	1.007310e-01	2.075888e-02	2.594860e-02	1.359288e-01	1.010765e-01	5.026252e-03	1.667522e-01
8915	5.871230e-01	2.982138e-01	3.244676e-02	4.055845e-02	2.124609e-01	2.114505e-01	1.589509e-01	2.687360e-01
6717	8.418292e-01	5.306212e-01	2.669940e-02	3.337425e-02	1.748272e-01	1.540964e-01	7.632599e-01	7.316507e-01
29346	6.021769e-01	8.263052e-01	3.432224e-02	4.290280e-02	2.247415e-01	1.645668e-01	6.364092e-01	2.948792e-01
6130	1.261596e-01	4.377732e-01	5.669530e-02	7.086913e-02	3.712400e-01	3.621674e-01	2.870944e-01	9.220900e-01
3299	8.323238e-01	6.126233e-02	2.479578e-02	3.099473e-02	1.623624e-01	6.902891e-02	2.075471e-01	4.394118e-01
18884	6.882900e-01	1.597923e-01	3.736857e-02	4.671071e-02	2.446888e-01	1.020082e-01	4.142294e-01	9.941025e-01
29370	3.821103e-01	8.735350e-01	5.846203e-02	7.307754e-02	3.828085e-01	2.185279e-01	6.874447e-01	3.432027e-02
30168	4.464831e-01	1.923830e-01	3.597650e-02	4.497062e-02	2.355735e-01	1.996976e-01	3.240436e-02	7.778080e-01
8036	7.574416e-01	6.705355e-01	3.565285e-02	4.456606e-02	2.334543e-01	2.066683e-01	4.497368e-02	7.991925e-01
5362	7.981763e-01	5.015966e-01	3.009197e-02	3.761496e-02	1.970418e-01	1.032396e-01	7.669235e-02	3.935959e-01
30752	3.930376e-01	1.131498e-01	2.606716e-02	3.258396e-02	1.706874e-01	1.587757e-01	3.602985e-01	7.041853e-01
6599	5.148161e-01	8.690315e-01	4.985943e-02	6.232429e-02	3.264788e-01	3.038847e-01	9.089451e-02	9.429327e-01
32459	4.497479e-01	7.259438e-01	6.280279e-02	7.850349e-02	4.112317e-01	2.384276e-01	7.792022e-01	2.998980e-01
9325	8.961090e-01	8.767604e-02	6.183831e-02	7.729789e-02	4.049163e-01	1.922599e-01	4.644955e-01	9.719523e-01
5551	2.901484e-01	3.245361e-01	3.456082e-02	4.320102e-02	2.263037e-01	1.961462e-01	9.909775e-01	6.212254e-01
26456	8.462371e-01	8.638824e-02	3.183667e-02	3.979584e-02	2.084660e-01	8.514223e-02	6.011270e-01	3.969282e-01
22231	6.440050e-02	7.319426e-01	3.444156e-02	4.305195e-02	2.255228e-01	2.230040e-01	9.884483e-01	2.191105e-01
707	2.615992e-01	2.518300e-01	4.294186e-02	5.367732e-02	2.811826e-01	2.453219e-01	4.965936e-01	1.565558e-01
26856	9.425973e-01	8.037150e-01	2.599155e-02	3.248943e-02	1.701922e-01	1.282408e-01	2.223805e-01	4.706727e-02
5116	1.544453e-01	1.710568e-01	2.067695e-02	2.584619e-02	1.353924e-01	1.337732e-01	5.407231e-01	7.804410e-01
28844	5.827144e-01	9.663836e-01	2.330806e-02	2.913507e-02	1.526208e-01	1.450234e-01	8.077021e-01	1.574932e-01
31040	9.357838e-01	6.109043e-02	2.144257e-02	2.680321e-02	1.404056e-01	1.320146e-01	6.907443e-01	7.527485e-01
17456	3.404408e-01	8.151359e-01	5.190307e-02	6.487884e-02	3.398605e-01	2.852463e-01	9.876825e-01	9.901415e-01
8886	1.797358e-01	7.262573e-01	6.120922e-02	7.651152e-02	4.007970e-01	1.614201e-01	7.255050e-01	4.438098e-02
31155	6.742165e-01	2.678256e-01	3.487579e-02	4.359474e-02	2.283661e-01	2.196392e-01	4.132513e-01	7.021812e-01
9729	9.688856e-02	8.863837e-01	5.165519e-02	6.456899e-02	3.382374e-01	9.563880e-02	8.088342e-01	9.902204e-01
14038	6.836499e-01	8.424003e-01	3.490935e-02	4.363669e-02	2.285859e-01	1.979935e-01	6.163315e-01	5.568427e-01
21964	3.212005e-01	1.078899e-01	4.125639e-02	5.157049e-02	2.701462e-01	2.673774e-01	1.218332e-01	5.178351e-01
30614	5.751179e-01	1.133280e-01	5.152074e-02	6.440093e-02	3.373570e-01	1.567310e-01	2.443322e-01	9.290431e-01
17195	4.983035e-01	5.025331e-01	4.396629e-02	5.495786e-02	2.878906e-01	2.217404e-01	4.709720e-01	4.657065e-02
15479	4.601082e-01	5.142565e-01	2.804770e-02	3.505963e-02	1.836559e-01	1.662824e-01	2.049462e-01	9.416694e-01
946	5.430000e-01	7.219722e-01	3.656258e-02	4.570322e-02	2.394112e-01	2.287649e-01	4.926548e-01	5.335362e-01
719	1.038747e-01	3.245054e-01	7.378772e-02	9.223465e-02	4.831609e-01	3.759034e-01	6.168991e-01	7.953330e-01
9448	8.818981e-01	2.170617e-01	2.240589e-02	2.800737e-02	1.467134e-01	1.128050e-01	8.941771e-01	3.421853e-01
5724	2.446382e-01	5.421704e-01	2.507095e-02	3.133868e-02	1.641642e-01	5.651054e-02	6.519705e-01	1.015197e-01
12794	7.535416e-01	3.688249e-01	4.673186e-02	5.841483e-02	3.059995e-01	1.763730e-01	1.101807e-01	7.030211e-01
11599	6.138791e-01	2.047883e-01	2.200327e-02	2.750409e-02	1.440771e-01	1.439092e-01	8.739860e-01	9.703878e-01
24136	8.672855e-01	8.005097e-01	2.905413e-02	3.631766e-02	1.902460e-01	1.719762e-01	2.834460e-01	4.076953e-01
19036	2.589188e-01	6.684588e-01	5.443920e-02	6.804900e-02	3.564670e-01	1.304790e-01	6.720740e-03	4.862765e-01
28743	3.665667e-01	6.917599e-01	6.016047e-02	7.520059e-02	3.939298e-01	3.938713e-01	5.729184e-01	4.235460e-01
4758	8.397055e-01	9.341989e-01	2.470599e-02	3.088249e-02	1.617745e-01	7.521605e-02	4.546154e-01	3.611438e-02
29771	6.891057e-01	6.159618e-01	2.406149e-02	3.007686e-02	1.575543e-01	4.773202e-02	5.157439e-01	4.010108e-01
16295	8.953143e-01	9.057065e-01	5.295286e-02	6.619107e-02	3.467345e-01	3.210942e-01	8.508600e-01	7.070574e-01
16715	4.820015e-02	2.081994e-01	2.742341e-02	3.427926e-02	1.795681e-01	5.584809e-02	3.809861e-01	8.634647e-01
11669	8.158406e-01	2.863636e-01	3.471820e-02	4.339775e-02	2.273342e-01	1.131306e-01	6.978591e-01	7.617984e-01
11083	5.133212e-01	1.873502e-01	3.019145e-02	3.773931e-02	1.976931e-01	1.961189e-01	5.180510e-02	9.620824e-01
30146	5.556135e-01	3.479683e-01	5.702657e-02	7.128321e-02	3.734091e-01	1.399990e-01	6.014071e-01	8.066962e-01
1344	3.569492e-01	3.936204e-01	2.139931e-02	2.674913e-02	1.401223e-01	5.765221e-02	6.132843e-01	4.372016e-01
22998	1.323157e-01	6.157097e-01	5.871031e-02	7.338789e-02	3.844342e-01	3.292922e-01	8.311067e-01	3.690662e-01
2513	3.119140e-01	5.635179e-01	6.004802e-02	7.506002e-02	3.931935e-01	2.366123e-01	7.026578e-01	2.345917e-01
29253	7.870651e-01	5.945549e-01	2.875140e-02	3.593925e-02	1.882637e-01	1.460868e-01	7.256510e-01	1.912966e-01
30141	7.653313e-01	2.916576e-01	2.167407e-02	2.709258e-02	1.419214e-01	1.234197e-01	1.243767e-01	8.898877e-01
27648	7.183765e-01	3.123063e-01	2.724807e-02	3.406009e-02	1.784200e-01	1.762098e-01	7.868043e-01	4.134300e-01
27879	1.872360e-01	8.931621e-01	2.314496e-02	2.893120e-02	1.515528e-01	1.298972e-01	2.791381e-01	3.625078e-01
26529	9.616590e-01	4.887034e-01	3.185200e-02	3.981500e-02	2.085664e-01	1.791234e-01	7.491230e-01	9.784278e-01
31425	3.523553e-01	9.195178e-01	4.156546e-02	5.195683e-02	2.721700e-01	1.277137e-01	1.108952e-01	4.692740e-01
12215	5.211575e-01	9.441175e-01	3.459509e-02	4.324387e-02	2.265281e-01	1.546453e-01	6.467816e-01	5.888184e-01
25653	4.022592e-02	3.730242e-01	3.193970e-02	3.992462e-02	2.091406e-01	1.443430e-01	4.208297e-01	9.377515e-01
186	3.246561e-01	2.302520e-01	3.741002e-02	4.676252e-02	2.449602e-01	1.512390e-01	4.309014e-01	9.548021e-01
14883	4.763606e-01	3.776121e-01	4.490427e-02	5.613033e-02	2.940324e-01	2.531303e-01	4.740221e-02	5.351384e-01
30809	7.356491e-01	6.064402e-01	3.119828e-02	3.899785e-02	2.042858e-01	1.608091e-01	7.000552e-01	7.682789e-01
15469	5.133700e-01	7.679796e-02	2.193890e-02	2.742362e-02	1.436556e-01	9.820073e-02	4.890615e-01	6.137428e-01
11157	4.028949e-01	4.464457e-01	2.362922e-02	2.953653e-02	1.547238e-01	1.546429e-01	1.386197e-01	8.632062e-01
8351	3.835198e-01	1.578778e-01	2.717196e-02	3.396494e-02	1.779215e-01	7.186726e-02	8.739008e-01	8.710031e-01
11631	1.843841e-01	2.372494e-01	2.811051e-02	3.513814e-02	1.840672e-01	1.543201e-01	5.963975e-01	4.895228e-01
12946	5.739704e-01	8.076322e-01	2.879739e-02	3.599674e-02	1.885649e-01	1.390812e-01	2.032514e-01	9.949103e-01
29852	8.002536e-01	1.155236e-01	3.723427e-02	4.654284e-02	2.438094e-01	8.566126e-02	6.346844e-01	7.526434e-01
17490	3.373681e-02	7.686166e-02	2.095445e-02	2.619307e-02	1.372094e-01	5.679651e-02	7.280587e-01	3.046374e-01
706	5.457636e-01	2.722997e-01	5.997244e-02	7.496555e-02	3.926986e-01	2.060957e-01	4.592665e-01	4.308282e-01
1776	5.089746e-01	6.496254e-01	2.175649e-02	2.719561e-02	1.424612e-01	1.087423e-01	6.554204e-01	4.059044e-01
27824	2.498403e-01	7.750960e-01	3.257640e-02	4.072050e-02	2.133098e-01	1.615492e-01	4.781218e-01	8.897668e-01
26418	9.159352e-01	6.900802e-01	4.811994e-02	6.014992e-02	3.150886e-01	2.046693e-01	7.750101e-01	8.673526e-01
31488	6.073441e-01	6.357326e-01	2.767178e-02	3.458972e-02	1.811944e-01	1.152779e-01	3.193443e-01	9.934372e-01
29766	5.164963e-01	3.692107e-01	3.119058e-02	3.898823e-02	2.042354e-01	1.715549e-01	1.704167e-02	7.494388e-01
9581	7.910150e-01	6.396747e-01	2.610690e-02	3.263362e-02	1.709476e-01	1.516693e-01	5.843185e-01	7.838513e-01
14153	8.608005e-01	5.629880e-01	2.798452e-02	3.498065e-02	1.832422e-01	1.764533e-01	5.795975e-01	3.553823e-01
2854	9.286301e-01	2.293961e-01	6.031858e-02	7.539823e-02	3.949651e-01	3.942513e-01	4.887477e-01	6.800426e-01
18840	4.555466e-01	4.595984e-01	2.765033e-02	3.456291e-02	1.810539e-01	7.389010e-02	9.963783e-01	5.382829e-01
