16363	7.455783e-01	2.587055e-01	2.456314e-02	3.070393e-02	1.608391e-01	1.181816e-01	6.507760e-01	9.671473e-02
32597	6.840479e-01	9.520928e-01	2.455100e-02	3.068874e-02	1.607595e-01	1.604916e-01	9.359754e-01	5.475665e-01
20958	4.170820e-01	9.661278e-02	2.141490e-02	2.676862e-02	1.402244e-01	1.324427e-01	1.773545e-01	9.180756e-02
16858	2.572905e-01	2.535680e-01	7.740834e-02	9.676042e-02	5.068686e-01	1.969775e-01	7.077520e-01	2.629518e-01
24894	2.278880e-01	8.369434e-01	2.458367e-02	3.072958e-02	1.609735e-01	1.582200e-01	8.078144e-01	3.118532e-01
18038	1.873200e-01	3.514726e-01	2.888725e-02	3.610906e-02	1.891532e-01	1.492776e-01	9.847793e-01	3.796705e-01
27744	5.961983e-01	5.130487e-01	2.222120e-02	2.777649e-02	1.455040e-01	1.381423e-01	9.366038e-01	7.590687e-01
28188	8.181047e-02	5.286185e-01	4.989733e-02	6.237167e-02	3.267270e-01	2.189377e-01	1.587108e-01	1.378339e-01
6065	7.496570e-01	4.329320e-01	2.568854e-02	3.211068e-02	1.682082e-01	7.882156e-02	3.273522e-01	8.920860e-01
26135	4.089691e-02	6.505196e-01	2.243186e-02	2.803983e-02	1.468835e-01	1.366193e-01	3.852865e-01	4.787892e-01
23688	3.768241e-01	2.770495e-01	6.198404e-02	7.748006e-02	4.058706e-01	3.313855e-01	7.632015e-01	3.660145e-01
31208	2.166263e-01	3.389515e-01	2.657199e-02	3.321499e-02	1.739930e-01	1.233895e-01	9.598602e-01	4.810578e-01
23947	7.905010e-01	4.917869e-01	2.068824e-02	2.586030e-02	1.354663e-01	1.333444e-01	7.430487e-01	5.931245e-01
960	1.705898e-01	2.151451e-01	3.779067e-02	4.723834e-02	2.474527e-01	7.349922e-02	8.289054e-01	5.676982e-01
11579	1.141896e-01	8.479902e-01	2.175926e-02	2.719907e-02	1.424793e-01	1.024532e-01	5.155363e-01	8.755758e-01
11565	2.362851e-01	4.538556e-01	2.689146e-02	3.361433e-02	1.760849e-01	1.639312e-01	7.309774e-01	3.468049e-01
20515	7.854769e-02	1.963450e-01	5.670113e-02	7.087642e-02	3.712781e-01	3.297022e-01	8.056650e-01	3.103829e-01
3812	8.803898e-01	3.377888e-01	4.912295e-02	6.140368e-02	3.216563e-01	1.795536e-01	8.557644e-01	7.770012e-01
18177	7.445726e-01	5.245437e-01	2.601653e-02	3.252067e-02	1.703558e-01	1.667553e-01	2.898034e-01	8.348277e-01
17242	4.254663e-01	3.388467e-01	4.580147e-02	5.725184e-02	2.999073e-01	2.674646e-01	3.568876e-01	8.122621e-01
30611	2.723677e-01	5.877920e-01	2.783655e-02	3.479569e-02	1.822733e-01	1.682286e-01	1.249434e-01	9.638249e-01
14662	4.987907e-01	3.528432e-01	2.405701e-02	3.007127e-02	1.575249e-01	1.135360e-01	5.220472e-01	8.018334e-02
1631	1.017395e-01	2.794587e-01	2.073881e-02	2.592351e-02	1.357974e-01	3.901409e-02	4.529698e-01	7.349374e-01
29870	5.288853e-01	8.264435e-01	2.484578e-02	3.105722e-02	1.626898e-01	1.298487e-01	6.760560e-01	5.191924e-01
31099	1.417443e-01	5.477741e-01	2.297373e-02	2.871716e-02	1.504316e-01	8.679801e-02	5.580757e-01	8.682317e-01
17030	8.203859e-01	7.101329e-01	2.728107e-02	3.410134e-02	1.786360e-01	1.285951e-01	8.160579e-01	3.684978e-01
17597	4.562506e-01	5.275392e-01	4.785785e-02	5.982231e-02	3.133725e-01	1.264852e-01	6.917254e-01	7.759910e-01
21241	1.946428e-01	9.299477e-01	3.861396e-02	4.826745e-02	2.528436e-01	1.338952e-01	1.041392e-01	2.898659e-01
1554	6.018151e-01	2.090129e-01	3.396940e-02	4.246175e-02	2.224311e-01	2.220462e-01	3.286356e-01	8.180697e-01
27342	7.919651e-01	1.015908e-01	3.680248e-02	4.600311e-02	2.409821e-01	1.133295e-01	4.114235e-01	6.839206e-01
21230	6.551617e-01	9.586188e-02	6.447536e-02	8.059420e-02	4.221837e-01	3.756097e-01	7.434782e-01	4.653654e-01
18646	4.883146e-01	7.523738e-02	4.805577e-02	6.006971e-02	3.146684e-01	2.838004e-01	8.846633e-01	2.167467e-01
13195	4.041328e-01	9.104118e-01	6.909053e-02	8.636317e-02	4.524037e-01	3.795392e-01	6.592199e-01	8.101057e-01
18492	4.673518e-01	7.552787e-01	6.371722e-02	7.964653e-02	4.172194e-01	3.627038e-01	1.265769e-01	5.251945e-01
22287	5.333286e-01	7.356509e-01	2.933715e-02	3.667144e-02	1.920992e-01	1.394270e-01	6.123259e-01	3.464225e-01
3867	7.077930e-01	3.874804e-01	7.083706e-02	8.854632e-02	4.638400e-01	4.230397e-01	5.255672e-01	5.532385e-01
23763	3.602081e-01	1.570279e-01	2.281543e-02	2.851929e-02	1.493951e-01	9.288862e-02	6.022427e-01	3.474598e-02
30654	8.653910e-01	9.075746e-01	3.371862e-02	4.214827e-02	2.207890e-01	2.071771e-01	4.834948e-01	8.084543e-01
26605	5.678880e-01	3.955617e-01	5.025954e-02	6.282442e-02	3.290987e-01	3.080935e-01	8.710154e-01	7.511954e-01
24165	6.000853e-01	1.389166e-01	3.576351e-02	4.470439e-02	2.341789e-01	1.011855e-01	5.204389e-01	9.663672e-01
2091	7.591742e-01	7.624411e-01	2.444411e-02	3.055514e-02	1.600596e-01	1.459395e-01	9.454851e-01	5.099260e-01
11163	7.095203e-01	8.501821e-01	2.395789e-02	2.994737e-02	1.568759e-01	1.394571e-01	4.578409e-01	9.339625e-01
30767	6.554137e-01	2.756962e-01	2.441021e-02	3.051276e-02	1.598376e-01	1.325538e-01	1.352023e-01	6.214622e-01
7411	1.649812e-01	5.393974e-01	2.653190e-02	3.316488e-02	1.737305e-01	1.264918e-01	6.250704e-01	1.318172e-01
24021	5.211491e-02	5.522797e-02	2.786658e-02	3.483323e-02	1.824699e-01	9.427457e-02	4.208433e-02	5.202248e-01
30265	6.043536e-01	5.148190e-02	3.542393e-02	4.427992e-02	2.319554e-01	1.736703e-01	3.985481e-01	5.849084e-01
6512	3.219530e-01	1.770261e-01	2.914257e-02	3.642822e-02	1.908251e-01	1.005653e-01	1.028677e-01	1.646702e-01
19656	4.824511e-01	6.638008e-01	3.252004e-02	4.065005e-02	2.129407e-01	1.771086e-01	1.350862e-01	9.813064e-01
6471	6.995639e-01	7.427392e-01	4.836782e-02	6.045977e-02	3.167117e-01	1.518430e-01	5.432829e-02	1.561752e-01
22691	3.542605e-01	7.069120e-02	3.172086e-02	3.965107e-02	2.077077e-01	1.871340e-01	4.569296e-01	6.073449e-01
29626	8.844677e-01	1.434274e-01	4.315799e-02	5.394749e-02	2.825979e-01	2.781409e-01	3.033256e-02	6.176808e-01
17388	7.696544e-01	6.681813e-01	6.723229e-02	8.404036e-02	4.402360e-01	1.487691e-01	8.017111e-01	5.673934e-01
28319	3.524239e-01	4.838202e-01	6.647963e-02	8.309954e-02	4.353076e-01	3.820918e-01	5.573464e-01	1.493553e-01
11153	3.085119e-01	5.770387e-01	3.186900e-02	3.983625e-02	2.086777e-01	1.535463e-01	2.313943e-01	7.562439e-01
22218	9.506622e-01	6.353212e-01	2.789912e-02	3.487390e-02	1.826830e-01	1.812043e-01	8.414805e-01	3.152910e-01
21649	8.983691e-01	5.046590e-01	3.313614e-02	4.142018e-02	2.169749e-01	1.546847e-01	1.263591e-01	4.913448e-01
28493	5.694039e-01	8.115009e-01	4.790159e-02	5.987698e-02	3.136588e-01	2.572349e-01	4.519469e-01	9.749613e-01
25688	5.501167e-01	2.752228e-01	2.554314e-02	3.192892e-02	1.672561e-01	1.275125e-01	3.022441e-01	1.653164e-01
21708	9.417071e-01	8.622413e-01	2.604076e-02	3.255095e-02	1.705145e-01	1.515685e-01	2.532114e-01	9.674300e-01
9826	2.262662e-01	6.232783e-01	3.046215e-02	3.807769e-02	1.994657e-01	8.773610e-02	3.080760e-02	1.815610e-01
28745	4.654545e-01	3.504828e-01	2.827588e-02	3.534485e-02	1.851500e-01	1.098770e-01	4.516771e-01	1.910529e-01
14366	9.097054e-01	2.697180e-01	5.062532e-02	6.328165e-02	3.314938e-01	1.881945e-01	4.681459e-01	9.477653e-01
22593	5.112494e-01	4.459115e-01	3.053637e-02	3.817046e-02	1.999517e-01	7.982961e-02	5.212366e-01	8.845046e-02
12645	1.568419e-01	6.219859e-01	2.702398e-02	3.377997e-02	1.769526e-01	1.131673e-01	2.335845e-02	8.490770e-01
12256	4.183846e-01	4.700630e-01	3.789672e-02	4.737090e-02	2.481471e-01	2.452235e-01	8.145843e-01	2.847809e-01
25022	1.758501e-01	8.144563e-01	3.038014e-02	3.797517e-02	1.989287e-01	1.825241e-01	7.123725e-01	2.508548e-01
18493	1.111399e-01	7.871604e-01	3.604187e-02	4.505234e-02	2.360016e-01	1.475051e-01	1.383137e-01	4.878182e-01
9323	9.417393e-01	1.122004e-01	3.764592e-02	4.705739e-02	2.465049e-01	2.379862e-01	7.060676e-02	6.855326e-01
5987	4.765690e-01	1.969697e-01	2.212329e-02	2.765412e-02	1.448630e-01	8.492632e-02	9.266349e-01	9.065651e-01
3344	6.126961e-01	5.597637e-01	2.448610e-02	3.060762e-02	1.603346e-01	1.206554e-01	3.551145e-01	3.087865e-01
6513	1.710482e-01	4.524883e-01	5.920692e-02	7.400865e-02	3.876860e-01	3.832177e-01	6.117322e-01	9.058618e-02
3861	7.045016e-01	6.400367e-01	3.538038e-02	4.422547e-02	2.316701e-01	2.298259e-01	9.927118e-01	3.257164e-01
19744	6.947388e-01	7.045267e-01	2.774913e-02	3.468641e-02	1.817009e-01	1.169130e-01	1.775702e-01	4.127456e-01
17308	6.300956e-01	3.565882e-01	4.613171e-02	5.766464e-02	3.020697e-01	3.014275e-01	8.883104e-01	4.747050e-01
18715	6.602598e-01	8.134001e-01	2.108380e-02	2.635474e-02	1.380564e-01	1.364016e-01	3.071341e-02	2.147378e-01
23463	5.780386e-01	4.704074e-01	2.190763e-02	2.738453e-02	1.434508e-01	9.435745e-02	5.907123e-01	3.232906e-01
27063	9.615309e-01	7.981676e-01	3.709716e-02	4.637145e-02	2.429116e-01	2.416582e-01	3.290113e-01	6.029649e-01
