12897	2.729380e-01	2.564675e-01	3.185389e-02	3.981736e-02	2.085788e-01	1.557163e-01	4.869054e-02	5.887381e-01
22894	3.583565e-01	8.882808e-01	3.636228e-02	4.545285e-02	2.380997e-01	1.835931e-01	4.902429e-01	4.869849e-01
9589	7.170923e-02	4.797919e-01	2.675484e-02	3.344354e-02	1.751902e-01	1.551356e-01	7.945786e-01	8.871865e-01
2881	2.318911e-01	4.813791e-01	6.007047e-02	7.508808e-02	3.933405e-01	3.521419e-01	2.146278e-02	2.504679e-01
16512	4.456500e-01	3.556865e-01	4.882095e-02	6.102618e-02	3.196788e-01	3.056683e-01	8.728208e-01	5.221652e-01
31820	5.209507e-01	6.911687e-01	6.147341e-02	7.684176e-02	4.025269e-01	2.531103e-01	2.255793e-02	6.836282e-01
20338	8.397879e-01	5.792092e-01	5.868062e-02	7.335077e-02	3.842398e-01	1.901707e-01	8.301999e-01	9.979836e-01
12158	3.560718e-01	9.457095e-01	3.617085e-02	4.521357e-02	2.368462e-01	2.352357e-01	8.851253e-01	8.315483e-02
27819	6.763172e-01	9.207699e-01	3.927266e-02	4.909083e-02	2.571568e-01	1.681176e-01	7.249889e-01	8.864805e-01
7506	6.008168e-01	7.258579e-01	7.463036e-02	9.328795e-02	4.886784e-01	1.925355e-01	7.964697e-01	5.150413e-01
15097	3.750883e-01	5.191365e-01	2.849803e-02	3.562253e-02	1.866046e-01	9.466108e-02	7.529594e-01	3.003874e-02
30369	6.643623e-01	6.892067e-01	3.243070e-02	4.053837e-02	2.123557e-01	1.413190e-01	3.264323e-01	8.525302e-01
24408	2.782388e-01	5.030070e-01	2.416068e-02	3.020086e-02	1.582038e-01	1.244332e-01	9.160247e-01	9.968924e-01
26274	7.180856e-01	4.787850e-01	3.275519e-02	4.094399e-02	2.144805e-01	1.930343e-01	5.534961e-02	8.028114e-01
15593	1.407628e-01	4.628827e-01	4.508116e-02	5.635145e-02	2.951907e-01	2.937678e-01	3.229580e-01	2.758904e-01
12509	8.149328e-02	8.471657e-01	2.789247e-02	3.486559e-02	1.826395e-01	1.528375e-01	5.300327e-01	2.693490e-01
2396	1.610015e-01	6.877202e-01	3.399251e-02	4.249064e-02	2.225825e-01	1.789161e-01	8.025788e-01	9.247950e-01
26632	6.529258e-01	3.249436e-01	2.279778e-02	2.849722e-02	1.492795e-01	5.450811e-02	1.116827e-01	1.363957e-01
29867	7.438958e-01	7.374190e-01	7.289163e-02	9.111454e-02	4.772933e-01	3.171651e-01	2.857342e-01	1.745687e-01
23751	3.439575e-02	3.537307e-01	2.604187e-02	3.255234e-02	1.705218e-01	1.043700e-01	4.021862e-02	8.794529e-01
4158	2.068518e-01	1.499423e-01	2.092663e-02	2.615829e-02	1.370273e-01	1.295519e-01	1.139945e-01	6.687205e-01
4234	6.257384e-01	5.135506e-02	2.197345e-02	2.746681e-02	1.438818e-01	4.054697e-02	6.784869e-01	7.389084e-01
20615	3.034146e-01	5.390502e-02	2.364081e-02	2.955101e-02	1.547996e-01	1.474419e-01	9.716499e-01	2.938371e-01
7639	7.783525e-01	2.391811e-01	3.507462e-02	4.384328e-02	2.296681e-01	7.211140e-02	8.780969e-01	8.394304e-01
13044	6.157533e-01	9.144487e-01	3.252935e-02	4.066169e-02	2.130017e-01	1.597839e-01	5.784720e-01	7.474635e-01
26815	9.438280e-02	7.103502e-01	7.059496e-02	8.824370e-02	4.622547e-01	3.684908e-01	9.024552e-01	1.596961e-01
7554	9.557007e-01	2.936256e-01	4.073641e-02	5.092052e-02	2.667414e-01	1.566816e-01	1.836207e-01	1.598047e-01
26904	9.557033e-01	4.587497e-01	2.510177e-02	3.137721e-02	1.643660e-01	1.609291e-01	1.558480e-01	8.451298e-01
5163	3.828448e-02	8.202651e-02	2.239345e-02	2.799181e-02	1.466319e-01	1.370288e-01	8.565214e-01	2.662490e-01
32340	6.438536e-01	4.661658e-01	7.184625e-02	8.980781e-02	4.704481e-01	4.686174e-01	3.422529e-01	8.036438e-01
16051	8.676937e-01	7.435909e-02	2.827848e-02	3.534811e-02	1.851671e-01	1.453386e-01	5.356085e-01	9.500657e-01
9617	2.351478e-01	3.284194e-01	3.290537e-02	4.113172e-02	2.154639e-01	2.140605e-01	1.147205e-01	3.953948e-01
29038	1.554108e-01	7.319502e-01	2.200121e-02	2.750152e-02	1.440636e-01	1.336980e-01	3.090709e-01	6.882671e-01
1380	7.644569e-01	8.792159e-01	2.997208e-02	3.746510e-02	1.962567e-01	1.924314e-01	1.575037e-01	1.382538e-01
15284	8.759287e-01	2.833111e-01	7.161650e-02	8.952063e-02	4.689438e-01	4.684462e-01	5.992674e-01	9.669592e-01
18746	8.976116e-01	7.442597e-01	3.157127e-02	3.946409e-02	2.067282e-01	1.084236e-01	2.955095e-01	8.914846e-01
14533	7.319129e-01	5.715489e-01	2.999147e-02	3.748934e-02	1.963837e-01	1.928606e-01	2.449877e-01	9.726065e-01
29216	1.162178e-01	2.987143e-01	3.039627e-02	3.799534e-02	1.990343e-01	1.984969e-01	9.051514e-01	1.404943e-01
11345	6.605584e-01	3.605165e-01	3.022208e-02	3.777760e-02	1.978937e-01	1.679034e-01	5.510374e-01	4.429244e-01
23871	3.603020e-01	2.038032e-01	6.846534e-02	8.558167e-02	4.483100e-01	4.460871e-01	9.361426e-01	9.226183e-01
2016	9.226167e-01	8.967009e-01	3.424417e-02	4.280522e-02	2.242303e-01	2.147045e-01	1.733635e-01	2.627704e-01
30830	5.685957e-01	4.659373e-01	3.159117e-02	3.948897e-02	2.068585e-01	1.510440e-01	9.306873e-01	1.571532e-01
18045	4.546332e-01	2.076923e-01	3.528162e-02	4.410203e-02	2.310235e-01	2.277718e-01	3.370304e-01	5.084972e-01
13661	1.097231e-01	2.183351e-01	3.192110e-02	3.990138e-02	2.090189e-01	2.041947e-01	7.069848e-01	1.595329e-01
3091	4.072822e-01	8.208308e-01	2.154925e-02	2.693656e-02	1.411041e-01	8.953842e-02	9.170833e-02	1.339501e-01
28806	2.054167e-01	6.018790e-01	2.083055e-02	2.603819e-02	1.363981e-01	1.235246e-01	5.058216e-01	2.064510e-01
31089	5.353158e-01	5.699200e-01	2.383397e-02	2.979247e-02	1.560645e-01	7.477467e-02	2.009175e-01	7.706200e-01
29021	3.806969e-01	8.487103e-01	2.062426e-02	2.578033e-02	1.350473e-01	8.359382e-02	6.065924e-01	2.204220e-02
1465	2.423559e-01	6.968945e-01	2.863702e-02	3.579627e-02	1.875148e-01	1.202237e-01	4.429248e-01	3.474241e-01
14727	5.651027e-01	3.710831e-01	5.616944e-02	7.021180e-02	3.677966e-01	1.099300e-01	6.829524e-01	5.367301e-02
13927	4.429167e-01	5.648593e-02	2.915537e-02	3.644421e-02	1.909089e-01	9.050474e-02	3.980224e-02	5.033781e-01
27860	6.052519e-01	4.178728e-01	2.059735e-02	2.574668e-02	1.348711e-01	1.134705e-01	5.513820e-01	7.499365e-01
22731	4.495857e-01	4.442986e-01	2.946363e-02	3.682953e-02	1.929274e-01	1.355929e-01	6.761648e-01	3.538976e-01
1226	1.610880e-01	2.404258e-01	5.984978e-02	7.481223e-02	3.918955e-01	1.084717e-01	4.746061e-01	5.190256e-01
11823	8.477955e-01	8.150400e-01	4.985488e-02	6.231860e-02	3.264490e-01	3.184592e-01	7.645003e-01	9.049077e-01
14437	6.854236e-02	1.861325e-01	2.493818e-02	3.117272e-02	1.632948e-01	9.099278e-02	5.807993e-01	4.372781e-01
24546	4.678281e-01	7.580438e-01	3.447599e-02	4.309499e-02	2.257482e-01	1.398762e-01	7.190807e-01	1.260112e-02
10538	5.338494e-01	3.409302e-01	2.603223e-02	3.254028e-02	1.704586e-01	1.572967e-01	6.620773e-01	9.095323e-01
26680	2.599494e-01	6.336131e-02	3.933329e-02	4.916662e-02	2.575538e-01	8.713758e-02	3.178382e-01	7.664032e-01
32000	1.651171e-01	1.430086e-01	2.781177e-02	3.476471e-02	1.821110e-01	6.960682e-02	6.622573e-01	1.000942e-01
4505	8.994944e-01	8.245873e-01	2.627145e-02	3.283931e-02	1.720250e-01	8.192826e-02	1.877953e-01	4.014245e-01
14405	1.182698e-01	3.903414e-01	2.126345e-02	2.657931e-02	1.392327e-01	1.169787e-01	1.739850e-01	6.042647e-01
881	9.531461e-01	7.285021e-01	4.465284e-02	5.581604e-02	2.923861e-01	2.920983e-01	3.390652e-01	1.344251e-01
22116	4.184171e-01	6.979194e-01	3.285175e-02	4.106468e-02	2.151127e-01	1.742947e-01	1.052075e-01	8.601922e-01
16418	9.241174e-01	1.502674e-01	6.259877e-02	7.824846e-02	4.098958e-01	3.472562e-01	8.651389e-02	5.501157e-02
23716	5.071200e-01	8.866759e-01	2.148615e-02	2.685769e-02	1.406910e-01	8.711978e-02	7.149308e-01	8.760489e-01
32706	7.893976e-01	3.041136e-01	4.447107e-02	5.558884e-02	2.911959e-01	2.726152e-01	8.206193e-01	9.479363e-01
145	6.745909e-01	5.895083e-01	5.859784e-02	7.324730e-02	3.836977e-01	3.822458e-01	2.951026e-03	9.599303e-01
12730	7.346210e-01	6.336634e-01	3.375085e-02	4.218857e-02	2.210001e-01	2.197242e-01	5.623856e-01	6.586851e-01
29947	4.997792e-01	2.011645e-01	3.108659e-02	3.885823e-02	2.035545e-01	1.313586e-01	2.920885e-02	8.023634e-01
10009	8.470500e-02	1.288660e-01	3.121485e-02	3.901856e-02	2.043944e-01	8.797525e-02	1.861714e-01	5.969778e-01
