13943	8.470550e-01	7.731972e-01	5.984036e-02	7.480045e-02	3.918338e-01	3.303665e-01	1.961261e-01	1.216509e-01
21470	1.961704e-01	7.740975e-01	2.262916e-02	2.828645e-02	1.481754e-01	6.292936e-02	3.382844e-01	8.804314e-01
27332	7.741919e-01	1.817363e-01	3.815006e-02	4.768757e-02	2.498060e-01	1.759213e-01	5.975816e-01	6.241095e-01
17457	5.048454e-01	7.209328e-01	2.451735e-02	3.064668e-02	1.605392e-01	7.877884e-02	4.482394e-01	5.062433e-01
21004	2.249035e-01	9.033129e-01	3.462509e-02	4.328137e-02	2.267246e-01	1.148914e-01	9.161436e-01	6.979084e-02
20065	1.135966e-01	3.446645e-01	6.528501e-02	8.160626e-02	4.274852e-01	4.231639e-01	9.714453e-01	8.122045e-01
11210	5.478836e-02	8.417562e-01	4.021523e-02	5.026903e-02	2.633287e-01	2.090635e-01	3.569543e-01	8.807990e-01
2131	2.599510e-01	8.627476e-01	2.342360e-02	2.927950e-02	1.533773e-01	7.005190e-02	9.875132e-01	4.657985e-01
25513	4.427053e-01	8.161162e-01	7.789880e-02	9.737350e-02	5.100802e-01	4.529405e-01	8.913382e-01	3.496631e-01
12974	1.606051e-01	2.547811e-01	3.306197e-02	4.132746e-02	2.164892e-01	1.952356e-01	7.334176e-01	1.006577e-01
26261	3.989103e-01	1.812047e-01	7.475127e-02	9.343908e-02	4.894701e-01	1.886234e-01	9.591922e-01	8.746394e-01
9368	1.582110e-01	1.653258e-01	3.093579e-02	3.866973e-02	2.025670e-01	9.469246e-02	3.448637e-01	7.886607e-01
14367	6.677733e-01	2.609443e-01	2.264637e-02	2.830796e-02	1.482881e-01	6.244175e-02	1.209679e-01	9.219356e-01
25834	5.925834e-01	7.015315e-01	5.318786e-02	6.648482e-02	3.482733e-01	2.833897e-01	7.036750e-01	5.410147e-01
22243	6.382248e-02	6.641309e-01	3.465470e-02	4.331838e-02	2.269184e-01	1.470629e-01	6.421949e-01	1.356121e-01
16470	7.704582e-01	2.310927e-01	3.178709e-02	3.973386e-02	2.081413e-01	1.373379e-01	5.922652e-01	9.082495e-01
5002	3.805338e-01	4.030628e-01	2.074923e-02	2.593654e-02	1.358656e-01	1.333587e-01	9.836162e-01	6.874485e-01
24661	3.344036e-01	8.587001e-01	2.267718e-02	2.834647e-02	1.484898e-01	1.278065e-01	7.742015e-01	9.013937e-01
8870	8.316018e-01	3.624400e-01	2.413863e-02	3.017329e-02	1.580594e-01	7.581274e-02	2.788853e-01	2.829973e-01
1422	6.174793e-01	6.533594e-01	2.074439e-02	2.593049e-02	1.358339e-01	1.077808e-01	6.311477e-01	8.195673e-01
32543	6.805897e-02	9.418182e-01	4.107916e-02	5.134895e-02	2.689857e-01	2.614782e-01	8.255781e-01	5.491789e-02
5468	9.434616e-01	9.237525e-01	3.508612e-02	4.385766e-02	2.297434e-01	1.356885e-01	3.984758e-01	5.530653e-01
5947	8.047836e-01	7.965339e-01	2.595160e-02	3.243950e-02	1.699307e-01	8.317062e-02	3.925697e-01	3.783566e-01
20796	8.138183e-01	4.326706e-01	2.624009e-02	3.280012e-02	1.718197e-01	1.187688e-01	7.820066e-01	3.585189e-02
32189	3.132666e-02	5.546581e-02	3.160669e-02	3.950837e-02	2.069601e-01	1.969512e-01	9.636652e-01	4.723405e-02
31758	3.680511e-01	5.984308e-01	4.930901e-02	6.163627e-02	3.228747e-01	2.922560e-01	9.416928e-02	6.050745e-01
21278	7.076099e-01	6.008023e-01	2.566282e-02	3.207853e-02	1.680398e-01	1.678438e-01	7.123497e-01	3.807666e-01
30039	9.725803e-01	9.093114e-01	2.174868e-02	2.718585e-02	1.424100e-01	8.036753e-02	8.082110e-01	2.058788e-01
6204	9.029960e-01	2.440364e-01	2.694337e-02	3.367922e-02	1.764248e-01	5.297787e-02	2.880260e-01	9.587183e-01
12322	3.409749e-01	9.670235e-01	2.358998e-02	2.948747e-02	1.544668e-01	8.296846e-02	6.583584e-01	3.132496e-01
7897	6.195158e-01	1.081895e-01	7.621164e-02	9.526454e-02	4.990326e-01	3.755139e-01	4.579318e-01	7.472899e-01
18313	1.147121e-01	1.248328e-01	4.567865e-02	5.709831e-02	2.991031e-01	2.357461e-01	1.546428e-01	2.072360e-01
1773	9.468526e-01	4.977361e-01	5.229890e-02	6.537362e-02	3.424524e-01	3.405722e-01	1.085690e-01	5.182817e-01
26493	1.090910e-01	6.945832e-01	4.322667e-02	5.403334e-02	2.830476e-01	2.309517e-01	1.262266e-01	7.552887e-01
3650	6.113445e-01	7.446873e-01	2.814297e-02	3.517871e-02	1.842797e-01	9.713103e-02	5.603699e-01	4.483670e-01
12351	7.331870e-01	1.374254e-01	2.334928e-02	2.918659e-02	1.528907e-01	1.234381e-01	8.945594e-01	2.348859e-01
15101	2.780294e-01	5.884940e-01	2.631230e-02	3.289038e-02	1.722925e-01	9.401264e-02	6.087824e-01	4.043329e-02
5449	2.594016e-01	1.727082e-01	7.447224e-02	9.309029e-02	4.876430e-01	4.231345e-01	1.662062e-01	5.666895e-01
16166	5.200917e-01	6.326977e-01	3.284440e-02	4.105550e-02	2.150646e-01	1.157170e-01	3.690798e-01	4.635365e-01
24520	5.658767e-01	7.754665e-01	3.133466e-02	3.916833e-02	2.051789e-01	7.511714e-02	2.045831e-01	7.760050e-01
21065	9.056156e-01	3.027401e-01	2.732600e-02	3.415750e-02	1.789302e-01	1.601614e-01	7.447804e-01	6.948114e-01
31646	2.541846e-01	6.283854e-01	2.991881e-02	3.739851e-02	1.959079e-01	1.722016e-01	4.496415e-02	9.819162e-01
30404	1.860512e-01	8.950930e-02	2.578871e-02	3.223589e-02	1.688641e-01	1.684861e-01	1.000408e-01	4.650081e-01
31501	8.582165e-01	3.224431e-02	2.285609e-02	2.857011e-02	1.496613e-01	1.467476e-01	4.899042e-01	5.771700e-01
5294	7.251035e-01	8.112778e-02	3.347912e-02	4.184890e-02	2.192207e-01	5.681535e-02	8.258217e-01	4.644116e-01
23977	8.263690e-01	8.707319e-01	6.794821e-02	8.493527e-02	4.449239e-01	3.100267e-01	4.404672e-01	1.789447e-01
9866	2.933268e-01	4.923494e-01	2.251927e-02	2.814908e-02	1.474558e-01	1.474438e-01	8.647676e-01	5.717745e-01
2338	3.076215e-01	5.636715e-01	2.750429e-02	3.438036e-02	1.800977e-01	1.739634e-01	8.034283e-01	6.778830e-01
18931	6.353612e-01	8.116331e-01	6.798780e-02	8.498475e-02	4.451831e-01	3.968728e-01	8.252734e-01	9.976848e-01
3224	4.441076e-01	5.344650e-01	2.685824e-02	3.357279e-02	1.758673e-01	8.964776e-02	4.256447e-01	4.084725e-01
15630	1.176993e-01	9.564302e-01	2.320395e-02	2.900494e-02	1.519391e-01	1.065384e-01	5.365482e-01	8.876856e-01
12169	4.373661e-01	3.906960e-01	5.140281e-02	6.425351e-02	3.365848e-01	2.472355e-01	6.777346e-01	1.217431e-01
13229	3.639758e-01	6.653297e-01	3.563271e-02	4.454089e-02	2.333224e-01	2.261811e-01	4.771745e-01	1.020966e-01
5316	4.791996e-01	6.376219e-02	2.076788e-02	2.595985e-02	1.359878e-01	8.987199e-02	6.736432e-01	8.975179e-01
28533	2.685820e-01	3.701795e-01	2.651598e-02	3.314498e-02	1.736262e-01	1.534324e-01	8.976314e-01	9.943239e-01
11662	6.207409e-01	5.988946e-01	2.382725e-02	2.978406e-02	1.560204e-01	9.602533e-02	2.277114e-01	6.858785e-01
3488	2.891150e-01	3.049192e-01	2.073079e-02	2.591349e-02	1.357449e-01	1.228470e-01	1.277766e-01	7.920774e-01
24866	5.026410e-02	6.039215e-01	2.443540e-02	3.054425e-02	1.600026e-01	9.674232e-02	1.981763e-02	7.119017e-01
932	1.895723e-01	3.464525e-01	2.303572e-02	2.879465e-02	1.508375e-01	1.488532e-01	9.817189e-01	8.816933e-01
29465	9.096094e-01	8.702734e-01	4.773935e-02	5.967418e-02	3.125965e-01	2.253590e-01	2.650292e-01	4.977530e-01
2928	6.141057e-01	5.001748e-01	3.346719e-02	4.183399e-02	2.191427e-01	1.815535e-01	5.256367e-01	6.136544e-01
15124	1.628708e-01	8.897733e-01	2.755344e-02	3.444181e-02	1.804195e-01	5.745695e-02	3.784123e-01	2.727908e-01
24084	2.373438e-01	7.410760e-01	7.140287e-02	8.925358e-02	4.675449e-01	4.069748e-01	4.116915e-01	9.483717e-01
23839	7.574987e-01	5.987689e-02	2.676193e-02	3.345241e-02	1.752367e-01	1.550292e-01	3.210991e-01	3.246611e-01
1356	6.383665e-01	4.425486e-01	4.649281e-02	5.811601e-02	3.044342e-01	2.440946e-01	9.498016e-01	9.864608e-01
25654	2.311006e-01	8.877512e-02	3.251331e-02	4.064164e-02	2.128967e-01	2.015094e-01	6.832510e-01	6.658258e-01
24729	7.549419e-01	9.129925e-01	2.258332e-02	2.822915e-02	1.478752e-01	9.806424e-02	4.472827e-01	7.492882e-01
9530	5.491464e-01	6.080206e-01	4.316170e-02	5.395213e-02	2.826222e-01	1.596142e-01	6.315373e-01	9.975443e-01
6871	6.337345e-02	1.354495e-01	4.798743e-02	5.998429e-02	3.142210e-01	2.024186e-01	3.319179e-01	3.984008e-01
7334	8.292047e-02	4.916705e-01	3.825413e-02	4.781766e-02	2.504874e-01	2.258472e-01	1.373887e-01	1.456919e-01
3341	5.662414e-01	3.748979e-01	5.574809e-02	6.968512e-02	3.650377e-01	1.939817e-01	8.944668e-01	9.206757e-01
10549	8.059343e-01	6.970248e-01	3.325012e-02	4.156265e-02	2.177213e-01	2.167587e-01	6.273208e-01	1.150340e-01
15344	3.926599e-01	5.629374e-01	2.064370e-02	2.580463e-02	1.351746e-01	1.197000e-01	6.066130e-01	6.299575e-01
16806	3.265465e-01	1.781065e-01	2.331594e-02	2.914493e-02	1.526724e-01	1.481392e-01	5.038265e-01	4.577795e-02
3451	9.474814e-01	3.574330e-01	2.361041e-02	2.951302e-02	1.546006e-01	7.393845e-02	2.498075e-01	7.791965e-01
22250	6.259418e-01	9.307878e-01	2.583207e-02	3.229009e-02	1.691480e-01	1.687933e-01	7.347978e-01	3.337076e-01
