30299	9.454296e-01	5.081231e-01	2.663620e-02	3.329525e-02	1.744134e-01	1.262717e-01	3.636811e-01	9.575919e-02
25265	3.447404e-01	3.977883e-01	2.606159e-02	3.257699e-02	1.706509e-01	1.149710e-01	5.268202e-01	4.820952e-01
19944	8.040608e-01	7.117427e-01	2.934062e-02	3.667578e-02	1.921219e-01	1.689532e-01	7.784874e-01	1.436182e-01
24611	2.047908e-01	3.645373e-01	6.226354e-02	7.782942e-02	4.077007e-01	3.651498e-01	3.502454e-02	1.954836e-01
5988	6.977054e-01	1.502395e-01	4.778807e-02	5.973509e-02	3.129156e-01	2.931645e-01	9.684483e-01	8.238019e-01
9663	9.429114e-01	9.053292e-01	4.749754e-02	5.937192e-02	3.110131e-01	2.782705e-01	4.823869e-01	7.787119e-01
12304	5.663428e-01	8.221148e-01	6.459307e-02	8.074134e-02	4.229544e-01	2.976631e-01	2.232998e-01	8.785144e-01
1212	8.606811e-01	8.869215e-01	2.624624e-02	3.280780e-02	1.718600e-01	7.068817e-02	9.296178e-01	3.757663e-01
28719	4.073651e-01	7.762842e-01	4.095771e-02	5.119714e-02	2.681905e-01	2.627468e-01	1.632684e-01	3.091858e-01
16471	4.784529e-01	3.180636e-01	2.077891e-02	2.597364e-02	1.360600e-01	1.321647e-01	1.382220e-01	1.427723e-01
21814	8.379601e-01	1.237334e-01	2.229753e-02	2.787191e-02	1.460039e-01	1.176888e-01	3.870782e-01	4.667183e-01
23649	5.130254e-01	4.894996e-01	2.074395e-02	2.592994e-02	1.358311e-01	1.354987e-01	5.798604e-01	7.819156e-01
12128	2.343554e-01	2.891248e-01	4.576325e-02	5.720407e-02	2.996571e-01	1.782857e-01	2.903273e-01	3.288541e-01
10017	7.190762e-01	2.801794e-01	2.538400e-02	3.173000e-02	1.662140e-01	1.643616e-01	8.199130e-01	2.728129e-01
9834	9.202022e-01	8.476155e-01	2.135038e-02	2.668797e-02	1.398019e-01	1.343441e-01	6.948611e-01	2.808243e-01
29477	2.071492e-01	7.819195e-01	3.728223e-02	4.660279e-02	2.441235e-01	2.272579e-01	8.580530e-01	5.915260e-01
30764	8.213981e-01	6.053892e-01	3.193762e-02	3.992202e-02	2.091270e-01	1.488309e-01	2.190160e-01	7.835297e-01
26688	3.463953e-01	5.731847e-01	4.643485e-02	5.804356e-02	3.040547e-01	2.603005e-01	7.884751e-01	9.951025e-01
745	6.009050e-01	9.044208e-01	2.508199e-02	3.135248e-02	1.642365e-01	1.640314e-01	2.815331e-01	3.211081e-01
29942	9.783432e-02	4.039459e-01	5.007545e-02	6.259432e-02	3.278933e-01	1.560149e-01	3.151686e-01	9.027429e-01
4035	7.269167e-01	6.039537e-01	3.559977e-02	4.449971e-02	2.331067e-01	2.081248e-01	7.365310e-01	7.929993e-01
5133	1.174185e-01	2.933187e-01	3.535038e-02	4.418797e-02	2.314737e-01	1.627241e-01	9.178403e-01	8.735368e-01
21248	5.344071e-01	5.974057e-01	4.956023e-02	6.195029e-02	3.245196e-01	2.630405e-01	8.794508e-01	2.976336e-02
13394	4.377898e-01	1.454408e-01	2.895844e-02	3.619805e-02	1.896194e-01	8.544951e-02	9.813968e-01	7.156405e-01
18436	9.504241e-01	3.071398e-01	2.355261e-02	2.944076e-02	1.542221e-01	1.146406e-01	8.686490e-01	8.989287e-01
24781	9.150671e-01	4.574047e-01	2.613396e-02	3.266744e-02	1.711247e-01	1.702955e-01	5.389475e-01	8.067645e-01
20841	5.067198e-01	1.754281e-01	3.747924e-02	4.684905e-02	2.454135e-01	2.391903e-01	8.658135e-01	1.293838e-01
25452	4.546675e-01	9.657618e-01	3.281022e-02	4.101278e-02	2.148408e-01	2.137739e-01	9.034499e-01	9.520674e-01
19150	6.970277e-01	8.290915e-01	4.327926e-02	5.409908e-02	2.833919e-01	2.571594e-01	3.367319e-01	9.861710e-01
19738	4.552119e-01	5.683891e-01	2.491809e-02	3.114761e-02	1.631633e-01	1.209688e-01	3.641335e-01	9.309150e-01
26826	7.546437e-01	2.756841e-01	2.154913e-02	2.693641e-02	1.411034e-01	1.376449e-01	6.617140e-02	4.254301e-01
16886	2.650933e-01	2.405362e-01	2.340497e-02	2.925621e-02	1.532554e-01	7.888260e-02	1.351148e-01	6.142628e-01
12338	1.510770e-01	2.013246e-01	7.507077e-02	9.383846e-02	4.915622e-01	4.079282e-01	1.353285e-02	1.976992e-02
28331	2.443349e-01	6.064515e-01	7.826428e-02	9.783035e-02	5.124733e-01	4.112969e-01	3.738506e-01	8.541885e-01
2778	1.178981e-01	7.914229e-01	4.050780e-02	5.063475e-02	2.652444e-01	2.083871e-01	8.435072e-01	2.223433e-01
15494	8.917083e-01	1.155208e-01	2.466951e-02	3.083688e-02	1.615355e-01	1.135095e-01	7.577694e-01	9.223192e-01
8847	3.748395e-01	2.595814e-01	2.217850e-02	2.772312e-02	1.452245e-01	6.322097e-02	9.798169e-01	2.924899e-01
13265	8.977817e-01	7.034498e-01	5.299913e-02	6.624892e-02	3.470375e-01	3.207530e-01	3.704732e-01	7.162327e-01
3955	7.944345e-01	4.455518e-01	7.210229e-02	9.012786e-02	4.721247e-01	4.721246e-01	9.669568e-01	2.282582e-01
24768	9.388548e-01	6.615270e-01	4.965597e-02	6.206996e-02	3.251465e-01	2.551981e-01	3.020004e-01	5.149030e-03
7723	7.404388e-01	8.925656e-01	2.681458e-02	3.351822e-02	1.755815e-01	1.526039e-01	5.900567e-01	7.181770e-01
11548	2.742584e-01	4.159266e-02	2.874160e-02	3.592700e-02	1.881996e-01	1.369600e-01	6.701057e-03	6.890644e-01
8049	5.141719e-01	7.769468e-02	2.830531e-02	3.538163e-02	1.853427e-01	1.546660e-01	3.772253e-01	2.168257e-01
7128	7.994408e-01	2.660172e-01	4.521269e-02	5.651587e-02	2.960520e-01	1.672807e-01	9.597575e-01	3.628785e-01
8717	4.009231e-01	6.296418e-01	3.301455e-02	4.126819e-02	2.161788e-01	1.413433e-01	1.316901e-01	3.286163e-01
1772	7.279586e-01	7.685829e-01	2.731271e-02	3.414089e-02	1.788432e-01	1.359154e-01	9.037852e-01	5.026671e-01
28787	2.814516e-01	7.743262e-01	3.133144e-02	3.916430e-02	2.051578e-01	1.857836e-01	7.769751e-01	9.121334e-01
21198	4.565462e-02	1.705963e-01	3.417245e-02	4.271556e-02	2.237607e-01	2.237361e-01	8.858110e-01	8.306147e-01
21883	5.855903e-01	6.566300e-01	3.236861e-02	4.046077e-02	2.119492e-01	1.134562e-01	5.549621e-01	3.269700e-01
8100	4.448647e-01	4.404733e-01	5.288819e-02	6.611023e-02	3.463110e-01	2.730073e-01	3.998218e-01	9.035756e-01
27993	4.396604e-01	8.914679e-01	3.031312e-02	3.789140e-02	1.984898e-01	1.318838e-01	3.689109e-01	3.765671e-01
18745	8.084295e-01	7.740456e-02	3.218384e-02	4.022980e-02	2.107393e-01	1.050647e-01	4.750700e-01	7.826851e-01
21048	3.577440e-01	1.837105e-01	7.344920e-02	9.181150e-02	4.809442e-01	4.610270e-01	9.744980e-01	3.124367e-01
26929	9.058099e-01	3.853240e-01	2.869649e-02	3.587061e-02	1.879042e-01	1.782721e-01	6.161589e-01	4.914812e-01
30189	8.286048e-01	9.616309e-01	2.061656e-02	2.577071e-02	1.349969e-01	8.525843e-02	8.371962e-01	6.117833e-01
23353	6.586237e-01	1.863755e-01	2.474492e-02	3.093115e-02	1.620293e-01	1.546903e-01	3.848626e-01	6.403437e-02
9275	2.691093e-01	7.356983e-01	3.255489e-02	4.069361e-02	2.131689e-01	8.548832e-02	7.723824e-01	8.784064e-02
25111	6.274448e-01	8.368235e-01	7.753976e-02	9.692469e-02	5.077291e-01	1.404903e-01	5.720591e-01	3.671284e-01
19257	5.129389e-01	8.394545e-01	3.092690e-02	3.865863e-02	2.025089e-01	1.547230e-01	2.156039e-01	2.434285e-01
24521	3.979718e-01	8.606779e-01	4.365001e-02	5.456251e-02	2.858196e-01	2.677897e-01	3.512583e-01	2.912286e-02
18526	3.845258e-01	6.591729e-01	2.243303e-02	2.804129e-02	1.468912e-01	1.004978e-01	7.820205e-01	3.069995e-01
17238	4.650719e-01	9.990570e-02	4.584346e-02	5.730433e-02	3.001823e-01	2.216648e-01	8.856985e-01	5.364624e-01
2782	6.519966e-01	1.358873e-01	2.075923e-02	2.594904e-02	1.359311e-01	6.863867e-02	8.710445e-01	6.105015e-01
18089	2.689665e-01	6.605831e-01	2.188451e-02	2.735564e-02	1.432995e-01	3.843950e-02	2.813296e-01	7.880704e-01
16000	5.032853e-01	7.925604e-01	2.187541e-02	2.734426e-02	1.432398e-01	1.126299e-01	7.917958e-01	4.915795e-02
15817	8.956484e-01	6.232103e-01	2.919055e-02	3.648819e-02	1.911393e-01	1.423912e-01	6.642081e-01	4.728248e-01
32378	4.056878e-01	9.711801e-01	2.275941e-02	2.844926e-02	1.490282e-01	4.604462e-02	2.149745e-01	7.205879e-01
9653	2.828614e-01	5.807195e-01	2.953067e-02	3.691334e-02	1.933664e-01	5.784315e-02	1.907881e-01	9.676534e-01
13818	1.980524e-01	5.453182e-01	3.349247e-02	4.186559e-02	2.193082e-01	2.016621e-01	8.531928e-01	3.787060e-01
7319	3.270882e-01	6.462081e-01	2.516909e-02	3.146137e-02	1.648068e-01	1.386010e-01	3.718988e-01	9.342973e-01
14728	7.024723e-01	3.516774e-01	4.018919e-02	5.023648e-02	2.631582e-01	8.907652e-02	4.773306e-01	2.550684e-01
1960	9.098292e-01	2.015995e-01	2.317945e-02	2.897431e-02	1.517787e-01	7.082732e-02	8.565307e-01	6.766113e-01
