28093	3.084953e-01	9.457552e-01	2.633587e-02	3.291984e-02	1.724469e-01	1.231347e-01	9.021547e-01	4.249782e-01
16269	2.629767e-01	6.083972e-01	2.058754e-02	2.573443e-02	1.348069e-01	4.834867e-02	1.421752e-01	2.884397e-01
28349	9.565593e-01	7.316652e-01	2.329278e-02	2.911597e-02	1.525207e-01	4.137198e-02	6.238100e-01	9.827679e-01
14736	1.392363e-01	4.552217e-01	6.304280e-02	7.880350e-02	4.128033e-01	2.274825e-01	6.446639e-02	4.373965e-01
1707	9.050722e-01	7.920034e-01	2.495483e-02	3.119354e-02	1.634038e-01	1.629049e-01	3.730518e-02	4.292257e-01
6501	4.980248e-01	5.633668e-01	6.473365e-02	8.091706e-02	4.238749e-01	2.641263e-01	5.936505e-01	3.034702e-01
716	1.235362e-01	8.643621e-02	6.535613e-02	8.169516e-02	4.279509e-01	3.447141e-01	2.929200e-01	7.228597e-01
21899	8.415352e-01	3.250520e-01	2.107681e-02	2.634602e-02	1.380106e-01	9.247662e-02	4.259674e-01	3.016589e-01
912	6.332159e-02	3.054529e-01	2.723746e-02	3.404683e-02	1.783505e-01	1.397577e-01	4.701550e-01	7.870925e-01
9537	8.620993e-01	7.435432e-01	2.775103e-02	3.468878e-02	1.817133e-01	1.032375e-01	8.948076e-01	3.363747e-01
6696	2.006474e-01	3.621968e-01	6.884904e-02	8.606130e-02	4.508224e-01	4.157754e-01	3.924515e-01	4.101670e-01
9190	4.120239e-01	4.879691e-01	3.880917e-02	4.851147e-02	2.541219e-01	1.670352e-01	1.720886e-01	3.382560e-01
30700	3.832677e-01	7.136892e-01	4.237674e-02	5.297093e-02	2.774822e-01	1.127683e-01	5.216247e-01	5.879958e-01
16492	8.687798e-01	8.873418e-01	5.483059e-02	6.853824e-02	3.590299e-01	2.147268e-01	4.882995e-01	5.848818e-01
19011	9.529896e-01	9.201463e-01	4.142424e-02	5.178030e-02	2.712453e-01	1.199889e-01	2.768028e-01	2.520956e-01
17311	2.232603e-01	8.857796e-01	5.088571e-02	6.360714e-02	3.331989e-01	2.428155e-01	2.636540e-01	4.321777e-01
20318	9.034040e-01	4.891512e-01	4.636466e-02	5.795583e-02	3.035951e-01	1.100299e-01	6.505117e-01	3.365448e-02
23922	3.442371e-01	8.424715e-01	4.310475e-02	5.388093e-02	2.822492e-01	8.167910e-02	6.253385e-01	7.355895e-01
4223	1.179098e-01	8.578085e-01	2.788668e-02	3.485835e-02	1.826015e-01	1.748029e-01	7.438577e-01	5.863140e-01
23621	6.453188e-01	3.721530e-01	3.485650e-02	4.357062e-02	2.282398e-01	2.274891e-01	4.827356e-01	3.453702e-01
23215	4.682408e-01	4.935526e-02	2.398342e-02	2.997928e-02	1.570431e-01	1.395101e-01	9.003464e-01	5.330059e-01
9769	5.169058e-01	4.258191e-01	2.753749e-02	3.442186e-02	1.803151e-01	1.555084e-01	2.855410e-01	9.594225e-01
516	8.222199e-02	9.135998e-01	2.583863e-02	3.229829e-02	1.691910e-01	1.640970e-01	4.382822e-01	3.452646e-01
19763	6.846342e-01	4.237135e-01	3.574030e-02	4.467538e-02	2.340269e-01	1.949215e-01	3.395886e-01	6.199541e-01
4974	8.457069e-01	1.914060e-01	2.290406e-02	2.863008e-02	1.499754e-01	1.481236e-01	9.698766e-01	6.911935e-01
6682	2.850889e-01	8.442382e-01	5.944715e-02	7.430894e-02	3.892590e-01	1.354666e-01	4.062234e-01	2.131880e-01
28916	7.321566e-01	4.918359e-01	2.097856e-02	2.622319e-02	1.373673e-01	4.756322e-02	7.189002e-01	5.637315e-01
11487	3.613850e-01	1.907288e-01	2.067304e-02	2.584130e-02	1.353667e-01	5.231912e-02	3.575503e-01	9.473887e-01
11520	6.383475e-01	1.711245e-01	3.712015e-02	4.640018e-02	2.430621e-01	2.337177e-01	8.978531e-01	8.968354e-01
30311	6.323635e-01	6.508521e-01	5.208331e-02	6.510413e-02	3.410407e-01	2.916683e-01	2.786325e-01	4.282876e-01
6278	2.963621e-01	4.369078e-01	4.388750e-02	5.485938e-02	2.873747e-01	2.850133e-01	9.203219e-01	5.988536e-01
17963	4.872911e-01	9.090983e-01	5.860099e-02	7.325124e-02	3.837184e-01	3.248344e-01	7.334635e-01	6.619193e-01
1735	2.470901e-01	1.596537e-01	3.365457e-02	4.206821e-02	2.203696e-01	1.931219e-01	6.336146e-01	4.742597e-01
12613	5.466609e-01	2.713356e-01	3.017422e-02	3.771778e-02	1.975803e-01	1.862146e-01	9.066389e-01	4.295641e-01
4153	3.293006e-01	5.470502e-01	5.260228e-02	6.575285e-02	3.444389e-01	2.359010e-01	9.257647e-01	8.810474e-01
13862	3.981601e-01	7.141698e-02	5.293013e-02	6.616267e-02	3.465857e-01	3.118623e-01	5.637053e-01	3.206732e-01
20410	5.241243e-01	4.731631e-01	2.271593e-02	2.839491e-02	1.487435e-01	1.383669e-01	3.753781e-01	9.861123e-01
9389	2.766412e-01	3.749157e-01	4.196326e-02	5.245408e-02	2.747748e-01	8.510006e-02	6.239774e-01	9.399403e-01
11127	8.252418e-01	5.520709e-01	5.140897e-02	6.426121e-02	3.366251e-01	1.232067e-01	5.660077e-01	6.616209e-01
8782	6.273034e-01	3.242075e-01	4.085044e-02	5.106305e-02	2.674880e-01	9.120480e-02	8.751562e-01	4.976982e-01
1335	4.537818e-01	5.053781e-01	2.283741e-02	2.854676e-02	1.495390e-01	6.711059e-02	5.775470e-01	5.384823e-01
25828	3.892001e-01	8.581362e-01	2.109429e-02	2.636786e-02	1.381251e-01	6.705608e-02	3.407021e-01	5.155779e-01
20740	7.572109e-01	5.839940e-01	2.507737e-02	3.134671e-02	1.642062e-01	1.639179e-01	7.744403e-01	4.091023e-02
26298	1.754096e-01	2.071346e-01	3.254399e-02	4.067998e-02	2.130975e-01	1.325572e-01	9.665552e-01	8.784435e-01
12181	2.295270e-01	2.777872e-01	3.163157e-02	3.953946e-02	2.071230e-01	6.051182e-02	8.892092e-01	4.311707e-01
17965	5.549222e-01	8.039175e-01	6.815383e-02	8.519229e-02	4.462702e-01	1.231426e-01	2.706783e-01	3.156521e-01
15887	4.765062e-01	7.285487e-01	4.963935e-02	6.204918e-02	3.250377e-01	3.228450e-01	8.210924e-01	9.712676e-01
24361	8.948078e-01	7.480498e-01	3.948302e-02	4.935378e-02	2.585342e-01	9.094257e-02	8.367022e-01	2.795432e-01
21689	1.036844e-01	2.935764e-02	2.446116e-02	3.057646e-02	1.601713e-01	1.345654e-01	5.879954e-01	2.246011e-01
29243	4.265189e-01	5.434281e-01	2.566992e-02	3.208740e-02	1.680862e-01	1.218348e-01	3.200095e-01	3.686103e-03
11705	6.955765e-02	7.198465e-01	3.982788e-02	4.978485e-02	2.607923e-01	1.190663e-01	3.399554e-01	7.665356e-01
3055	5.658525e-01	1.302454e-01	2.534462e-02	3.168077e-02	1.659562e-01	1.652212e-01	1.603025e-01	4.447115e-01
32008	3.958792e-01	5.893376e-01	3.512995e-02	4.391244e-02	2.300304e-01	9.292071e-02	6.690116e-01	6.624839e-01
19514	5.135868e-01	3.701157e-01	3.404366e-02	4.255457e-02	2.229173e-01	1.014274e-01	6.337959e-01	3.150679e-01
31325	5.185092e-01	2.027988e-01	2.799277e-02	3.499096e-02	1.832962e-01	1.808836e-01	5.711911e-01	5.477490e-01
28321	6.237075e-02	2.385512e-01	3.911155e-02	4.888944e-02	2.561018e-01	2.541168e-01	8.091550e-02	5.416678e-01
10611	2.107812e-01	1.880494e-01	2.059362e-02	2.574202e-02	1.348467e-01	1.284132e-01	9.175814e-01	6.880757e-01
29246	8.141597e-02	8.105808e-01	2.207403e-02	2.759254e-02	1.445404e-01	1.049563e-01	1.530356e-01	6.570274e-01
15075	7.454588e-01	6.470228e-01	6.381053e-02	7.976317e-02	4.178304e-01	3.491020e-01	6.118977e-01	3.051720e-01
4241	8.920371e-01	9.626112e-01	2.365925e-02	2.957406e-02	1.549204e-01	9.393826e-02	8.015289e-01	2.724583e-01
16901	2.188301e-01	6.340542e-01	7.165988e-02	8.957485e-02	4.692278e-01	3.918146e-01	3.523260e-01	6.220850e-02
2770	4.219320e-01	1.671174e-01	6.632745e-02	8.290931e-02	4.343111e-01	3.590680e-01	1.874248e-01	9.748574e-01
124	5.919811e-01	4.199559e-01	2.781597e-02	3.476997e-02	1.821386e-01	1.821322e-01	9.409978e-01	2.223159e-01
25145	6.122645e-01	8.107849e-01	2.474085e-02	3.092607e-02	1.620027e-01	8.870492e-02	5.723567e-01	8.065353e-02
1703	1.014525e-01	6.466603e-01	3.455564e-02	4.319455e-02	2.262698e-01	2.169743e-01	3.097540e-01	1.097010e-01
20982	6.359833e-01	4.558419e-01	3.683516e-02	4.604395e-02	2.411961e-01	1.975985e-01	5.055119e-01	9.450475e-01
9894	3.033969e-01	6.204849e-01	4.229654e-02	5.287067e-02	2.769571e-01	7.436131e-02	1.324487e-02	1.676947e-01
5639	4.763152e-01	7.987423e-02	3.375276e-02	4.219095e-02	2.210126e-01	1.356033e-01	9.765683e-01	1.732280e-01
3651	4.724515e-01	8.242770e-01	2.529099e-02	3.161374e-02	1.656050e-01	1.655933e-01	3.407519e-01	8.526655e-02
11352	2.238814e-01	4.471550e-01	5.319872e-02	6.649840e-02	3.483444e-01	3.241615e-01	1.167322e-01	6.309218e-01
22258	1.216431e-01	3.379912e-01	3.876274e-02	4.845342e-02	2.538178e-01	1.333377e-01	7.141185e-01	3.742091e-01
19628	9.025104e-01	2.947129e-01	2.907927e-02	3.634909e-02	1.904106e-01	1.158605e-01	8.604832e-01	7.073865e-01
