25361	6.287009e-01	7.204768e-01	3.330270e-02	4.162837e-02	2.180655e-01	1.463714e-01	2.083160e-02	4.082112e-01
26811	1.089853e-01	4.158765e-01	4.718074e-02	5.897593e-02	3.089388e-01	3.045135e-01	6.535549e-01	6.374338e-01
23662	6.669932e-01	1.498980e-01	3.362187e-02	4.202734e-02	2.201555e-01	6.644266e-02	8.314525e-01	4.472125e-01
18051	1.306752e-01	9.897590e-02	2.981400e-02	3.726750e-02	1.952216e-01	1.946559e-01	6.801877e-01	6.697637e-01
32566	7.882319e-01	6.258481e-01	3.102122e-02	3.877653e-02	2.031265e-01	7.959226e-02	8.897501e-01	3.591106e-02
26575	5.108083e-01	8.046648e-02	2.805587e-02	3.506984e-02	1.837094e-01	1.201071e-01	3.219168e-01	3.536700e-01
21671	9.982215e-02	3.160554e-01	5.141276e-02	6.426595e-02	3.366500e-01	1.802540e-01	4.813624e-01	8.695382e-01
31266	5.383928e-01	4.899185e-01	4.849607e-02	6.062009e-02	3.175515e-01	3.059863e-01	2.942633e-01	6.461508e-01
827	7.048415e-01	5.764824e-01	5.782436e-02	7.228046e-02	3.786330e-01	2.376386e-01	7.508431e-01	8.422085e-01
7824	4.212751e-01	2.152135e-01	5.570957e-02	6.963696e-02	3.647854e-01	2.429952e-01	6.733166e-02	1.108789e-01
5231	6.691591e-01	2.424837e-01	2.388321e-02	2.985401e-02	1.563869e-01	1.222657e-01	2.912777e-01	9.917057e-02
17465	8.022656e-01	2.488509e-01	6.221745e-02	7.777181e-02	4.073989e-01	2.127783e-01	3.093401e-01	6.552660e-01
10645	2.559792e-01	6.534301e-01	3.147727e-02	3.934658e-02	2.061127e-01	2.057838e-01	5.897358e-01	8.993421e-01
22450	2.238683e-01	3.219067e-01	3.082757e-02	3.853446e-02	2.018585e-01	1.269301e-01	4.400073e-01	5.173876e-01
10834	2.462197e-01	8.083732e-01	6.081622e-02	7.602028e-02	3.982237e-01	3.913500e-01	2.656086e-01	2.356640e-01
31279	1.654498e-01	8.732638e-01	4.011148e-02	5.013934e-02	2.626493e-01	2.606337e-01	1.006775e-01	1.826705e-02
5367	6.074435e-01	2.619553e-01	2.249649e-02	2.812061e-02	1.473067e-01	1.472148e-01	3.530547e-01	3.454123e-01
10788	7.522882e-01	7.331885e-02	2.118018e-02	2.647523e-02	1.386875e-01	8.039793e-02	8.296433e-01	6.270380e-01
6298	8.712321e-01	7.396912e-01	7.421057e-02	9.276322e-02	4.859297e-01	4.670548e-01	3.144027e-01	4.403847e-01
484	1.025648e-01	7.988039e-01	2.347013e-02	2.933766e-02	1.536820e-01	1.316636e-01	2.238561e-01	7.224053e-02
15026	5.962954e-01	3.800157e-01	2.850771e-02	3.563464e-02	1.866681e-01	1.341700e-01	5.277186e-01	6.431334e-02
29255	7.112877e-01	2.986599e-01	3.141414e-02	3.926767e-02	2.056993e-01	2.006393e-01	1.882556e-01	6.110542e-01
5957	9.063695e-01	1.005111e-01	2.425296e-02	3.031620e-02	1.588080e-01	7.436525e-02	9.125355e-01	8.546013e-01
8745	9.509651e-01	3.120891e-01	2.106251e-02	2.632814e-02	1.379170e-01	9.841467e-02	3.617543e-01	1.883036e-01
20280	8.891505e-01	9.118363e-01	3.884770e-02	4.855963e-02	2.543742e-01	1.977321e-01	9.790665e-01	6.132435e-01
9001	9.081628e-01	8.253868e-01	2.629587e-02	3.286984e-02	1.721850e-01	1.590542e-01	8.645258e-01	8.737148e-01
16504	4.838600e-02	1.676995e-01	2.278702e-02	2.848377e-02	1.492090e-01	1.315123e-01	7.166627e-01	7.275215e-01
21956	3.801546e-02	4.902481e-01	3.335970e-02	4.169962e-02	2.184388e-01	2.013091e-01	8.282526e-01	9.492577e-02
5142	4.963771e-01	4.415541e-01	3.470490e-02	4.338112e-02	2.272471e-01	1.723392e-01	5.497675e-02	7.190604e-01
18601	3.493529e-01	6.393064e-01	3.334794e-02	4.168493e-02	2.183618e-01	1.716586e-01	7.722879e-01	5.952248e-01
3444	8.659636e-01	5.782719e-01	2.078500e-02	2.598125e-02	1.360999e-01	1.347152e-01	2.555338e-01	1.864932e-01
22421	9.434111e-01	8.555512e-01	3.651805e-02	4.564756e-02	2.391196e-01	2.384793e-01	7.505744e-01	2.730657e-01
25470	7.629383e-01	5.166626e-01	2.556529e-02	3.195662e-02	1.674011e-01	1.541287e-01	1.381468e-01	6.426620e-01
6221	5.850834e-01	1.621175e-01	4.006323e-02	5.007904e-02	2.623334e-01	1.017257e-01	9.501776e-01	8.647487e-01
14574	1.772655e-01	2.744615e-01	7.665875e-02	9.582344e-02	5.019603e-01	3.656916e-01	7.986997e-01	2.512779e-01
9600	5.452096e-01	3.392174e-01	2.090662e-02	2.613328e-02	1.368962e-01	1.028300e-01	5.854015e-01	3.532138e-01
3121	7.760415e-01	2.762296e-01	6.590738e-02	8.238422e-02	4.315605e-01	1.523515e-01	2.333542e-01	2.212775e-01
18804	6.857244e-01	4.544791e-01	2.540436e-02	3.175545e-02	1.663473e-01	7.914838e-02	6.090668e-01	9.026077e-02
15738	4.616832e-01	3.210764e-01	2.262738e-02	2.828423e-02	1.481637e-01	7.583994e-02	1.486276e-01	7.845462e-01
16026	2.251631e-01	9.053951e-01	5.356450e-02	6.695563e-02	3.507395e-01	3.500169e-01	1.897674e-01	6.566624e-01
11314	3.224479e-01	4.463087e-01	2.481881e-02	3.102351e-02	1.625132e-01	1.584621e-01	7.670840e-01	5.478139e-01
7474	8.349922e-01	8.751560e-02	4.877962e-02	6.097452e-02	3.194082e-01	3.111710e-01	1.958075e-01	7.235002e-01
22373	9.500596e-01	8.048650e-01	2.679914e-02	3.349893e-02	1.754804e-01	6.463188e-02	5.927406e-01	2.820620e-01
19547	6.805419e-01	7.567237e-02	2.066352e-02	2.582940e-02	1.353044e-01	1.015756e-01	1.038702e-01	2.775883e-01
5478	6.394375e-01	5.901952e-02	2.840179e-02	3.550224e-02	1.859745e-01	9.087516e-02	3.056145e-01	4.805305e-01
2320	9.699806e-02	9.370286e-01	2.343379e-02	2.929224e-02	1.534441e-01	1.281232e-01	8.747076e-01	2.052234e-01
9242	1.345143e-01	8.180867e-01	4.048745e-02	5.060931e-02	2.651112e-01	1.401665e-01	2.073074e-01	4.520558e-01
23614	7.245548e-01	9.537115e-01	2.268860e-02	2.836075e-02	1.485646e-01	4.731006e-02	7.769452e-01	7.105602e-01
31348	2.065643e-01	6.040571e-01	4.801253e-02	6.001567e-02	3.143853e-01	3.110814e-01	8.686330e-01	5.946748e-01
32499	9.246266e-01	6.264444e-01	6.433861e-02	8.042326e-02	4.212882e-01	2.325264e-01	7.999946e-01	1.886323e-01
23834	3.174033e-01	6.498990e-01	2.652557e-02	3.315696e-02	1.736890e-01	8.681255e-02	7.845476e-01	2.494429e-01
10221	9.376872e-02	7.251654e-01	2.903273e-02	3.629091e-02	1.901058e-01	1.417690e-01	2.720470e-01	8.656826e-01
24789	3.966616e-01	6.124918e-02	5.349553e-02	6.686941e-02	3.502879e-01	3.496689e-01	3.605943e-01	8.188660e-01
16095	6.592021e-01	6.291726e-01	5.998095e-02	7.497619e-02	3.927543e-01	2.746584e-01	5.958835e-02	9.630618e-01
18379	9.525720e-01	5.746249e-01	2.256840e-02	2.821050e-02	1.477776e-01	1.477001e-01	1.427674e-01	1.016850e-01
32231	3.748585e-01	6.821093e-01	3.488435e-02	4.360544e-02	2.284222e-01	2.016786e-01	4.293314e-01	5.231141e-01
14644	1.365174e-01	7.197702e-01	2.954650e-02	3.693312e-02	1.934700e-01	8.664355e-02	5.184583e-01	2.196812e-01
31620	3.791842e-01	5.748528e-01	5.424548e-02	6.780685e-02	3.551985e-01	2.199004e-01	5.389408e-01	3.885683e-01
12419	5.697111e-01	8.309544e-01	3.009686e-02	3.762108e-02	1.970738e-01	1.944951e-01	8.149469e-01	7.192524e-02
10471	4.917614e-01	9.019865e-01	7.405873e-02	9.257341e-02	4.849354e-01	4.830590e-01	1.973488e-01	7.260356e-01
17963	3.735493e-01	4.302365e-01	4.325884e-02	5.407355e-02	2.832582e-01	2.363721e-01	8.654753e-01	4.238246e-01
6633	6.902502e-01	8.589842e-01	3.739920e-02	4.674900e-02	2.448894e-01	2.364986e-01	5.905517e-01	3.526251e-04
12139	1.872172e-01	5.519384e-01	3.144083e-02	3.930104e-02	2.058741e-01	2.006742e-01	8.663099e-01	4.354526e-01
29383	8.274985e-01	3.588946e-01	2.659134e-02	3.323918e-02	1.741197e-01	1.089503e-01	3.660748e-01	2.866057e-01
17603	1.766959e-01	1.635456e-01	2.913117e-02	3.641396e-02	1.907505e-01	1.758562e-01	9.408043e-01	4.908178e-01
29934	7.204543e-02	8.729239e-01	4.740120e-02	5.925150e-02	3.103823e-01	2.399087e-01	3.853556e-01	4.298192e-01
28285	7.944682e-02	4.668455e-01	2.132036e-02	2.665045e-02	1.396054e-01	1.047112e-01	8.686445e-01	7.623759e-01
25827	3.422532e-01	2.544333e-01	2.349327e-02	2.936658e-02	1.538335e-01	1.031544e-01	4.996381e-01	5.577726e-01
18059	5.001147e-01	1.595622e-01	2.983070e-02	3.728837e-02	1.953309e-01	1.939354e-01	9.205363e-01	6.682162e-01
25152	6.157421e-01	4.908702e-01	3.133553e-02	3.916941e-02	2.051846e-01	1.923424e-01	7.593150e-01	2.563588e-01
13014	9.053806e-01	7.926008e-01	2.815359e-02	3.519198e-02	1.843493e-01	5.206507e-02	1.286093e-01	6.626310e-01
20539	9.019856e-01	3.225972e-01	5.013672e-02	6.267090e-02	3.282945e-01	3.278937e-01	5.438887e-01	5.208981e-01
16925	3.861463e-01	8.577602e-01	3.760446e-02	4.700558e-02	2.462334e-01	2.258806e-01	2.010362e-01	4.237001e-01
22984	3.108614e-01	8.907727e-01	4.738179e-02	5.922724e-02	3.102552e-01	2.565153e-01	5.422370e-01	5.548818e-01
