18459	2.413919e-01	6.701817e-02	5.759086e-02	7.198857e-02	3.771040e-01	2.306376e-01	8.470570e-01	8.575161e-01
22969	8.059878e-01	7.226925e-01	3.672741e-02	4.590927e-02	2.404905e-01	2.400485e-01	4.749845e-01	6.313892e-01
24878	9.203068e-01	5.571088e-01	2.257230e-02	2.821538e-02	1.478031e-01	1.410800e-01	3.097453e-01	7.714059e-01
24842	3.830781e-01	6.362294e-01	4.631126e-02	5.788908e-02	3.032454e-01	3.011698e-01	1.517281e-01	9.273550e-01
28993	8.207058e-01	2.721317e-01	2.728974e-02	3.411217e-02	1.786928e-01	5.385034e-02	8.073885e-01	9.659098e-01
26655	2.618746e-01	7.349858e-01	2.394338e-02	2.992923e-02	1.567809e-01	1.108661e-01	8.324907e-01	2.551242e-01
1871	7.947712e-01	8.439312e-01	4.082182e-02	5.102728e-02	2.673007e-01	8.429319e-02	8.646253e-01	9.612477e-01
29793	9.070010e-01	2.677325e-01	2.752520e-02	3.440650e-02	1.802346e-01	1.539864e-01	9.099512e-01	4.759746e-01
20247	2.471896e-01	3.067056e-01	3.277530e-02	4.096912e-02	2.146121e-01	2.014943e-01	8.363478e-01	7.284944e-01
26820	5.609487e-01	1.186256e-01	4.622627e-02	5.778283e-02	3.026889e-01	2.623246e-01	3.220419e-02	2.189726e-02
17999	6.507132e-01	3.017446e-01	2.791237e-02	3.489046e-02	1.827697e-01	1.412513e-01	8.638417e-01	9.485850e-02
22217	9.598436e-01	7.083460e-01	2.488169e-02	3.110212e-02	1.629249e-01	1.218678e-01	6.156354e-01	4.922350e-01
14898	2.573869e-01	3.380580e-01	2.209783e-02	2.762229e-02	1.446962e-01	1.282502e-01	7.665548e-01	7.373004e-01
579	3.032697e-01	7.794471e-01	5.480157e-02	6.850196e-02	3.588398e-01	2.653126e-01	8.757178e-01	7.273751e-01
19665	3.629639e-01	8.106062e-01	2.235577e-02	2.794472e-02	1.463853e-01	4.102444e-02	1.711055e-01	9.832815e-01
25542	3.293788e-01	5.761391e-01	2.998698e-02	3.748372e-02	1.963543e-01	1.544255e-01	6.620183e-01	5.286701e-01
29654	1.942034e-01	9.566569e-01	4.006685e-02	5.008357e-02	2.623571e-01	2.083610e-01	7.243613e-01	4.011501e-01
31000	3.383295e-01	6.169262e-01	2.550796e-02	3.188495e-02	1.670257e-01	8.954006e-02	9.553778e-01	9.257852e-01
14959	7.004586e-01	4.251675e-01	6.815486e-02	8.519358e-02	4.462770e-01	1.198020e-01	6.946462e-02	1.314552e-01
32086	5.167316e-01	4.851853e-01	6.045833e-02	7.557291e-02	3.958802e-01	3.941522e-01	1.366238e-01	8.472059e-01
28104	6.183127e-01	8.877916e-01	3.745765e-02	4.682207e-02	2.452721e-01	2.029886e-01	1.868700e-01	9.158308e-01
18502	9.682294e-01	3.228126e-01	3.124110e-02	3.905137e-02	2.045662e-01	7.005407e-02	7.848590e-01	5.170943e-01
31314	8.178868e-01	2.148157e-01	2.652797e-02	3.315997e-02	1.737048e-01	1.244010e-01	5.712939e-01	3.824280e-01
21789	2.305755e-01	6.285503e-01	2.208291e-02	2.760364e-02	1.445985e-01	1.371898e-01	6.480783e-01	2.566131e-01
22266	4.082755e-01	9.179889e-02	5.397885e-02	6.747356e-02	3.534527e-01	2.939337e-01	9.823015e-01	1.433454e-01
5203	9.638792e-01	1.365453e-01	3.335426e-02	4.169283e-02	2.184032e-01	1.907047e-01	7.163138e-01	7.087871e-01
9186	7.106761e-01	7.183362e-02	2.697153e-02	3.371441e-02	1.766091e-01	5.936719e-02	4.586724e-01	9.462142e-01
5196	6.407880e-01	7.396903e-01	3.848077e-02	4.810096e-02	2.519715e-01	1.689797e-01	1.133168e-02	8.866825e-01
4781	9.369477e-01	6.431423e-02	2.285546e-02	2.856932e-02	1.496572e-01	8.105654e-02	7.117397e-01	7.137988e-03
11933	4.839868e-01	6.630543e-01	4.644618e-02	5.805772e-02	3.041288e-01	2.472454e-01	1.198644e-01	9.272944e-01
23727	9.706258e-02	6.482351e-01	4.122280e-02	5.152851e-02	2.699263e-01	1.024899e-01	6.448180e-01	3.913468e-01
14389	1.879305e-01	3.940580e-01	2.101384e-02	2.626730e-02	1.375983e-01	1.299239e-01	5.487039e-01	5.612367e-01
5517	6.357520e-01	1.918904e-01	2.607594e-02	3.259493e-02	1.707449e-01	1.566665e-01	7.314729e-01	6.029750e-01
24496	1.278331e-01	4.152470e-01	7.474653e-02	9.343316e-02	4.894391e-01	4.263802e-01	9.461200e-01	4.981976e-01
3437	2.833366e-01	6.304459e-01	2.232748e-02	2.790935e-02	1.462000e-01	1.414765e-01	8.266998e-02	8.454506e-01
3254	3.410727e-01	8.820668e-01	5.224115e-02	6.530144e-02	3.420743e-01	3.110980e-01	2.760115e-01	5.883523e-01
11091	7.950138e-01	5.269043e-01	3.176962e-02	3.971203e-02	2.080270e-01	2.016255e-01	7.474207e-01	1.351426e-01
17375	9.290194e-01	6.699524e-01	2.568795e-02	3.210994e-02	1.682043e-01	1.583647e-01	4.533078e-01	9.662016e-01
26717	8.630584e-01	5.266740e-01	7.632725e-02	9.540906e-02	4.997896e-01	1.521261e-01	9.889394e-01	9.307810e-01
12918	1.244032e-01	6.191524e-01	2.784883e-02	3.481103e-02	1.823537e-01	1.730386e-01	2.982549e-01	1.837486e-01
2705	4.615700e-01	5.004095e-01	2.060750e-02	2.575938e-02	1.349376e-01	1.345424e-01	6.170586e-01	4.100731e-01
651	2.107054e-01	1.976903e-01	4.081416e-02	5.101770e-02	2.672505e-01	1.519209e-01	9.690165e-01	7.181826e-01
19186	3.995857e-01	5.434032e-01	5.022235e-02	6.277794e-02	3.288552e-01	2.442377e-01	5.916841e-01	1.928410e-01
6008	8.343414e-01	4.293915e-01	2.706283e-02	3.382853e-02	1.772070e-01	1.686369e-01	8.558327e-01	7.918233e-01
8284	7.456116e-01	6.588380e-01	4.501417e-02	5.626772e-02	2.947521e-01	2.261587e-01	6.610242e-01	2.878585e-01
28848	4.136091e-01	7.412335e-01	4.275677e-02	5.344596e-02	2.799707e-01	1.542115e-01	9.498440e-02	3.892998e-01
1572	1.695269e-01	7.494367e-01	2.558473e-02	3.198091e-02	1.675284e-01	1.284085e-01	9.875445e-01	6.849725e-01
6145	1.416237e-01	6.986986e-01	3.987136e-02	4.983920e-02	2.610771e-01	1.493862e-01	8.226574e-01	1.584024e-01
15180	4.703840e-01	2.783415e-01	2.108139e-02	2.635173e-02	1.380406e-01	9.293457e-02	2.409623e-01	2.911650e-01
21396	7.705021e-01	9.136182e-01	2.112630e-02	2.640788e-02	1.383347e-01	1.383332e-01	7.702395e-01	2.525080e-01
16996	3.332194e-01	3.138705e-01	4.044511e-02	5.055639e-02	2.648340e-01	2.646024e-01	7.851093e-01	8.279234e-02
25868	4.403830e-01	7.996010e-01	3.642571e-02	4.553214e-02	2.385150e-01	1.615318e-01	4.710165e-01	9.123995e-01
20613	8.960964e-01	9.170639e-01	2.547860e-02	3.184824e-02	1.668334e-01	1.667398e-01	3.163610e-01	4.623833e-01
30846	8.554919e-01	7.459523e-01	5.212266e-02	6.515333e-02	3.412984e-01	1.495050e-01	2.814570e-02	9.139195e-01
20253	3.199459e-01	9.892274e-02	2.519544e-02	3.149430e-02	1.649793e-01	1.449313e-01	5.172552e-01	3.346931e-01
29334	1.752725e-01	6.318534e-01	3.922454e-02	4.903067e-02	2.568417e-01	1.052789e-01	9.457241e-01	3.560505e-01
1505	8.774881e-01	1.939817e-01	2.656945e-02	3.321181e-02	1.739763e-01	1.335746e-01	1.499461e-02	8.873058e-01
32555	6.750775e-01	3.820223e-01	4.619661e-02	5.774576e-02	3.024947e-01	1.631473e-01	8.644669e-01	7.219988e-01
7656	1.646674e-01	5.946422e-01	2.633122e-02	3.291403e-02	1.724164e-01	1.059560e-01	9.173577e-02	2.313641e-01
32383	7.351573e-01	5.711818e-01	2.376946e-02	2.971182e-02	1.556420e-01	7.410573e-02	9.189658e-01	2.467236e-01
8186	9.124819e-01	7.839272e-02	2.554575e-02	3.193219e-02	1.672732e-01	1.618105e-01	2.881011e-01	5.318725e-01
24671	7.588045e-01	2.293877e-01	2.698679e-02	3.373349e-02	1.767091e-01	1.305227e-01	8.838218e-01	7.327401e-02
18038	1.135657e-01	5.468414e-01	3.165574e-02	3.956968e-02	2.072813e-01	7.530879e-02	2.358691e-01	8.869104e-01
5283	7.693775e-01	4.054711e-01	2.057255e-02	2.571569e-02	1.347087e-01	1.198808e-01	7.107760e-01	5.338758e-01
107	1.431348e-01	9.112817e-01	5.266955e-02	6.583693e-02	3.448794e-01	3.387173e-01	1.995837e-01	4.913407e-01
2544	5.451771e-01	8.424674e-01	3.474391e-02	4.342988e-02	2.275026e-01	7.703609e-02	2.390433e-01	4.577231e-01
11803	7.158319e-01	4.660742e-01	2.755989e-02	3.444987e-02	1.804618e-01	1.800570e-01	5.611488e-01	4.428462e-01
25686	8.266724e-01	9.676375e-01	2.158001e-02	2.697501e-02	1.413056e-01	8.162266e-02	2.156357e-01	5.872690e-01
13789	1.885099e-01	7.950954e-01	4.095912e-02	5.119890e-02	2.681997e-01	1.038399e-01	8.227385e-01	8.046066e-01
28239	6.393207e-01	5.186117e-01	3.560792e-02	4.450990e-02	2.331601e-01	2.215279e-01	8.192416e-01	8.827356e-01
21175	5.360154e-01	5.701775e-01	2.356370e-02	2.945462e-02	1.542947e-01	1.534806e-01	4.971915e-01	7.504883e-01
1976	8.840207e-01	6.689400e-01	2.403565e-02	3.004456e-02	1.573850e-01	7.133094e-02	8.559020e-01	8.073040e-01
17621	6.980982e-01	2.617429e-01	3.979787e-02	4.974734e-02	2.605958e-01	2.047226e-01	3.106509e-01	4.124589e-01
6039	6.249955e-01	4.391707e-01	3.770956e-02	4.713695e-02	2.469216e-01	1.941520e-01	5.843938e-01	4.993309e-01
31520	2.549874e-01	8.750757e-01	4.037546e-02	5.046933e-02	2.643779e-01	2.341596e-01	6.501312e-01	3.902198e-01
23861	4.792287e-01	4.229948e-01	2.912484e-02	3.640605e-02	1.907090e-01	1.055713e-01	2.233443e-01	6.429679e-01
11252	6.871744e-01	1.318499e-01	3.401234e-02	4.251542e-02	2.227122e-01	1.047553e-01	8.337084e-01	5.817405e-01
413	3.978304e-01	9.187117e-01	2.781760e-02	3.477200e-02	1.821492e-01	1.429339e-01	6.031483e-01	7.958389e-01
