31323	2.854153e-01	7.234790e-01	5.017396e-02	6.271745e-02	3.285383e-01	3.210741e-01	6.625548e-02	4.125237e-01
4706	1.307853e-01	1.778585e-01	2.541548e-02	3.176935e-02	1.664202e-01	1.388100e-01	6.312628e-01	2.705205e-01
1675	1.496031e-01	3.493187e-01	3.268596e-02	4.085744e-02	2.140271e-01	1.664628e-01	4.926058e-02	9.574136e-01
18450	8.705351e-01	4.438575e-01	7.821688e-02	9.777110e-02	5.121629e-01	4.748039e-01	8.417859e-01	9.124164e-01
23654	2.698965e-01	9.523902e-01	2.524760e-02	3.155950e-02	1.653209e-01	7.129485e-02	3.542612e-01	1.035199e-01
10125	2.216059e-01	5.681235e-01	2.122590e-02	2.653238e-02	1.389869e-01	5.776458e-02	8.593414e-01	3.335857e-01
30103	2.929750e-01	4.394566e-01	2.126349e-02	2.657936e-02	1.392330e-01	1.293221e-01	2.838467e-01	1.142406e-01
4088	1.018077e-01	5.515234e-01	5.464205e-02	6.830256e-02	3.577953e-01	3.130857e-01	9.542028e-01	9.012947e-01
21296	3.569858e-01	1.446061e-01	2.800782e-02	3.500977e-02	1.833948e-01	5.935912e-02	6.335917e-01	5.300502e-01
10819	2.022008e-01	7.144256e-01	4.796586e-02	5.995733e-02	3.140797e-01	2.295914e-01	7.957712e-01	2.932381e-01
165	8.373648e-01	1.774705e-01	2.779914e-02	3.474892e-02	1.820283e-01	1.570003e-01	7.824078e-01	2.585851e-01
28572	3.969301e-01	1.932563e-01	3.201960e-02	4.002451e-02	2.096639e-01	9.455297e-02	2.850037e-01	3.698871e-01
18700	4.640130e-01	9.229709e-02	2.896114e-02	3.620142e-02	1.896371e-01	9.820831e-02	4.809222e-01	5.147968e-01
9685	5.234441e-01	8.688355e-01	2.339616e-02	2.924520e-02	1.531977e-01	4.552313e-02	8.984830e-02	8.996699e-01
25095	6.877558e-01	2.009890e-01	2.877637e-02	3.597046e-02	1.884272e-01	1.864341e-01	4.038847e-01	6.767826e-01
3444	7.962434e-02	2.944694e-01	3.899734e-02	4.874668e-02	2.553540e-01	1.965316e-01	4.627678e-01	2.068567e-01
5474	9.277285e-01	8.622680e-01	5.279754e-02	6.599692e-02	3.457174e-01	3.287319e-01	6.499492e-01	2.054085e-01
6321	6.480168e-01	5.108526e-01	5.870481e-02	7.338102e-02	3.843982e-01	3.684617e-01	5.242082e-01	1.872820e-01
3367	1.603148e-01	2.676494e-01	2.460090e-02	3.075112e-02	1.610863e-01	1.605216e-01	6.867168e-01	2.267344e-01
29950	8.161909e-01	1.287670e-01	2.993005e-02	3.741256e-02	1.959815e-01	1.289984e-01	4.819798e-01	4.960734e-01
19050	4.352981e-01	7.620705e-01	2.977769e-02	3.722211e-02	1.949839e-01	1.646161e-01	5.655133e-01	2.040185e-01
3018	4.731456e-02	2.015122e-01	2.593611e-02	3.242014e-02	1.698293e-01	1.392771e-01	5.087627e-01	1.208603e-01
20612	1.509495e-01	7.951712e-01	7.323543e-02	9.154428e-02	4.795444e-01	1.915891e-01	6.121544e-01	6.312893e-01
5088	5.496943e-01	2.996962e-01	2.112172e-02	2.640216e-02	1.383047e-01	7.872672e-02	5.250156e-02	9.205753e-01
354	1.499535e-01	4.326903e-01	2.784231e-02	3.480289e-02	1.823110e-01	1.786477e-01	8.440950e-01	5.591271e-02
3037	4.019804e-02	6.195147e-01	3.467249e-02	4.334061e-02	2.270349e-01	2.186855e-01	3.332435e-01	1.558349e-01
11611	4.972182e-01	9.430907e-01	2.118886e-02	2.648607e-02	1.387443e-01	1.054056e-01	1.678424e-01	7.042517e-01
9459	8.876126e-01	5.907623e-01	5.105317e-02	6.381646e-02	3.342954e-01	1.974686e-01	2.996968e-01	1.447074e-01
2466	8.883424e-01	7.209533e-01	2.399133e-02	2.998917e-02	1.570949e-01	9.900355e-02	3.021138e-01	4.130674e-01
23502	8.553502e-01	7.905246e-01	3.490066e-02	4.362582e-02	2.285289e-01	2.132351e-01	5.188387e-01	3.940737e-01
32332	1.411136e-01	8.919305e-01	2.235810e-02	2.794762e-02	1.464005e-01	5.736284e-02	1.531787e-01	8.868037e-02
9887	8.737429e-02	6.574998e-02	3.737175e-02	4.671469e-02	2.447096e-01	8.090936e-02	2.583045e-01	2.159510e-02
4526	7.862852e-01	3.524878e-01	3.146821e-02	3.933527e-02	2.060534e-01	2.009099e-01	6.104388e-01	6.817817e-01
16927	7.267397e-01	4.113127e-01	5.493112e-02	6.866390e-02	3.596881e-01	1.692323e-01	7.497756e-01	7.026211e-01
8751	6.468612e-01	8.177013e-01	3.009363e-02	3.761704e-02	1.970526e-01	6.493522e-02	7.115466e-01	7.810107e-01
16622	7.672861e-01	8.175486e-01	5.341013e-02	6.676267e-02	3.497287e-01	3.354585e-01	8.054621e-01	9.846971e-01
17513	5.438031e-01	1.711677e-01	2.731912e-02	3.414890e-02	1.788852e-01	1.767097e-01	8.405559e-01	8.094719e-01
23473	3.664926e-01	7.551331e-01	6.964629e-02	8.705786e-02	4.560428e-01	3.152665e-01	9.210025e-01	5.962882e-01
23533	5.272321e-01	7.546756e-01	2.697528e-02	3.371910e-02	1.766337e-01	1.710391e-01	4.502009e-01	9.197413e-01
32676	1.299213e-01	7.604145e-01	2.295541e-02	2.869426e-02	1.503116e-01	1.345491e-01	9.915459e-01	4.357968e-01
31915	5.068397e-01	7.069188e-01	4.493365e-02	5.616706e-02	2.942248e-01	2.901779e-01	5.432537e-01	4.029315e-01
7022	4.322164e-01	9.100441e-01	5.533640e-02	6.917050e-02	3.623419e-01	1.257544e-01	9.567299e-02	1.346325e-02
30842	7.534908e-01	6.265208e-01	5.190431e-02	6.488038e-02	3.398686e-01	3.395957e-01	6.286945e-01	8.688172e-01
15469	8.141675e-01	5.711718e-01	2.385174e-02	2.981468e-02	1.561808e-01	7.003011e-02	3.316612e-02	4.820946e-01
19819	7.092927e-01	5.309363e-01	3.623090e-02	4.528862e-02	2.372393e-01	1.863240e-01	5.099420e-02	3.837264e-01
17948	7.407382e-01	2.697777e-01	3.883282e-02	4.854103e-02	2.542767e-01	2.080774e-01	9.385160e-01	5.711558e-01
20031	3.299268e-01	4.973860e-01	4.397159e-02	5.496448e-02	2.879253e-01	9.717658e-02	3.390950e-01	9.487804e-01
1834	5.075580e-01	5.980052e-01	4.730495e-02	5.913119e-02	3.097521e-01	1.997528e-01	3.110623e-01	7.260529e-01
11779	2.748273e-01	8.421484e-01	2.837398e-02	3.546748e-02	1.857924e-01	1.848404e-01	7.546398e-01	3.214143e-01
29579	5.708088e-01	2.066320e-01	4.657814e-02	5.822268e-02	3.049929e-01	9.517538e-02	1.798908e-01	7.483440e-01
803	2.335080e-01	4.484250e-01	2.254648e-02	2.818310e-02	1.476340e-01	1.368515e-01	4.793574e-01	1.139793e-01
3557	9.688310e-01	8.108102e-01	2.663541e-02	3.329427e-02	1.744083e-01	1.245255e-01	5.448427e-01	5.355743e-01
6573	2.751473e-01	1.432902e-01	4.821540e-02	6.026925e-02	3.157137e-01	1.061930e-01	2.197550e-01	7.342148e-02
4848	4.551516e-01	5.022811e-02	2.158009e-02	2.697512e-02	1.413061e-01	7.975429e-02	8.903054e-01	1.074862e-01
2702	3.899259e-01	7.497002e-02	2.951376e-02	3.689220e-02	1.932557e-01	1.747283e-01	4.582699e-01	3.195354e-01
8800	8.426980e-01	7.412887e-01	2.783708e-02	3.479635e-02	1.822768e-01	1.754889e-01	9.566508e-01	8.402511e-01
32508	3.151173e-01	1.407027e-01	2.460582e-02	3.075727e-02	1.611185e-01	1.197847e-01	4.195942e-01	6.192755e-01
25923	5.392512e-01	9.014099e-02	2.554117e-02	3.192646e-02	1.672432e-01	1.670223e-01	8.842654e-01	1.933395e-01
14552	8.337303e-01	8.778682e-01	6.641217e-02	8.301521e-02	4.348659e-01	4.299550e-01	1.370443e-01	5.098386e-01
29943	5.178067e-02	8.977324e-02	2.763706e-02	3.454632e-02	1.809670e-01	1.747897e-01	7.665177e-01	8.652440e-01
20307	4.553743e-01	2.908434e-01	2.964941e-02	3.706176e-02	1.941439e-01	5.596496e-02	8.657830e-01	4.245868e-01
10846	2.235287e-01	2.283124e-01	2.546275e-02	3.182843e-02	1.667297e-01	1.044948e-01	9.635761e-01	2.304948e-01
18996	5.326624e-01	9.378819e-01	2.536058e-02	3.170072e-02	1.660607e-01	1.624074e-01	5.646269e-02	3.085556e-01
9755	1.668280e-01	1.233983e-01	6.063530e-02	7.579412e-02	3.970390e-01	2.201864e-01	3.771829e-01	6.323414e-01
18486	4.755858e-02	2.511895e-01	4.159138e-02	5.198922e-02	2.723397e-01	2.354212e-01	3.874119e-01	6.025569e-01
28213	9.294152e-01	2.191673e-01	4.907924e-02	6.134905e-02	3.213701e-01	2.210458e-01	9.990823e-01	7.479824e-01
5083	4.129461e-01	8.076219e-01	4.812813e-02	6.016016e-02	3.151423e-01	1.997569e-01	2.375322e-01	6.116403e-02
2835	9.820328e-02	2.476534e-01	4.255889e-02	5.319861e-02	2.786750e-01	8.906225e-02	1.736184e-01	7.010074e-01
11886	8.111661e-01	6.421406e-01	2.134701e-02	2.668376e-02	1.397799e-01	1.362401e-01	8.989518e-01	5.643951e-01
7042	5.762514e-02	4.588636e-01	2.226541e-02	2.783176e-02	1.457935e-01	1.225834e-01	1.352045e-01	5.024850e-01
12412	2.614574e-01	7.903101e-01	3.131075e-02	3.913844e-02	2.050223e-01	1.657215e-01	2.377781e-01	5.383332e-01
3019	2.033038e-01	8.497800e-02	3.591867e-02	4.489834e-02	2.351949e-01	2.165571e-01	2.987755e-01	3.771340e-01
29195	6.392138e-01	9.102102e-01	2.960716e-02	3.700895e-02	1.938672e-01	1.865270e-01	1.222595e-01	1.598582e-01
25058	3.477006e-01	5.827634e-01	4.599123e-02	5.748904e-02	3.011499e-01	1.395891e-01	9.592910e-01	7.810698e-01
12153	7.249165e-01	9.292990e-01	3.803191e-02	4.753989e-02	2.490323e-01	1.272850e-01	3.002892e-01	7.496677e-01
