16070	7.513644e-01	3.389212e-01	2.810666e-02	3.513332e-02	1.840420e-01	1.829053e-01	2.900821e-01	3.963729e-01
29180	1.342945e-01	3.676084e-01	2.240614e-02	2.800768e-02	1.467151e-01	1.414602e-01	5.969176e-01	1.136902e-01
3190	5.438421e-01	8.774720e-01	3.693718e-02	4.617147e-02	2.418641e-01	8.167382e-02	6.535724e-02	3.624009e-01
21290	4.636651e-01	6.787691e-01	5.000816e-02	6.251020e-02	3.274526e-01	2.923747e-01	2.464843e-01	5.396478e-01
6345	2.663823e-01	7.915793e-01	7.101493e-02	8.876867e-02	4.650047e-01	3.593108e-01	7.747662e-01	9.966714e-01
27119	2.445052e-01	1.089357e-01	2.223889e-02	2.779861e-02	1.456199e-01	1.261673e-01	2.495479e-01	5.970252e-01
24066	6.566597e-01	7.981643e-01	7.441505e-02	9.301881e-02	4.872686e-01	3.264031e-01	5.759504e-01	3.232601e-01
15061	5.104832e-01	5.883897e-01	4.036498e-02	5.045622e-02	2.643093e-01	1.866243e-01	6.664690e-01	1.628906e-01
7686	9.691773e-01	2.721624e-01	2.087477e-02	2.609346e-02	1.366877e-01	1.358556e-01	5.845983e-02	8.332535e-01
31535	4.656063e-01	3.468148e-01	5.000239e-02	6.250299e-02	3.274149e-01	1.079782e-01	9.834006e-01	8.003395e-01
5846	7.369698e-01	6.416886e-01	2.783169e-02	3.478962e-02	1.822415e-01	1.811231e-01	9.812517e-01	3.902945e-01
28252	9.579668e-01	1.115978e-01	3.825679e-02	4.782099e-02	2.505049e-01	2.429013e-01	4.450446e-01	9.660970e-01
4280	1.045833e-01	5.127155e-01	3.677667e-02	4.597083e-02	2.408130e-01	2.297862e-01	3.402923e-01	8.637394e-01
14906	5.011014e-01	9.323432e-01	2.943041e-02	3.678801e-02	1.927099e-01	1.027670e-01	2.048177e-01	1.968726e-01
12822	7.852178e-01	9.014476e-01	7.127090e-02	8.908862e-02	4.666807e-01	3.225679e-01	9.760651e-01	7.941678e-01
26706	9.064740e-01	8.612032e-01	3.949595e-02	4.936994e-02	2.586189e-01	2.584548e-01	4.752473e-01	5.305411e-01
20383	2.815493e-02	2.559731e-01	2.299097e-02	2.873871e-02	1.505445e-01	1.365475e-01	6.412986e-01	8.769877e-01
24206	8.600247e-01	3.502174e-01	7.824772e-02	9.780964e-02	5.123648e-01	2.315464e-01	2.256938e-01	2.065263e-01
29330	9.365291e-01	4.879982e-01	4.936845e-02	6.171056e-02	3.232638e-01	2.649271e-01	6.847264e-01	5.662189e-01
19072	1.374285e-01	7.203057e-01	2.244544e-02	2.805680e-02	1.469724e-01	1.434782e-01	6.035358e-01	8.473281e-01
25865	2.110874e-01	2.808699e-01	2.417298e-02	3.021622e-02	1.582843e-01	6.225678e-02	3.667694e-01	2.566587e-01
13951	3.770376e-01	9.323805e-01	2.137467e-02	2.671834e-02	1.399610e-01	1.260963e-01	1.464064e-01	3.679717e-02
14431	5.871080e-01	1.880088e-01	2.140949e-02	2.676187e-02	1.401890e-01	1.377171e-01	2.886727e-01	1.319559e-01
25689	5.562760e-01	7.390102e-01	2.212799e-02	2.765998e-02	1.448937e-01	1.405589e-01	3.417431e-01	7.894997e-01
15975	4.821198e-01	2.343974e-01	2.507264e-02	3.134081e-02	1.641753e-01	9.727931e-02	3.671115e-01	3.224872e-01
9667	4.512431e-02	1.593734e-01	2.706417e-02	3.383022e-02	1.772158e-01	1.631119e-01	7.393482e-01	4.200359e-01
18655	7.063316e-01	9.486042e-01	2.358270e-02	2.947838e-02	1.544192e-01	1.366089e-01	5.950853e-01	4.390924e-02
19281	7.263618e-01	5.238229e-01	4.968869e-02	6.211086e-02	3.253607e-01	2.725028e-01	9.154125e-01	5.060242e-02
11106	4.154209e-01	8.871885e-01	5.761704e-02	7.202130e-02	3.772755e-01	1.204573e-01	5.572085e-01	1.278349e-01
18559	4.833955e-01	5.593159e-01	3.381358e-02	4.226698e-02	2.214108e-01	1.892090e-01	5.208831e-01	1.788377e-01
8335	6.495729e-01	1.102324e-01	7.703699e-02	9.629624e-02	5.044370e-01	3.080213e-01	8.691596e-01	1.458661e-01
22668	7.907668e-01	4.722108e-01	3.329656e-02	4.162070e-02	2.180254e-01	1.228297e-01	4.028285e-01	2.425900e-02
12837	3.546303e-01	3.849212e-01	6.707738e-02	8.384673e-02	4.392217e-01	3.791679e-01	4.377743e-01	8.549511e-01
14482	8.429093e-01	1.227484e-01	6.630184e-02	8.287730e-02	4.341434e-01	3.928382e-01	8.183056e-01	9.914410e-02
10405	8.099914e-01	7.268752e-01	4.535194e-02	5.668992e-02	2.969638e-01	2.699775e-01	2.852332e-01	1.090909e-01
4534	4.485419e-01	5.993834e-01	2.488615e-02	3.110769e-02	1.629541e-01	1.350285e-01	7.637609e-01	6.648786e-02
9588	4.297756e-02	7.453050e-02	2.843755e-02	3.554694e-02	1.862086e-01	1.389680e-01	5.038651e-01	2.665116e-02
27319	9.218745e-01	2.975779e-01	2.210366e-02	2.762957e-02	1.447344e-01	1.419895e-01	6.832853e-01	1.452651e-01
32137	4.150846e-01	1.795451e-01	7.172218e-02	8.965273e-02	4.696357e-01	1.533765e-01	7.017114e-01	8.832197e-01
10701	7.271811e-01	2.257654e-01	3.487430e-02	4.359287e-02	2.283563e-01	1.499861e-01	8.178316e-01	8.755843e-01
25307	6.119869e-01	3.782938e-01	3.324765e-02	4.155956e-02	2.177051e-01	2.158248e-01	5.783570e-01	4.440975e-01
23229	1.852271e-01	5.144255e-01	3.882101e-02	4.852626e-02	2.541994e-01	2.466021e-01	3.683549e-01	2.339181e-02
17879	7.384353e-01	7.645847e-01	6.889945e-02	8.612431e-02	4.511525e-01	3.102310e-01	3.932241e-01	3.980609e-01
21003	2.916959e-01	1.589607e-01	4.596387e-02	5.745484e-02	3.009707e-01	2.248434e-01	4.573886e-01	2.335990e-02
8007	2.217470e-01	4.482191e-01	3.562811e-02	4.453513e-02	2.332923e-01	2.062035e-01	9.562663e-02	2.909338e-02
20849	7.430820e-01	1.447362e-01	2.884369e-02	3.605462e-02	1.888681e-01	1.888176e-01	9.815455e-01	4.389798e-01
5982	1.760722e-01	9.676231e-02	3.035845e-02	3.794806e-02	1.987866e-01	1.716278e-01	2.700528e-01	6.348909e-01
20267	2.811027e-01	3.065379e-01	2.632626e-02	3.290782e-02	1.723839e-01	1.422796e-01	4.953062e-01	1.398991e-01
31329	3.113837e-01	7.238036e-01	3.695539e-02	4.619423e-02	2.419833e-01	1.979031e-01	6.493857e-01	1.681947e-01
22908	5.336702e-01	3.886670e-01	5.039995e-02	6.299993e-02	3.300181e-01	3.075786e-01	5.258405e-01	3.237917e-01
26181	2.154755e-01	2.188342e-01	3.190331e-02	3.987914e-02	2.089024e-01	1.934506e-01	2.309449e-01	6.341479e-01
31886	5.385732e-01	2.450665e-01	7.514226e-02	9.392783e-02	4.920304e-01	1.937346e-01	3.113083e-01	3.570549e-01
7956	4.377659e-01	6.439734e-02	5.835007e-02	7.293758e-02	3.820753e-01	3.249534e-01	2.655134e-01	8.701817e-02
16172	6.706234e-01	3.543299e-01	2.123672e-02	2.654590e-02	1.390577e-01	1.296453e-01	3.234950e-01	8.986457e-01
5026	9.115537e-01	1.245840e-01	4.018463e-02	5.023079e-02	2.631283e-01	1.209309e-01	8.823313e-01	5.331458e-01
21962	8.204729e-01	8.209656e-01	2.064104e-02	2.580130e-02	1.351572e-01	7.704419e-02	2.122540e-01	5.097228e-01
6078	8.923477e-02	5.599701e-01	2.624774e-02	3.280967e-02	1.718698e-01	1.231566e-01	6.172537e-01	8.196369e-01
10533	4.981307e-02	4.267101e-01	2.648343e-02	3.310428e-02	1.734131e-01	7.418806e-02	9.847083e-02	4.950159e-01
19743	4.505265e-01	1.846854e-01	3.102288e-02	3.877860e-02	2.031373e-01	1.481137e-01	8.199253e-01	1.939739e-01
31600	8.668528e-02	6.441021e-01	3.874962e-02	4.843702e-02	2.537319e-01	2.340757e-01	1.859365e-01	9.220686e-01
14144	2.601131e-01	2.569069e-01	4.011364e-02	5.014205e-02	2.626635e-01	1.962281e-01	7.635823e-01	8.871455e-01
26286	7.102789e-02	3.139132e-01	4.875567e-02	6.094459e-02	3.192514e-01	2.573121e-01	4.273307e-01	5.773511e-01
31630	5.243646e-01	9.254348e-02	4.401512e-02	5.501890e-02	2.882103e-01	9.729485e-02	9.125638e-01	5.931287e-01
12466	8.697956e-01	2.173706e-01	4.365655e-02	5.457069e-02	2.858624e-01	2.152370e-01	9.652223e-01	8.753016e-01
4823	1.649679e-01	4.612425e-01	2.589264e-02	3.236580e-02	1.695446e-01	6.947317e-02	4.906892e-02	1.820715e-01
15316	3.063016e-01	9.008631e-01	6.280066e-02	7.850083e-02	4.112178e-01	2.361778e-01	9.491438e-01	6.093359e-01
4545	8.802172e-01	4.505652e-01	3.933647e-02	4.917059e-02	2.575746e-01	9.389754e-02	4.564424e-01	4.031256e-01
21492	2.620787e-01	6.134074e-01	2.939871e-02	3.674839e-02	1.925023e-01	1.266562e-01	8.690646e-01	4.728815e-01
7018	3.758569e-01	8.771705e-01	3.172185e-02	3.965231e-02	2.077142e-01	1.913449e-01	1.033903e-01	9.396522e-01
22947	9.443374e-01	5.832635e-01	4.562534e-02	5.703168e-02	2.987540e-01	2.360930e-01	8.791608e-01	1.639593e-01
10821	9.320233e-01	7.602723e-01	3.066239e-02	3.832799e-02	2.007768e-01	1.931178e-01	5.007303e-01	7.476133e-01
22649	1.360345e-01	6.601920e-01	2.716579e-02	3.395724e-02	1.778812e-01	1.584186e-01	3.936639e-01	4.152429e-01
26610	8.638694e-02	7.431180e-01	2.171509e-02	2.714386e-02	1.421900e-01	1.357786e-01	2.909983e-01	5.193946e-01
22241	3.366535e-01	3.023668e-01	3.050022e-02	3.812527e-02	1.997149e-01	8.303989e-02	3.518506e-01	8.779312e-01
21589	7.209546e-01	4.477956e-01	5.725713e-02	7.157142e-02	3.749188e-01	1.495324e-01	7.027108e-01	4.996242e-01
24877	4.636030e-01	8.846504e-01	5.795679e-02	7.244599e-02	3.795002e-01	3.413700e-01	5.117625e-01	6.445387e-01
