14986	7.995655e-01	9.134739e-01	3.256442e-02	4.070552e-02	2.132313e-01	2.132240e-01	7.574384e-01	7.411714e-01
8337	4.314826e-01	6.170251e-01	3.150832e-02	3.938540e-02	2.063160e-01	2.040640e-01	9.838026e-01	1.029528e-01
3161	1.997209e-01	8.572373e-01	2.633855e-02	3.292318e-02	1.724644e-01	1.305945e-01	8.471121e-01	7.572470e-01
19186	6.489194e-01	7.811784e-01	3.491572e-02	4.364465e-02	2.286276e-01	1.144751e-01	1.338743e-01	9.133219e-01
31496	8.088332e-02	1.504210e-01	2.439725e-02	3.049657e-02	1.597528e-01	6.621213e-02	6.046477e-01	5.073459e-03
14472	7.361727e-01	6.064572e-01	3.837205e-02	4.796506e-02	2.512596e-01	1.549584e-01	3.659986e-01	5.137119e-01
19458	6.005779e-01	6.035948e-01	4.459630e-02	5.574538e-02	2.920159e-01	9.731783e-02	2.090457e-01	6.273250e-01
18294	6.508365e-01	6.496706e-01	5.740380e-02	7.175475e-02	3.758792e-01	2.249810e-01	4.272174e-01	8.874410e-01
5252	9.529897e-01	2.390518e-01	2.161275e-02	2.701593e-02	1.415199e-01	7.498594e-02	6.527522e-01	7.573994e-01
364	5.395340e-01	6.316468e-01	2.067974e-02	2.584967e-02	1.354106e-01	1.043432e-01	8.858027e-01	4.992187e-02
31356	3.460550e-01	8.742200e-01	2.639764e-02	3.299705e-02	1.728513e-01	1.677861e-01	8.227387e-02	3.511805e-01
32164	5.093554e-01	5.253548e-01	3.057650e-02	3.822063e-02	2.002145e-01	1.338789e-01	2.882577e-01	6.433459e-01
18983	8.506524e-01	4.946196e-01	6.921137e-02	8.651421e-02	4.531950e-01	4.252510e-01	3.015332e-01	1.226432e-01
27435	7.164656e-02	4.928059e-01	2.847132e-02	3.558914e-02	1.864297e-01	1.200258e-01	7.415333e-01	6.272588e-02
29023	4.657515e-01	3.781027e-01	6.217863e-02	7.772329e-02	4.071447e-01	1.243932e-01	3.967218e-01	9.657289e-01
23276	6.549594e-01	8.591634e-01	4.068935e-02	5.086169e-02	2.664332e-01	2.349898e-01	8.570732e-01	1.771468e-01
13089	3.517889e-02	8.049884e-01	3.107587e-02	3.884484e-02	2.034843e-01	1.554461e-01	6.042812e-01	2.567518e-01
10418	4.422871e-01	8.215471e-01	2.608471e-02	3.260588e-02	1.708023e-01	9.452130e-02	5.292542e-01	4.642410e-01
8489	1.479498e-01	2.047973e-01	2.168956e-02	2.711194e-02	1.420229e-01	1.390321e-01	6.761804e-01	8.678154e-02
24197	1.575561e-01	3.498074e-01	4.363099e-02	5.453874e-02	2.856950e-01	2.855263e-01	7.876475e-01	1.652344e-01
19952	1.583279e-01	9.009988e-01	2.516254e-02	3.145317e-02	1.647639e-01	7.500603e-02	4.874142e-01	4.658256e-01
8589	2.838865e-01	6.802448e-01	2.841820e-02	3.552275e-02	1.860819e-01	1.771624e-01	9.511663e-01	5.069665e-01
25060	2.988198e-01	4.680673e-01	2.385604e-02	2.982005e-02	1.562090e-01	6.779939e-02	3.198513e-01	1.275393e-01
24358	6.273864e-01	2.842421e-01	7.706855e-02	9.633569e-02	5.046437e-01	4.592873e-01	3.226594e-01	7.491393e-01
1253	9.601756e-01	6.594137e-01	2.179019e-02	2.723774e-02	1.426819e-01	1.115056e-01	3.901204e-01	2.331097e-01
28139	6.594556e-01	4.628563e-01	4.138053e-02	5.172566e-02	2.709590e-01	1.960806e-01	7.692382e-01	6.910623e-01
8286	7.533094e-01	6.691603e-01	4.845597e-02	6.056996e-02	3.172889e-01	2.649976e-01	8.531717e-01	1.470865e-01
10420	6.565075e-01	3.655711e-01	3.694156e-02	4.617695e-02	2.418928e-01	7.918544e-02	1.702338e-01	2.100696e-01
6843	8.230457e-01	1.706369e-01	6.948163e-02	8.685203e-02	4.549646e-01	3.413159e-01	5.996886e-01	2.974929e-01
16257	8.898365e-01	9.238407e-01	2.071203e-02	2.589004e-02	1.356221e-01	1.107145e-01	6.835797e-02	7.546918e-01
26354	2.167474e-01	2.149844e-01	4.167304e-02	5.209129e-02	2.728744e-01	2.725992e-01	6.686945e-01	6.540649e-01
11821	2.364854e-01	6.124252e-01	2.711987e-02	3.389984e-02	1.775805e-01	1.775577e-01	6.808368e-01	1.097985e-02
15788	9.628396e-01	3.607945e-01	2.305515e-02	2.881894e-02	1.509648e-01	1.480734e-01	8.723857e-01	1.661886e-01
32672	5.734551e-01	8.231431e-01	3.916519e-02	4.895648e-02	2.564530e-01	1.800781e-01	6.671376e-01	5.055884e-01
20618	5.981037e-01	7.655764e-01	2.481775e-02	3.102218e-02	1.625062e-01	1.359914e-01	3.754506e-01	4.808352e-01
11022	3.800480e-01	1.461211e-01	3.197899e-02	3.997374e-02	2.093979e-01	2.078740e-01	9.573223e-02	6.844559e-01
4083	8.870198e-01	3.608709e-01	4.066090e-02	5.082613e-02	2.662470e-01	1.308302e-01	4.228236e-01	3.195169e-01
31831	8.145785e-02	8.910340e-01	2.237321e-02	2.796651e-02	1.464994e-01	1.382450e-01	1.559175e-01	2.340145e-01
1077	1.402703e-01	2.333182e-01	2.764864e-02	3.456080e-02	1.810429e-01	5.420146e-02	3.170426e-01	7.018112e-01
5678	8.076283e-01	5.272620e-01	2.238430e-02	2.798037e-02	1.465720e-01	5.643095e-02	4.684262e-01	9.340641e-02
20063	8.295565e-01	7.770328e-01	3.398749e-02	4.248436e-02	2.225495e-01	2.225485e-01	3.197655e-01	9.385085e-01
8517	2.134334e-01	7.583216e-01	4.079920e-02	5.099900e-02	2.671525e-01	2.083178e-01	1.156150e-01	3.064109e-02
15279	6.798743e-01	1.695200e-01	5.131788e-02	6.414735e-02	3.360287e-01	2.716211e-01	5.386332e-01	9.349451e-01
10123	8.354124e-01	8.354893e-01	2.423928e-02	3.029910e-02	1.587184e-01	1.459761e-01	9.587738e-01	5.014826e-02
25346	3.118716e-01	8.713434e-02	2.919316e-02	3.649145e-02	1.911564e-01	1.658094e-01	3.463455e-02	8.110869e-01
18677	5.700933e-01	5.599743e-01	2.238210e-02	2.797763e-02	1.465577e-01	5.538930e-02	8.132262e-01	2.895967e-01
31727	4.794069e-01	9.004276e-01	5.672228e-02	7.090285e-02	3.714166e-01	2.081706e-01	9.928285e-01	8.710159e-02
29859	4.020754e-01	8.730043e-01	2.151782e-02	2.689727e-02	1.408983e-01	1.340918e-01	9.393029e-02	4.987475e-01
32518	1.289601e-01	5.607355e-01	2.678942e-02	3.348677e-02	1.754167e-01	9.087904e-02	8.964678e-01	6.965590e-01
2917	8.841317e-01	6.234269e-01	7.725724e-02	9.657155e-02	5.058792e-01	3.844019e-01	4.870704e-01	5.304263e-01
20457	4.858563e-01	4.752213e-01	3.036910e-02	3.796138e-02	1.988564e-01	1.136156e-01	3.485522e-01	4.297704e-01
32043	8.142782e-01	5.563101e-01	3.387339e-02	4.234174e-02	2.218024e-01	1.152482e-01	4.039759e-02	8.712453e-01
26943	8.718089e-02	1.059108e-01	2.296294e-02	2.870368e-02	1.503610e-01	8.061162e-02	2.227321e-01	3.791666e-01
16702	4.534046e-01	1.973263e-01	5.243587e-02	6.554483e-02	3.433492e-01	3.285144e-01	2.046617e-01	5.939622e-01
4592	9.622049e-01	4.114353e-01	2.352389e-02	2.940487e-02	1.540341e-01	6.990301e-02	4.268177e-01	9.740277e-01
10979	1.299831e-01	1.847248e-01	2.782237e-02	3.477796e-02	1.821804e-01	1.459227e-01	6.627617e-01	2.701825e-01
964	4.672354e-01	7.128092e-01	2.932253e-02	3.665316e-02	1.920035e-01	1.534647e-01	1.178033e-01	6.758797e-01
240	6.584073e-01	7.596984e-01	2.113400e-02	2.641750e-02	1.383851e-01	1.276875e-01	1.332307e-01	1.127106e-01
5146	7.923753e-01	4.230774e-01	2.152988e-02	2.691235e-02	1.409773e-01	5.379707e-02	2.313562e-01	5.165880e-01
18141	2.253912e-01	3.763347e-01	2.323850e-02	2.904812e-02	1.521653e-01	1.346036e-01	9.825070e-01	7.629075e-01
5167	1.529901e-01	4.433961e-02	2.122288e-02	2.652860e-02	1.389671e-01	1.261869e-01	5.990574e-01	6.104809e-01
12690	3.532470e-01	6.337802e-01	4.381174e-02	5.476468e-02	2.868786e-01	1.212114e-01	5.671877e-01	5.795574e-01
14671	7.111452e-02	3.293932e-01	3.054548e-02	3.818185e-02	2.000113e-01	1.933091e-01	7.586737e-01	2.788378e-01
28899	3.730985e-02	2.275817e-01	3.502104e-02	4.377630e-02	2.293172e-01	2.051418e-01	2.178841e-01	7.995507e-01
16720	2.621725e-01	3.383522e-01	6.130593e-02	7.663241e-02	4.014302e-01	3.502358e-01	1.249908e-01	5.548100e-01
15946	8.731596e-01	2.356064e-01	2.755087e-02	3.443859e-02	1.804027e-01	1.504557e-01	1.300839e-01	5.462880e-01
4764	8.459860e-01	1.091147e-01	3.831792e-02	4.789740e-02	2.509051e-01	1.232717e-01	3.037953e-01	8.568781e-01
22806	7.376632e-01	1.540886e-01	4.381357e-02	5.476697e-02	2.868906e-01	2.100400e-01	7.919600e-01	8.988401e-01
25803	3.513809e-01	7.758797e-01	4.047842e-02	5.059803e-02	2.650521e-01	2.647146e-01	4.380175e-01	1.063528e-01
13655	3.578384e-01	5.794083e-01	2.248009e-02	2.810011e-02	1.471993e-01	1.406233e-01	3.685474e-01	9.280354e-01
18936	2.730917e-01	8.348485e-01	2.389760e-02	2.987200e-02	1.564811e-01	7.949800e-02	8.537255e-01	6.656736e-01
19897	7.703563e-01	6.948095e-02	2.064280e-02	2.580350e-02	1.351687e-01	7.014087e-02	9.738973e-01	1.410647e-01
27770	6.801479e-01	1.067589e-01	2.114494e-02	2.643117e-02	1.384567e-01	1.153058e-01	7.146954e-01	8.566961e-01
9602	7.262000e-01	7.922397e-01	2.235141e-02	2.793926e-02	1.463567e-01	1.450434e-01	2.746427e-01	2.577493e-02
