3315	8.119304e-01	9.537391e-01	2.581145e-02	3.226431e-02	1.690130e-01	6.858717e-02	6.276676e-01	1.071843e-01
17318	5.152573e-01	8.048604e-01	3.111575e-02	3.889469e-02	2.037454e-01	1.724542e-01	7.793785e-01	7.452734e-01
20108	2.080503e-01	7.601575e-01	2.617797e-02	3.272246e-02	1.714129e-01	8.278612e-02	4.193550e-01	9.970002e-02
859	3.954220e-01	8.644280e-01	2.154308e-02	2.692885e-02	1.410637e-01	1.207146e-01	7.153096e-01	4.052641e-01
19466	8.846362e-01	1.065283e-01	5.182588e-02	6.478235e-02	3.393551e-01	2.987473e-01	9.645236e-01	4.500433e-01
11074	3.766649e-01	3.182250e-01	7.317490e-02	9.146863e-02	4.791481e-01	3.500297e-01	6.736235e-01	6.287388e-01
23539	7.892119e-01	5.085086e-01	2.814631e-02	3.518288e-02	1.843016e-01	1.508078e-01	4.397843e-01	7.579610e-01
14542	4.987490e-01	9.195835e-01	3.785289e-02	4.731611e-02	2.478601e-01	2.444628e-01	6.402557e-01	2.713577e-01
32142	8.593689e-02	8.039625e-01	2.210209e-02	2.762761e-02	1.447241e-01	1.071524e-01	9.464961e-02	5.073839e-01
18283	4.366396e-01	7.732985e-01	2.658541e-02	3.323176e-02	1.740809e-01	9.952453e-02	5.159291e-01	7.608830e-01
28152	6.971155e-01	4.226701e-01	4.389980e-02	5.487475e-02	2.874552e-01	2.417883e-01	7.734737e-01	1.257886e-01
28471	8.877551e-02	9.336377e-01	2.194117e-02	2.742646e-02	1.436705e-01	1.218069e-01	3.275886e-01	9.264565e-01
29256	4.089873e-01	9.547852e-01	2.334200e-02	2.917751e-02	1.528431e-01	1.496364e-01	9.063140e-01	1.885088e-02
18978	7.979909e-02	4.764965e-01	2.573738e-02	3.217172e-02	1.685279e-01	1.525778e-01	9.232746e-01	5.493323e-01
11268	6.526340e-01	8.557085e-01	2.315443e-02	2.894304e-02	1.516149e-01	1.395988e-01	6.584576e-01	4.799889e-01
4197	7.837904e-01	9.168936e-01	3.044068e-02	3.805085e-02	1.993251e-01	9.488849e-02	9.884142e-01	6.601160e-02
5487	5.970248e-01	4.540284e-01	5.068229e-02	6.335286e-02	3.318668e-01	3.130699e-01	1.606784e-02	9.054022e-01
18264	7.804566e-01	2.539321e-01	5.262521e-02	6.578152e-02	3.445891e-01	2.006115e-01	5.748001e-01	3.488104e-01
2254	9.494747e-01	6.712073e-01	2.245109e-02	2.806386e-02	1.470094e-01	1.298956e-01	8.236919e-02	1.545656e-01
9332	2.775415e-01	9.583854e-01	3.461309e-02	4.326637e-02	2.266460e-01	2.115168e-01	5.492124e-01	8.933501e-01
31611	9.624942e-01	7.434793e-01	2.354955e-02	2.943694e-02	1.542021e-01	1.457927e-01	3.514057e-01	9.745589e-01
24420	9.469345e-01	5.624015e-01	2.176835e-02	2.721044e-02	1.425388e-01	7.033071e-02	1.208125e-01	9.610688e-01
20437	5.187985e-01	6.346228e-01	6.324764e-02	7.905956e-02	4.141446e-01	2.206832e-01	2.580311e-01	6.068756e-01
16777	3.805139e-01	1.415154e-01	3.111487e-02	3.889359e-02	2.037397e-01	2.005378e-01	7.686058e-01	6.476864e-01
19606	4.370946e-01	2.314978e-01	4.153709e-02	5.192137e-02	2.719842e-01	1.194433e-01	2.194260e-02	4.299206e-01
19948	6.976866e-01	2.431146e-01	2.624298e-02	3.280373e-02	1.718386e-01	6.276696e-02	5.468867e-01	8.282123e-01
23822	8.857532e-01	6.375279e-01	2.360560e-02	2.950700e-02	1.545691e-01	7.672823e-02	1.238945e-01	2.897086e-01
7120	4.466300e-01	6.207334e-01	2.198142e-02	2.747678e-02	1.439340e-01	1.287512e-01	8.383332e-01	9.928638e-01
15524	9.739182e-01	3.898715e-01	2.182713e-02	2.728391e-02	1.429237e-01	1.292538e-01	1.443754e-02	8.175816e-01
5074	4.148093e-01	4.160308e-01	7.830475e-02	9.788094e-02	5.127383e-01	2.671035e-01	1.826116e-02	3.357693e-01
1064	8.247420e-01	3.624600e-01	7.251983e-02	9.064979e-02	4.748587e-01	1.920746e-01	8.231913e-01	1.494049e-01
4396	5.115323e-01	3.862454e-01	4.092705e-02	5.115882e-02	2.679897e-01	2.619588e-01	9.317780e-01	3.665836e-02
8459	9.590992e-01	8.469394e-01	3.177633e-02	3.972041e-02	2.080709e-01	1.529202e-01	4.158788e-01	5.256737e-01
10547	7.946522e-01	1.109601e-01	4.250666e-02	5.313332e-02	2.783329e-01	2.783024e-01	9.463401e-01	5.947224e-01
2880	3.370313e-01	8.275689e-01	2.156349e-02	2.695436e-02	1.411974e-01	5.412510e-02	5.155080e-01	6.246337e-02
24465	3.977471e-01	2.085876e-01	2.370111e-02	2.962639e-02	1.551945e-01	1.518873e-01	5.392845e-01	1.772084e-01
23257	6.324587e-01	7.559704e-01	5.077965e-02	6.347457e-02	3.325044e-01	2.939472e-01	3.088969e-01	7.112079e-01
3351	4.663231e-01	2.970960e-01	3.528813e-02	4.411017e-02	2.310661e-01	1.005425e-01	6.708278e-01	5.000839e-01
1291	4.902970e-02	9.392269e-01	3.152590e-02	3.940738e-02	2.064311e-01	2.063698e-01	4.411818e-01	9.672580e-01
13955	5.750651e-01	1.426514e-01	4.760153e-02	5.950191e-02	3.116941e-01	2.601123e-01	8.909899e-01	2.896659e-01
8505	2.022200e-01	6.356597e-01	5.071507e-02	6.339384e-02	3.320815e-01	3.105938e-01	4.890647e-01	1.487308e-01
12151	5.399366e-01	9.508809e-01	3.744283e-02	4.680353e-02	2.451751e-01	1.550892e-01	6.672770e-01	8.225381e-01
808	2.831163e-01	9.194657e-01	3.588936e-02	4.486171e-02	2.350030e-01	8.473110e-02	4.630896e-02	2.201193e-01
5672	7.259379e-01	6.080011e-01	3.127824e-02	3.909780e-02	2.048094e-01	9.438651e-02	9.173201e-01	7.826461e-01
17043	8.289261e-01	8.252872e-01	4.255750e-02	5.319688e-02	2.786659e-01	2.782522e-01	5.562930e-01	8.956607e-01
20533	1.167141e-01	9.621791e-01	2.696880e-02	3.371100e-02	1.765913e-01	1.292670e-01	7.572105e-01	2.791599e-01
11487	1.600349e-01	5.571423e-01	3.429047e-02	4.286309e-02	2.245335e-01	1.320227e-01	9.126253e-01	8.360425e-01
27295	6.067277e-01	3.744316e-01	3.743004e-02	4.678755e-02	2.450913e-01	1.900243e-01	7.050416e-01	5.326342e-01
18645	9.119013e-02	5.536602e-01	7.057236e-02	8.821545e-02	4.621067e-01	4.065396e-01	9.603935e-01	5.556302e-01
7842	7.960147e-01	7.760839e-01	3.415842e-02	4.269802e-02	2.236688e-01	1.194996e-01	4.424927e-01	9.000799e-01
11375	8.068006e-01	5.568492e-01	3.299145e-02	4.123931e-02	2.160275e-01	6.960314e-02	2.288701e-02	6.131176e-02
31595	9.392673e-02	7.710165e-01	2.053817e-02	2.567271e-02	1.344836e-01	1.200700e-01	1.218107e-01	9.438638e-01
19580	5.678066e-01	8.941665e-01	2.439464e-02	3.049330e-02	1.597357e-01	1.414269e-01	8.499725e-01	6.395475e-01
6617	2.776080e-01	4.067924e-01	5.532614e-02	6.915768e-02	3.622747e-01	2.005062e-01	1.468831e-01	5.922938e-01
8803	4.177156e-01	1.386663e-01	3.145902e-02	3.932378e-02	2.059932e-01	1.500781e-01	4.486621e-01	6.053597e-01
24465	3.870837e-01	7.163488e-01	6.735979e-02	8.419974e-02	4.410709e-01	3.866871e-01	7.218253e-01	2.778846e-02
19949	5.888272e-01	6.323136e-01	6.641142e-02	8.301428e-02	4.348610e-01	3.745603e-01	9.887681e-01	4.599016e-01
28052	6.737623e-02	6.804580e-01	6.322527e-02	7.903159e-02	4.139981e-01	4.050969e-01	3.676663e-01	6.242934e-01
4752	8.614529e-01	4.990611e-01	4.374920e-02	5.468650e-02	2.864691e-01	1.663014e-01	5.758915e-01	5.187717e-01
7778	3.152039e-01	6.825512e-01	3.977604e-02	4.972005e-02	2.604529e-01	1.324755e-01	2.100761e-01	9.404359e-01
6685	6.456831e-01	2.669593e-01	7.637895e-02	9.547369e-02	5.001282e-01	3.894090e-01	6.812182e-01	6.447832e-01
19898	8.403891e-01	4.480855e-01	2.859520e-02	3.574400e-02	1.872409e-01	1.869059e-01	4.483775e-01	7.413444e-01
21415	7.734326e-01	8.233528e-01	3.182699e-02	3.978374e-02	2.084027e-01	2.049552e-01	3.287645e-01	1.261825e-02
27655	5.919214e-01	5.383825e-01	2.149885e-02	2.687357e-02	1.407742e-01	5.526518e-02	3.284058e-01	3.600104e-01
24388	9.553179e-01	1.214452e-01	2.464743e-02	3.080929e-02	1.613910e-01	6.397838e-02	7.601690e-01	4.549990e-01
26649	2.594463e-01	5.248320e-01	4.017977e-02	5.022471e-02	2.630965e-01	2.485831e-01	5.946955e-01	2.823859e-01
18343	1.973871e-01	4.554008e-01	2.520674e-02	3.150843e-02	1.650534e-01	1.411214e-01	6.019309e-01	3.105441e-01
16147	3.665904e-01	8.059763e-02	3.040993e-02	3.801242e-02	1.991238e-01	8.901241e-02	8.684233e-01	7.714914e-01
22680	9.037963e-01	7.863445e-01	3.019639e-02	3.774548e-02	1.977255e-01	1.701043e-01	5.543159e-01	6.538713e-01
24406	7.515823e-01	5.327597e-02	4.838957e-02	6.048696e-02	3.168541e-01	2.859725e-01	5.510553e-01	9.030025e-01
25812	7.351139e-01	2.781533e-01	3.025898e-02	3.782372e-02	1.981353e-01	1.974176e-01	1.029894e-01	6.288358e-01
16325	4.691414e-01	4.372880e-01	2.303170e-02	2.878963e-02	1.508112e-01	1.183328e-01	2.851132e-01	4.706905e-02
8878	1.281950e-01	2.333949e-01	2.808320e-02	3.510400e-02	1.838884e-01	1.777798e-01	6.699474e-01	4.565045e-01
21114	6.869626e-01	1.203254e-01	4.316824e-02	5.396030e-02	2.826649e-01	2.818595e-01	2.785657e-01	5.809110e-01
29104	3.153944e-01	8.226464e-01	2.203419e-02	2.754274e-02	1.442795e-01	1.237071e-01	9.991026e-01	2.093024e-01
16839	1.433666e-01	4.073626e-01	4.011730e-02	5.014663e-02	2.626875e-01	9.909360e-02	1.796024e-01	3.072060e-02
9176	7.963684e-01	4.418025e-01	2.574070e-02	3.217587e-02	1.685497e-01	1.524241e-01	4.562693e-01	9.133451e-01
25341	4.528440e-01	8.511552e-01	3.855560e-02	4.819449e-02	2.524614e-01	2.324610e-01	5.319033e-01	6.854396e-01
