27712	8.472957e-01	8.811270e-01	2.941559e-02	3.676948e-02	1.926128e-01	1.479565e-01	2.308008e-01	7.716189e-01
11155	2.251894e-01	1.002325e-01	7.444868e-02	9.306085e-02	4.874888e-01	2.481310e-01	5.354237e-01	5.672060e-01
25951	2.118597e-01	9.018624e-01	6.276447e-02	7.845559e-02	4.109808e-01	3.466255e-01	8.426697e-01	5.867620e-01
21630	1.595502e-01	5.649666e-01	3.704431e-02	4.630538e-02	2.425655e-01	1.004850e-01	4.884471e-01	9.371169e-01
30096	7.530285e-01	8.534843e-01	3.375519e-02	4.219398e-02	2.210284e-01	1.111684e-01	5.102317e-01	8.146919e-02
4354	4.533655e-01	6.133590e-02	2.654272e-02	3.317839e-02	1.738013e-01	1.567474e-01	2.601144e-01	3.761574e-01
16208	1.804858e-01	4.354920e-01	2.506379e-02	3.132974e-02	1.641173e-01	7.385453e-02	4.143463e-01	1.998093e-01
7904	4.872127e-01	4.351134e-01	2.675951e-02	3.344939e-02	1.752209e-01	1.739535e-01	9.282824e-01	7.350349e-01
2902	5.418021e-01	9.308685e-01	2.586500e-02	3.233125e-02	1.693636e-01	4.925894e-02	5.354990e-01	6.655932e-03
18722	1.379673e-01	1.744898e-01	2.354519e-02	2.943149e-02	1.541735e-01	1.534400e-01	1.016806e-01	3.884626e-01
17526	3.084215e-01	1.919092e-01	2.362990e-02	2.953737e-02	1.547282e-01	1.498257e-01	4.594828e-01	6.226888e-01
13683	1.582693e-01	6.675376e-01	4.570181e-02	5.712726e-02	2.992547e-01	2.027691e-01	2.082788e-01	2.072454e-01
17111	3.899651e-01	6.431787e-01	2.259528e-02	2.824410e-02	1.479535e-01	9.387955e-02	1.402320e-01	1.569175e-01
26698	6.857874e-02	3.321896e-01	6.867214e-02	8.584018e-02	4.496641e-01	4.447458e-01	5.085320e-01	6.859325e-01
25565	1.156086e-01	6.863606e-01	4.740193e-02	5.925242e-02	3.103871e-01	1.367862e-01	4.840032e-01	1.084382e-02
368	5.220347e-01	6.310563e-01	4.789984e-02	5.987479e-02	3.136474e-01	1.632758e-01	1.963989e-01	2.166384e-01
1537	6.857299e-01	3.000620e-01	2.761323e-02	3.451654e-02	1.808110e-01	1.729736e-01	4.948597e-02	8.225481e-02
27368	6.020917e-01	5.909856e-02	3.540203e-02	4.425254e-02	2.318120e-01	2.315826e-01	3.526087e-02	5.153145e-01
20859	3.819174e-01	4.855278e-01	6.865898e-02	8.582372e-02	4.495779e-01	1.976198e-01	1.186700e-01	2.679187e-01
32290	6.069786e-02	7.033868e-01	2.757278e-02	3.446598e-02	1.805461e-01	4.892812e-02	7.660989e-01	3.373132e-01
4449	5.333542e-01	4.023764e-01	2.309683e-02	2.887104e-02	1.512377e-01	1.412893e-01	5.319536e-01	1.967889e-01
16434	5.591016e-01	7.274586e-01	4.878721e-02	6.098401e-02	3.194579e-01	1.300271e-01	3.000772e-01	9.738022e-01
25545	2.115845e-01	5.268142e-01	7.214953e-02	9.018691e-02	4.724340e-01	4.717374e-01	1.905577e-01	3.246695e-01
8471	3.564172e-01	3.664593e-01	3.946820e-02	4.933525e-02	2.584372e-01	2.506061e-01	4.981951e-01	5.926416e-01
10761	6.359647e-01	3.338988e-01	2.258675e-02	2.823344e-02	1.478977e-01	1.353719e-01	2.480968e-02	1.866849e-01
6400	8.115507e-01	1.254011e-01	2.327777e-02	2.909721e-02	1.524225e-01	7.474546e-02	2.462209e-01	5.724357e-01
31771	1.793682e-01	8.016088e-01	3.419586e-02	4.274482e-02	2.239139e-01	1.910492e-01	6.809962e-01	1.001896e-01
25930	3.872564e-01	7.876119e-01	4.870056e-02	6.087570e-02	3.188905e-01	1.077327e-01	5.603376e-01	2.297290e-01
2110	8.475383e-01	5.641744e-01	7.537646e-02	9.422058e-02	4.935639e-01	3.680700e-01	4.302252e-01	1.176016e-01
21506	9.249149e-01	2.805253e-01	3.931322e-02	4.914152e-02	2.574223e-01	1.863215e-01	9.491541e-01	1.697726e-01
24291	2.158962e-01	2.942194e-01	2.308693e-02	2.885867e-02	1.511729e-01	4.708372e-02	1.268871e-01	3.555596e-01
7358	6.802848e-01	1.675748e-01	4.532979e-02	5.666224e-02	2.968188e-01	2.014902e-01	1.614943e-01	3.935527e-01
11153	1.139316e-01	5.735878e-02	2.352104e-02	2.940130e-02	1.540154e-01	9.431312e-02	6.834119e-01	1.411135e-02
14681	1.888077e-01	3.150899e-01	2.878979e-02	3.598724e-02	1.885151e-01	1.652358e-01	4.898297e-01	9.091602e-01
32169	2.810051e-01	6.910432e-01	4.037021e-02	5.046276e-02	2.643435e-01	2.480245e-01	6.057462e-01	7.236236e-01
16446	7.631706e-01	5.401657e-01	5.900807e-02	7.376008e-02	3.863839e-01	1.616691e-01	3.912709e-01	8.102947e-01
5743	2.108749e-01	6.153179e-01	3.597246e-02	4.496558e-02	2.355471e-01	8.367965e-02	2.335212e-01	8.671730e-01
31281	1.467181e-01	2.254913e-01	3.148661e-02	3.935827e-02	2.061739e-01	1.565394e-01	6.031858e-01	6.072136e-01
1788	4.768623e-01	1.076975e-01	4.880639e-02	6.100798e-02	3.195835e-01	2.572692e-01	2.136090e-01	1.050271e-01
19455	7.459075e-01	7.606513e-01	3.533388e-02	4.416735e-02	2.313657e-01	1.291184e-01	5.079096e-01	9.777989e-01
2959	3.384009e-01	8.887006e-01	4.090738e-02	5.113423e-02	2.678609e-01	2.554480e-01	9.341222e-02	4.849468e-01
24411	5.667295e-01	8.050246e-01	2.116432e-02	2.645540e-02	1.385836e-01	1.154571e-01	1.960270e-01	9.205848e-01
15097	7.574287e-01	7.082542e-01	3.562949e-02	4.453687e-02	2.333014e-01	1.250419e-01	5.008968e-01	4.119856e-01
7250	3.653319e-01	6.719266e-01	2.118544e-02	2.648180e-02	1.387219e-01	1.380642e-01	2.054076e-01	7.332046e-01
13146	9.376273e-01	1.770297e-01	6.385923e-02	7.982403e-02	4.181492e-01	3.761955e-01	3.865329e-01	9.822552e-01
1051	1.159469e-01	5.820221e-01	7.228495e-02	9.035618e-02	4.733207e-01	2.542626e-01	4.756539e-01	7.904336e-01
24692	6.217281e-02	7.735273e-01	2.359784e-02	2.949730e-02	1.545183e-01	1.530989e-01	3.681907e-01	3.870654e-01
6021	9.644685e-01	8.222975e-01	2.907682e-02	3.634603e-02	1.903946e-01	7.453901e-02	8.566317e-01	2.037040e-01
19764	2.707767e-01	3.821254e-01	7.160994e-02	8.951243e-02	4.689008e-01	4.510527e-01	9.699560e-01	6.769080e-02
9509	6.030803e-01	3.579890e-01	3.603931e-02	4.504914e-02	2.359849e-01	2.342782e-01	6.867376e-01	7.376847e-01
3609	2.855370e-01	2.506814e-01	2.700144e-02	3.375180e-02	1.768050e-01	1.767750e-01	3.081616e-01	9.766777e-01
12351	3.579449e-01	8.481350e-02	4.449429e-02	5.561786e-02	2.913479e-01	2.442727e-01	4.544700e-02	5.459086e-01
19897	1.465172e-01	8.371964e-01	2.168962e-02	2.711202e-02	1.420233e-01	1.065968e-01	4.005897e-01	1.927974e-01
14467	3.126969e-01	4.564873e-01	3.575244e-02	4.469055e-02	2.341064e-01	1.984151e-01	6.737910e-01	6.299298e-01
22203	3.964997e-01	9.698623e-02	2.555825e-02	3.194781e-02	1.673550e-01	1.673403e-01	1.810246e-01	4.912657e-01
16880	9.682405e-01	2.199230e-01	2.192912e-02	2.741140e-02	1.435915e-01	7.204419e-02	5.253204e-01	3.754248e-01
12522	4.618628e-01	2.882093e-01	3.907857e-02	4.884822e-02	2.558859e-01	2.042604e-01	6.298992e-01	4.924014e-01
14259	5.706021e-01	2.646011e-01	4.271443e-02	5.339304e-02	2.796934e-01	1.026703e-01	8.468552e-01	9.246927e-01
9107	4.549941e-01	5.639244e-01	2.770271e-02	3.462839e-02	1.813969e-01	7.631573e-02	3.762769e-01	7.827501e-01
21075	8.231891e-01	6.913079e-01	4.064957e-02	5.081197e-02	2.661728e-01	2.598533e-01	7.503035e-01	2.672037e-01
6844	6.815457e-01	4.681035e-01	4.139065e-02	5.173831e-02	2.710253e-01	1.787900e-01	4.176312e-01	7.727607e-01
20421	7.918053e-02	9.643033e-02	7.285364e-02	9.106705e-02	4.770445e-01	2.028839e-01	5.797395e-01	9.450039e-01
16300	2.095083e-01	8.334143e-01	2.873161e-02	3.591451e-02	1.881341e-01	1.817402e-01	8.054683e-01	1.298441e-01
20523	6.259280e-01	1.993155e-01	3.737543e-02	4.671928e-02	2.447337e-01	1.251495e-01	9.304764e-01	2.081364e-01
1430	9.564216e-01	5.431170e-01	2.732847e-02	3.416059e-02	1.789464e-01	1.616659e-01	3.610220e-01	4.845086e-01
8486	6.936359e-01	8.275173e-01	2.077076e-02	2.596345e-02	1.360066e-01	1.206969e-01	1.366190e-03	9.335186e-01
22005	1.019776e-01	4.627943e-01	2.539959e-02	3.174949e-02	1.663161e-01	1.254963e-01	6.091336e-01	9.068865e-01
16236	3.439067e-01	2.848797e-01	3.089363e-02	3.861704e-02	2.022910e-01	1.119147e-01	4.275549e-01	2.161450e-01
11325	7.789122e-01	7.318192e-02	5.751622e-02	7.189528e-02	3.766153e-01	2.964710e-01	5.953715e-01	6.831405e-01
32431	4.121983e-01	7.883622e-01	6.374440e-02	7.968050e-02	4.173973e-01	1.145394e-01	4.761624e-01	6.226027e-01
986	5.793687e-01	1.842067e-01	2.729475e-02	3.411844e-02	1.787256e-01	1.669618e-01	8.058583e-01	4.502614e-01
