20561	6.780951e-01	2.565567e-01	4.443168e-02	5.553960e-02	2.909379e-01	2.574228e-01	6.381106e-01	8.963197e-01
19105	8.955853e-01	7.088297e-01	3.254153e-02	4.067691e-02	2.130814e-01	1.501455e-01	2.590811e-01	3.811791e-01
31866	9.117093e-01	1.194783e-01	2.210196e-02	2.762744e-02	1.447233e-01	1.158265e-01	9.136412e-01	1.280974e-01
11728	3.630097e-01	7.821504e-01	3.395564e-02	4.244455e-02	2.223410e-01	2.168054e-01	4.831186e-01	6.095770e-01
17302	7.636738e-01	1.746507e-01	2.107611e-02	2.634514e-02	1.380060e-01	1.373274e-01	4.056859e-01	8.758210e-01
16456	9.077792e-02	7.924212e-01	3.620434e-02	4.525542e-02	2.370655e-01	8.621057e-02	5.048556e-01	3.105991e-01
1074	5.425230e-01	4.118998e-01	3.257238e-02	4.071547e-02	2.132834e-01	8.322425e-02	2.211770e-01	4.080309e-01
19058	8.783669e-01	3.157410e-01	4.312972e-02	5.391216e-02	2.824128e-01	8.286294e-02	3.874623e-01	8.389562e-01
27953	2.098594e-01	7.181822e-01	3.737276e-02	4.671595e-02	2.447163e-01	2.031625e-01	4.273645e-01	1.435066e-01
31482	2.914686e-01	8.609465e-01	2.324043e-02	2.905054e-02	1.521780e-01	1.517474e-01	8.711726e-01	3.246323e-01
5415	6.915785e-01	8.889776e-01	2.077014e-02	2.596267e-02	1.360025e-01	1.288589e-01	6.879460e-01	4.262062e-01
26406	2.507124e-01	7.262918e-01	2.722713e-02	3.403392e-02	1.782828e-01	1.676088e-01	6.236167e-01	6.627987e-01
15753	7.881616e-01	1.232111e-01	2.133579e-02	2.666973e-02	1.397064e-01	8.952150e-02	7.252771e-01	5.944588e-01
29191	6.952504e-01	7.542996e-01	4.611769e-02	5.764711e-02	3.019779e-01	2.929630e-01	9.551200e-01	2.532428e-01
23003	9.237075e-01	2.969937e-01	3.313751e-02	4.142188e-02	2.169839e-01	2.153101e-01	6.157529e-01	3.104210e-01
25548	8.415345e-01	6.825945e-01	2.962818e-02	3.703522e-02	1.940049e-01	1.894461e-01	7.415527e-01	6.792000e-01
1405	8.615750e-02	5.552003e-01	3.183223e-02	3.979029e-02	2.084369e-01	2.077351e-01	4.022745e-01	3.753439e-01
7261	1.367422e-01	5.192958e-01	6.948745e-02	8.685932e-02	4.550028e-01	2.362465e-01	7.672897e-01	8.278657e-01
9133	2.241105e-01	8.387717e-01	4.766014e-02	5.957518e-02	3.120779e-01	2.820684e-01	6.195496e-01	8.323314e-01
28073	6.687855e-01	5.052242e-01	2.228803e-02	2.786003e-02	1.459417e-01	1.373931e-01	8.965642e-01	9.863909e-01
15947	3.509297e-01	3.651392e-01	2.937429e-02	3.671787e-02	1.923424e-01	8.543393e-02	7.688448e-01	3.686501e-01
10257	2.846697e-01	8.151808e-01	3.358848e-02	4.198560e-02	2.199368e-01	1.661794e-01	2.023992e-01	4.684272e-01
14874	6.045210e-01	2.183039e-01	6.734914e-02	8.418642e-02	4.410011e-01	4.364203e-01	8.273984e-01	2.323479e-01
13158	7.592610e-01	4.972610e-02	2.153930e-02	2.692412e-02	1.410390e-01	1.180693e-01	1.229105e-01	8.547090e-01
19083	1.042455e-01	2.853151e-01	2.229450e-02	2.786813e-02	1.459840e-01	9.291509e-02	2.378371e-01	5.907443e-01
13529	8.636696e-01	3.519507e-01	2.602570e-02	3.253213e-02	1.704159e-01	1.487413e-01	7.198602e-01	1.919713e-02
442	2.538395e-01	4.364959e-01	4.502933e-02	5.628667e-02	2.948514e-01	2.335828e-01	1.747448e-01	7.682133e-01
13403	9.677542e-01	3.086196e-01	3.124111e-02	3.905139e-02	2.045663e-01	1.098653e-01	3.697754e-01	2.271839e-01
22978	7.630440e-01	8.629120e-01	5.118284e-02	6.397855e-02	3.351444e-01	2.760958e-01	6.495994e-01	3.598382e-01
2701	8.476412e-01	1.174183e-01	2.272316e-02	2.840395e-02	1.487909e-01	1.036428e-01	1.617893e-01	7.151008e-01
22264	7.977843e-01	7.049149e-01	2.321658e-02	2.902072e-02	1.520218e-01	1.242468e-01	3.198211e-01	7.387410e-01
30131	2.123901e-01	3.576983e-01	3.149711e-02	3.937139e-02	2.062426e-01	2.059924e-01	8.432170e-01	9.831136e-01
19549	2.600244e-01	3.321156e-01	3.528365e-02	4.410456e-02	2.310368e-01	1.589928e-01	7.670685e-01	4.477243e-02
25639	3.617219e-01	1.678964e-01	3.570861e-02	4.463577e-02	2.338194e-01	1.082543e-01	3.524544e-01	6.819402e-01
32084	6.538500e-01	8.412906e-01	2.576040e-02	3.220051e-02	1.686787e-01	6.618192e-02	8.978674e-01	5.689594e-02
3885	5.163889e-01	4.643600e-01	4.521678e-02	5.652098e-02	2.960788e-01	2.764966e-01	5.353882e-01	8.125891e-01
7780	4.751644e-01	2.599739e-01	2.276035e-02	2.845044e-02	1.490344e-01	4.343272e-02	2.276935e-01	2.916301e-01
23035	1.879706e-01	6.423976e-01	4.803606e-02	6.004507e-02	3.145394e-01	2.638451e-01	4.013558e-01	5.518330e-01
15716	7.616462e-01	6.791568e-01	2.788266e-02	3.485332e-02	1.825752e-01	1.595438e-01	6.264738e-01	4.180474e-01
4011	2.678992e-01	6.619299e-01	3.199344e-02	3.999180e-02	2.094926e-01	1.323414e-01	4.587772e-01	6.162690e-01
23863	6.617045e-01	3.989831e-01	2.078980e-02	2.598725e-02	1.361313e-01	1.286295e-01	3.007978e-01	3.428285e-01
22438	8.672288e-01	2.506871e-01	2.478022e-02	3.097527e-02	1.622605e-01	1.622151e-01	4.954811e-01	4.129136e-01
30650	3.226468e-01	3.887169e-01	2.700471e-02	3.375589e-02	1.768264e-01	1.345709e-01	7.103115e-01	2.341273e-01
10145	7.819023e-01	2.156002e-01	2.123532e-02	2.654415e-02	1.390485e-01	9.932508e-02	3.870712e-01	8.044913e-01
8352	6.915290e-01	6.358058e-01	2.198868e-02	2.748585e-02	1.439815e-01	7.840022e-02	5.800543e-01	2.190025e-01
30461	6.163954e-01	6.524626e-01	4.448859e-02	5.561073e-02	2.913106e-01	2.890185e-01	8.651170e-01	4.646252e-01
470	3.401422e-01	6.286959e-01	3.762796e-02	4.703495e-02	2.463873e-01	7.481637e-02	9.996267e-01	1.733279e-02
17275	5.527044e-02	3.551429e-01	2.808837e-02	3.511046e-02	1.839222e-01	7.942550e-02	2.662888e-01	1.419198e-01
1734	7.659737e-02	3.080294e-01	4.569343e-02	5.711679e-02	2.991999e-01	2.972491e-01	2.652955e-01	3.309208e-01
10977	3.486700e-01	4.672544e-01	3.063508e-02	3.829386e-02	2.005981e-01	1.732861e-01	5.431641e-01	7.445790e-01
1150	4.809073e-01	3.179045e-01	5.185840e-02	6.482300e-02	3.395680e-01	3.118308e-01	8.742780e-02	4.259992e-02
24239	5.863902e-01	3.696286e-01	3.698347e-02	4.622934e-02	2.421672e-01	2.329019e-01	2.722220e-01	9.156894e-02
26342	3.195201e-01	3.300437e-01	2.075611e-02	2.594514e-02	1.359107e-01	1.191713e-01	1.106699e-01	9.889909e-01
23983	7.823101e-02	3.086428e-02	2.202865e-02	2.753581e-02	1.442432e-01	1.398092e-01	4.593840e-01	6.721606e-01
15893	9.068967e-01	6.151673e-01	4.826469e-02	6.033087e-02	3.160365e-01	1.673091e-01	9.337122e-01	3.030277e-01
23251	2.585923e-01	9.322769e-01	4.785679e-02	5.982099e-02	3.133655e-01	2.733866e-01	4.553206e-01	2.844582e-01
29378	7.021870e-01	5.409819e-01	5.182685e-02	6.478356e-02	3.393614e-01	1.868193e-01	5.894332e-01	8.254766e-01
12632	7.583040e-01	4.356272e-01	3.107325e-02	3.884156e-02	2.034671e-01	1.396801e-01	9.917416e-01	4.631699e-01
6008	8.134765e-01	5.891085e-01	5.674395e-02	7.092994e-02	3.715585e-01	3.481116e-01	9.147413e-01	4.006688e-01
20157	6.366494e-01	4.696512e-01	4.630015e-02	5.787518e-02	3.031726e-01	1.541858e-01	5.626532e-01	7.900178e-01
5765	9.339173e-01	8.377818e-01	2.057193e-02	2.571491e-02	1.347047e-01	7.308547e-02	3.150256e-01	7.118223e-01
1978	1.277350e-01	6.294702e-01	6.031284e-02	7.539105e-02	3.949275e-01	3.896690e-01	5.570449e-01	8.551540e-01
16701	4.147318e-01	6.201206e-01	6.888423e-02	8.610528e-02	4.510528e-01	4.300408e-01	4.402293e-01	2.984745e-01
12798	7.214110e-01	4.010258e-01	3.818500e-02	4.773126e-02	2.500348e-01	2.497501e-01	4.085524e-01	7.161803e-01
12967	4.871926e-01	7.773958e-01	3.067062e-02	3.833827e-02	2.008307e-01	9.398549e-02	2.792294e-02	7.570788e-01
26308	3.035260e-02	8.706686e-01	2.439944e-02	3.049930e-02	1.597672e-01	1.109767e-01	4.710534e-01	2.311889e-01
8585	3.163756e-01	5.054648e-01	2.318569e-02	2.898211e-02	1.518195e-01	9.164590e-02	5.804517e-01	5.317104e-01
11026	8.409815e-01	6.654706e-02	2.106435e-02	2.633044e-02	1.379290e-01	4.328261e-02	6.465263e-01	2.435668e-01
529	7.107025e-01	6.744036e-01	4.102598e-02	5.128248e-02	2.686375e-01	1.948892e-01	9.064380e-01	4.902691e-01
15755	6.122235e-01	7.739981e-01	4.126577e-02	5.158222e-02	2.702076e-01	1.509472e-01	9.543323e-01	7.907432e-01
28718	2.961095e-01	3.503609e-01	2.951011e-02	3.688764e-02	1.932318e-01	6.616250e-02	4.997060e-01	7.900188e-01
24350	4.527415e-01	7.228779e-01	2.288278e-02	2.860348e-02	1.498361e-01	5.581899e-02	6.216918e-01	1.253841e-01
1455	9.644719e-01	2.508819e-01	3.659525e-02	4.574407e-02	2.396251e-01	2.347570e-01	2.118968e-01	8.090126e-02
12863	9.699832e-01	8.796672e-01	2.899344e-02	3.624180e-02	1.898486e-01	5.821779e-02	9.652359e-01	5.958038e-02
18085	8.683678e-01	4.478816e-01	4.084810e-02	5.106013e-02	2.674728e-01	2.348426e-01	8.835137e-01	4.332613e-01
11137	5.099907e-01	7.103835e-01	5.193140e-02	6.491425e-02	3.400460e-01	2.970903e-01	3.996929e-01	3.911393e-01
24193	5.694231e-01	8.123088e-01	2.166665e-02	2.708331e-02	1.418729e-01	9.757701e-02	4.326797e-01	2.325989e-01
28676	1.014725e-01	4.254328e-01	2.935522e-02	3.669402e-02	1.922175e-01	1.752208e-01	9.975196e-01	6.880066e-01
4628	8.908291e-02	9.178406e-01	2.758502e-02	3.448128e-02	1.806263e-01	1.778174e-01	7.873668e-01	3.343222e-01
29562	3.778698e-01	1.184824e-01	2.805575e-02	3.506969e-02	1.837086e-01	1.224178e-01	6.661740e-01	3.253065e-01
2456	5.565172e-01	4.389931e-01	2.620167e-02	3.275208e-02	1.715681e-01	8.955582e-02	7.280803e-01	7.799720e-03
27122	2.445739e-01	8.113682e-02	2.314525e-02	2.893156e-02	1.515547e-01	1.231475e-01	6.420919e-01	6.281077e-01
