17438	9.314115e-01	5.387897e-01	2.963785e-02	3.704732e-02	1.940682e-01	6.052029e-02	2.094706e-01	2.965102e-01
19297	3.057799e-01	5.518303e-01	5.305973e-02	6.632466e-02	3.474343e-01	3.220179e-01	6.416673e-01	6.640407e-01
10076	3.635801e-01	5.845693e-01	7.310584e-02	9.138230e-02	4.786959e-01	1.305564e-01	9.052757e-02	6.234437e-01
10532	9.562934e-01	2.530224e-01	3.676185e-02	4.595231e-02	2.407160e-01	6.807966e-02	3.583443e-01	4.703739e-01
2	1.841770e-01	8.328287e-01	5.612597e-02	7.015747e-02	3.675120e-01	3.675067e-01	1.264220e-01	9.391340e-01
13823	5.614411e-01	7.708695e-01	7.426723e-02	9.283404e-02	4.863007e-01	4.538879e-01	3.309411e-01	2.982801e-02
20643	8.140730e-01	2.028303e-01	7.886357e-02	9.857946e-02	5.163974e-01	1.586480e-01	9.862554e-01	4.492094e-01
3522	2.744711e-01	8.302396e-01	3.478764e-02	4.348455e-02	2.277889e-01	2.108573e-01	1.007110e-02	8.572810e-01
19797	8.235135e-01	5.929611e-01	3.697935e-02	4.622419e-02	2.421402e-01	2.110888e-01	2.531908e-01	7.724654e-01
22278	5.479269e-01	3.982086e-01	2.555947e-02	3.194934e-02	1.673630e-01	1.543211e-01	6.027378e-01	9.216451e-01
3241	2.689707e-01	6.982304e-01	2.327938e-02	2.909922e-02	1.524330e-01	9.944050e-02	5.054775e-01	6.467400e-01
29446	1.934501e-01	3.755629e-01	2.822304e-02	3.527880e-02	1.848040e-01	5.139279e-02	5.851595e-01	2.520183e-01
21367	9.465754e-01	9.652967e-01	2.841252e-02	3.551565e-02	1.860447e-01	5.845610e-02	1.249368e-01	8.702799e-01
27108	5.111251e-01	4.096138e-02	2.521385e-02	3.151731e-02	1.650999e-01	1.627309e-01	2.825380e-01	8.349376e-02
29515	1.848230e-01	1.951758e-01	3.571853e-02	4.464817e-02	2.338844e-01	2.223873e-01	1.565365e-01	8.621392e-01
1560	4.576579e-01	4.812382e-01	2.994085e-02	3.742607e-02	1.960522e-01	7.248789e-02	2.084404e-01	6.048153e-01
21098	8.581171e-01	3.271322e-01	4.531480e-02	5.664351e-02	2.967206e-01	2.707345e-01	3.577269e-01	2.173102e-01
19811	4.069489e-01	4.853825e-01	3.216025e-02	4.020031e-02	2.105848e-01	6.375703e-02	8.770380e-01	7.244498e-01
19550	5.885927e-01	4.851669e-01	2.276155e-02	2.845194e-02	1.490423e-01	4.224620e-02	3.957106e-01	1.786440e-01
19216	9.414137e-01	6.167904e-01	2.321544e-02	2.901929e-02	1.520143e-01	6.368083e-02	3.428200e-01	8.710766e-01
27387	7.958755e-01	3.493265e-01	2.274497e-02	2.843121e-02	1.489337e-01	1.235430e-01	4.479499e-01	6.448811e-01
13561	3.477462e-01	8.875214e-01	2.125797e-02	2.657247e-02	1.391969e-01	9.661554e-02	4.523256e-02	2.067686e-01
12318	2.123909e-01	7.534101e-01	3.232607e-02	4.040758e-02	2.116706e-01	1.743377e-01	8.075417e-01	7.108576e-01
27790	3.032613e-02	7.105638e-01	2.717277e-02	3.396597e-02	1.779269e-01	1.550492e-01	9.713922e-01	1.699812e-01
1138	2.543899e-01	4.519251e-01	7.495013e-02	9.368766e-02	4.907723e-01	2.344777e-01	2.029432e-01	8.753106e-01
24203	6.687904e-01	9.475314e-02	5.011666e-02	6.264582e-02	3.281631e-01	2.408235e-01	2.083206e-02	5.743464e-01
14223	7.260503e-01	8.497025e-01	3.405828e-02	4.257285e-02	2.230131e-01	1.918972e-01	1.263959e-01	1.334455e-01
8646	6.405105e-01	2.788360e-01	3.142405e-02	3.928006e-02	2.057642e-01	2.055329e-01	4.590246e-01	3.053574e-01
13243	8.915986e-01	4.580698e-01	6.743899e-02	8.429874e-02	4.415894e-01	3.590980e-01	8.973011e-01	2.456470e-01
8467	7.373143e-01	4.875324e-01	2.597578e-02	3.246972e-02	1.700890e-01	1.321061e-01	4.687891e-01	3.227246e-01
23630	2.643484e-01	7.799282e-01	3.533384e-02	4.416731e-02	2.313655e-01	1.940762e-01	6.660435e-01	5.257453e-01
10360	8.728331e-01	7.726025e-01	3.297414e-02	4.121768e-02	2.159142e-01	1.836974e-01	5.943839e-01	5.342804e-02
4194	9.413359e-01	1.738764e-01	6.168509e-02	7.710637e-02	4.039130e-01	2.398454e-01	4.884927e-01	4.572613e-01
29339	7.913290e-01	4.424953e-01	3.230288e-02	4.037861e-02	2.115188e-01	1.246110e-01	8.234556e-01	5.631684e-01
29831	8.332680e-02	6.882518e-01	4.448693e-02	5.560866e-02	2.912997e-01	2.190673e-01	2.776222e-01	9.771170e-01
9099	4.359449e-01	7.098383e-01	3.969778e-02	4.962223e-02	2.599405e-01	7.204844e-02	3.858789e-01	1.067376e-01
22788	1.297977e-01	4.778381e-01	2.345013e-02	2.931266e-02	1.535511e-01	1.506953e-01	7.961771e-01	9.382269e-01
6564	3.400496e-01	3.798975e-01	5.943377e-02	7.429221e-02	3.891714e-01	1.211215e-01	8.125719e-01	9.287126e-01
24225	7.032698e-01	6.281114e-01	3.865151e-02	4.831438e-02	2.530895e-01	2.498350e-01	7.177967e-01	4.550654e-01
1231	1.527643e-01	9.440730e-01	2.111189e-02	2.638986e-02	1.382403e-01	1.347931e-01	5.842089e-01	4.827511e-01
5111	9.092982e-01	2.553134e-01	5.034262e-02	6.292827e-02	3.296427e-01	2.258057e-01	5.074006e-01	1.328227e-01
4349	7.032103e-01	7.094698e-01	4.004184e-02	5.005230e-02	2.621933e-01	1.484777e-01	1.667956e-01	3.275439e-01
1060	6.073692e-01	5.158034e-01	3.315910e-02	4.144888e-02	2.171253e-01	9.120385e-02	7.115178e-01	1.865686e-01
6862	2.707623e-01	8.960882e-01	2.271439e-02	2.839298e-02	1.487334e-01	8.795042e-02	5.233004e-01	7.694279e-01
6416	5.322796e-01	4.827952e-01	2.935864e-02	3.669830e-02	1.922399e-01	1.132097e-01	3.827343e-03	7.145600e-01
1955	4.748878e-01	6.680809e-01	6.081389e-02	7.601736e-02	3.982084e-01	3.967437e-01	2.783624e-02	1.970947e-01
14650	9.137202e-02	5.486592e-01	2.615226e-02	3.269033e-02	1.712446e-01	4.713166e-02	5.302295e-01	6.606784e-01
18190	8.309138e-01	2.747363e-01	5.172417e-02	6.465521e-02	3.386890e-01	2.627061e-01	7.807658e-01	8.019643e-01
472	5.072815e-01	9.645043e-01	2.150919e-02	2.688648e-02	1.408418e-01	1.287690e-01	1.172404e-01	3.269495e-01
26171	7.264621e-01	3.995570e-01	4.156671e-02	5.195838e-02	2.721781e-01	2.021955e-01	3.885388e-02	2.959979e-01
6215	5.595221e-01	2.953875e-01	4.187949e-02	5.234937e-02	2.742263e-01	2.613472e-01	5.101145e-01	1.672590e-01
2990	5.207917e-01	2.729982e-01	4.577392e-02	5.721740e-02	2.997269e-01	1.856458e-01	4.478392e-01	8.764604e-01
11849	8.449866e-01	9.390019e-02	2.541177e-02	3.176471e-02	1.663959e-01	5.745118e-02	4.620898e-02	3.289562e-01
29586	4.448396e-01	1.154660e-01	4.049950e-02	5.062437e-02	2.651901e-01	2.466122e-01	9.988796e-02	8.871005e-01
26367	9.153184e-02	1.264323e-01	4.961685e-02	6.202107e-02	3.248904e-01	2.805907e-01	8.173898e-02	5.238709e-01
2388	3.007396e-01	2.332671e-01	5.297318e-02	6.621647e-02	3.468675e-01	3.468599e-01	1.133635e-02	6.013030e-01
31731	4.147014e-01	5.237779e-01	3.388496e-02	4.235620e-02	2.218782e-01	1.072364e-01	8.706208e-01	6.186733e-02
28192	4.352462e-01	8.873045e-01	6.787897e-02	8.484871e-02	4.444704e-01	3.210262e-01	2.545233e-01	7.014020e-01
25753	4.373526e-01	2.740603e-01	2.209888e-02	2.762360e-02	1.447031e-01	7.728826e-02	7.658637e-01	2.474530e-01
5678	1.751333e-01	4.065570e-01	3.637446e-02	4.546807e-02	2.381794e-01	1.865939e-01	8.766378e-02	2.963638e-01
26915	5.953265e-01	1.168084e-01	7.827488e-02	9.784360e-02	5.125427e-01	2.866056e-01	3.784293e-01	1.678368e-01
10743	7.276140e-01	2.484638e-01	3.805803e-02	4.757254e-02	2.492034e-01	1.334808e-01	6.200333e-01	5.594110e-02
28958	7.898413e-01	1.132459e-01	3.917573e-02	4.896966e-02	2.565221e-01	2.255267e-01	4.121999e-01	1.054435e-01
23881	1.326482e-01	7.199161e-01	3.938135e-02	4.922669e-02	2.578685e-01	1.370722e-01	5.253189e-01	2.468589e-03
21225	9.254751e-01	3.844906e-01	5.106824e-02	6.383530e-02	3.343940e-01	2.032941e-01	6.162655e-02	2.143960e-01
20322	1.713918e-01	3.053492e-01	5.640996e-02	7.051245e-02	3.693715e-01	1.939314e-01	5.466072e-01	5.297778e-01
24421	7.504640e-01	9.384196e-02	2.511119e-02	3.138899e-02	1.644277e-01	7.572008e-02	3.914892e-01	9.748078e-01
5614	9.659418e-01	3.475300e-01	2.183358e-02	2.729198e-02	1.429660e-01	1.222302e-01	3.598144e-01	2.412600e-01
21946	2.106266e-01	6.588905e-01	5.550416e-02	6.938020e-02	3.634404e-01	1.452130e-01	2.954886e-01	4.232465e-02
5960	6.582012e-01	8.959666e-01	7.347674e-02	9.184592e-02	4.811245e-01	4.479525e-01	7.305011e-01	5.327919e-01
26408	7.486744e-01	7.939848e-01	2.763003e-02	3.453754e-02	1.809210e-01	1.668727e-01	8.521523e-01	5.637727e-01
