15768	8.634892e-01	9.058218e-01	4.757321e-02	5.946651e-02	3.115086e-01	2.409987e-01	5.314993e-01	3.649686e-02
30149	3.577253e-01	4.781158e-01	4.136982e-02	5.171227e-02	2.708889e-01	2.546045e-01	6.733085e-01	1.011625e-01
12145	2.818213e-02	8.974745e-02	2.449974e-02	3.062467e-02	1.604239e-01	1.230706e-01	7.360046e-01	4.976258e-01
25564	1.722919e-01	2.040614e-01	6.824326e-02	8.530408e-02	4.468558e-01	4.019487e-01	4.210382e-01	2.870528e-02
17281	1.961134e-01	4.081329e-01	3.059900e-02	3.824876e-02	2.003618e-01	1.082861e-01	3.154919e-01	5.903685e-01
511	5.606884e-01	1.785673e-01	3.954144e-02	4.942680e-02	2.589167e-01	1.639346e-01	8.974140e-01	8.409825e-01
31943	2.794787e-01	5.430676e-01	5.226521e-02	6.533151e-02	3.422318e-01	3.422142e-01	5.823955e-01	9.755161e-01
5295	5.235807e-01	1.115453e-01	2.440158e-02	3.050197e-02	1.597811e-01	1.331463e-01	6.502412e-02	4.926094e-01
32108	4.520166e-01	1.593366e-01	2.188382e-02	2.735478e-02	1.432949e-01	1.219550e-01	8.133383e-01	3.876626e-01
4756	1.186855e-01	6.290625e-01	2.181991e-02	2.727489e-02	1.428764e-01	1.426993e-01	6.470700e-01	4.530507e-03
21311	2.407084e-01	4.335043e-01	3.186792e-02	3.983490e-02	2.086706e-01	9.081544e-02	6.727532e-01	8.836529e-01
20840	9.649553e-01	5.716377e-02	3.280226e-02	4.100282e-02	2.147887e-01	1.119528e-01	5.721969e-01	4.779186e-01
11464	3.529730e-01	9.597751e-01	2.425026e-02	3.031282e-02	1.587903e-01	4.842666e-02	2.603276e-02	8.045177e-01
11065	4.857905e-01	5.658210e-01	7.362005e-02	9.202506e-02	4.820629e-01	3.755885e-01	4.608922e-01	1.519915e-02
1683	9.423879e-01	2.927213e-01	2.204229e-02	2.755286e-02	1.443326e-01	1.164893e-01	2.316097e-02	5.758870e-01
18864	4.277590e-02	6.068385e-01	2.248247e-02	2.810309e-02	1.472149e-01	6.126594e-02	2.554972e-02	1.987054e-01
32065	2.419422e-01	6.671777e-01	2.192642e-02	2.740803e-02	1.435739e-01	1.359742e-01	9.952765e-01	2.807676e-01
17543	5.950367e-01	6.643966e-01	5.504563e-02	6.880703e-02	3.604379e-01	3.293059e-01	5.078242e-01	4.808083e-01
1890	1.290378e-01	7.173656e-01	3.355951e-02	4.194938e-02	2.197471e-01	1.782228e-01	3.251351e-01	9.435495e-01
8212	6.886205e-01	4.511418e-01	3.140601e-02	3.925751e-02	2.056461e-01	1.225939e-01	6.918535e-01	5.687099e-01
59	8.802968e-01	1.130372e-01	6.836357e-02	8.545446e-02	4.476436e-01	2.997904e-01	8.062870e-01	1.189065e-01
15078	5.085400e-01	9.301690e-01	2.781859e-02	3.477324e-02	1.821557e-01	1.554644e-01	2.861732e-01	6.178406e-01
23645	2.004742e-01	5.263623e-01	3.993297e-02	4.991622e-02	2.614805e-01	2.065949e-01	8.517929e-01	5.879576e-01
23728	8.403527e-01	1.888924e-01	2.077441e-02	2.596801e-02	1.360305e-01	1.141527e-01	4.103993e-01	3.807823e-01
16672	8.283912e-01	5.664686e-01	5.036582e-02	6.295727e-02	3.297946e-01	3.274167e-01	7.300103e-01	5.693698e-01
14284	7.079710e-01	3.868878e-01	2.404388e-02	3.005485e-02	1.574390e-01	1.274549e-01	2.793720e-02	1.437971e-01
7242	2.666182e-01	3.710979e-01	2.257250e-02	2.821562e-02	1.478044e-01	1.006838e-01	1.876265e-02	5.597844e-01
30995	5.959326e-01	2.285935e-01	2.434334e-02	3.042918e-02	1.593998e-01	1.306130e-01	2.517870e-01	7.217592e-01
32320	3.769018e-01	7.177611e-02	2.798331e-02	3.497914e-02	1.832343e-01	4.965236e-02	1.411922e-01	6.732496e-01
24568	8.301166e-01	7.381160e-02	2.972105e-02	3.715131e-02	1.946129e-01	1.467752e-01	8.721137e-01	6.766645e-01
11516	7.048655e-01	8.716970e-01	3.401444e-02	4.251806e-02	2.227261e-01	1.609584e-01	1.912777e-01	3.874675e-01
17575	2.872888e-01	1.996842e-01	3.783195e-02	4.728993e-02	2.477230e-01	1.652189e-01	5.990386e-01	4.471927e-01
29747	2.892826e-01	4.159254e-01	2.471569e-02	3.089461e-02	1.618380e-01	1.447948e-01	7.738650e-01	6.498829e-01
16727	4.358141e-01	6.396248e-01	2.224878e-02	2.781098e-02	1.456847e-01	1.183744e-01	5.704988e-01	8.587498e-01
30708	2.833865e-01	2.540973e-01	4.127441e-02	5.159302e-02	2.702642e-01	2.514472e-01	4.642579e-01	2.710502e-01
2292	2.069536e-01	9.106570e-01	2.194442e-02	2.743052e-02	1.436917e-01	7.953190e-02	5.127904e-01	7.325138e-01
1804	4.945607e-01	6.915739e-01	2.577199e-02	3.221499e-02	1.687546e-01	1.073482e-01	9.390738e-01	2.475094e-01
13635	9.581325e-01	7.585515e-01	2.863914e-02	3.579892e-02	1.875286e-01	1.793984e-01	1.864910e-01	6.954335e-01
16447	7.622353e-01	1.479056e-01	6.617775e-02	8.272218e-02	4.333309e-01	4.253127e-01	7.392330e-01	5.175194e-02
18557	2.768535e-01	7.467253e-01	2.057348e-02	2.571685e-02	1.347148e-01	8.201164e-02	1.550919e-01	1.801482e-02
22201	3.906498e-02	2.126885e-01	2.300544e-02	2.875681e-02	1.506393e-01	1.134407e-01	9.931598e-01	3.069630e-01
26628	3.446878e-01	1.645781e-01	2.383954e-02	2.979943e-02	1.561010e-01	1.539490e-01	5.590618e-01	4.387332e-01
10087	4.526043e-01	8.713872e-01	2.489438e-02	3.111798e-02	1.630080e-01	9.438320e-02	6.525826e-01	4.468226e-01
12483	5.722411e-02	8.961382e-01	2.833541e-02	3.541926e-02	1.855398e-01	1.761072e-01	1.075832e-01	9.951340e-01
1987	4.500596e-01	2.394942e-01	2.674161e-02	3.342702e-02	1.751037e-01	1.420994e-01	2.593546e-01	5.011453e-01
9142	7.541872e-01	3.871470e-01	2.329391e-02	2.911738e-02	1.525281e-01	1.521957e-01	6.152827e-01	6.644725e-01
23691	9.328021e-01	6.918004e-01	2.480609e-02	3.100761e-02	1.624299e-01	1.502484e-01	4.341565e-02	1.043260e-01
26345	1.875560e-01	6.657368e-02	3.230834e-02	4.038542e-02	2.115545e-01	7.558134e-02	8.209949e-01	2.546010e-01
15480	9.332672e-01	5.882104e-01	6.447317e-02	8.059146e-02	4.221693e-01	3.611613e-01	4.769214e-01	9.274046e-01
1643	1.320939e-01	8.800115e-01	6.049681e-02	7.562101e-02	3.961322e-01	2.200372e-01	8.737686e-03	8.924462e-01
21640	5.242773e-01	2.723837e-01	2.755497e-02	3.444371e-02	1.804295e-01	5.866829e-02	1.840054e-01	9.995247e-01
11930	1.317321e-01	4.340528e-01	7.567677e-02	9.459596e-02	4.955303e-01	4.914285e-01	6.670519e-01	2.615224e-01
25585	8.614581e-01	5.232538e-01	2.517684e-02	3.147106e-02	1.648576e-01	1.603407e-01	2.809705e-01	3.517810e-02
2671	4.012503e-01	5.971740e-01	4.149104e-02	5.186380e-02	2.716827e-01	2.512332e-01	1.039399e-01	7.798570e-01
28492	7.642951e-01	7.330183e-01	5.254593e-02	6.568242e-02	3.440700e-01	1.970530e-01	8.578363e-01	2.232562e-01
5762	9.862447e-02	8.393493e-01	2.377432e-02	2.971790e-02	1.556739e-01	1.412009e-01	6.528926e-01	8.792139e-01
16807	1.036912e-01	2.429271e-01	3.840654e-02	4.800818e-02	2.514855e-01	2.265978e-01	8.444159e-01	7.089243e-01
19578	3.544273e-01	3.110244e-01	2.635991e-02	3.294989e-02	1.726043e-01	1.098942e-01	2.388846e-01	8.489808e-02
15822	3.720099e-01	1.364652e-01	3.446112e-02	4.307639e-02	2.256508e-01	7.745489e-02	8.096573e-01	4.117826e-01
23917	9.195033e-01	8.968672e-01	3.518543e-02	4.398179e-02	2.303937e-01	1.249618e-01	6.171419e-01	5.386584e-01
16872	6.056336e-02	5.106612e-01	4.365633e-02	5.457042e-02	2.858610e-01	1.406480e-01	5.926839e-01	4.817953e-01
32412	7.025468e-01	2.304858e-01	3.109829e-02	3.887286e-02	2.036311e-01	9.079412e-02	3.144650e-01	9.895068e-01
6268	6.247696e-01	3.137050e-01	4.073759e-02	5.092198e-02	2.667491e-01	1.942570e-01	5.992860e-01	3.531396e-01
20340	2.586866e-01	7.913016e-02	4.180965e-02	5.226206e-02	2.737689e-01	2.508213e-01	1.832639e-02	1.301807e-01
16365	9.209170e-01	7.340212e-01	3.680058e-02	4.600073e-02	2.409697e-01	1.232400e-01	7.258360e-01	3.227007e-01
16863	5.986996e-01	7.490307e-01	4.137609e-02	5.172011e-02	2.709300e-01	1.114647e-01	2.620825e-01	1.914470e-01
3129	3.999673e-01	3.169657e-01	2.258687e-02	2.823359e-02	1.478985e-01	8.349222e-02	2.041905e-01	4.778728e-01
15385	1.834819e-01	4.384157e-01	2.260183e-02	2.825229e-02	1.479964e-01	6.720564e-02	7.589366e-01	1.465865e-01
15756	8.337801e-01	3.587719e-01	2.535095e-02	3.168869e-02	1.659977e-01	6.837381e-02	4.372025e-01	9.610593e-01
11832	6.592623e-01	7.147633e-01	2.704689e-02	3.380861e-02	1.771026e-01	1.642136e-01	8.572174e-01	4.970682e-01
16237	6.850966e-01	1.423352e-01	4.134366e-02	5.167958e-02	2.707177e-01	2.470536e-01	5.098349e-01	7.870190e-01
22882	1.696815e-01	3.045741e-01	4.620788e-02	5.775986e-02	3.025685e-01	8.063116e-02	8.694245e-01	6.209945e-01
23587	4.046848e-01	9.220160e-01	6.570381e-02	8.212977e-02	4.302276e-01	3.682075e-01	3.628862e-01	6.273931e-01
16021	1.604732e-01	8.565053e-02	2.335659e-02	2.919574e-02	1.529386e-01	9.551058e-02	5.043554e-02	2.992778e-01
