20473	4.766030e-01	6.891398e-01	6.965222e-02	8.706527e-02	4.560816e-01	3.322633e-01	2.900698e-01	9.723470e-02
3000	6.079678e-01	5.436955e-01	3.427927e-02	4.284909e-02	2.244601e-01	1.845497e-01	5.918396e-01	6.209270e-01
505	5.434373e-01	9.252220e-01	2.193565e-02	2.741957e-02	1.436343e-01	1.178532e-01	9.343532e-01	8.624658e-01
11116	6.667145e-01	6.185955e-01	4.017660e-02	5.022075e-02	2.630757e-01	1.514423e-01	8.117646e-01	3.992411e-01
32189	8.016046e-01	1.881321e-01	6.470468e-02	8.088084e-02	4.236852e-01	3.563002e-01	1.958743e-01	3.438430e-01
15288	3.543337e-01	8.513806e-01	5.268201e-02	6.585251e-02	3.449610e-01	1.392038e-01	2.034642e-01	3.829471e-01
24984	5.631126e-01	4.261498e-01	4.755480e-02	5.944351e-02	3.113881e-01	3.113869e-01	3.030252e-01	4.669525e-01
2284	7.203840e-01	3.624295e-01	2.349727e-02	2.937159e-02	1.538598e-01	1.485972e-01	3.763984e-01	5.478709e-01
4179	7.626859e-01	6.617917e-01	3.028730e-02	3.785912e-02	1.983207e-01	1.410420e-01	2.913038e-01	3.892723e-01
24576	2.033819e-01	5.022879e-01	4.037827e-02	5.047284e-02	2.643963e-01	2.519767e-01	3.495838e-01	1.397213e-01
17485	9.785823e-02	8.930562e-01	3.400421e-02	4.250526e-02	2.226590e-01	1.542010e-01	8.309486e-01	6.505032e-01
3967	6.776258e-01	4.526596e-01	6.482050e-02	8.102563e-02	4.244437e-01	4.244307e-01	1.692309e-01	6.265464e-01
22351	5.776956e-02	6.301375e-01	3.209188e-02	4.011485e-02	2.101371e-01	1.438611e-01	6.055722e-01	4.462287e-01
6678	5.503803e-01	5.790292e-02	4.035132e-02	5.043915e-02	2.642198e-01	2.553966e-01	7.605540e-01	7.557735e-01
14636	2.367161e-01	8.369041e-02	2.449665e-02	3.062081e-02	1.604037e-01	8.660882e-02	7.106483e-01	3.525956e-01
7865	1.191252e-01	6.548867e-01	2.134151e-02	2.667689e-02	1.397439e-01	8.981089e-02	5.117730e-01	3.102360e-01
29918	8.893325e-01	6.721048e-01	3.298634e-02	4.123293e-02	2.159941e-01	2.122221e-01	3.648741e-01	9.387567e-01
31621	2.190230e-01	3.126088e-01	3.747736e-02	4.684670e-02	2.454012e-01	1.121759e-01	6.969225e-01	6.141808e-01
25256	6.065643e-01	7.151338e-02	4.781647e-02	5.977058e-02	3.131015e-01	2.321643e-01	6.812089e-01	9.828258e-01
14957	5.941865e-01	1.587477e-01	6.986274e-02	8.732843e-02	4.574602e-01	3.801074e-01	6.630575e-01	7.358021e-01
7702	4.169151e-01	4.451830e-01	3.171729e-02	3.964662e-02	2.076843e-01	2.076698e-01	5.434458e-01	6.770502e-01
14991	2.772583e-01	4.246106e-01	2.492781e-02	3.115977e-02	1.632269e-01	4.580888e-02	1.812595e-01	8.065095e-01
12595	4.283322e-01	7.659355e-01	6.531307e-02	8.164134e-02	4.276690e-01	2.986701e-01	9.861994e-01	4.099045e-01
5053	8.814738e-01	3.560200e-01	2.224020e-02	2.780025e-02	1.456285e-01	1.385343e-01	4.592052e-01	6.966941e-01
6079	5.175331e-01	5.583732e-01	2.891700e-02	3.614624e-02	1.893480e-01	1.722719e-01	3.043191e-01	9.758102e-01
24545	6.111762e-01	2.554191e-01	2.055254e-02	2.569068e-02	1.345777e-01	9.662706e-02	8.155681e-01	3.244636e-01
6943	1.349063e-01	5.632076e-01	4.926133e-02	6.157666e-02	3.225624e-01	1.441621e-01	9.054651e-01	1.574222e-01
30920	7.197943e-01	8.650218e-02	4.606343e-02	5.757929e-02	3.016226e-01	2.038360e-01	9.008455e-01	3.904858e-01
25859	8.100083e-01	7.591078e-01	3.801470e-02	4.751837e-02	2.489196e-01	2.158552e-01	5.372075e-01	8.568699e-01
13657	5.715685e-01	8.282769e-01	2.141667e-02	2.677084e-02	1.402360e-01	5.370292e-02	9.599305e-01	7.744353e-01
17845	1.884108e-01	7.073484e-01	4.223164e-02	5.278956e-02	2.765322e-01	2.255245e-01	4.890686e-01	6.957738e-03
20017	5.473022e-02	7.008555e-01	2.638122e-02	3.297653e-02	1.727438e-01	1.473902e-01	7.027019e-02	9.408160e-01
20336	7.780054e-01	9.872754e-02	5.333021e-02	6.666276e-02	3.492054e-01	3.427522e-01	1.076956e-02	5.125922e-02
17001	5.792777e-01	6.966347e-01	2.258697e-02	2.823372e-02	1.478991e-01	1.300205e-01	6.044254e-03	1.076241e-01
21378	8.609064e-01	5.332954e-01	6.626346e-02	8.282932e-02	4.338921e-01	3.410405e-01	4.005596e-01	2.650887e-01
25305	1.750738e-01	4.249938e-01	5.205372e-02	6.506715e-02	3.408470e-01	2.694040e-01	3.797669e-01	9.289837e-01
15059	8.728088e-01	6.208686e-01	3.504546e-02	4.380683e-02	2.294772e-01	1.085241e-01	9.991558e-01	9.640624e-01
31811	4.893718e-01	1.623256e-01	5.969232e-02	7.461541e-02	3.908644e-01	3.638040e-01	4.938227e-01	5.283150e-01
6598	1.439764e-01	3.455170e-01	3.515626e-02	4.394532e-02	2.302026e-01	6.945086e-02	4.893186e-02	4.158051e-01
32564	9.600285e-01	3.045240e-01	4.219297e-02	5.274122e-02	2.762789e-01	1.407412e-01	5.895786e-01	7.336172e-01
12383	8.464260e-01	8.495205e-01	2.454058e-02	3.067572e-02	1.606913e-01	1.031298e-01	7.920671e-01	7.882118e-01
23058	6.205988e-01	4.078679e-01	5.744776e-02	7.180970e-02	3.761670e-01	1.963826e-01	4.228261e-01	6.575512e-02
22596	3.398308e-01	2.669599e-01	4.530023e-02	5.662528e-02	2.966252e-01	2.900133e-01	3.522151e-01	4.869880e-01
4491	8.990321e-01	1.992784e-01	3.832335e-02	4.790419e-02	2.509407e-01	1.814493e-01	5.490115e-01	6.872994e-01
5569	4.024017e-02	5.001544e-01	3.564392e-02	4.455490e-02	2.333958e-01	1.202046e-01	4.538621e-01	5.518466e-01
5738	3.653680e-01	7.402060e-01	2.748126e-02	3.435157e-02	1.799468e-01	1.715739e-01	6.613381e-01	6.766911e-01
7038	8.837289e-02	5.730126e-01	3.552506e-02	4.440632e-02	2.326175e-01	1.922508e-01	6.137581e-01	6.827429e-01
14613	5.792069e-02	9.196559e-02	3.394357e-02	4.242946e-02	2.222620e-01	1.925760e-01	8.172341e-01	5.475879e-01
16716	7.002555e-01	5.779603e-01	2.542499e-02	3.178124e-02	1.664824e-01	1.634994e-01	6.793459e-01	2.956315e-01
3259	9.604319e-01	1.766917e-01	3.540586e-02	4.425733e-02	2.318370e-01	2.188735e-01	5.199553e-01	5.818392e-01
31425	6.385984e-01	8.859622e-01	4.840991e-02	6.051239e-02	3.169873e-01	1.537143e-01	2.860417e-01	7.919234e-01
19163	3.504709e-01	5.813706e-01	3.956090e-02	4.945113e-02	2.590442e-01	8.720166e-02	6.189932e-01	6.924695e-01
4190	9.536718e-01	4.988245e-01	3.013989e-02	3.767487e-02	1.973556e-01	9.727368e-02	8.977818e-01	2.528009e-01
32581	9.198251e-02	6.352356e-01	2.848394e-02	3.560492e-02	1.865124e-01	1.818196e-01	2.925173e-01	2.827797e-01
15152	9.322191e-02	3.839090e-01	4.792107e-02	5.990134e-02	3.137864e-01	2.702513e-01	2.849209e-01	5.297632e-01
3487	4.543607e-01	9.498830e-01	3.479239e-02	4.349049e-02	2.278200e-01	1.997074e-01	7.233579e-01	6.314380e-01
4949	2.210132e-01	7.468821e-01	3.412984e-02	4.266230e-02	2.234817e-01	1.165489e-01	2.901333e-01	3.669697e-03
27313	7.896791e-01	4.952072e-01	5.638936e-02	7.048671e-02	3.692367e-01	9.953657e-02	4.403280e-01	6.503975e-01
12651	8.316735e-01	8.965431e-01	6.022171e-02	7.527713e-02	3.943308e-01	1.561076e-01	8.943841e-01	4.206509e-02
3394	9.304441e-01	6.005073e-01	2.110926e-02	2.638658e-02	1.382231e-01	9.313797e-02	5.021298e-01	3.713981e-01
15537	5.777142e-01	2.960790e-01	2.266478e-02	2.833098e-02	1.484086e-01	1.461293e-01	2.178601e-01	1.188915e-02
3416	6.781847e-01	7.810946e-01	2.814309e-02	3.517887e-02	1.842805e-01	8.648908e-02	9.332073e-01	8.364067e-01
4987	7.883775e-01	3.930461e-01	7.133259e-02	8.916573e-02	4.670847e-01	4.591508e-01	7.897846e-01	5.931255e-01
27957	4.826446e-01	2.524224e-01	3.087590e-02	3.859487e-02	2.021749e-01	8.216102e-02	4.392655e-01	9.364984e-01
29877	5.999973e-01	6.451876e-01	2.660852e-02	3.326065e-02	1.742322e-01	7.093169e-02	5.136914e-02	3.907287e-01
26807	2.170203e-01	1.671359e-01	3.337935e-02	4.172418e-02	2.185674e-01	1.478929e-01	5.392363e-01	6.341523e-01
26400	4.454953e-01	3.569359e-01	2.407987e-02	3.009983e-02	1.576746e-01	8.909048e-02	3.519422e-01	2.321847e-01
32071	8.948029e-01	3.051432e-01	2.563156e-02	3.203945e-02	1.678351e-01	1.675751e-01	5.817473e-01	7.460887e-01
12936	8.934019e-01	4.442153e-01	2.445945e-02	3.057431e-02	1.601601e-01	1.239905e-01	9.354247e-01	6.978413e-01
17147	7.452911e-01	5.323933e-01	2.215319e-02	2.769149e-02	1.450588e-01	1.350076e-01	6.690157e-01	3.178517e-01
607	2.921773e-01	2.394705e-01	2.323562e-02	2.904452e-02	1.521465e-01	1.249068e-01	4.787530e-02	2.088618e-01
20298	1.525597e-01	7.580920e-01	3.261758e-02	4.077197e-02	2.135794e-01	1.672565e-01	5.098229e-01	7.663552e-02
1614	1.178643e-01	5.652534e-02	3.290762e-02	4.113452e-02	2.154786e-01	1.380847e-01	7.290756e-01	8.913983e-01
31153	3.031628e-01	3.780584e-01	2.307261e-02	2.884076e-02	1.510791e-01	1.494235e-01	4.592564e-01	5.602715e-01
3913	4.861943e-01	6.240194e-01	2.634338e-02	3.292922e-02	1.724960e-01	1.110171e-01	6.089385e-01	1.682644e-01
20300	1.378831e-01	2.642924e-01	2.992167e-02	3.740209e-02	1.959266e-01	1.543776e-01	5.351331e-01	8.594617e-01
25229	7.991847e-01	3.170680e-01	2.257805e-02	2.822256e-02	1.478407e-01	1.371180e-01	2.106412e-01	5.074445e-01
