17359	4.994246e-01	3.835878e-01	5.147509e-02	6.434387e-02	3.370581e-01	1.316420e-01	2.364191e-01	3.911459e-02
13252	2.311845e-01	3.297220e-01	4.095549e-02	5.119436e-02	2.681759e-01	2.679250e-01	7.890029e-01	7.011928e-01
27906	6.257073e-01	6.306679e-01	6.233100e-02	7.791374e-02	4.081424e-01	1.608213e-01	1.706676e-01	4.930354e-01
3616	9.828702e-02	5.468928e-01	3.274411e-02	4.093014e-02	2.144079e-01	1.400613e-01	4.655664e-01	8.791854e-01
3531	6.630419e-01	5.726992e-01	4.911307e-02	6.139133e-02	3.215916e-01	1.075465e-01	6.047278e-01	4.836513e-01
10885	2.670303e-01	9.265017e-01	2.426448e-02	3.033060e-02	1.588834e-01	1.543035e-01	8.478213e-02	3.627296e-01
8836	3.897084e-01	7.795102e-01	2.597013e-02	3.246266e-02	1.700520e-01	1.136997e-01	3.462733e-02	6.965382e-01
4486	6.910166e-01	8.213906e-01	3.070407e-02	3.838009e-02	2.010498e-01	5.448241e-02	5.621145e-01	6.635685e-01
28002	2.164063e-01	4.657803e-01	3.601012e-02	4.501266e-02	2.357937e-01	2.265183e-01	9.605052e-01	5.473679e-01
20992	5.564697e-01	7.338500e-01	4.551310e-02	5.689137e-02	2.980191e-01	2.514839e-01	6.950458e-02	3.827982e-01
32381	1.919745e-01	2.853837e-01	3.810716e-02	4.763395e-02	2.495251e-01	2.269742e-01	3.786947e-01	2.268361e-01
10578	2.547835e-01	4.642012e-01	3.852951e-02	4.816189e-02	2.522906e-01	6.589111e-02	3.237590e-01	4.281475e-01
8143	7.807626e-01	1.673167e-01	2.441733e-02	3.052166e-02	1.598843e-01	6.636197e-02	2.184861e-01	4.294976e-01
24502	2.684012e-01	6.736978e-01	3.717412e-02	4.646765e-02	2.434155e-01	1.447706e-01	6.162525e-01	2.608283e-01
12710	1.392290e-01	4.639895e-01	2.641927e-02	3.302408e-02	1.729929e-01	1.675864e-01	8.630194e-01	9.996334e-01
14240	5.903431e-01	4.665247e-01	3.803814e-02	4.754768e-02	2.490732e-01	7.802540e-02	8.796316e-01	4.037267e-01
29744	9.117837e-01	8.387208e-01	5.302955e-02	6.628694e-02	3.472367e-01	3.103112e-01	4.761878e-01	2.711647e-01
436	9.374745e-01	6.192357e-01	2.801828e-02	3.502285e-02	1.834633e-01	1.728302e-01	2.260013e-01	6.733534e-01
27576	3.248003e-01	8.259199e-01	3.685954e-02	4.607443e-02	2.413557e-01	2.412047e-01	6.992679e-01	3.184156e-01
5006	7.143517e-01	4.621438e-01	2.174396e-02	2.717995e-02	1.423791e-01	1.415300e-01	1.972282e-01	7.070101e-02
22819	6.794692e-01	9.291839e-01	2.492331e-02	3.115413e-02	1.631974e-01	1.567942e-01	1.953872e-01	2.729858e-01
8439	3.706858e-02	2.753328e-01	3.416133e-02	4.270167e-02	2.236879e-01	9.913280e-02	6.830096e-01	2.577673e-03
27431	1.772543e-01	7.770607e-01	3.756311e-02	4.695389e-02	2.459627e-01	2.459461e-01	7.856925e-01	2.819412e-01
2993	1.906587e-01	2.256336e-01	2.529834e-02	3.162293e-02	1.656532e-01	1.492601e-01	9.333394e-01	6.820992e-01
25498	7.573256e-01	9.120034e-01	2.979308e-02	3.724135e-02	1.950846e-01	1.258907e-01	7.798274e-01	2.797094e-01
12652	6.393416e-01	4.225677e-01	2.454965e-02	3.068706e-02	1.607507e-01	7.360122e-02	9.712965e-01	8.455339e-01
30172	5.526446e-02	7.399072e-01	2.162832e-02	2.703540e-02	1.416219e-01	1.047773e-01	9.251451e-01	4.522198e-01
19759	4.345148e-01	5.775581e-01	2.866783e-02	3.583479e-02	1.877165e-01	1.697356e-01	6.113957e-01	4.028425e-02
12792	8.160250e-01	4.213221e-01	3.588495e-02	4.485619e-02	2.349741e-01	6.742382e-02	6.670978e-01	4.445394e-01
29078	2.378966e-01	3.732087e-01	2.943807e-02	3.679759e-02	1.927600e-01	5.233109e-02	6.552827e-01	3.202510e-01
12190	8.606094e-01	9.144974e-01	2.118596e-02	2.648245e-02	1.387253e-01	1.349712e-01	1.386593e-01	8.740225e-01
19465	5.161669e-01	5.685130e-01	2.586012e-02	3.232515e-02	1.693317e-01	1.687331e-01	8.087812e-01	4.367925e-01
26823	9.087306e-01	6.514353e-01	3.151765e-02	3.939706e-02	2.063771e-01	1.300583e-01	8.956712e-01	8.833469e-01
32375	5.682208e-01	5.252783e-01	3.539087e-02	4.423858e-02	2.317388e-01	1.617673e-01	5.990743e-01	1.290625e-01
20057	9.221486e-01	3.599859e-01	2.102632e-02	2.628290e-02	1.376800e-01	4.850469e-02	2.400919e-01	9.155349e-01
12072	6.308820e-01	3.059599e-01	2.547519e-02	3.184399e-02	1.668112e-01	6.107921e-02	6.868238e-01	5.098006e-01
3260	4.823403e-01	6.904943e-01	4.562302e-02	5.702877e-02	2.987388e-01	2.987365e-01	9.886566e-01	1.007451e-01
21509	2.789580e-01	4.498671e-01	2.912397e-02	3.640496e-02	1.907033e-01	1.782858e-01	7.009014e-01	8.883703e-01
14810	5.723999e-01	2.275961e-01	5.417364e-02	6.771705e-02	3.547282e-01	2.138377e-01	5.560753e-01	6.716351e-02
9145	9.155778e-01	4.925404e-01	5.567587e-02	6.959484e-02	3.645647e-01	3.638060e-01	1.807347e-01	5.088883e-01
14515	1.161487e-01	6.036378e-01	2.769159e-02	3.461449e-02	1.813241e-01	1.470824e-01	1.727002e-01	8.057246e-01
27993	8.989299e-01	7.025361e-01	2.986652e-02	3.733315e-02	1.955655e-01	1.951154e-01	1.721431e-01	5.581289e-01
26458	4.228836e-01	4.465146e-02	2.399062e-02	2.998827e-02	1.570902e-01	8.445810e-02	6.764493e-01	9.543558e-01
25063	2.076733e-01	5.896205e-01	2.737014e-02	3.421267e-02	1.792192e-01	1.355853e-01	8.944560e-01	7.124990e-01
30605	3.659216e-01	1.145569e-01	7.194765e-02	8.993456e-02	4.711121e-01	1.540050e-01	5.743203e-01	9.113867e-01
17560	7.226138e-01	4.090139e-01	2.065157e-02	2.581446e-02	1.352261e-01	5.829078e-02	8.637983e-01	2.354355e-02
10548	7.611785e-01	8.734127e-01	2.273769e-02	2.842212e-02	1.488861e-01	1.327298e-01	3.749796e-01	5.179117e-01
12537	6.530517e-01	2.524261e-01	2.542285e-02	3.177857e-02	1.664684e-01	1.568259e-01	3.045409e-01	2.250124e-01
12618	8.269898e-01	8.786348e-01	2.097864e-02	2.622330e-02	1.373678e-01	1.360072e-01	4.294789e-01	6.368669e-02
29124	2.828744e-02	1.188168e-01	2.396911e-02	2.996138e-02	1.569493e-01	5.162619e-02	9.787602e-01	5.208187e-01
7799	2.956332e-02	6.163573e-01	2.685599e-02	3.356999e-02	1.758526e-01	9.194520e-02	1.132109e-01	4.625524e-01
25371	1.568453e-01	6.772420e-01	4.687439e-02	5.859299e-02	3.069328e-01	2.805535e-01	9.300886e-01	8.231147e-01
13539	7.952102e-01	3.865248e-01	3.421397e-02	4.276747e-02	2.240326e-01	2.235499e-01	5.436043e-01	1.764577e-01
30602	2.400880e-01	9.493447e-01	2.602065e-02	3.252582e-02	1.703828e-01	1.473951e-01	1.159672e-01	3.498562e-01
27561	8.030607e-01	6.552042e-01	5.623604e-02	7.029505e-02	3.682327e-01	2.683555e-01	6.805026e-01	5.764023e-01
2658	4.981288e-01	1.156160e-01	2.134976e-02	2.668720e-02	1.397979e-01	1.268540e-01	9.026502e-01	9.423999e-01
23294	1.711656e-01	6.148388e-01	2.827446e-02	3.534307e-02	1.851407e-01	1.817571e-01	3.192726e-01	4.202218e-01
2678	4.687412e-01	2.747739e-01	6.722642e-02	8.403302e-02	4.401975e-01	3.904193e-01	4.624649e-01	1.596268e-01
21343	2.295964e-01	8.324156e-01	2.916399e-02	3.645499e-02	1.909654e-01	7.655957e-02	8.582994e-01	7.053655e-01
1045	5.712361e-01	1.644528e-01	3.588534e-02	4.485668e-02	2.349767e-01	8.864261e-02	1.612863e-01	5.063459e-01
29813	9.397528e-01	6.488530e-01	2.855716e-02	3.569645e-02	1.869919e-01	5.933224e-02	9.459072e-02	9.238004e-01
13950	6.958356e-01	5.910857e-01	3.680078e-02	4.600097e-02	2.409709e-01	1.921913e-01	4.094223e-02	1.591377e-01
782	4.662744e-01	1.027520e-01	2.137912e-02	2.672390e-02	1.399902e-01	1.373547e-01	2.776895e-01	1.600761e-01
27572	1.782954e-01	4.747002e-01	2.269799e-02	2.837249e-02	1.486261e-01	1.085663e-01	4.685144e-01	5.954079e-01
31745	1.572016e-01	3.542185e-01	3.401187e-02	4.251483e-02	2.227092e-01	1.721432e-01	1.143208e-01	8.080345e-01
7907	2.481800e-01	1.454376e-01	2.102784e-02	2.628480e-02	1.376900e-01	1.187078e-01	7.710115e-01	4.714307e-01
9771	7.718182e-01	7.829485e-01	3.068813e-02	3.836016e-02	2.009454e-01	1.466826e-01	4.929102e-01	4.142916e-01
20829	6.258726e-01	9.276462e-01	5.091131e-02	6.363914e-02	3.333665e-01	1.407365e-01	2.910318e-01	4.715236e-01
4875	6.002436e-01	9.521111e-01	2.256159e-02	2.820199e-02	1.477330e-01	7.792801e-02	2.877047e-01	6.811592e-01
5674	3.803283e-01	4.974648e-01	3.439222e-02	4.299027e-02	2.251997e-01	1.384104e-01	4.713280e-01	6.776867e-01
8644	5.723321e-01	8.190072e-01	3.190386e-02	3.987982e-02	2.089060e-01	2.084643e-01	5.930774e-01	4.370285e-01
21384	8.192629e-01	4.505927e-01	2.647785e-02	3.309731e-02	1.733766e-01	6.022607e-02	6.101129e-01	3.164754e-01
12614	3.367045e-01	5.412195e-01	5.374772e-02	6.718466e-02	3.519393e-01	3.155465e-01	3.053624e-01	1.087988e-01
22764	1.491185e-01	8.533786e-01	5.645315e-02	7.056644e-02	3.696544e-01	3.085240e-01	4.531109e-01	2.232540e-01
23545	4.001579e-02	4.292973e-01	2.334258e-02	2.917822e-02	1.528468e-01	6.308835e-02	9.345271e-01	6.972400e-01
25537	7.209153e-01	1.301768e-01	5.094093e-02	6.367616e-02	3.335604e-01	1.510401e-01	7.929427e-02	2.006615e-01
