10489	2.287801e-01	7.097055e-02	2.789716e-02	3.487146e-02	1.826702e-01	1.334055e-01	9.580251e-01	2.491889e-01
20588	5.403517e-01	1.032862e-01	2.192627e-02	2.740784e-02	1.435729e-01	7.186910e-02	6.251182e-02	5.926001e-01
13965	5.235347e-01	1.723183e-01	2.082040e-02	2.602550e-02	1.363316e-01	9.121826e-02	7.760310e-01	5.919164e-01
2870	6.824764e-01	5.999605e-01	6.585647e-02	8.232059e-02	4.312272e-01	1.535147e-01	4.670062e-01	5.431224e-01
290	6.459437e-01	4.672130e-01	5.341514e-02	6.676893e-02	3.497615e-01	1.097921e-01	3.302698e-01	5.051772e-01
5354	4.344503e-01	8.519013e-01	3.408148e-02	4.260186e-02	2.231650e-01	2.196770e-01	6.139065e-01	2.783135e-01
12096	3.325649e-01	3.398414e-01	5.275770e-02	6.594713e-02	3.454566e-01	2.159995e-01	3.371931e-01	6.506750e-01
28770	5.438790e-01	3.354307e-01	4.462533e-02	5.578167e-02	2.922060e-01	2.470912e-01	1.553511e-01	4.224562e-02
15909	8.143223e-01	1.087898e-01	3.548894e-02	4.436117e-02	2.323810e-01	2.151028e-01	8.683582e-01	5.389816e-01
32679	9.384183e-01	3.273706e-01	4.750024e-02	5.937530e-02	3.110309e-01	3.106900e-01	8.726985e-01	7.665251e-01
6658	6.993608e-01	4.699799e-01	2.879947e-02	3.599934e-02	1.885785e-01	1.111221e-01	6.641920e-02	1.118164e-01
6633	2.727839e-01	1.050926e-01	3.115321e-02	3.894151e-02	2.039907e-01	2.022602e-01	9.989498e-01	8.768851e-02
19574	7.138461e-01	8.572876e-01	2.903758e-02	3.629698e-02	1.901377e-01	1.247924e-01	5.803743e-01	1.921488e-01
31985	1.040986e-01	8.540343e-01	2.776749e-02	3.470936e-02	1.818211e-01	1.687014e-01	9.711760e-01	3.955906e-01
22916	4.314576e-02	3.360857e-01	2.659233e-02	3.324042e-02	1.741262e-01	1.337003e-01	2.168538e-01	9.189696e-03
32336	6.500231e-01	6.096366e-02	2.909830e-02	3.637288e-02	1.905352e-01	1.861661e-01	2.756935e-01	7.803398e-01
26696	5.716166e-01	8.895577e-01	3.695390e-02	4.619237e-02	2.419736e-01	1.620835e-01	9.431914e-01	4.367081e-01
32540	5.575972e-02	8.593757e-01	2.436725e-02	3.045906e-02	1.595564e-01	1.288019e-01	7.276639e-01	2.299411e-01
7243	7.770608e-01	4.539390e-02	2.082483e-02	2.603104e-02	1.363607e-01	6.098918e-02	2.301604e-01	5.483677e-01
4086	1.156444e-01	5.188610e-02	3.110765e-02	3.888456e-02	2.036924e-01	1.064868e-01	3.961543e-01	8.560051e-02
13699	1.776800e-01	4.004611e-02	2.176913e-02	2.721141e-02	1.425439e-01	1.327271e-01	2.641320e-01	7.568195e-01
7200	5.235855e-01	2.614273e-01	6.740494e-02	8.425617e-02	4.413665e-01	2.182014e-01	1.459511e-01	3.876817e-01
20850	5.551158e-01	8.480066e-01	2.447921e-02	3.059901e-02	1.602895e-01	1.582475e-01	1.709302e-01	1.511212e-01
31230	5.314314e-02	2.868208e-01	3.316693e-02	4.145866e-02	2.171765e-01	2.171397e-01	2.276246e-01	6.862455e-01
26685	7.753365e-02	9.095667e-01	5.012949e-02	6.266186e-02	3.282471e-01	2.596189e-01	5.833049e-01	8.628631e-01
15294	1.263815e-01	7.087567e-01	5.596495e-02	6.995618e-02	3.664576e-01	3.514661e-01	3.916308e-01	6.437832e-01
1244	4.989979e-01	8.757460e-01	3.957450e-02	4.946813e-02	2.591332e-01	8.709106e-02	6.959257e-01	7.940958e-01
10423	2.817985e-01	6.122049e-01	3.405389e-02	4.256736e-02	2.229843e-01	1.712511e-01	5.909230e-01	8.221782e-01
14863	6.598860e-01	9.068800e-01	3.473730e-02	4.342163e-02	2.274593e-01	2.109951e-01	3.550339e-01	2.258026e-01
24817	4.499283e-01	5.543992e-01	3.089119e-02	3.861399e-02	2.022751e-01	2.018332e-01	2.918829e-01	2.985409e-01
14496	6.626593e-01	2.699071e-01	2.289824e-02	2.862280e-02	1.499373e-01	8.735293e-02	8.206967e-01	5.124882e-01
32098	5.870112e-01	4.925709e-01	2.493884e-02	3.117355e-02	1.632991e-01	4.268421e-02	2.250980e-01	4.559998e-01
6114	1.162803e-01	2.232387e-01	3.624842e-02	4.531052e-02	2.373541e-01	1.134469e-01	9.754465e-01	6.425029e-01
15133	8.140280e-01	8.225429e-01	2.718470e-02	3.398087e-02	1.780050e-01	1.471246e-01	4.900963e-01	4.027797e-01
2064	2.132274e-01	1.715535e-01	4.147270e-02	5.184087e-02	2.715626e-01	1.530426e-01	4.821362e-01	9.634941e-01
12015	1.912482e-01	3.763344e-01	2.350412e-02	2.938015e-02	1.539046e-01	1.478710e-01	1.131758e-01	9.792955e-01
32432	9.337343e-02	4.771351e-01	3.902894e-02	4.878617e-02	2.555609e-01	1.986278e-01	5.715695e-01	5.481380e-01
3591	7.078372e-01	3.401480e-01	5.274526e-02	6.593158e-02	3.453752e-01	1.594003e-01	3.758692e-01	4.862572e-01
26915	8.515967e-01	8.053028e-01	2.214842e-02	2.768552e-02	1.450275e-01	1.395375e-01	2.294234e-01	6.877854e-01
17731	2.383329e-01	2.265994e-01	2.186039e-02	2.732548e-02	1.431415e-01	1.420185e-01	4.540326e-02	8.444339e-01
3727	3.681493e-01	3.040927e-01	2.235712e-02	2.794640e-02	1.463941e-01	5.811948e-02	2.154687e-01	2.732777e-01
10527	3.685563e-01	2.279192e-01	7.054726e-02	8.818408e-02	4.619424e-01	4.179544e-01	9.643750e-01	3.026182e-01
32166	2.428466e-01	7.843510e-01	2.232872e-02	2.791089e-02	1.462081e-01	1.192550e-01	8.869876e-01	8.075878e-01
18460	3.315256e-01	5.029000e-01	6.372765e-02	7.965957e-02	4.172877e-01	3.990342e-01	5.757215e-01	4.476301e-01
14196	5.609690e-01	6.044583e-01	4.591259e-02	5.739073e-02	3.006349e-01	1.822098e-01	8.744559e-02	6.847353e-01
8355	4.494187e-01	6.837002e-01	4.986646e-02	6.233307e-02	3.265248e-01	1.921779e-01	1.888010e-01	3.696625e-01
19658	5.245178e-01	6.949637e-01	2.063475e-02	2.579344e-02	1.351160e-01	1.010018e-01	8.884458e-01	9.397752e-02
19778	1.196000e-01	5.479292e-01	5.685206e-02	7.106508e-02	3.722664e-01	1.055222e-01	6.175796e-01	1.975499e-01
12093	8.658579e-01	6.075134e-01	2.897556e-02	3.621945e-02	1.897315e-01	1.533339e-01	5.911851e-01	2.333760e-01
1997	2.971065e-01	9.056440e-01	3.487099e-02	4.358874e-02	2.283347e-01	9.531678e-02	4.326110e-01	8.229718e-01
5349	3.595869e-01	6.090180e-01	2.530545e-02	3.163182e-02	1.656997e-01	1.532908e-01	2.422488e-01	4.275130e-01
29198	1.058635e-01	3.274038e-01	3.422300e-02	4.277876e-02	2.240917e-01	1.518686e-01	7.634250e-02	2.774089e-01
9251	5.143629e-01	6.114409e-01	2.734103e-02	3.417628e-02	1.790286e-01	9.608877e-02	9.302765e-01	8.371279e-01
16825	6.298189e-01	9.635354e-01	3.011578e-02	3.764473e-02	1.971977e-01	1.631901e-01	6.587117e-01	7.858667e-01
13387	8.735904e-01	7.042110e-01	2.625527e-02	3.281908e-02	1.719191e-01	1.706419e-01	9.005830e-01	6.306912e-01
1064	5.915975e-01	7.376109e-01	5.558916e-02	6.948645e-02	3.639969e-01	2.650481e-01	3.627116e-01	6.584247e-01
10158	5.453836e-01	7.784028e-01	2.153238e-02	2.691547e-02	1.409937e-01	1.181398e-01	7.639752e-01	9.125879e-01
6672	9.197560e-01	9.386133e-01	2.055471e-02	2.569339e-02	1.345919e-01	7.238275e-02	1.061066e-01	3.795194e-01
1114	6.824887e-01	7.030218e-01	5.526692e-02	6.908365e-02	3.618869e-01	3.258738e-01	1.460516e-01	2.604283e-01
28704	1.849714e-01	3.238239e-01	2.356364e-02	2.945455e-02	1.542943e-01	7.337679e-02	1.462423e-01	5.676412e-01
9909	8.523537e-01	5.272594e-01	2.625407e-02	3.281759e-02	1.719113e-01	1.474686e-01	5.972157e-01	5.415641e-01
17444	4.223539e-02	6.419504e-01	2.855578e-02	3.569472e-02	1.869828e-01	1.249012e-01	4.007756e-01	1.169996e-01
18372	5.352691e-01	9.543581e-01	2.461292e-02	3.076615e-02	1.611650e-01	1.049893e-01	7.369505e-01	2.804235e-01
19175	5.890739e-01	6.845047e-01	2.143872e-02	2.679840e-02	1.403804e-01	8.769420e-02	7.636376e-02	6.118553e-01
22418	1.324231e-01	9.038005e-01	2.305221e-02	2.881526e-02	1.509455e-01	1.445569e-01	1.415185e-01	6.088899e-01
13525	5.749967e-01	1.729353e-01	2.760345e-02	3.450432e-02	1.807470e-01	1.244387e-01	5.138735e-01	7.365166e-01
30959	7.916313e-01	2.447637e-01	2.903284e-02	3.629105e-02	1.901066e-01	1.822395e-01	5.439820e-01	6.669233e-01
18372	2.273088e-01	7.063687e-01	3.039119e-02	3.798899e-02	1.990011e-01	1.827132e-01	7.650655e-01	5.607004e-01
2824	4.391266e-01	3.881664e-01	3.154990e-02	3.943738e-02	2.065883e-01	1.856241e-01	3.535725e-01	1.403516e-01
29745	4.933802e-01	1.145276e-01	4.381914e-02	5.477393e-02	2.869271e-01	2.578366e-01	2.105643e-01	4.239757e-01
22161	5.163844e-01	8.251563e-01	3.823359e-02	4.779199e-02	2.503530e-01	2.368305e-01	7.365111e-01	9.219344e-01
27475	4.791558e-01	2.208204e-01	2.424661e-02	3.030826e-02	1.587664e-01	7.562093e-02	9.160323e-01	5.442270e-01
27249	9.035763e-01	5.489452e-01	2.846833e-02	3.558542e-02	1.864102e-01	1.328465e-01	3.561295e-01	2.993700e-01
21321	4.140872e-01	8.164655e-02	2.404048e-02	3.005059e-02	1.574167e-01	7.363891e-02	8.107588e-01	3.484706e-01
2050	7.181351e-02	6.843381e-01	2.358630e-02	2.948288e-02	1.544427e-01	1.458147e-01	1.840616e-01	4.503526e-01
5092	2.743581e-01	6.732197e-01	2.342376e-02	2.927970e-02	1.533784e-01	8.006272e-02	4.426977e-01	8.623926e-01
24642	3.735912e-01	1.294488e-01	4.383964e-02	5.479955e-02	2.870613e-01	1.293238e-01	7.686901e-01	6.560703e-01
