9399	1.044715e-01	1.203847e-01	7.018250e-02	8.772812e-02	4.595539e-01	2.083583e-01	3.925315e-01	6.708713e-01
12677	4.167907e-01	8.008144e-01	5.176102e-02	6.470127e-02	3.389303e-01	3.287277e-01	7.995865e-01	7.076942e-01
5825	6.667774e-01	2.919578e-01	3.230056e-02	4.037571e-02	2.115036e-01	1.386179e-01	1.505840e-01	1.286594e-01
6330	2.472174e-01	7.834499e-01	2.658768e-02	3.323460e-02	1.740957e-01	9.038711e-02	9.775950e-01	3.318672e-01
32016	2.276220e-01	5.363955e-02	4.932730e-02	6.165913e-02	3.229944e-01	1.443349e-01	1.350356e-01	1.684517e-01
15228	6.195248e-01	9.023002e-01	6.053751e-02	7.567189e-02	3.963987e-01	1.202685e-01	4.457351e-01	2.759406e-01
24256	2.971866e-01	5.649834e-01	4.630994e-02	5.788742e-02	3.032368e-01	1.007508e-01	4.647932e-01	6.982094e-01
19019	3.422532e-01	9.121941e-01	2.109044e-02	2.636305e-02	1.380999e-01	1.229784e-01	2.400869e-01	3.882760e-01
10680	9.696818e-01	5.621793e-01	2.086956e-02	2.608695e-02	1.366536e-01	8.135723e-02	3.795549e-01	7.080808e-01
19199	2.065550e-01	9.304494e-01	2.111774e-02	2.639718e-02	1.382787e-01	1.282509e-01	2.655961e-01	3.085694e-01
19703	1.487871e-01	4.924510e-01	5.428810e-02	6.786012e-02	3.554776e-01	9.888065e-02	9.364123e-01	1.714239e-02
22727	8.209432e-01	1.331366e-01	5.429506e-02	6.786882e-02	3.555232e-01	3.284677e-01	8.532136e-01	2.445580e-01
22301	8.995391e-01	5.231112e-01	6.941103e-02	8.676378e-02	4.545023e-01	3.527440e-01	7.811721e-01	9.500128e-01
20015	2.592513e-01	1.312805e-01	5.358318e-02	6.697897e-02	3.508618e-01	2.967430e-01	2.665820e-01	7.636606e-01
7319	3.573658e-01	5.735339e-01	6.349361e-02	7.936701e-02	4.157551e-01	2.346997e-01	4.287962e-01	3.374101e-01
10530	2.854193e-01	3.330201e-01	5.221112e-02	6.526390e-02	3.418776e-01	1.596387e-01	3.511686e-01	7.512782e-01
28305	5.841044e-01	5.686696e-01	3.984748e-02	4.980936e-02	2.609207e-01	2.359482e-01	1.171402e-01	7.898813e-01
18123	2.839806e-01	8.126834e-01	2.263113e-02	2.828891e-02	1.481883e-01	9.504870e-02	9.447074e-01	1.930549e-01
12628	5.452178e-01	4.540339e-01	2.881895e-02	3.602368e-02	1.887060e-01	1.796235e-01	2.297811e-01	8.650390e-01
12270	6.957236e-01	9.180806e-01	4.985252e-02	6.231564e-02	3.264335e-01	1.888936e-01	8.811426e-01	8.651306e-01
30470	4.563631e-01	8.894462e-01	2.373545e-02	2.966931e-02	1.554193e-01	1.409296e-01	7.625483e-01	7.355737e-01
17710	1.411340e-01	3.962199e-01	3.129948e-02	3.912435e-02	2.049485e-01	1.880794e-01	1.525004e-01	7.892485e-01
9388	6.036221e-01	1.221556e-01	3.641284e-02	4.551605e-02	2.384307e-01	2.384283e-01	6.055529e-01	9.994173e-01
18665	7.706111e-01	9.596454e-01	3.793089e-02	4.741361e-02	2.483709e-01	1.527435e-01	9.167651e-01	1.415219e-01
10946	7.504698e-01	8.377571e-01	5.501582e-02	6.876978e-02	3.602428e-01	2.805299e-01	5.218714e-01	4.099766e-01
250	4.608309e-02	6.027869e-01	2.345105e-02	2.931381e-02	1.535571e-01	1.464030e-01	9.924105e-01	3.207821e-01
17570	6.741951e-01	7.249834e-01	5.442285e-02	6.802856e-02	3.563600e-01	3.247719e-01	9.496472e-01	3.679576e-01
6846	2.965472e-02	2.261414e-01	2.654989e-02	3.318737e-02	1.738483e-01	7.182346e-02	9.631838e-01	5.415256e-01
3868	4.759795e-01	7.777736e-01	3.129335e-02	3.911669e-02	2.049084e-01	5.332702e-02	3.924278e-01	3.419453e-01
31144	1.264242e-01	6.162114e-01	3.194575e-02	3.993219e-02	2.091803e-01	1.391129e-01	5.043935e-01	9.649071e-01
7723	8.568987e-01	4.576478e-01	2.861268e-02	3.576584e-02	1.873554e-01	1.691862e-01	8.163521e-01	2.004980e-01
2825	7.346117e-01	2.968630e-01	3.392592e-02	4.240739e-02	2.221464e-01	2.205484e-01	3.410937e-01	4.705432e-01
22105	2.314801e-01	6.773896e-01	6.150791e-02	7.688489e-02	4.027528e-01	3.816580e-01	2.523489e-01	5.481471e-01
29898	7.901764e-01	7.822378e-01	2.463759e-02	3.079699e-02	1.613265e-01	8.769503e-02	8.234523e-01	7.762425e-01
20598	1.055184e-01	4.795500e-01	2.423481e-02	3.029351e-02	1.586892e-01	9.531528e-02	4.608355e-01	5.418143e-01
11888	7.135057e-01	4.081228e-01	4.356864e-02	5.446080e-02	2.852868e-01	2.240293e-01	1.712226e-01	9.409039e-02
17830	4.600432e-01	7.166372e-01	2.991483e-02	3.739353e-02	1.958818e-01	1.405751e-01	6.710887e-01	4.988098e-03
28342	4.881104e-01	2.246760e-01	2.459726e-02	3.074657e-02	1.610624e-01	1.481756e-01	4.703485e-02	7.074628e-02
21571	3.023180e-01	4.132647e-01	2.861430e-02	3.576788e-02	1.873660e-01	1.783019e-01	4.555672e-01	5.172203e-02
20491	6.803305e-01	2.004125e-01	5.159672e-02	6.449589e-02	3.378545e-01	3.198956e-01	4.090814e-01	1.369486e-01
13918	7.745823e-01	6.357674e-01	2.233386e-02	2.791732e-02	1.462418e-01	8.107301e-02	9.169702e-01	4.254839e-02
10269	4.312806e-01	6.087977e-01	2.464664e-02	3.080830e-02	1.613858e-01	1.609807e-01	7.057428e-01	4.240397e-01
16810	2.748810e-01	2.070995e-01	2.468296e-02	3.085369e-02	1.616236e-01	1.005710e-01	3.139047e-01	9.833142e-01
1697	8.921425e-01	9.224726e-01	3.643478e-02	4.554347e-02	2.385744e-01	1.854545e-01	4.788908e-01	7.649211e-01
22978	3.480070e-01	4.914401e-01	2.817481e-02	3.521851e-02	1.844882e-01	1.567232e-01	5.170982e-01	5.676369e-01
20610	8.315967e-01	2.075990e-01	2.672454e-02	3.340567e-02	1.749919e-01	1.276424e-01	6.816170e-01	1.282547e-01
17156	9.384712e-01	6.850407e-01	2.058685e-02	2.573357e-02	1.348024e-01	6.686115e-02	3.417611e-01	9.753800e-01
20806	7.108941e-02	6.598838e-01	6.956242e-02	8.695302e-02	4.554936e-01	4.086108e-01	4.841389e-01	4.442673e-01
32084	1.239984e-01	4.516888e-01	2.577509e-02	3.221887e-02	1.687749e-01	6.493322e-02	8.280642e-01	3.617811e-01
23191	2.206646e-01	2.070315e-01	6.404905e-02	8.006131e-02	4.193922e-01	2.850436e-01	6.953669e-01	2.599443e-01
31325	4.541267e-01	6.170585e-01	2.595928e-02	3.244909e-02	1.699809e-01	4.524212e-02	8.666775e-01	8.883538e-02
18942	1.301493e-01	7.520796e-01	3.962164e-02	4.952705e-02	2.594419e-01	1.143177e-01	9.269690e-01	8.861920e-03
7209	7.139986e-01	1.400734e-01	3.219786e-02	4.024732e-02	2.108311e-01	1.580185e-01	5.727259e-01	4.524241e-01
21130	5.930013e-01	8.155865e-01	2.551603e-02	3.189504e-02	1.670786e-01	1.469380e-01	9.581778e-01	3.642668e-01
4094	2.073719e-01	7.652982e-01	2.998453e-02	3.748067e-02	1.963383e-01	1.874362e-01	4.215844e-01	8.312153e-01
16757	6.835532e-01	5.374584e-01	3.082601e-02	3.853251e-02	2.018482e-01	1.937368e-01	3.217025e-01	4.493939e-01
20263	1.795161e-01	4.209537e-01	2.829610e-02	3.537013e-02	1.852824e-01	1.291976e-01	7.809209e-01	3.701086e-01
29723	5.426396e-01	1.522901e-01	5.852531e-02	7.315663e-02	3.832228e-01	1.866049e-01	1.159814e-01	1.086105e-01
18435	6.687869e-01	6.189732e-01	3.413318e-02	4.266647e-02	2.235035e-01	1.883265e-01	1.804013e-01	9.358523e-01
11524	7.267872e-01	5.980185e-01	6.361494e-02	7.951868e-02	4.165497e-01	1.311910e-01	1.359907e-01	1.285427e-01
18897	6.270776e-01	6.351188e-01	4.116321e-02	5.145402e-02	2.695361e-01	2.682901e-01	8.111327e-01	5.809200e-01
18308	4.851112e-01	4.538596e-01	4.717996e-02	5.897496e-02	3.089337e-01	1.452375e-01	2.956550e-01	8.770953e-01
9922	9.419806e-01	9.595972e-01	2.993303e-02	3.741629e-02	1.960010e-01	1.788217e-01	1.427867e-01	6.751542e-01
20772	8.060641e-01	4.491674e-01	6.282591e-02	7.853238e-02	4.113831e-01	1.816927e-01	8.145920e-01	3.774899e-01
27028	2.001439e-01	8.087608e-01	2.378026e-02	2.972533e-02	1.557128e-01	1.302384e-01	2.926407e-01	2.083551e-01
30888	1.338738e-01	6.041823e-02	3.446329e-02	4.307912e-02	2.256651e-01	1.171054e-01	9.410200e-02	8.424663e-01
10029	8.278060e-01	3.115216e-01	3.332528e-02	4.165659e-02	2.182134e-01	1.761242e-01	6.823611e-01	1.856702e-01
15692	9.133110e-01	3.279128e-01	2.657546e-02	3.321933e-02	1.740157e-01	5.473872e-02	3.210136e-01	3.495073e-02
6352	1.330657e-01	5.488678e-01	2.128260e-02	2.660325e-02	1.393581e-01	1.102844e-01	1.285212e-01	7.446490e-01
778	5.771292e-01	7.579410e-02	3.484335e-02	4.355419e-02	2.281537e-01	2.229611e-01	3.463894e-01	2.081806e-02
1882	5.613198e-01	8.847125e-01	4.873510e-02	6.091888e-02	3.191167e-01	2.012767e-01	2.284823e-01	7.119792e-01
22244	4.056112e-01	3.101484e-01	4.831791e-02	6.039739e-02	3.163849e-01	2.845200e-01	6.051211e-01	7.812691e-01
17848	3.693920e-01	2.114308e-01	5.950257e-02	7.437821e-02	3.896219e-01	3.759718e-01	1.419483e-01	6.326749e-01
6004	1.887439e-01	8.186447e-02	5.731236e-02	7.164045e-02	3.752805e-01	3.112478e-01	1.102967e-01	5.426355e-01
21731	2.098015e-01	8.924081e-01	2.935410e-02	3.669262e-02	1.922102e-01	1.858794e-01	1.080713e-01	1.284311e-01
6867	1.275196e-01	8.579943e-01	6.625673e-02	8.282091e-02	4.338480e-01	3.633283e-01	8.848973e-01	3.052977e-01
29216	1.901423e-01	6.081910e-01	2.409057e-02	3.011321e-02	1.577447e-01	1.572039e-01	4.447379e-01	7.607144e-01
