2244	1.039367e-01	9.073036e-01	2.090501e-02	2.613126e-02	1.368857e-01	8.138156e-02	7.556986e-01	5.984490e-02
27958	8.979701e-01	5.316886e-01	2.376096e-02	2.970120e-02	1.555864e-01	1.430389e-01	3.843225e-01	8.858383e-01
4159	7.552541e-01	5.963935e-01	6.913330e-02	8.641663e-02	4.526838e-01	2.861003e-01	9.052263e-01	7.217487e-01
28089	4.509024e-01	1.239266e-01	2.125271e-02	2.656589e-02	1.391624e-01	1.228223e-01	5.052589e-02	9.979079e-01
6663	1.670919e-01	1.249068e-01	4.342572e-02	5.428215e-02	2.843509e-01	8.383659e-02	2.219237e-01	9.318736e-01
32096	7.652449e-02	5.526438e-01	2.882557e-02	3.603196e-02	1.887494e-01	1.136562e-01	6.966495e-01	1.373497e-01
19229	7.600066e-01	4.102701e-01	3.009827e-02	3.762283e-02	1.970830e-01	1.969722e-01	4.021933e-01	5.947252e-01
8100	8.502891e-01	8.533655e-01	2.896380e-02	3.620475e-02	1.896545e-01	1.778985e-01	3.440839e-01	9.427207e-01
19345	2.373530e-01	8.633926e-01	7.518886e-02	9.398608e-02	4.923355e-01	4.390479e-01	8.501608e-01	9.104014e-01
10383	8.335283e-01	1.697096e-01	4.479307e-02	5.599134e-02	2.933043e-01	1.764744e-01	9.270718e-02	2.917644e-01
8769	1.819292e-01	4.974460e-01	7.529691e-02	9.412114e-02	4.930430e-01	4.263745e-01	9.308703e-01	5.577560e-01
17839	1.029280e-01	5.949276e-01	4.587700e-02	5.734625e-02	3.004019e-01	2.740525e-01	3.189211e-01	6.943274e-01
9263	3.546892e-01	2.703946e-01	2.707772e-02	3.384714e-02	1.773045e-01	1.682031e-01	9.084157e-01	1.113199e-01
10962	2.778117e-01	7.411761e-01	3.328449e-02	4.160561e-02	2.179463e-01	1.856482e-01	5.714694e-01	8.561616e-01
23364	3.443055e-01	5.044434e-01	4.624701e-02	5.780876e-02	3.028247e-01	2.999780e-01	3.383582e-01	1.257868e-01
15672	9.597705e-01	5.409446e-01	3.123702e-02	3.904628e-02	2.045396e-01	1.438297e-01	6.328068e-01	3.418452e-01
23446	5.466256e-01	3.907487e-01	6.318385e-02	7.897981e-02	4.137269e-01	4.072440e-01	5.854190e-01	5.730009e-01
18914	1.578421e-01	8.923094e-02	4.236542e-02	5.295678e-02	2.774081e-01	7.637865e-02	9.261543e-01	4.140794e-01
27038	1.487800e-01	2.470156e-01	2.823145e-02	3.528932e-02	1.848591e-01	9.853448e-02	8.254715e-01	7.021065e-01
29999	5.972997e-01	6.444211e-01	2.057880e-02	2.572350e-02	1.347497e-01	1.332798e-01	2.960197e-01	1.003574e-01
26030	8.845675e-01	3.433851e-01	4.665962e-02	5.832453e-02	3.055265e-01	1.959697e-01	2.036983e-01	7.334532e-01
30998	5.195952e-01	8.193989e-01	2.301578e-02	2.876972e-02	1.507069e-01	8.390868e-02	8.972874e-01	1.251408e-01
8240	3.449120e-01	7.363606e-01	2.340333e-02	2.925416e-02	1.532446e-01	5.865634e-02	2.058179e-01	8.530130e-01
13020	1.110923e-01	6.945706e-01	3.031940e-02	3.789925e-02	1.985309e-01	1.393039e-01	5.541412e-01	9.530704e-01
11767	2.965612e-01	8.504645e-02	3.585529e-02	4.481911e-02	2.347799e-01	1.082886e-01	3.098159e-01	7.303799e-03
5770	9.616362e-02	1.676671e-01	3.504302e-02	4.380377e-02	2.294611e-01	2.293002e-01	1.660736e-02	4.446774e-01
6766	7.715652e-01	1.613973e-01	7.525909e-02	9.407387e-02	4.927954e-01	2.992664e-01	7.882211e-01	9.335559e-01
12655	8.610775e-01	7.952666e-02	2.159452e-02	2.699315e-02	1.414006e-01	1.114264e-01	1.833350e-01	3.279806e-02
11460	1.635038e-01	8.521889e-01	2.977472e-02	3.721841e-02	1.949644e-01	1.264323e-01	7.354059e-01	6.774425e-01
14795	1.016367e-01	8.438092e-01	3.405114e-02	4.256393e-02	2.229664e-01	9.423561e-02	8.397461e-02	2.856891e-01
23111	8.047673e-01	7.614534e-01	5.202682e-02	6.503353e-02	3.406708e-01	3.394303e-01	5.883634e-01	1.834377e-01
18780	5.084392e-02	5.261335e-02	2.722415e-02	3.403018e-02	1.782633e-01	1.039097e-01	5.199289e-02	8.701267e-01
19208	1.774941e-01	7.164965e-01	2.089315e-02	2.611643e-02	1.368080e-01	1.246555e-01	2.352961e-01	9.030997e-02
18677	4.917208e-01	9.942847e-02	3.051525e-02	3.814407e-02	1.998134e-01	1.336180e-01	8.882296e-01	2.151980e-01
9826	2.651356e-01	3.183221e-01	3.878957e-02	4.848697e-02	2.539935e-01	2.394620e-01	3.641405e-01	8.460127e-01
11643	9.705529e-01	2.790295e-01	2.113340e-02	2.641675e-02	1.383812e-01	1.379540e-01	4.060246e-01	3.785310e-01
6737	9.111207e-02	3.732430e-01	2.263023e-02	2.828779e-02	1.481824e-01	1.480225e-01	8.903019e-01	8.412146e-01
13045	7.532311e-01	7.823324e-01	2.542486e-02	3.178108e-02	1.664816e-01	1.234249e-01	6.430070e-01	9.560303e-02
7217	7.914310e-01	7.953643e-02	2.310283e-02	2.887853e-02	1.512770e-01	5.367710e-02	1.203829e-01	3.009955e-01
26284	5.319314e-01	1.961783e-01	4.461020e-02	5.576275e-02	2.921069e-01	2.207258e-01	2.457906e-01	2.756860e-02
12624	4.600994e-02	8.559198e-01	2.555846e-02	3.194808e-02	1.673564e-01	1.587231e-01	5.754852e-01	5.058027e-01
6608	4.042423e-01	7.872092e-01	2.071339e-02	2.589174e-02	1.356309e-01	6.168936e-02	3.252506e-01	7.707268e-01
31988	9.635103e-01	6.736943e-01	2.267883e-02	2.834854e-02	1.485006e-01	6.421132e-02	8.141387e-01	6.072814e-01
3278	4.158098e-01	6.765694e-01	2.664286e-02	3.330357e-02	1.744570e-01	1.741926e-01	3.133654e-01	3.518234e-01
16277	2.343841e-01	7.554915e-01	2.976652e-02	3.720816e-02	1.949107e-01	1.921306e-01	5.514763e-01	1.942770e-01
21851	7.610086e-01	6.970382e-01	2.805861e-02	3.507327e-02	1.837274e-01	1.796437e-01	6.990873e-01	3.711185e-01
23036	4.533825e-01	3.058031e-01	4.031636e-02	5.039545e-02	2.639909e-01	2.214770e-01	3.232494e-01	1.401651e-01
4965	7.251359e-01	9.742466e-02	2.617061e-02	3.271326e-02	1.713647e-01	9.026329e-02	1.942188e-01	2.569245e-01
31106	9.096692e-01	2.484421e-01	2.412049e-02	3.015061e-02	1.579406e-01	1.015734e-01	3.748286e-01	4.235895e-01
29238	5.354588e-01	7.150278e-01	3.349550e-02	4.186938e-02	2.193280e-01	2.010185e-01	4.980783e-01	9.407341e-01
27867	6.568287e-01	4.935357e-01	2.914351e-02	3.642939e-02	1.908313e-01	1.239717e-01	5.582696e-01	1.069360e-01
15612	1.102691e-01	4.031818e-01	2.066112e-02	2.582641e-02	1.352887e-01	9.018802e-02	1.243404e-01	5.916105e-02
32233	9.525995e-01	1.595903e-01	3.112359e-02	3.890448e-02	2.037968e-01	1.432369e-01	8.912234e-01	2.367992e-01
5338	4.855158e-01	8.888960e-01	3.480844e-02	4.351055e-02	2.279251e-01	2.109324e-01	4.370443e-01	6.562557e-01
29863	2.749381e-01	1.909601e-01	5.013810e-02	6.267263e-02	3.283035e-01	2.711998e-01	6.789180e-01	6.513956e-01
330	1.487867e-01	6.874002e-01	2.116086e-02	2.645107e-02	1.385610e-01	5.661099e-02	1.990465e-01	6.315740e-01
8966	4.106759e-01	3.807268e-01	2.543838e-02	3.179798e-02	1.665701e-01	1.399616e-01	7.578639e-01	6.823810e-01
22395	6.907416e-01	9.180763e-01	2.340825e-02	2.926031e-02	1.532768e-01	1.490316e-01	8.730728e-01	9.107333e-01
20920	1.923386e-01	6.540869e-01	7.596373e-02	9.495466e-02	4.974093e-01	3.969808e-01	2.607134e-01	6.846077e-01
23508	5.071815e-01	7.217018e-01	2.249018e-02	2.811272e-02	1.472653e-01	1.080028e-01	1.352097e-01	3.512926e-02
14322	7.026598e-01	3.297427e-01	2.212304e-02	2.765380e-02	1.448613e-01	1.126522e-01	2.035002e-01	4.831478e-01
23905	2.119702e-01	3.731788e-01	2.464619e-02	3.080773e-02	1.613829e-01	1.597901e-01	5.488127e-01	3.245768e-01
21816	2.122854e-01	1.856754e-01	5.028561e-02	6.285701e-02	3.292694e-01	2.978629e-01	7.838871e-01	4.777384e-01
8574	6.534214e-01	3.549320e-01	7.061519e-02	8.826898e-02	4.623871e-01	4.622175e-01	9.309774e-01	8.359043e-01
7398	6.834909e-01	8.774245e-01	4.288606e-02	5.360757e-02	2.808172e-01	9.779173e-02	6.640652e-01	6.293508e-01
12761	7.989997e-01	3.482361e-01	5.401893e-02	6.752366e-02	3.537151e-01	3.186566e-01	2.546568e-01	9.981248e-01
19768	1.721164e-01	8.024611e-01	2.978220e-02	3.722774e-02	1.950134e-01	1.416093e-01	5.130078e-02	7.245481e-01
19254	6.676290e-01	6.062650e-01	7.414720e-02	9.268400e-02	4.855147e-01	3.248837e-01	2.816083e-01	1.873003e-01
7369	9.462574e-01	8.351496e-01	3.945242e-02	4.931552e-02	2.583338e-01	1.423270e-01	3.567685e-01	8.806732e-01
19463	3.452710e-01	8.504430e-01	4.038719e-02	5.048399e-02	2.644547e-01	1.004704e-01	9.133960e-01	4.749621e-01
30581	9.149183e-01	3.340579e-01	2.620858e-02	3.276073e-02	1.716134e-01	1.099778e-01	2.529686e-01	2.271121e-01
4464	3.835131e-01	8.701116e-01	4.054992e-02	5.068740e-02	2.655202e-01	2.397353e-01	2.790823e-01	6.839933e-01
2449	3.769529e-01	6.304821e-01	2.632799e-02	3.290999e-02	1.723953e-01	8.283664e-02	2.518861e-01	5.675991e-01
21131	6.896403e-01	7.350668e-02	2.836444e-02	3.545554e-02	1.857299e-01	1.072623e-01	8.422984e-01	2.209536e-01
30219	8.909485e-01	1.731792e-01	3.525214e-02	4.406517e-02	2.308305e-01	1.610867e-01	7.721691e-01	6.380809e-01
