19419	3.008885e-01	2.833770e-01	3.825958e-02	4.782448e-02	2.505231e-01	2.431485e-01	3.604570e-01	2.714727e-01
840	2.595880e-01	4.613798e-01	6.730630e-02	8.413288e-02	4.407206e-01	2.253845e-01	5.684192e-01	3.070785e-01
14664	6.278499e-01	5.247164e-01	7.222673e-02	9.028341e-02	4.729395e-01	4.606970e-01	7.389056e-01	4.309439e-01
23599	3.715109e-01	2.273052e-01	4.262261e-02	5.327826e-02	2.790922e-01	9.380885e-02	5.620272e-02	7.653921e-01
15598	3.791153e-01	4.305490e-01	7.293096e-02	9.116370e-02	4.775508e-01	1.905429e-01	1.897564e-01	1.141935e-01
20650	6.048051e-01	7.458692e-01	2.670100e-02	3.337625e-02	1.748377e-01	7.598800e-02	1.304729e-01	5.300664e-01
17876	1.240443e-01	6.249608e-01	3.509039e-02	4.386298e-02	2.297713e-01	1.230693e-01	6.685723e-01	9.183549e-01
28042	8.522761e-01	9.698431e-02	2.869442e-02	3.586802e-02	1.878906e-01	5.591295e-02	1.959288e-01	1.251107e-01
16438	4.322660e-01	7.265886e-01	2.662250e-02	3.327812e-02	1.743237e-01	1.742902e-01	1.420061e-01	8.476790e-01
15089	1.972087e-01	2.583128e-01	3.000016e-02	3.750020e-02	1.964406e-01	1.409942e-01	1.716200e-01	9.516638e-01
9483	5.120145e-01	2.159641e-01	2.176767e-02	2.720959e-02	1.425344e-01	1.222653e-01	3.463130e-01	7.409687e-01
12207	5.715266e-01	4.775824e-01	3.061093e-02	3.826366e-02	2.004399e-01	8.777496e-02	2.653156e-01	7.716120e-01
20055	4.572597e-01	6.486586e-01	5.734330e-02	7.167912e-02	3.754830e-01	3.044276e-01	4.486356e-01	9.995855e-01
21638	6.215605e-01	3.503585e-01	2.723745e-02	3.404681e-02	1.783504e-01	1.567812e-01	7.615483e-01	7.922004e-01
26664	8.718264e-01	6.953320e-01	2.385541e-02	2.981926e-02	1.562049e-01	8.726359e-02	3.761903e-01	7.661967e-01
12448	4.655671e-01	8.492442e-01	5.201746e-02	6.502182e-02	3.406095e-01	3.066735e-01	7.559355e-01	1.611360e-01
27922	8.141864e-01	1.460341e-01	2.143558e-02	2.679448e-02	1.403599e-01	3.978769e-02	9.697421e-01	8.765319e-01
31124	2.255047e-01	1.246999e-01	7.931489e-02	9.914361e-02	5.193527e-01	4.208657e-01	1.052006e-01	6.714652e-01
5717	3.224501e-01	4.494429e-01	6.518784e-02	8.148481e-02	4.268490e-01	1.731904e-01	1.722268e-01	1.440801e-01
23997	1.921426e-01	3.172100e-01	4.215627e-02	5.269534e-02	2.760386e-01	1.650457e-01	6.632051e-01	9.948995e-01
16254	8.801940e-01	4.739959e-01	2.071773e-02	2.589716e-02	1.356593e-01	1.056619e-01	5.225907e-01	6.242624e-01
13026	8.221392e-01	5.003924e-01	3.348541e-02	4.185676e-02	2.192619e-01	2.189182e-01	5.419686e-01	2.057385e-02
14854	6.416686e-02	9.453226e-01	4.811003e-02	6.013753e-02	3.150237e-01	1.166372e-01	6.667559e-01	6.798676e-01
15024	6.199033e-01	7.076155e-01	5.113809e-02	6.392261e-02	3.348514e-01	1.609416e-01	7.952097e-01	6.351381e-01
10614	8.633460e-02	3.025943e-01	2.909390e-02	3.636737e-02	1.905064e-01	7.802265e-02	3.926257e-01	6.382661e-01
7145	2.347813e-01	8.393820e-01	3.810592e-02	4.763239e-02	2.495169e-01	1.245032e-01	2.915919e-01	3.133421e-01
29701	2.425410e-01	2.927410e-01	2.991498e-02	3.739372e-02	1.958828e-01	1.285581e-01	1.558893e-01	4.979486e-01
26858	2.939851e-01	3.518202e-01	3.182046e-02	3.977558e-02	2.083599e-01	1.585986e-01	6.655709e-01	5.468920e-01
25497	3.372314e-01	3.543602e-01	2.687566e-02	3.359458e-02	1.759814e-01	1.695059e-01	3.320920e-01	7.742132e-01
22916	9.384598e-01	2.181701e-01	2.363430e-02	2.954288e-02	1.547571e-01	1.319429e-01	8.595160e-01	3.377840e-01
30044	6.091695e-01	8.998449e-01	2.097078e-02	2.621348e-02	1.373164e-01	9.924158e-02	9.181232e-01	5.303128e-01
1225	4.363937e-01	1.163161e-01	4.178290e-02	5.222862e-02	2.735938e-01	1.726353e-01	7.237245e-02	8.985228e-01
1285	8.883264e-01	6.352574e-01	5.946079e-02	7.432598e-02	3.893483e-01	3.306508e-01	4.789152e-01	1.169777e-02
21650	3.956865e-01	5.114619e-01	2.794510e-02	3.493138e-02	1.829841e-01	1.763048e-01	9.019166e-01	3.409401e-01
20653	6.527449e-01	9.237372e-01	2.572513e-02	3.215641e-02	1.684477e-01	6.930919e-02	8.436463e-02	4.447469e-01
14184	1.101509e-01	5.821179e-01	4.603581e-02	5.754477e-02	3.014418e-01	1.032004e-01	1.040368e-01	9.676321e-02
32029	5.204930e-01	9.183938e-01	3.988210e-02	4.985262e-02	2.611474e-01	9.329329e-02	2.814233e-01	8.324459e-01
4133	7.299038e-02	4.993010e-01	3.457766e-02	4.322208e-02	2.264140e-01	1.598142e-01	5.827668e-01	3.277739e-01
22471	8.295974e-01	3.082100e-01	2.493319e-02	3.116649e-02	1.632621e-01	1.560532e-01	9.544575e-01	5.348297e-01
21184	5.011009e-01	3.924104e-01	4.567455e-02	5.709319e-02	2.990762e-01	2.111892e-01	4.618018e-01	7.182736e-01
12313	1.924693e-01	7.351250e-01	6.697174e-02	8.371468e-02	4.385299e-01	3.782112e-01	1.436952e-01	5.534735e-01
2991	6.456395e-01	7.631187e-01	2.803004e-02	3.503755e-02	1.835403e-01	1.594435e-01	3.518634e-01	7.536106e-01
31854	7.907996e-01	1.808154e-01	5.372166e-02	6.715208e-02	3.517686e-01	3.490953e-01	2.399099e-01	9.044991e-01
13331	8.477701e-01	3.704618e-01	2.749418e-02	3.436773e-02	1.800315e-01	1.792035e-01	6.176094e-01	3.661909e-01
9077	8.997475e-01	3.249718e-01	7.002798e-02	8.753498e-02	4.585421e-01	3.213360e-01	2.605566e-01	1.235396e-01
7886	4.934947e-01	9.634414e-02	3.537322e-02	4.421652e-02	2.316233e-01	1.451971e-01	4.724568e-02	1.164991e-01
11197	7.677522e-01	4.441335e-01	3.335282e-02	4.169102e-02	2.183937e-01	1.995539e-01	1.497007e-01	7.545848e-01
30182	8.964099e-01	6.966210e-01	2.958387e-02	3.697984e-02	1.937147e-01	9.578128e-02	1.842746e-01	5.618799e-01
15629	1.259622e-01	1.356481e-01	2.165402e-02	2.706753e-02	1.417902e-01	9.759288e-02	9.116739e-01	4.541115e-01
1497	5.719772e-01	7.808264e-02	4.677265e-02	5.846582e-02	3.062666e-01	1.828651e-01	2.932462e-01	6.567876e-01
21094	1.853579e-01	8.911373e-01	3.844225e-02	4.805282e-02	2.517193e-01	1.520942e-01	9.127814e-01	9.680854e-01
6058	5.641219e-01	3.082705e-01	2.374372e-02	2.967965e-02	1.554735e-01	1.523284e-01	9.835861e-01	2.989071e-01
18943	7.471347e-01	8.428771e-01	4.572246e-02	5.715308e-02	2.993900e-01	2.992344e-01	8.080759e-01	7.795773e-02
12545	8.341959e-01	1.179227e-01	2.725278e-02	3.406597e-02	1.784508e-01	1.556811e-01	4.181184e-01	3.312649e-02
21592	5.883729e-01	1.250560e-01	2.525269e-02	3.156586e-02	1.653542e-01	1.592663e-01	8.483985e-01	3.771601e-01
31633	5.515119e-01	8.064706e-01	6.189556e-02	7.736945e-02	4.052912e-01	1.415031e-01	8.131027e-01	6.466980e-01
8741	6.253744e-01	2.134346e-01	3.310276e-02	4.137845e-02	2.167563e-01	1.901833e-01	4.710425e-01	6.392084e-01
22946	2.060178e-01	4.142673e-01	2.611996e-02	3.264995e-02	1.710331e-01	1.679966e-01	7.612862e-01	5.077262e-01
30783	5.601840e-02	8.130471e-02	3.326520e-02	4.158150e-02	2.178200e-01	5.804506e-02	4.799314e-02	2.442002e-01
19889	5.621375e-01	7.521964e-01	3.921210e-02	4.901513e-02	2.567602e-01	1.033384e-01	7.623567e-02	1.849257e-01
15473	2.973873e-01	6.544895e-01	2.186661e-02	2.733327e-02	1.431823e-01	1.139690e-01	5.409536e-01	1.412848e-01
15038	3.766014e-01	8.244875e-01	5.797578e-02	7.246973e-02	3.796245e-01	2.869157e-01	2.622806e-01	5.149643e-01
12168	3.708886e-01	3.132796e-01	4.429317e-02	5.536647e-02	2.900310e-01	2.680849e-01	8.356537e-01	5.151500e-01
28968	3.409974e-01	6.949034e-01	3.407008e-02	4.258760e-02	2.230904e-01	1.946483e-01	9.571698e-01	6.534152e-02
30105	2.339001e-01	2.325170e-01	2.083028e-02	2.603785e-02	1.363964e-01	9.471650e-02	5.780810e-01	2.485720e-01
11369	6.820201e-01	4.393850e-01	2.430962e-02	3.038702e-02	1.591790e-01	1.493152e-01	5.433842e-01	8.160203e-01
8639	4.806051e-01	1.409040e-01	3.300196e-02	4.125245e-02	2.160963e-01	1.561487e-01	2.552393e-01	2.786990e-01
3820	7.330760e-01	4.030950e-01	2.394369e-02	2.992962e-02	1.567829e-01	1.515232e-01	4.705169e-01	9.012762e-02
25452	9.214779e-01	1.066486e-01	6.855388e-02	8.569235e-02	4.488898e-01	4.204147e-01	8.222944e-01	3.202060e-01
3168	8.750701e-01	1.754198e-01	2.157936e-02	2.697421e-02	1.413013e-01	5.259536e-02	9.614883e-01	2.505919e-01
3779	9.228465e-01	8.507322e-01	2.497387e-02	3.121734e-02	1.635285e-01	1.298215e-01	2.577468e-02	5.872231e-01
28466	9.736579e-01	4.453446e-01	2.152837e-02	2.691046e-02	1.409674e-01	5.472098e-02	6.207822e-01	4.144877e-01
17195	9.721725e-02	6.631214e-01	2.892906e-02	3.616133e-02	1.894271e-01	1.486778e-01	7.766074e-01	6.286075e-01
16972	4.456494e-01	3.416821e-01	5.602393e-02	7.002992e-02	3.668439e-01	3.620031e-01	6.876763e-01	9.178534e-02
17124	6.632490e-01	6.271931e-01	3.179337e-02	3.974171e-02	2.081825e-01	1.341297e-01	9.332806e-01	8.484106e-02
16960	8.129528e-01	2.657296e-01	4.078349e-02	5.097936e-02	2.670497e-01	2.577831e-01	7.784449e-01	5.941674e-01
17634	1.622607e-01	4.433221e-01	2.151807e-02	2.689758e-02	1.409000e-01	1.407805e-01	6.241514e-01	7.233902e-01
2080	3.736528e-01	5.665302e-01	4.335363e-02	5.419204e-02	2.838789e-01	2.244890e-01	7.164737e-01	7.326518e-01
28650	2.295102e-01	7.864287e-01	2.318220e-02	2.897775e-02	1.517967e-01	1.387290e-01	8.977067e-01	1.275629e-01
7203	4.649672e-01	2.660545e-01	2.329257e-02	2.911571e-02	1.525194e-01	1.027322e-01	7.064582e-01	2.819310e-01
5028	8.121593e-01	7.189133e-01	5.336667e-02	6.670833e-02	3.494441e-01	9.880004e-02	6.257974e-01	4.763847e-01
17095	3.817734e-01	3.693234e-01	2.545449e-02	3.181811e-02	1.666756e-01	1.322201e-01	1.637575e-01	1.823688e-01
