26165	8.306509e-01	8.233834e-01	2.348191e-02	2.935239e-02	1.537592e-01	1.376320e-01	3.368148e-01	5.138791e-01
23584	8.710662e-01	8.739378e-01	3.994905e-02	4.993632e-02	2.615858e-01	1.168316e-01	7.150684e-01	4.318617e-02
376	1.427666e-01	5.705853e-01	4.554085e-02	5.692606e-02	2.982008e-01	2.906696e-01	5.833940e-01	2.460525e-01
13264	6.073703e-02	8.937962e-01	3.490385e-02	4.362981e-02	2.285499e-01	1.957749e-01	5.697282e-01	2.019212e-01
27760	7.877308e-01	8.229910e-01	2.146937e-02	2.683671e-02	1.405811e-01	5.167714e-02	2.029741e-01	9.623414e-01
27037	9.309055e-01	8.115547e-01	6.838732e-02	8.548415e-02	4.477991e-01	3.338799e-01	7.903017e-01	2.876927e-01
21699	2.597875e-01	4.855991e-01	2.618282e-02	3.272853e-02	1.714447e-01	1.449761e-01	6.312724e-01	6.778531e-01
32232	8.196743e-01	9.032794e-01	3.483666e-02	4.354582e-02	2.281099e-01	2.229055e-01	7.399433e-01	2.542092e-01
8008	7.564058e-01	1.260298e-01	7.449061e-02	9.311326e-02	4.877633e-01	4.699740e-01	5.143848e-01	4.390103e-01
31291	5.370718e-02	8.268099e-01	2.811139e-02	3.513924e-02	1.840730e-01	6.913155e-02	6.699845e-01	2.646092e-01
29099	6.997592e-02	3.100165e-01	2.239412e-02	2.799265e-02	1.466364e-01	1.070019e-01	3.943708e-01	7.376922e-02
26712	6.495414e-01	4.482149e-01	6.104228e-02	7.630286e-02	3.997039e-01	3.564988e-01	8.475252e-01	3.346778e-01
20468	4.234513e-01	5.110547e-01	3.142245e-02	3.927806e-02	2.057537e-01	1.887820e-01	7.347274e-01	3.919950e-01
420	3.632625e-01	5.008881e-01	4.995589e-02	6.244486e-02	3.271104e-01	1.493204e-01	4.737776e-01	7.081292e-01
32355	4.428302e-01	2.156186e-01	4.674096e-02	5.842620e-02	3.060591e-01	2.597849e-01	3.339104e-01	1.317743e-01
32410	1.066605e-01	9.181826e-01	3.643303e-02	4.554129e-02	2.385629e-01	2.262477e-01	4.835489e-01	6.162726e-01
20888	8.738362e-01	2.515184e-01	3.906384e-02	4.882980e-02	2.557894e-01	2.555664e-01	3.617598e-01	2.806472e-01
8984	1.000641e-01	4.292286e-01	2.391265e-02	2.989081e-02	1.565796e-01	1.267056e-01	1.684255e-01	8.480033e-01
10463	6.441540e-01	1.736259e-01	7.801221e-02	9.751526e-02	5.108227e-01	4.465427e-01	7.202859e-01	6.556114e-01
7504	6.928949e-01	7.121236e-01	2.235657e-02	2.794572e-02	1.463905e-01	7.736572e-02	6.224997e-01	4.466218e-01
21401	8.905909e-01	4.634709e-01	5.481205e-02	6.851506e-02	3.589085e-01	2.365092e-01	5.719396e-01	3.717993e-01
2150	2.165846e-01	1.042908e-01	2.293745e-02	2.867181e-02	1.501940e-01	1.005474e-01	8.927716e-01	7.864303e-01
4342	8.667436e-01	1.604656e-01	2.259747e-02	2.824683e-02	1.479679e-01	1.073058e-01	4.206288e-01	9.944606e-01
5093	3.824789e-01	6.669437e-01	5.837098e-02	7.296372e-02	3.822123e-01	2.268856e-01	8.511814e-01	8.994653e-01
10982	5.592598e-01	6.892830e-01	4.565801e-02	5.707252e-02	2.989680e-01	1.708113e-01	7.323543e-01	1.342338e-01
15559	2.596832e-01	5.575578e-01	4.275944e-02	5.344930e-02	2.799882e-01	2.314852e-01	1.632295e-02	9.000152e-02
28190	7.811666e-01	5.268768e-01	2.645763e-02	3.307203e-02	1.732441e-01	6.556902e-02	4.462436e-01	6.557568e-01
2503	4.046370e-01	7.809745e-01	3.346036e-02	4.182545e-02	2.190979e-01	6.289717e-02	6.657524e-01	2.937386e-01
6176	8.472599e-01	8.137601e-02	2.569534e-02	3.211917e-02	1.682527e-01	1.594705e-01	8.661957e-01	8.934319e-01
28567	7.818347e-01	8.554040e-01	2.673413e-02	3.341766e-02	1.750546e-01	1.527987e-01	6.424297e-01	2.346646e-02
31676	2.593294e-01	2.649251e-01	2.453646e-02	3.067057e-02	1.606644e-01	1.547750e-01	4.701048e-01	7.567937e-01
25904	4.096493e-01	4.131011e-01	2.739053e-02	3.423816e-02	1.793527e-01	1.785077e-01	2.331540e-01	4.429067e-01
10549	7.344666e-01	5.625040e-01	2.339438e-02	2.924297e-02	1.531860e-01	1.436967e-01	5.653392e-01	2.789735e-01
28141	8.362073e-02	4.620131e-02	2.574318e-02	3.217897e-02	1.685659e-01	1.150496e-01	4.259644e-02	4.089431e-01
7443	1.234189e-01	9.920880e-02	3.058522e-02	3.823153e-02	2.002716e-01	1.782138e-01	2.720268e-01	9.125929e-01
18038	8.972813e-01	3.219061e-01	2.618946e-02	3.273682e-02	1.714881e-01	1.365235e-01	2.777645e-01	3.859081e-01
2829	3.751328e-01	9.150598e-01	6.992432e-02	8.740539e-02	4.578633e-01	4.181265e-01	2.139437e-01	2.623961e-01
15752	6.600832e-01	6.204769e-01	3.055531e-02	3.819414e-02	2.000757e-01	1.582835e-01	6.102116e-01	9.426995e-01
10712	8.074968e-01	3.291234e-01	2.705169e-02	3.381462e-02	1.771341e-01	1.716777e-01	8.830677e-01	3.338436e-01
30807	4.785356e-01	5.459347e-01	6.682767e-02	8.353459e-02	4.375865e-01	4.375804e-01	8.867022e-01	3.809820e-01
13497	3.044002e-01	6.338773e-01	4.870227e-02	6.087784e-02	3.189017e-01	1.557656e-01	5.921062e-01	4.267001e-01
21602	5.699426e-01	1.648275e-01	2.384621e-02	2.980776e-02	1.561446e-01	1.202611e-01	5.716568e-01	9.538809e-01
21175	8.589733e-01	3.729831e-01	7.452563e-02	9.315704e-02	4.879927e-01	3.631077e-01	1.467882e-01	7.798084e-01
7685	2.146514e-01	5.017971e-01	6.850595e-02	8.563244e-02	4.485759e-01	2.610147e-01	2.699291e-01	5.887014e-01
25695	1.905097e-01	5.594612e-01	3.142678e-02	3.928347e-02	2.057821e-01	1.785570e-01	8.133292e-01	6.860313e-01
18765	4.499876e-01	3.838132e-01	2.093364e-02	2.616704e-02	1.370731e-01	8.722058e-02	3.337153e-02	6.172198e-01
31047	2.143113e-01	1.871406e-01	3.032756e-02	3.790945e-02	1.985844e-01	1.951635e-01	6.594510e-01	9.234852e-01
7170	1.069108e-01	1.549465e-01	2.621115e-02	3.276394e-02	1.716302e-01	1.682017e-01	5.733504e-01	5.881979e-02
4065	4.630971e-01	8.109358e-01	2.534920e-02	3.168651e-02	1.659862e-01	1.494051e-01	8.120181e-01	4.942627e-01
10413	3.793301e-01	2.454249e-01	2.217025e-02	2.771281e-02	1.451704e-01	9.304373e-02	6.606249e-01	4.029355e-02
25536	3.005852e-01	2.316309e-01	2.456672e-02	3.070840e-02	1.608625e-01	1.376052e-01	1.610554e-01	8.038644e-02
4269	7.772952e-01	2.397198e-01	3.282557e-02	4.103196e-02	2.149413e-01	1.962121e-01	9.613571e-03	2.025088e-02
8267	7.009585e-01	5.020529e-01	2.856057e-02	3.570071e-02	1.870142e-01	9.492963e-02	3.764748e-01	1.047389e-01
25242	7.505455e-02	4.845787e-01	5.969449e-02	7.461812e-02	3.908786e-01	3.907281e-01	3.208920e-01	8.421833e-01
13241	2.752681e-01	9.212954e-02	3.227102e-02	4.033878e-02	2.113102e-01	2.056066e-01	2.046602e-01	5.772869e-01
27344	5.726647e-01	2.806319e-01	2.245519e-02	2.806899e-02	1.470362e-01	1.305560e-01	9.634754e-01	9.278340e-01
8666	6.328150e-01	3.523414e-01	6.474043e-02	8.092554e-02	4.239194e-01	3.999970e-01	9.943706e-01	3.458235e-01
26528	7.379493e-01	6.192898e-01	3.892390e-02	4.865487e-02	2.548731e-01	1.891513e-01	3.892687e-01	8.755266e-01
15059	9.248185e-01	9.044641e-01	2.562271e-02	3.202839e-02	1.677771e-01	1.595366e-01	5.668270e-01	3.129137e-01
17866	5.826077e-01	9.269180e-01	2.417508e-02	3.021885e-02	1.582981e-01	1.578074e-01	5.952490e-01	3.497276e-02
17119	6.273180e-02	7.306208e-02	3.615126e-02	4.518908e-02	2.367179e-01	1.711314e-01	1.151614e-01	5.142845e-02
24922	7.058155e-01	7.668638e-01	2.762132e-02	3.452665e-02	1.808640e-01	1.418328e-01	2.009137e-01	9.065139e-01
6568	8.175983e-01	1.784220e-01	2.120773e-02	2.650966e-02	1.388679e-01	3.627120e-02	1.390930e-01	8.490194e-01
23901	5.329215e-01	4.764074e-01	4.657359e-02	5.821699e-02	3.049632e-01	2.737128e-01	5.610626e-01	3.752873e-01
11115	8.481868e-01	8.489628e-01	2.116722e-02	2.645902e-02	1.386026e-01	1.371307e-01	5.509125e-01	2.551210e-01
7182	7.564652e-01	8.766565e-01	2.530209e-02	3.162762e-02	1.656777e-01	1.103409e-01	1.205221e-01	3.910484e-01
17452	7.301555e-02	1.337595e-01	4.692640e-02	5.865800e-02	3.072734e-01	2.863974e-01	5.716987e-01	6.218084e-02
4197	5.952095e-01	7.056959e-01	3.251670e-02	4.064588e-02	2.129189e-01	6.322409e-02	9.010553e-01	4.445312e-01
30811	5.335888e-01	1.020535e-01	2.247801e-02	2.809751e-02	1.471857e-01	5.695604e-02	3.964937e-01	6.365446e-01
10683	1.629873e-01	6.888117e-01	5.271259e-02	6.589073e-02	3.451612e-01	2.311047e-01	1.308998e-01	8.620340e-01
15540	3.726155e-01	1.910076e-01	6.648470e-02	8.310587e-02	4.353408e-01	1.927639e-01	1.345767e-01	5.320190e-01
11823	5.055775e-01	8.095606e-01	3.484354e-02	4.355442e-02	2.281549e-01	2.146453e-01	7.056725e-01	2.635478e-01
32208	9.546143e-01	4.916317e-01	2.694822e-02	3.368527e-02	1.764565e-01	1.685371e-01	6.461087e-01	1.147518e-01
27075	3.753823e-01	8.141764e-01	3.093945e-02	3.867431e-02	2.025910e-01	1.785463e-01	3.747360e-01	4.248416e-02
