13987	7.277275e-01	9.016004e-01	2.938141e-02	3.672676e-02	1.923890e-01	5.340327e-02	8.762683e-03	5.843422e-01
17334	2.811216e-01	5.631293e-01	5.409375e-02	6.761718e-02	3.542050e-01	2.498648e-01	5.581735e-02	1.499141e-01
31652	1.965983e-01	3.904741e-01	7.185321e-02	8.981651e-02	4.704937e-01	4.054664e-01	8.554708e-01	3.133458e-01
29760	7.977561e-01	7.494102e-02	4.297097e-02	5.371372e-02	2.813733e-01	2.671953e-01	2.240086e-01	6.498578e-01
19050	7.171029e-01	3.988691e-01	3.598866e-02	4.498583e-02	2.356532e-01	1.061190e-01	3.786792e-01	6.754805e-01
18552	7.599158e-01	4.524679e-02	3.040667e-02	3.800834e-02	1.991024e-01	1.920649e-01	4.733566e-01	6.262032e-01
19116	4.261823e-01	4.832597e-02	3.251495e-02	4.064369e-02	2.129074e-01	1.432291e-01	8.556447e-02	8.480942e-01
1032	8.030867e-01	5.378335e-01	4.642253e-02	5.802817e-02	3.039740e-01	2.875543e-01	4.910755e-01	1.939095e-02
15219	8.536432e-01	7.201468e-01	2.055230e-02	2.569038e-02	1.345761e-01	1.344508e-01	9.606586e-01	6.216159e-01
23954	4.509043e-01	4.717522e-01	2.486016e-02	3.107520e-02	1.627839e-01	1.445178e-01	2.257176e-02	4.999243e-01
18054	9.540930e-01	7.193230e-01	3.229630e-02	4.037038e-02	2.114757e-01	1.914509e-01	6.913782e-02	1.555615e-01
14262	6.070261e-01	6.383077e-01	3.148188e-02	3.935235e-02	2.061429e-01	1.516550e-01	5.469260e-01	3.088802e-01
20934	4.248220e-01	8.970167e-01	2.197656e-02	2.747070e-02	1.439022e-01	1.287866e-01	6.135089e-01	7.242114e-01
2578	6.763513e-01	6.793120e-01	3.846988e-02	4.808735e-02	2.519002e-01	1.239842e-01	4.884894e-01	3.428500e-01
24129	2.956135e-01	8.273690e-01	7.751598e-02	9.689497e-02	5.075734e-01	4.453501e-01	2.653228e-01	9.810528e-01
7049	4.863422e-01	2.691582e-01	2.833290e-02	3.541613e-02	1.855234e-01	1.617240e-01	7.608345e-02	3.279235e-01
16149	4.217127e-01	4.304682e-01	2.239759e-02	2.799699e-02	1.466591e-01	1.239778e-01	6.269955e-01	6.908607e-01
11275	7.488084e-01	7.055242e-01	6.951210e-02	8.689013e-02	4.551642e-01	2.385988e-01	2.070306e-01	5.660393e-01
12233	6.619782e-01	7.607502e-01	2.653510e-02	3.316888e-02	1.737514e-01	9.520630e-02	1.835600e-01	5.679531e-01
3473	4.040795e-01	6.774683e-01	2.221949e-02	2.777436e-02	1.454929e-01	5.754968e-02	1.050122e-02	4.288668e-01
22410	7.579716e-01	2.781727e-01	5.458754e-02	6.823442e-02	3.574383e-01	2.439292e-01	4.465821e-01	9.723175e-01
14013	7.890305e-01	8.372855e-01	4.481295e-02	5.601619e-02	2.934345e-01	1.164865e-01	7.127897e-01	2.649048e-01
15612	5.823861e-01	4.409402e-01	3.798203e-02	4.747754e-02	2.487057e-01	2.460774e-01	2.017497e-01	1.988409e-01
32315	9.579140e-01	7.671576e-01	2.559510e-02	3.199387e-02	1.675963e-01	1.501652e-01	9.187142e-02	7.613981e-01
10595	1.879019e-01	8.672888e-01	3.445208e-02	4.306510e-02	2.255917e-01	7.802913e-02	4.346875e-01	6.086731e-01
402	8.821103e-01	5.105186e-01	2.994109e-02	3.742636e-02	1.960538e-01	8.101794e-02	7.793838e-01	2.689370e-01
12773	1.675400e-01	1.546764e-01	2.408403e-02	3.010504e-02	1.577019e-01	1.119931e-01	7.294494e-01	7.343334e-02
1636	7.129363e-01	7.260486e-01	2.446436e-02	3.058045e-02	1.601923e-01	1.144785e-01	6.206360e-01	3.633762e-01
12078	3.703474e-01	1.087491e-01	2.735303e-02	3.419129e-02	1.791072e-01	1.755611e-01	9.027185e-01	7.556030e-01
464	1.138624e-01	3.450315e-01	3.319595e-02	4.149494e-02	2.173666e-01	1.650134e-01	5.404771e-01	8.337731e-01
30172	5.960842e-01	2.745318e-01	6.827046e-02	8.533807e-02	4.470339e-01	2.291105e-01	2.899038e-01	8.999588e-01
20532	3.978576e-01	5.749399e-01	3.847596e-02	4.809495e-02	2.519400e-01	1.595368e-01	5.803217e-01	2.068511e-01
5000	2.838968e-01	4.201422e-01	6.996206e-02	8.745258e-02	4.581105e-01	4.511354e-01	7.535278e-01	8.809417e-01
17953	8.097167e-01	5.833993e-01	2.618998e-02	3.273748e-02	1.714916e-01	1.560126e-01	4.765550e-01	5.067713e-01
26979	1.979032e-01	5.258356e-01	4.034114e-02	5.042642e-02	2.641532e-01	2.593177e-01	7.191452e-01	8.121041e-01
26299	3.499018e-01	2.077704e-01	3.367711e-02	4.209639e-02	2.205172e-01	2.003751e-01	6.111223e-01	7.014540e-01
28962	3.503560e-01	5.733578e-01	3.258189e-02	4.072736e-02	2.133457e-01	1.348548e-01	6.906347e-01	5.558893e-01
9703	4.798267e-01	7.006404e-01	4.964768e-02	6.205961e-02	3.250923e-01	3.237350e-01	6.519272e-02	6.850953e-02
4118	7.053218e-01	5.905208e-01	6.144838e-02	7.681048e-02	4.023630e-01	2.289897e-01	7.084508e-01	5.008701e-01
18960	5.113525e-01	3.272520e-01	3.950389e-02	4.937987e-02	2.586709e-01	1.242998e-01	1.117195e-01	3.296269e-01
25075	2.565688e-01	3.528448e-01	2.737232e-02	3.421540e-02	1.792335e-01	1.682265e-01	4.510501e-01	5.049824e-01
12387	6.055708e-01	8.397311e-01	2.147468e-02	2.684335e-02	1.406159e-01	1.237050e-01	6.654374e-01	8.209087e-01
721	2.337925e-01	7.760862e-01	7.316394e-02	9.145493e-02	4.790763e-01	2.311285e-01	7.272047e-01	8.353091e-01
27527	6.633279e-01	1.838602e-01	5.048475e-02	6.310594e-02	3.305734e-01	3.061909e-01	5.532702e-01	5.067480e-01
31915	9.313332e-02	1.647386e-01	7.192399e-02	8.990499e-02	4.709572e-01	3.479900e-01	4.647008e-01	6.182020e-01
26659	2.010700e-01	2.440606e-01	4.582646e-02	5.728307e-02	3.000709e-01	2.335544e-01	1.439023e-01	6.682466e-01
26822	8.404166e-01	6.400850e-01	6.957001e-02	8.696251e-02	4.555433e-01	3.629711e-01	2.082182e-01	4.131073e-01
18837	3.360487e-01	1.487146e-01	2.949658e-02	3.687073e-02	1.931431e-01	1.410972e-01	9.311183e-01	4.727356e-02
31337	4.921046e-01	1.450302e-01	2.217228e-02	2.771534e-02	1.451837e-01	1.188786e-01	1.686915e-01	2.039875e-01
29134	6.599396e-01	5.386420e-01	2.100661e-02	2.625826e-02	1.375510e-01	1.044358e-01	4.775420e-01	2.717512e-01
27699	2.731044e-01	9.505520e-01	2.383464e-02	2.979330e-02	1.560689e-01	1.244978e-01	1.601093e-01	9.031477e-01
15269	9.214308e-01	3.767318e-01	3.659966e-02	4.574957e-02	2.396540e-01	1.097974e-01	3.196027e-01	6.329666e-02
28393	8.481785e-01	4.691786e-01	3.027415e-02	3.784268e-02	1.982346e-01	1.272188e-01	1.089768e-01	9.946294e-01
31804	5.927735e-01	3.942972e-01	2.273855e-02	2.842319e-02	1.488917e-01	7.186475e-02	6.564883e-01	8.896035e-03
22622	8.512726e-01	9.381319e-01	2.207978e-02	2.759972e-02	1.445780e-01	1.270448e-01	7.176401e-01	6.733219e-01
6661	5.913139e-01	7.919896e-02	2.743667e-02	3.429583e-02	1.796549e-01	1.685233e-01	7.291905e-01	7.696680e-01
17027	4.484413e-01	3.627831e-01	2.347172e-02	2.933965e-02	1.536925e-01	7.322929e-02	5.639708e-01	8.721076e-01
2977	7.439185e-01	7.782779e-01	3.050826e-02	3.813532e-02	1.997676e-01	1.091477e-01	4.431551e-01	2.713555e-01
21611	9.256646e-01	7.805337e-01	2.075736e-02	2.594670e-02	1.359189e-01	7.158687e-02	1.431304e-01	1.321718e-02
20544	1.243465e-01	5.531338e-01	2.308861e-02	2.886077e-02	1.511839e-01	7.990545e-02	5.065353e-01	1.994718e-01
5035	8.582929e-01	3.523433e-01	2.061428e-02	2.576784e-02	1.349820e-01	1.290232e-01	8.167515e-01	5.496414e-02
15038	2.361650e-01	5.149997e-02	4.052556e-02	5.065696e-02	2.653608e-01	2.536485e-01	3.151872e-01	5.796028e-01
5247	9.502527e-01	3.373625e-02	2.271352e-02	2.839190e-02	1.487278e-01	1.478458e-01	4.572163e-02	8.612792e-01
2588	6.284192e-02	8.115812e-01	6.265972e-02	7.832465e-02	4.102949e-01	2.734097e-01	8.316891e-01	7.953195e-02
18290	7.743503e-01	7.964598e-01	3.050579e-02	3.813223e-02	1.997514e-01	1.287820e-01	9.388617e-01	8.556767e-01
23351	9.715670e-01	9.671747e-01	2.240772e-02	2.800965e-02	1.467254e-01	4.713604e-02	8.738656e-01	7.012057e-01
3855	4.462208e-01	2.804172e-01	5.198405e-02	6.498006e-02	3.403908e-01	2.397864e-01	5.253383e-01	6.789805e-01
4665	2.959483e-01	2.378867e-01	3.483192e-02	4.353990e-02	2.280789e-01	1.533470e-01	6.107824e-01	5.394634e-01
4415	9.262317e-01	5.518838e-01	3.583488e-02	4.479359e-02	2.346462e-01	1.218025e-01	5.278403e-01	8.084301e-01
32169	3.513997e-01	7.589986e-01	6.269996e-02	7.837495e-02	4.105584e-01	3.432241e-01	7.676740e-01	9.017226e-01
32674	3.240864e-02	8.909343e-01	2.786502e-02	3.483128e-02	1.824597e-01	1.155809e-01	8.737528e-01	7.016800e-01
16871	5.322486e-01	8.270354e-01	2.799027e-02	3.498784e-02	1.832798e-01	1.465869e-01	3.233682e-01	2.040934e-01
30930	5.838373e-01	7.122046e-01	2.065858e-02	2.582323e-02	1.352721e-01	1.349634e-01	4.499444e-01	9.687580e-03
6392	5.298817e-01	7.245896e-01	5.439151e-02	6.798939e-02	3.561548e-01	1.108793e-01	5.404708e-01	6.172886e-01
605	4.287743e-01	1.320705e-01	3.296450e-02	4.120562e-02	2.158510e-01	1.363009e-01	9.097221e-01	4.882103e-01
19387	2.676580e-01	6.120059e-01	3.056787e-02	3.820983e-02	2.001579e-01	1.708335e-01	7.568426e-01	2.055667e-01
15669	9.380143e-01	4.586171e-01	2.332824e-02	2.916030e-02	1.527529e-01	1.057077e-01	1.296364e-02	4.426515e-01
