2214	3.668883e-01	7.076116e-02	3.517664e-02	4.397080e-02	2.303361e-01	2.013599e-01	2.089131e-01	8.893711e-01
28586	2.889324e-01	4.183874e-01	3.784295e-02	4.730368e-02	2.477950e-01	2.030528e-01	9.031680e-02	7.219497e-01
22415	2.240590e-01	6.404605e-01	2.506564e-02	3.133205e-02	1.641294e-01	1.536367e-01	9.439546e-01	6.605529e-01
14774	4.519475e-01	4.605989e-01	3.292815e-02	4.116019e-02	2.156130e-01	2.138040e-01	6.735424e-02	9.522399e-01
22540	5.995375e-01	3.402376e-01	2.803554e-02	3.504442e-02	1.835763e-01	1.782828e-01	6.110940e-01	4.179511e-01
18457	4.109474e-01	8.329425e-01	2.480995e-02	3.101244e-02	1.624552e-01	1.122157e-01	3.804855e-01	3.202108e-01
18245	3.301788e-01	1.802498e-01	2.254282e-02	2.817853e-02	1.476100e-01	4.668548e-02	8.183633e-01	9.114105e-01
24583	6.428331e-01	6.830999e-01	2.327807e-02	2.909759e-02	1.524244e-01	4.599087e-02	9.921273e-01	6.937741e-01
4901	8.833564e-01	3.526213e-01	4.529755e-02	5.662194e-02	2.966077e-01	9.528513e-02	2.540851e-01	5.948157e-01
13110	3.007669e-01	5.988775e-01	4.128178e-02	5.160222e-02	2.703124e-01	2.619845e-01	8.988293e-02	1.140724e-01
19808	2.902276e-01	2.291889e-01	6.052047e-02	7.565059e-02	3.962871e-01	3.791626e-01	3.286532e-01	8.019989e-02
22543	7.015991e-02	5.792089e-01	3.035498e-02	3.794373e-02	1.987640e-01	1.695583e-01	4.137663e-01	2.460883e-01
7057	3.383015e-01	1.172873e-01	2.227054e-02	2.783817e-02	1.458271e-01	1.382237e-01	4.692696e-01	8.032415e-01
24707	6.513565e-01	8.164694e-01	2.771916e-02	3.464895e-02	1.815047e-01	1.602548e-01	2.882158e-01	3.624640e-01
14627	2.898251e-01	9.213653e-01	6.296511e-02	7.870639e-02	4.122946e-01	4.002954e-01	3.831850e-01	3.731043e-01
1995	8.285000e-01	2.050352e-01	3.943664e-02	4.929580e-02	2.582305e-01	2.303338e-01	6.280717e-01	9.577013e-01
26511	2.755551e-01	8.034428e-01	5.676820e-02	7.096026e-02	3.717173e-01	3.003618e-01	7.028282e-01	4.095419e-01
26064	2.323933e-01	3.040956e-01	2.908289e-02	3.635361e-02	1.904343e-01	9.815395e-02	1.273764e-01	4.090080e-01
850	2.385908e-01	5.938812e-01	2.633644e-02	3.292054e-02	1.724506e-01	5.025200e-02	5.286273e-01	2.151210e-01
15228	6.405349e-01	7.773766e-01	2.202880e-02	2.753601e-02	1.442443e-01	1.396244e-01	7.210719e-01	5.607725e-01
7290	8.211314e-01	1.038895e-01	4.281839e-02	5.352299e-02	2.803741e-01	2.656957e-01	4.309561e-01	6.060849e-01
20021	1.550019e-01	6.062942e-01	6.278560e-02	7.848200e-02	4.111191e-01	4.056310e-01	5.221722e-01	4.914686e-01
9259	3.488704e-01	8.746648e-01	2.091355e-02	2.614194e-02	1.369416e-01	1.204093e-01	3.421419e-01	9.993980e-01
19521	7.710258e-02	9.010668e-01	2.488723e-02	3.110904e-02	1.629612e-01	1.529785e-01	6.834431e-01	9.573711e-01
18620	7.815006e-02	7.922709e-01	2.218532e-02	2.773165e-02	1.452691e-01	1.440133e-01	9.006998e-01	9.559063e-01
25718	7.097269e-01	5.698525e-01	3.544373e-02	4.430466e-02	2.320850e-01	1.650101e-01	5.817197e-01	6.216251e-01
30480	7.223431e-01	2.940958e-01	2.342571e-02	2.928214e-02	1.533912e-01	1.420423e-01	1.701698e-01	5.371233e-01
8844	7.242184e-01	6.325956e-01	2.685687e-02	3.357109e-02	1.758584e-01	1.081985e-01	1.992290e-01	3.257658e-01
9666	5.675300e-01	1.843780e-01	4.375976e-02	5.469969e-02	2.865382e-01	1.318466e-01	7.862109e-01	1.586335e-01
6809	5.249388e-01	4.942790e-01	2.171714e-02	2.714642e-02	1.422035e-01	5.729879e-02	5.473127e-02	2.239350e-01
14208	8.215956e-01	7.947692e-01	2.313841e-02	2.892301e-02	1.515099e-01	1.506945e-01	7.466333e-01	8.658195e-01
22950	4.835702e-01	2.755416e-01	6.346224e-02	7.932780e-02	4.155498e-01	1.965116e-01	6.419242e-01	4.920293e-02
20738	1.136175e-01	5.308014e-01	4.903886e-02	6.129857e-02	3.211057e-01	2.219838e-01	1.329440e-01	8.045043e-01
23740	6.187132e-01	6.320859e-01	2.397370e-02	2.996712e-02	1.569794e-01	1.566843e-01	1.487807e-01	8.032532e-01
29650	5.928865e-01	6.494327e-02	4.454566e-02	5.568208e-02	2.916843e-01	1.240356e-01	4.071263e-01	8.104874e-01
16099	5.496844e-01	4.311174e-01	2.569506e-02	3.211882e-02	1.682508e-01	1.406931e-01	6.333868e-01	4.360707e-01
2866	2.024327e-01	7.732102e-01	2.494137e-02	3.117671e-02	1.633157e-01	1.169276e-01	5.251333e-01	8.497138e-01
28499	9.369375e-01	8.892488e-01	5.357736e-02	6.697170e-02	3.508237e-01	3.502336e-01	8.481026e-01	4.349461e-01
27576	1.442863e-01	1.227062e-01	5.513655e-02	6.892069e-02	3.610333e-01	3.519955e-01	3.132712e-01	2.324958e-01
8589	3.680996e-01	3.387379e-01	2.367002e-02	2.958752e-02	1.549909e-01	1.524318e-01	8.534164e-01	7.532056e-01
974	2.287225e-01	2.610860e-01	4.120094e-02	5.150117e-02	2.697831e-01	2.542584e-01	8.283007e-02	1.719951e-01
4752	9.568348e-01	1.476027e-01	4.435165e-02	5.543956e-02	2.904139e-01	1.168190e-01	2.118655e-01	6.659026e-01
17241	4.257719e-01	6.931859e-01	7.610516e-02	9.513145e-02	4.983354e-01	4.551416e-01	4.770225e-01	9.389004e-01
21721	4.682492e-01	3.874580e-01	4.971894e-02	6.214868e-02	3.255589e-01	2.336152e-01	6.731298e-01	1.502282e-01
8041	6.114785e-01	8.513821e-01	3.109306e-02	3.886632e-02	2.035969e-01	1.229340e-01	1.612534e-01	6.198644e-01
8001	4.962820e-01	7.726272e-01	3.630101e-02	4.537627e-02	2.376985e-01	1.753881e-01	4.030095e-01	2.901472e-01
643	1.857926e-01	4.036020e-01	6.722757e-02	8.403446e-02	4.402051e-01	3.930239e-01	4.475506e-01	2.412254e-01
7296	4.962877e-01	8.990747e-01	4.877142e-02	6.096428e-02	3.193545e-01	1.529507e-01	1.640822e-01	3.270879e-01
24172	9.087605e-01	6.034927e-01	5.874485e-02	7.343107e-02	3.846604e-01	1.350646e-01	2.532885e-01	5.391394e-01
32387	4.268733e-02	2.085639e-01	2.427657e-02	3.034571e-02	1.589626e-01	1.438433e-01	4.707954e-01	9.484430e-01
20415	2.825699e-01	3.147278e-01	6.070909e-02	7.588636e-02	3.975222e-01	2.377058e-01	2.356269e-01	6.801756e-01
28586	2.583203e-01	5.659717e-01	2.248727e-02	2.810909e-02	1.472463e-01	1.451214e-01	2.701065e-01	2.917002e-01
11206	9.238607e-01	5.063414e-01	2.415277e-02	3.019097e-02	1.581520e-01	1.037103e-01	1.541090e-01	9.731225e-01
1538	6.144868e-01	4.975364e-01	5.667427e-02	7.084284e-02	3.711023e-01	3.675151e-01	7.381938e-01	3.560421e-01
24862	2.786841e-01	5.836508e-02	3.781338e-02	4.726673e-02	2.476014e-01	8.896443e-02	4.256061e-01	8.867816e-01
10278	8.384842e-01	3.856268e-01	6.080487e-02	7.600608e-02	3.981493e-01	3.955650e-01	6.204246e-01	8.387495e-01
18486	5.650613e-01	8.488148e-02	2.383165e-02	2.978956e-02	1.560492e-01	1.463307e-01	5.668437e-01	4.456850e-01
6389	5.795889e-01	7.157410e-01	3.694989e-02	4.618736e-02	2.419473e-01	1.806267e-01	7.728044e-01	8.094165e-01
12744	8.628384e-01	2.955898e-01	2.162836e-02	2.703546e-02	1.416222e-01	1.374628e-01	5.253618e-01	3.775019e-01
10995	1.526482e-01	7.367640e-01	2.295559e-02	2.869449e-02	1.503129e-01	1.092139e-01	6.920471e-01	3.788646e-01
15210	8.879865e-01	5.338109e-01	4.051253e-02	5.064066e-02	2.652754e-01	1.507550e-01	1.972582e-01	3.560547e-02
31514	5.567125e-01	3.362409e-01	2.158460e-02	2.698074e-02	1.413356e-01	1.268592e-01	7.506355e-01	4.668776e-01
23295	6.621606e-01	2.695685e-01	2.589558e-02	3.236947e-02	1.695638e-01	1.631140e-01	2.935221e-01	5.057073e-01
8471	5.540620e-01	6.048759e-01	5.879398e-02	7.349247e-02	3.849821e-01	3.571421e-01	4.089568e-01	6.090123e-01
6954	2.040090e-01	9.082408e-01	5.320007e-02	6.650008e-02	3.483532e-01	1.699896e-01	9.351553e-01	2.964431e-01
2158	8.322476e-01	2.721646e-01	2.539820e-02	3.174775e-02	1.663070e-01	1.658428e-01	3.233096e-01	4.371783e-01
12773	4.104199e-01	5.636159e-01	2.699121e-02	3.373902e-02	1.767380e-01	1.341017e-01	5.025675e-01	5.431196e-01
9355	2.844849e-02	6.127175e-01	2.564318e-02	3.205397e-02	1.679111e-01	1.626678e-01	7.963094e-01	3.125463e-02
28841	6.511596e-01	6.145283e-01	2.178679e-02	2.723349e-02	1.426596e-01	7.359748e-02	8.470952e-01	4.084905e-02
16377	1.990099e-01	4.996715e-01	2.489071e-02	3.111339e-02	1.629840e-01	1.627109e-01	1.599791e-01	2.606596e-01
1341	3.968597e-01	3.580990e-01	2.106570e-02	2.633212e-02	1.379379e-01	5.586603e-02	5.340862e-02	4.685068e-01
18769	7.524844e-01	8.315552e-01	3.827820e-02	4.784775e-02	2.506451e-01	2.229208e-01	3.862894e-01	3.059605e-02
31779	6.399785e-01	2.047819e-01	3.501888e-02	4.377360e-02	2.293031e-01	1.725149e-01	7.243302e-01	3.829134e-01
14367	4.820793e-01	6.442769e-01	2.097727e-02	2.622159e-02	1.373588e-01	1.342706e-01	2.477588e-01	3.477557e-01
21417	7.098055e-01	9.098377e-01	2.392847e-02	2.991058e-02	1.566832e-01	8.372972e-02	4.659953e-01	1.639061e-01
27354	5.063731e-01	4.591272e-01	2.942778e-02	3.678472e-02	1.926926e-01	1.680834e-01	1.076153e-02	4.172890e-01
