12345	8.714853e-01	9.089733e-01	5.077928e-02	6.347410e-02	3.325019e-01	3.324338e-01	1.962557e-01	5.008321e-01
13276	2.088781e-01	3.918050e-01	3.301607e-02	4.127009e-02	2.161887e-01	1.575246e-01	6.413626e-02	8.157972e-01
20640	1.017144e-01	6.131926e-01	5.312194e-02	6.640243e-02	3.478417e-01	3.356414e-01	9.907905e-01	1.256932e-01
25441	3.802321e-01	4.389306e-01	3.401603e-02	4.252004e-02	2.227364e-01	2.222029e-01	4.648443e-01	6.450638e-01
4458	8.890605e-01	2.447322e-01	2.113218e-02	2.641523e-02	1.383732e-01	1.300022e-01	1.699562e-02	4.480029e-01
15108	5.869198e-01	8.641910e-01	2.234924e-02	2.793655e-02	1.463425e-01	9.462708e-02	1.718384e-03	4.759094e-01
9597	7.075638e-01	5.065783e-01	2.245201e-02	2.806502e-02	1.470154e-01	6.428769e-02	9.428238e-01	1.116835e-01
25286	9.171906e-01	7.781608e-01	3.298853e-02	4.123566e-02	2.160084e-01	1.446811e-01	1.338293e-01	5.099977e-01
17023	4.189903e-01	7.194361e-01	4.650013e-02	5.812516e-02	3.044821e-01	1.411951e-01	9.006776e-01	1.516412e-01
29130	8.867055e-01	3.556902e-02	2.799577e-02	3.499472e-02	1.833159e-01	9.148797e-02	8.731972e-01	3.747917e-01
22688	9.482712e-01	1.724118e-01	2.589237e-02	3.236546e-02	1.695428e-01	1.619399e-01	6.249953e-01	8.692998e-01
31803	4.613855e-01	6.231638e-01	6.324155e-02	7.905194e-02	4.141047e-01	2.041757e-01	1.297325e-01	7.075942e-01
27051	3.656983e-01	8.820208e-01	4.078719e-02	5.098399e-02	2.670739e-01	2.634174e-01	2.228778e-01	4.188884e-01
20024	7.086943e-01	6.450973e-01	4.526633e-02	5.658291e-02	2.964032e-01	1.870674e-01	8.361334e-01	1.755203e-01
15674	8.332785e-01	4.412879e-01	2.942350e-02	3.677937e-02	1.926646e-01	1.036489e-01	2.659452e-01	5.838020e-01
19080	4.970578e-01	1.387731e-01	7.186474e-02	8.983093e-02	4.705692e-01	4.701647e-01	9.260905e-01	3.821681e-01
27919	5.762011e-01	7.486884e-01	2.924752e-02	3.655940e-02	1.915123e-01	1.804616e-01	4.491771e-01	3.646125e-01
16441	7.083278e-01	8.770823e-01	4.095419e-02	5.119274e-02	2.681674e-01	9.277449e-02	8.377771e-01	3.484397e-01
13667	1.515231e-01	2.045557e-01	3.781224e-02	4.726530e-02	2.475940e-01	1.165361e-01	9.387395e-01	2.423400e-01
7067	2.831258e-01	1.793272e-01	5.287401e-02	6.609251e-02	3.462182e-01	2.909533e-01	2.265641e-01	7.320700e-01
24008	6.845279e-01	2.530168e-01	2.439467e-02	3.049333e-02	1.597359e-01	4.433787e-02	4.313492e-01	7.807197e-01
30103	6.994152e-01	1.522037e-01	3.247210e-02	4.059012e-02	2.126268e-01	2.043630e-01	6.494159e-01	7.796904e-01
31061	6.645918e-01	8.314756e-01	3.395631e-02	4.244539e-02	2.223454e-01	1.568570e-01	5.603195e-01	9.096992e-01
22045	1.625817e-01	9.359322e-02	3.624746e-02	4.530932e-02	2.373478e-01	2.350720e-01	4.296893e-02	2.118955e-01
7652	9.441304e-01	6.718870e-01	2.725257e-02	3.406571e-02	1.784494e-01	1.388914e-01	6.256504e-01	6.502394e-01
4324	6.948884e-01	8.453634e-01	3.502101e-02	4.377626e-02	2.293170e-01	6.262328e-02	9.842673e-01	8.661332e-02
5860	6.522253e-01	5.468460e-01	6.835849e-02	8.544811e-02	4.476103e-01	1.925438e-01	1.440115e-01	9.273554e-01
15206	7.221588e-01	2.553094e-01	4.376758e-02	5.470947e-02	2.865894e-01	2.689598e-01	9.758311e-01	8.652517e-01
1809	2.008955e-01	2.508619e-01	2.893725e-02	3.617156e-02	1.894807e-01	1.101929e-01	5.477782e-01	8.331034e-01
10455	5.165721e-02	9.260457e-01	2.318007e-02	2.897509e-02	1.517828e-01	1.370468e-01	3.829294e-01	3.213179e-01
24747	3.208367e-01	5.440770e-01	2.179010e-02	2.723762e-02	1.426812e-01	7.589744e-02	9.320633e-01	8.258113e-01
897	9.493420e-01	3.786592e-01	4.519922e-02	5.649903e-02	2.959638e-01	2.245761e-01	7.257284e-01	2.992628e-01
4932	7.955965e-01	3.069663e-01	5.767423e-02	7.209279e-02	3.776500e-01	3.720198e-01	9.155134e-01	6.888256e-01
27618	1.670793e-01	2.899921e-01	2.732505e-02	3.415632e-02	1.789240e-01	1.238161e-01	1.396850e-01	9.027998e-01
32008	6.694321e-01	4.017701e-01	2.109535e-02	2.636919e-02	1.381320e-01	5.639434e-02	7.938209e-01	1.552302e-01
2498	1.978020e-01	4.970515e-01	6.468802e-02	8.086003e-02	4.235762e-01	3.909378e-01	2.507632e-01	8.436969e-01
23614	7.685871e-01	8.902007e-01	5.278973e-02	6.598716e-02	3.456663e-01	3.226841e-01	8.630932e-01	8.747023e-01
11814	9.109957e-02	4.673323e-01	2.873444e-02	3.591805e-02	1.881527e-01	6.806337e-02	1.767418e-01	8.749841e-01
19304	6.977978e-01	3.449959e-01	4.117511e-02	5.146889e-02	2.696140e-01	2.449322e-01	5.551053e-01	7.061699e-01
29241	4.799275e-01	7.988948e-01	2.349717e-02	2.937146e-02	1.538591e-01	1.537034e-01	8.302808e-01	6.558661e-01
15089	5.137532e-01	3.805529e-01	6.278700e-02	7.848375e-02	4.111283e-01	2.675402e-01	3.874492e-01	4.323554e-01
25825	5.382799e-01	2.624618e-01	5.925522e-02	7.406902e-02	3.880023e-01	3.778031e-01	5.827253e-01	5.186400e-01
1285	3.645849e-01	3.380909e-01	5.571177e-02	6.963971e-02	3.647998e-01	3.632174e-01	5.036901e-01	3.039738e-01
13895	2.985209e-01	3.978488e-01	2.671918e-02	3.339897e-02	1.749568e-01	5.577889e-02	9.586725e-01	5.675195e-01
24221	8.644924e-02	1.448934e-01	6.800013e-02	8.500016e-02	4.452638e-01	3.735708e-01	3.399594e-01	9.469966e-01
13467	8.064179e-01	6.137755e-01	2.107895e-02	2.634869e-02	1.380247e-01	1.308425e-01	3.502401e-01	5.349925e-01
688	4.038114e-01	3.919140e-01	2.682068e-02	3.352586e-02	1.756214e-01	1.417954e-01	8.601543e-01	5.474191e-01
5295	5.594245e-02	5.834770e-02	4.500884e-02	5.626105e-02	2.947172e-01	2.186601e-01	3.877290e-01	3.915454e-01
24329	3.870341e-01	5.010194e-01	4.873248e-02	6.091560e-02	3.190995e-01	1.476158e-01	9.146643e-01	4.601165e-01
18186	3.378029e-01	1.259159e-01	4.545233e-02	5.681542e-02	2.976212e-01	2.859065e-01	6.921865e-01	1.505275e-01
6911	8.977711e-01	6.732473e-01	2.762618e-02	3.453273e-02	1.808958e-01	1.795367e-01	1.559976e-01	8.728669e-01
27353	5.385280e-01	7.835578e-01	2.096081e-02	2.620101e-02	1.372510e-01	5.646654e-02	3.244466e-01	3.635270e-01
1906	2.084838e-01	3.098689e-01	2.172625e-02	2.715782e-02	1.422632e-01	1.281743e-01	1.758959e-01	4.474454e-01
23531	4.159885e-01	9.609102e-01	2.446100e-02	3.057625e-02	1.601702e-01	7.488783e-02	8.417163e-01	5.662802e-02
26830	3.784708e-01	6.393762e-01	5.106559e-02	6.383199e-02	3.343767e-01	3.343444e-01	1.129110e-01	3.209789e-01
19925	1.449969e-01	8.379520e-01	7.492835e-02	9.366043e-02	4.906296e-01	4.261727e-01	8.044575e-01	4.055381e-01
9076	7.973121e-01	6.960112e-01	4.568123e-02	5.710154e-02	2.991200e-01	2.866039e-01	9.661620e-01	7.958296e-01
26626	6.482042e-01	6.221814e-01	5.033783e-02	6.292229e-02	3.296113e-01	2.155512e-01	8.562892e-01	8.342522e-01
28546	9.379238e-01	5.652652e-01	4.752443e-02	5.940554e-02	3.111892e-01	1.648747e-01	6.655987e-01	1.804302e-01
27926	6.935320e-01	7.186342e-01	3.528913e-02	4.411141e-02	2.310727e-01	7.795337e-02	2.283145e-01	3.113953e-01
27303	7.701095e-01	4.140857e-01	3.217209e-02	4.021511e-02	2.106624e-01	5.650355e-02	2.418187e-01	3.816782e-01
1037	3.250162e-01	2.413356e-01	2.301209e-02	2.876511e-02	1.506828e-01	1.089394e-01	1.291995e-01	1.394068e-01
10219	4.777764e-01	9.040168e-01	3.173723e-02	3.967154e-02	2.078149e-01	2.074592e-01	8.511842e-03	6.081688e-01
27366	8.551357e-01	3.898927e-01	3.129839e-02	3.912299e-02	2.049414e-01	6.079904e-02	3.063930e-01	7.875717e-01
22801	5.189953e-01	8.186045e-01	3.042555e-02	3.803194e-02	1.992260e-01	7.787581e-02	6.211750e-01	7.705904e-01
14917	4.041472e-02	7.407535e-01	4.117860e-02	5.147325e-02	2.696368e-01	2.687895e-01	9.352828e-01	3.092277e-01
435	7.634275e-01	2.314141e-01	2.413762e-02	3.017203e-02	1.580528e-01	1.541965e-01	3.990387e-03	2.985669e-01
30624	1.945173e-01	6.977772e-01	3.922482e-02	4.903103e-02	2.568435e-01	2.092499e-01	7.522510e-02	9.621174e-01
2790	2.964312e-01	7.951988e-01	2.198082e-02	2.747602e-02	1.439300e-01	6.533063e-02	1.683552e-01	7.488691e-01
24447	5.812898e-01	6.114721e-01	7.315456e-02	9.144320e-02	4.790149e-01	2.109294e-01	4.786388e-01	7.707709e-01
27386	4.375345e-01	5.551054e-01	3.143626e-02	3.929533e-02	2.058442e-01	5.846635e-02	1.747240e-01	7.748616e-01
3697	9.688558e-01	1.171332e-01	2.952501e-02	3.690627e-02	1.933293e-01	1.539081e-01	5.844070e-01	2.346239e-01
25371	2.535874e-01	1.358301e-01	2.085425e-02	2.606781e-02	1.365533e-01	1.266480e-01	2.106651e-01	4.740541e-02
11345	2.110826e-01	1.613942e-01	5.253954e-02	6.567442e-02	3.440281e-01	3.180504e-01	7.085902e-01	2.234702e-01
13106	3.454263e-01	8.032137e-01	2.190898e-02	2.738623e-02	1.434597e-01	1.426306e-01	2.732402e-01	1.507566e-01
24353	5.841965e-01	3.392855e-01	7.408584e-02	9.260730e-02	4.851129e-01	4.106020e-01	6.409392e-01	5.304240e-01
28027	1.934966e-01	8.981218e-01	2.441993e-02	3.052491e-02	1.599013e-01	1.118800e-01	3.765639e-01	1.199429e-01
