6482	4.846868e-01	8.290371e-01	5.517008e-02	6.896260e-02	3.612528e-01	2.372952e-01	2.287808e-01	9.270540e-01
23861	3.470107e-01	3.947794e-02	2.339190e-02	2.923988e-02	1.531698e-01	1.302049e-01	4.061481e-01	1.120215e-01
26396	8.871428e-01	1.598593e-01	5.361889e-02	6.702361e-02	3.510956e-01	3.466554e-01	5.936685e-01	1.238941e-01
30852	5.233714e-01	1.363719e-01	3.047715e-02	3.809644e-02	1.995639e-01	1.644638e-01	3.531833e-01	8.794889e-01
21948	1.766981e-01	4.247658e-01	2.369575e-02	2.961969e-02	1.551594e-01	1.148627e-01	9.887216e-01	6.499828e-01
16556	5.089119e-01	1.021363e-01	2.188238e-02	2.735297e-02	1.432855e-01	5.616358e-02	4.938374e-01	6.006393e-01
15545	3.881035e-01	8.370265e-01	5.079385e-02	6.349232e-02	3.325974e-01	2.685549e-01	3.361156e-01	5.679037e-01
27656	8.791209e-01	8.290361e-01	2.264851e-02	2.831064e-02	1.483021e-01	5.045875e-02	9.513738e-01	9.206494e-01
30295	3.760262e-01	9.519680e-01	2.715956e-02	3.394945e-02	1.778404e-01	1.338746e-01	2.172542e-01	8.326796e-01
11284	1.237194e-01	5.650793e-01	3.739324e-02	4.674155e-02	2.448504e-01	2.447007e-01	3.062798e-01	3.035998e-01
16272	4.392878e-01	1.077699e-01	3.573458e-02	4.466822e-02	2.339895e-01	2.257754e-01	3.558364e-01	3.371101e-02
21184	4.124326e-01	7.015903e-01	3.997822e-02	4.997278e-02	2.617768e-01	2.450504e-01	7.028446e-01	4.185428e-01
28842	9.624596e-01	5.351888e-01	2.149212e-02	2.686515e-02	1.407301e-01	1.330306e-01	8.585867e-01	9.630715e-02
28762	7.591907e-01	8.887715e-01	2.268794e-02	2.835993e-02	1.485603e-01	9.883664e-02	8.855646e-02	3.042674e-01
7152	6.037457e-01	6.066156e-01	2.447366e-02	3.059207e-02	1.602531e-01	8.976675e-02	7.272513e-01	4.207726e-01
32140	5.536573e-01	3.134135e-01	7.553676e-02	9.442095e-02	4.946135e-01	3.134460e-01	5.693475e-01	5.566108e-01
22748	1.458695e-01	9.366047e-01	5.128096e-02	6.410121e-02	3.357870e-01	3.290610e-01	7.252769e-01	4.080837e-01
26746	6.795920e-01	3.721817e-01	4.174117e-02	5.217646e-02	2.733205e-01	1.275626e-01	8.743611e-01	3.294186e-02
18751	6.111123e-01	2.505274e-01	2.458404e-02	3.073005e-02	1.609759e-01	1.300700e-01	1.397363e-01	7.573868e-01
15310	3.000113e-01	4.850134e-01	4.489778e-02	5.612222e-02	2.939900e-01	2.713919e-01	3.174243e-02	8.273312e-01
13797	8.449933e-02	6.347840e-01	2.064662e-02	2.580828e-02	1.351938e-01	1.348357e-01	4.965165e-01	1.933831e-01
25258	8.862961e-01	5.709962e-01	4.057060e-02	5.071325e-02	2.656556e-01	2.624792e-01	6.483023e-02	6.461271e-02
8555	5.322342e-02	4.194168e-01	3.283328e-02	4.104160e-02	2.149918e-01	1.529120e-01	7.266670e-01	6.655728e-01
5973	3.866629e-02	9.176329e-01	2.676122e-02	3.345152e-02	1.752320e-01	1.304814e-01	5.577132e-01	6.709702e-01
27007	3.232323e-01	8.728110e-01	2.691055e-02	3.363819e-02	1.762099e-01	1.070986e-01	9.280969e-01	1.964018e-01
3401	7.832289e-01	8.159877e-01	3.139544e-02	3.924431e-02	2.055769e-01	1.324523e-01	1.128073e-01	6.333318e-01
32747	2.709651e-01	7.062574e-01	2.460078e-02	3.075097e-02	1.610855e-01	1.490328e-01	7.063678e-01	3.153082e-01
29193	8.441942e-01	6.278858e-01	6.478674e-02	8.098343e-02	4.242226e-01	1.647000e-01	6.732265e-01	7.432819e-02
14987	9.387829e-01	9.720382e-01	2.368565e-02	2.960706e-02	1.550933e-01	1.319672e-01	4.646643e-01	7.079819e-01
8383	1.325853e-01	1.591170e-01	3.360143e-02	4.200179e-02	2.200216e-01	2.195902e-01	2.604025e-01	3.206515e-02
6855	5.867781e-01	8.917357e-01	2.312772e-02	2.890965e-02	1.514400e-01	1.473435e-01	7.121289e-01	2.316113e-01
5968	8.145541e-01	4.544647e-01	2.206856e-02	2.758570e-02	1.445046e-01	4.453149e-02	6.637147e-01	3.495463e-01
25372	6.008992e-01	1.790018e-01	3.569926e-02	4.462408e-02	2.337582e-01	7.703300e-02	4.315001e-01	2.655248e-01
28009	5.610765e-01	2.228039e-01	5.504234e-02	6.880293e-02	3.604164e-01	3.104981e-01	3.946800e-01	3.105390e-01
4435	2.431415e-01	4.766974e-01	3.580073e-02	4.475091e-02	2.344226e-01	2.213949e-01	6.827700e-02	8.880529e-01
17249	1.855943e-01	8.226617e-01	2.890730e-02	3.613413e-02	1.892846e-01	8.970862e-02	6.121716e-01	3.779900e-01
6885	6.405031e-01	2.096258e-01	6.064910e-02	7.581138e-02	3.971294e-01	3.971188e-01	6.783753e-01	2.417937e-01
22613	8.279244e-01	6.078163e-02	2.843872e-02	3.554839e-02	1.862163e-01	1.782046e-01	1.955950e-01	5.968601e-01
12879	3.767385e-01	3.250844e-01	3.914053e-02	4.892567e-02	2.562916e-01	8.936945e-02	9.850093e-01	3.943298e-02
32435	8.647093e-01	7.330013e-01	7.115233e-02	8.894041e-02	4.659043e-01	3.373258e-01	7.413721e-01	4.662317e-01
15151	3.255404e-01	1.132352e-01	6.546434e-02	8.183043e-02	4.286595e-01	2.918931e-01	3.668703e-03	5.816210e-01
28670	7.737623e-02	5.463920e-02	2.056527e-02	2.570658e-02	1.346610e-01	9.830234e-02	8.379130e-01	5.366512e-01
25367	7.605607e-01	1.325330e-01	2.693618e-02	3.367022e-02	1.763777e-01	1.661721e-01	3.109566e-01	6.528953e-01
27964	5.956326e-01	1.053977e-01	3.627027e-02	4.533784e-02	2.374972e-01	6.442968e-02	4.369627e-01	2.979035e-01
886	3.816516e-01	6.113912e-01	2.059799e-02	2.574749e-02	1.348753e-01	8.917024e-02	1.202703e-01	5.295805e-01
2173	6.494623e-01	5.033772e-01	5.594266e-02	6.992833e-02	3.663117e-01	3.656595e-01	9.519121e-01	4.533648e-01
32249	5.146383e-01	7.761797e-01	5.010662e-02	6.263327e-02	3.280974e-01	1.579702e-01	3.765808e-01	2.848793e-01
9763	7.846940e-01	6.708578e-01	2.337114e-02	2.921393e-02	1.530339e-01	1.508372e-01	7.575793e-01	4.474387e-01
24702	5.153427e-01	5.676302e-01	7.097411e-02	8.871764e-02	4.647374e-01	4.181006e-01	8.266258e-01	9.470588e-01
19319	7.752426e-01	3.002886e-01	2.098553e-02	2.623191e-02	1.374129e-01	1.270633e-01	5.670253e-01	6.997120e-02
21667	6.702044e-01	5.766571e-02	3.476270e-02	4.345337e-02	2.276256e-01	1.164223e-01	8.884747e-01	2.791712e-01
1273	3.553364e-01	6.779107e-01	7.615254e-02	9.519068e-02	4.986457e-01	4.697467e-01	6.327815e-01	8.990183e-02
4524	7.915310e-01	1.817227e-01	2.644174e-02	3.305217e-02	1.731401e-01	1.397844e-01	6.695054e-01	4.448673e-01
15863	6.741994e-01	7.687619e-01	2.724600e-02	3.405750e-02	1.784064e-01	4.815296e-02	7.274144e-01	1.128287e-01
21964	4.042972e-01	5.517300e-01	2.576223e-02	3.220279e-02	1.686907e-01	1.613512e-01	5.915663e-01	6.082368e-01
5165	5.870113e-01	8.561170e-01	2.304875e-02	2.881094e-02	1.509229e-01	1.357159e-01	6.316488e-02	1.193400e-01
3601	1.324612e-01	8.226906e-02	2.233873e-02	2.792341e-02	1.462737e-01	1.385314e-01	6.478300e-01	2.421082e-01
29375	4.626262e-01	6.142316e-01	3.610693e-02	4.513366e-02	2.364276e-01	1.889580e-01	5.839034e-01	3.703250e-01
30623	1.101273e-01	3.042663e-01	5.271639e-02	6.589549e-02	3.451861e-01	3.122551e-01	3.708283e-01	5.035598e-01
9349	7.335743e-01	4.689928e-01	3.128073e-02	3.910091e-02	2.048257e-01	6.201834e-02	6.572216e-01	7.685246e-01
7185	1.626646e-01	8.670008e-02	2.287355e-02	2.859194e-02	1.497756e-01	1.155831e-01	9.371985e-01	2.674277e-01
18763	8.769445e-01	2.970128e-01	2.341700e-02	2.927125e-02	1.533342e-01	5.745126e-02	9.667946e-01	7.810913e-01
9275	7.596917e-01	8.539521e-01	2.245048e-02	2.806310e-02	1.470054e-01	1.261435e-01	4.458165e-01	7.250044e-01
11080	1.643619e-01	2.685657e-01	2.703250e-02	3.379062e-02	1.770084e-01	1.450419e-01	8.487678e-01	6.745651e-01
31579	9.482234e-02	2.037932e-01	2.176129e-02	2.720162e-02	1.424926e-01	1.395669e-01	8.791779e-01	2.908855e-02
5005	3.943152e-02	7.141364e-01	3.159673e-02	3.949592e-02	2.068949e-01	9.067648e-02	9.305888e-01	2.515742e-01
23364	1.892642e-01	6.143843e-01	2.141237e-02	2.676546e-02	1.402078e-01	8.136033e-02	9.284218e-01	6.437849e-01
28465	8.221379e-01	4.036433e-01	4.971486e-02	6.214358e-02	3.255321e-01	3.156245e-01	3.677667e-01	2.204971e-01
29469	6.481219e-01	8.319409e-01	2.236766e-02	2.795957e-02	1.464631e-01	8.398709e-02	8.198435e-01	1.830385e-01
30452	4.014680e-01	1.005154e-01	3.332620e-02	4.165776e-02	2.182195e-01	5.864263e-02	5.172648e-01	6.797670e-01
27421	9.111964e-01	4.835512e-01	3.148732e-02	3.935915e-02	2.061785e-01	2.024948e-01	9.922212e-02	6.349934e-01
6075	2.104870e-01	3.046469e-01	2.206353e-02	2.757941e-02	1.444716e-01	1.387632e-01	6.052254e-01	5.416390e-01
9510	7.911186e-01	5.913960e-01	2.554360e-02	3.192950e-02	1.672591e-01	1.574139e-01	5.407831e-01	7.322487e-01
7798	2.466679e-01	1.451700e-01	2.121443e-02	2.651804e-02	1.389118e-01	9.345627e-02	9.115640e-01	3.012235e-01
