4668	4.635934e-01	8.044264e-01	3.567202e-02	4.459002e-02	2.335798e-01	2.307480e-01	2.551092e-01	6.976714e-01
28475	8.704043e-01	9.404893e-01	2.813431e-02	3.516788e-02	1.842230e-01	1.841883e-01	6.263171e-01	5.434954e-01
8257	9.593504e-01	9.034656e-01	2.317656e-02	2.897069e-02	1.517597e-01	1.358105e-01	7.233649e-01	9.419176e-01
24896	7.331671e-01	7.003402e-01	3.524917e-02	4.406146e-02	2.308110e-01	1.869533e-01	8.934029e-01	8.069825e-01
15155	7.619018e-01	9.233042e-01	4.997080e-02	6.246350e-02	3.272080e-01	2.097566e-01	7.441619e-02	4.754458e-01
31011	2.458551e-01	6.825301e-01	2.328186e-02	2.910233e-02	1.524493e-01	7.799609e-02	3.289810e-01	8.097565e-01
1472	4.141584e-01	6.213516e-01	2.215131e-02	2.768914e-02	1.450464e-01	1.448095e-01	1.587760e-01	8.976767e-01
8216	6.123736e-01	7.707441e-01	6.553733e-02	8.192167e-02	4.291374e-01	2.007393e-01	1.596212e-01	8.443064e-01
2860	7.932768e-01	5.991718e-01	2.964618e-02	3.705773e-02	1.941228e-01	7.588687e-02	5.815405e-01	7.338038e-01
21912	8.166817e-01	1.144566e-01	2.107903e-02	2.634879e-02	1.380252e-01	1.176369e-01	2.074719e-01	9.569691e-01
7137	6.664675e-01	6.715504e-01	3.352066e-02	4.190082e-02	2.194927e-01	2.060218e-01	9.960938e-01	9.861257e-02
19707	5.254781e-01	1.031138e-01	2.520659e-02	3.150823e-02	1.650523e-01	1.196333e-01	6.399395e-02	6.726654e-01
929	6.158719e-01	4.366475e-02	3.439478e-02	4.299348e-02	2.252165e-01	2.202847e-01	1.543885e-01	1.425040e-01
24250	1.665937e-01	2.379117e-01	2.792414e-02	3.490517e-02	1.828468e-01	1.713826e-01	7.406456e-01	6.988112e-01
21371	1.056362e-01	4.506514e-01	4.509699e-02	5.637124e-02	2.952944e-01	1.337930e-01	1.378997e-01	6.335386e-01
9246	6.340752e-01	1.402484e-01	2.867633e-02	3.584541e-02	1.877721e-01	1.289624e-01	3.190307e-01	6.227058e-01
3029	8.070005e-01	7.776790e-01	2.284125e-02	2.855156e-02	1.495641e-01	1.107146e-01	5.036086e-01	6.795432e-01
22396	2.074669e-01	4.244186e-01	3.793596e-02	4.741995e-02	2.484041e-01	2.427337e-01	3.440613e-01	5.908430e-01
2936	4.513002e-01	5.722434e-01	6.177140e-02	7.721425e-02	4.044782e-01	1.874440e-01	6.416623e-01	7.785610e-01
18066	3.989517e-01	2.327825e-01	2.516088e-02	3.145110e-02	1.647530e-01	4.706516e-02	2.960178e-01	8.506158e-01
30848	2.451918e-01	3.150526e-01	2.546556e-02	3.183195e-02	1.667481e-01	1.518158e-01	6.722917e-01	3.166591e-01
921	9.543347e-01	5.799324e-01	4.700271e-02	5.875339e-02	3.077730e-01	3.041753e-01	8.085040e-01	7.210530e-01
3200	2.118920e-01	8.481279e-01	2.122236e-02	2.652795e-02	1.389637e-01	8.175230e-02	6.808762e-01	1.645065e-01
4256	5.641117e-01	2.292573e-01	3.928118e-02	4.910148e-02	2.572126e-01	2.569133e-01	5.383821e-02	5.093682e-01
17992	6.081464e-01	5.156304e-01	2.790081e-02	3.487601e-02	1.826940e-01	5.011256e-02	4.762547e-01	3.513289e-01
19507	1.936431e-01	1.632226e-01	2.891696e-02	3.614621e-02	1.893478e-01	1.525249e-01	1.875661e-01	2.502567e-01
26721	1.743001e-01	4.457161e-01	2.201937e-02	2.752421e-02	1.441825e-01	1.274658e-01	4.045422e-01	3.206825e-01
10739	3.130456e-01	9.365065e-01	2.230906e-02	2.788632e-02	1.460794e-01	1.376249e-01	2.442040e-01	9.079935e-01
28298	4.319736e-01	3.448922e-01	3.431290e-02	4.289112e-02	2.246803e-01	1.932401e-01	4.474805e-01	6.903278e-01
13870	6.074281e-01	5.636481e-01	3.336014e-02	4.170017e-02	2.184417e-01	1.927642e-01	8.441807e-01	4.412013e-01
10591	5.807684e-01	8.645407e-01	3.838868e-02	4.798585e-02	2.513685e-01	1.459907e-01	9.295296e-01	2.766729e-01
8953	1.805583e-01	2.896300e-01	3.195995e-02	3.994993e-02	2.092732e-01	2.036581e-01	3.698663e-01	3.377748e-01
18554	2.676721e-01	4.945928e-01	7.550617e-02	9.438271e-02	4.944132e-01	2.455836e-01	5.252192e-01	6.921588e-01
31829	5.501334e-01	9.365917e-01	3.131459e-02	3.914324e-02	2.050474e-01	1.426384e-01	5.133494e-01	2.005876e-01
24222	2.805054e-01	2.342834e-01	7.548656e-02	9.435820e-02	4.942848e-01	1.938593e-01	9.226320e-01	2.046414e-01
21138	5.915274e-01	2.851755e-01	2.248966e-02	2.811208e-02	1.472620e-01	8.050250e-02	7.177547e-01	9.186202e-01
11676	1.479724e-01	1.071338e-01	4.388471e-02	5.485588e-02	2.873564e-01	1.833344e-01	4.351093e-01	9.074758e-03
26426	8.949661e-01	7.746266e-01	5.702438e-02	7.128047e-02	3.733947e-01	1.427652e-01	6.570082e-01	4.064181e-02
27278	1.575025e-01	6.894003e-01	2.397208e-02	2.996510e-02	1.569688e-01	8.490129e-02	9.243374e-01	6.914685e-01
24877	7.362728e-01	2.504887e-01	3.419168e-02	4.273960e-02	2.238866e-01	1.272825e-01	5.710480e-01	6.212871e-02
30486	7.839354e-01	8.929828e-01	5.777138e-02	7.221422e-02	3.782861e-01	1.268914e-01	5.935204e-02	5.095139e-01
4278	9.118627e-01	7.210471e-01	2.455444e-02	3.069305e-02	1.607821e-01	1.509173e-01	5.404033e-01	3.810808e-01
30909	7.520833e-01	4.210973e-01	3.026769e-02	3.783462e-02	1.981924e-01	1.959538e-01	7.200618e-01	6.917514e-01
27264	8.321725e-01	5.490888e-01	2.299002e-02	2.873753e-02	1.505383e-01	4.719961e-02	3.353844e-01	3.634240e-01
11658	8.672166e-02	8.717155e-01	3.123609e-02	3.904512e-02	2.045335e-01	2.010105e-01	2.959568e-01	9.041314e-01
9268	2.232150e-01	2.456974e-01	3.905681e-02	4.882101e-02	2.557434e-01	1.016741e-01	9.212986e-02	9.659067e-01
28618	2.235566e-01	8.770096e-01	3.209143e-02	4.011428e-02	2.101342e-01	1.369453e-01	1.915146e-01	4.736818e-01
18129	1.502757e-01	9.233736e-01	3.002245e-02	3.752806e-02	1.965865e-01	1.707025e-01	2.655082e-01	2.884925e-01
3547	3.104386e-01	1.867657e-01	3.236782e-02	4.045977e-02	2.119440e-01	2.087896e-01	8.276496e-03	6.000885e-01
18143	7.383187e-01	7.866969e-02	2.054652e-02	2.568315e-02	1.345383e-01	9.512564e-02	3.024944e-01	3.811379e-02
12807	5.046811e-01	8.810091e-02	2.961363e-02	3.701703e-02	1.939096e-01	8.731593e-02	6.814882e-01	7.543266e-01
23462	5.759507e-01	4.162453e-01	2.688085e-02	3.360106e-02	1.760154e-01	1.426475e-01	8.262814e-02	1.660489e-01
27468	5.245877e-01	3.167710e-01	2.396225e-02	2.995281e-02	1.569044e-01	1.421960e-01	5.094586e-01	1.481916e-01
16242	9.073082e-01	3.632989e-01	7.408612e-02	9.260766e-02	4.851148e-01	4.823894e-01	7.497583e-01	3.358562e-02
31549	7.324177e-01	5.660581e-01	4.070855e-02	5.088568e-02	2.665589e-01	1.479958e-01	5.646017e-01	1.239031e-01
11204	9.124537e-01	2.097751e-01	2.185889e-02	2.732362e-02	1.431317e-01	1.397843e-01	2.910931e-01	5.055887e-01
4092	9.412197e-02	3.036568e-01	2.212120e-02	2.765150e-02	1.448493e-01	1.433558e-01	9.126055e-02	1.246837e-01
21897	1.959413e-01	5.250474e-01	2.685474e-02	3.356843e-02	1.758444e-01	1.684957e-01	7.622494e-01	5.146466e-01
19275	2.479094e-01	6.116760e-01	2.515550e-02	3.144437e-02	1.647178e-01	7.886268e-02	2.006349e-01	6.002369e-02
27129	4.189322e-01	7.958707e-01	3.095077e-02	3.868846e-02	2.026652e-01	1.627988e-01	6.070369e-01	5.442950e-01
637	8.489959e-01	4.427637e-01	3.054638e-02	3.818297e-02	2.000172e-01	1.594494e-01	3.811070e-01	3.722081e-01
27094	7.221534e-01	7.954759e-01	6.822397e-02	8.527997e-02	4.467295e-01	2.614536e-01	9.176112e-01	9.433261e-01
27540	2.132722e-01	1.378589e-01	2.503589e-02	3.129486e-02	1.639346e-01	1.566578e-01	6.086348e-01	4.543942e-01
14494	8.290550e-01	6.265283e-01	2.313481e-02	2.891852e-02	1.514864e-01	5.823450e-02	9.299760e-01	7.711252e-01
23263	4.450906e-01	4.385793e-01	2.501981e-02	3.127477e-02	1.638293e-01	1.260581e-01	8.491980e-01	4.187730e-02
20880	8.527913e-01	4.806426e-01	3.131441e-02	3.914301e-02	2.050463e-01	1.035567e-01	2.068555e-03	9.542390e-01
15543	2.130553e-01	6.012940e-01	2.266391e-02	2.832988e-02	1.484029e-01	9.957919e-02	8.721822e-01	8.271000e-01
32093	2.538295e-01	8.448048e-01	4.614894e-02	5.768618e-02	3.021825e-01	1.892502e-01	7.531373e-01	1.081477e-01
6565	6.260272e-01	3.175601e-01	3.313957e-02	4.142446e-02	2.169974e-01	2.165123e-01	4.040277e-01	8.413071e-01
22776	5.777308e-02	7.359314e-01	2.426390e-02	3.032987e-02	1.588796e-01	7.777748e-02	9.563556e-01	1.310894e-01
14441	9.492654e-01	2.142344e-01	2.089709e-02	2.612137e-02	1.368338e-01	5.983620e-02	2.098737e-02	5.949890e-01
3927	6.339441e-01	2.378178e-01	2.694020e-02	3.367525e-02	1.764040e-01	1.761400e-01	8.500535e-01	3.806947e-01
25378	5.540576e-01	5.218683e-01	2.266854e-02	2.833567e-02	1.484332e-01	5.178537e-02	9.826152e-01	3.529185e-02
15559	4.572641e-01	2.809030e-02	2.060020e-02	2.575025e-02	1.348898e-01	1.310215e-01	4.869432e-01	4.439748e-01
15990	8.764869e-01	8.501980e-01	3.521000e-02	4.401250e-02	2.305545e-01	2.216763e-01	1.136975e-01	3.930317e-01
11800	7.413794e-01	2.014066e-01	2.510586e-02	3.138232e-02	1.643928e-01	4.749986e-02	8.824653e-01	9.884054e-02
28155	3.521485e-01	8.091239e-01	3.512392e-02	4.390490e-02	2.299909e-01	2.299877e-01	7.680860e-01	2.043399e-01
5089	4.236659e-01	1.356044e-01	2.688182e-02	3.360227e-02	1.760217e-01	1.165291e-01	5.870894e-01	6.746701e-01
1236	8.049961e-02	9.268867e-01	2.194869e-02	2.743586e-02	1.437197e-01	9.162349e-02	2.760279e-01	6.341921e-01
