7009	4.604070e-01	6.949774e-01	5.462404e-02	6.828005e-02	3.576774e-01	1.811885e-01	1.610918e-01	5.320177e-01
13546	8.962441e-01	4.103403e-01	4.534031e-02	5.667539e-02	2.968876e-01	2.406394e-01	9.451798e-01	9.640637e-01
20989	2.437661e-01	4.101968e-01	2.447877e-02	3.059847e-02	1.602866e-01	1.363672e-01	8.663372e-01	6.914207e-01
5627	7.876950e-01	9.175382e-01	6.982919e-02	8.728649e-02	4.572404e-01	2.611164e-01	4.544352e-01	2.760999e-01
6649	9.496780e-01	8.391259e-02	3.618303e-02	4.522879e-02	2.369259e-01	6.825577e-02	3.093136e-01	9.470200e-01
12670	1.163471e-01	1.667512e-01	5.457008e-02	6.821260e-02	3.573241e-01	3.512387e-01	8.803039e-01	7.786952e-01
18304	5.012674e-01	8.272263e-01	2.294842e-02	2.868552e-02	1.502659e-01	1.402478e-01	2.411018e-01	6.838580e-01
4116	6.479559e-01	7.035307e-01	3.132820e-02	3.916025e-02	2.051366e-01	1.210325e-01	1.890763e-01	7.732865e-01
6709	3.474136e-02	2.189842e-01	2.675382e-02	3.344228e-02	1.751836e-01	1.703841e-01	6.481018e-01	9.129347e-01
22263	8.278535e-01	4.898065e-01	5.075245e-02	6.344056e-02	3.323262e-01	3.291034e-01	6.335638e-03	2.151490e-01
25385	6.841041e-01	5.633533e-01	5.001355e-02	6.251694e-02	3.274880e-01	2.558414e-01	2.223653e-01	3.764052e-01
17486	4.026588e-01	9.025294e-01	5.477651e-02	6.847064e-02	3.586757e-01	1.160278e-01	5.888475e-01	7.267180e-01
23084	1.527231e-01	7.820215e-01	4.256241e-02	5.320301e-02	2.786980e-01	2.786298e-01	9.132568e-01	3.608556e-01
9383	4.705330e-01	9.681921e-01	2.901129e-02	3.626411e-02	1.899654e-01	1.885445e-01	5.922111e-02	7.012643e-01
10051	7.126548e-01	3.681193e-01	3.181014e-02	3.976268e-02	2.082923e-01	2.052906e-01	7.984298e-03	4.913471e-01
1112	6.176078e-01	6.241138e-01	5.650662e-02	7.063327e-02	3.700044e-01	2.363184e-01	5.750797e-01	8.855187e-01
28789	3.952480e-01	5.682883e-01	2.223972e-02	2.779966e-02	1.456254e-01	1.205773e-01	1.936592e-01	2.907799e-01
30003	5.474511e-01	9.144808e-01	2.808733e-02	3.510916e-02	1.839154e-01	7.858012e-02	2.058039e-01	6.562409e-01
27572	1.615055e-01	9.591067e-01	3.095157e-02	3.868946e-02	2.026704e-01	2.015736e-01	7.350614e-01	7.506666e-01
4111	8.968141e-01	5.648791e-01	4.569128e-02	5.711409e-02	2.991858e-01	8.768363e-02	7.123549e-01	8.793090e-01
23096	6.542340e-01	2.128773e-01	2.155038e-02	2.693798e-02	1.411116e-01	3.684626e-02	4.515519e-01	5.213716e-01
13557	7.642632e-01	6.064152e-01	3.196474e-02	3.995592e-02	2.093046e-01	2.092537e-01	3.860217e-01	8.251592e-01
29102	8.065264e-01	2.128521e-01	2.172982e-02	2.716227e-02	1.422865e-01	8.863652e-02	1.664590e-01	5.161655e-01
2488	8.375156e-01	7.329155e-01	2.508961e-02	3.136201e-02	1.642864e-01	1.538118e-01	4.662877e-02	7.235980e-01
10370	5.719378e-02	7.484515e-01	3.449077e-02	4.311346e-02	2.258450e-01	1.940510e-01	4.849522e-01	9.040576e-01
32301	5.059987e-01	7.610183e-01	6.124463e-02	7.655578e-02	4.010289e-01	1.448662e-01	2.889698e-01	2.689575e-01
10777	5.397133e-01	5.098760e-01	4.000399e-02	5.000499e-02	2.619455e-01	1.859006e-01	3.956378e-01	9.167678e-01
21929	5.401107e-01	3.806800e-02	2.178982e-02	2.723727e-02	1.426794e-01	1.385706e-01	6.504499e-01	5.217787e-01
24308	4.260524e-01	4.531945e-01	4.860814e-02	6.076018e-02	3.182854e-01	1.695679e-01	9.340798e-01	9.341758e-01
1829	5.617064e-01	2.350977e-01	2.799703e-02	3.499628e-02	1.833241e-01	6.532695e-02	6.697628e-01	2.991948e-02
1273	2.037040e-01	5.949724e-01	2.570481e-02	3.213101e-02	1.683147e-01	1.203523e-01	2.638926e-01	1.986831e-01
11636	6.753643e-02	4.385430e-01	3.057238e-02	3.821547e-02	2.001875e-01	1.824870e-01	3.187881e-01	1.989009e-01
20458	3.488107e-01	3.999736e-01	2.427093e-02	3.033866e-02	1.589257e-01	4.382156e-02	3.346027e-01	4.252501e-01
17205	1.685768e-01	3.818223e-01	4.255791e-02	5.319739e-02	2.786685e-01	2.782112e-01	4.505818e-01	4.080586e-01
27543	9.548582e-02	4.753839e-01	2.205156e-02	2.756446e-02	1.443933e-01	8.595761e-02	1.588413e-01	4.447077e-01
9786	6.745930e-01	8.133772e-01	3.371973e-02	4.214966e-02	2.207962e-01	2.098563e-01	4.965418e-01	3.107593e-01
14170	5.650418e-01	5.686884e-01	3.416634e-02	4.270793e-02	2.237207e-01	9.753251e-02	7.083765e-01	7.170747e-02
4363	2.652454e-01	4.954426e-02	2.422994e-02	3.028743e-02	1.586573e-01	5.718017e-02	2.021049e-01	3.558320e-02
23075	6.622646e-01	2.570222e-01	3.416954e-02	4.271193e-02	2.237416e-01	6.252445e-02	6.572728e-01	7.740791e-01
18209	5.736580e-01	8.287285e-01	5.773264e-02	7.216581e-02	3.780325e-01	1.429952e-01	3.351035e-01	1.869966e-01
25306	4.453673e-02	8.087122e-01	3.226671e-02	4.033338e-02	2.112819e-01	1.964353e-01	6.171358e-01	6.121304e-01
11057	7.962241e-01	2.519395e-01	2.516245e-02	3.145306e-02	1.647633e-01	1.358867e-01	7.301890e-01	6.106240e-01
23742	3.442852e-01	2.562105e-01	6.433573e-02	8.041967e-02	4.212694e-01	1.830538e-01	4.429844e-01	4.414043e-01
18910	2.668352e-01	2.347392e-01	2.472197e-02	3.090246e-02	1.618791e-01	8.028820e-02	7.096307e-01	1.687177e-01
26648	2.176027e-01	1.313092e-01	2.115413e-02	2.644266e-02	1.385169e-01	1.298202e-01	9.442272e-01	9.892919e-01
6630	6.361554e-01	3.304370e-01	3.552573e-02	4.440717e-02	2.326219e-01	1.345822e-01	8.618708e-01	4.240398e-02
539	6.742330e-01	4.038655e-01	4.286260e-02	5.357825e-02	2.806636e-01	2.806514e-01	8.165788e-01	2.528859e-01
23918	1.390779e-01	2.460158e-01	2.165143e-02	2.706429e-02	1.417732e-01	1.355481e-01	6.455959e-01	1.762282e-01
1348	3.485802e-01	8.071309e-01	3.433931e-02	4.292413e-02	2.248532e-01	1.218904e-01	8.682529e-01	5.246734e-01
30454	3.765169e-01	1.671867e-01	6.546085e-02	8.182606e-02	4.286366e-01	3.962944e-01	8.767093e-02	7.980917e-02
13600	9.403695e-01	1.317772e-01	3.101660e-02	3.877075e-02	2.030962e-01	1.109293e-01	2.356967e-01	1.334161e-01
1824	9.097200e-01	8.801503e-01	4.852727e-02	6.065909e-02	3.177558e-01	3.098088e-01	7.618300e-01	3.329510e-01
20213	9.035424e-01	8.118397e-01	2.208537e-02	2.760672e-02	1.446147e-01	1.445730e-01	3.279362e-01	2.828781e-02
20453	1.007564e-01	3.540292e-01	2.999521e-02	3.749401e-02	1.964082e-01	7.954908e-02	2.922245e-01	3.713049e-03
16384	7.034271e-01	9.541882e-01	3.829728e-02	4.787160e-02	2.507700e-01	2.202879e-01	6.597583e-01	9.465459e-01
11772	6.986889e-01	2.622584e-01	2.480392e-02	3.100491e-02	1.624157e-01	1.622854e-01	6.881714e-02	4.547315e-01
3885	5.700276e-01	9.909303e-02	3.192764e-02	3.990955e-02	2.090617e-01	1.338137e-01	4.212918e-01	6.685292e-01
30951	4.020483e-01	6.290587e-01	2.153618e-02	2.692023e-02	1.410186e-01	8.897892e-02	4.781161e-01	8.692721e-01
7145	7.006006e-01	5.316776e-02	4.706204e-02	5.882755e-02	3.081615e-01	2.162620e-01	4.997358e-01	6.478730e-01
13263	4.278097e-01	6.063336e-01	2.153679e-02	2.692099e-02	1.410226e-01	1.310229e-01	2.061810e-01	5.318466e-01
20575	6.173420e-01	7.666049e-01	2.518491e-02	3.148113e-02	1.649104e-01	9.307827e-02	1.371246e-01	5.389567e-01
1541	4.692881e-01	6.093023e-01	2.086751e-02	2.608439e-02	1.366401e-01	1.360933e-01	2.527289e-02	3.637025e-01
4124	5.662359e-01	6.208599e-01	2.443639e-02	3.054549e-02	1.600091e-01	1.579516e-01	6.002830e-01	3.346525e-01
1608	1.635274e-01	5.312003e-01	4.633557e-02	5.791946e-02	3.034046e-01	2.667107e-01	5.949270e-01	3.557498e-01
25239	5.548580e-01	1.316098e-01	2.281181e-02	2.851476e-02	1.493713e-01	1.493103e-01	6.261342e-01	9.382161e-01
718	7.880643e-01	5.206985e-01	3.308677e-02	4.135847e-02	2.166517e-01	1.478623e-01	3.842756e-01	6.283875e-01
20176	3.234936e-01	9.418308e-01	5.227767e-02	6.534709e-02	3.423134e-01	2.095470e-01	5.385630e-01	7.273672e-01
4799	3.297829e-02	7.113409e-01	3.061234e-02	3.826542e-02	2.004491e-01	1.747830e-01	2.777498e-01	2.921994e-01
6394	6.913550e-01	7.408891e-01	3.740397e-02	4.675496e-02	2.449206e-01	2.144245e-01	3.976964e-01	6.781615e-02
2753	5.892623e-01	2.333954e-01	2.495641e-02	3.119551e-02	1.634142e-01	1.261890e-01	1.030847e-01	4.289255e-01
16264	2.037586e-01	7.283722e-01	3.934673e-02	4.918341e-02	2.576418e-01	2.102386e-01	9.787473e-01	5.084039e-01
13672	8.316700e-01	3.405212e-01	2.193789e-02	2.742237e-02	1.436490e-01	4.767718e-02	2.326238e-01	6.977370e-01
15922	3.038992e-01	5.161930e-01	4.362397e-02	5.452996e-02	2.856491e-01	9.387786e-02	2.184903e-01	7.381540e-02
2570	8.330036e-01	6.253128e-01	2.804936e-02	3.506171e-02	1.836668e-01	1.824044e-01	8.010507e-01	5.911451e-01
26620	4.796835e-01	2.229915e-01	2.578333e-02	3.222916e-02	1.688289e-01	7.908015e-02	2.710080e-01	1.842104e-01
