2394	8.886073e-01	5.199618e-02	2.255952e-02	2.819940e-02	1.477194e-01	1.299671e-01	5.726270e-01	9.907164e-01
13932	9.315499e-01	8.644669e-01	2.500881e-02	3.126102e-02	1.637573e-01	8.096814e-02	4.039013e-01	4.620401e-01
10374	4.804652e-01	3.597437e-01	5.317165e-02	6.646457e-02	3.481672e-01	1.957257e-01	7.610048e-02	6.499402e-01
19100	8.725643e-01	5.279090e-01	2.133581e-02	2.666977e-02	1.397066e-01	1.202157e-01	7.052746e-01	6.152697e-01
15936	6.301540e-01	9.108436e-01	2.812403e-02	3.515504e-02	1.841557e-01	1.734716e-01	6.897790e-02	8.125772e-01
10017	5.594414e-02	3.801852e-01	2.523959e-02	3.154949e-02	1.652684e-01	1.031745e-01	4.180881e-01	2.669945e-01
27590	2.632996e-01	3.600018e-01	2.593209e-02	3.241511e-02	1.698029e-01	1.227983e-01	1.355395e-01	3.347433e-01
14270	8.860712e-01	4.773820e-01	3.188550e-02	3.985688e-02	2.087858e-01	2.087580e-01	8.461421e-01	7.985756e-02
16631	5.326968e-02	5.697482e-01	4.300697e-02	5.375872e-02	2.816090e-01	8.666119e-02	8.779893e-01	1.947289e-01
3259	5.554391e-01	3.994611e-02	2.099980e-02	2.624976e-02	1.375064e-01	1.333501e-01	3.012091e-01	9.963501e-01
30220	6.989042e-01	6.051846e-01	6.611575e-02	8.264469e-02	4.329249e-01	2.483508e-01	9.948980e-01	9.272342e-02
16123	7.923752e-01	8.919931e-01	2.105316e-02	2.631644e-02	1.378557e-01	8.900718e-02	3.270436e-01	1.373169e-01
650	3.056682e-01	5.147669e-01	5.282398e-02	6.602998e-02	3.458906e-01	3.453810e-01	4.214043e-01	8.435314e-01
22909	7.858559e-01	1.140995e-01	2.569848e-02	3.212310e-02	1.682733e-01	1.668163e-01	4.427474e-01	8.486151e-01
17504	7.736294e-01	6.950863e-01	7.493732e-02	9.367165e-02	4.906884e-01	2.810846e-01	3.606977e-01	1.821424e-01
8568	2.093242e-01	3.656039e-01	5.936493e-02	7.420616e-02	3.887206e-01	1.307467e-01	7.469468e-01	2.352595e-01
16262	6.721706e-02	6.421494e-01	3.351694e-02	4.189618e-02	2.194684e-01	7.797607e-02	4.735640e-01	9.920638e-01
17276	4.233356e-01	5.282107e-01	7.483522e-02	9.354402e-02	4.900198e-01	4.899677e-01	9.935874e-01	2.310801e-01
23115	8.088765e-01	8.053071e-01	2.481904e-02	3.102380e-02	1.625147e-01	4.248803e-02	9.351930e-01	3.968973e-01
12239	5.258907e-01	4.059216e-01	3.204253e-02	4.005317e-02	2.098140e-01	1.275091e-01	1.148068e-01	8.700927e-02
32522	6.918352e-01	3.105786e-01	4.213487e-02	5.266859e-02	2.758985e-01	1.368652e-01	2.872190e-01	7.567320e-01
10479	1.468457e-01	3.114211e-01	2.335657e-02	2.919571e-02	1.529384e-01	1.014759e-01	5.744362e-01	3.343045e-02
14612	3.164418e-01	6.106771e-01	2.437784e-02	3.047230e-02	1.596257e-01	8.079295e-02	6.636787e-01	7.998586e-01
11854	1.067391e-01	4.160279e-01	6.934229e-02	8.667786e-02	4.540522e-01	2.881979e-01	7.664805e-01	5.500750e-01
5636	1.927875e-01	4.188842e-01	2.405161e-02	3.006451e-02	1.574895e-01	1.570475e-01	5.377878e-01	4.724274e-01
17299	1.662576e-01	8.652414e-01	2.415836e-02	3.019795e-02	1.581886e-01	1.186197e-01	1.735717e-01	9.342492e-01
20686	4.016334e-01	1.895632e-01	3.995319e-02	4.994149e-02	2.616129e-01	9.948837e-02	1.863814e-01	7.521381e-02
18778	9.809367e-02	6.693866e-01	2.098275e-02	2.622844e-02	1.373948e-01	5.324282e-02	4.013074e-01	3.625903e-01
4891	5.558180e-01	4.992764e-01	4.336884e-02	5.421105e-02	2.839785e-01	2.657357e-01	3.943703e-01	3.940307e-01
26818	1.906552e-01	8.397985e-01	2.384629e-02	2.980786e-02	1.561451e-01	8.815549e-02	4.062245e-01	3.176115e-01
8289	9.497355e-01	7.291620e-01	2.338362e-02	2.922952e-02	1.531156e-01	5.320684e-02	5.287892e-01	2.890679e-01
558	1.959482e-01	6.382963e-01	4.639541e-02	5.799426e-02	3.037964e-01	1.624489e-01	8.488223e-01	5.924912e-01
26990	6.267298e-01	2.498874e-01	4.493029e-02	5.616287e-02	2.942029e-01	2.521236e-01	1.031100e-01	9.393013e-01
4736	9.501204e-01	3.222226e-01	3.916713e-02	4.895891e-02	2.564658e-01	1.560031e-01	5.435166e-01	6.029878e-01
21691	2.916816e-01	8.976278e-02	3.990562e-02	4.988203e-02	2.613014e-01	2.285870e-01	3.323778e-01	6.380213e-01
7734	1.842160e-01	3.358333e-01	3.299290e-02	4.124113e-02	2.160370e-01	1.658747e-01	4.968720e-01	1.965636e-01
30266	7.899223e-01	2.153281e-01	3.813385e-02	4.766731e-02	2.496998e-01	1.681666e-01	6.064410e-01	8.784723e-01
13559	6.614374e-01	7.043239e-01	2.071243e-02	2.589054e-02	1.356247e-01	7.227997e-02	2.767852e-01	7.848969e-01
9185	8.251916e-01	6.429651e-01	3.543072e-02	4.428840e-02	2.319998e-01	9.029535e-02	3.034648e-01	4.775104e-01
7046	9.140660e-01	9.266365e-01	2.064085e-02	2.580107e-02	1.351560e-01	1.219913e-01	6.643738e-01	5.679931e-01
1900	4.938122e-01	6.290105e-01	6.182672e-02	7.728340e-02	4.048404e-01	4.001476e-01	9.530782e-01	2.607125e-01
28181	9.265233e-01	7.821517e-01	2.954795e-02	3.693494e-02	1.934795e-01	1.608729e-01	8.162231e-01	1.422546e-01
3495	8.152225e-01	2.784695e-01	2.633853e-02	3.292316e-02	1.724643e-01	1.711817e-01	7.122528e-01	9.096668e-02
20088	7.630620e-01	5.535769e-01	2.515322e-02	3.144152e-02	1.647029e-01	1.268219e-01	3.197314e-01	6.794232e-01
23618	1.804828e-01	7.074593e-01	5.396869e-02	6.746086e-02	3.533861e-01	2.719816e-01	8.535406e-01	3.636815e-01
28143	3.685636e-01	3.607073e-01	4.566524e-02	5.708155e-02	2.990153e-01	2.780406e-01	2.806094e-01	1.727808e-01
15652	3.306519e-01	6.608709e-01	2.481710e-02	3.102137e-02	1.625020e-01	5.274080e-02	5.456708e-01	1.623531e-01
6218	1.595327e-01	5.446619e-01	4.212701e-02	5.265876e-02	2.758470e-01	2.039780e-01	3.695271e-01	1.939885e-01
5420	5.505738e-01	4.450673e-01	3.298667e-02	4.123334e-02	2.159962e-01	1.750663e-01	5.772082e-01	7.379887e-01
13427	9.308455e-01	1.576895e-01	4.007626e-02	5.009533e-02	2.624187e-01	1.618157e-01	4.712937e-01	6.767901e-01
18018	5.331156e-01	3.260924e-01	4.789405e-02	5.986756e-02	3.136095e-01	1.168781e-01	6.945368e-01	8.157876e-01
31933	5.117185e-01	8.318377e-01	3.747526e-02	4.684408e-02	2.453875e-01	1.803317e-01	9.379039e-01	7.504408e-01
32349	7.116640e-01	9.340626e-01	2.910272e-02	3.637840e-02	1.905642e-01	1.464256e-01	9.572777e-01	3.700429e-01
27339	7.992590e-01	5.898526e-01	2.844814e-02	3.556018e-02	1.862780e-01	1.833590e-01	3.701388e-01	2.208948e-01
30289	6.827904e-01	2.032705e-01	3.612919e-02	4.516149e-02	2.365734e-01	8.052563e-02	5.729716e-01	3.717522e-01
32219	4.806513e-01	8.919015e-01	6.494415e-02	8.118019e-02	4.252533e-01	1.203802e-01	4.696200e-01	8.938585e-01
22035	7.909314e-01	4.018561e-02	3.411017e-02	4.263771e-02	2.233529e-01	2.233394e-01	7.941832e-01	4.423303e-01
19809	2.814989e-01	6.283694e-01	4.306641e-02	5.383301e-02	2.819982e-01	2.658566e-01	5.944026e-01	1.604370e-01
15124	5.784760e-01	7.755869e-01	2.062743e-02	2.578429e-02	1.350681e-01	1.181445e-01	5.303322e-01	2.049950e-01
19752	7.707987e-02	9.162369e-01	3.987472e-02	4.984339e-02	2.610990e-01	2.522684e-01	9.006424e-02	8.369946e-01
27339	3.676283e-01	2.970183e-01	2.989260e-02	3.736575e-02	1.957363e-01	6.492338e-02	3.640666e-01	8.721380e-01
13140	1.953360e-01	9.465159e-01	3.612985e-02	4.516231e-02	2.365777e-01	1.359293e-01	3.227251e-01	3.977542e-01
1005	5.356174e-01	7.064897e-01	2.153882e-02	2.692352e-02	1.410359e-01	8.154572e-02	5.505172e-01	3.212085e-01
7212	1.507809e-01	2.228054e-01	2.794101e-02	3.492626e-02	1.829573e-01	9.850670e-02	8.356140e-01	7.123937e-01
14387	2.667010e-01	4.159797e-01	5.670657e-02	7.088321e-02	3.713137e-01	2.208674e-01	9.014988e-01	4.464792e-01
8071	3.574293e-01	5.001029e-01	2.402547e-02	3.003184e-02	1.573184e-01	1.048515e-01	3.650623e-01	4.815744e-01
3332	5.132708e-01	7.528125e-01	2.301589e-02	2.876987e-02	1.507077e-01	4.876100e-02	2.833409e-01	4.397905e-01
16892	2.485824e-01	7.245965e-01	3.431889e-02	4.289862e-02	2.247196e-01	1.469629e-01	5.686638e-02	5.822128e-01
14975	2.163430e-01	5.334869e-01	2.147889e-02	2.684861e-02	1.406434e-01	8.868073e-02	7.592239e-01	4.666786e-01
22603	7.499459e-01	8.495240e-01	2.115026e-02	2.643782e-02	1.384915e-01	1.294315e-01	1.041265e-01	5.738715e-01
4733	8.973194e-01	9.915659e-02	2.853324e-02	3.566655e-02	1.868352e-01	1.399097e-01	7.983309e-01	5.381895e-01
16347	8.033242e-01	9.575871e-01	3.909576e-02	4.886970e-02	2.559984e-01	1.018406e-01	2.039442e-02	7.058332e-01
16967	4.656897e-01	4.033806e-01	2.110561e-02	2.638202e-02	1.381992e-01	1.162517e-01	5.010278e-02	4.342621e-01
