4629	2.971277e-01	6.109704e-01	2.145467e-02	2.681834e-02	1.404849e-01	9.342957e-02	4.532939e-01	4.161884e-01
32702	2.868846e-01	2.014961e-01	5.964390e-02	7.455488e-02	3.905474e-01	3.227733e-01	4.629255e-01	9.022542e-01
25035	6.076224e-01	7.048237e-02	2.948902e-02	3.686128e-02	1.930937e-01	7.061538e-02	9.963710e-01	7.060190e-02
26052	2.672741e-02	5.935905e-01	2.116890e-02	2.646113e-02	1.386137e-01	8.845821e-02	9.705803e-01	2.755453e-01
19525	1.889201e-01	9.317715e-01	2.471944e-02	3.089929e-02	1.618625e-01	1.609057e-01	8.652661e-01	6.738153e-02
26434	3.538789e-01	3.277783e-01	7.770786e-02	9.713482e-02	5.088299e-01	1.655120e-01	1.979129e-01	8.771769e-03
24022	7.853600e-01	6.732987e-01	3.811979e-02	4.764974e-02	2.496078e-01	6.749906e-02	6.177058e-01	6.635478e-02
10018	8.982317e-01	7.046637e-01	4.028251e-02	5.035314e-02	2.637693e-01	1.800263e-01	5.969923e-01	6.961726e-01
17629	9.595085e-01	7.215472e-01	3.607771e-02	4.509714e-02	2.362363e-01	2.042260e-01	5.104931e-02	2.858543e-01
15172	9.259981e-01	6.652148e-01	4.210119e-02	5.262649e-02	2.756780e-01	1.142644e-01	4.781049e-01	1.745023e-01
25788	4.436442e-01	2.954261e-01	3.420554e-02	4.275693e-02	2.239774e-01	1.873126e-01	3.076324e-01	9.173830e-01
27385	1.519616e-01	3.658136e-01	2.735269e-02	3.419087e-02	1.791050e-01	1.790420e-01	2.573713e-01	8.133004e-01
8538	1.203262e-01	6.462282e-01	3.123520e-02	3.904400e-02	2.045276e-01	1.041764e-01	8.153398e-01	2.417438e-02
21332	7.220979e-01	2.412492e-01	3.283656e-02	4.104570e-02	2.150133e-01	2.139183e-01	2.415632e-01	4.290004e-01
21320	1.652609e-01	1.888613e-01	2.867337e-02	3.584171e-02	1.877528e-01	1.185897e-01	8.633471e-02	3.270403e-01
538	5.695246e-01	6.608551e-01	4.337496e-02	5.421870e-02	2.840185e-01	2.796487e-01	2.644140e-01	2.586129e-01
19434	9.458802e-01	4.437696e-01	2.271853e-02	2.839817e-02	1.487606e-01	1.450849e-01	5.887556e-01	2.071704e-01
19206	9.505619e-01	7.900369e-01	2.220807e-02	2.776009e-02	1.454181e-01	1.303142e-01	5.962816e-01	7.102964e-02
22616	3.131997e-01	5.041319e-01	5.801164e-02	7.251456e-02	3.798593e-01	2.106611e-01	2.049751e-01	6.517217e-02
28107	8.008397e-01	6.077933e-01	2.985352e-02	3.731690e-02	1.954804e-01	1.933840e-01	8.382736e-01	5.401320e-01
22232	5.163477e-01	5.123211e-01	4.591171e-02	5.738964e-02	3.006292e-01	3.003748e-01	4.690981e-01	5.941594e-01
23834	6.875058e-01	1.732125e-01	4.515629e-02	5.644537e-02	2.956827e-01	9.267325e-02	3.268120e-02	7.660668e-01
15525	8.454228e-01	4.457358e-01	2.745442e-02	3.431803e-02	1.797711e-01	1.637204e-01	5.206152e-01	4.643712e-01
5865	3.909295e-01	9.405481e-01	2.282496e-02	2.853119e-02	1.494575e-01	8.133302e-02	9.961572e-02	6.157759e-01
22360	2.341562e-01	3.255734e-01	4.879952e-02	6.099940e-02	3.195385e-01	2.789193e-01	5.686433e-02	2.827937e-01
489	4.484158e-01	8.086917e-02	4.736157e-02	5.920196e-02	3.101228e-01	1.786569e-01	7.398616e-01	7.214267e-01
24706	1.066771e-01	4.526693e-02	2.381768e-02	2.977210e-02	1.559578e-01	1.553061e-01	2.682225e-01	1.656819e-01
2437	4.565318e-01	8.190451e-01	7.659467e-02	9.574334e-02	5.015407e-01	1.380305e-01	4.134267e-01	6.129184e-01
22415	1.135535e-01	8.466017e-01	2.833826e-02	3.542282e-02	1.855585e-01	1.684314e-01	9.526013e-01	1.546833e-01
21885	3.980778e-01	8.305810e-01	2.209070e-02	2.761338e-02	1.446496e-01	9.292937e-02	2.211095e-01	3.351946e-01
3329	9.665983e-02	9.920738e-02	2.484618e-02	3.105773e-02	1.626924e-01	4.383268e-02	5.394084e-01	8.483325e-01
19393	6.763434e-01	4.560227e-01	3.941089e-02	4.926361e-02	2.580619e-01	1.809506e-01	3.299243e-01	1.710426e-01
14852	3.774164e-01	3.904321e-01	3.503320e-02	4.379150e-02	2.293969e-01	1.442252e-01	4.488172e-01	6.918435e-01
11471	2.217563e-01	2.138568e-01	6.705918e-02	8.382398e-02	4.391025e-01	3.537138e-01	2.481359e-01	4.528405e-01
18816	9.111330e-02	7.974865e-01	2.126319e-02	2.657898e-02	1.392310e-01	1.385232e-01	3.909550e-01	8.350319e-01
17061	6.285179e-01	9.301363e-01	2.672665e-02	3.340831e-02	1.750057e-01	1.693631e-01	9.609156e-02	1.402356e-01
14356	6.900011e-01	1.371759e-01	2.759920e-02	3.449900e-02	1.807192e-01	1.237627e-01	9.926874e-01	3.284737e-01
23644	5.051021e-01	8.011935e-01	6.480077e-02	8.100096e-02	4.243144e-01	1.930332e-01	5.051694e-01	6.769382e-01
21670	7.362510e-01	1.825212e-01	3.474511e-02	4.343138e-02	2.275104e-01	9.786909e-02	7.946506e-02	1.311118e-01
27572	7.563097e-01	5.545272e-01	3.824053e-02	4.780066e-02	2.503984e-01	2.221096e-01	1.200304e-01	1.232283e-01
25357	3.520784e-01	4.143508e-01	3.001171e-02	3.751463e-02	1.965162e-01	1.323532e-01	4.164052e-01	1.565229e-01
15345	6.142326e-01	4.236835e-01	6.624289e-02	8.280361e-02	4.337574e-01	2.386135e-01	5.969867e-01	4.127184e-01
16985	5.415411e-01	1.237001e-01	7.655126e-02	9.568907e-02	5.012564e-01	2.395375e-01	7.468063e-01	5.384673e-02
20867	2.105817e-01	9.058918e-02	2.806673e-02	3.508342e-02	1.837805e-01	1.316634e-01	7.745393e-01	9.580547e-01
30995	5.793521e-01	5.794221e-01	4.325460e-02	5.406824e-02	2.832304e-01	1.526655e-01	6.569070e-02	1.335263e-01
24976	3.305076e-01	4.676923e-01	2.363989e-02	2.954987e-02	1.547937e-01	1.433590e-01	3.103109e-01	9.663912e-01
8113	4.251329e-01	5.587190e-01	5.559662e-02	6.949577e-02	3.640458e-01	3.384031e-01	2.229144e-01	8.720798e-01
23850	3.387635e-01	1.246728e-01	3.725083e-02	4.656354e-02	2.439179e-01	2.320515e-01	6.453810e-01	3.937477e-01
14878	2.219942e-01	4.359997e-01	6.755269e-02	8.444086e-02	4.423340e-01	4.402534e-01	1.185708e-01	9.462963e-01
1504	1.325314e-01	8.087523e-01	2.627754e-02	3.284692e-02	1.720649e-01	9.825069e-02	8.610690e-01	3.881444e-01
4679	1.820938e-01	5.495260e-01	3.123024e-02	3.903780e-02	2.044951e-01	1.239054e-01	7.183108e-02	4.290811e-01
23357	3.383406e-01	5.438530e-02	2.201798e-02	2.752248e-02	1.441734e-01	8.925258e-02	3.817488e-01	4.841972e-01
14231	1.940694e-01	8.055937e-01	2.724187e-02	3.405234e-02	1.783793e-01	1.629333e-01	3.821116e-01	9.468721e-01
14000	6.751126e-02	9.108445e-01	3.346957e-02	4.183696e-02	2.191582e-01	1.841910e-01	7.472132e-01	2.612787e-01
26554	5.213734e-01	2.792276e-01	4.092188e-02	5.115235e-02	2.679558e-01	2.669946e-01	6.350709e-01	3.597541e-01
12761	2.595372e-01	7.785107e-01	2.451863e-02	3.064829e-02	1.605476e-01	1.604962e-01	4.537496e-01	7.208577e-01
1729	6.313991e-01	4.688678e-02	2.094721e-02	2.618401e-02	1.371620e-01	3.618396e-02	5.458617e-01	2.946672e-02
2011	5.782690e-01	3.494811e-01	3.034869e-02	3.793586e-02	1.987227e-01	1.365990e-01	2.922197e-01	4.107951e-01
394	6.821331e-01	9.460134e-01	2.144926e-02	2.681158e-02	1.404494e-01	1.076328e-01	3.231293e-01	9.786909e-01
1066	6.934701e-01	3.680024e-01	6.833803e-02	8.542253e-02	4.474763e-01	4.445280e-01	5.447397e-01	9.497481e-01
31010	5.153207e-01	5.881414e-01	2.895172e-02	3.618964e-02	1.895754e-01	1.857651e-01	4.646307e-02	3.366849e-01
27780	8.560702e-01	3.536407e-01	5.242516e-02	6.553145e-02	3.432791e-01	1.713964e-01	2.467957e-01	4.828381e-01
21	6.861920e-02	2.929712e-01	4.569064e-02	5.711330e-02	2.991816e-01	2.792838e-01	6.749702e-01	4.631819e-01
31085	6.006650e-01	6.847659e-01	2.140929e-02	2.676162e-02	1.401877e-01	6.708863e-02	3.291395e-01	1.454677e-02
29179	6.003606e-01	2.900610e-01	2.545748e-02	3.182185e-02	1.666952e-01	5.713879e-02	6.925660e-01	1.744840e-01
14192	7.835855e-01	4.199392e-02	3.014459e-02	3.768074e-02	1.973863e-01	7.004832e-02	6.512894e-01	2.433282e-01
23448	8.879922e-01	2.845077e-01	4.364643e-02	5.455804e-02	2.857962e-01	2.845606e-01	7.443791e-01	7.680390e-01
2503	5.077785e-01	7.143658e-01	2.866614e-02	3.583267e-02	1.877054e-01	6.896231e-02	5.724209e-01	2.213896e-01
5733	7.247312e-01	1.062617e-01	6.680839e-02	8.351049e-02	4.374603e-01	3.193709e-01	2.043122e-01	9.108616e-03
1907	1.146517e-01	9.731636e-01	2.209496e-02	2.761870e-02	1.446775e-01	5.177874e-02	4.070741e-02	4.935075e-01
26198	9.678148e-01	6.578218e-01	2.800883e-02	3.501103e-02	1.834014e-01	1.290933e-01	1.617629e-01	7.618958e-01
28779	7.407584e-01	4.232502e-01	2.474358e-02	3.092947e-02	1.620205e-01	8.013307e-02	2.229790e-01	8.829196e-01
20825	4.631555e-01	9.173703e-01	6.590561e-02	8.238201e-02	4.315489e-01	3.531403e-01	3.341065e-01	8.594199e-01
1467	5.284243e-01	6.307978e-01	2.169636e-02	2.712045e-02	1.420674e-01	1.420604e-01	3.026582e-01	7.086629e-01
12932	3.062449e-01	7.334380e-01	2.171228e-02	2.714035e-02	1.421717e-01	4.100596e-02	9.264075e-01	8.726479e-01
21844	3.369497e-01	8.966564e-01	3.999658e-02	4.999572e-02	2.618970e-01	2.617469e-01	4.880920e-01	3.040468e-02
9472	4.393923e-01	6.945610e-01	3.721220e-02	4.651524e-02	2.436649e-01	1.223822e-01	5.664017e-02	7.041992e-01
16046	1.000807e-01	6.755330e-01	3.791273e-02	4.739091e-02	2.482520e-01	1.706201e-01	1.152629e-01	9.644347e-01
