27804	6.904660e-01	6.961319e-01	3.698361e-02	4.622952e-02	2.421681e-01	8.438998e-02	5.052512e-01	7.620750e-01
24328	5.752039e-01	5.299143e-01	2.590274e-02	3.237842e-02	1.696107e-01	1.376186e-01	1.726103e-01	5.165563e-01
17045	8.419230e-01	2.635140e-01	2.106504e-02	2.633130e-02	1.379335e-01	1.168564e-01	1.659597e-01	5.848944e-01
21428	4.814145e-01	5.555526e-01	2.936166e-02	3.670207e-02	1.922597e-01	1.704984e-01	2.501150e-02	3.483108e-02
16906	5.392296e-01	8.102842e-01	4.507619e-02	5.634524e-02	2.951582e-01	2.691704e-01	1.088512e-01	7.283852e-01
374	9.384415e-01	4.342434e-01	3.483900e-02	4.354875e-02	2.281253e-01	9.377755e-02	5.371916e-01	1.150454e-01
22766	7.155079e-01	3.367346e-01	3.811484e-02	4.764355e-02	2.495754e-01	2.210646e-01	6.286685e-01	8.124800e-01
21700	1.943897e-01	3.573941e-01	4.516943e-02	5.646179e-02	2.957688e-01	1.486976e-01	1.251231e-01	6.271788e-01
24195	8.055921e-01	4.443369e-01	7.822047e-02	9.777559e-02	5.121864e-01	5.116747e-01	1.707937e-01	3.479890e-01
1142	2.590857e-01	7.849788e-01	6.281707e-02	7.852133e-02	4.113252e-01	2.518558e-01	3.934838e-02	8.523173e-02
13242	4.956706e-01	6.687676e-01	2.252157e-02	2.815196e-02	1.474709e-01	9.761340e-02	1.018142e-01	6.272916e-01
8861	5.900062e-01	9.105462e-01	5.099505e-02	6.374382e-02	3.339148e-01	1.913941e-01	5.910760e-01	2.973051e-01
7484	7.240980e-01	6.780740e-01	3.475377e-02	4.344221e-02	2.275671e-01	1.267052e-01	7.120185e-01	7.768089e-01
16660	9.590847e-01	5.427436e-01	3.612685e-02	4.515856e-02	2.365581e-01	1.893795e-01	6.049146e-01	2.205399e-01
21852	6.689121e-01	5.335024e-01	3.548611e-02	4.435764e-02	2.323625e-01	9.782976e-02	1.123421e-01	6.099866e-01
21816	2.823496e-01	8.364497e-01	3.980445e-02	4.975556e-02	2.606389e-01	1.006399e-01	7.149561e-01	7.868873e-01
3024	7.499301e-01	7.447407e-02	2.802474e-02	3.503092e-02	1.835055e-01	1.274004e-01	2.380384e-01	1.285051e-01
18425	3.888872e-01	8.283547e-02	2.726265e-02	3.407832e-02	1.785154e-01	1.695577e-01	5.625882e-01	9.189428e-02
19339	3.214628e-01	8.177473e-01	2.584333e-02	3.230417e-02	1.692218e-01	1.123041e-01	1.656978e-01	1.536627e-01
25522	9.234513e-02	4.104821e-01	2.276754e-02	2.845943e-02	1.490815e-01	1.446383e-01	3.916248e-01	1.765207e-01
22976	4.749089e-01	8.542124e-01	2.757050e-02	3.446312e-02	1.805312e-01	1.744186e-01	6.945086e-01	9.455732e-01
21194	5.573407e-01	1.841436e-01	2.234297e-02	2.792871e-02	1.463014e-01	1.288324e-01	5.264148e-01	7.389071e-01
31705	3.914381e-01	2.107037e-01	6.963632e-02	8.704540e-02	4.559776e-01	3.309089e-01	6.065130e-01	4.298165e-01
18419	6.484135e-01	6.849990e-01	4.638129e-02	5.797662e-02	3.037040e-01	2.855378e-01	8.401144e-01	8.289962e-01
14210	2.180916e-01	6.445417e-01	2.131894e-02	2.664867e-02	1.395961e-01	1.058703e-01	8.272825e-01	3.630607e-01
4402	3.007497e-01	3.539433e-01	2.271116e-02	2.838895e-02	1.487123e-01	1.487071e-01	4.152296e-01	5.248402e-01
3368	9.582037e-01	7.500901e-01	4.411414e-02	5.514267e-02	2.888587e-01	2.732277e-01	4.087867e-01	5.379444e-01
11816	6.297920e-01	4.772804e-02	4.177782e-02	5.222227e-02	2.735605e-01	2.129665e-01	8.356070e-01	7.588676e-01
1791	2.831353e-01	1.078893e-01	5.704638e-02	7.130797e-02	3.735388e-01	1.136582e-01	2.245179e-01	4.471305e-01
9878	2.885447e-01	2.127315e-01	6.818927e-02	8.523659e-02	4.465023e-01	1.243972e-01	8.402659e-01	6.161751e-01
16992	8.044162e-01	6.422033e-01	3.121610e-02	3.902013e-02	2.044026e-01	1.986133e-01	7.745816e-01	5.326588e-01
24984	5.297748e-01	5.199105e-01	4.542604e-02	5.678254e-02	2.974490e-01	1.371532e-01	7.526431e-01	5.650224e-01
31644	9.605400e-01	5.193760e-02	2.992975e-02	3.741218e-02	1.959795e-01	1.247154e-01	2.311711e-01	6.245951e-01
26897	9.463708e-02	6.729019e-01	2.303106e-02	2.878882e-02	1.508070e-01	9.417321e-02	7.975100e-01	5.186875e-01
11843	1.073570e-01	5.587483e-01	3.892974e-02	4.866217e-02	2.549113e-01	2.546919e-01	3.277058e-01	2.441572e-01
18370	6.002470e-01	3.317902e-01	2.477405e-02	3.096756e-02	1.622201e-01	1.491816e-01	6.234795e-01	1.424609e-01
24334	5.332919e-01	8.731135e-01	2.299844e-02	2.874805e-02	1.505934e-01	1.350797e-01	6.700860e-01	6.592395e-01
22866	7.303546e-01	7.783677e-01	3.357281e-02	4.196601e-02	2.198342e-01	2.019623e-01	7.556855e-01	2.524196e-01
14487	3.334515e-01	2.726687e-01	3.684443e-02	4.605554e-02	2.412567e-01	1.973783e-01	2.321151e-01	3.226065e-01
27155	9.122126e-01	8.148698e-01	3.182891e-02	3.978613e-02	2.084152e-01	1.231979e-01	1.352274e-01	1.014971e-01
27852	7.660170e-01	2.622118e-01	2.078150e-02	2.597687e-02	1.360769e-01	7.997701e-02	1.782784e-01	5.434908e-03
22599	8.729795e-01	8.307268e-01	2.469479e-02	3.086849e-02	1.617011e-01	1.563772e-01	7.064157e-01	6.270716e-01
17178	9.539333e-01	9.381736e-01	4.878279e-02	6.097848e-02	3.194289e-01	2.357514e-01	5.745830e-01	8.709914e-01
11746	7.319415e-01	3.797722e-01	3.452917e-02	4.316147e-02	2.260965e-01	9.182300e-02	5.256726e-01	4.600829e-01
1988	8.583479e-01	1.438748e-01	2.629878e-02	3.287347e-02	1.722040e-01	1.609491e-01	5.902465e-02	3.151922e-01
24573	6.939904e-01	2.993946e-01	2.929361e-02	3.661701e-02	1.918141e-01	6.720981e-02	2.537437e-01	3.506514e-01
14040	2.763104e-01	5.512286e-01	6.951645e-02	8.689556e-02	4.551926e-01	3.799081e-01	7.009089e-01	9.386674e-01
1926	2.210241e-01	3.933468e-01	4.002347e-02	5.002934e-02	2.620731e-01	1.309309e-01	8.612238e-01	4.065575e-01
5338	4.196058e-01	3.731707e-01	2.349504e-02	2.936880e-02	1.538452e-01	1.032247e-01	1.370982e-01	6.124514e-01
25984	9.204561e-02	3.285056e-01	3.381208e-02	4.226510e-02	2.214010e-01	2.016979e-01	7.951597e-01	5.561509e-01
32445	5.669892e-01	4.131482e-01	5.051216e-02	6.314020e-02	3.307528e-01	8.728956e-02	9.179285e-01	8.161916e-02
30336	4.350349e-01	8.720430e-01	2.419260e-02	3.024075e-02	1.584128e-01	1.516664e-01	6.014295e-01	7.501151e-01
8695	6.664444e-01	1.263347e-01	5.494774e-02	6.868467e-02	3.597969e-01	2.874391e-01	2.737101e-01	9.268551e-01
4251	6.330311e-01	6.079994e-01	2.139762e-02	2.674703e-02	1.401113e-01	1.381149e-01	8.652712e-01	7.809979e-01
24888	8.696888e-01	3.064768e-01	2.933440e-02	3.666800e-02	1.920812e-01	1.177181e-01	6.301568e-01	1.823343e-01
20856	5.793684e-01	6.288797e-01	2.333469e-02	2.916836e-02	1.527952e-01	1.188991e-01	2.376904e-02	6.466631e-01
5615	6.714696e-01	4.721468e-01	3.751119e-02	4.688899e-02	2.456227e-01	2.066424e-01	5.665352e-01	7.548470e-01
10455	7.956255e-01	3.378510e-01	5.193738e-02	6.492173e-02	3.400852e-01	2.958160e-01	1.821605e-01	2.949652e-01
19414	6.938019e-01	3.925848e-01	2.319230e-02	2.899038e-02	1.518628e-01	1.052859e-01	9.594798e-01	5.617414e-01
23096	3.912801e-01	6.792623e-01	3.469379e-02	4.336724e-02	2.271744e-01	1.477075e-01	4.492064e-01	3.817676e-01
17156	2.559579e-01	6.326583e-01	2.179937e-02	2.724921e-02	1.427419e-01	1.412071e-01	7.470567e-01	8.000120e-01
1073	4.043807e-01	7.897315e-01	3.768632e-02	4.710791e-02	2.467695e-01	2.104185e-01	4.789669e-01	6.236358e-01
14106	4.075518e-01	7.379108e-01	2.571108e-02	3.213885e-02	1.683557e-01	1.558929e-01	4.922411e-01	5.044095e-01
18363	3.827813e-01	5.663061e-01	4.081406e-02	5.101758e-02	2.672499e-01	1.212774e-01	8.969393e-01	3.568772e-01
14238	3.087564e-01	6.207526e-01	2.980653e-02	3.725817e-02	1.951727e-01	1.725299e-01	1.532710e-01	3.891368e-01
10700	8.877180e-01	3.822828e-01	3.132222e-02	3.915277e-02	2.050974e-01	1.568120e-01	5.031245e-02	1.294634e-01
15564	8.012662e-02	8.351536e-01	2.894260e-02	3.617825e-02	1.895157e-01	1.894477e-01	6.674182e-01	1.344181e-01
10725	1.201789e-01	7.469159e-01	2.121398e-02	2.651747e-02	1.389088e-01	8.326289e-02	1.155306e-01	6.379010e-01
3288	7.954423e-01	9.442610e-01	3.805614e-02	4.757018e-02	2.491910e-01	1.534002e-01	9.313084e-01	9.350372e-01
19981	9.159890e-01	1.611162e-01	4.547439e-02	5.684299e-02	2.977656e-01	2.969955e-01	6.234865e-01	6.983817e-01
23280	1.705907e-01	5.460508e-01	2.078524e-02	2.598155e-02	1.361014e-01	6.120194e-02	5.865686e-01	2.591296e-01
4245	3.381280e-01	5.108657e-02	2.749439e-02	3.436799e-02	1.800329e-01	1.789097e-01	5.342770e-01	9.456501e-01
25472	9.464857e-01	3.423256e-01	3.588902e-02	4.486128e-02	2.350008e-01	2.151950e-01	4.029332e-01	9.582280e-01
18266	1.864573e-01	2.996492e-02	2.088414e-02	2.610518e-02	1.367491e-01	1.365644e-01	2.559248e-01	8.475104e-01
20314	8.519902e-01	4.598402e-02	2.666881e-02	3.333601e-02	1.746269e-01	7.633033e-02	8.760886e-01	5.035157e-01
