6074	5.999634e-01	5.411327e-01	2.935920e-02	3.669900e-02	1.922436e-01	1.708126e-01	4.023586e-01	2.856426e-02
21874	5.762978e-01	1.327398e-01	5.004105e-02	6.255131e-02	3.276680e-01	3.205185e-01	3.381401e-01	2.767938e-01
20507	2.520860e-01	3.341945e-01	2.615515e-02	3.269394e-02	1.712635e-01	7.256326e-02	8.688917e-01	6.822278e-01
27908	5.901330e-01	3.787572e-01	3.548024e-02	4.435030e-02	2.323241e-01	2.059535e-01	1.845011e-01	2.397090e-01
28481	8.263882e-01	2.526159e-01	6.134664e-02	7.668330e-02	4.016968e-01	3.874192e-01	5.839793e-01	6.484108e-01
19834	4.570122e-01	4.545798e-01	2.086123e-02	2.607654e-02	1.365990e-01	5.718694e-02	7.431335e-02	3.634310e-01
1289	8.713671e-01	8.479432e-01	6.350208e-02	7.937760e-02	4.158106e-01	1.684485e-01	5.075775e-03	4.656170e-01
25882	2.420192e-01	1.509687e-01	2.313452e-02	2.891816e-02	1.514845e-01	1.490486e-01	5.408416e-01	2.341023e-01
8259	3.859264e-01	7.313818e-01	4.497370e-02	5.621712e-02	2.944871e-01	2.120166e-01	1.866768e-02	4.115554e-01
32238	8.381136e-01	6.227291e-01	2.287922e-02	2.859902e-02	1.498127e-01	5.748713e-02	2.534702e-01	5.398985e-02
23761	1.632282e-01	2.495253e-01	4.393445e-02	5.491806e-02	2.876821e-01	2.865970e-01	3.281406e-01	9.669921e-01
25870	5.849972e-01	6.343894e-01	3.534524e-02	4.418155e-02	2.314401e-01	2.231062e-01	7.372460e-01	8.504319e-01
19918	4.286011e-01	6.459264e-01	2.307879e-02	2.884849e-02	1.511196e-01	9.653554e-02	5.360852e-01	8.615475e-01
11017	3.032223e-01	1.045453e-01	2.443867e-02	3.054834e-02	1.600240e-01	1.469343e-01	3.253226e-01	5.688995e-01
2482	2.849377e-01	6.053028e-01	2.118310e-02	2.647888e-02	1.387066e-01	1.055652e-01	2.875476e-02	7.209488e-01
27290	1.331420e-01	1.284986e-01	6.133428e-02	7.666785e-02	4.016159e-01	3.892503e-01	8.793580e-01	1.570784e-01
31207	5.198356e-01	6.541303e-01	4.238855e-02	5.298569e-02	2.775596e-01	1.738455e-01	8.164210e-01	4.956751e-01
45	7.303733e-01	7.247822e-01	2.122382e-02	2.652978e-02	1.389733e-01	1.313460e-01	1.190408e-01	1.248646e-02
3209	9.018064e-01	4.633490e-02	4.096587e-02	5.120733e-02	2.682439e-01	1.989171e-01	3.225273e-01	4.838320e-01
18623	8.283415e-01	3.694467e-01	6.833697e-02	8.542122e-02	4.474694e-01	2.142973e-01	8.729517e-01	8.798888e-01
9315	5.943354e-01	2.705512e-01	2.666217e-02	3.332771e-02	1.745834e-01	1.230683e-01	7.093513e-01	1.906522e-01
12522	2.806225e-01	3.518489e-01	3.040634e-02	3.800792e-02	1.991002e-01	1.711777e-01	4.183171e-01	8.401627e-01
124	1.539247e-01	8.552152e-01	2.209280e-02	2.761600e-02	1.446633e-01	1.430549e-01	5.061887e-01	5.654751e-01
27742	7.032566e-01	6.796872e-01	4.722550e-02	5.903187e-02	3.092318e-01	1.673242e-01	2.476717e-03	3.654512e-01
17487	3.653513e-01	6.231441e-01	3.426851e-02	4.283564e-02	2.243897e-01	1.820640e-01	7.411185e-01	4.622187e-01
9186	7.730900e-01	9.825445e-02	2.702862e-02	3.378578e-02	1.769830e-01	1.606900e-01	7.170690e-01	5.380920e-01
4512	6.850681e-01	3.323540e-01	3.577354e-02	4.471693e-02	2.342446e-01	2.304933e-01	5.814111e-01	2.959158e-01
25947	2.560043e-01	7.221748e-01	2.106211e-02	2.632763e-02	1.379143e-01	1.339438e-01	6.900020e-01	5.418968e-01
14116	3.180774e-01	7.233335e-01	6.460925e-02	8.076156e-02	4.230604e-01	1.841336e-01	5.219100e-01	8.593962e-01
26165	4.538449e-01	5.172383e-01	3.595789e-02	4.494737e-02	2.354517e-01	6.863133e-02	5.263186e-01	8.988088e-01
23818	6.507533e-01	6.259433e-01	2.911959e-02	3.639949e-02	1.906746e-01	1.906189e-01	7.022463e-01	2.000528e-01
9402	6.891265e-01	8.291853e-01	2.919863e-02	3.649828e-02	1.911922e-01	1.654812e-01	3.819514e-02	1.681413e-01
31275	7.535528e-02	8.467958e-01	6.907788e-02	8.634735e-02	4.523209e-01	4.185877e-01	3.341558e-01	4.835754e-01
26247	9.126545e-01	1.452747e-01	3.588026e-02	4.485033e-02	2.349434e-01	2.332325e-01	8.011410e-01	2.585550e-01
986	5.693518e-01	4.614831e-01	3.110318e-02	3.887898e-02	2.036631e-01	8.340147e-02	5.249588e-02	4.948074e-01
31668	7.256800e-01	5.839066e-01	3.287457e-02	4.109321e-02	2.152622e-01	1.568240e-01	7.043823e-01	5.260154e-01
17362	5.394630e-01	7.783787e-01	2.127376e-02	2.659220e-02	1.393002e-01	1.247977e-01	8.467297e-01	4.413142e-02
7543	2.608429e-01	4.119437e-01	3.764348e-02	4.705435e-02	2.464889e-01	6.711164e-02	5.384093e-01	6.005347e-01
4764	1.188800e-01	6.482500e-01	4.663780e-02	5.829724e-02	3.053836e-01	2.682608e-01	7.122843e-01	2.234999e-01
5994	6.233223e-01	8.742950e-01	5.492085e-02	6.865107e-02	3.596209e-01	1.437731e-01	4.034311e-02	2.312989e-01
1300	5.402237e-01	3.289146e-01	2.572844e-02	3.216056e-02	1.684695e-01	4.863886e-02	6.606747e-01	1.374297e-01
10237	6.317808e-01	9.185724e-01	4.744642e-02	5.930803e-02	3.106784e-01	1.244592e-01	8.356463e-01	6.868733e-01
16704	9.922124e-02	7.515074e-01	5.269470e-02	6.586838e-02	3.450441e-01	1.428233e-01	5.165371e-01	6.259752e-01
21262	9.038686e-01	9.353550e-01	4.631061e-02	5.788827e-02	3.032412e-01	2.981516e-01	2.151200e-01	6.993700e-01
15755	3.028008e-01	6.296615e-01	3.247969e-02	4.059961e-02	2.126765e-01	1.079708e-01	7.674028e-01	9.403940e-02
16362	5.702638e-01	7.181746e-01	2.343950e-02	2.929937e-02	1.534815e-01	1.380086e-01	4.727495e-01	6.163755e-01
31125	2.196861e-01	8.989954e-01	2.698430e-02	3.373037e-02	1.766928e-01	1.597396e-01	8.663346e-01	7.256909e-01
22130	5.985034e-01	8.103837e-01	4.817394e-02	6.021743e-02	3.154422e-01	2.113319e-01	6.301674e-01	9.369669e-01
9189	5.205532e-01	9.076357e-01	2.143715e-02	2.679644e-02	1.403701e-01	1.305969e-01	6.645430e-01	3.670668e-01
27337	2.021954e-01	9.594424e-01	2.276008e-02	2.845010e-02	1.490326e-01	1.319633e-01	2.000975e-03	6.095998e-01
3010	3.263469e-01	5.559955e-01	4.546704e-02	5.683380e-02	2.977175e-01	1.709807e-01	2.318429e-01	3.473954e-01
19427	2.037943e-01	4.349991e-02	2.332666e-02	2.915833e-02	1.527426e-01	1.007634e-01	8.183338e-02	7.425511e-01
25330	1.554015e-01	8.092667e-01	2.084589e-02	2.605736e-02	1.364986e-01	1.350783e-01	4.650679e-01	9.017412e-01
9479	3.875305e-01	8.428184e-01	3.247143e-02	4.058929e-02	2.126224e-01	2.119585e-01	4.212825e-01	9.270386e-01
13945	1.473556e-01	5.555063e-01	6.368065e-02	7.960081e-02	4.169799e-01	4.135651e-01	8.796371e-01	8.671308e-01
4536	4.333391e-01	2.395736e-01	3.934356e-02	4.917945e-02	2.576210e-01	2.362242e-01	5.032029e-01	7.781067e-01
29046	7.195639e-01	2.156027e-01	2.842286e-02	3.552858e-02	1.861125e-01	1.330920e-01	7.706052e-01	1.887936e-02
20873	2.866454e-01	4.276362e-01	2.289107e-02	2.861383e-02	1.498903e-01	1.058921e-01	8.477160e-02	8.431352e-01
20563	3.679992e-01	4.570453e-01	5.071259e-02	6.339073e-02	3.320652e-01	1.845697e-01	4.746915e-02	1.399269e-01
15295	7.371825e-01	4.882190e-01	2.135655e-02	2.669568e-02	1.398423e-01	5.453553e-02	8.135241e-01	7.274633e-01
25127	4.621470e-01	7.233256e-01	3.712577e-02	4.640722e-02	2.430990e-01	1.813381e-01	7.683128e-01	8.401686e-01
20880	1.649737e-01	3.096030e-01	5.463664e-02	6.829581e-02	3.577599e-01	2.263899e-01	9.551470e-01	4.898250e-01
605	3.994546e-01	5.247871e-01	2.165047e-02	2.706308e-02	1.417669e-01	9.582888e-02	3.122312e-01	9.315716e-01
53	6.758006e-01	8.933957e-01	3.167220e-02	3.959025e-02	2.073891e-01	7.134413e-02	8.473716e-01	2.469572e-01
12550	4.292798e-01	9.508280e-01	2.413994e-02	3.017492e-02	1.580679e-01	1.261260e-01	4.578696e-01	7.850128e-01
25337	6.322418e-01	1.270699e-01	3.591955e-02	4.489943e-02	2.352006e-01	1.810464e-01	8.850452e-01	1.285073e-01
21907	2.511311e-01	5.859151e-01	2.805390e-02	3.506737e-02	1.836965e-01	1.074135e-01	9.272525e-01	3.905466e-01
8980	9.651905e-01	2.545912e-01	3.072291e-02	3.840363e-02	2.011731e-01	1.094470e-01	9.509189e-01	9.647037e-01
1536	7.870104e-01	1.765166e-01	2.523404e-02	3.154255e-02	1.652321e-01	1.253679e-01	3.825031e-01	6.405951e-01
1137	8.360255e-01	3.217086e-01	2.133130e-02	2.666413e-02	1.396770e-01	1.353500e-01	4.426802e-01	6.591349e-01
7353	7.026676e-01	1.394451e-01	4.531717e-02	5.664646e-02	2.967361e-01	1.207799e-01	3.220332e-01	1.401628e-01
16116	9.555674e-01	7.559987e-01	3.203416e-02	4.004270e-02	2.097592e-01	1.324875e-01	4.410003e-01	6.044659e-01
16120	2.789497e-01	2.544232e-01	2.465846e-02	3.082307e-02	1.614632e-01	1.185335e-01	1.937639e-02	2.505676e-01
7063	7.085515e-01	7.528300e-01	2.637314e-02	3.296643e-02	1.726909e-01	5.402609e-02	7.188774e-01	6.826257e-01
