4586	3.337926e-01	7.357905e-01	6.549110e-02	8.186387e-02	4.288347e-01	3.100296e-01	9.655165e-01	8.123643e-01
23210	1.824137e-01	5.827779e-01	3.575088e-02	4.468859e-02	2.340962e-01	2.324853e-01	5.530835e-01	7.014441e-01
30355	3.274759e-01	6.149473e-01	2.819988e-02	3.524985e-02	1.846524e-01	8.908590e-02	7.222309e-01	6.203250e-01
14712	8.579100e-01	7.528894e-01	6.040452e-02	7.550565e-02	3.955278e-01	3.952121e-01	8.848229e-01	8.109880e-01
31098	7.849308e-01	3.894344e-01	2.673134e-02	3.341417e-02	1.750364e-01	1.743414e-01	4.261227e-01	4.589201e-01
21946	7.662955e-01	8.248379e-01	2.980890e-02	3.726113e-02	1.951882e-01	1.939412e-01	8.773121e-02	5.956285e-01
7100	5.553030e-01	6.741021e-01	2.729606e-02	3.412007e-02	1.787342e-01	1.783536e-01	4.035903e-02	5.834422e-01
869	2.715195e-01	8.725610e-01	5.696437e-02	7.120546e-02	3.730018e-01	2.210537e-01	7.214097e-01	9.763597e-01
31635	5.047870e-01	5.870003e-01	3.624852e-02	4.531065e-02	2.373548e-01	2.368388e-01	9.872196e-01	9.869706e-01
5385	3.585571e-01	2.623714e-01	3.974620e-02	4.968274e-02	2.602575e-01	1.419839e-01	6.369837e-02	7.672065e-01
29238	8.294658e-02	1.022401e-01	3.318964e-02	4.148705e-02	2.173252e-01	1.540364e-01	3.421707e-01	3.545209e-01
13737	9.619545e-01	2.324724e-01	2.672703e-02	3.340879e-02	1.750082e-01	1.704067e-01	1.256936e-01	9.000153e-01
5027	3.799397e-01	3.482899e-01	2.883165e-02	3.603956e-02	1.887892e-01	1.816140e-01	9.892121e-01	1.192582e-01
31203	1.045464e-01	2.865534e-01	7.344490e-02	9.180613e-02	4.809161e-01	2.858043e-01	7.132218e-01	8.813693e-01
21312	5.372618e-01	8.998848e-02	5.863947e-02	7.329933e-02	3.839703e-01	1.771321e-01	8.475199e-02	6.245650e-01
7385	8.046305e-01	2.692088e-01	2.996012e-02	3.745016e-02	1.961784e-01	1.713968e-01	3.042003e-01	9.541165e-01
22383	1.559107e-01	1.445817e-01	2.275576e-02	2.844470e-02	1.490044e-01	1.131797e-01	7.312369e-01	7.587732e-01
12001	8.186891e-01	3.363078e-01	2.190600e-02	2.738249e-02	1.434401e-01	1.189923e-01	3.007305e-01	1.018501e-01
18174	9.166508e-01	9.557157e-01	2.579927e-02	3.224909e-02	1.689332e-01	8.487865e-02	5.926395e-01	2.764554e-01
20617	1.808137e-01	8.364650e-01	3.930406e-02	4.913007e-02	2.573624e-01	2.019549e-01	2.676529e-01	3.768974e-01
20714	7.554299e-01	4.589364e-01	2.279162e-02	2.848953e-02	1.492392e-01	1.489670e-01	5.181107e-01	2.151549e-01
13552	1.186471e-01	5.123249e-01	7.302156e-02	9.127695e-02	4.781440e-01	3.821979e-01	5.297037e-02	9.456031e-01
16231	9.542849e-01	8.153896e-01	2.518781e-02	3.148476e-02	1.649294e-01	1.419821e-01	5.106783e-01	5.411565e-01
27306	4.526974e-02	4.070438e-01	3.430422e-02	4.288027e-02	2.246235e-01	2.231632e-01	4.323298e-02	3.438093e-01
14232	3.789349e-01	5.098579e-01	5.866877e-02	7.333596e-02	3.841622e-01	3.829442e-01	9.290350e-01	7.255096e-01
2950	1.970324e-01	1.559364e-01	5.122661e-02	6.403326e-02	3.354310e-01	2.548786e-01	8.429611e-01	7.570948e-01
14661	4.153395e-01	1.728445e-01	6.517324e-02	8.146654e-02	4.267533e-01	2.100222e-01	2.003982e-01	6.586121e-01
20097	9.341829e-01	8.620228e-01	2.160252e-02	2.700315e-02	1.414530e-01	8.716072e-02	1.369527e-01	2.462745e-01
25944	1.057570e-01	3.710678e-01	3.832094e-02	4.790117e-02	2.509249e-01	8.648636e-02	4.349597e-01	6.969734e-01
14388	3.642368e-01	1.622621e-01	3.034339e-02	3.792924e-02	1.986880e-01	1.359238e-01	3.377326e-02	3.386743e-01
29072	2.816569e-01	1.972001e-01	4.641103e-02	5.801379e-02	3.038987e-01	8.226605e-02	1.124700e-01	2.198509e-01
17844	6.870385e-01	8.237985e-01	2.273673e-02	2.842091e-02	1.488797e-01	1.211534e-01	2.354470e-01	9.963682e-01
9747	7.273497e-01	1.887950e-01	5.830966e-02	7.288708e-02	3.818108e-01	1.793221e-01	6.185659e-01	2.282683e-01
25449	6.044427e-02	8.797517e-01	4.275928e-02	5.344910e-02	2.799871e-01	8.940970e-02	5.160356e-01	5.618219e-01
8887	2.389150e-01	6.930197e-01	4.062120e-02	5.077651e-02	2.659870e-01	1.735769e-01	9.619240e-01	3.241385e-01
19472	7.979815e-01	1.579932e-01	2.409815e-02	3.012269e-02	1.577943e-01	1.486420e-01	5.559083e-01	7.190324e-01
4516	3.668972e-01	6.354499e-01	2.861132e-02	3.576415e-02	1.873465e-01	8.908116e-02	2.859339e-01	7.431565e-01
32203	6.098031e-01	2.222784e-01	6.314388e-02	7.892984e-02	4.134651e-01	2.995774e-01	8.966026e-01	8.071166e-01
20577	8.630352e-01	4.347078e-01	7.057158e-02	8.821447e-02	4.621016e-01	4.384619e-01	1.716499e-01	6.840931e-01
15882	3.997853e-01	7.866959e-01	2.893078e-02	3.616347e-02	1.894383e-01	1.662648e-01	1.955584e-01	7.160769e-01
9297	2.997307e-01	1.335958e-01	2.747195e-02	3.433994e-02	1.798859e-01	1.561908e-01	1.749813e-01	6.552773e-01
32199	7.297010e-01	3.458827e-01	6.840674e-02	8.550843e-02	4.479263e-01	1.683227e-01	7.497870e-01	2.358533e-01
18521	6.294137e-02	1.682484e-01	3.085547e-02	3.856934e-02	2.020411e-01	7.214385e-02	1.791982e-01	3.507585e-01
12306	6.092130e-01	7.350502e-01	3.353988e-02	4.192486e-02	2.196186e-01	1.579583e-01	3.689176e-01	1.759793e-01
26250	7.200616e-01	6.783277e-01	4.460966e-02	5.576208e-02	2.921034e-01	2.501122e-01	2.741262e-01	1.695548e-01
4257	6.842837e-01	3.150894e-01	2.059743e-02	2.574679e-02	1.348717e-01	1.323183e-01	8.453875e-02	2.712905e-01
27702	4.321172e-01	5.929142e-01	6.273721e-02	7.842151e-02	4.108023e-01	2.815028e-01	3.809023e-01	5.727136e-01
10241	5.141669e-01	4.792482e-01	2.909366e-02	3.636707e-02	1.905048e-01	1.018557e-01	5.705438e-01	7.858854e-01
17700	8.830819e-02	3.930943e-01	2.372091e-02	2.965114e-02	1.553242e-01	1.541034e-01	9.619882e-01	2.355453e-01
21744	9.091396e-01	9.314398e-01	3.398339e-02	4.247923e-02	2.225227e-01	9.106272e-02	7.194185e-01	3.620372e-01
12970	6.819831e-01	1.814507e-01	3.628407e-02	4.535509e-02	2.375875e-01	2.361317e-01	5.129233e-01	6.546125e-01
14643	3.765919e-01	9.735549e-02	2.861071e-02	3.576339e-02	1.873425e-01	5.184419e-02	7.426254e-01	5.388075e-01
11095	1.484786e-01	3.514700e-01	2.278469e-02	2.848086e-02	1.491938e-01	1.456549e-01	5.187656e-01	4.896229e-01
24502	3.851899e-01	8.534727e-01	2.721646e-02	3.402057e-02	1.782129e-01	1.692457e-01	7.589779e-01	6.673531e-01
15795	6.554453e-01	4.774405e-01	6.923600e-02	8.654500e-02	4.533563e-01	2.621949e-01	5.605691e-01	8.187802e-01
12816	8.991928e-01	2.490587e-01	2.973158e-02	3.716447e-02	1.946819e-01	1.158582e-01	8.225600e-01	1.285610e-01
1598	1.020740e-01	9.012085e-01	2.621778e-02	3.277222e-02	1.716736e-01	7.330155e-02	4.918137e-01	1.829555e-02
28973	4.479571e-01	2.918281e-01	2.301114e-02	2.876392e-02	1.506766e-01	8.740366e-02	7.848486e-01	4.414080e-01
19729	5.267570e-01	2.851194e-01	7.929505e-02	9.911881e-02	5.192228e-01	1.910295e-01	2.582870e-01	5.396470e-01
25324	9.318651e-01	7.331456e-01	6.042950e-02	7.553688e-02	3.956915e-01	3.643204e-01	8.876186e-02	6.015916e-01
21545	6.474080e-01	8.584326e-01	2.619158e-02	3.273947e-02	1.715021e-01	8.909164e-02	4.967775e-01	6.579063e-01
19564	3.934978e-01	6.349379e-01	2.145250e-02	2.681563e-02	1.404707e-01	1.064358e-01	6.027690e-01	3.868071e-01
31323	9.424316e-01	3.848282e-01	2.288050e-02	2.860063e-02	1.498212e-01	1.483008e-01	8.805744e-01	1.410600e-01
29100	3.890083e-01	2.674459e-01	2.325547e-02	2.906934e-02	1.522765e-01	6.864750e-02	6.057988e-01	4.983512e-01
23721	4.185420e-01	3.836308e-01	2.838505e-02	3.548132e-02	1.858649e-01	4.870354e-02	1.502220e-01	9.963065e-02
30230	4.955585e-01	2.936182e-01	2.289230e-02	2.861538e-02	1.498985e-01	1.296911e-01	2.973287e-01	7.933254e-01
854	2.733044e-01	4.366733e-01	2.532644e-02	3.165805e-02	1.658371e-01	1.314132e-01	2.892420e-01	5.047193e-01
30131	6.873551e-01	6.285898e-01	4.088924e-02	5.111155e-02	2.677421e-01	2.421901e-01	9.746836e-01	5.649192e-01
22010	1.234394e-01	7.590545e-01	2.623003e-02	3.278754e-02	1.717538e-01	1.598091e-01	6.918306e-01	9.426557e-01
25129	5.556097e-01	1.972692e-01	2.505599e-02	3.131999e-02	1.640663e-01	8.570904e-02	5.708911e-01	2.953743e-01
22459	1.608706e-01	6.821298e-01	7.774208e-02	9.717760e-02	5.090539e-01	4.605511e-01	2.715788e-01	7.865259e-01
13148	7.700507e-01	1.725155e-01	2.228358e-02	2.785447e-02	1.459125e-01	1.326926e-01	2.813565e-02	3.493511e-01
22460	6.666429e-01	6.963316e-01	4.890160e-02	6.112700e-02	3.202069e-01	1.906797e-01	6.713874e-01	4.802725e-02
23375	7.623639e-01	1.091333e-01	2.426302e-02	3.032878e-02	1.588739e-01	1.583790e-01	1.048649e-01	2.456672e-01
3730	3.853418e-01	4.085314e-01	6.064127e-02	7.580159e-02	3.970781e-01	1.053483e-01	2.732052e-02	7.020983e-01
24251	5.143149e-01	3.847476e-01	4.946508e-02	6.183135e-02	3.238966e-01	3.182693e-01	6.691836e-01	4.098798e-01
19640	6.914804e-01	1.023608e-01	6.867559e-02	8.584449e-02	4.496867e-01	3.714755e-01	5.479987e-01	3.254864e-01
