23652	2.341677e-01	8.693854e-01	6.085810e-02	7.607263e-02	3.984979e-01	2.299227e-01	9.364834e-01	6.925311e-01
22536	6.532338e-01	7.442531e-01	4.086356e-02	5.107945e-02	2.675740e-01	2.433061e-01	6.939371e-01	2.459507e-01
24939	5.096784e-01	8.027989e-01	3.886963e-02	4.858704e-02	2.545177e-01	2.031078e-01	7.319062e-01	2.508955e-02
3225	7.029910e-01	4.434091e-01	5.777802e-02	7.222253e-02	3.783296e-01	3.781602e-01	7.716421e-01	8.335478e-01
4918	9.343944e-01	6.539807e-01	3.067825e-02	3.834781e-02	2.008807e-01	9.964989e-02	3.246136e-01	7.861213e-01
21041	2.833162e-01	5.799456e-01	6.924041e-02	8.655051e-02	4.533851e-01	1.505818e-01	2.130570e-02	7.649344e-01
10820	9.514138e-01	5.657923e-01	4.798562e-02	5.998202e-02	3.142091e-01	2.452406e-01	6.908963e-01	1.692665e-01
31877	4.475239e-01	2.607465e-01	2.727250e-02	3.409062e-02	1.785799e-01	1.488142e-01	5.522739e-01	4.000408e-01
26806	3.077556e-01	5.164681e-01	2.586954e-02	3.233693e-02	1.693934e-01	1.067905e-01	5.152402e-01	7.856941e-01
7655	4.865962e-01	7.249398e-01	3.617710e-02	4.522138e-02	2.368871e-01	9.408847e-02	9.778431e-01	8.487806e-01
7517	9.282721e-02	6.193384e-01	4.881135e-02	6.101419e-02	3.196160e-01	3.037671e-01	5.693919e-01	1.573458e-02
28157	5.785941e-01	3.095742e-01	6.499320e-02	8.124150e-02	4.255744e-01	4.006121e-01	3.110600e-01	9.753539e-01
9681	4.592045e-02	1.870433e-01	2.419340e-02	3.024175e-02	1.584180e-01	5.534605e-02	3.352236e-01	9.187282e-01
4353	6.369403e-01	3.843417e-01	3.476208e-02	4.345260e-02	2.276215e-01	1.609175e-01	8.876408e-01	6.571889e-01
32278	8.387487e-01	1.933034e-01	2.183715e-02	2.729644e-02	1.429893e-01	6.783772e-02	9.390047e-01	3.374961e-01
5493	8.194861e-01	5.415472e-01	6.633384e-02	8.291731e-02	4.343530e-01	3.533612e-01	2.480458e-01	4.075150e-01
10347	9.675510e-02	2.958271e-01	2.281475e-02	2.851844e-02	1.493907e-01	9.761072e-02	5.805894e-01	6.357242e-01
3815	5.987011e-01	9.256695e-01	2.628895e-02	3.286119e-02	1.721396e-01	7.728948e-02	4.099651e-01	2.671425e-01
1390	6.350286e-01	5.585138e-01	2.067232e-02	2.584040e-02	1.353620e-01	1.352269e-01	9.776240e-01	8.052002e-01
17608	2.438416e-01	2.219636e-01	2.403437e-02	3.004297e-02	1.573767e-01	1.506871e-01	2.316418e-01	8.954304e-02
19428	2.137546e-01	8.148103e-01	5.516523e-02	6.895653e-02	3.612211e-01	3.188054e-01	4.171643e-01	5.388315e-01
6092	5.557726e-01	1.816675e-01	3.759529e-02	4.699411e-02	2.461734e-01	9.673492e-02	2.894210e-01	4.303004e-02
4805	7.034869e-01	7.057598e-01	4.465768e-02	5.582210e-02	2.924178e-01	7.989091e-02	8.313757e-01	5.591236e-01
17324	2.130898e-01	3.494196e-01	2.355958e-02	2.944948e-02	1.542678e-01	9.982013e-02	8.250820e-01	1.797605e-01
2344	8.543715e-01	9.126540e-01	6.422808e-02	8.028510e-02	4.205645e-01	4.049842e-01	5.338611e-02	4.290752e-01
22754	4.046998e-01	6.404753e-01	2.788496e-02	3.485620e-02	1.825903e-01	8.573082e-02	6.318471e-01	8.722286e-01
29317	8.492757e-01	3.136878e-01	3.816509e-02	4.770637e-02	2.499044e-01	1.896265e-01	6.206194e-01	3.350618e-01
19770	3.275226e-01	7.275258e-01	7.805538e-02	9.756922e-02	5.111054e-01	4.917894e-01	7.890565e-01	1.343072e-01
17136	2.193865e-01	4.513911e-01	6.818901e-02	8.523626e-02	4.465006e-01	1.541009e-01	9.835205e-01	3.508562e-01
27120	6.529128e-02	3.473179e-01	5.460072e-02	6.825090e-02	3.575246e-01	2.888729e-01	2.173491e-01	6.665858e-01
26655	4.734501e-01	2.802108e-01	2.414735e-02	3.018419e-02	1.581165e-01	1.363635e-01	8.994303e-01	9.555608e-01
3326	2.333877e-01	5.501128e-01	2.563939e-02	3.204923e-02	1.678863e-01	1.675990e-01	9.238756e-01	7.477262e-02
18219	2.677600e-01	6.318165e-01	2.486045e-02	3.107556e-02	1.627858e-01	1.088697e-01	5.727950e-01	1.412839e-01
2455	8.002334e-01	8.047006e-01	6.210942e-02	7.763677e-02	4.066915e-01	3.809398e-01	3.676193e-01	5.321662e-01
26637	9.131820e-01	5.935300e-01	2.269387e-02	2.836733e-02	1.485991e-01	9.962725e-02	7.267356e-01	7.994022e-01
2749	5.911227e-01	5.368392e-01	3.513908e-02	4.392386e-02	2.300902e-01	7.414938e-02	3.637877e-01	2.599923e-01
10452	5.267861e-01	4.135203e-01	2.408735e-02	3.010919e-02	1.577236e-01	1.308310e-01	7.201942e-01	2.861479e-01
26077	5.123354e-01	6.179741e-01	2.978889e-02	3.723611e-02	1.950572e-01	1.777627e-01	2.893843e-01	4.536341e-01
31143	3.816545e-01	9.101395e-01	3.364073e-02	4.205091e-02	2.202790e-01	2.032804e-01	1.007989e-01	8.486800e-01
17708	5.673230e-02	9.492037e-01	3.866883e-02	4.833603e-02	2.532029e-01	2.230640e-01	6.870825e-01	5.594554e-01
5834	3.394203e-01	3.210690e-01	2.404187e-02	3.005233e-02	1.574258e-01	1.448035e-01	1.981147e-01	2.842700e-01
32284	1.065519e-01	6.640038e-02	3.124074e-02	3.905093e-02	2.045639e-01	1.714375e-01	8.104401e-01	1.812319e-01
27649	5.968519e-02	7.641835e-02	2.058927e-02	2.573659e-02	1.348182e-01	3.951429e-02	6.485826e-02	6.217118e-01
5564	4.435566e-01	3.340111e-01	3.413382e-02	4.266728e-02	2.235077e-01	1.560999e-01	9.199946e-01	6.664999e-01
11569	6.747128e-01	8.673855e-01	3.040501e-02	3.800627e-02	1.990916e-01	1.749566e-01	9.854017e-01	4.088166e-01
2454	6.338380e-01	5.199317e-01	2.438842e-02	3.048553e-02	1.596950e-01	1.037810e-01	5.482011e-01	6.469330e-01
13968	8.253013e-01	8.114775e-02	2.176837e-02	2.721046e-02	1.425389e-01	8.847496e-02	3.477953e-01	4.672917e-01
5634	3.891872e-01	4.459124e-01	5.340095e-02	6.675118e-02	3.496686e-01	2.742173e-01	5.527325e-01	5.073109e-01
30663	4.620497e-01	4.613145e-01	2.527029e-02	3.158786e-02	1.654695e-01	1.654579e-01	5.195217e-01	7.625051e-01
28579	4.107588e-01	3.845010e-01	2.449992e-02	3.062490e-02	1.604251e-01	1.366889e-01	6.697131e-01	6.936008e-01
4833	4.875581e-01	3.973478e-01	2.554113e-02	3.192641e-02	1.672429e-01	1.669463e-01	1.801842e-02	3.394799e-01
22559	1.791701e-01	6.084537e-01	2.430870e-02	3.038587e-02	1.591730e-01	5.656187e-02	2.679481e-01	9.747098e-01
18271	6.000742e-01	4.323896e-01	3.643616e-02	4.554520e-02	2.385834e-01	1.756338e-01	2.807193e-01	5.775463e-01
18107	7.315780e-01	3.377798e-02	2.187763e-02	2.734704e-02	1.432544e-01	4.229716e-02	8.076938e-01	9.774338e-01
30285	7.385347e-01	5.475035e-01	4.394286e-02	5.492858e-02	2.877372e-01	2.877300e-01	4.387328e-01	9.608869e-01
28616	1.458397e-01	5.836233e-01	2.437815e-02	3.047268e-02	1.596277e-01	1.484764e-01	6.839992e-01	2.347726e-01
23330	9.249633e-01	8.529106e-01	2.682442e-02	3.353052e-02	1.756459e-01	9.690646e-02	3.438189e-01	2.955742e-01
3203	4.125268e-01	2.841975e-01	2.301408e-02	2.876759e-02	1.506958e-01	8.835437e-02	8.381245e-01	5.066942e-01
32589	2.776052e-01	9.512789e-01	2.643057e-02	3.303821e-02	1.730670e-01	1.335745e-01	4.290244e-01	5.335677e-01
10842	9.637151e-01	2.639170e-01	3.711652e-02	4.639565e-02	2.430384e-01	1.592562e-01	2.529474e-01	6.770988e-01
2697	5.963063e-01	1.526535e-01	3.480715e-02	4.350893e-02	2.279167e-01	1.510493e-01	9.506005e-01	5.329030e-01
23728	5.773658e-02	6.931229e-01	4.228942e-02	5.286177e-02	2.769104e-01	2.759000e-01	2.355729e-01	9.411000e-01
9760	1.118654e-01	8.105434e-01	2.749066e-02	3.436332e-02	1.800084e-01	1.780843e-01	1.653977e-01	1.604656e-01
2130	4.345827e-01	6.609164e-01	2.428702e-02	3.035878e-02	1.590310e-01	5.508973e-02	4.251811e-01	1.491072e-01
20305	8.979599e-01	3.460528e-01	5.399240e-02	6.749050e-02	3.535414e-01	1.694637e-01	8.417396e-01	9.698067e-01
10124	2.953197e-01	3.290069e-01	3.636024e-02	4.545030e-02	2.380863e-01	2.086433e-01	1.180403e-01	8.983281e-01
6594	4.922137e-01	1.385724e-01	5.802550e-02	7.253187e-02	3.799501e-01	1.228339e-01	9.834270e-01	6.431670e-02
30111	3.916592e-02	5.342112e-01	2.319220e-02	2.899024e-02	1.518621e-01	6.527611e-02	1.766202e-01	7.921563e-01
17671	1.481609e-01	4.906073e-01	2.661291e-02	3.326614e-02	1.742609e-01	1.454902e-01	6.341324e-01	9.626495e-01
17147	7.888563e-01	9.418109e-01	2.554502e-02	3.193128e-02	1.672684e-01	5.707898e-02	8.226704e-01	3.170382e-03
29185	6.417123e-01	4.594067e-01	2.172267e-02	2.715334e-02	1.422397e-01	1.171106e-01	2.313021e-01	9.945676e-01
30795	6.864497e-01	1.826669e-01	2.828259e-02	3.535323e-02	1.851939e-01	1.686146e-01	6.537347e-01	6.700876e-01
16936	6.457439e-02	5.764090e-01	2.135918e-02	2.669897e-02	1.398596e-01	1.356859e-01	3.241793e-01	7.702925e-01
28641	3.885490e-01	5.531772e-01	2.433445e-02	3.041806e-02	1.593416e-01	1.560882e-01	8.961238e-01	3.776808e-01
23728	1.363217e-01	4.038515e-01	6.256448e-02	7.820560e-02	4.096713e-01	3.503120e-01	4.416963e-02	4.595188e-01
13303	8.881238e-01	7.497663e-01	4.577098e-02	5.721373e-02	2.997077e-01	2.627958e-01	9.386079e-01	4.964723e-01
24267	5.685942e-01	6.525958e-01	2.168932e-02	2.711165e-02	1.420213e-01	1.319148e-01	5.228777e-01	7.838390e-01
