30188	9.321730e-01	3.279670e-01	2.839068e-02	3.548835e-02	1.859018e-01	6.620461e-02	8.950618e-01	2.381740e-01
2644	3.256553e-01	9.177520e-01	2.347490e-02	2.934363e-02	1.537133e-01	1.474679e-01	6.737493e-01	8.305711e-02
8971	8.652133e-01	8.115754e-01	5.174934e-02	6.468668e-02	3.388539e-01	2.212368e-01	9.482663e-01	7.726534e-01
16776	8.189034e-02	1.871470e-01	4.165853e-02	5.207316e-02	2.727794e-01	2.629463e-01	8.516322e-01	9.584111e-01
22840	2.835153e-01	3.313562e-01	2.200767e-02	2.750958e-02	1.441059e-01	9.509574e-02	3.545055e-01	7.295780e-01
18000	5.761426e-01	1.730083e-01	7.584682e-02	9.480852e-02	4.966438e-01	2.083835e-01	2.854026e-01	8.968017e-01
20244	7.388747e-01	6.597858e-01	3.650680e-02	4.563350e-02	2.390459e-01	1.550740e-01	2.248869e-01	7.933607e-01
3761	3.393631e-01	7.151082e-01	6.226244e-02	7.782805e-02	4.076935e-01	3.358775e-01	4.307852e-01	3.650057e-02
31116	1.183170e-01	2.264595e-01	2.478724e-02	3.098405e-02	1.623065e-01	1.080382e-01	3.540353e-01	1.345406e-01
26039	7.067247e-01	6.985424e-01	3.554118e-02	4.442647e-02	2.327231e-01	1.651267e-01	3.495639e-01	7.943583e-01
27926	6.146410e-01	6.090440e-01	3.715547e-02	4.644434e-02	2.432935e-01	2.383207e-01	3.212021e-01	8.809761e-01
31373	7.306141e-01	1.472155e-01	2.421287e-02	3.026609e-02	1.585455e-01	1.188085e-01	8.321702e-01	2.542802e-01
9274	1.489720e-01	4.967001e-01	4.709336e-02	5.886669e-02	3.083666e-01	2.606204e-01	2.959019e-01	1.914794e-01
16589	8.060277e-01	8.465571e-01	2.736858e-02	3.421073e-02	1.792090e-01	1.791336e-01	5.753864e-01	8.348294e-02
27199	6.465230e-01	5.388690e-01	7.380799e-02	9.225999e-02	4.832936e-01	4.093986e-01	8.673214e-02	1.423758e-01
6434	4.832203e-01	7.503489e-02	2.608256e-02	3.260321e-02	1.707882e-01	6.405572e-02	1.980903e-01	3.771925e-01
21764	5.734463e-01	8.628228e-01	3.041507e-02	3.801883e-02	1.991574e-01	1.983304e-01	1.347457e-01	8.921715e-01
1688	8.928341e-01	3.281433e-02	2.816869e-02	3.521086e-02	1.844482e-01	1.832187e-01	6.464479e-01	9.572557e-01
15740	6.129658e-01	6.774855e-01	2.889035e-02	3.611294e-02	1.891736e-01	5.522565e-02	7.018637e-01	1.791563e-01
7776	7.427525e-01	8.325688e-01	4.709477e-02	5.886846e-02	3.083758e-01	1.755019e-01	5.114762e-01	5.081353e-01
10833	1.805383e-01	8.104577e-01	2.430221e-02	3.037777e-02	1.591305e-01	7.700032e-02	7.071702e-01	6.292255e-01
28894	1.790271e-01	5.581042e-02	3.761589e-02	4.701986e-02	2.463083e-01	2.177281e-01	4.445625e-01	6.650822e-01
8235	2.372983e-01	3.601554e-01	5.849704e-02	7.312130e-02	3.830377e-01	1.974417e-01	1.525432e-01	3.444000e-01
28025	3.342819e-01	4.995727e-01	2.652145e-02	3.315181e-02	1.736620e-01	1.391463e-01	1.046467e-01	8.956710e-01
13531	4.287709e-01	4.346996e-02	2.392609e-02	2.990762e-02	1.566677e-01	4.968964e-02	4.629659e-01	9.583984e-01
10775	7.416600e-01	2.987839e-01	4.740735e-02	5.925919e-02	3.104226e-01	3.103808e-01	3.627480e-01	2.372671e-01
20266	8.194504e-01	6.604069e-02	2.101477e-02	2.626846e-02	1.376044e-01	1.290950e-01	5.116875e-01	9.885413e-01
2185	5.956322e-02	5.833529e-02	4.562084e-02	5.702605e-02	2.987245e-01	2.418011e-01	7.653852e-01	5.810663e-01
6984	5.292408e-01	6.034256e-02	2.513008e-02	3.141261e-02	1.645514e-01	1.489657e-01	3.787602e-01	7.634888e-01
10647	1.961547e-01	5.336380e-01	6.302783e-02	7.878479e-02	4.127052e-01	3.559112e-01	8.035837e-01	8.273625e-01
30014	4.713156e-01	7.382384e-01	2.354210e-02	2.942763e-02	1.541533e-01	1.267265e-01	9.738068e-01	7.000053e-01
12488	5.562202e-01	6.322171e-01	3.777080e-02	4.721349e-02	2.473226e-01	2.403162e-01	8.229008e-01	6.587554e-01
11977	9.295251e-01	5.438472e-01	2.566121e-02	3.207651e-02	1.680292e-01	1.616147e-01	3.137707e-01	9.030253e-01
31570	2.436715e-01	6.413136e-01	2.334126e-02	2.917658e-02	1.528382e-01	5.753349e-02	4.622487e-01	1.070908e-01
24309	3.655641e-01	3.754213e-02	3.029489e-02	3.786861e-02	1.983704e-01	5.161146e-02	4.568495e-01	6.106313e-02
9766	4.560579e-01	9.471684e-01	3.377080e-02	4.221349e-02	2.211306e-01	7.840052e-02	6.227334e-01	3.080988e-01
17349	4.637989e-01	8.209428e-01	2.882830e-02	3.603537e-02	1.887672e-01	1.281051e-01	8.796304e-02	5.784490e-01
13841	4.792530e-01	5.103096e-01	3.992284e-02	4.990356e-02	2.614142e-01	1.396021e-01	2.994107e-01	9.389245e-02
22655	6.206455e-01	7.980382e-01	2.184480e-02	2.730600e-02	1.430394e-01	9.931950e-02	7.684918e-01	6.012215e-01
24640	7.672480e-01	9.130551e-01	3.453266e-02	4.316583e-02	2.261193e-01	2.132265e-01	8.239963e-01	4.768600e-01
20932	5.262502e-01	8.801727e-01	2.390405e-02	2.988007e-02	1.565234e-01	4.720509e-02	9.068386e-01	8.532289e-02
5697	6.943914e-01	8.360782e-01	2.790801e-02	3.488501e-02	1.827412e-01	1.636933e-01	6.224875e-01	4.822137e-01
9359	7.212391e-01	6.919790e-02	2.804183e-02	3.505229e-02	1.836175e-01	6.836906e-02	8.194175e-01	1.898637e-01
11074	8.012376e-01	5.640526e-01	2.168023e-02	2.710028e-02	1.419618e-01	1.138751e-01	1.427289e-02	1.647477e-01
18736	2.073883e-01	8.157587e-01	2.791152e-02	3.488940e-02	1.827642e-01	1.823739e-01	2.101360e-01	9.249429e-01
1794	1.399344e-01	4.209436e-01	2.834185e-02	3.542731e-02	1.855820e-01	1.744747e-01	6.035526e-01	4.387677e-01
1600	4.643718e-01	6.552262e-01	5.367548e-02	6.709435e-02	3.514662e-01	3.491645e-01	7.870402e-01	7.815407e-01
31738	5.384281e-01	4.571694e-01	2.088376e-02	2.610470e-02	1.367466e-01	1.207660e-01	9.498268e-01	6.941677e-01
3149	2.823826e-01	6.462188e-01	2.160380e-02	2.700475e-02	1.414613e-01	1.409921e-01	3.674786e-01	4.687062e-01
25705	9.371206e-01	1.727102e-01	3.040216e-02	3.800270e-02	1.990729e-01	1.756259e-01	1.574632e-01	3.940312e-01
3818	9.338762e-01	9.685732e-01	2.171000e-02	2.713750e-02	1.421568e-01	1.026664e-01	3.103639e-01	5.840229e-01
12020	7.059043e-01	8.974827e-01	2.786785e-02	3.483481e-02	1.824782e-01	6.237610e-02	3.070894e-02	8.769169e-01
2595	7.315660e-01	1.802686e-01	2.196867e-02	2.746084e-02	1.438505e-01	1.434438e-01	7.439149e-01	5.166231e-01
4849	8.149990e-01	7.596418e-01	2.527418e-02	3.159273e-02	1.654949e-01	1.323799e-01	6.522277e-01	2.617956e-01
15882	2.421581e-01	2.551399e-01	3.390177e-02	4.237721e-02	2.219882e-01	2.114995e-01	2.570483e-01	8.306508e-01
19777	7.501320e-01	3.708240e-02	2.649751e-02	3.312189e-02	1.735053e-01	1.351491e-01	1.899620e-01	8.792681e-02
7945	1.485615e-01	8.549148e-01	3.376172e-02	4.220215e-02	2.210712e-01	6.576676e-02	2.193544e-01	7.159955e-01
1508	1.635578e-01	3.334603e-01	2.959964e-02	3.699954e-02	1.938180e-01	1.753451e-01	8.024033e-01	3.726211e-01
18257	8.994382e-01	4.798230e-01	2.932691e-02	3.665864e-02	1.920322e-01	1.564452e-01	3.222408e-01	6.772168e-01
17781	8.575535e-01	2.872268e-01	6.123548e-02	7.654435e-02	4.009690e-01	3.311777e-01	1.043191e-01	7.396701e-01
1915	4.132480e-01	7.010693e-01	3.895690e-02	4.869612e-02	2.550892e-01	2.298884e-01	3.278207e-01	2.613539e-01
29412	4.950619e-01	7.434742e-01	2.087144e-02	2.608930e-02	1.366659e-01	3.753165e-02	6.125996e-01	9.042694e-01
7736	9.352993e-01	7.797580e-01	5.088040e-02	6.360050e-02	3.331640e-01	3.331626e-01	5.674580e-02	2.468362e-01
3323	6.650779e-01	1.707291e-01	3.697486e-02	4.621857e-02	2.421108e-01	2.370052e-01	9.228523e-02	2.182670e-01
6790	3.843887e-02	2.556700e-01	2.782021e-02	3.477526e-02	1.821663e-01	9.662761e-02	7.530397e-01	9.510074e-01
23968	5.429007e-01	1.173305e-01	2.621922e-02	3.277403e-02	1.716831e-01	1.282097e-01	5.986229e-01	2.781907e-01
794	2.715629e-01	4.671162e-01	3.786127e-02	4.732659e-02	2.479150e-01	1.393089e-01	8.199502e-01	5.069077e-01
29930	2.837809e-01	5.920144e-01	5.252883e-02	6.566104e-02	3.439580e-01	2.311671e-01	2.985975e-01	1.768598e-01
20920	1.920551e-01	9.228486e-02	2.296262e-02	2.870327e-02	1.503589e-01	6.128843e-02	5.522779e-01	2.282304e-01
16408	2.490946e-01	9.009853e-01	6.159410e-02	7.699263e-02	4.033172e-01	4.033126e-01	8.229138e-01	1.225702e-01
29412	4.675815e-01	1.615452e-01	5.781125e-02	7.226406e-02	3.785471e-01	3.700568e-01	4.930906e-02	8.484315e-01
5605	2.137029e-01	6.199378e-01	5.029112e-02	6.286390e-02	3.293055e-01	1.975680e-01	6.071927e-01	6.064547e-01
25519	7.241776e-01	2.377755e-01	4.112905e-02	5.141132e-02	2.693124e-01	2.566936e-01	2.753917e-01	3.165356e-01
3263	2.944951e-01	1.552282e-01	6.649015e-02	8.311268e-02	4.353764e-01	3.508910e-01	6.659667e-01	3.346393e-01
9438	4.681210e-01	3.446356e-01	4.755330e-02	5.944162e-02	3.113783e-01	1.739313e-01	3.769327e-01	7.993015e-02
16230	8.669716e-01	1.118558e-01	5.758372e-02	7.197965e-02	3.770573e-01	3.215281e-01	8.090559e-01	1.036464e-01
22312	3.515459e-01	8.730368e-01	2.138221e-02	2.672776e-02	1.400104e-01	1.277888e-01	3.702146e-01	5.448747e-01
