5285	6.051811e-01	6.424199e-01	2.194735e-02	2.743419e-02	1.437109e-01	5.401525e-02	1.624727e-01	2.196110e-01
17536	4.542507e-01	4.410231e-01	3.083228e-02	3.854035e-02	2.018893e-01	1.528862e-01	4.739667e-01	8.579773e-01
16663	6.494202e-02	1.597237e-01	2.599687e-02	3.249609e-02	1.702271e-01	1.699190e-01	1.902805e-01	6.243457e-02
17818	2.690309e-01	1.684413e-01	2.430675e-02	3.038344e-02	1.591602e-01	1.335994e-01	7.632538e-01	3.363447e-01
10383	5.980471e-01	3.500747e-01	7.052566e-02	8.815708e-02	4.618009e-01	4.427967e-01	8.061670e-01	5.734598e-01
20678	4.597063e-01	7.126184e-01	6.306046e-02	7.882558e-02	4.129189e-01	1.754380e-01	3.966385e-01	1.598801e-01
11150	3.413485e-01	8.827761e-01	2.559569e-02	3.199461e-02	1.676002e-01	1.664063e-01	4.418307e-01	3.569324e-01
29040	6.638583e-01	4.550982e-01	6.711791e-02	8.389739e-02	4.394870e-01	4.388529e-01	1.256315e-01	1.757956e-01
10612	3.439062e-01	1.320541e-01	4.958347e-02	6.197933e-02	3.246718e-01	1.376656e-01	9.580550e-01	1.097373e-01
383	9.348322e-01	4.252696e-01	5.138974e-02	6.423717e-02	3.364992e-01	3.014975e-01	8.453175e-02	4.800251e-01
18824	1.692324e-01	1.551507e-01	2.410708e-02	3.013385e-02	1.578528e-01	1.316577e-01	2.758448e-01	6.238189e-02
30183	5.735775e-01	4.221233e-01	2.192201e-02	2.740252e-02	1.435450e-01	1.431434e-01	8.024076e-01	3.565082e-01
17217	3.130558e-01	8.834797e-01	2.556415e-02	3.195519e-02	1.673937e-01	9.300735e-02	2.965314e-01	4.410656e-01
663	9.245314e-01	4.949701e-02	3.871878e-02	4.839848e-02	2.535300e-01	2.396561e-01	4.293802e-01	1.187815e-01
19191	6.966587e-01	2.009108e-01	3.646028e-02	4.557535e-02	2.387414e-01	1.378482e-01	1.120843e-01	3.236265e-01
24056	5.604537e-01	5.771190e-01	6.867499e-02	8.584373e-02	4.496827e-01	4.433886e-01	3.183039e-01	2.506508e-01
6149	8.730271e-01	9.084875e-01	3.232468e-02	4.040585e-02	2.116615e-01	1.583603e-01	8.977019e-01	4.361964e-02
8928	6.143809e-01	7.579098e-01	3.236491e-02	4.045613e-02	2.119249e-01	2.118287e-01	2.630906e-01	5.583943e-02
8223	6.800251e-01	5.554061e-01	3.157857e-02	3.947321e-02	2.067760e-01	1.984619e-01	4.488159e-01	6.162281e-01
1110	4.029910e-01	8.342398e-01	2.148920e-02	2.686150e-02	1.407110e-01	6.907210e-02	5.785101e-01	3.695912e-01
8955	8.213245e-01	4.680557e-01	2.587278e-02	3.234098e-02	1.694146e-01	1.634550e-01	2.383256e-01	2.430703e-01
17647	5.247629e-01	6.782218e-01	4.286361e-02	5.357952e-02	2.806703e-01	2.388774e-01	4.138885e-01	7.747527e-01
30515	3.882397e-01	6.537136e-01	4.422731e-02	5.528413e-02	2.895997e-01	2.856473e-01	9.412879e-01	4.406900e-01
14674	9.620887e-01	3.150626e-01	2.245625e-02	2.807031e-02	1.470432e-01	5.161444e-02	1.823337e-01	5.480150e-01
2682	9.350015e-01	8.082895e-01	2.271021e-02	2.838776e-02	1.487061e-01	1.483064e-01	7.118238e-03	4.002962e-01
17886	4.789038e-01	9.135000e-01	2.136088e-02	2.670110e-02	1.398707e-01	1.214087e-01	6.913056e-01	3.425286e-01
9300	5.075482e-01	4.547632e-01	2.482958e-02	3.103698e-02	1.625837e-01	1.345026e-01	5.073516e-01	3.081698e-01
2160	1.607410e-01	2.170904e-01	3.413844e-02	4.267305e-02	2.235380e-01	2.010484e-01	9.577126e-01	1.791941e-02
30592	3.022805e-01	4.553609e-01	7.518393e-02	9.397992e-02	4.923032e-01	4.921286e-01	8.806403e-02	7.673487e-01
5712	9.072159e-01	5.469497e-01	2.534472e-02	3.168090e-02	1.659568e-01	1.239163e-01	2.550482e-01	4.749191e-01
20810	9.119720e-01	1.565692e-01	6.336708e-02	7.920885e-02	4.149267e-01	3.220474e-01	3.299984e-01	9.755094e-01
8088	2.762056e-01	7.689321e-01	6.493892e-02	8.117365e-02	4.252190e-01	3.454988e-01	4.673196e-01	8.245502e-01
13027	7.287004e-01	3.353906e-01	2.108193e-02	2.635241e-02	1.380441e-01	4.072874e-02	1.308743e-01	6.847865e-01
14722	4.766733e-01	2.929280e-01	2.849842e-02	3.562302e-02	1.866072e-01	1.016404e-01	8.472579e-01	2.264761e-01
25024	1.292971e-01	4.346992e-01	2.628334e-02	3.285418e-02	1.721029e-01	1.630375e-01	8.803715e-01	1.932331e-01
8545	8.064227e-01	8.586440e-01	3.998450e-02	4.998062e-02	2.618179e-01	2.417045e-01	6.753332e-02	5.586838e-01
1712	1.898572e-01	5.574704e-01	4.514749e-02	5.643436e-02	2.956250e-01	2.641620e-01	8.046315e-01	3.317034e-01
20938	8.172743e-01	6.549661e-01	7.819621e-02	9.774526e-02	5.120275e-01	5.039495e-01	1.854369e-01	4.003139e-02
1650	1.039233e-01	2.481409e-01	2.689641e-02	3.362052e-02	1.761173e-01	1.758469e-01	8.584573e-01	8.618589e-03
24424	3.621291e-01	8.032608e-01	2.339328e-02	2.924160e-02	1.531789e-01	6.788676e-02	1.917113e-01	8.597259e-01
19479	2.891242e-01	3.660590e-01	3.417344e-02	4.271680e-02	2.237672e-01	1.733081e-01	9.981552e-01	8.989078e-01
12923	5.405713e-01	8.696355e-01	2.166046e-02	2.707557e-02	1.418323e-01	1.177707e-01	7.989427e-01	3.906961e-01
7685	9.748528e-01	3.925942e-01	2.120946e-02	2.651183e-02	1.388792e-01	1.334261e-01	6.283848e-01	4.319883e-01
25856	7.504309e-01	5.331681e-01	3.779111e-02	4.723889e-02	2.474556e-01	2.453864e-01	4.976376e-02	9.550820e-01
17331	7.356227e-01	7.750187e-01	7.471393e-02	9.339241e-02	4.892257e-01	3.238880e-01	3.794471e-01	1.990281e-01
23157	2.646690e-01	2.710841e-01	4.045932e-02	5.057415e-02	2.649270e-01	1.055147e-01	7.621599e-01	9.811357e-01
5228	5.813182e-02	4.003844e-01	3.642746e-02	4.553432e-02	2.385264e-01	8.284094e-02	7.418406e-01	1.974774e-01
1703	4.517050e-01	2.783417e-01	2.065897e-02	2.582371e-02	1.352746e-01	6.074713e-02	4.433789e-01	6.900790e-01
28797	6.525120e-02	5.176829e-01	2.113879e-02	2.642348e-02	1.384164e-01	5.485876e-02	5.082982e-01	4.898318e-01
26267	3.417789e-01	7.591242e-01	4.571650e-02	5.714563e-02	2.993510e-01	2.734070e-01	3.407592e-01	8.139031e-01
13998	2.877994e-01	8.213885e-01	2.055402e-02	2.569253e-02	1.345874e-01	1.123723e-01	4.053592e-03	3.448601e-01
24758	5.991687e-01	9.072148e-01	5.510255e-02	6.887818e-02	3.608106e-01	3.155280e-01	6.895029e-03	1.950422e-02
17575	7.151094e-01	2.837684e-01	3.744489e-02	4.680611e-02	2.451885e-01	1.517593e-01	2.796990e-01	7.489095e-01
21571	8.811273e-01	6.994943e-01	7.643713e-02	9.554642e-02	5.005092e-01	1.942616e-01	5.074501e-01	2.130047e-01
3465	4.662818e-01	5.567325e-02	2.443516e-02	3.054395e-02	1.600010e-01	1.131144e-01	5.924752e-01	4.944469e-01
9438	4.956889e-01	9.508194e-01	3.631980e-02	4.539975e-02	2.378215e-01	1.215193e-01	2.578517e-01	7.574519e-01
1317	3.733848e-02	2.036782e-01	2.985842e-02	3.732302e-02	1.955125e-01	1.797310e-01	2.029988e-01	9.152899e-01
16073	8.391619e-01	4.080233e-01	2.529617e-02	3.162021e-02	1.656389e-01	1.118626e-01	9.854306e-01	7.248271e-01
15773	8.692720e-01	2.600741e-01	4.624937e-02	5.781171e-02	3.028401e-01	1.020705e-01	6.738481e-01	2.903886e-01
9371	5.017392e-01	3.272872e-01	2.137138e-02	2.671423e-02	1.399395e-01	1.131294e-01	9.185445e-01	3.999961e-01
3084	5.070895e-01	4.031486e-01	2.515158e-02	3.143947e-02	1.646921e-01	1.637093e-01	7.862056e-01	5.792463e-01
21433	3.636509e-01	2.743873e-01	3.707305e-02	4.634131e-02	2.427538e-01	8.283251e-02	4.832749e-01	8.760483e-01
24878	1.933641e-01	2.099472e-01	2.352265e-02	2.940331e-02	1.540259e-01	1.233384e-01	9.567669e-01	8.875115e-01
18017	8.092969e-01	3.603567e-02	2.326980e-02	2.908726e-02	1.523703e-01	9.703599e-02	2.912038e-01	2.315851e-01
3762	7.619567e-01	4.778141e-02	3.399615e-02	4.249518e-02	2.226062e-01	1.286619e-01	6.996215e-01	4.346427e-01
7250	3.843418e-01	3.888266e-01	2.659838e-02	3.324797e-02	1.741657e-01	1.328054e-01	7.005128e-01	4.785782e-01
12668	3.464408e-01	1.813792e-01	2.580468e-02	3.225585e-02	1.689687e-01	6.883313e-02	5.954772e-01	5.654091e-01
20670	9.039564e-02	6.381616e-01	6.413967e-02	8.017459e-02	4.199856e-01	2.847785e-01	7.569739e-01	4.412964e-01
10323	5.094020e-01	1.446635e-01	4.359561e-02	5.449452e-02	2.854634e-01	1.969378e-01	9.365453e-01	9.178645e-01
28016	8.396690e-01	5.767015e-02	3.993988e-02	4.992485e-02	2.615257e-01	1.865236e-01	2.663709e-01	4.393339e-02
10647	4.390464e-01	7.740699e-01	2.098588e-02	2.623235e-02	1.374152e-01	1.349019e-01	3.910505e-01	5.616029e-01
27885	8.939462e-01	3.138839e-01	4.172570e-02	5.215712e-02	2.732192e-01	1.530822e-01	1.970421e-01	9.654288e-01
7001	1.803408e-01	9.347158e-01	5.612720e-02	7.015900e-02	3.675200e-01	3.565414e-01	3.027997e-02	4.361137e-01
3563	8.208484e-01	2.353365e-01	2.318916e-02	2.898645e-02	1.518422e-01	1.293002e-01	1.467125e-01	8.049461e-01
