16836	6.087318e-01	6.187876e-01	2.665191e-02	3.331489e-02	1.745163e-01	1.330095e-01	2.801296e-01	6.617669e-01
9069	7.621391e-01	5.852121e-01	2.556331e-02	3.195413e-02	1.673881e-01	1.656751e-01	3.546980e-01	1.226438e-01
4595	3.602084e-01	7.880583e-01	4.618746e-02	5.773433e-02	3.024348e-01	2.100419e-01	6.632420e-01	1.515108e-01
29367	4.790554e-01	3.076190e-01	3.244155e-02	4.055193e-02	2.124267e-01	2.124224e-01	4.312623e-01	8.069105e-01
26369	8.154584e-01	4.765489e-02	3.078722e-02	3.848403e-02	2.015942e-01	7.966619e-02	3.823317e-01	5.203705e-01
5999	5.352919e-01	8.851305e-01	5.130717e-02	6.413396e-02	3.359585e-01	2.909576e-01	6.737689e-01	7.314510e-01
8514	4.999113e-01	6.345263e-01	2.513982e-02	3.142477e-02	1.646151e-01	1.645791e-01	2.373364e-01	7.913635e-01
28410	1.195170e-01	8.997598e-01	2.144767e-02	2.680958e-02	1.404390e-01	8.710402e-02	9.997585e-01	8.853175e-01
27276	9.097038e-01	7.939150e-01	2.947842e-02	3.684802e-02	1.930242e-01	1.882659e-01	8.101029e-01	1.607322e-01
7881	6.369923e-01	7.972510e-01	2.167142e-02	2.708928e-02	1.419041e-01	1.380424e-01	8.172162e-01	9.938160e-01
11181	8.832531e-01	5.914925e-02	4.491376e-02	5.614221e-02	2.940946e-01	2.446536e-01	1.630621e-01	4.273277e-01
19124	2.061064e-01	1.768300e-01	4.320968e-02	5.401209e-02	2.829363e-01	1.843770e-01	7.396202e-01	7.035155e-01
14833	7.820216e-01	1.448235e-01	4.252114e-02	5.315143e-02	2.784278e-01	2.573491e-01	3.509285e-01	8.780635e-02
18787	3.959130e-01	1.712661e-01	2.652853e-02	3.316067e-02	1.737084e-01	1.314573e-01	9.042157e-01	4.234385e-01
19219	3.825540e-01	4.386773e-01	6.677219e-02	8.346524e-02	4.372233e-01	1.413446e-01	7.139091e-01	8.125292e-01
11502	5.069512e-01	9.035038e-02	4.868806e-02	6.086007e-02	3.188086e-01	2.431875e-01	4.548049e-01	8.370281e-01
807	3.961737e-01	6.973035e-02	2.341006e-02	2.926257e-02	1.532887e-01	1.346513e-01	6.847269e-01	8.155866e-01
2523	5.035621e-01	5.855457e-01	3.375897e-02	4.219871e-02	2.210532e-01	1.787395e-01	2.175515e-01	5.250268e-01
8934	4.677176e-01	6.784988e-01	2.370118e-02	2.962648e-02	1.551950e-01	9.909134e-02	6.351812e-01	7.487190e-02
19468	7.102644e-01	6.726196e-01	3.494214e-02	4.367767e-02	2.288006e-01	7.095543e-02	4.032768e-02	6.581945e-01
21138	6.184804e-01	5.130431e-01	3.316028e-02	4.145034e-02	2.171330e-01	1.928281e-01	4.682819e-01	9.185971e-01
32423	7.647964e-01	5.115954e-01	3.520666e-02	4.400832e-02	2.305327e-01	1.804876e-01	4.990795e-01	7.224986e-01
14004	1.581767e-01	3.759446e-01	7.824903e-02	9.781128e-02	5.123734e-01	5.111951e-01	8.760148e-01	8.161852e-01
22326	7.746904e-01	3.820577e-01	2.145524e-02	2.681905e-02	1.404886e-01	1.377997e-01	5.666067e-01	3.357123e-01
24079	2.873252e-01	6.956967e-01	4.136173e-02	5.170217e-02	2.708360e-01	2.099521e-01	8.507806e-02	1.754336e-01
31964	7.849903e-02	5.784971e-01	3.624038e-02	4.530048e-02	2.373015e-01	2.372531e-01	3.508890e-02	4.047141e-01
13309	1.701548e-01	5.476200e-01	4.235349e-02	5.294187e-02	2.773300e-01	2.758481e-01	9.313764e-01	5.684237e-01
24266	2.734116e-01	8.114777e-01	2.150518e-02	2.688148e-02	1.408156e-01	1.407662e-01	4.779905e-01	2.593372e-01
6171	4.920767e-01	7.484598e-01	2.568248e-02	3.210309e-02	1.681684e-01	1.141023e-01	7.612845e-01	3.096018e-01
8288	4.070623e-01	8.130450e-01	3.013954e-02	3.767443e-02	1.973533e-01	9.627184e-02	6.679180e-01	1.938741e-01
18716	8.679427e-02	9.599065e-01	3.750576e-02	4.688220e-02	2.455871e-01	2.322177e-01	4.600221e-01	3.729989e-01
23055	1.642330e-01	9.349922e-01	2.778887e-02	3.473608e-02	1.819611e-01	1.338486e-01	2.970218e-01	5.244228e-01
2583	4.209390e-01	3.272861e-01	2.300484e-02	2.875605e-02	1.506353e-01	1.290737e-01	7.431155e-01	8.217226e-01
20750	2.114707e-01	7.088033e-01	2.102183e-02	2.627729e-02	1.376506e-01	9.513937e-02	3.774090e-02	7.320911e-01
20117	6.109450e-01	7.065707e-01	2.358625e-02	2.948281e-02	1.544424e-01	1.537931e-01	5.467570e-01	2.740945e-01
27384	3.219351e-01	3.952138e-01	2.450729e-02	3.063411e-02	1.604734e-01	1.580061e-01	8.446504e-01	4.564595e-02
628	5.106902e-01	4.504035e-01	2.935103e-02	3.668879e-02	1.921901e-01	1.843916e-01	6.320723e-01	1.264249e-01
11028	2.702279e-01	3.587823e-01	4.020811e-02	5.026014e-02	2.632821e-01	2.110576e-01	1.536969e-01	9.459232e-01
32474	2.886293e-01	1.696942e-01	4.776544e-02	5.970680e-02	3.127674e-01	9.753985e-02	6.432932e-01	4.001099e-01
10498	9.255893e-01	5.434891e-01	3.229986e-02	4.037482e-02	2.114990e-01	5.643550e-02	2.558859e-01	6.029006e-01
8281	2.994163e-02	4.175779e-01	2.705918e-02	3.382398e-02	1.771831e-01	1.131329e-01	1.343837e-01	2.518908e-01
3774	6.919739e-01	7.785928e-01	2.062266e-02	2.577833e-02	1.350369e-01	1.310669e-01	1.523968e-01	3.910786e-02
23131	3.212517e-01	6.963640e-02	4.855128e-02	6.068910e-02	3.179130e-01	2.973141e-01	5.206573e-01	8.940052e-01
25318	4.248759e-01	9.432253e-01	3.419783e-02	4.274728e-02	2.239268e-01	1.083297e-01	2.350044e-01	3.744310e-02
9032	8.472669e-01	2.660651e-01	2.485740e-02	3.107174e-02	1.627658e-01	1.580583e-01	8.421876e-01	7.153557e-01
30178	2.344864e-01	8.399764e-01	2.480789e-02	3.100986e-02	1.624417e-01	1.444534e-01	8.742054e-01	7.592259e-02
19019	8.163121e-01	8.935308e-01	7.166591e-02	8.958238e-02	4.692672e-01	4.455578e-01	4.358952e-01	5.123576e-01
16140	9.207116e-02	3.598565e-01	2.581665e-02	3.227081e-02	1.690470e-01	1.477485e-01	1.365465e-02	8.431610e-01
5211	5.562070e-01	1.010098e-01	5.008092e-02	6.260115e-02	3.279291e-01	3.245343e-01	6.253882e-03	9.846403e-01
32483	8.999068e-01	4.912230e-01	2.705020e-02	3.381274e-02	1.771243e-01	1.389125e-01	2.360406e-01	8.790170e-01
24646	5.280161e-01	2.722895e-01	2.489957e-02	3.112447e-02	1.630420e-01	1.614283e-01	2.132815e-01	3.068297e-01
11696	2.576247e-01	2.674279e-01	2.778688e-02	3.473360e-02	1.819480e-01	1.463035e-01	9.917651e-01	6.395087e-01
15777	7.433157e-01	4.683408e-01	2.674151e-02	3.342689e-02	1.751030e-01	1.637246e-01	7.453277e-01	2.359628e-01
20535	6.126718e-01	9.171768e-01	6.518567e-02	8.148209e-02	4.268348e-01	4.268219e-01	8.235568e-01	7.662513e-01
15799	7.530331e-01	1.004232e-01	3.395620e-02	4.244525e-02	2.223447e-01	2.198465e-01	1.772399e-02	1.836680e-01
1306	4.632431e-01	4.010659e-01	5.406033e-02	6.757541e-02	3.539862e-01	3.505601e-01	2.255641e-01	9.430388e-01
15988	4.336839e-01	2.675247e-01	3.153418e-02	3.941772e-02	2.064853e-01	2.064078e-01	8.427965e-01	7.250785e-01
14564	2.636299e-01	2.360071e-01	2.379589e-02	2.974487e-02	1.558151e-01	1.547197e-01	9.520642e-02	7.003549e-01
8951	8.677295e-01	7.758728e-01	4.216426e-02	5.270532e-02	2.760909e-01	1.075091e-01	7.189285e-01	5.099726e-02
9158	7.513146e-01	1.833171e-01	3.510192e-02	4.387740e-02	2.298468e-01	7.345615e-02	5.925806e-01	5.825134e-01
10091	3.740206e-01	6.962595e-01	4.293612e-02	5.367014e-02	2.811450e-01	2.508337e-01	2.007637e-01	8.435112e-01
21678	7.463990e-02	8.649217e-01	4.115443e-02	5.144303e-02	2.694785e-01	1.405503e-01	9.145370e-01	9.924014e-01
7758	1.718463e-01	8.327764e-01	2.880002e-02	3.600003e-02	1.885821e-01	1.858647e-01	8.388603e-01	5.966678e-01
24011	8.186594e-01	4.948589e-01	4.457683e-02	5.572103e-02	2.918884e-01	2.879669e-01	8.373330e-01	3.518851e-01
17860	6.629663e-01	5.462606e-01	3.305635e-02	4.132043e-02	2.164524e-01	2.084052e-01	2.913852e-01	9.696220e-01
19430	2.453924e-01	9.478581e-01	2.290223e-02	2.862778e-02	1.499634e-01	5.815654e-02	5.305020e-01	4.262378e-01
18811	9.370185e-01	1.670116e-01	2.449560e-02	3.061950e-02	1.603968e-01	4.369769e-02	8.824398e-01	1.848292e-01
2170	4.568689e-01	5.519864e-01	5.311425e-02	6.639281e-02	3.477913e-01	3.477132e-01	9.109695e-01	1.409439e-01
17397	1.043073e-01	6.323553e-01	3.378302e-02	4.222877e-02	2.212107e-01	5.956830e-02	5.723851e-02	9.251525e-01
11268	2.829363e-01	4.391900e-01	2.438175e-02	3.047718e-02	1.596513e-01	1.352123e-01	6.202700e-01	8.940780e-01
15812	7.568427e-01	6.434845e-01	2.235172e-02	2.793965e-02	1.463587e-01	8.464595e-02	9.332555e-01	7.567253e-01
6788	5.290779e-01	1.937945e-01	2.123720e-02	2.654650e-02	1.390608e-01	1.134005e-01	1.688800e-01	8.472256e-01
2879	7.469386e-01	3.362349e-01	7.732772e-02	9.665965e-02	5.063407e-01	1.619260e-01	6.105617e-01	7.259922e-01
29326	2.739008e-01	4.882174e-02	4.499130e-02	5.623912e-02	2.946023e-01	1.601755e-01	5.597472e-01	5.514113e-01
2638	3.734519e-01	8.966400e-01	2.964751e-02	3.705939e-02	1.941315e-01	5.878097e-02	9.049108e-01	4.937256e-01
22994	8.682066e-01	6.040406e-01	2.444340e-02	3.055425e-02	1.600550e-01	1.286744e-01	8.677354e-01	7.209258e-01
5560	5.363443e-01	6.700227e-01	4.800094e-02	6.000117e-02	3.143094e-01	2.203322e-01	9.126117e-01	6.177871e-01
