14917	7.688841e-01	8.946574e-01	2.543680e-02	3.179601e-02	1.665598e-01	1.250733e-01	9.770898e-01	1.179348e-01
6607	9.089563e-01	7.084038e-01	4.869597e-02	6.086996e-02	3.188604e-01	3.079758e-01	9.613117e-01	1.542045e-01
13303	6.133539e-01	8.178257e-01	4.306032e-02	5.382540e-02	2.819583e-01	2.363966e-01	4.181187e-01	7.468737e-01
2784	3.502364e-01	3.937898e-01	5.987683e-02	7.484604e-02	3.920726e-01	3.120769e-01	5.142715e-01	1.763357e-01
1521	3.992262e-01	8.949089e-01	2.526023e-02	3.157529e-02	1.654036e-01	1.108860e-01	2.301154e-01	5.528642e-01
7110	3.537661e-01	1.817180e-01	5.583915e-02	6.979894e-02	3.656339e-01	2.181662e-01	3.673982e-01	5.966522e-01
24482	3.176797e-01	9.944313e-02	5.122639e-02	6.403299e-02	3.354296e-01	1.562359e-01	7.835182e-01	2.831973e-01
7307	7.518576e-01	8.429297e-01	2.299694e-02	2.874617e-02	1.505836e-01	7.853595e-02	9.182519e-01	2.174667e-01
30711	4.583210e-01	6.353629e-01	7.283073e-02	9.103841e-02	4.768945e-01	3.990045e-01	3.722281e-03	8.803787e-01
16711	6.861695e-01	6.471566e-01	4.450152e-02	5.562690e-02	2.913953e-01	2.581701e-01	9.840037e-01	2.116741e-01
16336	4.483177e-01	7.837590e-01	6.661230e-02	8.326538e-02	4.361763e-01	1.521293e-01	8.108227e-01	7.930067e-01
3951	1.127741e-01	5.016968e-01	7.321004e-02	9.151255e-02	4.793782e-01	1.317018e-01	7.701536e-01	7.159964e-01
20031	6.650122e-01	9.850709e-02	3.251447e-02	4.064309e-02	2.129043e-01	5.955964e-02	3.397210e-01	7.997761e-01
4349	4.968654e-01	5.415556e-02	4.155386e-02	5.194233e-02	2.720941e-01	2.528226e-01	2.772089e-01	8.142274e-01
4793	9.411651e-01	5.300534e-01	3.524115e-02	4.405143e-02	2.307585e-01	1.715418e-01	3.915289e-01	5.684861e-01
26158	8.822302e-01	8.337872e-02	3.486635e-02	4.358294e-02	2.283043e-01	7.583530e-02	6.705967e-01	8.957406e-01
20574	4.558453e-01	3.131480e-01	2.830477e-02	3.538096e-02	1.853392e-01	1.853204e-01	8.826467e-01	3.362969e-01
5846	7.181313e-01	4.401930e-01	4.973218e-02	6.216522e-02	3.256455e-01	1.974874e-01	2.246858e-01	7.798741e-01
5473	6.581114e-01	8.999118e-01	6.260429e-02	7.825536e-02	4.099319e-01	1.079409e-01	1.342844e-01	1.818532e-01
25517	1.751995e-01	3.991196e-01	4.479335e-02	5.599169e-02	2.933061e-01	2.243922e-01	9.322153e-01	2.660358e-01
8914	5.223934e-01	6.787398e-01	3.736886e-02	4.671108e-02	2.446907e-01	2.058417e-01	8.710267e-01	2.315276e-01
7989	6.703227e-01	2.073309e-01	7.559287e-02	9.449109e-02	4.949810e-01	1.405586e-01	7.664890e-01	6.346847e-01
20056	2.536276e-01	8.207942e-01	3.495089e-02	4.368861e-02	2.288579e-01	2.276246e-01	4.152422e-01	6.104431e-01
20411	2.086258e-01	1.627760e-01	6.185514e-02	7.731892e-02	4.050265e-01	3.848707e-01	1.885155e-01	9.218900e-01
22387	6.261335e-01	4.687906e-01	3.300520e-02	4.125651e-02	2.161176e-01	6.644733e-02	5.105618e-01	8.730321e-04
31116	5.465465e-01	7.433480e-01	3.061051e-02	3.826313e-02	2.004371e-01	9.092028e-02	3.983382e-01	6.742362e-01
25610	4.048363e-01	5.377481e-01	3.614941e-02	4.518676e-02	2.367058e-01	1.783371e-01	1.399252e-01	8.720998e-01
7558	5.690476e-01	4.679148e-01	2.210481e-02	2.763101e-02	1.447419e-01	1.370959e-01	4.535999e-01	8.077749e-02
23024	1.262416e-01	8.503854e-01	3.836065e-02	4.795081e-02	2.511849e-01	2.482588e-01	9.516165e-01	9.715036e-01
27731	1.907400e-01	6.717230e-01	2.638712e-02	3.298391e-02	1.727825e-01	1.465643e-01	7.165397e-01	1.800199e-01
643	3.936636e-01	2.159832e-01	3.348807e-02	4.186009e-02	2.192794e-01	1.033820e-01	5.826017e-01	8.793851e-01
10115	7.966468e-02	3.949940e-01	7.547667e-02	9.434584e-02	4.942201e-01	4.054298e-01	9.680516e-01	1.001292e-01
12290	7.135556e-01	3.780989e-01	6.633468e-02	8.291835e-02	4.343585e-01	1.624852e-01	7.853599e-01	3.791600e-01
1256	5.516426e-01	3.642136e-01	4.341001e-02	5.426252e-02	2.842481e-01	2.267203e-01	6.744557e-01	6.030701e-03
6023	1.918549e-01	5.713563e-02	3.608252e-02	4.510315e-02	2.362678e-01	2.075491e-01	4.549765e-01	2.467352e-02
5352	7.134032e-01	1.171734e-01	3.906258e-02	4.882822e-02	2.557812e-01	2.505073e-01	7.225382e-01	3.792200e-01
8856	4.053825e-01	4.789572e-01	5.136868e-02	6.421085e-02	3.363613e-01	3.356329e-01	1.306518e-01	9.234686e-01
32586	6.511060e-01	3.869673e-01	2.486875e-02	3.108593e-02	1.628402e-01	1.389525e-01	2.399515e-01	9.492228e-01
8515	8.099244e-01	4.207540e-01	2.887095e-02	3.608868e-02	1.890465e-01	1.670777e-01	6.111438e-01	1.914214e-01
4097	8.299256e-02	1.506075e-01	2.499674e-02	3.124592e-02	1.636782e-01	1.446653e-01	7.653326e-01	3.339758e-01
19768	7.448566e-01	6.159081e-01	3.041392e-02	3.801740e-02	1.991499e-01	1.538457e-01	8.373105e-01	3.611218e-01
29265	1.359308e-01	4.403152e-01	2.470466e-02	3.088082e-02	1.617657e-01	8.790256e-02	2.192606e-01	3.864062e-01
220	3.151252e-01	2.663395e-01	4.068685e-02	5.085856e-02	2.664169e-01	1.911480e-01	3.469019e-01	3.881537e-01
7672	8.250860e-01	1.040704e-01	3.001587e-02	3.751984e-02	1.965435e-01	8.166336e-02	4.635502e-01	1.781031e-01
8392	2.967865e-01	4.973603e-01	2.367375e-02	2.959219e-02	1.550154e-01	4.218634e-02	1.119908e-03	8.668658e-01
15134	5.479518e-01	2.739272e-01	2.954016e-02	3.692519e-02	1.934285e-01	8.631784e-02	6.809437e-01	7.879612e-01
21797	7.478774e-01	2.112212e-01	3.632718e-02	4.540898e-02	2.378698e-01	2.368099e-01	2.268122e-01	8.482713e-01
7568	8.432899e-02	6.639038e-01	3.673387e-02	4.591734e-02	2.405328e-01	9.055707e-02	9.566100e-01	8.472573e-01
31909	8.267692e-01	5.572412e-01	3.132980e-02	3.916225e-02	2.051470e-01	1.267434e-01	6.012108e-01	1.211643e-01
23585	4.074315e-01	8.215277e-01	2.247083e-02	2.808853e-02	1.471386e-01	1.055522e-01	3.584000e-01	7.875369e-01
10093	8.272822e-01	3.191254e-01	2.441334e-02	3.051668e-02	1.598582e-01	1.041830e-01	5.414845e-01	5.782393e-01
12048	4.511311e-01	2.326556e-01	4.278157e-02	5.347697e-02	2.801331e-01	2.548319e-01	4.793709e-01	5.036105e-01
28028	2.645229e-01	4.336908e-01	2.605683e-02	3.257104e-02	1.706197e-01	9.710306e-02	4.161005e-01	9.242608e-01
7615	4.609912e-01	3.792770e-01	4.909152e-02	6.136439e-02	3.214505e-01	2.537578e-01	2.812448e-01	3.188700e-01
7871	8.537462e-01	3.156291e-01	3.604789e-02	4.505986e-02	2.360410e-01	2.229822e-01	5.526152e-01	1.566314e-01
2878	1.312442e-01	2.348317e-01	5.276649e-02	6.595812e-02	3.455142e-01	3.384081e-01	6.559503e-01	9.575053e-01
30404	9.990322e-02	4.581774e-01	2.885018e-02	3.606272e-02	1.889105e-01	1.593315e-01	9.858950e-01	6.058027e-01
26268	4.939653e-01	5.113937e-01	2.159483e-02	2.699354e-02	1.414026e-01	5.609116e-02	7.465959e-01	9.070633e-01
5812	3.767126e-01	5.786456e-02	5.230078e-02	6.537598e-02	3.424647e-01	2.840018e-01	3.070287e-01	7.496086e-01
5694	5.402056e-01	6.263784e-01	2.870118e-02	3.587647e-02	1.879349e-01	1.784564e-01	2.519216e-01	6.973615e-01
27213	9.707171e-01	1.739667e-01	2.680088e-02	3.350111e-02	1.754918e-01	7.005224e-02	4.918271e-01	2.933781e-01
264	1.691287e-01	2.934109e-01	2.184362e-02	2.730453e-02	1.430317e-01	1.317701e-01	7.347294e-01	9.670382e-01
23127	4.406754e-02	2.708928e-01	2.425630e-02	3.032038e-02	1.588299e-01	1.532635e-01	6.196199e-01	8.810252e-01
642	7.618055e-01	7.496346e-01	2.128440e-02	2.660550e-02	1.393699e-01	1.385987e-01	7.902514e-01	7.329024e-01
11130	1.590279e-01	9.472706e-01	2.288513e-02	2.860641e-02	1.498515e-01	1.488946e-01	2.886239e-01	1.962802e-01
21277	3.853560e-01	7.036457e-01	6.814841e-02	8.518551e-02	4.462347e-01	3.290944e-01	8.708832e-01	9.464242e-01
11429	7.555061e-01	5.067105e-01	4.459174e-02	5.573968e-02	2.919860e-01	2.913569e-01	1.794718e-01	4.627786e-01
