12207	5.771564e-01	2.873147e-01	6.293866e-02	7.867333e-02	4.121214e-01	2.273887e-01	4.740961e-01	2.142789e-01
6895	9.060615e-01	4.410033e-01	3.210827e-02	4.013534e-02	2.102445e-01	8.262569e-02	7.000253e-01	9.081668e-01
31396	1.840440e-01	4.472493e-01	6.423269e-02	8.029086e-02	4.205947e-01	4.119252e-01	7.922625e-01	9.355131e-01
25253	4.598236e-01	9.569777e-01	3.295414e-02	4.119267e-02	2.157832e-01	1.222950e-01	2.186905e-01	6.067610e-01
10949	6.392860e-01	8.735368e-01	3.363229e-02	4.204036e-02	2.202237e-01	2.043625e-01	5.384370e-01	2.338158e-01
4706	6.368576e-01	6.896641e-01	2.217574e-02	2.771968e-02	1.452064e-01	8.074727e-02	1.083007e-02	2.399048e-01
13687	1.812726e-01	6.942685e-01	3.916844e-02	4.896056e-02	2.564744e-01	2.326956e-01	1.691229e-01	8.974512e-01
8965	3.603010e-01	7.139226e-02	3.885551e-02	4.856938e-02	2.544252e-01	2.345836e-01	5.392133e-01	9.844636e-01
28615	3.372505e-01	3.343866e-01	2.123317e-02	2.654147e-02	1.390345e-01	9.944019e-02	8.252003e-01	9.840636e-01
3208	3.182508e-01	5.812958e-01	3.216542e-02	4.020678e-02	2.106187e-01	1.015068e-01	7.474315e-01	6.155371e-01
23724	7.723723e-01	1.831164e-01	2.075403e-02	2.594254e-02	1.358971e-01	9.974331e-02	3.910849e-01	3.929408e-01
31999	8.939367e-02	3.167127e-01	2.701036e-02	3.376294e-02	1.768634e-01	1.727465e-01	1.578093e-01	1.918029e-01
11204	8.253771e-01	8.645210e-01	3.535579e-02	4.419474e-02	2.315092e-01	1.064831e-01	4.110084e-02	7.739946e-01
7138	3.244118e-01	1.147331e-01	3.731564e-02	4.664455e-02	2.443423e-01	1.231051e-01	5.235860e-02	6.870201e-01
4841	4.912826e-01	5.268101e-01	3.178642e-02	3.973303e-02	2.081370e-01	1.377430e-01	6.407109e-01	3.335624e-01
24939	2.698011e-01	9.529623e-01	3.075428e-02	3.844285e-02	2.013786e-01	1.614502e-01	6.827519e-02	5.807941e-01
28882	7.613850e-01	3.192538e-01	7.153090e-02	8.941363e-02	4.683832e-01	2.580226e-01	7.546681e-01	7.390770e-02
28730	6.222698e-01	5.264337e-02	3.112959e-02	3.891198e-02	2.038361e-01	1.269694e-01	2.332737e-02	3.164817e-01
4452	5.560514e-01	6.564645e-01	5.115934e-02	6.394918e-02	3.349906e-01	1.173190e-01	3.599570e-01	6.795185e-01
25587	5.112303e-02	4.590796e-01	5.105589e-02	6.381986e-02	3.343131e-01	2.779863e-01	7.704227e-01	7.062489e-01
27354	2.225688e-01	3.697471e-01	5.436938e-02	6.796173e-02	3.560099e-01	2.601145e-01	8.951240e-02	6.610959e-01
5325	2.524414e-01	5.758878e-01	3.795790e-02	4.744738e-02	2.485478e-01	2.483628e-01	3.582946e-01	5.242872e-01
15270	1.489091e-01	8.021665e-01	3.072954e-02	3.841193e-02	2.012166e-01	1.187507e-01	4.388503e-01	8.579594e-01
23649	4.484031e-01	1.562409e-01	2.318151e-02	2.897688e-02	1.517921e-01	7.505133e-02	3.879459e-02	2.800454e-01
3359	7.974009e-01	4.249398e-01	5.845010e-02	7.306262e-02	3.827303e-01	2.886902e-01	7.953757e-01	5.540452e-01
27394	3.959718e-01	1.455516e-01	2.822369e-02	3.527961e-02	1.848083e-01	1.732375e-01	2.203523e-01	9.018790e-01
12129	3.101322e-01	7.415615e-01	2.442431e-02	3.053038e-02	1.599300e-01	1.385999e-01	3.544332e-01	8.093932e-01
10539	7.943975e-01	7.945680e-01	3.215259e-02	4.019073e-02	2.105346e-01	7.132330e-02	8.798567e-01	2.750956e-01
23742	3.728837e-01	6.244505e-01	3.373714e-02	4.217143e-02	2.209103e-01	2.146891e-01	1.984507e-01	3.552451e-01
9961	2.752740e-01	5.070530e-01	4.786554e-02	5.983192e-02	3.134228e-01	2.968771e-01	9.281795e-01	7.946152e-01
16077	5.037417e-01	6.686264e-01	5.824334e-02	7.280418e-02	3.813765e-01	2.028631e-01	5.867945e-01	3.379542e-01
1549	1.527799e-01	9.262627e-01	4.802735e-02	6.003419e-02	3.144824e-01	1.875127e-01	9.355930e-01	4.420715e-01
28435	8.628553e-01	2.345223e-01	3.820222e-02	4.775277e-02	2.501475e-01	1.767260e-01	6.465838e-01	7.385563e-02
6614	5.110380e-01	4.612308e-01	2.562567e-02	3.203208e-02	1.677965e-01	1.611294e-01	2.958986e-01	3.884600e-01
20602	9.414106e-01	2.091396e-01	2.837316e-02	3.546645e-02	1.857870e-01	1.397090e-01	5.638058e-01	6.181614e-01
21343	6.681532e-01	1.349289e-01	4.350650e-02	5.438312e-02	2.848799e-01	2.555261e-01	2.703590e-01	5.995060e-01
28508	7.628849e-01	1.405320e-01	3.584690e-02	4.480862e-02	2.347249e-01	1.881163e-01	9.572031e-01	3.248551e-01
14487	1.706927e-01	2.640526e-01	5.258815e-02	6.573519e-02	3.443464e-01	2.094751e-01	6.423678e-01	4.309597e-01
22468	5.142938e-01	2.646255e-01	2.594334e-02	3.242917e-02	1.698766e-01	1.450849e-01	5.754951e-01	3.888091e-01
6220	7.090818e-01	8.907203e-01	2.571939e-02	3.214924e-02	1.684102e-01	1.269017e-01	3.636112e-01	6.438955e-01
16174	7.582801e-02	9.310164e-01	4.783665e-02	5.979581e-02	3.132336e-01	1.922615e-01	9.308830e-01	1.814075e-01
14223	8.148034e-01	6.008109e-01	2.101105e-02	2.626381e-02	1.375800e-01	1.194684e-01	4.047640e-01	1.419623e-01
14300	8.972101e-01	8.080850e-01	2.336757e-02	2.920947e-02	1.530105e-01	1.352192e-01	9.736764e-02	8.838901e-01
24901	9.390223e-01	6.147946e-01	3.361534e-02	4.201917e-02	2.201127e-01	1.196344e-01	9.297277e-01	5.180373e-01
17369	5.751686e-01	7.458297e-01	5.893629e-02	7.367037e-02	3.859139e-01	3.799723e-01	4.369337e-01	9.486106e-01
29485	3.222988e-01	4.114164e-01	3.421209e-02	4.276511e-02	2.240202e-01	6.018473e-02	6.603827e-01	6.117857e-01
27000	1.384461e-01	4.983868e-01	2.536790e-02	3.170988e-02	1.661086e-01	1.646837e-01	8.734839e-01	8.796651e-01
27725	8.385306e-01	3.029338e-01	5.065351e-02	6.331689e-02	3.316784e-01	3.161098e-01	1.323436e-01	5.492165e-01
19823	8.848679e-01	1.688842e-01	2.181379e-02	2.726724e-02	1.428364e-01	3.824505e-02	8.559802e-01	7.657778e-01
26063	4.113599e-01	3.848253e-01	3.013300e-02	3.766625e-02	1.973104e-01	1.961958e-01	3.009227e-01	7.551839e-01
12748	8.037582e-01	3.676621e-01	2.759791e-02	3.449739e-02	1.807107e-01	9.277224e-02	8.875983e-01	7.284733e-01
26034	9.165199e-01	1.374832e-01	3.627997e-02	4.534997e-02	2.375607e-01	2.289574e-01	6.035511e-02	1.911630e-01
5995	5.192916e-01	8.799285e-01	2.951524e-02	3.689405e-02	1.932653e-01	1.510105e-01	5.641773e-01	3.056614e-01
29536	1.287777e-01	2.164997e-01	3.208779e-02	4.010974e-02	2.101104e-01	2.099546e-01	1.526290e-01	7.560596e-01
8310	3.329443e-01	5.340482e-01	2.630100e-02	3.287625e-02	1.722185e-01	1.628418e-01	7.608782e-02	1.087736e-01
107	3.238092e-01	1.752126e-01	3.825888e-02	4.782360e-02	2.505186e-01	1.515564e-01	9.693710e-01	9.860162e-01
10586	3.805549e-01	5.027380e-01	2.358877e-02	2.948596e-02	1.544589e-01	1.506002e-01	3.453913e-01	6.015404e-01
7705	6.342429e-01	6.490473e-01	3.480564e-02	4.350706e-02	2.279068e-01	2.278851e-01	2.804587e-02	1.403147e-01
5076	6.348142e-01	5.119007e-01	7.664959e-02	9.581199e-02	5.019003e-01	2.650168e-01	3.406526e-02	8.172766e-01
9657	7.296463e-01	1.814100e-01	3.943785e-02	4.929731e-02	2.582384e-01	2.142280e-01	8.626114e-01	2.458280e-01
10107	4.372758e-01	8.775504e-01	2.890780e-02	3.613475e-02	1.892878e-01	1.889231e-01	1.103733e-01	5.945595e-01
575	4.244089e-01	2.023980e-01	2.376292e-02	2.970366e-02	1.555993e-01	1.417458e-01	1.637281e-01	1.956240e-01
3961	7.014167e-01	8.244907e-01	2.692336e-02	3.365420e-02	1.762938e-01	1.642601e-01	1.896401e-01	7.037686e-01
12047	7.099764e-01	6.411701e-01	3.554245e-02	4.442806e-02	2.327314e-01	1.402309e-01	3.480249e-01	8.586548e-02
1351	9.127716e-01	5.342648e-01	3.450809e-02	4.313511e-02	2.259584e-01	9.223492e-02	2.822998e-01	2.448951e-01
27372	1.870382e-01	4.218659e-02	2.459933e-02	3.074917e-02	1.610761e-01	1.532913e-01	7.353779e-01	3.484180e-01
1821	3.000447e-01	9.608578e-01	2.835360e-02	3.544199e-02	1.856589e-01	1.551470e-01	5.200936e-01	1.579042e-02
23659	7.094939e-01	4.274416e-01	5.828050e-02	7.285063e-02	3.816198e-01	2.725536e-01	6.827718e-01	2.885784e-01
21520	2.315150e-01	4.133449e-01	2.699479e-02	3.374348e-02	1.767614e-01	1.400281e-01	1.114307e-01	4.675598e-01
29753	8.473903e-01	6.570393e-01	3.184732e-02	3.980915e-02	2.085358e-01	1.950394e-01	1.947348e-01	8.163058e-01
14899	7.660159e-01	8.570435e-01	2.325032e-02	2.906290e-02	1.522428e-01	1.261916e-01	3.802812e-01	8.884030e-01
22379	8.311641e-01	9.203453e-01	2.162003e-02	2.702503e-02	1.415676e-01	1.408316e-01	8.433248e-01	5.468149e-01
8193	1.043153e-01	7.387318e-01	3.125477e-02	3.906847e-02	2.046558e-01	8.880373e-02	3.344985e-01	2.917371e-01
3560	9.057744e-01	9.345236e-01	4.016417e-02	5.020521e-02	2.629943e-01	2.239379e-01	4.957992e-01	1.199671e-01
21238	4.755798e-01	6.339946e-01	2.267983e-02	2.834979e-02	1.485072e-01	5.105437e-02	5.631971e-01	6.496285e-01
9948	4.276083e-01	1.069645e-01	4.529180e-02	5.661475e-02	2.965700e-01	2.666114e-01	3.441619e-01	4.374850e-02
4317	6.842023e-01	5.874167e-02	2.322900e-02	2.903625e-02	1.521031e-01	7.881701e-02	4.714147e-01	8.808003e-01
