15089	3.138656e-01	7.091152e-01	2.464538e-02	3.080673e-02	1.613776e-01	1.407975e-01	1.412131e-01	1.688747e-02
25016	5.862344e-01	8.349739e-01	3.065050e-02	3.831313e-02	2.006990e-01	1.976043e-01	8.843631e-01	1.043123e-01
10033	9.642164e-01	4.077402e-01	2.080574e-02	2.600718e-02	1.362357e-01	1.291670e-01	3.218066e-01	3.220902e-01
31535	2.373742e-01	1.603004e-01	3.102426e-02	3.878032e-02	2.031464e-01	1.092476e-01	6.841380e-02	2.241471e-02
28646	5.137049e-01	7.003959e-01	3.571833e-02	4.464791e-02	2.338831e-01	1.318612e-01	6.342751e-01	8.040254e-01
4599	9.725671e-02	8.388075e-01	4.471557e-02	5.589446e-02	2.927969e-01	2.067134e-01	2.650939e-01	8.796660e-01
18480	4.230744e-01	6.607791e-01	2.137877e-02	2.672347e-02	1.399879e-01	6.926169e-02	8.048797e-01	9.233242e-01
4767	6.365009e-01	4.110998e-01	2.337405e-02	2.921756e-02	1.530529e-01	1.220578e-01	8.171851e-02	9.952330e-01
32523	2.209347e-01	6.570675e-01	5.593145e-02	6.991432e-02	3.662383e-01	3.660164e-01	5.392326e-01	2.579930e-01
14293	8.138771e-01	3.343401e-01	2.470067e-02	3.087584e-02	1.617396e-01	8.288938e-02	6.400958e-01	1.773177e-01
5843	3.915209e-01	1.616316e-01	3.086030e-02	3.857538e-02	2.020728e-01	1.861458e-01	5.772664e-01	3.912748e-01
10441	5.656560e-01	2.006562e-01	7.830289e-02	9.787862e-02	5.127261e-01	4.980695e-01	5.836198e-01	2.351449e-01
13849	6.295339e-01	4.997068e-01	2.781629e-02	3.477037e-02	1.821407e-01	7.548884e-02	3.988712e-01	3.849608e-01
14954	7.092476e-01	3.898954e-01	2.358133e-02	2.947666e-02	1.544102e-01	1.539770e-01	9.609829e-01	3.271761e-01
32118	7.690533e-01	3.219785e-01	2.763053e-02	3.453816e-02	1.809242e-01	1.591506e-01	5.345293e-01	6.248462e-01
27515	9.666546e-01	2.606118e-01	2.256047e-02	2.820059e-02	1.477256e-01	1.451174e-01	4.515824e-01	2.353331e-01
20495	8.236809e-02	3.921611e-01	3.565694e-02	4.457118e-02	2.334811e-01	2.293150e-01	5.164249e-02	9.751851e-01
29961	7.956690e-01	4.127323e-01	2.544266e-02	3.180332e-02	1.665981e-01	8.469896e-02	7.854871e-02	2.241883e-01
17335	9.165630e-01	1.055417e-01	6.229550e-02	7.786938e-02	4.079100e-01	2.649369e-01	9.618972e-01	7.431472e-01
30313	4.251311e-01	3.653314e-01	2.429222e-02	3.036527e-02	1.590651e-01	1.586999e-01	4.271670e-01	9.031607e-01
6682	7.823310e-01	7.489822e-01	2.567014e-02	3.208767e-02	1.680877e-01	1.117847e-01	4.375294e-01	3.799963e-01
1799	7.109140e-01	1.260837e-01	2.704661e-02	3.380826e-02	1.771008e-01	1.768040e-01	5.374487e-01	4.171514e-01
24607	1.989114e-01	5.650214e-01	3.280594e-02	4.100743e-02	2.148128e-01	1.883335e-01	1.410484e-01	2.601926e-01
28113	6.568232e-01	7.813534e-01	2.648149e-02	3.310186e-02	1.734004e-01	6.845931e-02	6.720789e-01	2.061258e-01
2808	2.438103e-01	3.778140e-01	2.119395e-02	2.649244e-02	1.387777e-01	8.435458e-02	9.423797e-01	5.494807e-02
18814	8.674282e-01	9.256264e-01	5.769227e-02	7.211534e-02	3.777681e-01	2.302896e-01	5.469793e-01	1.663459e-01
7687	2.676020e-01	2.509545e-01	7.855948e-02	9.819935e-02	5.144063e-01	3.771851e-01	6.018817e-01	5.817993e-01
12405	2.232171e-01	4.553350e-01	3.626462e-02	4.533077e-02	2.374602e-01	2.281978e-01	8.200829e-01	6.243340e-01
30343	8.017588e-02	1.881020e-01	3.584417e-02	4.480522e-02	2.347071e-01	2.335481e-01	5.015373e-01	1.030481e-01
27605	5.162838e-01	9.605012e-01	2.996118e-02	3.745147e-02	1.961853e-01	1.888547e-01	7.623827e-01	1.048185e-01
29888	4.703075e-01	9.572095e-01	3.618911e-02	4.523639e-02	2.369658e-01	1.237778e-01	9.846841e-01	7.872292e-01
31230	4.944106e-01	2.965842e-01	2.385884e-02	2.982355e-02	1.562273e-01	1.555867e-01	9.046540e-01	4.376274e-01
5018	4.191445e-01	5.968632e-01	4.297703e-02	5.372129e-02	2.814129e-01	2.805458e-01	2.042307e-01	8.121810e-01
25030	6.657905e-01	1.861312e-01	7.809591e-02	9.761989e-02	5.113708e-01	1.446943e-01	8.225590e-01	3.679639e-01
28669	3.487464e-01	6.694546e-01	3.145976e-02	3.932470e-02	2.059980e-01	1.962135e-01	4.698964e-01	1.103608e-01
12821	6.012433e-01	6.127757e-01	5.728526e-02	7.160657e-02	3.751030e-01	1.235411e-01	4.310040e-01	9.720229e-01
26642	3.821762e-01	4.360336e-01	2.606339e-02	3.257924e-02	1.706627e-01	1.677314e-01	9.517299e-01	9.913358e-01
954	3.776068e-01	8.191355e-01	3.565231e-02	4.456539e-02	2.334508e-01	1.527906e-01	9.240635e-01	8.573900e-01
29601	3.066385e-01	7.786431e-01	4.566282e-02	5.707853e-02	2.989995e-01	1.091356e-01	6.392799e-01	3.146289e-01
26595	8.147569e-01	8.236901e-01	2.330608e-02	2.913260e-02	1.526079e-01	1.461157e-01	2.580918e-01	6.112184e-01
1130	9.119429e-01	8.302486e-01	7.008123e-02	8.760154e-02	4.588908e-01	3.719421e-01	6.958482e-01	1.198955e-01
16233	3.546345e-01	3.417124e-01	2.107209e-02	2.634011e-02	1.379797e-01	1.377983e-01	6.388763e-02	7.042536e-01
16452	6.673547e-01	4.361183e-01	2.778334e-02	3.472918e-02	1.819249e-01	1.241171e-01	5.449503e-01	3.372888e-01
21865	2.685272e-01	9.427637e-01	3.869123e-02	4.836404e-02	2.533496e-01	1.988342e-01	2.357502e-01	8.754471e-01
9138	6.742498e-01	8.247098e-01	2.068915e-02	2.586144e-02	1.354722e-01	8.951119e-02	3.335674e-01	4.542964e-02
29136	7.759360e-01	9.069543e-01	4.127610e-02	5.159512e-02	2.702753e-01	2.550023e-01	3.331217e-01	9.993007e-01
7321	5.287008e-01	8.365703e-01	6.431596e-02	8.039495e-02	4.211399e-01	3.903031e-01	9.848051e-01	4.448373e-01
24044	7.717206e-01	4.582263e-01	3.488178e-02	4.360223e-02	2.284054e-01	2.223646e-01	6.082246e-01	6.327181e-01
2087	4.669469e-01	7.471030e-01	4.295979e-02	5.369973e-02	2.813000e-01	1.114931e-01	9.389086e-01	1.682310e-01
14237	5.552227e-01	6.973193e-01	3.916952e-02	4.896190e-02	2.564814e-01	2.442842e-01	8.109910e-01	8.556985e-01
7661	3.202736e-01	2.583941e-01	5.993954e-02	7.492443e-02	3.924832e-01	1.029051e-01	5.504313e-01	2.426628e-01
32656	2.167497e-01	1.157225e-01	5.050345e-02	6.312932e-02	3.306958e-01	3.038614e-01	4.480035e-01	8.391386e-01
32519	8.807121e-01	4.274121e-01	2.473076e-02	3.091346e-02	1.619367e-01	1.592275e-01	4.782768e-02	3.979130e-01
4709	4.798962e-01	1.662090e-01	2.780678e-02	3.475848e-02	1.820784e-01	1.795795e-01	4.904221e-02	9.175067e-01
11585	5.934300e-02	7.439660e-01	3.765218e-02	4.706523e-02	2.465459e-01	7.043329e-02	6.056705e-01	5.620083e-02
12938	8.841728e-01	6.185793e-01	7.045617e-02	8.807021e-02	4.613459e-01	2.975890e-01	4.506299e-01	3.110792e-01
27546	7.389249e-01	7.760923e-01	3.240439e-02	4.050549e-02	2.121834e-01	1.115747e-01	2.786183e-01	3.851058e-01
20851	6.241388e-01	9.209607e-01	5.677698e-02	7.097123e-02	3.717748e-01	3.687986e-01	2.161239e-01	6.252081e-01
9660	3.352094e-01	5.774414e-01	2.334133e-02	2.917666e-02	1.528387e-01	1.276045e-01	5.983946e-02	2.765648e-01
29520	3.012690e-01	4.922489e-01	2.774794e-02	3.468492e-02	1.816931e-01	1.394948e-01	3.646022e-01	1.542257e-02
9390	1.701065e-01	9.208665e-01	2.193705e-02	2.742131e-02	1.436435e-01	1.347507e-01	2.489522e-01	1.600711e-01
13089	6.586493e-01	4.815768e-01	2.893634e-02	3.617043e-02	1.894747e-01	7.678827e-02	2.341724e-01	9.561288e-01
19971	5.099863e-02	2.370332e-01	3.151671e-02	3.939589e-02	2.063709e-01	2.061260e-01	6.881589e-01	9.766900e-01
21425	4.783251e-01	3.869778e-01	2.399299e-02	2.999124e-02	1.571058e-01	1.463891e-01	5.232327e-02	1.112755e-01
14421	7.051128e-01	6.244992e-01	2.058842e-02	2.573552e-02	1.348126e-01	8.502408e-02	3.124176e-01	8.267478e-02
11580	3.152105e-01	9.169456e-01	3.705691e-02	4.632114e-02	2.426481e-01	1.949987e-01	4.478950e-01	8.899326e-02
6664	6.741980e-01	5.882816e-01	2.242576e-02	2.803220e-02	1.468435e-01	1.460236e-01	1.860277e-01	1.284689e-01
6221	9.051656e-01	6.831214e-01	2.967306e-02	3.709132e-02	1.942987e-01	1.504773e-01	4.767562e-01	3.473903e-02
22822	5.050494e-02	3.597488e-01	3.241516e-02	4.051895e-02	2.122540e-01	1.759346e-01	4.824646e-01	6.828127e-02
3095	1.609821e-01	9.525720e-01	2.995780e-02	3.744725e-02	1.961632e-01	1.235056e-01	9.932172e-01	2.091770e-01
21821	8.329031e-01	3.475767e-01	2.403636e-02	3.004545e-02	1.573897e-01	1.356485e-01	3.505799e-01	4.863866e-01
29229	5.059984e-01	3.814759e-01	2.610416e-02	3.263021e-02	1.709297e-01	5.227280e-02	4.116758e-01	9.334635e-01
2215	8.693644e-02	9.421630e-01	5.178276e-02	6.472845e-02	3.390727e-01	3.369894e-01	4.696971e-01	7.993878e-01
28352	1.143435e-01	5.751867e-01	3.316473e-02	4.145592e-02	2.171622e-01	2.092735e-01	5.357563e-01	1.182820e-01
31624	6.328005e-02	1.396881e-01	4.926347e-02	6.157934e-02	3.225764e-01	2.347959e-01	2.028448e-03	5.220645e-01
