17903	2.930145e-01	9.364062e-01	2.559844e-02	3.199805e-02	1.676182e-01	1.397679e-01	3.332280e-02	9.490170e-01
17122	6.420915e-01	5.058755e-01	2.220639e-02	2.775799e-02	1.454071e-01	1.399788e-01	4.611148e-02	8.056630e-01
25368	1.586778e-01	5.363640e-01	3.436817e-02	4.296022e-02	2.250423e-01	2.095294e-01	4.446197e-01	8.505122e-01
17387	9.116789e-01	5.425593e-01	2.655815e-02	3.319769e-02	1.739024e-01	1.738480e-01	6.742730e-01	3.206059e-01
14545	6.492794e-01	7.238205e-01	4.226433e-02	5.283041e-02	2.767462e-01	1.888247e-01	5.853083e-01	6.066107e-01
6009	8.316812e-01	9.966980e-02	7.075172e-02	8.843965e-02	4.632812e-01	2.138865e-01	2.907099e-01	9.916246e-01
4729	2.950020e-02	9.140231e-01	2.601659e-02	3.252074e-02	1.703562e-01	1.698565e-01	7.591721e-01	4.082031e-02
16730	7.164258e-02	9.327223e-02	5.951351e-02	7.439188e-02	3.896935e-01	1.061078e-01	8.357731e-01	1.974832e-02
28355	1.774312e-01	7.048112e-01	3.150951e-02	3.938688e-02	2.063238e-01	1.414257e-01	5.209061e-01	1.408912e-01
20609	4.612207e-01	4.659322e-01	2.639588e-02	3.299485e-02	1.728398e-01	1.495371e-01	2.405210e-01	9.337213e-01
23775	6.814104e-01	8.373664e-02	6.438823e-02	8.048529e-02	4.216131e-01	4.037263e-01	1.891345e-01	3.475796e-02
21757	1.498557e-01	7.668657e-01	2.067891e-02	2.584864e-02	1.354052e-01	1.345042e-01	3.811025e-01	7.507980e-01
1564	4.094188e-01	3.528736e-01	5.129118e-02	6.411397e-02	3.358538e-01	3.357260e-01	4.066692e-01	1.684104e-01
1141	4.645266e-01	7.266512e-01	2.440193e-02	3.050242e-02	1.597835e-01	5.215785e-02	4.536358e-01	6.891212e-01
25483	4.833904e-01	4.041751e-01	2.099652e-02	2.624564e-02	1.374849e-01	1.315727e-01	6.753786e-01	1.175556e-01
25609	5.344361e-01	5.536068e-01	3.360273e-02	4.200341e-02	2.200301e-01	1.520710e-01	1.222958e-01	1.676817e-02
11347	8.996956e-01	1.576118e-01	4.396712e-02	5.495890e-02	2.878960e-01	2.802610e-01	6.619872e-02	2.637105e-01
17799	1.130061e-01	8.550235e-02	6.708776e-02	8.385969e-02	4.392896e-01	1.407368e-01	6.205986e-01	9.414627e-03
730	9.396353e-01	4.953352e-01	4.143527e-02	5.179409e-02	2.713175e-01	1.538331e-01	3.251435e-01	6.541284e-01
22912	5.173995e-01	7.750556e-01	3.851780e-02	4.814725e-02	2.522139e-01	2.355590e-01	5.037957e-01	5.272286e-01
8354	2.744939e-01	7.851967e-01	4.028350e-02	5.035437e-02	2.637757e-01	2.191202e-01	3.631205e-01	1.433308e-01
10494	1.279357e-01	2.297978e-01	2.223057e-02	2.778821e-02	1.455654e-01	5.769075e-02	9.194917e-01	6.759965e-01
29088	5.254431e-01	7.176455e-01	2.354075e-02	2.942594e-02	1.541445e-01	1.009819e-01	6.106464e-01	5.000870e-01
22594	5.785835e-01	3.628827e-01	4.389171e-02	5.486464e-02	2.874022e-01	2.644015e-01	1.845035e-01	5.428997e-01
31480	9.627430e-01	2.523077e-01	2.111242e-02	2.639052e-02	1.382438e-01	1.377179e-01	7.494853e-01	1.557531e-03
19302	3.569958e-01	4.369625e-01	5.014750e-02	6.268438e-02	3.283651e-01	3.264255e-01	5.562245e-01	2.186789e-01
28833	4.857399e-01	2.105932e-01	4.047004e-02	5.058755e-02	2.649972e-01	2.596585e-01	1.482424e-01	4.926548e-01
25477	3.076892e-01	2.250181e-01	2.599769e-02	3.249711e-02	1.702325e-01	9.362049e-02	6.781928e-03	1.779067e-01
31250	3.089324e-01	5.100355e-01	6.291571e-02	7.864464e-02	4.119711e-01	2.338139e-01	1.858975e-01	9.794183e-01
25518	7.145468e-01	4.320268e-01	4.814890e-02	6.018613e-02	3.152783e-01	3.083005e-01	7.619021e-02	3.140737e-01
19775	3.274100e-01	5.878892e-01	4.194389e-02	5.242986e-02	2.746479e-01	2.533054e-01	1.911098e-01	6.098308e-01
32374	8.817468e-01	7.291629e-01	2.251128e-02	2.813910e-02	1.474035e-01	1.220559e-01	2.100433e-02	5.413360e-01
22461	7.236825e-01	8.767342e-01	3.987807e-02	4.984758e-02	2.611210e-01	2.460964e-01	2.796362e-02	5.183901e-01
26773	4.246461e-01	2.412915e-01	3.403374e-02	4.254217e-02	2.228524e-01	2.227965e-01	2.612058e-01	2.923628e-01
8981	6.511966e-01	8.110429e-01	4.330392e-02	5.412990e-02	2.835534e-01	2.810702e-01	7.735472e-01	2.352824e-01
12771	7.738856e-01	7.911480e-01	3.123784e-02	3.904729e-02	2.045449e-01	1.405547e-01	1.883669e-01	8.495095e-01
9351	3.058628e-01	2.878541e-01	2.576071e-02	3.220089e-02	1.686807e-01	1.686344e-01	9.784377e-01	3.395481e-02
6025	3.959966e-01	1.291434e-01	4.254326e-02	5.317907e-02	2.785726e-01	2.656350e-01	7.985568e-01	4.207573e-01
23091	1.185673e-01	5.743815e-01	3.175426e-02	3.969283e-02	2.079264e-01	1.911754e-01	1.118819e-01	5.247969e-01
22540	9.332371e-01	1.119109e-01	2.759039e-02	3.448799e-02	1.806615e-01	1.112657e-01	2.636386e-01	9.359867e-01
11663	5.864705e-01	7.670566e-01	3.712591e-02	4.640739e-02	2.430999e-01	2.405843e-01	5.293489e-01	3.877563e-01
23499	1.163109e-01	8.364321e-01	2.135906e-02	2.669883e-02	1.398588e-01	1.351775e-01	9.074612e-01	2.130521e-01
23316	4.966161e-01	2.912056e-01	2.097417e-02	2.621771e-02	1.373385e-01	1.312749e-01	5.412525e-01	8.507185e-01
18974	2.307173e-01	1.203432e-01	4.384109e-02	5.480137e-02	2.870708e-01	2.776878e-01	1.036819e-01	3.817057e-01
8403	6.902613e-02	3.237054e-01	3.172966e-02	3.966208e-02	2.077653e-01	1.530292e-01	7.339322e-01	5.707902e-01
26746	7.986365e-02	1.615947e-01	2.764722e-02	3.455903e-02	1.810336e-01	1.807047e-01	5.998846e-01	9.752724e-01
24883	6.543651e-01	1.772628e-01	4.940751e-02	6.175939e-02	3.235196e-01	3.032489e-01	5.113917e-01	6.888104e-01
31838	1.283035e-01	1.892259e-01	4.041667e-02	5.052083e-02	2.646477e-01	2.642317e-01	1.580467e-02	7.186668e-01
4922	4.271028e-01	6.791858e-02	5.521934e-02	6.902417e-02	3.615753e-01	1.754005e-01	9.088227e-01	8.923428e-01
8437	1.964491e-01	4.577571e-01	4.269487e-02	5.336859e-02	2.795654e-01	2.273112e-01	8.380908e-01	5.623310e-01
16372	8.077618e-01	1.617864e-01	5.361078e-02	6.701348e-02	3.510426e-01	2.658816e-01	6.567857e-01	8.338205e-01
2871	2.914286e-01	7.451310e-01	2.364203e-02	2.955253e-02	1.548076e-01	1.390621e-01	1.111799e-01	7.589004e-01
13913	1.952966e-01	1.888059e-01	2.772215e-02	3.465268e-02	1.815242e-01	1.528998e-01	3.437146e-02	9.291733e-01
14249	1.398054e-01	6.230813e-01	2.188437e-02	2.735547e-02	1.432985e-01	9.752311e-02	6.762230e-01	9.328600e-01
13326	5.317781e-02	3.642133e-01	2.224018e-02	2.780023e-02	1.456284e-01	1.264895e-01	9.887919e-01	7.786129e-02
16302	3.550179e-01	9.504730e-02	3.226453e-02	4.033066e-02	2.112676e-01	1.763416e-01	9.335121e-01	6.653749e-01
24737	2.157230e-01	2.434911e-01	3.005471e-02	3.756839e-02	1.967978e-01	1.490004e-01	5.868241e-01	2.381061e-01
895	7.011764e-01	7.286418e-01	2.425752e-02	3.032190e-02	1.588379e-01	6.008033e-02	8.548240e-01	5.065439e-01
215	3.305658e-01	6.407383e-01	3.314439e-02	4.143049e-02	2.170290e-01	1.816758e-01	5.184084e-02	3.536512e-01
18211	2.020156e-01	5.297273e-01	2.404794e-02	3.005993e-02	1.574656e-01	1.125393e-01	1.507802e-01	1.453377e-01
25729	2.630666e-01	3.838132e-01	5.356176e-02	6.695220e-02	3.507216e-01	1.371467e-01	9.945587e-01	9.753682e-02
12033	4.312955e-01	9.045220e-01	2.880555e-02	3.600694e-02	1.886183e-01	1.372108e-01	8.212454e-01	1.186496e-01
12947	9.404172e-01	4.026273e-01	2.894936e-02	3.618670e-02	1.895600e-01	7.666194e-02	3.602073e-01	3.266394e-01
23182	4.566995e-01	9.346962e-01	2.883273e-02	3.604092e-02	1.887963e-01	1.328862e-01	9.399952e-01	3.247030e-01
14862	4.796313e-01	4.456589e-01	2.084462e-02	2.605577e-02	1.364902e-01	1.320639e-01	1.781502e-01	9.970056e-01
11995	1.398922e-01	3.660352e-01	3.143775e-02	3.929719e-02	2.058539e-01	1.698358e-01	3.369853e-01	7.057147e-01
12419	7.318627e-01	3.701404e-01	3.252737e-02	4.065921e-02	2.129887e-01	1.088897e-01	5.402001e-01	9.152555e-01
6704	8.582461e-01	9.143938e-01	3.150746e-02	3.938433e-02	2.063104e-01	1.484181e-01	8.981787e-01	8.317732e-01
7955	4.402039e-01	7.451387e-01	3.168481e-02	3.960602e-02	2.074717e-01	1.165064e-01	1.566334e-01	6.441479e-01
16487	9.047708e-01	6.118373e-01	4.772878e-02	5.966097e-02	3.125273e-01	2.781808e-01	6.865958e-01	3.212493e-01
17000	9.652684e-01	5.427743e-01	3.420870e-02	4.276087e-02	2.239980e-01	1.656305e-01	8.894768e-01	5.363033e-01
28335	5.507321e-01	7.828526e-01	2.491443e-02	3.114304e-02	1.631393e-01	5.007916e-02	1.159591e-01	7.740311e-01
12644	5.393563e-01	6.796031e-01	2.086001e-02	2.607501e-02	1.365910e-01	1.355803e-01	1.554073e-01	7.646927e-01
1547	4.587115e-01	2.847359e-01	3.570399e-02	4.462998e-02	2.337892e-01	1.642576e-01	1.036509e-01	7.368617e-01
27833	5.357428e-01	3.475874e-01	2.757508e-02	3.446884e-02	1.805612e-01	1.805323e-01	7.880176e-01	6.831740e-01
1345	1.060870e-01	3.489813e-01	2.561380e-02	3.201725e-02	1.677188e-01	1.416546e-01	4.758604e-01	6.596726e-01
22642	7.990255e-01	2.558568e-01	2.359042e-02	2.948802e-02	1.544697e-01	1.407951e-01	9.507315e-01	6.266012e-01
8307	2.645340e-01	6.280359e-01	3.048515e-02	3.810644e-02	1.996163e-01	1.951938e-01	7.533150e-01	9.991780e-01
28272	3.115216e-01	8.107747e-01	2.420232e-02	3.025290e-02	1.584764e-01	1.584585e-01	5.886713e-02	4.626175e-01
1178	6.800828e-01	9.531970e-01	3.080619e-02	3.850774e-02	2.017185e-01	1.403436e-01	9.523566e-01	9.095521e-01
11158	9.343760e-01	7.145989e-01	4.979610e-02	6.224513e-02	3.260641e-01	9.056418e-02	9.738065e-01	1.344596e-01
