20534	5.290807e-01	2.684972e-01	3.109424e-02	3.886780e-02	2.036046e-01	1.205813e-01	3.504976e-01	1.623719e-01
22578	5.556576e-01	7.330414e-02	3.791861e-02	4.739826e-02	2.482905e-01	1.347347e-01	9.715388e-04	3.796377e-02
7911	4.757133e-01	7.025504e-01	2.381250e-02	2.976563e-02	1.559239e-01	1.556798e-01	1.873702e-01	9.637964e-02
17212	3.189831e-01	7.070092e-01	3.391345e-02	4.239181e-02	2.220647e-01	2.123920e-01	7.033843e-01	8.990199e-01
14185	3.804005e-01	3.025290e-01	2.931841e-02	3.664801e-02	1.919765e-01	1.115605e-01	6.007486e-02	6.875831e-01
6281	3.870017e-01	8.570252e-01	2.166342e-02	2.707928e-02	1.418518e-01	1.357137e-01	6.687317e-01	4.111873e-01
3753	4.284243e-01	6.944333e-01	3.238168e-02	4.047710e-02	2.120347e-01	2.025405e-01	7.628558e-01	7.399780e-01
20851	6.525331e-01	5.057156e-01	4.797603e-02	5.997004e-02	3.141463e-01	8.488847e-02	6.047848e-01	4.731603e-01
17944	6.569670e-01	5.924915e-01	7.076514e-02	8.845642e-02	4.633690e-01	4.294288e-01	8.266087e-01	9.303425e-01
21234	5.224391e-01	1.189407e-01	2.391543e-02	2.989428e-02	1.565978e-01	1.553101e-01	7.827460e-01	2.165896e-01
30746	6.450327e-01	9.152540e-01	2.271253e-02	2.839066e-02	1.487213e-01	1.487207e-01	8.763090e-01	8.403931e-01
6241	7.532626e-01	2.965958e-01	3.537934e-02	4.422417e-02	2.316634e-01	1.758505e-01	6.581438e-01	3.332049e-03
9658	1.162754e-01	3.893829e-01	4.501918e-02	5.627398e-02	2.947849e-01	1.486238e-01	7.058024e-01	9.884531e-01
4484	6.886454e-01	8.578062e-01	3.052077e-02	3.815096e-02	1.998495e-01	1.998064e-01	7.714551e-01	1.723927e-01
7366	5.862836e-01	8.648604e-01	2.455204e-02	3.069005e-02	1.607664e-01	1.294919e-01	8.954340e-01	2.670479e-01
4725	8.430761e-01	9.087637e-01	3.624070e-02	4.530087e-02	2.373035e-01	2.081735e-01	8.020034e-01	4.215472e-01
18543	7.296571e-02	1.299386e-01	5.302713e-02	6.628391e-02	3.472208e-01	1.420995e-01	7.032925e-02	7.712389e-01
6367	1.429820e-01	7.429402e-01	7.314786e-02	9.143483e-02	4.789711e-01	2.738618e-01	4.338850e-01	5.238768e-01
29456	3.201043e-01	9.062039e-01	6.710440e-02	8.388050e-02	4.393985e-01	1.676000e-01	2.637077e-01	4.026019e-02
11847	7.740749e-01	5.355912e-02	3.904141e-02	4.880177e-02	2.556426e-01	1.381445e-01	4.486037e-02	5.507557e-01
588	4.148734e-01	7.395546e-01	2.798589e-02	3.498237e-02	1.832512e-01	1.524915e-01	9.453276e-02	2.837737e-01
27404	1.643203e-01	5.265058e-01	2.321297e-02	2.901621e-02	1.519982e-01	9.857706e-02	2.992840e-01	6.415728e-01
17675	2.249315e-01	8.105740e-01	4.559549e-02	5.699437e-02	2.985586e-01	2.444622e-01	2.000392e-01	3.338399e-01
18178	2.904884e-01	4.449795e-01	6.957563e-02	8.696953e-02	4.555801e-01	3.721443e-01	5.378087e-01	8.697833e-01
20001	8.745246e-01	7.991013e-01	7.251874e-02	9.064843e-02	4.748516e-01	4.330876e-01	2.152278e-01	9.036807e-02
23896	1.741079e-01	5.903706e-01	2.908894e-02	3.636117e-02	1.904739e-01	1.225462e-01	7.659180e-01	8.515437e-02
4495	2.637779e-01	6.908099e-01	4.920484e-02	6.150605e-02	3.221925e-01	3.181201e-01	6.657430e-01	7.129595e-01
27802	5.201617e-01	9.295569e-01	2.123308e-02	2.654135e-02	1.390339e-01	6.312103e-02	4.962627e-01	6.268912e-01
15936	5.365512e-02	2.425075e-01	2.137183e-02	2.671479e-02	1.399424e-01	7.192866e-02	4.862374e-01	9.629671e-01
25596	2.203631e-01	1.742318e-01	6.271334e-02	7.839167e-02	4.106460e-01	4.091304e-01	9.545723e-01	1.381011e-01
27504	3.947653e-01	8.004179e-01	4.327768e-02	5.409710e-02	2.833816e-01	2.109103e-01	9.626183e-02	2.965126e-01
6403	3.625182e-01	5.401503e-01	3.104023e-02	3.880028e-02	2.032509e-01	1.910656e-01	5.412196e-01	5.001741e-01
19891	7.341554e-01	3.402231e-01	2.828203e-02	3.535254e-02	1.851903e-01	1.569979e-01	8.099390e-02	6.123621e-01
951	9.661781e-01	6.293209e-01	2.855043e-02	3.568804e-02	1.869478e-01	1.855574e-01	6.797554e-01	8.417286e-01
31718	7.094881e-01	2.972984e-01	2.998833e-02	3.748541e-02	1.963631e-01	1.624571e-01	2.647694e-01	5.475543e-02
21392	4.140201e-01	9.673810e-01	2.702627e-02	3.378284e-02	1.769676e-01	1.141924e-01	7.564144e-01	2.601685e-01
6894	8.103639e-01	8.706088e-01	2.497251e-02	3.121564e-02	1.635196e-01	1.407391e-01	5.384579e-01	7.416556e-01
23246	7.835062e-02	8.722488e-01	2.764260e-02	3.455325e-02	1.810033e-01	1.704379e-01	8.925486e-01	9.505659e-01
5086	7.902717e-01	2.567762e-01	3.931727e-02	4.914659e-02	2.574489e-01	2.233390e-01	8.254188e-01	5.487361e-01
17516	5.528701e-01	6.510372e-01	3.813618e-02	4.767023e-02	2.497151e-01	7.592591e-02	9.092125e-01	8.416354e-01
2734	4.490008e-01	8.310302e-01	3.023086e-02	3.778857e-02	1.979512e-01	9.003622e-02	9.633829e-01	3.265049e-01
7598	9.382128e-01	2.265257e-01	2.063570e-02	2.579463e-02	1.351223e-01	5.641662e-02	2.983623e-01	9.935867e-01
7891	5.576721e-01	5.446074e-01	2.866411e-02	3.583013e-02	1.876921e-01	1.685068e-01	1.260566e-01	1.778052e-02
20043	8.769790e-01	1.389781e-01	3.377264e-02	4.221580e-02	2.211427e-01	9.077110e-02	8.600331e-01	6.012432e-01
30604	9.072334e-01	6.084962e-01	3.241076e-02	4.051345e-02	2.122251e-01	1.469504e-01	5.960801e-01	9.463200e-01
26750	2.672103e-01	5.849825e-01	2.492335e-02	3.115419e-02	1.631977e-01	5.035051e-02	2.716100e-01	3.513626e-02
15288	5.482393e-01	3.061353e-01	3.473582e-02	4.341977e-02	2.274496e-01	1.619694e-01	4.334127e-01	2.148969e-01
4069	2.910351e-01	6.345770e-01	3.049428e-02	3.811785e-02	1.996761e-01	1.298158e-01	8.474087e-01	8.822375e-02
21913	9.188654e-01	2.528544e-01	2.925558e-02	3.656947e-02	1.915651e-01	9.502333e-02	6.249202e-01	1.364042e-01
1359	8.186941e-01	6.209060e-01	4.576568e-02	5.720710e-02	2.996730e-01	2.507774e-01	9.839903e-01	5.618587e-01
24907	5.444365e-01	6.941588e-01	3.488443e-02	4.360554e-02	2.284227e-01	8.873879e-02	3.325616e-02	6.785597e-01
31119	2.854966e-01	8.100064e-01	2.746124e-02	3.432655e-02	1.798158e-01	1.639900e-01	5.494064e-01	1.985560e-01
32641	1.900183e-01	4.924575e-01	4.577917e-02	5.722396e-02	2.997613e-01	1.038811e-01	3.467631e-01	1.691813e-01
24620	5.671258e-01	8.278451e-01	2.252907e-02	2.816134e-02	1.475200e-01	1.442515e-01	5.404503e-01	7.222148e-01
13398	2.075266e-01	6.526341e-02	2.346743e-02	2.933429e-02	1.536644e-01	9.312748e-02	1.256910e-01	4.033420e-01
6670	8.746450e-01	3.064510e-01	2.211561e-02	2.764452e-02	1.448127e-01	8.292524e-02	3.574120e-01	8.489386e-01
4706	2.324514e-01	3.785423e-01	2.465595e-02	3.081994e-02	1.614468e-01	1.593027e-01	9.993214e-01	3.417232e-01
17918	3.605005e-01	2.179960e-01	7.588171e-02	9.485214e-02	4.968723e-01	3.706479e-01	9.090981e-01	9.953121e-02
1717	6.777540e-02	9.342684e-01	5.033563e-02	6.291954e-02	3.295969e-01	2.615314e-01	2.205164e-01	3.183384e-01
9872	8.981586e-02	7.655890e-01	3.605464e-02	4.506830e-02	2.360852e-01	2.317472e-01	9.787937e-01	4.031989e-03
17747	2.826458e-01	9.364144e-01	2.863552e-02	3.579440e-02	1.875050e-01	1.520356e-01	4.109467e-01	7.291664e-01
20926	8.744806e-01	6.875492e-01	7.234048e-02	9.042560e-02	4.736843e-01	3.442817e-01	4.424414e-01	2.313376e-01
15316	8.763691e-01	2.507754e-01	6.017210e-02	7.521512e-02	3.940060e-01	2.148629e-01	5.644253e-01	6.094534e-01
31813	7.423301e-01	8.146365e-01	3.488384e-02	4.360480e-02	2.284188e-01	1.387439e-01	1.274608e-01	2.553831e-01
11369	4.187878e-01	2.145767e-01	2.347693e-02	2.934616e-02	1.537265e-01	1.373318e-01	3.692450e-01	7.572589e-01
3370	6.101430e-01	5.453595e-01	2.544804e-02	3.181005e-02	1.666334e-01	9.522300e-02	5.555129e-01	4.293907e-01
20612	5.117942e-01	4.607385e-02	2.312126e-02	2.890157e-02	1.513976e-01	8.309295e-02	7.331465e-01	4.179182e-01
26251	8.299146e-01	7.001865e-01	2.238760e-02	2.798450e-02	1.465937e-01	1.465301e-01	3.132273e-01	8.963066e-01
26481	9.352228e-01	1.405204e-01	2.111768e-02	2.639710e-02	1.382782e-01	8.534304e-02	7.291041e-02	1.994798e-01
2565	6.387145e-01	8.104064e-01	4.355556e-02	5.444445e-02	2.852011e-01	1.866640e-01	5.777469e-02	6.004575e-01
17785	7.723677e-01	3.423107e-01	4.984015e-02	6.230019e-02	3.263526e-01	1.549440e-01	7.565019e-01	4.131892e-01
8017	6.057074e-01	7.265940e-01	2.964755e-02	3.705944e-02	1.941317e-01	1.128179e-01	9.463716e-02	5.729359e-01
17258	1.689672e-01	1.538537e-01	2.327645e-02	2.909556e-02	1.524138e-01	7.987446e-02	2.171568e-01	8.410154e-01
15148	6.414694e-01	3.845276e-02	2.362377e-02	2.952972e-02	1.546881e-01	9.486013e-02	5.984358e-01	7.105695e-01
15289	1.188838e-01	2.690647e-01	2.950949e-02	3.688687e-02	1.932277e-01	1.909114e-01	7.942759e-01	3.706533e-01
6840	2.401053e-01	3.111975e-01	3.053506e-02	3.816883e-02	1.999431e-01	5.235110e-02	7.218306e-01	1.536856e-01
8325	4.783152e-01	4.876617e-01	3.645961e-02	4.557451e-02	2.387369e-01	1.106910e-01	8.518344e-01	3.038572e-01
3086	8.413794e-01	1.204039e-01	4.035547e-02	5.044433e-02	2.642470e-01	2.630582e-01	2.823701e-01	9.826611e-01
8691	6.499303e-01	8.464075e-01	2.987125e-02	3.733907e-02	1.955965e-01	8.029504e-02	6.525836e-02	4.050657e-01
9982	7.889891e-01	9.368521e-01	2.896355e-02	3.620443e-02	1.896529e-01	1.796954e-01	6.311870e-01	4.680985e-01
