9635	3.381770e-01	7.314736e-01	3.979496e-02	4.974370e-02	2.605768e-01	2.605552e-01	1.516046e-01	9.910730e-01
888	2.956887e-01	7.776112e-01	4.735654e-02	5.919567e-02	3.100899e-01	8.874390e-02	8.925841e-01	6.096009e-02
14615	1.257980e-01	3.696705e-01	2.283281e-02	2.854101e-02	1.495089e-01	5.204734e-02	5.812378e-01	3.728438e-01
5396	6.571509e-01	6.772702e-01	6.450369e-02	8.062961e-02	4.223691e-01	3.103764e-01	8.401550e-01	9.539305e-01
5362	6.299891e-01	7.868066e-01	2.717606e-02	3.397008e-02	1.779484e-01	8.301984e-02	3.612979e-01	3.139361e-01
23936	1.863120e-01	6.625593e-01	4.154452e-02	5.193065e-02	2.720329e-01	2.358538e-01	3.867698e-02	5.116012e-01
13818	3.699906e-01	6.272059e-01	3.739009e-02	4.673762e-02	2.448298e-01	1.929973e-01	4.833811e-01	3.527929e-01
7282	1.606322e-01	4.678802e-01	3.330687e-02	4.163359e-02	2.180929e-01	7.236677e-02	5.549388e-01	5.809612e-01
24028	9.324085e-01	3.231265e-01	4.445288e-02	5.556610e-02	2.910768e-01	2.537262e-01	6.929221e-01	2.543109e-01
22760	8.759269e-01	8.694301e-02	5.692569e-02	7.115711e-02	3.727485e-01	3.024852e-01	8.911535e-01	7.837722e-01
11582	1.555383e-01	3.985060e-01	2.551373e-02	3.189216e-02	1.670635e-01	1.330506e-01	2.247548e-01	6.868205e-01
25738	4.909571e-01	8.837038e-02	6.661123e-02	8.326403e-02	4.361693e-01	1.803569e-01	1.566006e-01	2.992449e-01
23561	5.203111e-01	5.588901e-01	2.058109e-02	2.572636e-02	1.347646e-01	1.172838e-01	6.752577e-01	1.111176e-01
21938	7.264242e-01	3.351539e-01	4.226035e-02	5.282543e-02	2.767201e-01	2.408930e-01	5.496492e-01	7.150442e-01
9174	9.201970e-02	4.531244e-01	6.044893e-02	7.556116e-02	3.958186e-01	1.146231e-01	6.425829e-01	6.794168e-01
4146	3.907112e-01	3.272801e-02	2.411742e-02	3.014678e-02	1.579205e-01	6.956104e-02	5.427601e-01	9.565901e-01
599	2.797124e-01	1.337924e-01	2.535108e-02	3.168886e-02	1.659985e-01	4.829076e-02	3.282122e-01	1.584668e-01
1465	4.276534e-01	5.807905e-01	2.268598e-02	2.835748e-02	1.485475e-01	1.369236e-01	8.955848e-01	7.708939e-01
12964	3.138179e-02	3.812596e-01	2.864558e-02	3.580698e-02	1.875708e-01	4.997484e-02	3.460860e-01	9.742136e-01
688	2.406693e-01	8.369516e-01	3.219690e-02	4.024612e-02	2.108248e-01	1.414733e-01	1.694778e-01	7.068251e-01
3905	5.102559e-01	9.386094e-01	2.597267e-02	3.246583e-02	1.700686e-01	1.684752e-01	9.559724e-01	4.402791e-01
12027	7.365880e-01	7.500064e-01	3.528937e-02	4.411171e-02	2.310742e-01	1.505033e-01	8.308892e-01	9.655021e-01
31705	4.752469e-01	7.376281e-01	2.595621e-02	3.244526e-02	1.699608e-01	1.598222e-01	2.885675e-01	6.457483e-01
17994	2.181532e-01	9.034331e-02	2.101474e-02	2.626842e-02	1.376042e-01	1.107340e-01	2.968202e-01	6.362095e-03
5639	5.488515e-01	1.309752e-01	2.753011e-02	3.441263e-02	1.802667e-01	1.510014e-01	2.839241e-01	2.432284e-01
91	8.157987e-01	4.215559e-01	7.357228e-02	9.196535e-02	4.817502e-01	1.560558e-01	6.391560e-01	1.811087e-01
1788	5.309548e-01	3.487952e-01	2.118281e-02	2.647851e-02	1.387047e-01	3.812120e-02	4.517028e-01	6.369774e-01
19910	7.611052e-01	7.117609e-01	2.660466e-02	3.325583e-02	1.742069e-01	1.224879e-01	5.185501e-01	3.817217e-01
9862	1.440194e-01	1.134913e-01	2.754608e-02	3.443261e-02	1.803713e-01	1.738403e-01	3.062284e-01	2.288885e-01
23138	5.831978e-02	5.535230e-01	4.318209e-02	5.397761e-02	2.827557e-01	1.131015e-01	6.967428e-02	1.867837e-01
28010	9.364805e-01	2.341291e-01	5.794059e-02	7.242573e-02	3.793941e-01	2.923964e-01	3.392818e-01	3.592006e-01
13967	6.512194e-01	5.556956e-01	2.310555e-02	2.888194e-02	1.512948e-01	1.508812e-01	7.057103e-01	1.867465e-01
13246	9.244770e-01	9.777885e-02	2.809433e-02	3.511792e-02	1.839613e-01	9.831364e-02	9.770300e-01	6.737724e-01
12928	4.323713e-01	3.522484e-01	3.350147e-02	4.187684e-02	2.193671e-01	2.162373e-01	2.928757e-01	9.181983e-01
11488	9.268557e-01	8.091235e-01	2.200562e-02	2.750702e-02	1.440924e-01	1.104652e-01	2.050335e-01	4.345069e-01
21415	8.710184e-01	2.971871e-01	3.870689e-02	4.838362e-02	2.534521e-01	2.078989e-01	4.484718e-01	6.121848e-01
2776	3.665519e-01	5.405993e-01	2.332263e-02	2.915329e-02	1.527162e-01	5.886313e-02	3.551873e-01	5.957239e-01
23105	3.486611e-01	1.450497e-01	2.564057e-02	3.205071e-02	1.678941e-01	1.647060e-01	5.726905e-01	4.819178e-01
5866	2.786034e-01	8.123882e-01	3.929578e-02	4.911973e-02	2.573082e-01	1.130361e-01	2.103096e-01	6.579822e-01
7900	6.222277e-01	3.451273e-01	2.650393e-02	3.312992e-02	1.735473e-01	1.308381e-01	5.591788e-01	9.047220e-01
18567	5.675550e-02	7.186145e-01	5.951051e-02	7.438814e-02	3.896739e-01	3.884962e-01	7.468281e-01	3.995422e-01
31371	5.618805e-01	3.648688e-01	2.339281e-02	2.924102e-02	1.531758e-01	5.856870e-02	9.216629e-01	4.752295e-01
11775	5.144250e-01	3.286097e-02	2.830660e-02	3.538324e-02	1.853511e-01	1.207233e-01	8.442787e-02	3.644154e-01
32490	9.650883e-01	1.108720e-01	2.599965e-02	3.249957e-02	1.702453e-01	1.684469e-01	8.251756e-01	1.823672e-01
7516	5.818995e-02	1.784953e-01	2.730912e-02	3.413640e-02	1.788197e-01	1.042483e-01	3.300068e-01	5.178630e-01
16508	9.291058e-01	9.447773e-01	2.274521e-02	2.843151e-02	1.489353e-01	4.488144e-02	2.382379e-01	9.764374e-01
23745	5.808412e-01	8.310981e-01	2.479343e-02	3.099179e-02	1.623470e-01	1.109016e-01	1.211852e-01	2.336765e-01
24553	3.823957e-01	8.492718e-01	3.939464e-02	4.924330e-02	2.579555e-01	9.609465e-02	2.378821e-01	9.162762e-01
6773	1.215438e-01	3.272131e-01	2.281198e-02	2.851497e-02	1.493725e-01	1.387687e-01	2.539391e-01	1.585014e-01
15591	8.296383e-01	5.700005e-01	2.523719e-02	3.154649e-02	1.652527e-01	1.252748e-01	5.376466e-01	1.181141e-01
6730	2.325245e-01	7.122394e-01	2.383716e-02	2.979645e-02	1.560853e-01	1.545045e-01	6.323123e-01	2.824956e-01
8432	4.252446e-01	4.585516e-01	3.055885e-02	3.819856e-02	2.000989e-01	1.361041e-01	9.748545e-01	3.618064e-01
8714	8.964042e-01	6.423348e-01	4.707569e-02	5.884461e-02	3.082509e-01	2.862692e-01	5.865065e-02	7.037338e-01
1882	9.196968e-02	8.667732e-01	2.100384e-02	2.625480e-02	1.375328e-01	1.320739e-01	1.236185e-02	7.339692e-01
8756	3.856717e-01	5.779033e-01	2.121933e-02	2.652417e-02	1.389439e-01	1.305158e-01	7.759471e-01	7.195401e-01
18469	1.016359e-01	6.599500e-01	4.769681e-02	5.962102e-02	3.123180e-01	2.503870e-01	3.897114e-01	3.346559e-01
15601	1.893578e-01	5.480521e-01	3.025150e-02	3.781438e-02	1.980864e-01	1.422668e-01	2.943955e-01	3.733836e-01
11272	5.266720e-01	8.191880e-01	2.700568e-02	3.375710e-02	1.768328e-01	1.031743e-01	1.701867e-01	3.345957e-01
8009	7.146771e-01	2.678073e-01	4.000024e-02	5.000029e-02	2.619209e-01	2.610949e-01	6.397711e-01	1.312735e-01
21468	1.801719e-01	8.910277e-01	3.546285e-02	4.432857e-02	2.322102e-01	2.033446e-01	4.715898e-01	9.434442e-01
9607	5.900426e-01	2.980104e-01	3.113417e-02	3.891771e-02	2.038661e-01	1.879312e-01	6.371811e-01	2.887035e-02
17110	8.290385e-01	6.493404e-01	3.954392e-02	4.942990e-02	2.589330e-01	1.241571e-01	2.435846e-02	2.435670e-01
31922	2.627167e-01	6.306468e-01	6.962036e-02	8.702544e-02	4.558730e-01	2.999676e-01	2.269900e-01	9.315274e-01
1655	3.123095e-01	8.878500e-01	4.678043e-02	5.847554e-02	3.063175e-01	1.871092e-01	3.943744e-01	2.380255e-01
16193	4.483347e-01	6.291731e-01	2.089446e-02	2.611808e-02	1.368166e-01	1.280397e-01	1.107576e-01	5.295969e-01
4979	8.429023e-01	7.694728e-01	5.168447e-02	6.460559e-02	3.384291e-01	1.498629e-01	6.107321e-01	9.560662e-01
16440	4.748599e-01	2.462018e-01	5.573296e-02	6.966620e-02	3.649386e-01	1.676560e-01	7.193108e-02	4.147687e-01
2475	5.906639e-01	6.182845e-01	2.513345e-02	3.141682e-02	1.645735e-01	7.623310e-02	1.729248e-01	5.547715e-01
9340	5.640066e-01	7.952775e-01	4.125088e-02	5.156360e-02	2.701101e-01	8.159496e-02	6.013905e-03	9.814135e-01
11731	4.182327e-01	7.248428e-01	2.833985e-02	3.542481e-02	1.855689e-01	1.689597e-01	9.385711e-01	3.380932e-01
16063	5.073124e-01	8.711070e-01	5.917085e-02	7.396357e-02	3.874498e-01	2.826496e-01	9.643759e-01	7.089479e-01
