4528	6.978772e-01	4.318708e-01	3.147411e-02	3.934264e-02	2.060920e-01	1.939180e-01	2.060301e-01	5.416171e-01
13256	1.172355e-01	6.003969e-01	4.110405e-02	5.138006e-02	2.691487e-01	1.367129e-01	9.844113e-01	8.769452e-01
24234	3.127646e-01	8.289993e-01	6.639644e-02	8.299555e-02	4.347628e-01	4.320400e-01	4.357259e-01	3.749830e-01
32658	2.799550e-01	4.077146e-01	2.383040e-02	2.978800e-02	1.560411e-01	1.545560e-01	1.107439e-01	8.328251e-01
28288	1.132454e-01	5.035698e-01	4.111703e-02	5.139629e-02	2.692337e-01	1.828837e-01	8.513160e-01	2.601284e-01
32245	5.807285e-01	4.294725e-01	3.342457e-02	4.178071e-02	2.188635e-01	5.811012e-02	5.133920e-01	2.325803e-01
23746	8.808209e-01	8.437430e-01	3.179571e-02	3.974464e-02	2.081978e-01	2.074692e-01	6.367584e-01	3.843587e-01
4186	4.876805e-01	3.376956e-01	2.881487e-02	3.601858e-02	1.886793e-01	1.131967e-01	5.838456e-01	1.263175e-01
18354	1.403970e-01	3.451528e-01	2.494023e-02	3.117529e-02	1.633082e-01	7.729280e-02	2.901873e-01	6.063262e-01
778	2.399342e-01	9.192249e-01	3.592027e-02	4.490034e-02	2.352054e-01	1.882294e-01	1.647323e-01	8.248289e-01
25505	3.989537e-01	8.802722e-01	7.456026e-02	9.320033e-02	4.882194e-01	4.402363e-01	7.920066e-01	7.789911e-01
6226	5.397722e-02	5.023021e-01	2.256202e-02	2.820253e-02	1.477358e-01	1.285435e-01	3.051441e-01	4.838139e-01
1489	3.398497e-01	3.922757e-01	2.460158e-02	3.075197e-02	1.610907e-01	1.122090e-01	2.696970e-01	9.963348e-01
12357	5.552186e-01	3.239613e-01	2.271694e-02	2.839617e-02	1.487502e-01	8.328453e-02	5.854949e-02	7.840035e-01
31629	2.706179e-01	3.310728e-01	2.459108e-02	3.073885e-02	1.610220e-01	1.339701e-01	5.414685e-01	1.426409e-01
7553	4.424775e-01	8.080204e-01	3.038385e-02	3.797981e-02	1.989529e-01	1.974949e-01	6.168100e-01	2.470438e-01
22758	9.591006e-01	6.981073e-01	2.280896e-02	2.851120e-02	1.493527e-01	1.434705e-01	5.442589e-03	9.276253e-01
23348	7.925525e-01	3.990999e-01	4.180882e-02	5.226102e-02	2.737635e-01	2.147120e-01	5.112627e-01	2.380369e-01
24293	5.949173e-01	8.781792e-01	3.325099e-02	4.156374e-02	2.177270e-01	2.174933e-01	5.135892e-01	1.756364e-01
18609	4.597149e-01	3.626111e-01	3.904635e-02	4.880794e-02	2.556749e-01	1.644627e-01	4.380225e-01	7.898439e-01
29699	7.884691e-01	1.260761e-01	3.467111e-02	4.333889e-02	2.270259e-01	1.622909e-01	3.970367e-01	9.218934e-01
18921	9.231663e-01	7.191411e-01	3.996591e-02	4.995739e-02	2.616962e-01	2.564424e-01	5.200894e-01	7.862100e-01
19705	3.329393e-01	2.446361e-01	3.780159e-02	4.725199e-02	2.475242e-01	2.102064e-01	4.484039e-01	3.446001e-01
13292	3.381802e-01	1.838572e-01	3.470688e-02	4.338360e-02	2.272601e-01	2.208660e-01	8.724822e-01	4.435564e-01
28436	4.513238e-01	4.078542e-01	2.248194e-02	2.810243e-02	1.472114e-01	1.469782e-01	5.281915e-02	3.589712e-01
32151	9.139905e-01	9.246578e-01	2.995012e-02	3.743764e-02	1.961129e-01	1.283481e-01	2.778909e-01	2.304739e-01
9553	4.191840e-01	2.930861e-01	7.683791e-02	9.604739e-02	5.031335e-01	2.616330e-01	4.092956e-01	4.116092e-02
24187	4.067307e-01	7.498898e-01	5.196590e-02	6.495737e-02	3.402719e-01	1.163977e-01	2.149904e-01	5.936582e-01
4086	8.998172e-02	5.336530e-01	2.762216e-02	3.452770e-02	1.808694e-01	1.384789e-01	2.264373e-01	9.926301e-02
16892	6.400508e-01	6.417087e-01	2.173208e-02	2.716510e-02	1.423013e-01	1.422879e-01	4.435933e-02	9.027740e-02
11929	9.377266e-01	8.134990e-01	3.782695e-02	4.728369e-02	2.476903e-01	2.215412e-01	2.395048e-01	8.157600e-02
14362	3.010667e-01	2.547365e-01	2.498217e-02	3.122772e-02	1.635829e-01	1.620202e-01	7.925801e-01	8.357394e-01
32097	6.920470e-01	7.580581e-01	2.366994e-02	2.958742e-02	1.549904e-01	1.451965e-01	8.992053e-01	7.285198e-01
24343	6.566600e-02	7.876545e-01	4.367946e-02	5.459933e-02	2.860125e-01	2.813654e-01	6.564890e-01	1.828428e-01
5428	4.796213e-01	7.855074e-01	2.283897e-02	2.854872e-02	1.495493e-01	1.487282e-01	2.599995e-01	4.319822e-01
7734	7.411842e-01	3.260179e-02	2.124144e-02	2.655180e-02	1.390886e-01	1.153334e-01	3.107262e-01	6.353310e-01
4571	4.972429e-01	5.718289e-01	7.077546e-02	8.846933e-02	4.634366e-01	4.373619e-01	3.546335e-01	9.069422e-01
1013	1.870495e-01	5.613730e-01	2.873994e-02	3.592492e-02	1.881886e-01	1.433506e-01	9.997311e-01	4.237722e-01
26920	3.079663e-01	7.267643e-01	3.331020e-02	4.163775e-02	2.181147e-01	1.296225e-01	1.762745e-01	6.212227e-01
23339	6.863519e-01	3.231022e-01	3.550914e-02	4.438642e-02	2.325133e-01	1.955095e-01	2.650716e-01	1.526376e-01
11011	2.106058e-01	1.892769e-01	3.473752e-02	4.342191e-02	2.274608e-01	9.280638e-02	5.981363e-01	6.275633e-02
5478	2.135457e-01	8.688554e-01	3.170004e-02	3.962505e-02	2.075714e-01	1.787531e-01	7.391607e-01	5.407327e-01
11979	5.499974e-01	5.256062e-01	2.206557e-02	2.758196e-02	1.444850e-01	1.432426e-01	9.224280e-01	5.117242e-01
18424	9.389440e-01	3.188194e-01	5.820979e-02	7.276223e-02	3.811568e-01	3.642431e-01	8.638672e-01	8.414375e-01
28631	3.954207e-01	6.637496e-01	2.445079e-02	3.056349e-02	1.601034e-01	5.336538e-02	4.248148e-01	5.143066e-02
17170	1.899091e-01	4.360381e-01	2.161168e-02	2.701460e-02	1.415130e-01	8.851748e-02	8.557919e-01	1.363720e-01
28975	6.530638e-01	2.137505e-01	5.151487e-02	6.439358e-02	3.373185e-01	1.113139e-01	8.343159e-02	5.596253e-01
15656	7.510696e-01	2.381695e-01	3.516116e-02	4.395144e-02	2.302347e-01	1.905014e-01	5.259037e-01	7.652240e-01
29793	2.250577e-01	4.251547e-01	3.575784e-02	4.469730e-02	2.341418e-01	2.321035e-01	6.178870e-01	4.103589e-01
22960	6.209400e-02	6.140675e-01	2.094135e-02	2.617669e-02	1.371236e-01	1.234887e-01	4.717613e-01	3.189739e-01
1048	9.568502e-01	1.309580e-01	2.787443e-02	3.484304e-02	1.825213e-01	1.514478e-01	6.928500e-01	6.310043e-01
15909	5.704393e-01	2.354957e-01	2.256781e-02	2.820976e-02	1.477737e-01	1.453586e-01	2.334586e-01	4.586584e-01
31233	8.525212e-01	1.470993e-01	6.917910e-02	8.647387e-02	4.529837e-01	2.830627e-01	8.761467e-01	2.698586e-01
6335	2.166786e-01	3.813364e-02	2.950941e-02	3.688676e-02	1.932272e-01	9.652711e-02	5.258875e-01	2.880233e-01
5700	8.689384e-01	6.342541e-01	4.526155e-02	5.657694e-02	2.963719e-01	2.846119e-01	2.327670e-01	5.594141e-01
30919	7.255366e-01	1.912756e-01	4.420623e-02	5.525779e-02	2.894617e-01	2.637215e-01	7.325892e-01	2.069297e-01
11695	5.917394e-01	7.148117e-01	2.335966e-02	2.919957e-02	1.529587e-01	6.532552e-02	6.294185e-01	6.147799e-01
9088	7.601202e-02	1.512505e-01	4.856585e-02	6.070732e-02	3.180084e-01	3.178776e-01	2.323955e-01	4.955910e-01
3225	8.864745e-01	2.256475e-01	4.295260e-02	5.369076e-02	2.812530e-01	2.252375e-01	1.872791e-01	8.192580e-01
30609	4.852359e-01	9.099576e-01	2.619942e-02	3.274927e-02	1.715534e-01	6.690590e-02	9.310470e-01	5.107929e-01
5481	2.275738e-01	4.849587e-01	5.153897e-02	6.442371e-02	3.374764e-01	1.803506e-01	3.052496e-01	7.257784e-01
25554	4.872432e-02	8.524329e-02	2.282660e-02	2.853325e-02	1.494682e-01	1.181862e-01	5.337165e-01	3.276346e-01
21040	5.761197e-01	7.643955e-02	2.361811e-02	2.952264e-02	1.546510e-01	1.079754e-01	6.684193e-01	3.669733e-01
9299	8.287761e-01	8.251883e-01	2.085811e-02	2.607264e-02	1.365786e-01	4.341929e-02	1.377321e-01	7.684315e-01
1109	7.189133e-01	5.025159e-01	2.977695e-02	3.722119e-02	1.949790e-01	1.852632e-01	3.059073e-01	4.318740e-01
7371	9.253639e-01	6.187796e-02	3.323699e-02	4.154624e-02	2.176353e-01	1.776361e-01	9.810273e-01	6.621737e-01
19640	7.780166e-01	5.734485e-01	3.497626e-02	4.372032e-02	2.290240e-01	9.727151e-02	5.419845e-01	3.211825e-01
2019	8.387537e-01	3.245666e-02	2.842490e-02	3.553113e-02	1.861258e-01	1.312455e-01	5.799788e-01	8.315093e-01
3066	6.517558e-01	3.937650e-01	2.178725e-02	2.723406e-02	1.426626e-01	5.767656e-02	3.353763e-01	3.692579e-01
31285	1.236017e-01	8.560202e-01	2.530723e-02	3.163404e-02	1.657114e-01	1.571157e-01	9.446648e-01	9.729782e-02
25892	5.803883e-01	5.323151e-01	2.614541e-02	3.268176e-02	1.711997e-01	8.766287e-02	7.968094e-01	5.528468e-01
128	3.226859e-01	3.222704e-01	2.094161e-02	2.617701e-02	1.371253e-01	1.367066e-01	1.730725e-01	9.550214e-01
10091	1.964568e-01	6.878963e-01	3.702496e-02	4.628120e-02	2.424388e-01	2.373457e-01	5.202384e-01	7.612401e-01
6500	5.049014e-01	4.067490e-01	6.199976e-02	7.749970e-02	4.059735e-01	3.900120e-01	8.146471e-01	7.516582e-01
31465	3.103029e-01	9.091183e-01	2.694199e-02	3.367749e-02	1.764157e-01	1.103353e-01	1.628385e-01	1.567676e-01
22662	7.475912e-01	6.977701e-01	2.731164e-02	3.413955e-02	1.788362e-01	1.640567e-01	5.584597e-02	8.175790e-01
