2300	7.262989e-01	7.526320e-01	2.210528e-02	2.763160e-02	1.447450e-01	6.576422e-02	2.184665e-01	3.055288e-01
15963	1.536198e-01	1.755079e-01	3.051932e-02	3.814915e-02	1.998401e-01	1.049023e-01	3.855758e-01	1.192238e-01
32162	3.781893e-01	1.274077e-01	2.218921e-02	2.773652e-02	1.452946e-01	5.900702e-02	7.425811e-01	7.589995e-01
11114	6.686667e-01	6.463151e-01	3.497050e-02	4.371313e-02	2.289863e-01	1.407796e-01	1.791048e-01	4.312008e-01
25886	3.325087e-01	4.121247e-01	3.504413e-02	4.380516e-02	2.294684e-01	1.507025e-01	3.641125e-01	1.929155e-02
27929	4.583003e-01	5.779418e-01	2.127365e-02	2.659206e-02	1.392995e-01	4.524095e-02	5.026891e-01	1.200019e-01
1190	6.068176e-01	9.854912e-02	2.198089e-02	2.747611e-02	1.439305e-01	1.371873e-01	7.081234e-01	9.565248e-01
30067	9.631641e-01	6.921893e-01	2.438906e-02	3.048633e-02	1.596992e-01	1.575097e-01	6.887693e-01	9.206559e-01
3536	9.334620e-01	4.992875e-01	2.736898e-02	3.421122e-02	1.792116e-01	1.791718e-01	9.600739e-01	3.046274e-01
25655	2.369015e-01	4.431020e-01	4.816524e-02	6.020655e-02	3.153852e-01	2.274448e-01	4.093581e-01	3.693143e-01
1124	8.690700e-01	8.138282e-02	3.005552e-02	3.756940e-02	1.968031e-01	1.567632e-01	6.276287e-01	1.028903e-01
13718	9.734097e-02	4.403151e-01	2.165724e-02	2.707155e-02	1.418112e-01	9.437504e-02	3.434413e-01	3.161781e-01
803	3.615430e-01	2.766494e-01	4.780654e-02	5.975817e-02	3.130365e-01	2.991365e-01	4.019481e-01	4.364733e-01
9211	3.657550e-01	3.386226e-01	2.172942e-02	2.716177e-02	1.422839e-01	1.414584e-01	6.329349e-01	1.966926e-02
30470	5.724129e-01	7.016957e-01	3.500322e-02	4.375402e-02	2.292005e-01	1.907342e-01	8.937159e-01	4.758101e-01
30533	9.143515e-01	2.525954e-01	6.411296e-02	8.014121e-02	4.198107e-01	4.197507e-01	9.536164e-01	5.466153e-02
10628	3.252633e-01	7.388991e-01	5.388593e-02	6.735741e-02	3.528442e-01	3.437663e-01	9.009779e-01	6.529904e-01
8842	1.860279e-01	2.196798e-01	2.742073e-02	3.427592e-02	1.795505e-01	1.733046e-01	8.629608e-01	1.588163e-01
17358	8.795596e-01	8.316487e-01	2.217018e-02	2.771273e-02	1.451700e-01	1.055470e-01	9.344233e-02	2.759192e-01
20816	7.613872e-01	4.692644e-01	2.763006e-02	3.453758e-02	1.809212e-01	1.319062e-01	3.238406e-01	5.336615e-01
20386	5.021153e-01	7.918527e-01	6.777049e-02	8.471312e-02	4.437601e-01	3.647721e-01	7.737301e-01	2.523688e-01
14621	8.814271e-01	9.148699e-01	3.153481e-02	3.941851e-02	2.064894e-01	1.560365e-01	4.725447e-01	1.754803e-01
7799	7.514284e-01	6.240949e-01	4.518001e-02	5.647501e-02	2.958380e-01	2.841309e-01	4.719652e-01	3.820618e-01
11837	2.714597e-01	8.587020e-01	7.583580e-02	9.479475e-02	4.965716e-01	4.874148e-01	9.238329e-02	8.884661e-01
1698	2.524708e-01	1.161106e-01	5.509885e-02	6.887357e-02	3.607864e-01	1.601724e-01	9.927156e-01	1.395895e-01
22154	5.601651e-01	4.567979e-01	2.114940e-02	2.643675e-02	1.384860e-01	6.116537e-02	7.446035e-01	6.477920e-01
23842	7.151517e-02	3.684997e-01	5.238999e-02	6.548748e-02	3.430488e-01	3.428623e-01	2.692732e-01	9.256645e-01
16292	2.447373e-01	3.110598e-01	2.055173e-02	2.568966e-02	1.345724e-01	8.216933e-02	6.105399e-03	5.844895e-01
9834	7.124718e-01	8.499933e-01	3.073591e-02	3.841988e-02	2.012582e-01	7.182399e-02	6.288999e-01	2.467567e-01
16799	9.622266e-01	2.865050e-01	2.639273e-02	3.299091e-02	1.728192e-01	9.994217e-02	7.208743e-01	1.672505e-01
6675	1.996848e-01	5.722949e-01	3.119653e-02	3.899566e-02	2.042744e-01	1.157182e-01	8.066776e-01	2.598536e-01
27568	8.794747e-01	7.741569e-01	2.177284e-02	2.721605e-02	1.425682e-01	1.033132e-01	5.098203e-01	9.335794e-01
12011	6.397208e-01	1.682928e-01	3.631376e-02	4.539220e-02	2.377819e-01	2.377177e-01	4.396516e-01	3.233572e-01
20216	9.911427e-02	9.103681e-01	2.240576e-02	2.800719e-02	1.467125e-01	1.313630e-01	9.876239e-02	9.732431e-02
8986	6.749898e-01	3.927447e-01	2.438635e-02	3.048294e-02	1.596814e-01	6.328407e-02	7.826695e-01	3.217822e-01
24200	1.673142e-01	9.647326e-01	2.335034e-02	2.918792e-02	1.528976e-01	7.020122e-02	3.922186e-01	4.876237e-01
14693	8.686356e-01	4.390552e-01	5.149729e-02	6.437161e-02	3.372034e-01	2.878120e-01	5.926812e-01	6.838303e-01
25160	7.656686e-01	3.089439e-01	3.039384e-02	3.799230e-02	1.990184e-01	1.451378e-01	2.024416e-01	4.393111e-01
23354	9.729492e-01	3.814202e-01	2.322010e-02	2.902512e-02	1.520448e-01	7.503089e-02	2.528150e-01	7.388785e-01
26328	1.544248e-01	8.177932e-01	2.530507e-02	3.163134e-02	1.656972e-01	1.045234e-01	2.286673e-01	6.335117e-01
14755	9.527601e-02	7.295551e-01	5.846074e-02	7.307593e-02	3.828000e-01	3.158607e-01	3.761892e-01	4.087823e-01
27841	2.857192e-01	5.175063e-01	2.429090e-02	3.036363e-02	1.590565e-01	1.494487e-01	3.059023e-01	2.767149e-01
5777	6.409117e-01	2.838555e-01	3.218486e-02	4.023107e-02	2.107460e-01	1.598385e-01	2.113633e-02	6.081263e-01
12925	4.441963e-01	9.020467e-02	3.575490e-02	4.469363e-02	2.341225e-01	6.241162e-02	3.658815e-01	9.403171e-01
10563	4.513082e-01	5.124142e-01	4.956011e-02	6.195013e-02	3.245188e-01	2.353976e-01	2.450724e-01	9.362454e-01
32362	5.388266e-01	6.140335e-01	3.085582e-02	3.856977e-02	2.020434e-01	1.621612e-01	4.408447e-01	6.748705e-01
17224	2.723459e-01	6.107671e-01	3.934867e-02	4.918584e-02	2.576545e-01	1.708812e-01	1.500035e-02	2.138477e-01
6395	9.051455e-01	7.341058e-01	4.283276e-02	5.354095e-02	2.804683e-01	1.621063e-01	1.372373e-01	6.876439e-01
27683	6.599963e-01	7.133714e-01	2.318087e-02	2.897609e-02	1.517880e-01	6.041886e-02	5.569200e-01	1.832464e-01
13205	6.491678e-01	8.599430e-01	2.152161e-02	2.690201e-02	1.409231e-01	1.274716e-01	5.723495e-01	1.531674e-01
20844	4.943803e-01	4.354213e-01	2.718150e-02	3.397687e-02	1.779840e-01	5.760552e-02	9.998263e-01	2.452671e-01
27762	1.768524e-01	7.367460e-01	7.676325e-02	9.595406e-02	5.026446e-01	2.945148e-01	1.205632e-01	5.600094e-01
31372	7.430521e-01	2.209476e-01	2.466461e-02	3.083076e-02	1.615035e-01	4.529318e-02	3.071449e-01	9.961959e-01
19695	7.685812e-01	1.036913e-01	3.801917e-02	4.752396e-02	2.489489e-01	6.888873e-02	9.259366e-01	4.441969e-01
25112	5.346076e-01	1.234641e-01	3.081347e-02	3.851684e-02	2.017661e-01	1.046935e-01	1.961787e-01	8.252270e-01
32460	8.930418e-01	5.295365e-01	2.901957e-02	3.627447e-02	1.900197e-01	1.895966e-01	7.715701e-01	3.407627e-01
851	2.748502e-01	6.685531e-01	2.520362e-02	3.150453e-02	1.650329e-01	7.061582e-02	8.402507e-01	4.724859e-01
22100	8.091311e-01	1.047237e-01	3.046302e-02	3.807878e-02	1.994714e-01	5.690494e-02	9.704395e-01	2.695929e-01
28619	4.705501e-01	9.100196e-02	2.888134e-02	3.610168e-02	1.891146e-01	1.848020e-01	2.653613e-01	6.534688e-02
29552	4.539559e-01	7.117305e-01	3.971856e-02	4.964820e-02	2.600765e-01	2.260223e-01	4.032177e-01	4.390725e-01
26821	6.684461e-01	7.215951e-02	2.307586e-02	2.884482e-02	1.511004e-01	1.293267e-01	9.280780e-01	3.998719e-01
4962	1.142277e-01	2.837737e-01	2.143261e-02	2.679077e-02	1.403404e-01	5.012782e-02	1.370626e-01	5.518320e-01
17272	3.309170e-01	2.007265e-01	4.639503e-02	5.799379e-02	3.037939e-01	2.840178e-01	6.689651e-01	4.877734e-01
11225	6.354975e-01	2.142013e-01	2.568967e-02	3.211209e-02	1.682156e-01	1.351350e-01	4.113966e-01	8.653614e-01
14217	4.971181e-01	2.966919e-01	2.267644e-02	2.834556e-02	1.484850e-01	1.376634e-01	6.342472e-01	9.288988e-02
28618	9.152006e-01	5.742236e-01	7.210387e-02	9.012984e-02	4.721350e-01	2.226972e-01	7.306150e-01	3.367793e-01
7657	1.641038e-01	8.672951e-01	5.700958e-02	7.126198e-02	3.732979e-01	3.217622e-01	9.396892e-01	1.132862e-01
1735	7.272745e-01	3.173488e-01	2.179040e-02	2.723800e-02	1.426832e-01	4.304793e-02	7.291827e-01	7.247350e-01
29364	1.582253e-01	1.106200e-01	4.512681e-02	5.640851e-02	2.954896e-01	2.934599e-01	9.262362e-01	9.531650e-02
11075	7.264840e-01	9.605222e-02	2.987554e-02	3.734443e-02	1.956246e-01	5.119526e-02	5.067279e-01	2.511913e-01
26222	5.458472e-01	2.136520e-01	3.146784e-02	3.933480e-02	2.060509e-01	2.018942e-01	4.869752e-01	2.577468e-01
1129	7.908660e-01	9.221909e-01	4.399375e-02	5.499219e-02	2.880704e-01	1.353683e-01	9.800114e-01	5.479544e-02
23852	7.231766e-02	8.660041e-01	2.305226e-02	2.881532e-02	1.509458e-01	9.279021e-02	5.561539e-01	9.544726e-01
16622	4.329050e-01	7.511807e-01	2.286548e-02	2.858185e-02	1.497228e-01	1.256353e-01	2.814617e-01	8.552483e-01
27593	3.762931e-01	8.748801e-01	3.067878e-02	3.834848e-02	2.008842e-01	1.985526e-01	9.921248e-01	2.689549e-01
11562	8.238110e-01	1.558824e-01	2.745873e-02	3.432341e-02	1.797993e-01	1.747748e-01	9.936031e-01	7.914844e-01
