1115	5.197982e-01	3.028183e-01	4.156999e-02	5.196249e-02	2.721997e-01	2.373427e-01	6.038504e-01	9.037324e-01
5933	9.073180e-01	1.195403e-01	2.184254e-02	2.730318e-02	1.430246e-01	5.697476e-02	9.685883e-01	9.844543e-01
10204	3.084470e-01	8.732918e-01	4.096936e-02	5.121170e-02	2.682667e-01	1.983154e-01	6.797582e-01	9.353966e-02
3889	4.555865e-01	6.783590e-01	5.098455e-02	6.373068e-02	3.338460e-01	2.452953e-01	3.804306e-01	8.208046e-02
13048	1.261020e-01	5.020654e-01	6.160402e-02	7.700503e-02	4.033822e-01	3.571424e-01	5.453028e-01	4.944783e-01
15505	6.859741e-01	6.750065e-01	2.789233e-02	3.486541e-02	1.826385e-01	1.805293e-01	8.603360e-02	6.130783e-01
30647	4.800420e-01	1.215319e-01	3.389575e-02	4.236969e-02	2.219488e-01	1.575493e-01	6.799770e-01	6.337070e-01
9997	1.094209e-01	3.541908e-01	2.070982e-02	2.588728e-02	1.356076e-01	1.206069e-01	7.887435e-01	5.473966e-01
7375	5.528066e-01	9.169085e-01	4.980484e-02	6.225605e-02	3.261213e-01	3.089227e-01	9.643709e-01	4.018047e-01
3155	4.096799e-01	9.549886e-02	3.035364e-02	3.794206e-02	1.987552e-01	8.577881e-02	1.695674e-01	4.478352e-01
10802	6.066883e-01	8.286786e-01	2.983745e-02	3.729681e-02	1.953751e-01	1.825642e-01	2.943536e-01	1.412349e-01
4833	1.501529e-01	4.230610e-01	4.941459e-02	6.176824e-02	3.235660e-01	9.534430e-02	6.731527e-01	3.252845e-01
12584	3.069706e-01	9.680673e-01	2.812756e-02	3.515945e-02	1.841788e-01	6.753024e-02	6.636909e-01	8.746059e-01
30871	8.234733e-01	1.336932e-01	2.352265e-02	2.940331e-02	1.540259e-01	1.074648e-01	8.074267e-01	7.798758e-01
23693	7.818020e-01	7.304732e-01	3.237999e-02	4.047499e-02	2.120237e-01	1.929327e-01	4.627318e-01	1.036822e-01
16908	2.150208e-01	7.624484e-01	2.726388e-02	3.407985e-02	1.785235e-01	1.763124e-01	4.138503e-01	7.384944e-02
6039	8.660413e-01	4.031180e-01	2.084231e-02	2.605289e-02	1.364751e-01	1.051838e-01	6.156926e-01	7.310715e-01
26499	7.575301e-01	8.789623e-01	2.451297e-02	3.064121e-02	1.605106e-01	9.221149e-02	3.933187e-01	2.568969e-01
8047	4.570272e-01	4.423631e-01	2.407342e-02	3.009178e-02	1.576324e-01	1.180492e-01	7.839421e-01	8.632263e-01
4869	8.163851e-01	3.407336e-02	3.111748e-02	3.889685e-02	2.037568e-01	2.031256e-01	1.481009e-01	9.868660e-01
3695	1.378514e-01	2.218796e-01	4.885290e-02	6.106612e-02	3.198880e-01	2.819029e-01	1.601938e-01	3.712972e-01
23613	8.544581e-01	7.464401e-01	5.422108e-02	6.777635e-02	3.550388e-01	3.536129e-01	2.966333e-01	5.690250e-01
18892	4.159294e-01	6.109221e-01	7.173505e-02	8.966882e-02	4.697200e-01	3.027886e-01	2.683210e-01	1.373317e-01
3723	6.736848e-01	7.734882e-01	2.058043e-02	2.572554e-02	1.347604e-01	1.037522e-01	2.309336e-01	1.096765e-01
8999	6.141657e-01	3.685237e-01	5.036488e-02	6.295611e-02	3.297885e-01	2.093220e-01	6.133559e-01	8.471177e-01
11188	8.024800e-01	2.262214e-01	3.666917e-02	4.583646e-02	2.401091e-01	2.326391e-01	4.694179e-01	3.421214e-01
14749	6.474744e-01	7.385958e-01	3.806548e-02	4.758185e-02	2.492522e-01	2.272434e-01	6.505142e-01	1.369252e-01
10231	9.339348e-01	3.788767e-01	5.758295e-02	7.197869e-02	3.770523e-01	3.768966e-01	3.570375e-01	5.032041e-01
4564	9.167297e-01	5.637702e-01	2.748593e-02	3.435741e-02	1.799774e-01	1.364043e-01	6.430556e-01	3.628634e-01
20396	7.528099e-01	7.878795e-01	2.430364e-02	3.037956e-02	1.591399e-01	1.048286e-01	8.565128e-01	1.980759e-01
12160	6.160346e-01	6.038227e-01	3.656429e-02	4.570536e-02	2.394224e-01	6.289582e-02	6.217251e-01	9.601439e-01
5062	6.684248e-01	6.754733e-02	4.390522e-02	5.488153e-02	2.874907e-01	1.707659e-01	3.100571e-01	1.907590e-01
17997	5.100284e-01	5.082645e-01	5.232100e-02	6.540125e-02	3.425971e-01	3.150279e-01	9.626944e-01	4.137457e-02
15505	7.482540e-01	2.214922e-01	4.587394e-02	5.734243e-02	3.003819e-01	2.405165e-01	7.430545e-01	8.968570e-01
3152	8.453706e-01	1.894010e-01	2.206016e-02	2.757520e-02	1.444496e-01	1.386542e-01	4.369290e-02	2.659312e-01
24032	9.259430e-01	7.838047e-01	2.290746e-02	2.863432e-02	1.499977e-01	1.174662e-01	4.990468e-01	6.345759e-01
9648	4.424993e-01	3.405619e-02	3.030769e-02	3.788462e-02	1.984543e-01	6.070160e-02	2.817068e-01	8.813863e-01
13947	1.647301e-01	5.680336e-01	2.104533e-02	2.630666e-02	1.378045e-01	1.355489e-01	5.597024e-01	8.247727e-01
24371	8.776689e-02	8.950929e-01	2.654084e-02	3.317605e-02	1.737890e-01	1.480694e-01	3.248977e-01	8.435217e-01
9383	5.338486e-01	6.008205e-02	3.068441e-02	3.835552e-02	2.009211e-01	6.457703e-02	6.864339e-02	9.999237e-01
28941	1.114058e-01	8.050011e-01	6.144570e-02	7.680713e-02	4.023455e-01	3.665680e-01	4.599164e-02	2.233202e-01
23553	6.997366e-01	4.435872e-01	2.218837e-02	2.773547e-02	1.452891e-01	1.178970e-01	4.171833e-01	5.615839e-01
5208	7.777396e-01	6.024494e-01	4.562049e-02	5.702562e-02	2.987223e-01	1.824966e-01	7.768069e-01	2.215938e-01
5101	3.636953e-01	7.023681e-01	2.458824e-02	3.073530e-02	1.610034e-01	1.006793e-01	4.191293e-02	3.041890e-01
23151	8.178076e-02	6.395003e-01	2.613980e-02	3.267475e-02	1.711630e-01	4.527415e-02	1.020454e-01	2.156057e-01
613	4.775554e-01	7.404654e-01	3.574476e-02	4.468094e-02	2.340561e-01	1.736919e-01	7.668014e-01	5.325945e-01
12788	5.611973e-01	2.559337e-01	6.193231e-02	7.741539e-02	4.055318e-01	4.033726e-01	7.743139e-01	3.418670e-01
7269	7.671253e-01	3.772226e-01	3.405629e-02	4.257036e-02	2.230000e-01	1.264025e-01	7.048296e-01	5.300733e-01
13960	5.394829e-01	5.738499e-01	3.017201e-02	3.771501e-02	1.975659e-01	6.878615e-02	8.116942e-01	4.018663e-01
1022	2.185568e-01	1.613313e-01	2.083121e-02	2.603902e-02	1.364025e-01	8.375591e-02	9.732466e-01	9.719071e-01
4316	2.676645e-01	6.892502e-01	5.330628e-02	6.663285e-02	3.490487e-01	2.126719e-01	7.084640e-01	7.616235e-01
30250	7.429840e-01	5.893286e-01	3.287320e-02	4.109150e-02	2.152532e-01	8.908651e-02	2.140945e-01	9.312933e-02
3647	9.581602e-01	8.411253e-01	3.523909e-02	4.404886e-02	2.307450e-01	2.055541e-01	7.594080e-01	1.600613e-03
24941	8.627781e-01	9.489091e-01	2.620201e-02	3.275251e-02	1.715703e-01	1.046949e-01	2.014500e-01	3.521657e-01
25099	1.682823e-01	1.706350e-01	2.739934e-02	3.424918e-02	1.794105e-01	8.007255e-02	2.432826e-01	5.636787e-01
5626	8.385291e-01	8.557072e-01	3.203352e-02	4.004190e-02	2.097550e-01	1.785843e-01	6.874411e-02	5.313721e-02
19679	7.504637e-01	1.211084e-01	3.155884e-02	3.944855e-02	2.066468e-01	2.040829e-01	6.029711e-01	9.069034e-01
32377	3.740284e-01	8.025734e-01	2.786383e-02	3.482979e-02	1.824520e-01	1.084850e-01	8.765100e-01	2.785063e-01
2662	3.385409e-01	1.281723e-01	3.466142e-02	4.332678e-02	2.269625e-01	1.777377e-01	7.697899e-01	3.345712e-01
11585	3.162829e-01	4.432134e-01	3.530590e-02	4.413238e-02	2.311825e-01	1.423381e-01	9.380490e-01	5.223403e-01
27510	1.549086e-01	8.072396e-01	2.179717e-02	2.724647e-02	1.427276e-01	1.202621e-01	4.511244e-01	1.101289e-01
16056	8.943796e-01	4.279022e-01	2.638800e-02	3.298500e-02	1.727882e-01	1.031691e-01	4.675215e-01	9.138425e-01
30480	8.422455e-01	5.477653e-01	2.851055e-02	3.563819e-02	1.866866e-01	1.125677e-01	1.598458e-01	3.421038e-01
31649	3.869179e-01	6.388950e-01	2.961904e-02	3.702380e-02	1.939450e-01	1.187686e-01	3.089408e-01	1.109328e-02
30287	2.299508e-01	4.877815e-01	6.825784e-02	8.532231e-02	4.469513e-01	1.242917e-01	8.955131e-01	7.806377e-01
30691	3.647594e-02	7.746153e-01	2.549596e-02	3.186995e-02	1.669471e-01	1.410321e-01	4.583720e-01	4.495765e-01
3122	6.229301e-01	2.001966e-01	2.501867e-02	3.127334e-02	1.638219e-01	1.156640e-01	2.036063e-01	1.082699e-01
12451	7.116125e-01	3.959705e-01	3.205883e-02	4.007353e-02	2.099207e-01	1.394616e-01	6.542503e-01	3.926642e-01
9138	3.156837e-01	4.914097e-01	3.053985e-02	3.817482e-02	1.999745e-01	1.918727e-01	1.707611e-01	2.649279e-01
4242	1.787064e-01	8.903139e-01	7.002474e-02	8.753093e-02	4.585209e-01	1.247162e-01	7.851830e-01	5.255448e-01
16738	3.515225e-01	2.647195e-01	2.812689e-02	3.515861e-02	1.841744e-01	1.800444e-01	6.518022e-02	1.777310e-01
11365	8.127845e-01	7.665458e-01	2.972955e-02	3.716193e-02	1.946686e-01	1.042892e-01	5.897722e-01	3.120156e-01
12863	7.181299e-01	8.159801e-01	2.121789e-02	2.652237e-02	1.389344e-01	7.136216e-02	7.380188e-01	3.479364e-01
26704	5.775104e-01	1.467313e-01	4.353432e-02	5.441790e-02	2.850621e-01	2.841044e-01	7.470370e-01	3.975465e-01
26160	4.201430e-01	2.004227e-01	2.733995e-02	3.417494e-02	1.790216e-01	1.310789e-01	6.147336e-01	8.557789e-02
7428	4.353977e-01	7.927706e-01	2.943540e-02	3.679425e-02	1.927425e-01	9.450262e-02	6.529735e-01	6.208736e-02
14095	5.441197e-01	1.849179e-01	3.157735e-02	3.947168e-02	2.067680e-01	1.642598e-01	3.087511e-01	2.202930e-01
