922	5.142050e-01	4.738085e-01	2.391272e-02	2.989089e-02	1.565801e-01	1.451419e-01	7.169235e-01	8.038062e-01
9042	5.252684e-01	3.808976e-01	2.313003e-02	2.891254e-02	1.514551e-01	1.371318e-01	3.954364e-01	4.577384e-01
18276	8.993303e-01	5.667220e-01	3.139033e-02	3.923791e-02	2.055434e-01	5.763737e-02	6.878118e-01	4.683078e-02
6311	7.898531e-01	2.812833e-01	3.089275e-02	3.861594e-02	2.022852e-01	5.453982e-02	8.386994e-01	3.223008e-01
28540	8.603930e-01	4.340168e-01	7.933935e-02	9.917418e-02	5.195128e-01	1.695092e-01	4.919326e-02	8.250345e-01
15250	2.283192e-01	9.032767e-01	7.349495e-02	9.186869e-02	4.812438e-01	2.378484e-01	4.311980e-01	2.455109e-01
15990	8.831391e-01	8.208884e-01	6.781049e-02	8.476311e-02	4.440220e-01	2.041095e-01	2.871039e-01	9.134547e-01
4274	1.158811e-01	1.387425e-01	2.344681e-02	2.930851e-02	1.535293e-01	1.535253e-01	6.606926e-01	7.758637e-01
640	9.244189e-01	3.271749e-01	6.626639e-02	8.283299e-02	4.339113e-01	2.839956e-01	8.749464e-01	4.326794e-01
3196	2.000744e-01	2.560693e-01	4.584854e-02	5.731068e-02	3.002155e-01	2.435723e-01	8.742590e-01	5.754031e-01
16308	7.398539e-01	4.880909e-01	3.506811e-02	4.383514e-02	2.296254e-01	1.674062e-01	2.584147e-01	2.791080e-01
1573	2.408001e-01	4.914203e-01	3.121496e-02	3.901870e-02	2.043951e-01	1.129980e-01	9.896715e-01	4.654310e-01
16865	1.286938e-01	6.559656e-01	2.325848e-02	2.907310e-02	1.522962e-01	7.738611e-02	7.223414e-01	3.247905e-01
20057	8.633289e-01	5.349946e-01	2.729599e-02	3.411999e-02	1.787337e-01	1.346828e-01	9.480455e-01	3.480578e-01
26	6.103492e-01	8.678794e-01	2.736659e-02	3.420823e-02	1.791960e-01	1.270985e-01	2.879420e-01	4.435706e-01
31064	6.032876e-01	3.472481e-01	2.701879e-02	3.377349e-02	1.769186e-01	1.199308e-01	4.823686e-01	6.806129e-01
23268	7.462211e-01	1.941372e-01	2.346593e-02	2.933241e-02	1.536545e-01	9.651031e-02	9.603241e-01	6.564717e-01
2448	2.621474e-01	1.463353e-01	4.611013e-02	5.763766e-02	3.019284e-01	2.640429e-01	7.967000e-03	4.030815e-01
4602	4.278910e-02	6.849697e-01	2.092251e-02	2.615314e-02	1.370003e-01	1.351989e-01	9.934558e-01	4.088370e-01
5078	4.297214e-01	3.128820e-01	3.146819e-02	3.933523e-02	2.060532e-01	2.036289e-01	3.777176e-01	5.586683e-01
2987	1.960143e-01	6.171561e-01	6.340281e-02	7.925351e-02	4.151606e-01	4.150186e-01	6.814054e-01	3.153966e-01
337	1.723741e-01	7.102991e-01	4.260204e-02	5.325255e-02	2.789575e-01	1.068172e-01	2.417223e-01	6.230521e-01
8558	4.231190e-01	1.328208e-01	2.403650e-02	3.004562e-02	1.573906e-01	1.487769e-01	8.732070e-01	5.849543e-01
32287	4.915527e-01	6.036166e-01	2.124080e-02	2.655100e-02	1.390844e-01	5.612236e-02	6.822401e-01	7.223472e-02
10370	8.031362e-01	3.573081e-01	2.221679e-02	2.777099e-02	1.454752e-01	1.370579e-01	2.471543e-01	3.356199e-01
25279	3.696609e-01	9.688719e-01	2.418623e-02	3.023279e-02	1.583711e-01	1.313421e-01	3.876311e-01	5.111219e-01
12615	4.830685e-01	1.988984e-01	5.773084e-02	7.216355e-02	3.780206e-01	2.041521e-01	2.577921e-01	8.720674e-01
28689	3.807766e-01	3.289849e-01	2.237373e-02	2.796717e-02	1.465029e-01	4.700280e-02	6.861322e-01	7.740905e-01
27552	7.010625e-02	4.044537e-01	2.761724e-02	3.452155e-02	1.808372e-01	1.618800e-01	4.809321e-01	9.477618e-01
17989	5.803422e-01	7.738782e-01	5.712203e-02	7.140254e-02	3.740342e-01	1.817924e-01	5.168263e-01	9.169230e-01
19185	4.547721e-01	2.787859e-01	5.723639e-02	7.154549e-02	3.747830e-01	1.142000e-01	3.655882e-01	3.789779e-01
26639	2.758779e-01	9.364881e-02	2.067211e-02	2.584014e-02	1.353607e-01	1.352374e-01	5.984449e-01	7.843326e-02
23891	8.211881e-01	4.763041e-01	2.798634e-02	3.498293e-02	1.832541e-01	1.677400e-01	7.470143e-01	6.501461e-01
21960	5.093633e-01	6.695239e-01	3.777190e-02	4.721487e-02	2.473298e-01	7.837759e-02	2.959129e-01	5.883429e-01
2254	4.890691e-01	3.288038e-01	3.159948e-02	3.949936e-02	2.069129e-01	1.744802e-01	9.658255e-01	5.125707e-01
13628	5.350137e-02	8.682634e-01	2.607763e-02	3.259704e-02	1.707559e-01	1.652067e-01	2.614203e-02	4.725407e-01
28208	3.519954e-01	4.907992e-01	7.348734e-02	9.185918e-02	4.811940e-01	3.406989e-01	4.904273e-01	2.934463e-01
27674	4.666521e-01	4.772212e-01	3.620926e-02	4.526157e-02	2.370976e-01	1.502377e-01	6.485149e-01	3.714233e-01
275	3.432671e-01	3.412319e-01	2.434270e-02	3.042838e-02	1.593956e-01	1.579388e-01	7.687475e-01	2.147070e-01
24944	4.309493e-01	2.139504e-01	2.941633e-02	3.677042e-02	1.926177e-01	1.099761e-01	8.545314e-01	1.908493e-01
23208	4.744139e-01	3.814986e-01	3.901805e-02	4.877256e-02	2.554896e-01	1.566629e-01	7.626909e-01	6.592548e-01
19833	1.626568e-01	2.244613e-01	4.383251e-02	5.479064e-02	2.870146e-01	9.623863e-02	7.917441e-01	6.242902e-02
16251	4.587330e-01	6.710156e-01	5.913732e-02	7.392166e-02	3.872303e-01	3.487308e-01	5.458873e-01	9.470426e-01
30170	3.248217e-01	5.451614e-01	3.209304e-02	4.011630e-02	2.101447e-01	7.984888e-02	2.805785e-01	9.893247e-01
28433	6.585403e-01	6.575848e-01	3.507391e-02	4.384238e-02	2.296634e-01	8.635827e-02	1.105960e-01	7.279534e-01
20570	7.496976e-01	2.880942e-01	3.717383e-02	4.646729e-02	2.434137e-01	2.430209e-01	7.555359e-01	7.770850e-01
3066	1.679597e-01	9.067590e-01	2.555256e-02	3.194070e-02	1.673178e-01	7.144341e-02	6.524457e-01	9.407835e-01
18427	8.656895e-01	1.604083e-01	4.910183e-02	6.137729e-02	3.215180e-01	3.200560e-01	4.592742e-01	3.021417e-01
29122	7.013101e-01	8.971887e-02	2.563053e-02	3.203816e-02	1.678283e-01	1.618002e-01	3.975543e-01	3.062824e-01
27563	1.060146e-01	8.099146e-01	4.425808e-02	5.532260e-02	2.898012e-01	1.157640e-01	9.227924e-01	4.220626e-01
4577	3.815762e-01	8.043799e-01	3.041573e-02	3.801967e-02	1.991617e-01	1.044447e-01	8.390343e-01	7.228473e-01
5709	2.152711e-01	4.361351e-01	6.638553e-02	8.298191e-02	4.346914e-01	4.108326e-01	8.853082e-01	9.652597e-01
29433	3.451859e-01	6.510410e-01	2.209512e-02	2.761890e-02	1.446785e-01	1.258757e-01	2.956368e-01	8.241943e-01
10013	1.413613e-01	3.672235e-01	2.466763e-02	3.083454e-02	1.615232e-01	1.511908e-01	1.721735e-01	3.789170e-01
12951	6.710288e-01	2.105360e-01	3.785550e-02	4.731938e-02	2.478772e-01	1.439925e-01	9.324141e-01	1.605946e-01
9952	8.862752e-02	7.663609e-01	2.672836e-02	3.341045e-02	1.750169e-01	4.591007e-02	9.138672e-01	8.425235e-01
26883	6.702597e-02	9.467776e-01	2.366113e-02	2.957642e-02	1.549327e-01	1.412474e-01	6.061930e-01	6.047220e-01
2334	2.864561e-01	4.953446e-01	2.430444e-02	3.038055e-02	1.591451e-01	1.423937e-01	6.947560e-01	2.252653e-01
6094	9.439531e-01	4.712313e-01	4.925427e-02	6.156784e-02	3.225162e-01	1.589024e-01	2.397993e-01	5.550935e-02
29617	3.639221e-01	7.687355e-01	3.938824e-02	4.923530e-02	2.579136e-01	2.404031e-01	4.875239e-01	9.963798e-01
24748	3.385461e-01	6.018442e-01	2.423648e-02	3.029561e-02	1.587001e-01	5.357146e-02	3.167217e-01	3.716912e-01
6874	1.490764e-01	7.311119e-02	2.743377e-02	3.429221e-02	1.796359e-01	1.401444e-01	5.017837e-01	3.109075e-01
12610	9.007293e-01	2.033039e-01	3.065658e-02	3.832072e-02	2.007388e-01	1.478842e-01	5.711641e-02	4.771116e-02
20345	4.329526e-01	7.843881e-01	2.259533e-02	2.824416e-02	1.479539e-01	6.574167e-02	8.548881e-01	4.347210e-01
4380	7.545463e-01	1.513018e-01	3.091796e-02	3.864745e-02	2.024503e-01	7.655963e-02	3.587073e-01	4.070555e-01
2436	6.706720e-01	3.390631e-01	6.174311e-02	7.717889e-02	4.042929e-01	3.353161e-01	7.366910e-01	3.943907e-02
25165	6.981913e-01	7.824784e-01	2.079416e-02	2.599270e-02	1.361599e-01	8.570341e-02	2.557535e-01	8.440341e-01
11561	9.111051e-01	7.166293e-01	5.735592e-02	7.169490e-02	3.755657e-01	1.588337e-01	2.815078e-01	4.767280e-01
29975	5.044827e-01	8.288586e-02	2.676119e-02	3.345148e-02	1.752318e-01	5.411620e-02	6.965659e-01	2.072613e-01
2932	8.566859e-01	9.202882e-01	5.200665e-02	6.500831e-02	3.405387e-01	1.699952e-01	1.152963e-01	6.145425e-01
4355	7.335251e-01	5.660596e-01	5.661078e-02	7.076347e-02	3.706865e-01	2.294350e-01	6.113463e-02	9.796971e-01
6984	5.670747e-01	1.488828e-01	2.484289e-02	3.105362e-02	1.626709e-01	1.606850e-01	5.359431e-01	7.850769e-01
11174	5.576600e-01	5.870114e-01	2.950007e-02	3.687509e-02	1.931660e-01	5.119424e-02	2.920398e-01	1.855789e-03
