17513	1.742686e-01	7.138477e-01	2.575047e-02	3.218809e-02	1.686137e-01	1.340760e-01	9.413966e-01	6.960151e-01
24050	8.892720e-01	3.887053e-01	2.136044e-02	2.670054e-02	1.398678e-01	1.320317e-01	2.501984e-01	3.919655e-01
23592	5.877020e-01	1.608242e-01	2.106168e-02	2.632710e-02	1.379116e-01	7.311883e-02	7.578654e-01	6.543514e-01
23076	9.073237e-01	6.153811e-01	2.135283e-02	2.669104e-02	1.398180e-01	1.097215e-01	1.413338e-01	6.031306e-01
11201	4.412509e-01	7.266546e-01	2.375288e-02	2.969110e-02	1.555335e-01	5.853431e-02	2.361142e-01	3.394143e-01
26635	6.205410e-01	5.327118e-01	4.190600e-02	5.238250e-02	2.743998e-01	2.670950e-01	1.376329e-03	3.624524e-01
879	1.003141e-01	4.650605e-01	2.788271e-02	3.485338e-02	1.825755e-01	9.831593e-02	4.120610e-01	3.574561e-01
32179	3.673547e-01	5.949127e-01	3.872450e-02	4.840562e-02	2.535674e-01	1.459076e-01	3.959845e-01	8.439841e-01
11709	4.451433e-01	4.025074e-01	2.575318e-02	3.219147e-02	1.686314e-01	1.053278e-01	2.922190e-01	9.130752e-01
20018	2.778816e-01	6.270568e-01	7.662196e-02	9.577744e-02	5.017194e-01	3.462990e-01	3.408118e-01	7.516077e-01
25321	2.820528e-01	1.477620e-01	3.550490e-02	4.438112e-02	2.324855e-01	2.061409e-01	3.907014e-01	1.452403e-01
21804	6.898003e-01	5.707358e-01	4.864374e-02	6.080467e-02	3.185184e-01	2.884027e-01	4.146645e-02	9.519548e-01
179	7.998617e-01	6.246395e-01	2.298979e-02	2.873724e-02	1.505368e-01	1.043652e-01	5.296604e-01	8.481549e-01
27842	8.904957e-01	8.819785e-02	2.810109e-02	3.512637e-02	1.840055e-01	1.490805e-01	7.027994e-01	8.425837e-01
14535	5.089043e-01	2.369994e-01	2.423973e-02	3.029966e-02	1.587213e-01	7.161882e-02	1.343620e-01	8.382602e-01
16851	9.201792e-01	3.280016e-01	2.362103e-02	2.952629e-02	1.546702e-01	1.544210e-01	9.990976e-01	2.086955e-01
13685	6.945063e-01	6.813895e-01	2.974693e-02	3.718366e-02	1.947824e-01	1.264059e-01	3.932516e-02	3.360627e-01
29486	7.501029e-01	8.974467e-01	4.495089e-02	5.618861e-02	2.943377e-01	2.147369e-01	1.665535e-01	7.957083e-01
17509	6.888816e-01	4.173148e-01	2.529956e-02	3.162445e-02	1.656611e-01	9.616094e-02	4.661731e-02	2.415758e-01
31110	6.953969e-01	4.844787e-01	3.254529e-02	4.068161e-02	2.131060e-01	1.329667e-01	1.111890e-01	5.899854e-01
2130	4.537064e-01	6.709005e-01	2.384147e-02	2.980183e-02	1.561135e-01	7.313200e-02	5.847364e-01	5.020654e-01
6414	6.064805e-01	8.002684e-01	2.726879e-02	3.408598e-02	1.785556e-01	6.308784e-02	6.741074e-01	7.448373e-02
8835	1.546272e-01	1.311635e-01	3.814200e-02	4.767750e-02	2.497532e-01	1.647897e-01	3.557630e-03	4.413420e-01
18287	1.669021e-01	2.915570e-01	4.618687e-02	5.773359e-02	3.024309e-01	2.650252e-01	2.950138e-01	8.267995e-01
26447	1.299419e-01	1.995551e-01	3.039361e-02	3.799201e-02	1.990169e-01	1.870553e-01	4.756705e-02	8.361879e-01
17188	8.023322e-01	4.175078e-01	2.593986e-02	3.242482e-02	1.698538e-01	1.685772e-01	7.199612e-01	2.573699e-01
17677	1.111113e-01	9.151442e-01	2.376530e-02	2.970663e-02	1.556148e-01	1.466802e-01	6.476698e-02	2.396560e-01
29919	2.494041e-01	8.859192e-01	2.296152e-02	2.870190e-02	1.503517e-01	1.160280e-01	2.663978e-01	5.703234e-01
7161	3.721946e-01	9.425586e-01	2.098999e-02	2.623749e-02	1.374422e-01	4.240632e-02	5.117684e-01	2.056037e-01
22177	1.405710e-01	7.792780e-01	6.596894e-02	8.246118e-02	4.319636e-01	4.079216e-01	8.353833e-02	3.116921e-01
1980	5.774819e-01	5.933318e-01	2.257127e-02	2.821409e-02	1.477963e-01	8.277958e-02	9.223833e-02	9.685409e-01
22904	5.481838e-01	4.256988e-01	2.683659e-02	3.354573e-02	1.757256e-01	1.031031e-01	3.420407e-01	7.027405e-01
969	8.588664e-01	8.447365e-01	5.714646e-02	7.143308e-02	3.741941e-01	1.281611e-01	1.634883e-01	9.578969e-01
27176	7.878216e-01	1.347974e-01	4.171497e-02	5.214371e-02	2.731490e-01	2.418770e-01	8.880053e-01	9.617190e-01
24569	3.471094e-01	2.097734e-01	4.551825e-02	5.689781e-02	2.980528e-01	1.443928e-01	4.611177e-01	2.768860e-01
20491	2.551350e-01	2.554172e-01	3.169520e-02	3.961900e-02	2.075397e-01	2.045233e-01	4.486695e-01	4.082888e-01
2567	1.004267e-01	2.720538e-01	2.293521e-02	2.866901e-02	1.501794e-01	1.400862e-01	3.434907e-01	5.139135e-01
11966	3.454347e-01	5.221325e-01	2.121655e-02	2.652069e-02	1.389256e-01	5.994520e-02	3.697486e-01	1.420949e-01
10390	9.328315e-01	9.194342e-02	2.764514e-02	3.455642e-02	1.810199e-01	1.806733e-01	1.947852e-01	6.754343e-01
14759	3.927553e-01	5.230463e-01	4.657558e-02	5.821948e-02	3.049762e-01	3.007072e-01	8.151415e-01	8.516601e-01
19366	7.651067e-01	5.887517e-01	3.726116e-02	4.657646e-02	2.439855e-01	2.362326e-01	5.254064e-01	8.054874e-01
36	1.764538e-01	5.281903e-01	2.087055e-02	2.608819e-02	1.366600e-01	1.113164e-01	4.463779e-01	3.638341e-01
7964	9.733291e-01	4.998617e-01	2.444834e-02	3.056042e-02	1.600873e-01	1.510559e-01	9.383541e-01	1.973259e-01
6181	2.502902e-01	3.656876e-01	2.213508e-02	2.766885e-02	1.449402e-01	4.245763e-02	1.911537e-01	6.394695e-01
29333	4.506966e-01	9.389629e-02	5.864634e-02	7.330792e-02	3.840153e-01	2.683866e-01	4.968454e-01	3.177294e-01
8008	5.387021e-02	1.875666e-01	2.445185e-02	3.056481e-02	1.601103e-01	1.179445e-01	9.834167e-01	6.105055e-01
25497	2.613263e-01	5.215881e-02	4.644399e-02	5.805498e-02	3.041145e-01	2.028561e-01	6.256996e-02	4.160175e-01
23672	4.072224e-01	8.911336e-01	3.156361e-02	3.945452e-02	2.066781e-01	1.778710e-01	1.826870e-01	8.360107e-01
13733	5.543904e-01	7.666118e-01	5.316114e-02	6.645143e-02	3.480983e-01	2.027735e-01	1.926007e-01	6.707319e-02
19760	4.004333e-02	2.571806e-01	2.350488e-02	2.938111e-02	1.539096e-01	1.149480e-01	2.483528e-01	5.018101e-01
16767	2.590994e-01	7.660003e-01	3.501500e-02	4.376875e-02	2.292777e-01	2.032682e-01	3.596474e-01	7.440242e-01
21586	9.134754e-01	4.355736e-01	5.569718e-02	6.962148e-02	3.647043e-01	3.616359e-01	1.996995e-01	5.176343e-01
23878	6.236683e-01	4.755012e-01	3.213240e-02	4.016550e-02	2.104025e-01	9.391816e-02	6.137819e-01	9.263154e-02
140	5.782146e-01	6.508143e-01	3.555931e-02	4.444914e-02	2.328418e-01	1.289821e-01	6.168745e-01	8.472073e-02
8678	2.033879e-01	4.237474e-01	5.440027e-02	6.800033e-02	3.562121e-01	3.552840e-01	9.160898e-01	1.300312e-01
29646	3.783526e-01	7.401108e-01	2.714969e-02	3.393712e-02	1.777758e-01	6.686001e-02	2.130727e-01	6.749693e-01
10380	7.914891e-01	5.343975e-01	2.714258e-02	3.392822e-02	1.777292e-01	1.772738e-01	1.378826e-01	2.584120e-02
4494	1.724466e-01	4.776888e-01	3.895973e-02	4.869967e-02	2.551077e-01	1.869819e-01	1.046493e-01	7.131541e-02
11834	4.509198e-01	4.586970e-01	2.975767e-02	3.719708e-02	1.948527e-01	1.672877e-01	9.377329e-01	5.717728e-01
15686	2.987499e-01	7.150985e-01	3.596933e-02	4.496166e-02	2.355266e-01	2.330042e-01	7.676109e-02	1.243985e-02
13950	5.057894e-01	8.408568e-01	2.746640e-02	3.433300e-02	1.798496e-01	1.677041e-01	6.067557e-02	7.579773e-02
19465	8.633595e-01	1.057419e-01	2.692388e-02	3.365486e-02	1.762972e-01	9.893840e-02	5.723875e-02	6.527693e-02
21180	9.392614e-01	2.261173e-01	4.079435e-02	5.099293e-02	2.671207e-01	2.508861e-01	3.209777e-02	1.427763e-01
16364	4.864253e-01	1.816270e-01	2.069667e-02	2.587084e-02	1.355215e-01	1.353669e-01	9.643306e-01	5.186609e-01
15533	4.261208e-02	6.908240e-01	3.462439e-02	4.328049e-02	2.267200e-01	2.242081e-01	3.004105e-03	6.868626e-01
12585	5.456720e-01	5.469742e-01	5.695444e-02	7.119305e-02	3.729368e-01	1.372058e-01	4.857989e-01	4.933533e-01
4497	3.850537e-02	8.662824e-01	4.155119e-02	5.193899e-02	2.720765e-01	1.901233e-01	2.632307e-01	6.087655e-01
1628	8.119010e-01	7.067334e-01	2.232813e-02	2.791016e-02	1.462043e-01	1.345251e-01	9.441991e-01	8.072816e-01
3028	7.374409e-01	7.186593e-01	2.887009e-02	3.608761e-02	1.890409e-01	5.711352e-02	5.531244e-01	1.491553e-01
29430	9.297262e-01	7.927589e-01	2.514190e-02	3.142737e-02	1.646288e-01	1.610677e-01	5.211123e-02	6.596643e-01
9641	1.405204e-01	9.105582e-01	2.357369e-02	2.946711e-02	1.543602e-01	1.483923e-01	6.423682e-01	8.579469e-02
15690	6.246732e-01	6.632488e-01	2.881435e-02	3.601794e-02	1.886759e-01	7.682201e-02	9.114067e-01	8.105245e-01
32001	6.241771e-01	2.814900e-01	7.308825e-02	9.136031e-02	4.785807e-01	3.873281e-01	1.976611e-04	9.522687e-01
2460	8.761805e-01	6.658562e-01	3.251543e-02	4.064429e-02	2.129105e-01	8.853111e-02	2.779726e-01	6.608459e-01
18003	8.379633e-01	6.789264e-01	2.438886e-02	3.048607e-02	1.596979e-01	1.164645e-01	8.364837e-01	7.690453e-01
4364	8.576802e-01	1.847076e-01	2.299283e-02	2.874104e-02	1.505567e-01	1.099719e-01	1.352969e-01	7.866812e-01
10038	5.848620e-01	8.945197e-01	3.578488e-02	4.473110e-02	2.343189e-01	2.331675e-01	7.218604e-01	9.657756e-01
