13489	5.575715e-01	3.335254e-01	3.894648e-02	4.868310e-02	2.550210e-01	9.758085e-02	9.565731e-01	7.373028e-01
14087	9.599547e-01	1.021321e-01	2.454082e-02	3.067603e-02	1.606929e-01	1.604855e-01	5.676809e-01	6.638940e-02
19717	3.301472e-01	4.277859e-01	6.888990e-02	8.611237e-02	4.510900e-01	3.552119e-01	9.993177e-01	6.542828e-01
23576	2.769316e-01	7.084093e-01	4.202637e-02	5.253296e-02	2.751880e-01	2.747220e-01	4.237973e-01	5.346830e-01
21970	4.699468e-01	6.202687e-01	2.521874e-02	3.152342e-02	1.651319e-01	5.371838e-02	1.764789e-02	5.811393e-01
8758	6.514877e-01	4.515310e-01	4.185528e-02	5.231910e-02	2.740677e-01	2.059469e-01	9.522143e-01	7.118269e-01
8045	5.901866e-01	2.855424e-01	3.710677e-02	4.638347e-02	2.429746e-01	2.419274e-01	3.601764e-01	5.825445e-01
26490	5.153581e-01	6.228012e-01	3.865027e-02	4.831283e-02	2.530813e-01	2.299745e-01	3.025741e-01	2.744303e-01
24670	5.313262e-01	4.752527e-02	2.333331e-02	2.916664e-02	1.527862e-01	7.698858e-02	4.193017e-01	2.679529e-01
855	9.446541e-01	9.254934e-01	2.153171e-02	2.691463e-02	1.409893e-01	1.274161e-01	4.263500e-01	8.242206e-01
8664	2.616648e-01	1.671477e-01	2.471794e-02	3.089743e-02	1.618527e-01	6.753767e-02	5.205128e-01	2.884138e-01
3479	7.078579e-02	5.551083e-01	2.754945e-02	3.443682e-02	1.803934e-01	1.685438e-01	2.699579e-01	8.814372e-01
23612	1.451239e-01	4.510320e-01	3.018145e-02	3.772681e-02	1.976277e-01	1.239408e-01	6.076955e-01	7.872419e-01
17853	3.220192e-01	5.894404e-01	4.681379e-02	5.851724e-02	3.065360e-01	2.879851e-01	9.956067e-01	4.826982e-01
28392	4.421585e-01	4.523499e-01	2.427966e-02	3.034958e-02	1.589829e-01	1.564948e-01	1.217956e-01	7.176341e-01
29049	7.118141e-01	1.478779e-01	6.357021e-02	7.946276e-02	4.162567e-01	3.940924e-01	4.241959e-01	5.272859e-01
26546	4.565055e-01	5.733125e-01	2.754344e-02	3.442930e-02	1.803540e-01	5.768420e-02	4.221446e-02	4.291907e-02
14277	4.175212e-01	7.342687e-01	3.099340e-02	3.874175e-02	2.029443e-01	1.125206e-01	4.534947e-01	6.404453e-01
11132	6.491180e-01	6.090002e-01	3.384196e-02	4.230245e-02	2.215966e-01	2.026188e-01	9.040554e-02	2.087109e-01
10645	4.509505e-01	3.325501e-01	2.950389e-02	3.687986e-02	1.931910e-01	1.870082e-01	5.977981e-02	3.084768e-01
24421	3.380148e-01	4.404884e-02	2.144354e-02	2.680443e-02	1.404120e-01	1.091122e-01	7.487497e-01	4.078324e-01
14568	5.353661e-01	4.263305e-01	2.643296e-02	3.304120e-02	1.730826e-01	7.815825e-02	1.347503e-01	7.552608e-01
14739	7.336710e-01	5.279981e-01	7.709283e-02	9.636604e-02	5.048027e-01	3.748913e-01	3.066759e-02	8.896316e-01
32108	8.258202e-01	4.368391e-01	2.095077e-02	2.618847e-02	1.371853e-01	1.138876e-01	7.646730e-01	9.446671e-01
5665	4.670699e-01	2.421642e-01	4.089875e-02	5.112344e-02	2.678044e-01	1.952076e-01	7.999176e-01	3.369625e-01
30263	5.747435e-01	4.691399e-01	3.179201e-02	3.974002e-02	2.081736e-01	1.073755e-01	4.066513e-01	1.194721e-01
23458	2.210313e-01	2.144340e-01	4.531648e-02	5.664560e-02	2.967316e-01	2.194349e-01	5.924083e-01	2.123550e-01
3671	7.638259e-01	7.258101e-01	3.019359e-02	3.774199e-02	1.977072e-01	1.960377e-01	6.968727e-01	8.246340e-01
7409	3.713144e-01	2.416308e-01	4.293965e-02	5.367457e-02	2.811682e-01	2.794080e-01	1.951868e-01	6.230614e-01
31988	3.183080e-01	1.074023e-01	2.647749e-02	3.309686e-02	1.733742e-01	5.312298e-02	6.985079e-01	8.451470e-01
21019	9.312459e-01	4.433481e-01	6.465633e-02	8.082041e-02	4.233686e-01	1.706369e-01	7.632416e-01	9.186352e-01
29601	3.447376e-01	4.979301e-01	4.805063e-02	6.006328e-02	3.146348e-01	2.768315e-01	5.933166e-01	3.449998e-01
26447	4.596260e-02	6.840868e-01	4.374081e-02	5.467601e-02	2.864141e-01	1.054965e-01	1.503791e-01	7.499105e-01
30844	2.209537e-01	7.673296e-01	5.532683e-02	6.915854e-02	3.622792e-01	3.320009e-01	2.168131e-01	7.130504e-01
29140	8.094913e-01	9.075477e-01	2.230368e-02	2.787960e-02	1.460442e-01	1.375451e-01	2.470119e-01	5.265897e-01
23248	6.535375e-01	5.044141e-01	3.864823e-02	4.831029e-02	2.530680e-01	2.304533e-01	3.615576e-01	9.933168e-01
13882	1.257661e-01	3.935317e-01	3.462606e-02	4.328258e-02	2.267309e-01	2.254938e-01	8.547342e-01	9.153376e-02
29290	1.450853e-01	1.558423e-01	3.167294e-02	3.959117e-02	2.073939e-01	2.012838e-01	9.104901e-01	7.478001e-01
15341	9.054710e-01	7.310806e-01	2.335177e-02	2.918971e-02	1.529070e-01	6.994350e-02	8.105201e-01	4.496150e-01
10438	3.362279e-01	3.062412e-01	5.875799e-02	7.344749e-02	3.847464e-01	3.188303e-01	4.332839e-01	5.287802e-01
3409	7.546852e-01	3.140047e-01	4.240494e-02	5.300618e-02	2.776669e-01	2.710462e-01	4.458208e-01	8.302172e-01
25816	7.912229e-01	8.252786e-01	3.960187e-02	4.950234e-02	2.593125e-01	9.149133e-02	8.036304e-01	8.419485e-01
21035	1.856716e-01	9.162787e-01	2.360135e-02	2.950168e-02	1.545413e-01	1.331349e-01	8.895356e-01	7.193654e-01
11592	1.772069e-01	7.416807e-01	2.673608e-02	3.342010e-02	1.750675e-01	1.746962e-01	7.983767e-01	4.390847e-02
29833	1.877539e-01	6.497665e-01	4.722232e-02	5.902790e-02	3.092110e-01	1.280532e-01	9.837555e-01	3.156205e-01
17322	7.640094e-01	8.294003e-01	3.473831e-02	4.342289e-02	2.274659e-01	7.497920e-02	4.084675e-01	2.863897e-02
16505	5.549839e-01	7.918752e-01	3.129008e-02	3.911260e-02	2.048870e-01	2.032548e-01	6.233681e-01	4.791484e-01
3202	8.803987e-01	7.311560e-02	2.695442e-02	3.369303e-02	1.764971e-01	5.911469e-02	9.737045e-01	2.212870e-01
27200	1.032330e-01	3.082553e-01	2.524908e-02	3.156136e-02	1.653306e-01	1.013453e-01	6.252253e-01	1.833493e-02
7209	1.969922e-01	2.617921e-01	2.445402e-02	3.056753e-02	1.601246e-01	8.162409e-02	5.546893e-01	2.197002e-01
19039	5.629539e-01	1.667499e-01	2.122092e-02	2.652615e-02	1.389542e-01	1.086976e-01	3.997695e-01	7.409813e-01
12073	3.092819e-01	1.531423e-01	2.527707e-02	3.159633e-02	1.655138e-01	9.532920e-02	4.964865e-01	8.127879e-01
8288	5.654896e-01	2.386719e-01	3.128650e-02	3.910812e-02	2.048635e-01	1.404389e-01	2.468528e-01	1.693700e-01
8130	6.823272e-01	2.796454e-01	2.374311e-02	2.967889e-02	1.554695e-01	7.451757e-02	3.013505e-01	7.224017e-01
11463	4.305505e-01	1.736038e-01	2.474350e-02	3.092938e-02	1.620201e-01	1.598193e-01	5.770458e-01	2.183122e-01
25888	2.524446e-01	8.726201e-01	4.573207e-02	5.716509e-02	2.994529e-01	2.077852e-01	9.536560e-01	2.570918e-02
3103	3.676557e-01	1.150193e-01	2.634775e-02	3.293469e-02	1.725247e-01	1.418710e-01	8.428021e-02	5.010854e-01
28465	6.845511e-01	9.696412e-01	2.569979e-02	3.212474e-02	1.682818e-01	9.524822e-02	4.554663e-01	8.544118e-01
4901	2.915515e-01	3.375750e-01	2.460262e-02	3.075327e-02	1.610976e-01	1.541897e-01	4.659457e-01	7.527885e-01
25300	9.577555e-01	8.988902e-01	2.072267e-02	2.590334e-02	1.356917e-01	5.580667e-02	9.282485e-01	8.892138e-01
11460	4.893216e-01	2.856084e-01	2.485334e-02	3.106667e-02	1.627393e-01	1.624574e-01	2.926320e-01	1.434074e-01
3138	2.561145e-01	5.819686e-01	7.733103e-02	9.666379e-02	5.063624e-01	3.801258e-01	4.434208e-01	2.334976e-01
17435	1.260583e-01	9.157631e-01	5.668959e-02	7.086198e-02	3.712025e-01	3.708710e-01	4.060952e-01	6.183907e-01
8567	2.795733e-01	7.928419e-01	4.454607e-02	5.568258e-02	2.916869e-01	2.865123e-01	9.374701e-01	9.411025e-01
17559	5.926746e-01	8.144226e-01	3.059594e-02	3.824492e-02	2.003417e-01	1.281997e-01	7.622451e-01	6.209032e-01
4997	5.516339e-01	7.124840e-01	2.809505e-02	3.511881e-02	1.839660e-01	1.740115e-01	2.995645e-01	3.686777e-01
16968	3.216580e-01	7.596934e-01	2.602552e-02	3.253190e-02	1.704147e-01	1.425921e-01	1.839929e-01	8.580862e-01
14210	9.100264e-01	6.688079e-01	2.514578e-02	3.143223e-02	1.646542e-01	5.960590e-02	3.984366e-01	3.728155e-01
9991	1.974017e-01	5.519306e-01	3.194211e-02	3.992764e-02	2.091564e-01	1.802516e-01	5.649934e-01	6.553922e-01
1344	5.445520e-02	7.590885e-01	4.963023e-02	6.203779e-02	3.249780e-01	1.616961e-01	9.006524e-01	5.273880e-01
4108	4.471859e-01	8.958730e-02	3.336046e-02	4.170058e-02	2.184438e-01	1.056355e-01	3.125931e-01	8.624046e-01
704	7.494246e-01	2.705686e-01	3.989867e-02	4.987334e-02	2.612559e-01	9.095826e-02	5.844959e-02	5.392716e-01
7470	8.889376e-01	3.986204e-01	2.058020e-02	2.572525e-02	1.347588e-01	8.991437e-02	5.794092e-01	8.327617e-01
9697	5.298743e-01	8.899981e-01	2.453844e-02	3.067305e-02	1.606773e-01	1.135265e-01	7.779087e-01	1.341036e-02
21271	1.192071e-01	5.194939e-01	4.429949e-02	5.537436e-02	2.900723e-01	2.788660e-01	4.924866e-02	4.325531e-01
