9248	7.241164e-01	8.487395e-01	7.911704e-02	9.889630e-02	5.180571e-01	2.918053e-01	5.645510e-01	3.235115e-01
3065	4.820404e-01	4.626369e-01	4.633707e-02	5.792134e-02	3.034144e-01	2.966212e-01	1.034088e-01	8.968875e-01
24640	7.294330e-01	1.000346e-01	5.652708e-02	7.065885e-02	3.701384e-01	3.234537e-01	5.290372e-02	6.354798e-01
6956	2.710508e-01	3.070829e-01	2.251300e-02	2.814125e-02	1.474148e-01	1.215696e-01	5.568190e-02	3.730285e-01
15954	7.479819e-01	4.895511e-01	2.146873e-02	2.683591e-02	1.405769e-01	1.104717e-01	6.189809e-01	7.617783e-01
19001	8.838831e-01	2.413215e-01	5.243756e-02	6.554695e-02	3.433604e-01	1.821706e-01	9.963671e-01	7.408569e-01
17522	8.301716e-01	3.082558e-01	4.835170e-02	6.043962e-02	3.166062e-01	3.142969e-01	6.115008e-01	4.254867e-01
7132	6.628679e-01	3.994174e-01	3.825407e-02	4.781758e-02	2.504870e-01	2.278051e-01	2.516959e-01	9.059749e-01
9848	4.181904e-01	1.242793e-01	6.432156e-02	8.040195e-02	4.211766e-01	4.205104e-01	1.632822e-02	6.804496e-02
26477	8.245647e-01	5.342518e-01	5.315687e-02	6.644609e-02	3.480703e-01	3.426757e-01	7.895270e-01	3.582088e-01
9294	3.713201e-01	6.519181e-01	3.033033e-02	3.791292e-02	1.986026e-01	1.937346e-01	8.672773e-01	8.130145e-01
27582	2.392950e-01	9.507547e-01	3.175081e-02	3.968851e-02	2.079038e-01	2.061831e-01	3.828443e-01	4.755971e-01
4868	2.128652e-01	2.097867e-01	3.515930e-02	4.394912e-02	2.302225e-01	1.939923e-01	2.260496e-01	5.598957e-01
446	1.512297e-01	2.409070e-01	4.293113e-02	5.366392e-02	2.811124e-01	2.329669e-01	9.405988e-01	9.350077e-01
20782	2.401163e-01	6.665578e-01	2.498596e-02	3.123245e-02	1.636077e-01	1.040225e-01	6.306985e-01	8.491243e-01
32315	5.005847e-01	2.453470e-01	3.830034e-02	4.787542e-02	2.507900e-01	2.005364e-01	9.176288e-01	5.687224e-02
23651	6.610535e-01	6.689766e-01	2.773997e-02	3.467497e-02	1.816409e-01	8.645271e-02	6.233721e-01	9.072184e-01
4543	3.913398e-01	4.240761e-01	2.404427e-02	3.005533e-02	1.574415e-01	1.559177e-01	5.869459e-01	9.527887e-01
23963	5.208992e-02	2.810084e-01	2.207571e-02	2.759463e-02	1.445514e-01	1.418176e-01	7.584159e-01	8.290980e-01
16663	4.034527e-01	6.949305e-01	5.219048e-02	6.523810e-02	3.417424e-01	2.560236e-01	7.026466e-01	3.727390e-01
25763	7.905589e-01	3.716599e-01	2.355365e-02	2.944207e-02	1.542290e-01	8.914300e-02	9.801407e-01	9.005178e-01
17806	1.000269e-01	3.251481e-01	5.012549e-02	6.265686e-02	3.282209e-01	2.695362e-01	3.493721e-01	6.222004e-01
23435	1.144687e-01	4.769619e-01	5.929413e-02	7.411766e-02	3.882570e-01	3.485249e-01	6.007091e-01	7.757776e-01
8940	8.962466e-01	5.667219e-01	2.382697e-02	2.978371e-02	1.560186e-01	9.268695e-02	5.398977e-01	2.827717e-01
475	1.213876e-01	6.389869e-01	2.375457e-02	2.969322e-02	1.555446e-01	1.549517e-01	2.729484e-02	4.625599e-01
30482	7.293336e-01	2.500337e-01	3.986997e-02	4.983746e-02	2.610679e-01	2.037885e-01	3.704702e-01	6.049555e-01
27735	1.305305e-01	3.043532e-01	2.278744e-02	2.848431e-02	1.492118e-01	1.482888e-01	2.398010e-01	9.291143e-01
17724	8.541478e-01	4.286069e-01	3.866401e-02	4.833001e-02	2.531713e-01	2.523060e-01	2.142667e-01	7.779125e-01
9361	1.316860e-01	1.409147e-01	4.559104e-02	5.698880e-02	2.985294e-01	2.423893e-01	8.498207e-02	8.328978e-01
12441	2.837041e-01	6.829839e-01	5.872767e-02	7.340958e-02	3.845478e-01	2.905036e-01	5.013924e-01	1.605990e-01
8684	4.451626e-01	9.386011e-01	4.097468e-02	5.121835e-02	2.683016e-01	9.110710e-02	5.084397e-01	1.337273e-01
31029	2.718024e-01	9.523248e-01	2.547155e-02	3.183944e-02	1.667873e-01	1.382552e-01	9.325435e-01	4.995896e-01
69	5.066192e-01	9.612521e-01	2.939432e-02	3.674290e-02	1.924735e-01	1.924725e-01	3.731461e-02	3.506500e-01
27040	4.554347e-01	3.817815e-01	5.053404e-02	6.316756e-02	3.308961e-01	2.886870e-01	3.894832e-01	3.771974e-01
10429	4.825382e-01	8.611851e-01	2.491988e-02	3.114985e-02	1.631750e-01	7.016123e-02	5.032798e-01	8.894340e-01
21550	5.423969e-01	4.804122e-01	3.556507e-02	4.445634e-02	2.328796e-01	1.471810e-01	5.655675e-01	9.460046e-01
20654	1.082821e-01	1.090609e-01	2.718241e-02	3.397801e-02	1.779900e-01	5.195152e-02	9.339585e-01	3.446494e-01
9658	4.667543e-01	6.325696e-01	2.213012e-02	2.766265e-02	1.449077e-01	5.657040e-02	4.233371e-01	2.747304e-01
24694	5.043111e-01	6.902960e-01	3.087186e-02	3.858983e-02	2.021485e-01	1.729246e-01	6.873410e-01	4.320094e-01
12019	3.526360e-01	8.859325e-01	3.002975e-02	3.753719e-02	1.966343e-01	1.846365e-01	3.131081e-01	1.145294e-01
15191	1.629813e-01	5.931268e-01	2.659966e-02	3.324958e-02	1.741742e-01	1.498474e-01	6.806361e-01	5.407993e-01
29182	6.339816e-01	6.133465e-01	3.487415e-02	4.359269e-02	2.283554e-01	1.585118e-01	9.176746e-02	1.539845e-01
4664	5.264602e-01	1.539978e-01	6.964829e-02	8.706036e-02	4.560559e-01	2.984149e-01	5.889183e-01	1.634435e-01
20834	3.392497e-01	9.874998e-02	5.465111e-02	6.831389e-02	3.578546e-01	1.778895e-01	2.326549e-01	7.955829e-01
28475	8.736752e-01	9.520573e-01	4.461180e-02	5.576475e-02	2.921174e-01	1.974036e-01	9.742610e-01	1.703800e-01
3594	7.473640e-01	5.989501e-01	3.288412e-02	4.110515e-02	2.153247e-01	2.025144e-01	7.206386e-01	8.378238e-01
25565	5.977353e-01	6.629780e-01	2.721761e-02	3.402202e-02	1.782205e-01	1.749649e-01	6.289979e-03	7.097462e-01
15137	1.572090e-01	6.886650e-01	3.215609e-02	4.019511e-02	2.105576e-01	1.424654e-01	5.922475e-01	2.061430e-01
10260	9.409094e-01	3.785873e-01	2.261325e-02	2.826656e-02	1.480712e-01	1.454219e-01	1.233739e-01	6.117099e-03
5712	3.113730e-01	3.993300e-01	2.254962e-02	2.818702e-02	1.476545e-01	8.003098e-02	1.957835e-01	2.184484e-01
25069	9.301961e-02	2.202489e-01	2.994397e-02	3.742997e-02	1.960727e-01	1.691661e-01	3.109596e-01	4.321367e-01
3753	1.654903e-01	9.601459e-01	3.036824e-02	3.796029e-02	1.988507e-01	1.720937e-01	6.632150e-01	3.719569e-01
21778	1.823800e-01	6.483341e-01	2.958687e-02	3.698359e-02	1.937344e-01	1.936030e-01	6.152673e-01	3.524941e-01
30926	9.127694e-01	1.859789e-01	2.311156e-02	2.888945e-02	1.513341e-01	1.146485e-01	6.716175e-01	5.959115e-01
11866	5.489109e-01	6.670425e-01	3.838284e-02	4.797855e-02	2.513302e-01	1.151770e-01	2.558137e-01	9.928570e-02
29449	4.523217e-01	2.831917e-01	3.022898e-02	3.778622e-02	1.979389e-01	1.578497e-01	3.633284e-01	5.399140e-01
28133	3.613920e-01	4.787797e-02	2.791133e-02	3.488916e-02	1.827629e-01	1.315260e-01	5.220106e-01	8.625566e-01
10498	4.637001e-01	5.262262e-01	4.469687e-02	5.587109e-02	2.926744e-01	2.735417e-01	3.245680e-01	6.754523e-01
23630	9.300540e-01	1.165579e-01	6.132705e-02	7.665881e-02	4.015685e-01	3.201861e-01	1.885848e-02	2.977179e-01
24604	5.170685e-01	7.488301e-01	4.104073e-02	5.130092e-02	2.687341e-01	2.377212e-01	5.727289e-01	8.648404e-01
13042	2.385804e-01	8.382614e-01	2.675984e-02	3.344980e-02	1.752230e-01	1.337529e-01	9.001057e-01	7.236669e-01
30203	3.235589e-01	6.231948e-01	2.448210e-02	3.060262e-02	1.603084e-01	1.574965e-01	2.089025e-01	2.087633e-01
24654	2.399725e-01	1.528181e-01	2.373047e-02	2.966309e-02	1.553867e-01	4.389382e-02	6.068378e-01	4.246739e-01
19198	7.322301e-01	3.070530e-01	3.062114e-02	3.827643e-02	2.005068e-01	5.471046e-02	2.175134e-01	5.893998e-01
8655	5.762342e-01	8.735869e-01	2.552114e-02	3.190143e-02	1.671120e-01	1.659293e-01	7.810062e-01	1.756155e-01
17736	8.374442e-01	3.700184e-01	2.167005e-02	2.708757e-02	1.418952e-01	8.369066e-02	2.633879e-01	4.360954e-01
11546	2.314190e-01	8.869305e-02	3.771173e-02	4.713966e-02	2.469358e-01	1.589144e-01	2.423804e-01	6.014703e-01
25004	1.132917e-01	8.977835e-01	2.861034e-02	3.576292e-02	1.873401e-01	1.281482e-01	2.783216e-02	5.185589e-01
15569	3.366816e-01	7.155460e-01	4.038846e-02	5.048557e-02	2.644630e-01	1.661055e-01	9.586057e-01	6.082814e-02
28257	1.540940e-01	3.848339e-01	3.571224e-02	4.464029e-02	2.338432e-01	2.338335e-01	5.721879e-02	3.952289e-03
20236	8.186660e-01	6.456286e-01	2.957608e-02	3.697010e-02	1.936637e-01	1.412232e-01	7.361265e-01	6.987617e-01
31434	1.791559e-01	8.675260e-01	5.109332e-02	6.386665e-02	3.345582e-01	3.317704e-01	3.968151e-01	1.171780e-01
3630	3.631970e-01	2.747140e-01	6.255890e-02	7.819863e-02	4.096347e-01	3.608723e-01	4.282632e-01	2.353581e-01
25653	8.482637e-01	8.453208e-01	7.530954e-02	9.413692e-02	4.931257e-01	4.740315e-01	3.894230e-01	1.418997e-01
