21142	1.988348e-01	8.467003e-01	5.493145e-02	6.866432e-02	3.596903e-01	2.939123e-01	7.600979e-01	3.949057e-02
7898	7.582225e-01	4.734813e-01	5.423397e-02	6.779246e-02	3.551232e-01	3.168993e-01	9.679080e-01	6.450194e-01
31560	1.860629e-01	2.696250e-01	2.593784e-02	3.242230e-02	1.698406e-01	6.694297e-02	2.067910e-03	2.840172e-01
28518	3.470391e-01	9.563435e-02	2.163516e-02	2.704395e-02	1.416667e-01	4.705720e-02	7.155999e-01	6.659655e-01
25024	8.958077e-01	6.091950e-01	3.201068e-02	4.001335e-02	2.096054e-01	2.071014e-01	1.066899e-01	7.202027e-01
27643	3.146296e-01	1.302796e-01	5.160834e-02	6.451042e-02	3.379306e-01	1.382946e-01	3.754808e-03	3.617827e-01
17073	4.221036e-01	9.226051e-01	2.126857e-02	2.658571e-02	1.392663e-01	7.828065e-02	8.672498e-01	1.812278e-01
8959	6.678931e-01	7.023885e-02	4.264998e-02	5.331247e-02	2.792714e-01	2.069615e-01	7.642594e-01	2.642529e-01
16402	6.299158e-01	6.362539e-01	3.605886e-02	4.507357e-02	2.361128e-01	1.144400e-01	6.185974e-01	2.778540e-02
7541	5.332192e-01	2.013892e-01	2.780834e-02	3.476042e-02	1.820886e-01	1.327443e-01	8.933912e-02	5.529847e-01
4462	9.170822e-01	9.165155e-02	2.227648e-02	2.784560e-02	1.458660e-01	1.140267e-01	7.921979e-01	6.955373e-01
10663	7.501902e-01	3.682437e-01	2.297287e-02	2.871608e-02	1.504260e-01	5.135389e-02	4.962396e-01	7.709075e-01
2153	9.440214e-01	3.414379e-01	4.051592e-02	5.064490e-02	2.652976e-01	1.115178e-01	1.600717e-01	6.926698e-01
9261	3.470350e-02	3.707906e-02	2.778176e-02	3.472720e-02	1.819145e-01	9.081692e-02	5.005324e-01	7.528462e-01
21302	7.168151e-01	6.890384e-01	3.576678e-02	4.470848e-02	2.342003e-01	2.104220e-01	3.211044e-01	5.268570e-01
31786	9.694655e-01	7.744264e-01	3.169317e-02	3.961646e-02	2.075264e-01	1.883609e-01	3.148031e-01	6.636980e-01
4156	9.625172e-01	2.357078e-01	2.970666e-02	3.713332e-02	1.945187e-01	1.333255e-01	5.165322e-01	1.133137e-01
28295	6.370112e-01	4.302661e-01	2.072842e-02	2.591052e-02	1.357293e-01	1.243410e-01	7.815098e-01	3.817996e-01
24411	8.583725e-01	5.941803e-01	2.594121e-02	3.242651e-02	1.698626e-01	1.001668e-01	5.682397e-01	7.767841e-01
26826	3.458913e-01	8.934053e-01	3.304027e-02	4.130034e-02	2.163472e-01	2.146149e-01	3.868397e-01	7.261856e-01
14297	9.052658e-02	8.579994e-01	5.107889e-02	6.384862e-02	3.344638e-01	3.308334e-01	3.087112e-01	8.909396e-01
21713	6.171500e-01	5.102512e-01	2.384846e-02	2.981058e-02	1.561594e-01	1.556106e-01	6.462915e-01	9.856102e-01
25084	7.078151e-01	7.293884e-01	2.382185e-02	2.977731e-02	1.559851e-01	5.047263e-02	5.260407e-02	9.821656e-01
7218	7.921964e-01	2.673582e-01	2.233662e-02	2.792077e-02	1.462598e-01	5.458723e-02	4.428230e-01	6.858071e-01
15760	4.662115e-01	4.444778e-01	3.882174e-02	4.852718e-02	2.542042e-01	1.403444e-01	4.433388e-01	6.313435e-04
28406	3.520242e-01	5.000173e-01	2.179479e-02	2.724349e-02	1.427119e-01	1.123552e-01	3.762121e-01	6.581869e-01
15696	3.847407e-01	8.385921e-01	2.166257e-02	2.707822e-02	1.418462e-01	1.392995e-01	5.203335e-01	8.885260e-01
3123	8.005316e-01	8.506122e-01	5.670101e-02	7.087626e-02	3.712773e-01	3.266717e-01	7.597684e-01	1.964571e-02
13399	8.106397e-01	5.373528e-01	4.831722e-02	6.039653e-02	3.163804e-01	1.391705e-01	6.747064e-01	1.613863e-01
28787	4.918603e-01	6.863081e-01	2.505148e-02	3.131436e-02	1.640367e-01	1.258979e-01	5.395802e-01	9.977633e-01
20068	6.790432e-01	1.355956e-01	4.659106e-02	5.823883e-02	3.050775e-01	3.009319e-01	5.455180e-01	9.386042e-01
15725	2.745960e-01	4.616197e-01	3.695156e-02	4.618945e-02	2.419583e-01	2.273857e-01	3.115994e-01	7.550865e-01
28850	7.453407e-01	7.555351e-02	3.596749e-02	4.495937e-02	2.355146e-01	2.114874e-01	7.472204e-01	8.077077e-01
3165	6.334049e-02	1.646074e-01	2.648814e-02	3.311017e-02	1.734439e-01	1.607643e-01	8.249334e-01	6.629347e-01
30219	7.230857e-01	5.454031e-01	2.444430e-02	3.055538e-02	1.600609e-01	1.599425e-01	4.525870e-01	9.289011e-01
7896	4.855059e-01	3.418745e-01	2.128942e-02	2.661178e-02	1.394028e-01	1.163836e-01	3.541653e-01	9.412958e-01
21985	5.021008e-01	2.608731e-01	4.939098e-02	6.173873e-02	3.234114e-01	3.109993e-01	4.728802e-02	2.049808e-01
18408	8.290502e-01	7.414816e-01	3.989459e-02	4.986824e-02	2.612292e-01	1.021764e-01	3.508369e-01	2.592342e-01
9777	9.525685e-02	7.667623e-01	5.696843e-02	7.121054e-02	3.730284e-01	3.596139e-01	6.199801e-01	2.242992e-01
10702	7.002074e-01	2.630778e-01	2.360997e-02	2.951246e-02	1.545977e-01	1.425332e-01	3.402232e-02	3.542350e-01
5272	6.866633e-01	8.995451e-01	6.720015e-02	8.400019e-02	4.400256e-01	1.704815e-01	4.616505e-01	2.237962e-01
12330	9.318682e-01	5.498391e-01	3.572062e-02	4.465077e-02	2.338980e-01	1.005878e-01	3.798181e-01	1.172605e-02
25648	9.082074e-01	5.150805e-01	5.368057e-02	6.710071e-02	3.514995e-01	9.153762e-02	6.404603e-01	3.792485e-01
10304	5.599551e-02	3.566675e-01	4.347465e-02	5.434331e-02	2.846713e-01	2.748972e-01	8.463204e-01	1.438150e-01
19598	2.205077e-01	2.835815e-02	2.144812e-02	2.681016e-02	1.404420e-01	1.290778e-01	7.297751e-01	4.249212e-01
8680	1.943129e-01	7.935094e-02	5.247107e-02	6.558884e-02	3.435798e-01	2.979758e-01	3.674103e-01	8.720194e-01
2165	7.074851e-01	6.279436e-01	2.125860e-02	2.657325e-02	1.392010e-01	1.391981e-01	1.098171e-01	1.426013e-01
2725	8.414088e-01	5.023036e-01	2.158520e-02	2.698149e-02	1.413395e-01	4.935602e-02	3.253350e-02	1.582120e-01
6858	8.001744e-01	6.205827e-01	2.135591e-02	2.669488e-02	1.398381e-01	7.060950e-02	9.615044e-01	9.282623e-01
30480	6.829272e-01	7.333148e-01	2.836336e-02	3.545420e-02	1.857228e-01	1.450070e-01	3.406367e-01	2.779231e-01
28590	4.436020e-01	2.650237e-01	4.170829e-02	5.213536e-02	2.731052e-01	1.775497e-01	4.842800e-01	4.332237e-02
4805	9.139551e-01	8.332257e-01	2.094103e-02	2.617628e-02	1.371215e-01	1.262643e-01	3.909730e-01	4.967529e-01
4027	9.611617e-01	4.596339e-01	4.245038e-02	5.306298e-02	2.779645e-01	1.810367e-01	4.090961e-01	9.171328e-01
23134	3.828343e-01	2.813367e-01	3.208885e-02	4.011107e-02	2.101173e-01	1.320835e-01	2.659589e-01	1.861773e-01
2258	2.470770e-01	1.350174e-01	4.382407e-02	5.478009e-02	2.869593e-01	1.031473e-01	3.061718e-01	2.341836e-01
29066	5.327119e-01	8.654026e-01	5.923326e-02	7.404158e-02	3.878585e-01	1.758861e-01	6.090805e-01	3.384686e-01
23065	4.444617e-01	7.325701e-01	3.675496e-02	4.594370e-02	2.406709e-01	2.296601e-01	9.075536e-01	8.370827e-03
1985	8.148130e-02	5.529962e-02	3.934470e-02	4.918088e-02	2.576285e-01	1.978571e-01	3.085625e-01	8.101417e-01
6804	1.360914e-01	1.361806e-01	4.012080e-02	5.015100e-02	2.627104e-01	1.675396e-01	6.989164e-01	6.393296e-01
19739	4.817633e-01	1.291631e-01	2.389196e-02	2.986495e-02	1.564442e-01	1.444466e-01	7.729370e-01	9.351474e-01
23436	8.586143e-01	6.532302e-01	4.225451e-02	5.281814e-02	2.766819e-01	2.503664e-01	8.615719e-02	5.437089e-02
28735	9.543903e-01	3.484192e-02	2.883919e-02	3.604899e-02	1.888386e-01	1.753260e-01	6.803357e-01	3.112924e-01
2629	4.452761e-01	3.859338e-01	4.676828e-02	5.846036e-02	3.062380e-01	2.153546e-01	3.869418e-01	6.202982e-02
3750	4.631242e-01	7.610442e-01	2.315696e-02	2.894620e-02	1.516314e-01	8.675967e-02	9.897408e-01	6.753167e-02
24084	4.917723e-01	4.362827e-01	2.057037e-02	2.571296e-02	1.346944e-01	1.282136e-01	9.356322e-01	4.903084e-01
12271	7.540358e-01	8.736132e-01	2.836844e-02	3.546055e-02	1.857561e-01	1.447852e-01	6.855864e-01	9.152226e-01
4473	2.768262e-01	8.025991e-01	2.237246e-02	2.796557e-02	1.464945e-01	1.309049e-01	8.984929e-01	9.228123e-01
28917	3.182824e-01	2.151575e-01	2.319681e-02	2.899601e-02	1.518924e-01	1.447441e-01	3.749331e-01	7.730050e-01
9776	8.920947e-01	9.477787e-01	3.048799e-02	3.810999e-02	1.996349e-01	8.899123e-02	4.844108e-01	3.699099e-02
29511	9.413140e-01	7.844368e-02	2.442943e-02	3.053679e-02	1.599635e-01	1.572760e-01	8.322288e-01	3.710171e-02
19637	1.475795e-01	2.415426e-01	2.300849e-02	2.876061e-02	1.506592e-01	1.293523e-01	6.164163e-01	7.515792e-01
3366	3.022537e-01	5.374046e-01	3.097760e-02	3.872200e-02	2.028408e-01	1.830132e-01	5.047518e-01	1.361519e-01
12910	6.233148e-01	4.696354e-01	3.140590e-02	3.925738e-02	2.056454e-01	1.952510e-01	2.091244e-01	1.060462e-01
24535	4.995109e-01	9.323878e-01	2.544026e-02	3.180032e-02	1.665824e-01	1.150217e-01	6.384608e-01	8.984017e-01
8936	6.270305e-01	7.108428e-01	2.223628e-02	2.779535e-02	1.456028e-01	1.303811e-01	5.672816e-01	8.096395e-02
29330	6.624767e-01	6.775555e-01	2.111413e-02	2.639266e-02	1.382550e-01	1.370875e-01	6.007561e-01	2.852610e-01
9659	6.872926e-01	5.342352e-01	3.386562e-02	4.233203e-02	2.217516e-01	1.709098e-01	7.541096e-01	5.517095e-01
27405	6.003157e-01	3.942962e-01	2.819025e-02	3.523781e-02	1.845893e-01	1.839464e-01	8.265597e-01	4.010017e-01
12306	4.624586e-01	7.924079e-01	2.439883e-02	3.049853e-02	1.597631e-01	1.081603e-01	7.852455e-01	2.982214e-01
19331	9.127221e-01	8.928917e-01	2.483023e-02	3.103779e-02	1.625880e-01	1.109304e-01	1.802568e-01	3.296766e-01
21296	8.581877e-01	3.305813e-01	2.112962e-02	2.641203e-02	1.383565e-01	5.155510e-02	2.124260e-01	6.931722e-01
18082	6.017555e-01	2.552233e-01	3.815759e-02	4.769699e-02	2.498553e-01	2.361850e-01	7.420159e-02	9.914031e-01
22032	4.776358e-01	3.031812e-01	2.155798e-02	2.694748e-02	1.411613e-01	1.256920e-01	6.287099e-01	2.783142e-01
