12240	1.616423e-01	1.834891e-01	2.179587e-02	2.724484e-02	1.427190e-01	1.410025e-01	3.362410e-01	7.501628e-02
20228	5.644119e-01	2.439332e-01	3.744656e-02	4.680820e-02	2.451995e-01	2.435699e-01	8.928969e-01	1.010926e-01
262	5.516452e-01	3.053436e-01	3.199889e-02	3.999861e-02	2.095282e-01	9.957240e-02	8.881640e-01	1.993058e-01
12204	8.886799e-02	6.362776e-02	2.545967e-02	3.182458e-02	1.667095e-01	1.547264e-01	7.859262e-01	6.067009e-01
19639	9.910472e-02	1.144525e-01	4.729177e-02	5.911471e-02	3.096658e-01	1.633501e-01	7.144225e-01	7.774044e-02
21855	2.049204e-01	5.681152e-01	3.612315e-02	4.515394e-02	2.365338e-01	2.353598e-01	6.640184e-01	3.992835e-01
11443	9.090386e-01	7.494562e-01	4.706610e-02	5.883263e-02	3.081881e-01	2.960833e-01	3.766419e-01	1.571513e-01
7600	6.308801e-01	1.429608e-01	6.768244e-02	8.460305e-02	4.431835e-01	3.485330e-01	1.004703e-01	4.230162e-01
638	6.787711e-01	6.640720e-01	3.191352e-02	3.989190e-02	2.089692e-01	1.938664e-01	1.780660e-01	8.982189e-01
436	5.809277e-01	8.830223e-01	2.752354e-02	3.440442e-02	1.802237e-01	1.753510e-01	8.838822e-01	1.124020e-01
6778	7.639769e-01	4.788597e-01	3.609685e-02	4.512106e-02	2.363616e-01	2.160219e-01	9.729072e-01	3.771019e-01
16161	6.063440e-02	4.512681e-01	2.766861e-02	3.458576e-02	1.811736e-01	1.100248e-01	5.785616e-02	4.811805e-01
22032	8.572889e-01	3.851523e-01	3.083656e-02	3.854570e-02	2.019173e-01	1.939208e-01	2.607129e-01	2.387414e-01
30276	2.408495e-01	8.299925e-01	3.382682e-02	4.228353e-02	2.214975e-01	1.824629e-01	8.621461e-01	8.326361e-01
18141	8.568235e-01	6.832712e-01	6.774031e-02	8.467539e-02	4.435625e-01	4.307561e-01	9.626568e-01	7.603879e-01
24426	2.560942e-01	2.879413e-01	4.771050e-02	5.963812e-02	3.124076e-01	3.101383e-01	2.250759e-01	2.568908e-01
10334	8.997279e-01	6.361336e-01	2.108522e-02	2.635652e-02	1.380657e-01	8.477931e-02	9.591877e-01	3.406628e-01
24673	5.235698e-01	2.758338e-01	2.979874e-02	3.724842e-02	1.951217e-01	1.515796e-01	1.235560e-01	1.161281e-01
23110	7.293905e-01	7.477692e-01	5.641760e-02	7.052201e-02	3.694216e-01	3.444629e-01	2.382289e-01	6.175158e-01
3131	2.097058e-01	5.068317e-01	4.932256e-02	6.165320e-02	3.229634e-01	2.002738e-01	6.353128e-01	9.964303e-01
28609	8.737098e-01	8.799097e-01	6.561526e-02	8.201908e-02	4.296477e-01	3.444707e-01	1.555291e-01	9.649980e-01
28908	5.374604e-02	2.876680e-01	2.079609e-02	2.599511e-02	1.361725e-01	8.735154e-02	6.524936e-01	1.411468e-01
23431	3.085615e-01	2.989277e-01	4.773134e-02	5.966417e-02	3.125440e-01	2.033592e-01	5.759944e-01	3.007527e-01
31241	7.665393e-01	6.807193e-01	3.797872e-02	4.747340e-02	2.486841e-01	2.238453e-01	4.392271e-01	8.815556e-01
11671	7.256100e-01	6.478709e-01	2.333734e-02	2.917167e-02	1.528125e-01	1.351252e-01	2.254513e-01	7.188098e-01
17330	1.174819e-01	9.235402e-01	2.418638e-02	3.023297e-02	1.583720e-01	1.532485e-01	9.588610e-01	9.878429e-02
11851	5.743746e-01	8.544891e-01	2.743311e-02	3.429139e-02	1.796316e-01	1.031624e-01	8.777958e-01	1.540980e-01
18668	1.063297e-01	2.482948e-01	2.459533e-02	3.074416e-02	1.610498e-01	1.475678e-01	3.690703e-01	5.445793e-01
13165	7.019569e-01	8.240999e-01	4.704059e-02	5.880074e-02	3.080211e-01	1.473272e-01	3.051966e-01	8.585168e-01
1288	1.043169e-01	7.652102e-01	3.960084e-02	4.950104e-02	2.593057e-01	2.093888e-01	4.287434e-01	4.263098e-01
8905	1.092328e-01	3.665394e-01	2.983447e-02	3.729309e-02	1.953556e-01	1.608490e-01	4.131177e-01	4.719037e-01
5502	5.477120e-01	3.721649e-01	3.049917e-02	3.812396e-02	1.997081e-01	1.292829e-01	5.970000e-01	2.656364e-01
26293	4.289358e-01	4.249991e-01	6.053637e-02	7.567047e-02	3.963912e-01	3.915795e-01	5.530844e-01	1.496797e-01
12982	5.786018e-01	5.527194e-01	4.026713e-02	5.033391e-02	2.636685e-01	1.380024e-01	6.977604e-01	1.965585e-01
18789	9.360437e-01	5.522795e-01	2.215673e-02	2.769591e-02	1.450819e-01	1.010809e-01	2.263313e-01	7.111787e-01
5290	7.820382e-01	2.416172e-01	2.076876e-02	2.596095e-02	1.359935e-01	8.365676e-02	3.701138e-01	6.478966e-01
25891	4.268076e-01	1.208719e-01	2.328576e-02	2.910720e-02	1.524748e-01	6.704011e-02	8.685774e-01	1.794243e-01
29465	6.007861e-01	1.862239e-01	2.083952e-02	2.604940e-02	1.364568e-01	8.065988e-02	4.413785e-01	1.144514e-01
4930	2.593308e-01	9.682669e-02	5.773442e-02	7.216803e-02	3.780441e-01	3.383049e-01	6.392842e-01	9.605733e-01
15813	1.113488e-01	1.990704e-01	2.287030e-02	2.858788e-02	1.497544e-01	1.399510e-01	4.310850e-01	5.958604e-01
21628	4.708968e-01	3.053477e-01	3.991648e-02	4.989560e-02	2.613725e-01	2.306685e-01	5.490772e-01	5.504482e-01
22424	9.675608e-01	3.398752e-01	2.591128e-02	3.238910e-02	1.696667e-01	1.472570e-01	3.517548e-01	2.851896e-01
20205	4.503118e-01	2.194905e-01	2.681150e-02	3.351437e-02	1.755613e-01	1.230483e-01	7.454240e-01	5.622941e-01
24749	1.582992e-01	1.289611e-01	4.061567e-02	5.076959e-02	2.659508e-01	2.590608e-01	4.863379e-01	4.619661e-01
17148	5.995828e-01	8.201426e-02	3.423400e-02	4.279250e-02	2.241637e-01	1.170274e-01	7.769840e-01	5.725078e-03
32174	2.666291e-01	4.499731e-01	2.163618e-02	2.704523e-02	1.416734e-01	7.024729e-02	5.155453e-01	1.914841e-01
17523	9.372269e-01	8.188485e-01	3.255576e-02	4.069470e-02	2.131746e-01	9.490918e-02	2.127479e-01	2.730339e-01
30325	3.174161e-01	8.338505e-01	3.179681e-02	3.974601e-02	2.082050e-01	1.285079e-01	2.511908e-01	6.328428e-01
21531	6.988215e-01	4.979242e-01	2.971557e-02	3.714446e-02	1.945771e-01	1.679434e-01	4.557457e-01	5.084305e-01
24745	5.353822e-01	2.059856e-01	2.345598e-02	2.931998e-02	1.535894e-01	1.391533e-01	5.286549e-02	9.963423e-01
23250	6.224463e-01	4.059874e-01	3.412928e-02	4.266160e-02	2.234780e-01	6.478449e-02	7.811237e-01	1.077347e-01
3233	7.473867e-01	6.622536e-02	3.666628e-02	4.583285e-02	2.400902e-01	2.310322e-01	9.697475e-01	4.161520e-01
23237	1.560136e-01	8.003619e-01	3.071200e-02	3.839001e-02	2.011017e-01	7.111145e-02	4.021376e-01	5.471720e-01
31534	7.379596e-01	3.760847e-01	2.580760e-02	3.225950e-02	1.689878e-01	1.397541e-01	2.514986e-01	1.858277e-01
2299	5.048413e-01	4.705474e-02	3.840647e-02	4.800809e-02	2.514850e-01	2.435876e-01	6.197980e-01	1.137567e-01
31683	8.975692e-01	4.596558e-01	6.932045e-02	8.665056e-02	4.539092e-01	4.069188e-01	5.521185e-01	4.982967e-01
19398	3.189523e-01	5.549930e-01	2.763986e-02	3.454983e-02	1.809854e-01	9.767240e-02	9.507029e-01	3.232662e-01
8929	4.121368e-01	8.423643e-01	2.680422e-02	3.350528e-02	1.755136e-01	9.761496e-02	4.494253e-01	6.600086e-01
22577	6.797541e-01	2.378987e-01	5.202167e-02	6.502709e-02	3.406371e-01	1.489069e-01	7.629481e-01	1.793172e-01
15495	6.592130e-01	3.876477e-01	2.667785e-02	3.334732e-02	1.746862e-01	1.443669e-01	9.253887e-02	9.035686e-01
29696	3.370215e-01	4.411489e-01	3.318507e-02	4.148134e-02	2.172953e-01	1.419318e-01	6.824650e-02	7.049009e-01
30187	1.799481e-01	9.339125e-01	2.245452e-02	2.806814e-02	1.470318e-01	7.244983e-02	1.749700e-01	5.523563e-02
10931	2.236381e-01	9.391903e-01	4.365896e-02	5.457370e-02	2.858782e-01	1.658745e-01	2.768236e-02	5.727105e-01
10508	4.650822e-02	6.755487e-01	3.202077e-02	4.002596e-02	2.096715e-01	2.000539e-01	1.570765e-01	9.219237e-01
3867	9.207831e-02	2.991758e-01	3.903651e-02	4.879564e-02	2.556105e-01	8.808936e-02	2.245726e-01	8.513144e-01
6844	9.145747e-01	1.338865e-01	2.301710e-02	2.877138e-02	1.507156e-01	6.272832e-02	5.502511e-01	9.800665e-01
4999	5.042937e-01	2.283806e-01	2.626096e-02	3.282620e-02	1.719564e-01	1.666952e-01	6.534407e-01	9.169368e-02
15358	5.639755e-01	4.199250e-01	3.400657e-02	4.250821e-02	2.226745e-01	2.207154e-01	2.920537e-01	6.546706e-01
13850	2.292897e-01	6.505422e-01	3.240447e-02	4.050558e-02	2.121839e-01	5.826158e-02	1.584826e-01	4.456198e-01
31617	3.331453e-01	6.741838e-01	5.744908e-02	7.181135e-02	3.761757e-01	3.366206e-01	2.359462e-01	3.959805e-01
17004	7.565513e-01	1.685961e-01	2.760281e-02	3.450351e-02	1.807427e-01	1.422051e-01	7.940894e-01	2.908376e-02
14088	6.635726e-01	9.459906e-01	3.194216e-02	3.992769e-02	2.091567e-01	9.772642e-02	2.242368e-01	1.785451e-01
1499	2.635720e-01	7.912013e-01	2.097735e-02	2.622168e-02	1.373593e-01	1.351732e-01	4.985956e-01	8.153452e-01
3041	6.496387e-01	9.684084e-01	2.386999e-02	2.983749e-02	1.563003e-01	9.401768e-02	1.730651e-01	2.523510e-01
8079	8.468107e-01	2.957216e-01	2.173424e-02	2.716780e-02	1.423155e-01	1.415271e-01	2.666047e-01	1.550085e-01
19872	6.429548e-01	6.484122e-01	2.838149e-02	3.547686e-02	1.858416e-01	8.139317e-02	4.075628e-01	8.959906e-01
17072	1.899837e-01	2.602355e-01	2.098148e-02	2.622685e-02	1.373864e-01	1.229733e-01	2.945916e-02	2.951768e-01
26454	6.886009e-01	2.969482e-01	2.399605e-02	2.999506e-02	1.571257e-01	1.453723e-01	8.583400e-02	1.196071e-01
