18352	6.457432e-01	1.133196e-01	5.115537e-02	6.394422e-02	3.349646e-01	3.246752e-01	9.422477e-01	6.992464e-01
27289	2.179773e-01	1.469625e-01	3.530097e-02	4.412621e-02	2.311502e-01	1.797530e-01	7.642625e-01	4.404683e-01
7217	7.307152e-01	8.749954e-01	2.808351e-02	3.510438e-02	1.838904e-01	8.221376e-02	6.208099e-01	9.339679e-01
25430	6.063022e-01	2.702827e-01	4.007633e-02	5.009541e-02	2.624192e-01	1.785838e-01	4.152329e-01	7.113095e-01
15745	3.724785e-01	1.283467e-01	3.598847e-02	4.498559e-02	2.356519e-01	2.154469e-01	8.690238e-01	4.182233e-03
13868	8.250912e-01	6.549241e-01	4.136874e-02	5.171093e-02	2.708819e-01	2.239867e-01	9.099464e-01	1.032852e-01
7032	1.954585e-01	7.519570e-01	2.225512e-02	2.781890e-02	1.457262e-01	7.957511e-02	4.145977e-01	1.614812e-01
11621	6.779490e-01	7.653182e-01	4.964860e-02	6.206075e-02	3.250983e-01	3.137653e-01	1.673625e-01	3.767042e-01
12465	9.146826e-01	9.293613e-01	5.295462e-02	6.619328e-02	3.467460e-01	2.303605e-01	1.214858e-01	4.989575e-01
27373	2.121682e-01	6.020959e-01	5.419885e-02	6.774856e-02	3.548932e-01	2.215399e-01	9.419987e-01	1.244712e-01
4997	4.890170e-01	1.637971e-01	3.860971e-02	4.826213e-02	2.528157e-01	2.466454e-01	7.838519e-01	5.752871e-01
2947	7.553274e-01	5.558421e-01	2.207440e-02	2.759300e-02	1.445428e-01	7.069432e-02	7.634253e-02	6.607830e-01
28923	5.983746e-01	3.357183e-01	3.263859e-02	4.079824e-02	2.137170e-01	2.050838e-01	5.409678e-02	4.549886e-01
9766	3.737835e-01	5.436003e-01	2.486342e-02	3.107927e-02	1.628053e-01	1.423765e-01	6.247402e-01	6.558610e-01
32218	8.788457e-01	5.009201e-02	2.370527e-02	2.963159e-02	1.552217e-01	1.098817e-01	6.199874e-01	8.241257e-01
30872	3.881580e-01	8.625698e-01	5.891441e-02	7.364301e-02	3.857706e-01	2.690798e-01	6.217080e-02	1.219884e-01
26643	6.617533e-01	6.119904e-01	4.506599e-02	5.633249e-02	2.950914e-01	2.135760e-01	1.245662e-01	5.950474e-01
15167	9.483673e-01	4.510564e-01	3.664902e-02	4.581127e-02	2.399772e-01	2.350744e-01	1.670410e-01	4.240401e-01
10802	3.857757e-01	7.638792e-01	3.586073e-02	4.482592e-02	2.348155e-01	8.245441e-02	9.295602e-01	9.344139e-02
3033	9.530090e-02	4.508787e-01	6.617845e-02	8.272307e-02	4.333355e-01	4.316806e-01	7.615427e-01	4.343142e-02
17800	8.158408e-01	1.781703e-01	6.418402e-02	8.023002e-02	4.202759e-01	4.036244e-01	6.335579e-01	1.755473e-01
26428	6.013757e-01	9.560217e-01	3.662567e-02	4.578209e-02	2.398243e-01	2.332846e-01	4.278813e-01	5.430952e-01
7628	9.406491e-01	7.721868e-01	5.888138e-02	7.360172e-02	3.855543e-01	3.357528e-01	6.460888e-01	1.746769e-02
24477	7.693132e-01	6.075210e-01	3.992901e-02	4.991127e-02	2.614546e-01	2.457194e-01	2.227323e-01	5.652974e-01
24097	5.384816e-01	2.627732e-01	2.080201e-02	2.600251e-02	1.362112e-01	1.149728e-01	6.568841e-01	3.730470e-01
5865	8.766451e-01	4.050762e-01	4.268838e-02	5.336047e-02	2.795228e-01	2.764489e-01	5.663339e-01	6.268614e-02
7910	1.480217e-01	6.111458e-01	4.163699e-02	5.204623e-02	2.726383e-01	1.585265e-01	3.025387e-01	1.087673e-01
18456	8.864085e-01	2.175815e-01	3.011238e-02	3.764047e-02	1.971754e-01	1.962085e-01	8.452135e-01	6.774756e-01
15255	9.011194e-01	7.100973e-01	2.315434e-02	2.894293e-02	1.516143e-01	5.271012e-02	3.630359e-01	4.484518e-01
28413	9.187294e-01	6.790724e-02	3.412310e-02	4.265388e-02	2.234376e-01	2.234251e-01	8.087972e-02	2.583584e-01
31691	6.304926e-01	4.300093e-01	2.702601e-02	3.378251e-02	1.769659e-01	1.368757e-01	7.555491e-01	2.588206e-01
22761	2.728405e-01	7.812745e-02	6.430349e-02	8.037937e-02	4.210583e-01	4.203638e-01	4.096845e-01	3.979667e-01
184	6.399561e-02	5.559424e-01	2.330777e-02	2.913471e-02	1.526189e-01	1.507193e-01	2.572001e-01	7.747356e-01
14142	5.945204e-01	6.556257e-01	6.887540e-02	8.609425e-02	4.509951e-01	2.177765e-01	7.369513e-01	3.417307e-01
27400	8.350090e-01	7.475589e-01	5.811052e-02	7.263815e-02	3.805068e-01	1.756052e-01	2.242049e-01	8.585129e-01
3574	6.263894e-01	5.608613e-01	4.027690e-02	5.034612e-02	2.637325e-01	1.926371e-01	5.643487e-03	5.331754e-01
22568	6.126455e-02	1.533152e-01	5.957525e-02	7.446906e-02	3.900978e-01	2.576330e-01	4.976927e-01	8.540020e-01
11521	4.413372e-01	4.168582e-01	3.081470e-02	3.851838e-02	2.017742e-01	1.501718e-01	8.245116e-01	6.300763e-01
775	5.101734e-01	8.394888e-01	4.460031e-02	5.575039e-02	2.920421e-01	2.908220e-01	8.464597e-01	4.090531e-01
11132	7.790064e-01	4.000344e-01	3.066841e-02	3.833551e-02	2.008162e-01	1.327234e-01	5.314890e-02	5.192862e-01
2309	2.774417e-01	4.847129e-01	2.372839e-02	2.966048e-02	1.553731e-01	1.064087e-01	4.592447e-02	6.785425e-02
10182	1.783985e-01	5.354823e-01	5.860798e-02	7.325997e-02	3.837641e-01	3.784449e-01	5.122213e-01	7.227199e-01
13661	1.175193e-01	9.325892e-01	2.522660e-02	3.153325e-02	1.651834e-01	6.630893e-02	1.394658e-01	1.059936e-01
16766	3.564670e-01	3.915261e-02	2.530873e-02	3.163592e-02	1.657212e-01	1.016743e-01	2.037079e-01	6.607879e-01
26195	2.055663e-01	8.875718e-01	3.864447e-02	4.830559e-02	2.530434e-01	2.160754e-01	2.937111e-01	8.071900e-01
32429	6.341119e-01	8.864996e-01	5.200347e-02	6.500433e-02	3.405179e-01	1.252057e-01	7.663565e-01	7.711501e-01
31255	5.107429e-01	6.066993e-01	3.354084e-02	4.192605e-02	2.196249e-01	2.132101e-01	9.081766e-02	1.855487e-01
3636	9.107917e-01	1.789370e-01	3.203635e-02	4.004543e-02	2.097735e-01	1.894384e-01	5.713017e-01	8.641264e-01
5839	8.890129e-01	6.679036e-01	3.696263e-02	4.620329e-02	2.420307e-01	2.063291e-01	3.045340e-01	1.729928e-02
8365	4.318394e-01	3.304705e-01	3.387631e-02	4.234539e-02	2.218216e-01	1.183763e-01	7.332707e-01	5.011860e-01
9887	7.165593e-01	1.518070e-01	6.106184e-02	7.632730e-02	3.998320e-01	3.775818e-01	3.994306e-02	4.392460e-01
17817	7.963887e-01	5.705835e-01	3.303471e-02	4.129338e-02	2.163107e-01	2.130002e-01	1.688330e-01	3.504873e-02
19187	2.192326e-01	4.002933e-01	3.443185e-02	4.303981e-02	2.254592e-01	7.972273e-02	4.532259e-01	1.190602e-01
32472	7.775782e-01	2.828952e-01	3.732676e-02	4.665845e-02	2.444150e-01	7.224219e-02	8.963682e-01	4.771813e-01
25559	3.454415e-01	1.918161e-01	5.360548e-02	6.700685e-02	3.510079e-01	2.587877e-01	6.198327e-01	3.847353e-01
3679	3.287978e-01	2.456922e-01	2.252397e-02	2.815496e-02	1.474866e-01	1.127277e-01	8.882767e-01	7.991843e-01
3502	5.655467e-01	2.969712e-01	4.114615e-02	5.143269e-02	2.694243e-01	2.453544e-01	2.317596e-01	3.820226e-01
11664	1.420243e-01	3.337095e-01	2.724752e-02	3.405940e-02	1.784163e-01	1.584862e-01	8.332474e-01	5.954785e-01
31564	1.769643e-01	7.020267e-01	5.558150e-02	6.947688e-02	3.639468e-01	2.354711e-01	9.002088e-01	5.166714e-01
4379	2.990983e-01	8.246371e-01	2.695211e-02	3.369013e-02	1.764820e-01	1.349305e-01	2.953508e-01	3.204072e-01
19622	6.245529e-02	2.619645e-01	2.218007e-02	2.772509e-02	1.452348e-01	1.451424e-01	9.742441e-01	3.441392e-01
16481	7.759121e-01	7.729296e-02	5.095866e-02	6.369833e-02	3.336765e-01	1.858966e-01	3.465130e-01	2.499549e-02
23613	8.009442e-01	8.486466e-01	6.801215e-02	8.501518e-02	4.453425e-01	3.317818e-01	5.157695e-01	9.877233e-01
9813	4.551407e-01	6.944666e-01	4.503448e-02	5.629310e-02	2.948850e-01	2.363763e-01	1.689043e-01	3.846414e-01
663	8.573467e-01	7.158182e-02	2.102044e-02	2.627554e-02	1.376415e-01	9.532647e-02	3.494145e-01	3.779181e-01
21992	5.519069e-01	5.057592e-01	4.072262e-02	5.090328e-02	2.666511e-01	2.526020e-01	4.106959e-02	3.984934e-01
638	7.199811e-01	2.646566e-01	2.088469e-02	2.610586e-02	1.367526e-01	7.580383e-02	2.044136e-01	8.037962e-01
7630	2.966325e-01	2.690507e-01	3.224364e-02	4.030455e-02	2.111309e-01	2.110949e-01	1.862549e-01	6.295606e-01
20197	2.387294e-01	3.557645e-01	3.056628e-02	3.820785e-02	2.001475e-01	1.944509e-01	7.628826e-01	6.382062e-01
29836	5.155240e-01	9.467933e-01	2.879243e-02	3.599054e-02	1.885324e-01	1.446658e-01	1.546382e-01	8.970692e-01
29005	5.389445e-01	3.970514e-01	2.769524e-02	3.461905e-02	1.813480e-01	1.159040e-01	2.258087e-01	2.056041e-01
12793	4.170907e-01	2.637601e-01	3.229462e-02	4.036828e-02	2.114647e-01	1.219365e-01	9.823528e-01	8.471142e-01
8649	6.735395e-01	4.313092e-01	2.364521e-02	2.955651e-02	1.548284e-01	1.548115e-01	7.086901e-01	2.683788e-01
32678	5.038247e-01	7.220508e-01	2.066938e-02	2.583673e-02	1.353428e-01	9.863147e-02	7.756286e-01	3.217476e-01
