28553	5.960184e-01	3.115523e-01	6.758104e-02	8.447630e-02	4.425196e-01	1.903751e-01	4.295862e-01	2.181694e-01
23435	1.524961e-01	4.481399e-01	7.814588e-02	9.768235e-02	5.116980e-01	2.486558e-01	8.479866e-01	3.108621e-01
8702	9.096173e-01	4.932620e-01	7.430828e-02	9.288535e-02	4.865695e-01	4.501888e-01	1.887671e-01	8.360644e-01
31725	2.545870e-01	3.015840e-01	2.748867e-02	3.436083e-02	1.799954e-01	1.594586e-01	4.195125e-01	2.599867e-01
11000	4.092380e-01	9.557868e-02	2.976019e-02	3.720023e-02	1.948692e-01	1.948185e-01	4.723764e-01	2.013009e-01
16635	3.077540e-01	8.862128e-01	6.888477e-02	8.610596e-02	4.510564e-01	1.791243e-01	4.439335e-01	7.874542e-01
17521	3.379202e-01	1.006940e-01	2.822689e-02	3.528361e-02	1.848292e-01	6.131737e-02	1.171451e-01	6.674597e-01
28373	5.189685e-01	6.687491e-01	3.096021e-02	3.870027e-02	2.027270e-01	1.893121e-01	3.778899e-01	9.379267e-01
1407	1.665842e-01	7.929345e-01	4.082948e-02	5.103685e-02	2.673508e-01	2.569216e-01	6.340970e-01	7.782376e-01
29272	5.117794e-01	7.682515e-01	3.729407e-02	4.661758e-02	2.442010e-01	1.209538e-01	8.728221e-01	3.338569e-01
20385	9.494660e-01	6.292526e-01	4.056253e-02	5.070317e-02	2.656028e-01	1.637019e-01	9.853764e-01	3.451365e-01
18003	9.436239e-01	7.643223e-01	2.240971e-02	2.801214e-02	1.467384e-01	1.437711e-01	8.776558e-01	4.609566e-01
31826	5.629217e-01	7.182717e-01	4.271813e-02	5.339766e-02	2.797177e-01	1.489317e-01	6.809474e-01	4.354604e-01
2970	2.576301e-01	8.365451e-01	2.074865e-02	2.593582e-02	1.358619e-01	5.638810e-02	9.423685e-01	5.671387e-02
6436	1.267002e-01	6.721122e-01	4.950831e-02	6.188539e-02	3.241797e-01	2.253424e-01	1.659767e-01	3.267248e-01
3207	5.321908e-01	3.200641e-01	3.565273e-02	4.456591e-02	2.334535e-01	2.150260e-01	6.602325e-02	1.177966e-01
4471	8.544627e-01	2.095937e-01	2.358121e-02	2.947651e-02	1.544094e-01	1.061249e-01	3.414922e-01	5.173165e-01
10863	6.350639e-01	6.243915e-01	3.819805e-02	4.774757e-02	2.501203e-01	1.468283e-01	4.346090e-02	7.775354e-01
17982	9.007482e-01	8.420639e-02	2.791463e-02	3.489328e-02	1.827845e-01	1.827840e-01	2.720419e-01	1.438444e-01
32138	3.941770e-01	5.380611e-01	7.072577e-02	8.840721e-02	4.631112e-01	4.630354e-01	7.185378e-01	5.125627e-01
18832	3.951197e-01	9.522725e-01	4.139649e-02	5.174561e-02	2.710636e-01	2.271017e-01	6.533547e-01	3.358990e-02
2461	2.741677e-01	7.824134e-01	2.545840e-02	3.182300e-02	1.667012e-01	1.667008e-01	8.874201e-01	5.504566e-01
25499	2.881802e-01	5.821503e-01	2.290004e-02	2.862506e-02	1.499491e-01	1.399058e-01	5.311441e-01	7.544159e-01
1377	4.554112e-01	4.021007e-01	2.320052e-02	2.900065e-02	1.519167e-01	7.842642e-02	2.728053e-01	9.755274e-01
13855	5.844016e-01	5.426310e-02	2.212178e-02	2.765222e-02	1.448530e-01	1.236728e-01	2.050315e-01	6.885866e-01
21901	3.588810e-01	8.355170e-01	2.769483e-02	3.461854e-02	1.813453e-01	1.304375e-01	6.821419e-01	6.199797e-01
10231	4.369899e-02	4.102794e-01	2.335415e-02	2.919269e-02	1.529226e-01	1.401375e-01	6.303652e-01	3.629674e-01
19133	4.511763e-01	7.801565e-01	2.203778e-02	2.754723e-02	1.443031e-01	8.982660e-02	9.585985e-01	5.096003e-01
13219	5.467888e-01	4.702133e-01	2.135059e-02	2.668824e-02	1.398034e-01	9.185546e-02	7.215532e-01	4.153284e-01
19559	6.746164e-01	5.430190e-02	3.416218e-02	4.270273e-02	2.236934e-01	1.866222e-01	9.103034e-02	2.264614e-01
25468	9.183809e-01	8.329991e-01	5.543504e-02	6.929379e-02	3.629878e-01	3.599039e-01	6.270349e-01	8.933896e-01
31228	4.971188e-01	2.584090e-01	5.985671e-02	7.482089e-02	3.919408e-01	2.500070e-01	2.500699e-01	9.244717e-01
12813	4.715041e-01	6.174559e-01	3.204919e-02	4.006149e-02	2.098576e-01	1.809397e-01	5.915469e-01	7.200090e-01
8347	8.070098e-01	4.939116e-01	2.493859e-02	3.117324e-02	1.632975e-01	1.162822e-01	6.759373e-01	7.696721e-01
24118	8.393755e-01	6.354290e-01	2.902002e-02	3.627502e-02	1.900226e-01	1.873076e-01	8.414686e-01	4.823598e-01
4105	8.416254e-02	7.774296e-01	3.950013e-02	4.937516e-02	2.586462e-01	2.337418e-01	1.782497e-01	5.082259e-01
12310	9.708882e-01	3.198712e-01	2.417421e-02	3.021777e-02	1.582924e-01	6.997574e-02	4.638689e-02	8.161991e-01
26240	1.571615e-01	3.600455e-01	4.283476e-02	5.354345e-02	2.804814e-01	2.649984e-01	7.812099e-01	6.034669e-01
31115	7.879784e-01	2.632309e-01	2.070131e-02	2.587664e-02	1.355519e-01	6.724152e-02	9.303296e-01	7.986995e-01
12712	7.388733e-01	2.761422e-01	2.517407e-02	3.146759e-02	1.648394e-01	4.402509e-02	5.228447e-01	6.222683e-01
3090	4.964542e-01	1.005562e-01	2.156462e-02	2.695577e-02	1.412048e-01	1.391179e-01	5.791655e-02	9.209212e-01
4105	8.551058e-01	4.163991e-01	2.396533e-02	2.995666e-02	1.569246e-01	6.851311e-02	2.064264e-03	2.066263e-01
10574	6.956549e-01	7.836981e-01	7.153441e-02	8.941801e-02	4.684062e-01	4.679860e-01	2.501282e-01	7.185325e-01
5554	9.447258e-02	5.662458e-01	3.689775e-02	4.612219e-02	2.416059e-01	1.564310e-01	4.915913e-01	9.809987e-01
7863	4.355723e-01	5.360999e-02	3.755087e-02	4.693859e-02	2.458825e-01	2.453906e-01	3.794422e-01	4.135904e-01
17939	7.098450e-01	4.180634e-02	2.651336e-02	3.314171e-02	1.736091e-01	5.287266e-02	5.115358e-01	7.473115e-01
15973	9.109811e-01	2.648602e-01	5.749943e-02	7.187429e-02	3.765054e-01	3.760479e-01	9.964432e-01	1.973476e-01
22281	4.306536e-01	2.575932e-01	6.136030e-02	7.670037e-02	4.017863e-01	2.866867e-01	6.627695e-01	6.282484e-01
17685	5.467615e-01	7.882379e-01	2.673719e-02	3.342149e-02	1.750747e-01	1.727506e-01	5.987481e-01	5.421734e-01
12190	5.741627e-01	6.478796e-01	5.494665e-02	6.868331e-02	3.597898e-01	2.164309e-01	9.663592e-01	2.762952e-01
15072	9.480714e-01	2.290815e-01	3.655787e-02	4.569734e-02	2.393804e-01	9.616341e-02	3.594231e-01	6.581324e-01
1655	4.219800e-01	6.183165e-01	4.069087e-02	5.086359e-02	2.664432e-01	1.935605e-01	3.043725e-01	7.726538e-01
15773	2.626277e-01	6.246531e-01	3.423820e-02	4.279776e-02	2.241912e-01	2.215595e-01	8.197674e-01	7.530746e-01
5183	1.104413e-01	8.550133e-01	6.556700e-02	8.195875e-02	4.293317e-01	3.297245e-01	7.257111e-01	9.208775e-01
26515	7.249768e-02	6.939383e-01	2.606387e-02	3.257984e-02	1.706658e-01	1.654420e-01	3.578673e-01	9.290763e-01
21115	1.466656e-01	3.463128e-02	2.981582e-02	3.726978e-02	1.952335e-01	1.931887e-01	6.340067e-02	8.256117e-01
16722	5.203366e-01	1.930277e-01	6.760872e-02	8.451090e-02	4.427009e-01	1.152748e-01	4.400395e-01	2.228202e-01
26006	6.010957e-01	4.487304e-01	4.474125e-02	5.592657e-02	2.929650e-01	2.534165e-01	9.056365e-01	2.805101e-01
19203	3.750570e-01	1.429563e-01	2.134504e-02	2.668130e-02	1.397670e-01	1.016595e-01	6.561502e-01	2.845267e-01
22658	4.159586e-01	7.544386e-01	2.242063e-02	2.802579e-02	1.468100e-01	1.275399e-01	8.761700e-01	2.148108e-01
27158	4.094709e-01	8.358393e-01	5.987064e-02	7.483830e-02	3.920320e-01	2.348341e-01	3.815737e-01	9.817857e-01
3762	8.240747e-01	4.336508e-01	2.161759e-02	2.702198e-02	1.415516e-01	1.134370e-01	1.056566e-01	8.154325e-01
10816	8.950288e-01	7.282577e-01	3.224335e-02	4.030419e-02	2.111290e-01	1.067714e-01	6.528022e-01	6.621081e-01
30379	3.552053e-01	1.796710e-01	3.142288e-02	3.927859e-02	2.057565e-01	1.434323e-01	6.797368e-01	2.900441e-01
10258	4.885085e-01	8.937031e-01	4.073549e-02	5.091936e-02	2.667353e-01	2.469924e-01	8.322667e-01	4.061913e-01
4242	1.503716e-01	2.748059e-01	6.857787e-02	8.572233e-02	4.490468e-01	2.219228e-01	6.678387e-01	6.415145e-02
24197	1.610385e-01	8.950113e-01	4.786567e-02	5.983209e-02	3.134237e-01	3.132921e-01	5.641892e-02	2.832525e-01
19729	7.660599e-01	2.840266e-01	2.448653e-02	3.060817e-02	1.603374e-01	1.175188e-01	3.609378e-01	8.781674e-01
12794	3.389255e-01	4.754523e-01	2.079037e-02	2.598797e-02	1.361350e-01	9.377741e-02	1.477386e-01	8.044656e-01
13388	3.297485e-01	4.193649e-01	2.625000e-02	3.281250e-02	1.718846e-01	1.566513e-01	6.028324e-01	3.655967e-01
11082	1.438688e-01	5.788508e-01	3.140091e-02	3.925114e-02	2.056127e-01	2.041093e-01	7.884479e-01	1.158918e-01
7736	1.889273e-01	5.621105e-01	2.084866e-02	2.606082e-02	1.365167e-01	1.195145e-01	7.170265e-01	6.618351e-01
10529	7.543791e-01	9.001098e-01	3.382582e-02	4.228228e-02	2.214910e-01	2.103181e-01	3.394317e-01	4.517980e-01
15737	2.531181e-01	1.215839e-01	5.259948e-02	6.574935e-02	3.444206e-01	2.955782e-01	1.472466e-01	3.866022e-01
26441	3.688302e-01	6.820738e-01	2.059297e-02	2.574121e-02	1.348424e-01	4.042807e-02	9.950371e-01	8.766771e-01
31520	8.631703e-01	5.639054e-01	3.597047e-02	4.496309e-02	2.355341e-01	1.132680e-01	1.144784e-01	3.355374e-01
