18637	3.209267e-01	1.927780e-01	2.605749e-02	3.257187e-02	1.706241e-01	1.212187e-01	6.777593e-01	9.978818e-01
27128	9.201932e-01	6.582447e-01	2.218621e-02	2.773277e-02	1.452750e-01	1.094998e-01	2.956184e-01	2.474489e-01
8109	5.013489e-01	3.669497e-01	6.891232e-02	8.614040e-02	4.512368e-01	3.563067e-01	8.079517e-01	8.005756e-01
13198	7.967957e-01	1.214312e-01	4.041084e-02	5.051355e-02	2.646095e-01	1.893388e-01	4.607044e-01	3.805578e-01
587	8.745105e-01	5.283835e-01	2.358878e-02	2.948598e-02	1.544590e-01	1.096732e-01	8.810122e-01	9.755717e-01
1706	8.772629e-01	3.764434e-01	3.320027e-02	4.150034e-02	2.173949e-01	2.061985e-01	5.859452e-01	2.321679e-01
10733	1.621363e-01	5.244658e-01	2.254131e-02	2.817663e-02	1.476001e-01	1.436634e-01	3.983270e-01	5.580607e-01
26555	2.217494e-01	8.089008e-01	4.369878e-02	5.462347e-02	2.861389e-01	2.745929e-01	9.856521e-01	7.056885e-02
6526	4.124468e-01	5.439575e-01	3.611388e-02	4.514235e-02	2.364731e-01	1.646746e-01	3.688846e-01	1.903429e-02
3002	6.438332e-01	5.348428e-01	5.446405e-02	6.808007e-02	3.566298e-01	1.886155e-01	5.373553e-01	4.993047e-01
29017	8.003061e-01	2.198118e-01	5.575086e-02	6.968857e-02	3.650558e-01	1.536756e-01	5.787953e-01	4.449948e-01
3794	7.057278e-01	5.576190e-01	7.558809e-02	9.448511e-02	4.949497e-01	1.544077e-01	3.510146e-01	9.476213e-01
26104	1.488262e-01	1.108850e-01	2.156608e-02	2.695760e-02	1.412144e-01	8.915430e-02	5.817119e-01	7.286406e-01
22837	2.919529e-01	8.917278e-01	3.019639e-02	3.774549e-02	1.977255e-01	8.114748e-02	3.874093e-01	5.679466e-01
6519	8.547182e-01	2.896806e-01	5.332427e-02	6.665534e-02	3.491665e-01	1.869873e-01	1.131798e-01	7.071687e-01
6638	5.662172e-01	1.540677e-01	6.364370e-02	7.955462e-02	4.167379e-01	3.837227e-01	7.472433e-01	2.847082e-01
11854	5.184716e-01	9.148462e-01	5.752032e-02	7.190041e-02	3.766422e-01	3.511215e-01	1.701378e-01	8.889465e-01
27973	2.794742e-01	4.150627e-02	2.585925e-02	3.232406e-02	1.693260e-01	1.473162e-01	7.111733e-01	6.681230e-01
18464	4.946787e-01	7.447536e-01	4.319653e-02	5.399567e-02	2.828502e-01	1.914673e-01	2.053106e-01	7.422737e-01
20889	4.605567e-01	7.769272e-01	3.071897e-02	3.839871e-02	2.011473e-01	1.884159e-01	3.200911e-01	2.189016e-01
9862	3.825522e-01	9.443143e-01	2.475376e-02	3.094220e-02	1.620872e-01	1.617848e-01	5.619775e-01	9.004945e-01
29856	1.548239e-01	6.812330e-01	3.996556e-02	4.995695e-02	2.616939e-01	8.987795e-02	7.328071e-01	2.828345e-02
14822	1.033201e-01	8.512374e-01	2.057053e-02	2.571316e-02	1.346955e-01	4.711894e-02	6.295720e-01	6.022724e-01
9874	3.506703e-01	1.221610e-01	5.745614e-02	7.182017e-02	3.762219e-01	3.762145e-01	4.097971e-01	8.038187e-01
16781	3.379810e-01	4.323247e-01	5.327772e-02	6.659714e-02	3.488617e-01	1.119665e-01	8.135832e-01	4.356896e-01
9593	8.746994e-01	8.133562e-01	2.178534e-02	2.723168e-02	1.426501e-01	1.337536e-01	8.744738e-01	9.442556e-01
6055	7.884717e-01	3.722891e-01	4.361395e-02	5.451743e-02	2.855834e-01	2.402138e-01	5.759834e-02	5.791163e-01
2108	2.522228e-01	3.544811e-01	2.234128e-02	2.792660e-02	1.462903e-01	1.437339e-01	2.713902e-02	7.610970e-01
20498	1.185692e-01	6.658162e-01	3.089604e-02	3.862004e-02	2.023068e-01	1.481831e-01	3.954896e-01	7.315585e-01
9151	6.859481e-01	1.138875e-01	3.123027e-02	3.903784e-02	2.044954e-01	2.025400e-01	1.282125e-01	5.107384e-01
23021	6.277577e-01	1.186129e-01	2.084257e-02	2.605321e-02	1.364768e-01	1.224369e-01	7.616083e-01	1.492973e-01
21241	6.997827e-01	6.414690e-01	4.229237e-02	5.286546e-02	2.769298e-01	2.769109e-01	9.503280e-01	8.748600e-01
29428	6.441522e-01	4.714496e-01	3.108896e-02	3.886119e-02	2.035700e-01	1.553363e-01	8.016995e-01	4.686027e-01
1973	8.895115e-01	6.150194e-01	4.362587e-02	5.453234e-02	2.856615e-01	1.845871e-01	3.726491e-01	1.460953e-01
3256	1.844356e-01	2.582174e-01	2.111582e-02	2.639478e-02	1.382661e-01	5.557578e-02	3.456672e-01	8.285019e-01
6584	4.777730e-01	8.436351e-01	2.151127e-02	2.688909e-02	1.408555e-01	1.147763e-01	6.996933e-01	3.153797e-01
29678	1.211006e-01	3.004993e-01	3.722798e-02	4.653497e-02	2.437682e-01	2.277122e-01	5.783707e-02	8.684855e-01
14899	8.351758e-01	3.481300e-01	6.173975e-02	7.717469e-02	4.042709e-01	1.820520e-01	4.643500e-01	4.036393e-01
26291	5.018727e-01	2.279757e-01	2.379609e-02	2.974512e-02	1.558165e-01	5.817035e-02	5.060984e-01	2.135477e-01
21733	7.095254e-01	5.633216e-02	2.804774e-02	3.505968e-02	1.836562e-01	8.524224e-02	5.026444e-02	5.279794e-01
28581	2.818535e-01	7.982339e-01	3.864909e-02	4.831136e-02	2.530736e-01	1.595486e-01	2.874380e-01	1.951956e-01
6510	9.278097e-01	3.180451e-01	3.857640e-02	4.822051e-02	2.525977e-01	1.111214e-01	4.651096e-01	5.208671e-01
14819	8.861372e-01	8.444320e-01	2.661168e-02	3.326460e-02	1.742529e-01	1.394336e-01	7.872408e-01	8.000955e-01
18754	3.167102e-01	3.199009e-01	5.381105e-02	6.726381e-02	3.523539e-01	2.735219e-01	6.622232e-01	5.510479e-01
194	5.660355e-01	5.698540e-01	3.928359e-02	4.910449e-02	2.572283e-01	2.275072e-01	6.113285e-01	2.578863e-01
28314	3.198560e-01	9.034675e-01	2.667374e-02	3.334218e-02	1.746593e-01	1.723376e-01	9.220171e-01	3.835264e-01
23832	8.516854e-01	2.380608e-01	2.741458e-02	3.426822e-02	1.795102e-01	1.092313e-01	3.498107e-01	8.626272e-01
20649	6.349912e-01	6.008327e-01	2.368037e-02	2.960047e-02	1.550587e-01	6.060979e-02	6.075581e-01	3.678395e-01
18728	8.492261e-01	1.188262e-01	2.924450e-02	3.655562e-02	1.914925e-01	7.001851e-02	3.624728e-01	1.076538e-01
25567	4.929915e-02	8.868178e-02	4.349804e-02	5.437256e-02	2.848245e-01	1.556576e-01	4.301919e-01	6.885402e-01
22576	2.031127e-01	9.020250e-01	4.245268e-02	5.306586e-02	2.779795e-01	2.709244e-01	5.390122e-01	3.670341e-01
3197	2.978257e-01	5.967578e-01	5.714125e-02	7.142656e-02	3.741600e-01	3.627332e-01	3.871542e-01	2.866975e-01
31486	7.840597e-01	5.576825e-01	2.233353e-02	2.791691e-02	1.462396e-01	8.368431e-02	8.288487e-03	4.240890e-01
25438	8.608487e-01	8.438020e-01	2.462044e-02	3.077554e-02	1.612142e-01	8.669302e-02	6.207592e-01	5.653997e-01
29623	2.959023e-01	7.317634e-01	2.287052e-02	2.858815e-02	1.497558e-01	1.180894e-01	5.140039e-01	9.229539e-01
13477	5.031538e-01	2.748241e-01	3.995081e-02	4.993852e-02	2.615973e-01	9.719631e-02	3.815908e-01	6.911921e-01
9388	2.008714e-01	1.372755e-01	3.657803e-02	4.572253e-02	2.395123e-01	2.388394e-01	6.614784e-01	2.841858e-01
14900	4.247784e-01	4.616651e-01	5.562655e-02	6.953318e-02	3.642418e-01	3.456882e-01	8.622052e-02	6.843604e-01
29954	8.698774e-01	3.827908e-02	3.158100e-02	3.947625e-02	2.067919e-01	2.066854e-01	2.984262e-01	3.714869e-01
24888	8.921885e-01	7.280842e-01	5.702699e-02	7.128373e-02	3.734118e-01	2.611596e-01	3.839523e-01	6.818125e-01
9997	3.060351e-01	6.516786e-01	2.329944e-02	2.912430e-02	1.525643e-01	1.519112e-01	6.914990e-02	9.194656e-01
29361	8.055020e-02	6.988545e-01	3.239191e-02	4.048988e-02	2.121017e-01	1.968011e-01	9.376136e-01	1.090649e-01
12077	8.314321e-02	6.281358e-01	3.076124e-02	3.845156e-02	2.014241e-01	1.965164e-01	1.725238e-01	6.667270e-01
30025	6.687053e-01	8.176960e-01	4.545488e-02	5.681860e-02	2.976378e-01	2.683270e-01	6.646540e-01	1.031550e-01
17475	1.255385e-01	3.898566e-01	2.442944e-02	3.053679e-02	1.599636e-01	7.299724e-02	2.372664e-01	1.585215e-01
8915	5.342508e-01	3.013346e-02	2.408806e-02	3.011007e-02	1.577282e-01	1.577277e-01	5.226202e-01	5.891162e-01
22545	7.380155e-01	1.545965e-01	2.123546e-02	2.654432e-02	1.390495e-01	9.188123e-02	9.581900e-02	8.698561e-02
14816	2.005662e-01	4.377718e-01	3.951947e-02	4.939933e-02	2.587729e-01	8.958145e-02	7.230759e-01	3.551513e-01
3236	2.423507e-01	5.189927e-01	2.410592e-02	3.013239e-02	1.578452e-01	1.537907e-01	4.133474e-01	6.243316e-01
28075	7.239346e-01	4.688806e-01	4.180899e-02	5.226124e-02	2.737646e-01	9.539653e-02	8.794598e-02	7.180470e-01
26975	3.794300e-01	7.059498e-01	4.132549e-02	5.165686e-02	2.705987e-01	1.983896e-01	1.932869e-01	2.775467e-01
5516	4.497883e-01	1.523202e-01	6.306823e-02	7.883528e-02	4.129698e-01	1.883474e-01	5.955303e-01	5.592340e-01
25384	4.625334e-02	4.430186e-01	4.283033e-02	5.353791e-02	2.804523e-01	9.191027e-02	9.093039e-01	1.908732e-01
19312	7.376876e-01	8.432444e-01	2.504749e-02	3.130937e-02	1.640106e-01	1.580780e-01	8.526712e-01	3.055813e-01
31436	2.330009e-01	9.342219e-01	3.408771e-02	4.260964e-02	2.232058e-01	1.239662e-01	7.206910e-01	5.576111e-01
18526	5.267309e-01	6.594997e-01	5.156915e-02	6.446143e-02	3.376740e-01	2.879692e-01	7.263985e-01	1.628402e-01
16253	8.433312e-02	7.809194e-01	3.484859e-02	4.356074e-02	2.281881e-01	2.062856e-01	4.945756e-01	6.294508e-01
