25706	4.123916e-01	3.080272e-01	4.599137e-02	5.748921e-02	3.011508e-01	3.011416e-01	2.859135e-01	9.661766e-01
6663	1.184744e-01	3.418097e-01	3.848935e-02	4.811169e-02	2.520277e-01	8.915307e-02	8.660161e-01	2.409243e-01
28975	5.671815e-01	3.692529e-01	2.199226e-02	2.749033e-02	1.440050e-01	1.334241e-01	1.826837e-01	3.866803e-01
26075	4.136882e-01	4.591941e-01	4.035814e-02	5.044767e-02	2.642644e-01	2.552238e-01	1.831439e-01	1.515966e-01
2051	3.158005e-01	3.025050e-01	2.800712e-02	3.500891e-02	1.833902e-01	1.102860e-01	6.738721e-01	2.156461e-02
9208	3.716203e-01	7.490896e-01	5.588567e-02	6.985709e-02	3.659385e-01	3.429685e-01	9.445080e-02	8.855714e-01
16862	5.661608e-01	8.963473e-01	3.073093e-02	3.841367e-02	2.012257e-01	1.947458e-01	8.285853e-01	6.982029e-01
12904	2.374932e-01	3.364557e-01	6.129745e-02	7.662181e-02	4.013748e-01	3.328793e-01	4.888995e-01	2.043739e-01
15892	7.242926e-01	1.131788e-01	2.196134e-02	2.745168e-02	1.438025e-01	1.130865e-01	6.107954e-01	5.183879e-01
685	1.668411e-01	9.271220e-01	5.582014e-02	6.977518e-02	3.655094e-01	1.673270e-01	2.879881e-01	5.656584e-01
24524	2.804438e-01	1.896825e-01	2.518461e-02	3.148076e-02	1.649084e-01	1.174416e-01	1.305388e-01	5.282280e-01
31665	9.354247e-01	4.511420e-01	2.623436e-02	3.279294e-02	1.717822e-01	9.066899e-02	4.948448e-01	5.501430e-01
17518	4.818793e-01	4.136265e-01	4.258369e-02	5.322961e-02	2.788373e-01	2.175270e-01	9.491005e-01	7.275646e-01
12935	1.139184e-01	3.077880e-01	2.934188e-02	3.667736e-02	1.921302e-01	1.314752e-01	9.110742e-01	6.255663e-01
5875	7.475809e-01	4.620930e-01	3.518959e-02	4.398699e-02	2.304209e-01	2.294851e-01	5.233269e-01	3.333919e-01
29373	8.584123e-01	1.426599e-01	3.720734e-02	4.650918e-02	2.436331e-01	2.344312e-01	2.723079e-01	8.788951e-01
4236	3.158698e-01	6.717544e-01	2.564678e-02	3.205847e-02	1.679347e-01	1.674716e-01	5.412606e-01	5.549396e-02
5491	3.343210e-01	5.849617e-01	3.543218e-02	4.429023e-02	2.320094e-01	1.437920e-01	8.356502e-01	1.282579e-01
27354	8.514021e-01	3.352476e-01	2.815506e-02	3.519382e-02	1.843589e-01	1.838347e-01	8.465724e-01	1.543984e-01
10786	9.431790e-01	5.554412e-02	2.077521e-02	2.596902e-02	1.360358e-01	8.293003e-02	3.174241e-01	1.057510e-01
19986	7.515443e-02	6.797731e-01	5.334346e-02	6.667932e-02	3.492921e-01	3.252464e-01	1.042095e-01	3.954489e-01
8295	7.442642e-01	3.180016e-01	2.320285e-02	2.900356e-02	1.519319e-01	1.299228e-01	2.536247e-01	3.541740e-01
15256	9.219448e-02	7.504248e-01	3.473576e-02	4.341970e-02	2.274492e-01	1.168029e-01	4.977346e-01	3.991837e-01
8774	3.445861e-01	4.593490e-01	7.021505e-02	8.776882e-02	4.597671e-01	2.878575e-01	5.194722e-01	9.122518e-01
5256	5.557989e-01	5.623831e-01	6.590375e-02	8.237969e-02	4.315367e-01	4.224448e-01	5.884405e-01	7.893975e-01
22499	5.574784e-01	2.217251e-01	7.920780e-02	9.900975e-02	5.186514e-01	5.153112e-01	6.258162e-03	7.487573e-01
28521	7.830797e-01	3.216176e-01	2.618173e-02	3.272716e-02	1.714376e-01	1.560111e-01	5.282660e-01	2.637953e-02
25213	2.033951e-01	9.299390e-02	3.858557e-02	4.823196e-02	2.526577e-01	2.296174e-01	5.632738e-01	7.713914e-01
13006	2.455187e-01	5.251704e-01	2.919464e-02	3.649330e-02	1.911660e-01	1.470862e-01	4.585524e-01	9.600078e-01
19986	1.073465e-01	1.064123e-01	3.438179e-02	4.297724e-02	2.251314e-01	1.567788e-01	9.747790e-01	7.780507e-01
17472	6.541059e-01	4.058826e-01	2.313457e-02	2.891821e-02	1.514848e-01	8.619583e-02	9.661547e-01	2.298545e-01
26768	5.204082e-01	9.680742e-01	2.209276e-02	2.761595e-02	1.446630e-01	9.357777e-02	4.163837e-01	6.857260e-01
27479	7.934450e-01	9.404813e-01	5.111802e-02	6.389752e-02	3.347200e-01	3.346931e-01	4.211489e-01	2.398548e-01
2643	2.403006e-01	9.289211e-01	2.810999e-02	3.513749e-02	1.840638e-01	5.740855e-02	3.227609e-01	9.877002e-02
11813	5.083557e-01	4.965291e-01	4.223737e-02	5.279671e-02	2.765697e-01	2.658359e-01	1.266180e-01	4.763522e-01
23360	8.506798e-01	5.615590e-01	3.249153e-02	4.061442e-02	2.127541e-01	1.071472e-01	8.800887e-01	8.346805e-01
11800	4.406544e-01	5.209068e-01	2.333121e-02	2.916401e-02	1.527724e-01	5.585061e-02	1.297250e-01	3.214119e-01
29880	2.845946e-01	9.426032e-01	2.573161e-02	3.216452e-02	1.684902e-01	1.620061e-01	9.331243e-01	2.991480e-01
9439	7.615894e-01	2.080834e-01	7.571842e-02	9.464802e-02	4.958030e-01	3.074497e-01	8.980307e-01	2.874063e-01
25668	9.642711e-01	3.886297e-01	2.600579e-02	3.250724e-02	1.702855e-01	1.611965e-01	7.607532e-01	7.997038e-01
2648	5.006764e-01	8.287197e-01	3.493654e-02	4.367067e-02	2.287639e-01	1.336019e-01	8.292579e-01	9.938824e-01
16886	3.642904e-01	7.856854e-02	5.252045e-02	6.565056e-02	3.439031e-01	1.251805e-01	8.004877e-01	4.520496e-01
31846	7.043777e-01	8.463422e-01	3.231286e-02	4.039107e-02	2.115841e-01	1.995654e-01	6.723132e-01	7.698486e-01
2894	7.227391e-01	9.327788e-01	4.890430e-02	6.113038e-02	3.202246e-01	1.031941e-01	9.623267e-02	5.964239e-01
3599	9.388022e-01	6.811378e-01	5.013504e-02	6.266880e-02	3.282835e-01	2.845401e-01	7.139867e-01	7.836031e-01
26901	7.429245e-01	1.427851e-01	2.684196e-02	3.355245e-02	1.757608e-01	1.208769e-01	7.089391e-01	4.849368e-01
4751	4.135078e-01	5.384159e-01	2.895739e-02	3.619674e-02	1.896125e-01	9.027459e-02	5.968442e-01	2.964202e-01
32426	8.799416e-01	4.821530e-01	3.346345e-02	4.182932e-02	2.191182e-01	8.060882e-02	5.612448e-01	4.219598e-01
116	1.354993e-01	7.942395e-01	5.434664e-02	6.793331e-02	3.558610e-01	1.013588e-01	9.228444e-01	8.577999e-01
31362	2.650437e-01	7.053532e-01	2.144418e-02	2.680523e-02	1.404162e-01	3.773048e-02	7.936114e-01	9.229410e-01
18859	1.204181e-01	5.956440e-01	5.006493e-02	6.258117e-02	3.278244e-01	2.069977e-01	8.845379e-01	6.284973e-02
24095	2.906521e-02	1.908215e-01	2.624261e-02	3.280326e-02	1.718362e-01	1.570556e-01	9.217472e-01	6.716133e-01
25959	7.037227e-02	4.255530e-01	2.113931e-02	2.642413e-02	1.384199e-01	9.419817e-02	5.780062e-01	4.568079e-01
30743	1.148281e-01	4.760237e-01	6.228480e-02	7.785600e-02	4.078399e-01	4.033178e-01	1.655114e-01	8.583304e-02
28712	5.384527e-01	4.030729e-01	3.508608e-02	4.385760e-02	2.297431e-01	1.724059e-01	4.167313e-01	6.366312e-01
12411	4.508871e-01	3.761265e-01	4.571753e-02	5.714691e-02	2.993577e-01	8.056726e-02	5.159590e-01	8.283727e-01
2002	7.552640e-01	3.729330e-01	4.992839e-02	6.241049e-02	3.269303e-01	2.331693e-01	3.485938e-01	1.857721e-01
6042	3.350595e-01	9.703073e-01	2.704604e-02	3.380755e-02	1.770970e-01	1.105078e-01	4.286401e-01	8.132554e-01
12232	7.643780e-01	5.034295e-01	3.616690e-02	4.520862e-02	2.368203e-01	1.903383e-01	9.062421e-01	6.144395e-01
27238	6.949000e-01	6.866572e-01	3.963661e-02	4.954576e-02	2.595399e-01	2.481866e-01	3.028945e-01	4.483705e-01
31199	4.293480e-01	8.769754e-01	3.169174e-02	3.961467e-02	2.075170e-01	2.065948e-01	8.643757e-01	9.355540e-01
3405	1.599936e-01	8.044711e-02	2.211824e-02	2.764780e-02	1.448299e-01	1.092962e-01	3.363149e-02	8.980563e-01
9028	4.336328e-01	1.318841e-01	5.984935e-02	7.481169e-02	3.918926e-01	1.033545e-01	6.841162e-01	4.953028e-01
23312	2.683569e-01	7.088134e-02	3.723044e-02	4.653805e-02	2.437843e-01	2.390950e-01	2.763581e-01	1.479305e-01
722	9.141679e-01	9.026056e-01	5.993160e-02	7.491451e-02	3.924312e-01	3.800900e-01	6.039337e-01	9.639613e-01
27536	8.437988e-01	2.006574e-01	4.055306e-02	5.069132e-02	2.655408e-01	2.459285e-01	7.103631e-01	9.082387e-01
26185	7.996048e-01	8.232967e-01	2.531026e-02	3.163782e-02	1.657312e-01	1.565154e-01	2.448868e-01	6.936924e-01
27424	9.440750e-01	5.369497e-01	3.985076e-02	4.981345e-02	2.609421e-01	7.008153e-02	5.257392e-01	5.812530e-01
6534	9.568173e-01	4.638208e-01	2.311778e-02	2.889722e-02	1.513748e-01	1.484908e-01	6.674463e-01	4.054234e-01
18837	7.108708e-01	4.524588e-01	3.150336e-02	3.937920e-02	2.062835e-01	1.072714e-01	9.070345e-01	2.966380e-01
16074	2.310924e-01	8.397316e-01	4.004049e-02	5.005062e-02	2.621845e-01	1.797981e-01	9.932295e-01	2.321747e-01
23832	2.938133e-01	5.169869e-01	3.160053e-02	3.950067e-02	2.069198e-01	1.706992e-01	2.070578e-01	8.035014e-01
