30527	9.342874e-01	4.814074e-01	2.994568e-02	3.743210e-02	1.960838e-01	8.789071e-02	3.915522e-01	8.578786e-01
22004	9.039892e-01	3.352482e-01	2.401821e-02	3.002276e-02	1.572709e-01	1.569449e-01	2.434584e-01	8.676067e-01
4406	3.551897e-01	2.839612e-01	3.412195e-02	4.265244e-02	2.234300e-01	1.960848e-01	6.876647e-01	5.205799e-01
24024	1.104655e-01	7.410941e-01	3.906946e-02	4.883683e-02	2.558262e-01	2.557961e-01	1.741786e-01	7.228547e-01
20502	8.594612e-01	3.091043e-01	6.208335e-02	7.760419e-02	4.065208e-01	2.641617e-01	8.180231e-01	4.197157e-01
7649	9.493465e-01	1.926813e-01	4.311432e-02	5.389291e-02	2.823119e-01	2.527605e-01	4.004304e-01	6.191627e-02
29749	9.231765e-01	8.494241e-01	4.040657e-02	5.050822e-02	2.645816e-01	2.606589e-01	8.705599e-01	8.140362e-01
15849	6.671343e-01	7.757372e-01	4.520865e-02	5.651081e-02	2.960255e-01	2.521105e-01	4.663057e-01	4.645290e-01
12286	5.369135e-01	9.171949e-01	4.100867e-02	5.126083e-02	2.685241e-01	1.875877e-01	8.533927e-02	8.150245e-01
24703	9.459449e-01	9.362111e-01	2.525590e-02	3.156987e-02	1.653752e-01	1.457750e-01	5.991854e-02	9.922674e-01
19981	2.870489e-01	8.162597e-01	2.735150e-02	3.418937e-02	1.790972e-01	1.638969e-01	5.494858e-01	9.023845e-01
7504	5.923672e-01	4.632216e-01	4.733006e-02	5.916258e-02	3.099165e-01	2.009820e-01	3.008642e-01	1.832559e-01
14199	1.677431e-01	7.511036e-01	2.370258e-02	2.962822e-02	1.552041e-01	1.420052e-01	3.392725e-01	1.795995e-01
19905	5.373324e-01	3.487670e-01	3.206540e-02	4.008175e-02	2.099637e-01	1.448110e-01	3.736131e-01	2.943336e-01
17303	8.189114e-01	6.992333e-01	6.910273e-02	8.637841e-02	4.524836e-01	4.100770e-01	7.972698e-01	7.228223e-01
25230	3.259696e-01	3.019816e-01	2.346743e-02	2.933428e-02	1.536643e-01	1.533060e-01	8.351547e-01	9.828400e-01
25068	8.338442e-01	4.480092e-01	3.487035e-02	4.358794e-02	2.283305e-01	1.298619e-01	4.849252e-01	6.048423e-03
26997	3.652507e-01	9.362483e-01	2.193808e-02	2.742259e-02	1.436502e-01	7.879975e-02	9.760055e-01	5.685447e-02
4359	6.350115e-01	1.231460e-01	2.417921e-02	3.022401e-02	1.583251e-01	1.583248e-01	1.717407e-01	8.611734e-01
18739	4.257291e-01	2.311556e-01	2.588570e-02	3.235713e-02	1.694992e-01	8.457147e-02	2.004579e-01	2.007685e-01
10974	6.222494e-01	6.498409e-01	7.649209e-02	9.561511e-02	5.008690e-01	1.498172e-01	8.198549e-01	2.279370e-02
6868	8.383199e-01	9.353049e-01	2.149970e-02	2.687462e-02	1.407797e-01	1.382711e-01	1.515574e-01	3.934851e-01
29099	3.222266e-01	9.179312e-01	3.441668e-02	4.302085e-02	2.253599e-01	8.999952e-02	3.602098e-02	7.346775e-01
17568	7.662239e-01	2.232939e-01	4.389879e-02	5.487349e-02	2.874486e-01	2.873596e-01	9.390575e-01	5.527648e-01
31671	5.881937e-01	4.185464e-01	2.392666e-02	2.990833e-02	1.566714e-01	1.038329e-01	9.325178e-01	7.912156e-01
4392	5.308898e-01	5.761235e-01	2.952502e-02	3.690628e-02	1.933294e-01	1.810780e-01	4.837858e-01	8.805571e-01
3580	8.364447e-01	5.436240e-01	2.447907e-02	3.059884e-02	1.602886e-01	1.598895e-01	8.354432e-01	1.017097e-01
2245	6.875574e-02	3.500108e-01	3.267451e-02	4.084314e-02	2.139522e-01	1.515167e-01	8.501973e-01	4.886599e-01
27345	6.407130e-02	8.890735e-01	5.976396e-02	7.470495e-02	3.913335e-01	3.714037e-01	1.620147e-01	7.383475e-01
26825	8.923984e-01	1.687463e-01	2.107426e-02	2.634282e-02	1.379939e-01	9.340471e-02	3.566150e-01	8.655663e-01
6178	8.560913e-01	6.041163e-01	3.915123e-02	4.893903e-02	2.563616e-01	2.246593e-01	2.802369e-01	2.007959e-01
30722	2.928605e-01	1.929637e-01	3.707039e-02	4.633799e-02	2.427364e-01	1.427808e-01	7.564162e-01	5.556175e-01
29107	6.828028e-01	2.656030e-01	4.429813e-02	5.537266e-02	2.900634e-01	2.701668e-01	5.511459e-01	4.247743e-02
4652	2.870920e-01	6.510909e-01	2.788164e-02	3.485205e-02	1.825686e-01	1.625369e-01	3.389312e-01	6.724390e-01
16474	9.041205e-01	4.947400e-01	3.057207e-02	3.821509e-02	2.001855e-01	1.650554e-01	6.485070e-01	1.483024e-01
9393	4.997058e-01	3.177503e-01	2.838841e-02	3.548551e-02	1.858869e-01	1.809167e-01	7.215726e-01	1.987495e-01
26509	9.293290e-01	1.471863e-01	4.219926e-02	5.274907e-02	2.763201e-01	1.123620e-01	1.793130e-03	8.826284e-01
22814	5.319656e-01	1.557823e-01	3.460100e-02	4.325125e-02	2.265668e-01	5.903538e-02	2.637992e-01	7.400990e-01
24479	4.510359e-01	1.232648e-01	3.908807e-02	4.886009e-02	2.559481e-01	2.447930e-01	5.358130e-01	7.756834e-01
29831	9.672365e-01	6.774789e-01	3.260373e-02	4.075466e-02	2.134887e-01	1.747053e-01	3.412020e-02	5.780794e-01
29425	2.952553e-01	8.681276e-01	5.979890e-02	7.474863e-02	3.915623e-01	2.600775e-01	3.522591e-02	1.411570e-01
14269	3.291662e-01	3.808776e-01	2.866839e-02	3.583549e-02	1.877202e-01	1.457381e-01	4.764316e-01	7.220326e-01
27973	3.354601e-01	5.740066e-01	2.745326e-02	3.431658e-02	1.797635e-01	1.466847e-01	3.987353e-01	2.244929e-01
2045	1.340804e-01	8.293396e-01	4.100683e-02	5.125854e-02	2.685121e-01	2.592149e-01	5.424816e-01	3.179730e-01
7669	7.720865e-01	7.818444e-01	4.223100e-02	5.278875e-02	2.765280e-01	1.367604e-01	1.920770e-01	2.476492e-01
17607	2.929561e-01	5.333790e-02	4.690429e-02	5.863036e-02	3.071286e-01	1.161911e-01	5.402847e-01	4.716895e-02
26179	4.556884e-01	8.940939e-01	3.862717e-02	4.828396e-02	2.529301e-01	2.042442e-01	4.304143e-01	6.106923e-01
20889	7.795547e-02	6.808266e-01	2.782883e-02	3.478604e-02	1.822227e-01	1.592850e-01	2.008056e-01	2.706002e-01
13822	6.402057e-01	5.518140e-01	3.727750e-02	4.659688e-02	2.440925e-01	2.108834e-01	9.447516e-01	9.754046e-01
15733	6.573126e-01	3.900490e-01	2.495002e-02	3.118753e-02	1.633723e-01	7.663204e-02	4.459838e-01	7.525820e-01
7968	7.170511e-01	7.599598e-02	2.134700e-02	2.668375e-02	1.397798e-01	1.388056e-01	8.435680e-01	6.499557e-01
23350	1.672861e-01	8.628947e-01	2.394920e-02	2.993650e-02	1.568190e-01	1.562810e-01	7.055943e-01	1.165355e-01
25676	6.481158e-01	6.958411e-01	4.971855e-02	6.214819e-02	3.255563e-01	2.536433e-01	9.697283e-01	9.143828e-02
32180	5.795854e-01	9.701466e-01	2.420231e-02	3.025288e-02	1.584763e-01	1.555422e-01	6.306160e-01	2.837299e-01
11362	6.487789e-01	8.684542e-01	3.440873e-02	4.301091e-02	2.253078e-01	2.101181e-01	3.229165e-02	3.704088e-01
16357	6.845157e-01	6.326583e-02	2.457855e-02	3.072319e-02	1.609400e-01	8.673428e-02	1.564461e-01	9.993451e-01
21932	1.652151e-01	5.537696e-01	3.031521e-02	3.789401e-02	1.985035e-01	1.621499e-01	2.623685e-01	9.775395e-02
986	9.412130e-01	2.639442e-01	2.934244e-02	3.667805e-02	1.921338e-01	5.957843e-02	2.718516e-01	9.316907e-01
29255	3.843822e-01	4.363679e-01	3.237549e-02	4.046937e-02	2.119942e-01	2.113667e-01	2.549979e-01	6.936273e-01
19956	5.135142e-01	2.694484e-01	2.329400e-02	2.911750e-02	1.525288e-01	4.386379e-02	9.875867e-01	1.516243e-01
7012	8.166166e-01	1.216300e-01	3.228021e-02	4.035027e-02	2.113703e-01	1.904923e-01	2.230684e-01	6.276075e-03
29033	9.354766e-01	7.958903e-02	4.183710e-02	5.229637e-02	2.739487e-01	1.559295e-01	9.505312e-01	8.721225e-02
14028	3.845315e-01	3.217913e-01	2.991805e-02	3.739756e-02	1.959029e-01	1.021268e-01	4.775072e-01	1.737556e-01
23636	2.249758e-01	9.800000e-02	4.478670e-02	5.598337e-02	2.932626e-01	2.518408e-01	7.488731e-01	9.436447e-02
8982	8.924368e-01	1.252942e-01	2.630023e-02	3.287529e-02	1.722135e-01	1.722087e-01	1.918604e-01	1.770300e-01
18065	1.666642e-01	1.598590e-01	2.296440e-02	2.870550e-02	1.503705e-01	9.846717e-02	8.513113e-01	8.716017e-01
27727	7.853024e-01	3.464481e-01	3.293888e-02	4.117360e-02	2.156833e-01	2.123663e-01	1.616851e-01	1.833789e-02
8775	4.617594e-01	4.963540e-01	3.338268e-02	4.172835e-02	2.185892e-01	1.926096e-01	8.052174e-01	2.139757e-01
9505	7.774549e-01	1.402781e-01	2.169237e-02	2.711547e-02	1.420413e-01	1.023322e-01	7.796026e-01	3.120141e-01
20771	6.545572e-01	4.513041e-01	2.283674e-02	2.854592e-02	1.495346e-01	1.433127e-01	3.139290e-01	6.514122e-01
5509	1.967471e-01	5.926039e-01	2.312635e-02	2.890794e-02	1.514310e-01	7.284244e-02	7.105536e-01	8.004297e-01
15828	3.190832e-01	2.525472e-01	2.388897e-02	2.986121e-02	1.564246e-01	1.412476e-01	1.213497e-01	3.686473e-01
16926	9.671295e-02	2.930101e-01	3.450222e-02	4.312778e-02	2.259200e-01	1.010621e-01	4.144250e-01	4.831231e-01
28731	7.699995e-01	4.558956e-01	2.365662e-02	2.957077e-02	1.549032e-01	9.530010e-02	3.037268e-01	6.534485e-01
24511	8.896663e-01	7.014983e-02	2.854254e-02	3.567818e-02	1.868961e-01	1.209984e-01	4.733250e-01	2.055550e-02
8241	1.937180e-01	8.550897e-01	2.108030e-02	2.635038e-02	1.380335e-01	1.334206e-01	3.618179e-01	4.457989e-02
28962	9.634218e-01	3.465515e-01	2.257069e-02	2.821337e-02	1.477926e-01	9.292588e-02	1.152207e-01	4.054637e-01
10295	9.478571e-01	3.550566e-02	2.532448e-02	3.165560e-02	1.658243e-01	1.508654e-01	8.464451e-01	6.178756e-01
7257	3.843866e-01	5.384244e-01	3.266098e-02	4.082623e-02	2.138636e-01	2.079074e-01	8.693348e-01	6.504152e-02
