12635	5.818323e-01	3.076398e-01	5.221548e-02	6.526935e-02	3.419061e-01	1.192419e-01	6.745718e-01	1.607836e-01
8410	1.301063e-01	5.971268e-01	2.133748e-02	2.667185e-02	1.397175e-01	8.095689e-02	3.735970e-01	7.954418e-02
17797	4.774057e-01	8.196742e-01	2.091160e-02	2.613950e-02	1.369288e-01	7.783445e-02	4.560566e-01	8.391620e-01
17584	3.445811e-01	3.147121e-01	4.236747e-02	5.295934e-02	2.774216e-01	2.497420e-01	8.829570e-01	5.159594e-01
16570	7.756159e-01	5.859112e-01	2.647812e-02	3.309765e-02	1.733783e-01	1.645365e-01	8.118417e-01	6.346899e-01
12147	1.052819e-01	4.635000e-02	2.335538e-02	2.919423e-02	1.529307e-01	1.492310e-01	7.266063e-01	8.501240e-01
3516	2.750992e-01	2.995931e-01	6.208201e-02	7.760251e-02	4.065120e-01	3.973975e-01	1.549149e-01	8.735985e-01
28434	6.652588e-01	5.657392e-01	4.182935e-02	5.228669e-02	2.738979e-01	2.734138e-01	8.819540e-01	6.624851e-01
20713	8.581621e-01	3.964243e-01	4.769523e-02	5.961903e-02	3.123076e-01	1.177341e-01	5.330980e-01	6.711476e-01
2702	4.543237e-01	4.657187e-01	2.605392e-02	3.256740e-02	1.706007e-01	1.705691e-01	3.930994e-02	8.045613e-01
2517	6.420020e-01	2.188419e-01	3.020469e-02	3.775586e-02	1.977798e-01	1.029553e-01	3.980969e-01	3.059180e-02
8840	2.088550e-01	7.857894e-01	7.341727e-02	9.177159e-02	4.807352e-01	4.470303e-01	1.532526e-01	9.851964e-02
3653	3.967388e-01	5.010507e-01	2.635786e-02	3.294732e-02	1.725908e-01	1.184962e-01	3.639840e-01	5.120544e-01
14070	5.305000e-01	6.693164e-01	2.422044e-02	3.027555e-02	1.585951e-01	1.228630e-01	2.365825e-01	1.797105e-01
23733	6.530392e-01	4.562757e-01	2.694637e-02	3.368296e-02	1.764444e-01	1.694450e-01	9.604681e-01	3.238386e-01
21609	4.278607e-01	2.119895e-01	3.776863e-02	4.721079e-02	2.473084e-01	1.320964e-01	4.385864e-01	4.082715e-01
12666	9.732497e-02	2.186775e-01	3.342235e-02	4.177794e-02	2.188490e-01	1.115676e-01	6.936254e-01	6.564062e-01
15863	9.176466e-01	4.137574e-01	4.334249e-02	5.417811e-02	2.838059e-01	2.078301e-01	4.038112e-01	5.257949e-02
8082	8.757783e-01	1.221952e-01	2.485395e-02	3.106744e-02	1.627433e-01	1.181336e-01	8.761559e-01	4.023730e-01
22001	4.020617e-01	8.537966e-01	5.009985e-02	6.262481e-02	3.280530e-01	2.398936e-01	4.721201e-01	4.600623e-01
8233	3.355447e-01	2.069276e-01	4.902789e-02	6.128486e-02	3.210338e-01	3.074510e-01	7.172780e-01	2.797995e-01
13050	8.704273e-01	5.398479e-01	4.855903e-02	6.069879e-02	3.179638e-01	3.038400e-01	3.651646e-01	1.096905e-01
8358	7.324964e-01	8.478289e-01	3.451222e-02	4.314028e-02	2.259855e-01	2.046001e-01	5.514958e-01	6.530837e-01
8860	5.504203e-01	4.242471e-01	3.295021e-02	4.118776e-02	2.157575e-01	1.766725e-01	4.064356e-01	4.404939e-01
710	7.242324e-01	1.892828e-01	5.086169e-02	6.357711e-02	3.330415e-01	1.122278e-01	9.242843e-01	9.943542e-02
21624	9.276204e-02	1.270472e-01	4.748202e-02	5.935253e-02	3.109115e-01	9.851786e-02	6.057756e-01	4.414953e-01
23949	6.432703e-01	8.895395e-01	3.586740e-02	4.483425e-02	2.348592e-01	1.303631e-01	4.580657e-01	5.070798e-01
17389	3.463363e-01	6.751024e-01	2.479266e-02	3.099082e-02	1.623419e-01	1.424390e-01	7.029937e-01	8.637544e-01
9612	1.654651e-01	1.868064e-01	6.393709e-02	7.992136e-02	4.186591e-01	2.618286e-01	3.173859e-01	2.060074e-01
19655	4.140303e-01	7.148607e-01	5.669815e-02	7.087269e-02	3.712586e-01	3.352518e-01	5.885939e-01	6.645678e-01
16165	6.228988e-01	7.205200e-01	2.364844e-02	2.956056e-02	1.548496e-01	1.442093e-01	1.743487e-01	5.299320e-01
26408	7.094081e-01	6.633308e-02	5.106891e-02	6.383613e-02	3.343984e-01	2.744764e-01	8.120337e-01	6.954241e-01
25955	5.661358e-01	8.901142e-02	6.445640e-02	8.057051e-02	4.220595e-01	1.523940e-01	9.407126e-01	2.822798e-01
32157	1.704284e-01	3.976190e-01	7.451475e-02	9.314343e-02	4.879214e-01	4.877804e-01	1.353568e-01	4.458978e-01
12420	9.299193e-01	6.756234e-01	3.997412e-02	4.996765e-02	2.617499e-01	7.439126e-02	1.965193e-01	6.493909e-02
2155	8.856323e-01	2.088104e-01	2.179159e-02	2.723949e-02	1.426910e-01	1.224702e-01	7.978109e-01	2.159542e-01
13900	9.150780e-01	7.930618e-01	2.428913e-02	3.036141e-02	1.590448e-01	7.829810e-02	2.494901e-01	3.857898e-02
20358	1.423681e-01	2.595673e-01	3.443764e-02	4.304705e-02	2.254971e-01	1.527834e-01	1.159772e-01	7.054989e-01
19441	5.753475e-01	1.995016e-01	3.338313e-02	4.172891e-02	2.185922e-01	1.946154e-01	1.922346e-01	2.442394e-01
5876	8.064284e-01	6.957465e-01	5.857712e-02	7.322140e-02	3.835621e-01	2.151043e-01	2.556352e-01	9.808262e-01
7777	6.440477e-01	1.702089e-01	2.178283e-02	2.722854e-02	1.426337e-01	8.522649e-02	9.763897e-01	3.883947e-01
32692	4.853714e-01	2.890589e-01	2.134743e-02	2.668428e-02	1.397826e-01	1.249796e-01	2.273859e-01	1.770944e-01
14937	8.796968e-01	8.602155e-01	2.808884e-02	3.511105e-02	1.839253e-01	1.530868e-01	3.204270e-01	7.516235e-01
23581	7.704922e-01	2.741345e-01	3.284965e-02	4.106206e-02	2.150990e-01	2.038977e-01	2.237084e-01	4.493769e-01
33	6.344069e-01	2.921773e-01	3.662800e-02	4.578500e-02	2.398396e-01	2.333292e-01	8.337489e-01	3.656972e-01
21013	6.700664e-01	9.895519e-02	2.237411e-02	2.796763e-02	1.465053e-01	1.251208e-01	6.181900e-01	1.924459e-01
20945	6.891012e-01	8.201958e-01	2.356440e-02	2.945551e-02	1.542994e-01	1.305728e-01	7.578737e-01	9.356411e-01
22029	5.799987e-01	3.936828e-02	2.284372e-02	2.855466e-02	1.495804e-01	1.429041e-01	1.870143e-02	3.044628e-01
26091	2.032831e-01	9.006249e-02	2.705888e-02	3.382360e-02	1.771812e-01	7.016492e-02	4.111843e-01	7.930745e-01
30653	6.959052e-01	2.921448e-01	4.029038e-02	5.036297e-02	2.638208e-01	1.431331e-01	6.921145e-01	5.122106e-03
22486	1.396288e-01	7.180553e-01	2.223344e-02	2.779179e-02	1.455842e-01	8.223651e-02	5.949299e-01	2.631076e-01
19291	6.627601e-01	9.387777e-01	2.496972e-02	3.121215e-02	1.635013e-01	9.302785e-02	7.807274e-01	1.769785e-01
11639	7.808597e-01	8.191859e-01	2.544362e-02	3.180452e-02	1.666044e-01	5.715447e-02	6.227484e-01	3.115977e-01
12699	3.199034e-01	7.352738e-01	7.888232e-02	9.860289e-02	5.165202e-01	1.377546e-01	7.782011e-01	5.171458e-01
5403	7.720546e-01	3.874006e-01	4.061757e-02	5.077197e-02	2.659632e-01	1.200127e-01	6.606013e-01	9.779910e-01
24818	5.876713e-01	8.383446e-01	4.601364e-02	5.751705e-02	3.012966e-01	2.509670e-01	7.420031e-01	6.168831e-01
16680	7.430199e-02	7.669983e-02	2.901898e-02	3.627372e-02	1.900158e-01	1.628194e-01	5.605125e-01	1.403204e-01
16972	8.586867e-01	4.957145e-01	2.148899e-02	2.686123e-02	1.407096e-01	1.194663e-01	7.234515e-01	5.532894e-01
10771	5.799407e-01	7.250688e-01	3.401366e-02	4.251708e-02	2.227209e-01	7.194521e-02	6.265639e-01	1.958708e-01
26046	8.397092e-01	9.141829e-02	3.352685e-02	4.190856e-02	2.195333e-01	2.103853e-01	8.529414e-01	3.078822e-01
14021	8.999763e-01	7.646243e-01	2.347248e-02	2.934060e-02	1.536974e-01	1.479284e-01	7.654660e-01	8.915594e-01
7253	7.343085e-01	3.777226e-01	4.207977e-02	5.259972e-02	2.755377e-01	1.920615e-01	2.458819e-02	2.706860e-01
9620	8.955684e-01	4.757234e-01	3.770761e-02	4.713451e-02	2.469088e-01	2.128882e-01	9.503179e-01	7.927443e-01
9468	8.502667e-01	3.334450e-01	4.212116e-02	5.265146e-02	2.758087e-01	1.195177e-01	7.193855e-01	4.737744e-01
30062	3.295165e-01	4.256216e-01	5.270318e-02	6.587898e-02	3.450996e-01	2.120284e-01	9.436047e-01	5.814474e-01
7967	5.046788e-01	3.233159e-01	2.422329e-02	3.027911e-02	1.586137e-01	1.458704e-01	4.365655e-01	7.312777e-01
264	6.245894e-01	9.455871e-01	4.928411e-02	6.160514e-02	3.227116e-01	3.145898e-01	9.914279e-01	7.528235e-02
30056	7.886946e-01	6.214055e-01	2.997421e-02	3.746776e-02	1.962706e-01	8.210292e-02	1.550079e-01	3.964598e-01
13038	3.801252e-01	5.975628e-01	5.227301e-02	6.534126e-02	3.422828e-01	3.254030e-01	3.695626e-01	4.383443e-01
17592	3.775085e-01	9.138926e-01	3.277929e-02	4.097411e-02	2.146383e-01	1.689089e-01	1.651658e-01	6.975320e-01
8078	2.664345e-01	7.706313e-01	2.733959e-02	3.417449e-02	1.790192e-01	5.325419e-02	6.730934e-01	8.561134e-01
16637	7.631235e-02	5.117203e-01	4.060006e-02	5.075007e-02	2.658485e-01	2.634602e-01	6.101358e-02	2.536019e-01
22946	3.313148e-01	5.948728e-01	2.771172e-02	3.463965e-02	1.814559e-01	1.450507e-01	9.444371e-01	6.125090e-01
18667	8.302458e-01	2.362046e-01	4.487065e-02	5.608831e-02	2.938123e-01	2.490454e-01	6.494221e-01	5.052193e-01
25281	4.549318e-01	7.755372e-01	2.525255e-02	3.156569e-02	1.653533e-01	8.970151e-02	1.769692e-01	7.069158e-02
30247	5.689879e-01	8.181134e-01	2.128793e-02	2.660991e-02	1.393930e-01	4.786487e-02	7.827200e-01	1.339355e-02
7395	4.349461e-01	8.115826e-02	2.532196e-02	3.165245e-02	1.658078e-01	1.505974e-01	2.705606e-01	5.361263e-01
