24964	5.804033e-01	1.154999e-01	4.794586e-02	5.993233e-02	3.139488e-01	3.138102e-01	9.169352e-02	6.368334e-01
6984	3.231375e-01	8.109944e-01	2.641665e-02	3.302081e-02	1.729758e-01	1.673429e-01	6.502083e-02	8.773293e-01
14898	7.255759e-01	2.969153e-01	2.231659e-02	2.789573e-02	1.461287e-01	1.116264e-01	2.896842e-01	8.093064e-01
32078	7.139165e-01	2.590369e-01	2.666808e-02	3.333510e-02	1.746222e-01	1.308241e-01	8.567418e-01	5.455456e-01
28643	8.432596e-01	8.023668e-01	2.353182e-02	2.941477e-02	1.540860e-01	1.355779e-01	3.957439e-01	6.133827e-01
8099	2.468086e-01	6.141718e-01	6.272980e-02	7.841225e-02	4.107538e-01	2.029936e-01	4.207135e-01	2.949950e-01
14495	8.014570e-01	2.923088e-01	2.686924e-02	3.358654e-02	1.759393e-01	6.860381e-02	9.511065e-01	3.778847e-01
2646	8.938051e-01	3.376963e-01	2.792025e-02	3.490031e-02	1.828214e-01	5.809948e-02	7.297143e-01	9.191606e-01
30157	1.085341e-01	7.678453e-01	2.060258e-02	2.575322e-02	1.349054e-01	1.194390e-01	1.769584e-01	1.245402e-01
9678	4.140735e-01	9.048949e-01	4.212128e-02	5.265160e-02	2.758095e-01	2.742257e-01	7.251429e-01	8.099560e-01
29898	8.376233e-01	2.239365e-01	5.325788e-02	6.657235e-02	3.487318e-01	3.361391e-01	4.521305e-01	7.916425e-01
13441	6.221463e-01	5.188704e-01	2.611171e-02	3.263963e-02	1.709790e-01	9.122131e-02	1.843770e-01	5.063792e-01
14839	2.560097e-01	8.358795e-02	4.480310e-02	5.600388e-02	2.933700e-01	1.155099e-01	3.095116e-01	1.796822e-01
15806	8.601472e-02	2.942673e-01	2.297951e-02	2.872439e-02	1.504695e-01	9.048646e-02	8.905377e-01	4.970962e-01
30976	8.608809e-01	7.461655e-01	2.378558e-02	2.973197e-02	1.557476e-01	1.187560e-01	8.741389e-01	3.707789e-01
331	1.813774e-01	6.678245e-01	3.515895e-02	4.394869e-02	2.302203e-01	2.291942e-01	4.827033e-01	6.737779e-01
28354	3.219709e-01	6.440102e-01	2.090292e-02	2.612865e-02	1.368720e-01	8.978099e-02	4.958471e-01	9.621917e-01
26376	8.738405e-01	4.093194e-01	6.799730e-02	8.499663e-02	4.452453e-01	4.323307e-01	7.791164e-01	6.805515e-01
17520	9.690732e-01	7.283744e-01	2.400737e-02	3.000921e-02	1.571999e-01	1.097836e-01	5.283457e-01	1.153791e-01
1234	2.819615e-01	6.705490e-01	2.463933e-02	3.079916e-02	1.613379e-01	1.316098e-01	2.847058e-01	3.311061e-01
28657	3.601678e-02	2.897736e-01	2.091984e-02	2.614980e-02	1.369828e-01	1.327722e-01	9.371243e-02	8.578297e-01
32581	7.902707e-01	6.013728e-01	2.490972e-02	3.113715e-02	1.631085e-01	7.914319e-02	4.444589e-01	2.192393e-01
4483	6.892133e-01	7.517603e-01	3.415066e-02	4.268832e-02	2.236180e-01	1.670928e-01	9.149653e-01	8.316155e-01
17047	4.962909e-01	9.265394e-01	3.026631e-02	3.783289e-02	1.981834e-01	9.933007e-02	9.142304e-01	8.568115e-01
23998	3.907398e-01	7.252831e-01	4.068793e-02	5.085992e-02	2.664240e-01	2.647787e-01	1.549730e-01	4.445897e-01
4370	7.347582e-01	1.355954e-01	2.282322e-02	2.852903e-02	1.494461e-01	9.321523e-02	7.228832e-01	3.365859e-01
11171	9.289856e-01	5.934685e-01	4.299802e-02	5.374752e-02	2.815503e-01	2.380242e-01	8.965666e-01	7.816517e-01
22959	5.357985e-01	4.594669e-01	3.032346e-02	3.790432e-02	1.985575e-01	1.749110e-01	9.721048e-01	3.255799e-01
6314	9.053600e-01	2.787598e-01	4.968375e-02	6.210469e-02	3.253284e-01	1.466334e-01	4.483342e-01	5.559187e-01
16550	1.208924e-01	5.536350e-01	6.319797e-02	7.899747e-02	4.138193e-01	3.876249e-01	2.337493e-02	5.712794e-01
7935	9.004457e-01	1.593685e-01	2.578289e-02	3.222861e-02	1.688259e-01	1.315917e-01	3.471380e-01	5.014967e-01
20430	3.468045e-01	8.705616e-01	4.780977e-02	5.976221e-02	3.130576e-01	1.892023e-01	1.737644e-01	9.006300e-01
16489	5.306313e-01	3.993864e-01	2.139096e-02	2.673870e-02	1.400677e-01	9.960569e-02	4.980108e-01	5.205214e-01
17708	3.006234e-01	6.590755e-01	2.231641e-02	2.789551e-02	1.461275e-01	5.944398e-02	2.344815e-01	2.747053e-02
24191	8.667365e-01	5.202842e-01	3.097398e-02	3.871747e-02	2.028171e-01	1.906906e-01	6.693877e-01	9.410797e-01
25137	1.058050e-01	4.134527e-01	3.234977e-02	4.043721e-02	2.118258e-01	1.932473e-01	9.560138e-01	1.734081e-01
11484	1.628531e-01	7.645895e-01	3.776477e-02	4.720596e-02	2.472831e-01	1.967904e-01	2.186021e-01	3.324298e-01
18682	2.300828e-01	4.520267e-01	6.933105e-02	8.666381e-02	4.539786e-01	1.790996e-01	4.182882e-01	3.803757e-01
9421	6.736075e-01	5.987838e-01	7.082861e-02	8.853576e-02	4.637846e-01	4.248516e-01	6.595618e-01	9.062539e-01
11873	4.377399e-01	6.258001e-01	4.907058e-02	6.133823e-02	3.213134e-01	2.719734e-01	4.873303e-01	5.857196e-01
17986	3.652766e-01	6.092427e-01	2.232351e-02	2.790439e-02	1.461740e-01	1.048783e-01	5.652097e-01	3.814762e-01
6291	5.800407e-01	3.249918e-01	2.929008e-02	3.661260e-02	1.917910e-01	1.896197e-01	6.188955e-01	9.408068e-01
26835	1.923294e-01	9.125602e-01	3.280373e-02	4.100467e-02	2.147983e-01	2.045789e-01	1.377695e-01	3.742986e-01
5450	5.497151e-01	2.859401e-01	2.055888e-02	2.569860e-02	1.346192e-01	3.607674e-02	8.917159e-01	4.420741e-01
12852	2.260512e-01	7.563291e-01	6.850872e-02	8.563591e-02	4.485941e-01	1.806704e-01	4.667415e-01	1.696915e-01
28919	6.231165e-01	3.535061e-01	2.294115e-02	2.867644e-02	1.502183e-01	1.396293e-01	2.482212e-01	2.384307e-01
24618	3.995062e-01	5.934527e-01	2.269625e-02	2.837031e-02	1.486147e-01	1.382785e-01	1.125962e-01	4.151510e-01
8893	5.136438e-01	5.983279e-01	5.323782e-02	6.654728e-02	3.486004e-01	2.754515e-01	3.112306e-01	6.511310e-01
31448	6.012498e-01	2.581310e-01	2.954323e-02	3.692904e-02	1.934486e-01	1.178541e-01	6.731739e-02	5.061529e-01
17850	2.395401e-01	3.076549e-01	4.317612e-02	5.397016e-02	2.827166e-01	1.638649e-01	5.509387e-01	2.013833e-01
32386	2.674563e-01	7.571656e-01	3.291509e-02	4.114386e-02	2.155275e-01	1.566497e-01	7.151899e-01	8.176926e-01
7	7.682417e-01	3.402313e-01	4.315403e-02	5.394253e-02	2.825719e-01	1.696288e-01	3.560275e-01	9.576524e-01
30802	8.612110e-01	6.859817e-01	3.777144e-02	4.721430e-02	2.473268e-01	2.274368e-01	3.657398e-01	3.663078e-01
16438	4.710573e-01	4.185676e-01	2.664001e-02	3.330002e-02	1.744384e-01	1.656469e-01	8.492836e-01	8.921149e-01
9028	5.911110e-02	3.269873e-01	2.352674e-02	2.940843e-02	1.540527e-01	8.421153e-02	5.875867e-01	6.747182e-01
12231	8.385940e-01	3.003394e-01	4.062751e-02	5.078439e-02	2.660283e-01	2.660181e-01	9.438151e-01	1.172089e-01
1917	8.250876e-01	8.338235e-01	2.291725e-02	2.864656e-02	1.500618e-01	1.210052e-01	7.865828e-01	7.626063e-01
32079	5.767973e-01	7.426912e-01	2.953633e-02	3.692041e-02	1.934034e-01	1.477406e-01	7.873158e-01	2.372506e-01
19338	9.004206e-02	1.684312e-01	2.208241e-02	2.760301e-02	1.445953e-01	1.445922e-01	9.277744e-01	4.061510e-01
15039	5.210714e-01	8.640282e-01	2.910445e-02	3.638056e-02	1.905755e-01	1.891647e-01	6.065902e-01	2.817469e-01
22163	5.899907e-01	5.735452e-01	4.316211e-02	5.395264e-02	2.826248e-01	2.004378e-01	4.474257e-01	3.143245e-01
16922	4.494344e-01	7.623963e-01	2.291079e-02	2.863849e-02	1.500195e-01	1.196499e-01	5.297760e-01	2.750791e-01
5940	1.329492e-01	7.890567e-01	2.203203e-02	2.754004e-02	1.442654e-01	7.778626e-02	9.986740e-01	8.136069e-01
18682	6.844396e-01	4.305454e-01	2.570128e-02	3.212660e-02	1.682916e-01	9.591739e-02	7.418223e-01	1.848958e-01
11475	2.234955e-01	2.039151e-01	2.924597e-02	3.655746e-02	1.915021e-01	1.589435e-01	7.429981e-01	5.915433e-01
26342	7.122254e-02	4.901407e-01	2.656181e-02	3.320226e-02	1.739263e-01	1.653819e-01	6.417198e-01	9.071799e-01
25293	5.263981e-01	7.631488e-01	4.230574e-02	5.288217e-02	2.770173e-01	1.806539e-01	7.415428e-03	4.647527e-01
17241	3.939412e-01	1.423878e-01	2.345058e-02	2.931322e-02	1.535540e-01	4.419413e-02	9.848196e-01	5.021317e-01
15919	9.699515e-01	1.244787e-01	2.998994e-02	3.748743e-02	1.963737e-01	1.428600e-01	8.371164e-01	8.493603e-01
31045	4.743629e-01	5.132342e-01	3.608243e-02	4.510304e-02	2.362672e-01	1.609717e-01	7.126673e-02	3.902291e-01
27170	4.183711e-01	3.850530e-01	4.547568e-02	5.684460e-02	2.977741e-01	1.506828e-01	9.207075e-01	7.106900e-01
9807	1.402845e-01	4.507507e-02	2.111194e-02	2.638993e-02	1.382407e-01	1.382015e-01	4.015677e-01	7.204602e-01
29179	6.393662e-01	4.559200e-01	4.501026e-02	5.626282e-02	2.947265e-01	2.134202e-01	3.193201e-01	5.138346e-01
2142	8.569421e-01	8.685464e-01	2.060663e-02	2.575829e-02	1.349319e-01	6.074185e-02	8.232251e-01	5.281805e-01
