29006	3.169875e-01	1.498980e-01	3.328002e-02	4.160003e-02	2.179171e-01	1.169341e-01	4.680409e-01	1.810044e-01
22589	8.807223e-01	2.041770e-01	3.566764e-02	4.458455e-02	2.335512e-01	2.335405e-01	3.820488e-01	4.683492e-01
10014	7.698340e-01	8.017147e-01	2.112452e-02	2.640565e-02	1.383230e-01	4.641940e-02	5.544678e-01	4.499482e-03
13931	5.402069e-01	9.364177e-02	5.602082e-02	7.002602e-02	3.668235e-01	2.493977e-01	4.145913e-01	5.044021e-01
27986	5.809602e-01	7.042928e-01	2.841692e-02	3.552114e-02	1.860735e-01	1.325346e-01	3.021927e-01	1.756413e-01
3684	1.095178e-01	5.426737e-01	7.010149e-02	8.762687e-02	4.590235e-01	4.590029e-01	2.473597e-01	8.380528e-01
15656	9.398126e-02	6.450061e-01	5.869890e-02	7.337363e-02	3.843595e-01	3.375485e-01	9.369592e-02	8.731226e-01
31997	5.383493e-01	7.181100e-01	5.820338e-02	7.275423e-02	3.811148e-01	3.555942e-01	2.509961e-01	3.720339e-01
21154	7.147484e-01	6.814102e-01	6.939433e-02	8.674292e-02	4.543930e-01	1.903884e-01	7.425051e-01	1.947359e-01
363	5.894011e-01	8.533591e-01	3.306039e-02	4.132549e-02	2.164790e-01	1.097765e-01	3.288625e-01	7.926050e-01
15790	8.689162e-01	6.486578e-01	2.693076e-02	3.366345e-02	1.763422e-01	1.754985e-01	9.659097e-01	4.290461e-01
31175	7.383553e-01	7.646383e-01	4.106123e-02	5.132654e-02	2.688683e-01	1.806574e-01	9.821509e-01	5.348219e-01
20543	6.053759e-01	5.856038e-01	5.367139e-02	6.708924e-02	3.514394e-01	2.761984e-01	2.623250e-01	1.456735e-02
27359	6.370510e-01	6.893253e-01	2.487386e-02	3.109233e-02	1.628737e-01	1.625226e-01	6.573562e-01	8.596007e-01
15448	6.612904e-01	9.179052e-01	2.885374e-02	3.606718e-02	1.889338e-01	1.350470e-01	2.098061e-01	5.425506e-01
7269	3.719268e-01	6.745933e-02	2.907827e-02	3.634783e-02	1.904040e-01	5.310628e-02	7.017573e-01	9.872674e-01
9810	2.765983e-01	1.816481e-01	3.407184e-02	4.258980e-02	2.231019e-01	1.725450e-01	6.719688e-01	6.052306e-02
4268	4.322658e-01	2.744196e-01	2.306968e-02	2.883710e-02	1.510599e-01	7.353252e-02	8.469104e-01	3.166729e-01
188	8.954316e-01	9.082824e-01	2.301268e-02	2.876585e-02	1.506867e-01	1.410287e-01	8.782511e-01	4.140103e-01
13643	4.045714e-01	1.854473e-01	2.282035e-02	2.852543e-02	1.494273e-01	1.266173e-01	7.274751e-01	1.034403e-01
22400	4.167894e-01	6.862035e-01	3.721772e-02	4.652215e-02	2.437011e-01	1.340012e-01	5.920680e-01	4.533981e-01
6553	9.281052e-01	1.885185e-01	2.503848e-02	3.129810e-02	1.639516e-01	1.528349e-01	6.575496e-01	8.680346e-01
15695	3.195037e-01	5.722480e-01	2.180302e-02	2.725378e-02	1.427659e-01	1.189585e-01	6.713481e-01	3.443304e-01
3062	7.842967e-01	2.932149e-01	6.689680e-02	8.362100e-02	4.380392e-01	1.662579e-01	2.955746e-01	1.320456e-01
28396	7.616626e-01	7.228286e-01	2.489429e-02	3.111786e-02	1.630074e-01	1.025231e-01	6.709887e-01	4.431552e-02
14376	7.495012e-02	3.720772e-01	4.676734e-02	5.845918e-02	3.062318e-01	1.929642e-01	3.593595e-01	8.190512e-01
2779	3.200368e-01	7.203242e-01	2.245508e-02	2.806885e-02	1.470355e-01	5.966932e-02	6.888472e-01	7.583824e-01
5978	4.074852e-01	2.532211e-01	2.215143e-02	2.768928e-02	1.450472e-01	8.599312e-02	9.124473e-01	3.713349e-02
31869	6.743623e-01	5.299520e-01	2.456028e-02	3.070035e-02	1.608203e-01	1.246472e-01	8.989539e-03	2.019924e-01
2544	5.975788e-01	5.020864e-01	2.360393e-02	2.950491e-02	1.545582e-01	1.098865e-01	5.630283e-02	8.422200e-01
26264	2.718519e-01	4.946970e-01	5.914192e-02	7.392740e-02	3.872604e-01	1.541237e-01	1.743942e-01	4.726664e-01
7429	4.518055e-01	1.735379e-01	7.202541e-02	9.003176e-02	4.716212e-01	3.719077e-01	3.327077e-01	7.401818e-01
23116	4.378361e-01	7.311315e-01	3.735206e-02	4.669008e-02	2.445807e-01	2.198818e-01	5.239934e-02	5.876124e-01
26782	9.082567e-01	8.257674e-01	4.105798e-02	5.132247e-02	2.688470e-01	1.994965e-01	3.217808e-01	5.277735e-01
14605	5.158469e-01	5.611698e-01	6.071645e-02	7.589556e-02	3.975704e-01	1.086074e-01	2.192460e-01	5.483127e-01
24930	4.673233e-01	6.054311e-01	3.743048e-02	4.678810e-02	2.450942e-01	7.095758e-02	2.860810e-01	1.822529e-01
29718	8.047670e-01	5.775898e-01	7.099692e-02	8.874614e-02	4.648867e-01	4.647258e-01	9.906125e-01	7.450819e-01
15320	7.592072e-01	4.899258e-01	3.952779e-02	4.940974e-02	2.588274e-01	9.119470e-02	4.958559e-02	3.037233e-02
26332	9.553724e-01	3.196290e-01	3.086612e-02	3.858265e-02	2.021109e-01	1.997709e-01	8.155777e-01	9.340948e-01
1196	7.919188e-01	9.036073e-01	2.286069e-02	2.857586e-02	1.496914e-01	1.409854e-01	3.950140e-01	2.813287e-01
13952	2.381916e-01	2.658300e-01	2.282320e-02	2.852900e-02	1.494460e-01	1.226957e-01	4.823635e-01	9.302720e-02
23564	6.645030e-01	2.051772e-01	2.671368e-02	3.339210e-02	1.749208e-01	1.598538e-01	6.003306e-01	6.651642e-02
876	8.435040e-01	2.445227e-01	2.079378e-02	2.599223e-02	1.361574e-01	1.145194e-01	1.144107e-01	3.930559e-01
21628	5.648124e-01	4.098823e-01	2.342216e-02	2.927770e-02	1.533679e-01	6.496716e-02	3.892020e-01	5.751472e-01
6468	6.217421e-01	2.777508e-01	6.436427e-02	8.045534e-02	4.214563e-01	3.200240e-01	4.695304e-01	5.578355e-01
20545	6.166180e-01	2.008551e-01	4.922760e-02	6.153450e-02	3.223416e-01	1.607737e-01	4.109538e-01	7.329585e-02
24951	5.840783e-02	8.025249e-01	2.376565e-02	2.970706e-02	1.556171e-01	1.459571e-01	4.433776e-01	5.244936e-01
26942	8.366862e-01	8.225921e-01	3.925207e-02	4.906509e-02	2.570219e-01	7.640610e-02	2.028200e-01	1.779279e-01
31567	6.419760e-01	3.989852e-01	2.994220e-02	3.742775e-02	1.960611e-01	1.799115e-01	6.517452e-01	2.416531e-01
23517	3.186178e-01	6.779225e-01	3.622530e-02	4.528163e-02	2.372027e-01	8.790485e-02	9.234526e-01	3.088377e-01
8075	7.844781e-01	1.618240e-01	4.352656e-02	5.440821e-02	2.850113e-01	8.862830e-02	3.402457e-01	1.332959e-01
32433	6.582718e-01	9.622586e-01	2.853027e-02	3.566284e-02	1.868158e-01	6.943391e-02	6.073226e-01	7.283056e-02
28575	8.518450e-01	7.648848e-02	4.327792e-02	5.409740e-02	2.833832e-01	2.829629e-01	7.317698e-01	5.541221e-01
3721	3.860399e-01	5.987676e-01	2.477904e-02	3.097379e-02	1.622527e-01	9.313235e-02	5.076859e-02	5.746871e-01
17556	2.481277e-01	6.467665e-01	5.172206e-02	6.465258e-02	3.386752e-01	3.203411e-01	5.915714e-01	2.355993e-01
26857	5.395861e-01	3.295668e-01	2.697264e-02	3.371580e-02	1.766165e-01	1.621694e-01	9.744406e-01	5.450928e-01
28474	3.784770e-01	9.061046e-01	2.085006e-02	2.606257e-02	1.365258e-01	1.028592e-01	1.373857e-01	4.065179e-01
20270	6.310474e-01	4.834462e-01	2.256941e-02	2.821176e-02	1.477841e-01	1.408976e-01	5.005788e-01	7.559000e-01
1215	5.607265e-01	5.234476e-01	2.281887e-02	2.852359e-02	1.494176e-01	1.129040e-01	7.944006e-01	1.477410e-01
18784	1.275988e-01	1.177614e-01	2.796235e-02	3.495293e-02	1.830970e-01	6.229753e-02	5.079693e-01	8.013415e-01
12176	4.242202e-01	3.513510e-01	3.520143e-02	4.400178e-02	2.304984e-01	1.545810e-01	8.695159e-01	6.022851e-01
16646	8.278670e-01	3.559728e-02	2.135230e-02	2.669037e-02	1.398145e-01	1.373714e-01	8.288080e-01	6.408757e-01
30529	3.879910e-01	5.380325e-01	2.281619e-02	2.852023e-02	1.494000e-01	5.048173e-02	1.736680e-01	5.961682e-01
5591	1.999902e-01	7.379726e-01	2.451523e-02	3.064403e-02	1.605253e-01	6.106395e-02	2.206495e-01	2.797160e-01
18845	9.100006e-01	3.690130e-01	3.064550e-02	3.830688e-02	2.006663e-01	1.253333e-01	5.952150e-01	4.044376e-01
2665	5.274961e-02	4.914717e-01	2.711355e-02	3.389193e-02	1.775391e-01	1.173825e-01	6.161890e-01	5.705792e-01
13313	9.323196e-01	4.158511e-01	2.494540e-02	3.118174e-02	1.633421e-01	1.127170e-01	6.821038e-01	5.757489e-01
9451	9.315309e-01	2.424992e-01	3.073052e-02	3.841314e-02	2.012229e-01	1.156647e-01	7.403157e-01	2.737103e-02
21506	1.483249e-01	6.560172e-01	3.313397e-02	4.141746e-02	2.169607e-01	1.893551e-01	5.437379e-01	2.305755e-03
18675	7.261468e-01	5.248869e-01	4.130654e-02	5.163317e-02	2.704746e-01	2.578201e-01	4.503282e-01	9.107292e-01
16177	3.843736e-01	2.480065e-01	2.116118e-02	2.645147e-02	1.385631e-01	1.278993e-01	6.995790e-01	8.023841e-01
1082	1.976880e-01	7.900415e-01	2.868827e-02	3.586034e-02	1.878504e-01	1.815867e-01	5.199212e-01	4.392453e-01
9515	5.220044e-01	2.521811e-01	2.287163e-02	2.858953e-02	1.497631e-01	7.046974e-02	2.030274e-01	2.469360e-01
