28408	2.179633e-01	5.947543e-01	7.387358e-02	9.234197e-02	4.837230e-01	4.119452e-01	3.867736e-01	5.890794e-01
9443	7.631630e-01	7.173162e-01	3.334329e-02	4.167912e-02	2.183314e-01	2.091127e-01	7.788325e-01	8.969177e-01
9918	5.128047e-01	2.011502e-01	6.045616e-02	7.557020e-02	3.958660e-01	1.152081e-01	6.475113e-01	1.687759e-01
1153	4.340891e-01	4.439114e-01	4.286149e-02	5.357686e-02	2.806564e-01	2.111440e-01	7.986085e-01	6.252637e-01
21297	7.882497e-01	3.558187e-01	3.553758e-02	4.442198e-02	2.326995e-01	2.179282e-01	2.654361e-01	3.626556e-01
30047	7.313446e-01	3.429352e-01	2.337068e-02	2.921335e-02	1.530309e-01	1.239952e-01	8.692224e-01	3.843062e-01
11140	5.701288e-02	6.900140e-01	2.273581e-02	2.841976e-02	1.488737e-01	1.463702e-01	9.958913e-01	4.266846e-01
9769	3.579538e-01	1.524220e-01	2.147390e-02	2.684238e-02	1.406108e-01	8.354398e-02	3.645217e-01	6.522064e-01
25363	6.281901e-02	5.599207e-02	2.964126e-02	3.705158e-02	1.940905e-01	1.476561e-01	8.979198e-01	6.241311e-01
15055	1.033661e-01	2.412046e-01	5.299751e-02	6.624689e-02	3.470269e-01	3.441563e-01	1.950387e-01	2.778722e-01
21888	5.355658e-01	9.360843e-01	2.183035e-02	2.728794e-02	1.429448e-01	1.427811e-01	6.819481e-01	3.250864e-01
28117	3.208498e-01	5.634325e-01	2.699056e-02	3.373819e-02	1.767337e-01	1.178164e-01	2.890638e-01	3.760668e-01
8408	7.069195e-01	5.542130e-01	2.531178e-02	3.163973e-02	1.657412e-01	1.560669e-01	8.758242e-01	3.330986e-01
3857	7.271292e-01	8.361932e-02	2.620417e-02	3.275521e-02	1.715845e-01	1.590421e-01	1.487618e-01	7.110798e-01
11127	6.832872e-01	9.369176e-01	2.495089e-02	3.118862e-02	1.633781e-01	1.608573e-01	9.146484e-01	6.037019e-01
16016	3.418201e-01	5.586914e-02	2.185779e-02	2.732224e-02	1.431245e-01	3.738260e-02	5.940807e-01	2.244006e-01
27112	2.676716e-02	5.321914e-01	2.096938e-02	2.621173e-02	1.373072e-01	1.103130e-01	2.658619e-01	3.236615e-02
23215	8.541357e-01	1.672948e-01	3.562613e-02	4.453267e-02	2.332794e-01	2.123517e-01	8.188377e-01	1.654016e-01
26560	2.930616e-01	1.548918e-01	2.466853e-02	3.083567e-02	1.615292e-01	1.516549e-01	3.862421e-01	9.619090e-01
5433	4.690926e-01	4.823156e-01	2.240979e-02	2.801224e-02	1.467390e-01	8.838858e-02	6.306790e-02	9.385257e-02
31178	6.354618e-01	7.001001e-01	2.225487e-02	2.781859e-02	1.457246e-01	1.059285e-01	1.528243e-01	3.977654e-03
10261	9.198492e-01	2.229310e-01	3.867058e-02	4.833822e-02	2.532143e-01	1.936996e-01	1.840634e-01	4.081201e-01
25265	7.870030e-01	6.200623e-01	2.756686e-02	3.445857e-02	1.805074e-01	9.855863e-02	8.463391e-01	4.762764e-01
11090	6.510169e-01	6.700191e-01	2.495433e-02	3.119291e-02	1.634006e-01	5.347947e-02	3.796881e-01	2.120894e-01
11030	4.086175e-01	3.163167e-01	2.480180e-02	3.100225e-02	1.624018e-01	1.553411e-01	9.305217e-01	1.082126e-01
10149	2.204329e-01	4.532103e-01	6.079044e-02	7.598806e-02	3.980549e-01	3.972593e-01	2.683012e-01	7.503897e-01
24392	7.208812e-02	6.084824e-01	6.912518e-02	8.640648e-02	4.526306e-01	4.423009e-01	6.988929e-01	6.466503e-01
26450	1.851805e-01	2.899553e-01	5.684030e-02	7.105037e-02	3.721894e-01	2.393644e-01	3.160113e-01	7.927174e-01
6503	7.616073e-01	8.783107e-01	2.568293e-02	3.210366e-02	1.681714e-01	1.649497e-01	6.444446e-01	4.285161e-02
9451	8.844840e-01	3.420087e-01	2.674690e-02	3.343362e-02	1.751383e-01	1.593679e-01	1.257657e-01	9.530702e-01
4848	4.071150e-01	6.377941e-01	7.553412e-02	9.441764e-02	4.945962e-01	4.772531e-01	9.739033e-01	6.966757e-01
17115	6.320872e-01	4.943661e-01	2.293603e-02	2.867004e-02	1.501848e-01	1.040037e-01	7.618209e-01	3.915681e-01
13673	6.324053e-01	9.250938e-01	3.029918e-02	3.787398e-02	1.983986e-01	1.980883e-01	3.377124e-01	9.317164e-01
20056	2.120712e-01	5.795809e-02	2.485240e-02	3.106550e-02	1.627331e-01	1.432331e-01	1.722576e-01	3.944088e-01
13954	8.488197e-01	5.236380e-01	3.455706e-02	4.319633e-02	2.262791e-01	1.204843e-01	8.788999e-01	5.398001e-01
7398	1.223373e-01	4.713475e-02	2.343460e-02	2.929325e-02	1.534494e-01	1.493359e-01	2.290229e-01	1.183739e-01
31109	5.220835e-01	5.535379e-01	4.517958e-02	5.647447e-02	2.958352e-01	2.683636e-01	4.737609e-01	9.693014e-01
395	3.136793e-01	7.413535e-01	7.558949e-02	9.448686e-02	4.949588e-01	4.211538e-01	8.866478e-01	9.453382e-01
31683	2.317080e-01	2.366480e-01	4.376916e-02	5.471145e-02	2.865998e-01	1.495440e-01	4.105703e-01	1.243529e-01
16484	7.569726e-01	5.542768e-01	3.255193e-02	4.068991e-02	2.131495e-01	1.854472e-01	8.987799e-01	4.601884e-01
17144	1.815750e-01	7.545506e-01	5.859414e-02	7.324268e-02	3.836735e-01	3.775307e-01	8.408830e-01	3.934820e-01
29833	5.606023e-01	3.916606e-01	4.048601e-02	5.060751e-02	2.651018e-01	1.817152e-01	7.993335e-01	7.234487e-01
4660	4.447147e-01	8.718317e-01	5.664064e-02	7.080079e-02	3.708820e-01	1.899914e-01	6.334248e-01	8.796707e-01
9754	4.861571e-01	3.295677e-01	4.182412e-02	5.228015e-02	2.738637e-01	2.010131e-01	2.526436e-01	5.271012e-01
17884	6.549084e-01	2.311685e-01	4.344873e-02	5.431092e-02	2.845016e-01	1.263261e-01	1.760761e-01	5.059333e-02
3453	1.503157e-01	3.541950e-01	2.145013e-02	2.681266e-02	1.404551e-01	7.555718e-02	7.641643e-01	3.211809e-01
17878	1.813030e-01	8.744706e-01	2.318791e-02	2.898489e-02	1.518341e-01	1.123830e-01	8.717803e-01	1.073081e-01
11408	8.244868e-01	4.405003e-01	3.046048e-02	3.807560e-02	1.994548e-01	1.955416e-01	9.432998e-01	5.159230e-01
15304	6.653501e-01	3.557693e-01	2.352517e-02	2.940646e-02	1.540425e-01	1.443782e-01	6.071700e-01	2.822628e-01
26438	2.780614e-01	6.488693e-02	2.194806e-02	2.743508e-02	1.437156e-01	6.885971e-02	2.157426e-01	7.963241e-01
3114	6.468023e-01	4.349933e-01	4.178258e-02	5.222823e-02	2.735917e-01	8.609177e-02	7.765852e-01	2.655924e-01
31473	7.940952e-01	4.848452e-01	3.757380e-02	4.696725e-02	2.460327e-01	2.383367e-01	5.680147e-01	2.870338e-01
6118	7.199045e-01	4.302580e-02	2.099815e-02	2.624769e-02	1.374956e-01	1.040908e-01	1.077877e-01	8.858338e-01
4765	5.551243e-01	2.482626e-01	2.693500e-02	3.366875e-02	1.763699e-01	4.801062e-02	2.806991e-01	8.548583e-01
12135	7.273166e-01	9.663458e-01	2.402146e-02	3.002682e-02	1.572921e-01	1.531026e-01	9.478661e-02	1.927530e-01
17288	6.471031e-02	3.163381e-01	5.911227e-02	7.389034e-02	3.870662e-01	3.217013e-01	1.457433e-01	7.581458e-01
29943	8.933537e-01	4.293748e-01	7.053895e-02	8.817369e-02	4.618880e-01	4.081684e-01	3.423296e-01	7.485614e-01
27868	1.041260e-01	8.313669e-01	7.034532e-02	8.793164e-02	4.606200e-01	4.442247e-01	4.735028e-01	2.527996e-01
3483	5.241642e-01	7.643482e-01	2.759457e-02	3.449321e-02	1.806888e-01	1.783348e-01	4.995938e-01	1.802526e-01
7612	6.139382e-01	7.763666e-02	2.061494e-02	2.576868e-02	1.349863e-01	5.919624e-02	3.796141e-01	4.727359e-01
30446	4.620062e-01	4.101947e-01	2.471512e-02	3.089391e-02	1.618343e-01	1.212454e-01	5.467612e-01	6.347646e-01
19638	6.069699e-01	1.770661e-01	5.125249e-02	6.406562e-02	3.356005e-01	3.266767e-01	2.069977e-01	5.043937e-01
1991	2.802543e-01	6.227387e-01	2.102035e-02	2.627544e-02	1.376410e-01	8.606878e-02	7.142836e-01	2.652046e-01
16386	8.943675e-02	4.453269e-01	3.648694e-02	4.560868e-02	2.389159e-01	2.074713e-01	1.451708e-01	8.313182e-01
8905	9.151084e-01	6.067728e-02	2.922945e-02	3.653681e-02	1.913940e-01	1.074564e-01	2.635760e-02	1.995176e-01
14097	6.908623e-01	8.244913e-01	2.833404e-02	3.541755e-02	1.855308e-01	1.499671e-01	2.152431e-01	8.811560e-01
10399	2.567359e-01	3.236321e-01	7.437147e-02	9.296434e-02	4.869832e-01	4.054448e-01	1.249658e-01	7.452087e-01
1363	3.318789e-01	4.671575e-01	3.125789e-02	3.907236e-02	2.046762e-01	1.752126e-01	7.548596e-01	3.548425e-02
21505	2.200030e-01	6.624994e-01	2.138985e-02	2.673731e-02	1.400604e-01	9.622722e-02	8.717925e-01	5.464452e-01
17467	4.690433e-01	7.159869e-02	2.217692e-02	2.772115e-02	1.452141e-01	4.593448e-02	8.175218e-01	2.361020e-01
20921	3.849782e-01	4.434303e-02	2.064671e-02	2.580839e-02	1.351943e-01	1.199048e-01	7.702817e-01	8.756661e-01
16466	6.520501e-01	7.668782e-01	4.908067e-02	6.135083e-02	3.213794e-01	3.083920e-01	4.719746e-01	3.416794e-01
19321	2.619060e-01	1.624685e-01	2.318187e-02	2.897734e-02	1.517945e-01	6.611663e-02	9.452321e-01	2.045153e-01
27240	4.348422e-01	7.568205e-01	5.370914e-02	6.713643e-02	3.516866e-01	1.143904e-01	1.045087e-01	2.576165e-02
32489	7.636412e-01	1.695233e-01	2.185497e-02	2.731871e-02	1.431060e-01	1.093840e-01	5.001496e-01	9.257257e-01
11023	7.138814e-01	7.950045e-01	2.416099e-02	3.020123e-02	1.582058e-01	9.304292e-02	4.434139e-01	2.611205e-01
4674	5.989800e-01	6.013889e-01	3.533227e-02	4.416533e-02	2.313551e-01	2.235678e-01	8.404352e-01	3.545081e-01
