26409	5.679520e-01	8.901136e-01	3.893851e-02	4.867314e-02	2.549688e-01	2.549569e-01	9.058444e-01	8.345164e-01
5321	2.919528e-01	1.438556e-01	2.544626e-02	3.180782e-02	1.666217e-01	1.507250e-01	4.359834e-01	7.877606e-01
17183	6.073406e-01	3.103115e-01	6.406961e-02	8.008701e-02	4.195268e-01	4.193467e-01	4.535736e-01	6.190479e-01
6818	5.466512e-01	3.422671e-01	2.296495e-02	2.870619e-02	1.503741e-01	1.382193e-01	2.034361e-01	3.877605e-01
22593	1.703959e-01	3.185390e-01	3.735797e-02	4.669746e-02	2.446194e-01	2.365633e-01	5.921484e-01	9.961699e-01
18016	4.413595e-01	2.412812e-01	2.774254e-02	3.467817e-02	1.816577e-01	1.816394e-01	8.242032e-01	4.306536e-01
5161	7.495242e-01	1.521442e-01	2.116970e-02	2.646213e-02	1.386189e-01	1.142706e-01	5.123262e-01	9.530685e-01
24389	9.881200e-02	7.422143e-02	2.401386e-02	3.001733e-02	1.572424e-01	1.552037e-01	8.623185e-01	9.526617e-01
30302	4.543357e-01	5.615457e-01	4.913156e-02	6.141446e-02	3.217127e-01	1.818522e-01	6.905290e-02	2.703041e-01
10010	4.802409e-01	1.657305e-01	2.709115e-02	3.386394e-02	1.773924e-01	1.510037e-01	9.617428e-01	6.924458e-01
27844	3.470528e-01	9.989459e-02	7.790998e-02	9.738747e-02	5.101533e-01	3.711586e-01	3.964398e-02	2.968515e-02
9971	2.655488e-01	3.186929e-01	2.216352e-02	2.770440e-02	1.451264e-01	1.098441e-01	3.805673e-01	8.918904e-01
940	7.508259e-01	5.367302e-01	7.319809e-02	9.149761e-02	4.792999e-01	2.443698e-01	2.819337e-01	7.242452e-01
11463	5.491397e-01	5.735532e-01	2.302781e-02	2.878476e-02	1.507857e-01	1.501976e-01	3.038051e-01	4.241842e-01
28502	7.890153e-02	6.932398e-01	2.715610e-02	3.394512e-02	1.778177e-01	1.651166e-01	7.666092e-01	9.518551e-01
10634	6.906193e-01	1.249015e-01	4.955197e-02	6.193996e-02	3.244655e-01	1.774050e-01	4.292724e-01	6.188943e-01
12955	3.539986e-01	6.888870e-01	7.643297e-02	9.554121e-02	5.004819e-01	4.993205e-01	8.464406e-01	3.741085e-01
11254	8.170953e-01	1.726362e-01	5.193147e-02	6.491433e-02	3.400464e-01	3.397594e-01	3.833148e-01	1.247199e-02
24730	1.218406e-01	8.026735e-01	2.661863e-02	3.327329e-02	1.742984e-01	9.378971e-02	8.867055e-01	6.507886e-01
3627	6.303648e-01	9.160066e-01	3.071467e-02	3.839333e-02	2.011192e-01	1.749240e-01	9.353491e-01	9.305924e-01
21670	5.310091e-01	1.135483e-01	6.270702e-02	7.838377e-02	4.106046e-01	4.038231e-01	9.671409e-01	8.732412e-01
3562	5.259863e-01	7.524759e-01	6.486348e-02	8.107935e-02	4.247251e-01	2.800270e-01	6.202902e-01	9.951931e-01
10826	3.235806e-02	9.403680e-01	2.943260e-02	3.679075e-02	1.927242e-01	5.906164e-02	6.327645e-01	4.479404e-01
25739	7.976277e-01	8.930402e-01	6.421776e-02	8.027221e-02	4.204969e-01	1.404380e-01	7.647326e-01	3.390690e-01
16357	6.263527e-01	5.853153e-01	2.230941e-02	2.788676e-02	1.460817e-01	1.270700e-01	3.545400e-01	5.437710e-01
24673	8.846401e-01	8.681246e-01	4.335815e-02	5.419768e-02	2.839085e-01	2.358124e-01	1.720703e-01	8.787216e-01
5700	6.159387e-01	8.752608e-01	2.348974e-02	2.936218e-02	1.538105e-01	8.313954e-02	1.562047e-01	1.867504e-01
27254	7.018248e-01	4.796504e-01	2.606655e-02	3.258319e-02	1.706834e-01	1.372719e-01	5.740777e-01	2.973147e-01
21618	4.224763e-01	4.115874e-01	2.141108e-02	2.676385e-02	1.401994e-01	6.094730e-02	6.342909e-01	2.670560e-01
22089	8.941047e-01	7.434330e-01	2.466360e-02	3.082950e-02	1.614969e-01	1.587150e-01	7.336137e-01	3.457414e-01
4170	8.193212e-01	5.206326e-01	3.142428e-02	3.928035e-02	2.057657e-01	6.167539e-02	7.639346e-01	8.552519e-01
11146	5.703086e-01	6.443972e-01	6.263088e-02	7.828860e-02	4.101060e-01	4.019917e-01	8.090550e-01	3.521599e-01
30089	3.147224e-01	8.253431e-01	4.761119e-02	5.951398e-02	3.117573e-01	2.725860e-01	6.942972e-01	9.320198e-02
9346	4.244610e-01	8.935725e-01	3.577798e-02	4.472247e-02	2.342736e-01	1.715968e-01	8.186038e-01	9.728182e-01
2012	7.457497e-02	7.585566e-01	3.371548e-02	4.214435e-02	2.207684e-01	2.174010e-01	4.201385e-01	3.518361e-01
16191	1.196433e-01	6.004404e-01	2.651116e-02	3.313895e-02	1.735947e-01	1.449557e-01	7.296676e-01	9.203560e-01
24732	3.349290e-01	4.226622e-01	2.575736e-02	3.219670e-02	1.686588e-01	9.085652e-02	5.702839e-01	2.564017e-01
22124	3.027281e-02	2.182711e-01	2.134989e-02	2.668736e-02	1.397987e-01	1.385928e-01	8.205518e-01	4.904635e-01
19828	8.598698e-01	4.465991e-01	3.149065e-02	3.936332e-02	2.062003e-01	2.031437e-01	4.775851e-01	3.102703e-01
7176	8.195981e-02	4.255174e-01	3.429808e-02	4.287259e-02	2.245833e-01	1.388402e-01	2.923720e-01	1.778364e-01
23986	5.982678e-01	5.094520e-01	2.611585e-02	3.264481e-02	1.710062e-01	1.689291e-01	8.834913e-02	3.466679e-01
23680	6.402748e-01	4.406750e-01	4.587691e-02	5.734613e-02	3.004013e-01	2.622941e-01	4.694939e-01	5.423515e-01
30837	1.111935e-01	2.499528e-01	2.419453e-02	3.024317e-02	1.584254e-01	1.186633e-01	6.592557e-02	7.706714e-01
30191	1.195069e-01	9.657228e-01	2.153366e-02	2.691707e-02	1.410021e-01	1.385778e-01	9.943438e-01	2.933789e-01
18634	3.899407e-01	1.884856e-01	2.867381e-02	3.584226e-02	1.877556e-01	1.386743e-01	2.522528e-01	8.977288e-01
16580	4.608140e-01	7.133348e-01	2.225163e-02	2.781454e-02	1.457034e-01	1.416915e-01	3.072220e-01	1.817598e-01
18535	4.031371e-01	4.752904e-01	2.591418e-02	3.239273e-02	1.696856e-01	1.581709e-01	3.412643e-01	6.082157e-01
11083	8.776004e-01	6.634553e-01	2.614359e-02	3.267948e-02	1.711878e-01	7.722172e-02	8.992533e-01	5.686583e-01
11536	1.580476e-01	8.935450e-01	2.652286e-02	3.315358e-02	1.736713e-01	1.218606e-01	3.470916e-01	8.801331e-01
19266	5.615884e-01	8.097410e-01	2.748067e-02	3.435083e-02	1.799430e-01	1.453051e-01	6.026762e-01	1.068635e-02
27335	7.698573e-01	4.773946e-01	2.109893e-02	2.637366e-02	1.381555e-01	8.033993e-02	6.479272e-01	9.239235e-01
10892	7.855869e-01	7.167180e-01	4.033845e-02	5.042306e-02	2.641356e-01	1.344924e-01	6.608983e-01	4.740729e-01
8174	4.562664e-01	4.248495e-01	4.060253e-02	5.075316e-02	2.658647e-01	2.410481e-01	9.337053e-01	2.852576e-03
23902	6.530082e-01	1.862541e-01	3.614657e-02	4.518322e-02	2.366872e-01	1.554167e-01	6.847069e-01	3.805922e-01
8307	1.425842e-01	1.296179e-01	3.770516e-02	4.713145e-02	2.468928e-01	2.364468e-01	8.786688e-01	4.231241e-01
1755	6.309646e-01	7.671671e-01	2.173101e-02	2.716377e-02	1.422943e-01	1.399740e-01	6.922753e-01	7.916955e-01
8448	7.413235e-01	6.414963e-01	7.232923e-02	9.041153e-02	4.736106e-01	2.125602e-01	9.899069e-02	1.337851e-01
21537	1.949596e-01	9.680231e-01	2.092340e-02	2.615425e-02	1.370061e-01	1.337795e-01	7.808093e-02	7.955072e-01
14926	1.393174e-01	3.690334e-01	3.367434e-02	4.209292e-02	2.204990e-01	2.072307e-01	8.190901e-01	5.798686e-01
26341	3.616441e-01	8.989514e-01	2.535089e-02	3.168861e-02	1.659972e-01	9.042405e-02	8.177606e-01	7.819545e-01
26868	5.044779e-01	6.848141e-01	2.704261e-02	3.380326e-02	1.770746e-01	1.607814e-01	1.881051e-04	5.826585e-02
7683	3.187863e-01	4.497641e-01	2.176529e-02	2.720662e-02	1.425188e-01	3.794853e-02	8.672795e-01	2.640606e-01
8227	5.869081e-01	7.225229e-01	5.023045e-02	6.278806e-02	3.289082e-01	1.238794e-01	4.423459e-01	9.717643e-01
8941	2.043297e-01	8.659068e-01	2.672625e-02	3.340782e-02	1.750031e-01	1.738297e-01	1.142054e-02	8.522469e-01
22151	2.965556e-01	9.224260e-01	4.398993e-02	5.498741e-02	2.880454e-01	1.013977e-01	7.930855e-01	9.039171e-01
20236	8.766437e-01	8.558217e-02	5.315890e-02	6.644862e-02	3.480836e-01	9.571659e-02	4.682089e-01	6.126073e-01
28019	3.722105e-01	8.577703e-01	7.069041e-02	8.836301e-02	4.628797e-01	2.848879e-01	8.997850e-02	1.353571e-02
27123	3.352738e-01	2.062315e-01	5.399090e-02	6.748862e-02	3.535316e-01	2.189048e-01	7.275988e-01	1.849336e-01
29101	6.396619e-01	8.700211e-01	6.182668e-02	7.728335e-02	4.048401e-01	1.160688e-01	1.976268e-01	8.930556e-01
14400	5.311070e-01	5.949854e-01	2.296285e-02	2.870356e-02	1.503604e-01	1.343502e-01	4.210148e-01	5.309956e-01
3481	8.265329e-01	4.015423e-01	2.168153e-02	2.710191e-02	1.419703e-01	8.334744e-02	7.895949e-01	3.791177e-01
26011	9.386211e-01	1.535115e-01	2.121067e-02	2.651334e-02	1.388872e-01	1.156919e-01	5.896848e-01	9.576992e-01
