26508	2.809914e-02	9.640295e-01	2.528695e-02	3.160869e-02	1.655786e-01	1.407617e-01	7.797713e-02	8.760038e-01
26133	4.793914e-01	2.383744e-01	7.366877e-02	9.208596e-02	4.823819e-01	2.195398e-01	7.716558e-01	9.593661e-01
5422	9.411129e-01	3.858567e-01	4.163913e-02	5.204892e-02	2.726524e-01	1.545225e-01	5.271990e-01	6.783668e-01
29631	2.956472e-02	5.027246e-02	2.463539e-02	3.079424e-02	1.613122e-01	1.611315e-01	9.149698e-01	7.966642e-01
25903	5.959541e-01	6.566682e-01	2.718281e-02	3.397851e-02	1.779926e-01	1.495978e-01	6.609806e-01	8.592786e-01
23503	6.516380e-01	1.249577e-01	2.696797e-02	3.370997e-02	1.765859e-01	1.753048e-01	9.153340e-01	5.512155e-01
6965	4.253675e-01	6.664684e-01	5.760204e-02	7.200255e-02	3.771773e-01	3.656309e-01	9.595514e-01	4.507782e-02
7480	3.001133e-01	1.192764e-01	2.856446e-02	3.570558e-02	1.870397e-01	9.316072e-02	3.801358e-01	1.944203e-01
28871	7.821384e-01	3.863379e-01	4.746845e-02	5.933557e-02	3.108227e-01	2.851575e-01	2.504232e-01	2.010867e-02
30232	5.510280e-01	7.209737e-01	3.671504e-02	4.589380e-02	2.404095e-01	2.323527e-01	9.011332e-01	3.693456e-01
3676	7.419169e-01	5.169309e-01	5.938197e-02	7.422746e-02	3.888322e-01	2.566069e-01	5.229303e-01	8.491865e-01
28260	7.821166e-01	6.512009e-01	2.657300e-02	3.321625e-02	1.739996e-01	6.757261e-02	8.114323e-02	3.781046e-01
28393	7.866335e-02	5.479857e-02	3.379828e-02	4.224785e-02	2.213106e-01	1.156684e-01	9.239622e-01	9.981728e-01
28029	7.769352e-02	3.512456e-01	3.394934e-02	4.243668e-02	2.222998e-01	2.088634e-01	7.232471e-01	7.693399e-01
2720	6.402168e-01	8.677216e-01	2.271109e-02	2.838886e-02	1.487119e-01	8.006568e-02	3.799060e-01	6.442651e-01
7951	9.596792e-01	1.902058e-01	3.444590e-02	4.305737e-02	2.255512e-01	2.239229e-01	3.791286e-01	2.350429e-01
4927	6.158158e-01	7.658393e-01	2.641808e-02	3.302260e-02	1.729852e-01	1.552166e-01	2.029556e-01	6.477048e-01
23569	3.565557e-01	1.216880e-01	3.677474e-02	4.596842e-02	2.408004e-01	2.121982e-01	9.987028e-01	7.590482e-01
32549	6.779049e-01	5.217059e-01	2.194926e-02	2.743657e-02	1.437234e-01	1.436080e-01	5.811414e-03	3.454263e-01
11173	1.363356e-01	2.766790e-01	2.697684e-02	3.372106e-02	1.766440e-01	1.490613e-01	2.958970e-01	5.950494e-01
29744	3.704604e-01	8.453876e-01	4.046357e-02	5.057946e-02	2.649548e-01	1.412358e-01	7.958049e-01	3.454435e-01
10444	5.768561e-01	9.376017e-01	4.598497e-02	5.748121e-02	3.011089e-01	3.007628e-01	4.273220e-01	1.360703e-01
2794	1.375189e-01	8.478951e-01	2.418365e-02	3.022956e-02	1.583542e-01	1.544546e-01	5.803790e-01	6.472102e-01
31873	3.121803e-01	6.757511e-01	4.470428e-02	5.588035e-02	2.927229e-01	1.844867e-01	7.902196e-01	9.694944e-01
5135	8.731763e-01	3.649742e-01	2.577934e-02	3.222417e-02	1.688027e-01	1.314572e-01	4.435530e-01	1.421207e-01
12249	6.882379e-01	3.739194e-01	6.293691e-02	7.867114e-02	4.121099e-01	1.732780e-01	9.711950e-02	3.133608e-01
21900	3.691836e-01	3.805143e-01	2.400362e-02	3.000452e-02	1.571753e-01	1.243746e-01	2.770209e-01	9.664927e-01
23425	7.462387e-01	1.240953e-01	2.789150e-02	3.486438e-02	1.826331e-01	1.632429e-01	7.076698e-01	5.672377e-01
12739	1.530809e-01	2.266665e-01	2.402339e-02	3.002924e-02	1.573048e-01	1.211970e-01	9.114436e-01	5.563012e-01
13768	2.987810e-01	3.348075e-01	3.972852e-02	4.966064e-02	2.601417e-01	2.568511e-01	5.436093e-01	7.526394e-01
1925	9.452739e-01	3.401474e-01	2.053722e-02	2.567153e-02	1.344774e-01	1.297861e-01	5.774570e-02	9.309022e-01
27118	8.235005e-01	8.692629e-01	3.341327e-02	4.176659e-02	2.187896e-01	7.566149e-02	6.820825e-01	5.473264e-01
467	6.708606e-01	5.829935e-01	2.324943e-02	2.906179e-02	1.522369e-01	1.136281e-01	1.170334e-01	6.273750e-01
28482	2.472429e-01	8.705104e-01	5.331430e-02	6.664288e-02	3.491012e-01	1.033467e-01	2.980972e-01	2.505227e-01
29636	3.599979e-01	2.385147e-01	2.158289e-02	2.697862e-02	1.413244e-01	1.413244e-01	1.589479e-01	4.905389e-02
17963	2.735460e-01	5.977879e-01	2.098854e-02	2.623567e-02	1.374326e-01	1.108242e-01	4.880964e-01	1.827905e-01
24630	6.100294e-02	2.972933e-02	2.326254e-02	2.907818e-02	1.523228e-01	1.449560e-01	3.620967e-01	2.365543e-01
10459	5.813853e-01	4.870135e-01	6.860450e-02	8.575562e-02	4.492212e-01	2.716503e-01	8.901073e-01	5.081375e-01
18872	4.762197e-01	1.125558e-01	2.542403e-02	3.178004e-02	1.664762e-01	1.662558e-01	6.544065e-01	5.541298e-01
27889	8.091044e-02	5.597315e-01	3.390542e-02	4.238178e-02	2.220122e-01	1.451487e-01	4.686737e-01	7.387751e-01
12930	7.273539e-01	2.300916e-01	3.049917e-02	3.812397e-02	1.997081e-01	6.813595e-02	3.335006e-01	5.679684e-01
20316	6.824090e-01	6.137696e-01	3.843465e-02	4.804331e-02	2.516695e-01	7.162190e-02	8.789525e-01	9.148819e-01
18251	6.591658e-01	6.786398e-01	7.164836e-02	8.956045e-02	4.691524e-01	2.437136e-01	3.725258e-01	3.516157e-01
2976	4.759488e-01	5.972558e-02	3.656900e-02	4.571124e-02	2.394532e-01	2.366316e-01	4.258827e-01	1.096434e-01
25672	1.401406e-01	8.810032e-02	5.272827e-02	6.591033e-02	3.452639e-01	2.364527e-01	1.446031e-01	6.939461e-03
18170	4.538930e-01	1.888918e-01	2.054382e-02	2.567978e-02	1.345206e-01	1.101489e-01	6.802054e-01	5.845818e-01
25738	4.710952e-01	3.208939e-01	5.373546e-02	6.716932e-02	3.518589e-01	3.337172e-01	8.002199e-01	7.096053e-01
31376	2.001063e-01	5.417709e-01	3.995897e-02	4.994871e-02	2.616507e-01	2.101640e-01	7.975142e-01	1.385771e-01
24043	6.751203e-01	1.063332e-01	2.254608e-02	2.818261e-02	1.476314e-01	1.022775e-01	4.660186e-01	8.245779e-01
31043	8.505818e-01	8.161490e-02	3.379496e-02	4.224370e-02	2.212889e-01	1.855727e-01	8.239656e-01	2.670830e-01
18313	7.811991e-01	7.737366e-02	4.746595e-02	5.933243e-02	3.108063e-01	2.211806e-01	5.507899e-01	8.500698e-01
26326	9.266450e-01	7.756952e-01	4.253863e-02	5.317329e-02	2.785423e-01	7.312274e-02	8.235728e-01	5.209709e-01
25693	2.149842e-01	3.942394e-01	3.220938e-02	4.026172e-02	2.109065e-01	2.106132e-01	9.625960e-01	3.995240e-01
137	5.679726e-02	1.532031e-01	2.125927e-02	2.657409e-02	1.392054e-01	1.364829e-01	9.083972e-01	4.436932e-01
13781	4.068472e-01	8.446047e-01	2.094211e-02	2.617764e-02	1.371286e-01	5.443069e-02	8.103985e-01	7.499095e-01
6799	2.982633e-01	4.780620e-01	2.949756e-02	3.687195e-02	1.931495e-01	1.450319e-01	9.912046e-02	2.649582e-01
6530	5.086200e-01	4.799179e-01	3.314464e-02	4.143080e-02	2.170306e-01	2.170214e-01	9.546704e-01	8.643076e-01
28980	9.626407e-01	3.668974e-01	2.262450e-02	2.828062e-02	1.481449e-01	7.744575e-02	6.311941e-01	3.476539e-02
30171	7.418147e-02	6.530554e-01	6.756777e-02	8.445972e-02	4.424327e-01	4.403177e-01	9.263269e-01	2.812629e-01
19424	5.752225e-01	6.215044e-01	3.910722e-02	4.888403e-02	2.560735e-01	1.794757e-01	5.971359e-01	8.351840e-01
23738	7.409707e-01	8.551486e-01	4.920528e-02	6.150660e-02	3.221954e-01	3.082659e-01	9.312521e-01	6.413306e-01
5086	7.484710e-01	3.024214e-01	2.827606e-02	3.534507e-02	1.851512e-01	1.824097e-01	8.610766e-01	4.919343e-01
20078	1.041984e-01	2.807054e-01	4.893053e-02	6.116316e-02	3.203963e-01	1.573548e-01	5.030415e-01	8.366749e-01
2663	7.608669e-01	4.561122e-01	2.855497e-02	3.569371e-02	1.869775e-01	1.869730e-01	6.677958e-01	9.965267e-01
30390	9.663259e-01	5.613257e-01	3.322713e-02	4.153392e-02	2.175707e-01	2.173345e-01	9.526990e-01	2.010414e-01
31568	3.410087e-01	6.408959e-01	3.012484e-02	3.765605e-02	1.972570e-01	1.882345e-01	1.988768e-01	3.034964e-01
9338	9.441937e-02	2.108956e-01	4.956464e-02	6.195579e-02	3.245485e-01	2.611629e-01	6.315123e-01	7.817081e-01
10542	4.497945e-01	8.788138e-01	2.772240e-02	3.465300e-02	1.815258e-01	1.791662e-01	4.887758e-01	7.009887e-01
28882	9.118786e-01	7.431742e-01	2.540273e-02	3.175341e-02	1.663367e-01	1.656352e-01	7.041573e-01	3.106606e-01
19589	6.090878e-01	6.230358e-01	3.231598e-02	4.039497e-02	2.116045e-01	8.054625e-02	8.930035e-01	6.638860e-02
7726	1.286854e-01	3.616549e-01	3.832255e-02	4.790318e-02	2.509354e-01	1.006189e-01	9.696365e-01	4.592329e-01
23593	4.042987e-01	2.730203e-01	2.068444e-02	2.585554e-02	1.354414e-01	5.572186e-02	1.946022e-03	5.472605e-01
17263	7.653572e-01	5.748252e-01	2.252911e-02	2.816138e-02	1.475202e-01	1.088898e-01	6.435403e-02	5.314499e-01
12583	8.357167e-01	6.998537e-01	3.426415e-02	4.283019e-02	2.243611e-01	1.890536e-01	3.712773e-01	4.781334e-01
6728	9.132574e-01	4.877728e-01	3.079336e-02	3.849170e-02	2.016344e-01	1.847672e-01	1.697987e-01	5.349319e-01
7145	4.675678e-02	4.769265e-01	3.895475e-02	4.869344e-02	2.550751e-01	1.923863e-01	1.151180e-01	5.302308e-01
24530	2.831417e-01	6.477481e-01	2.314955e-02	2.893694e-02	1.515829e-01	1.485268e-01	9.134160e-01	1.996811e-01
13246	5.910451e-01	7.161128e-02	5.854924e-02	7.318655e-02	3.833795e-01	3.656276e-01	5.696582e-01	1.644616e-02
