13410	1.896734e-01	2.032576e-01	3.808969e-02	4.761211e-02	2.494107e-01	2.160799e-01	8.000364e-02	7.321959e-01
5050	3.391748e-01	8.816902e-01	2.695451e-02	3.369314e-02	1.764977e-01	1.072257e-01	3.404306e-01	9.630753e-01
5016	4.011969e-01	2.333988e-01	2.570674e-02	3.213343e-02	1.683274e-01	5.630166e-02	5.547452e-01	5.609392e-01
25358	7.391832e-01	7.871124e-01	2.508372e-02	3.135465e-02	1.642478e-01	1.087228e-01	5.159665e-01	2.997058e-01
32340	6.899657e-01	2.376972e-01	3.204943e-02	4.006179e-02	2.098592e-01	1.412352e-01	7.551660e-01	7.445384e-02
15696	7.845416e-01	4.021053e-01	4.669204e-02	5.836505e-02	3.057387e-01	2.991521e-01	2.135904e-01	1.264921e-01
11247	5.465747e-01	4.734500e-01	2.373135e-02	2.966418e-02	1.553925e-01	1.387083e-01	1.797810e-01	8.061215e-01
11253	2.237677e-01	7.357517e-01	3.244236e-02	4.055295e-02	2.124321e-01	1.700958e-01	9.736671e-01	4.658416e-01
18287	4.600032e-01	4.925490e-01	4.172309e-02	5.215386e-02	2.732021e-01	2.419141e-01	9.915930e-02	4.165561e-01
22766	8.419877e-01	6.706804e-01	2.323530e-02	2.904412e-02	1.521444e-01	1.430674e-01	8.658490e-01	5.245218e-01
15253	3.723489e-01	6.400360e-01	3.777301e-02	4.721626e-02	2.473371e-01	1.991979e-01	6.544075e-01	2.936119e-01
14964	2.292887e-01	3.174243e-01	3.292590e-02	4.115737e-02	2.155983e-01	1.850596e-01	9.061048e-01	7.602105e-01
2170	2.209286e-01	5.008522e-01	3.111113e-02	3.888892e-02	2.037152e-01	8.953477e-02	8.844778e-01	6.021690e-01
22314	6.131955e-01	6.141580e-01	2.593478e-02	3.241847e-02	1.698205e-01	8.680546e-02	6.009167e-01	5.368897e-01
26762	9.610750e-01	5.066258e-01	2.744127e-02	3.430159e-02	1.796850e-01	1.752691e-01	3.655434e-02	3.183663e-01
28543	4.575732e-01	7.363772e-01	7.702387e-02	9.627984e-02	5.043511e-01	4.936481e-01	5.087501e-01	6.908193e-01
3967	2.318687e-01	1.403564e-01	2.272062e-02	2.840078e-02	1.487743e-01	1.487132e-01	3.949826e-01	4.195074e-01
1755	9.420336e-01	8.600823e-01	2.320306e-02	2.900382e-02	1.519332e-01	1.313566e-01	1.965482e-01	1.719115e-01
1306	8.997846e-02	8.621290e-01	3.589603e-02	4.487004e-02	2.350466e-01	2.012212e-01	7.686964e-01	7.079269e-01
12127	5.177605e-01	2.037242e-01	5.643967e-02	7.054959e-02	3.695661e-01	3.347676e-01	5.217740e-01	1.723879e-01
29137	9.023103e-01	3.100712e-01	7.261245e-02	9.076557e-02	4.754652e-01	3.258116e-01	4.037376e-01	6.277852e-01
783	5.241785e-01	8.690344e-01	3.408597e-02	4.260746e-02	2.231944e-01	1.923258e-01	3.308261e-01	7.513449e-01
3714	1.295048e-01	4.742397e-01	3.971340e-02	4.964175e-02	2.600427e-01	1.253739e-01	4.285414e-01	8.308791e-01
12972	5.835786e-01	3.842617e-01	4.349972e-02	5.437464e-02	2.848355e-01	2.292837e-01	4.511699e-01	8.277783e-01
12178	9.499432e-01	2.845401e-01	2.164313e-02	2.705391e-02	1.417189e-01	9.163832e-02	9.570172e-01	1.764227e-01
23171	8.993487e-01	8.716646e-01	5.423732e-02	6.779665e-02	3.551451e-01	2.667258e-01	8.476053e-01	6.017419e-01
19433	2.913442e-01	2.354705e-01	2.346388e-02	2.932985e-02	1.536411e-01	1.514804e-01	1.077361e-01	6.680100e-01
28287	8.182758e-01	3.552336e-01	2.355609e-02	2.944512e-02	1.542449e-01	9.511379e-02	9.228135e-02	9.481334e-01
16605	8.670422e-01	5.236519e-02	2.521450e-02	3.151813e-02	1.651042e-01	1.370897e-01	2.960576e-01	6.076729e-01
26210	1.207075e-01	3.090433e-01	2.675315e-02	3.344144e-02	1.751792e-01	1.536891e-01	2.738582e-01	5.075900e-01
9057	8.081374e-01	5.938898e-01	2.312465e-02	2.890582e-02	1.514199e-01	9.975654e-02	3.160878e-01	9.793334e-01
2800	4.528900e-01	6.121044e-01	2.412005e-02	3.015006e-02	1.579377e-01	1.025183e-01	1.941455e-02	8.681607e-01
346	2.522851e-01	6.631658e-01	2.421641e-02	3.027051e-02	1.585687e-01	7.023529e-02	8.485639e-01	5.061122e-01
20828	4.255233e-02	8.967676e-02	2.475993e-02	3.094991e-02	1.621276e-01	9.177184e-02	1.181565e-01	3.607841e-01
8250	1.403981e-01	3.579465e-01	2.553061e-02	3.191326e-02	1.671740e-01	1.658514e-01	4.852886e-01	2.757043e-01
24292	7.457924e-01	1.756766e-01	7.737380e-02	9.671724e-02	5.066424e-01	4.611702e-01	9.610695e-01	8.265689e-01
22716	7.606190e-01	7.249366e-01	5.498321e-02	6.872902e-02	3.600292e-01	2.798460e-01	1.105576e-02	7.441314e-01
24361	6.667486e-01	7.569284e-01	3.241951e-02	4.052439e-02	2.122825e-01	1.464381e-01	1.504719e-01	5.141114e-01
22228	8.448252e-01	4.856710e-01	2.961041e-02	3.701301e-02	1.938885e-01	8.392784e-02	8.599462e-01	8.737934e-01
1565	4.300276e-01	8.867528e-01	3.433281e-02	4.291601e-02	2.248107e-01	1.097300e-01	7.960091e-02	6.701573e-01
29113	3.872621e-01	3.509349e-01	5.596189e-02	6.995236e-02	3.664376e-01	1.812093e-01	2.734647e-01	6.439503e-01
6746	1.552389e-01	5.852437e-01	6.819248e-02	8.524060e-02	4.465233e-01	4.458214e-01	4.713855e-01	7.527088e-01
2628	6.819335e-01	5.977805e-02	2.347068e-02	2.933835e-02	1.536857e-01	1.377452e-01	3.857295e-01	1.400748e-01
11878	4.893624e-01	6.469002e-01	2.417431e-02	3.021789e-02	1.582930e-01	5.076163e-02	3.483280e-01	8.730110e-01
26847	7.606411e-02	5.223010e-01	5.536558e-02	6.920698e-02	3.625330e-01	3.291598e-01	9.994217e-01	1.048696e-01
3574	2.119310e-01	3.653636e-01	2.333402e-02	2.916753e-02	1.527908e-01	1.262696e-01	6.691019e-02	2.655228e-02
28144	6.507828e-01	5.370908e-01	4.449369e-02	5.561711e-02	2.913440e-01	2.759875e-01	6.764894e-01	6.311878e-01
6636	5.665037e-01	3.100436e-02	2.339721e-02	2.924651e-02	1.532046e-01	1.528934e-01	2.435780e-01	9.476421e-01
65	4.126138e-01	5.884093e-01	3.509101e-02	4.386376e-02	2.297754e-01	1.486340e-01	8.961138e-01	8.886032e-01
3285	9.377653e-02	1.112857e-01	3.803007e-02	4.753759e-02	2.490203e-01	2.143811e-01	4.449575e-01	1.105220e-01
1734	8.489015e-01	8.847397e-01	4.329690e-02	5.412112e-02	2.835074e-01	1.617883e-01	3.975704e-01	7.059040e-01
28992	7.957562e-02	4.240304e-01	4.943080e-02	6.178850e-02	3.236721e-01	1.454068e-01	5.897680e-01	7.434307e-01
1142	2.079542e-01	2.877998e-01	2.505368e-02	3.131711e-02	1.640511e-01	1.335780e-01	6.885800e-01	4.234246e-01
28455	4.826985e-01	5.587088e-01	2.527012e-02	3.158765e-02	1.654684e-01	1.261701e-01	4.277027e-01	2.909143e-01
20230	3.172766e-01	1.679867e-01	2.205126e-02	2.756407e-02	1.443913e-01	8.204379e-02	1.627492e-01	9.343634e-01
8052	3.102393e-01	4.181842e-02	3.645658e-02	4.557072e-02	2.387171e-01	1.487426e-01	6.197120e-01	2.829347e-01
9203	6.321442e-01	3.782161e-01	3.373878e-02	4.217347e-02	2.209210e-01	2.114448e-01	5.080180e-01	6.928227e-01
27696	3.138565e-01	4.573407e-01	3.233226e-02	4.041532e-02	2.117111e-01	6.424201e-02	2.519204e-01	5.463269e-01
23015	4.831503e-01	4.373615e-01	3.669838e-02	4.587297e-02	2.403004e-01	1.001712e-01	1.453719e-01	5.412298e-02
21245	4.386795e-01	1.637126e-01	2.600969e-02	3.251211e-02	1.703110e-01	1.281515e-01	6.063629e-01	4.249662e-02
21226	1.080471e-01	2.016203e-01	6.531471e-02	8.164339e-02	4.276797e-01	1.321140e-01	9.828304e-01	8.002744e-01
14254	6.033582e-01	7.768720e-01	4.961720e-02	6.202150e-02	3.248927e-01	2.501189e-01	3.873811e-01	2.181323e-01
23169	7.327913e-01	2.577080e-01	2.745366e-02	3.431708e-02	1.797662e-01	1.488472e-01	5.215516e-01	7.170929e-01
8001	2.647840e-01	1.316421e-01	3.311916e-02	4.139894e-02	2.168637e-01	2.168637e-01	4.241176e-03	5.003525e-01
24803	8.382053e-01	1.542123e-01	4.527524e-02	5.659404e-02	2.964615e-01	2.502672e-01	4.513402e-01	2.329256e-01
26205	7.436718e-01	5.234887e-01	2.285778e-02	2.857223e-02	1.496724e-01	1.393493e-01	5.186781e-01	4.016725e-01
14249	7.378059e-01	4.828387e-01	5.011915e-02	6.264893e-02	3.281794e-01	1.888768e-01	9.696439e-01	6.298250e-01
6279	4.680318e-01	3.576150e-01	3.414614e-02	4.268268e-02	2.235884e-01	7.458893e-02	3.422053e-01	3.667788e-01
3397	8.076202e-01	8.742504e-01	2.147455e-02	2.684318e-02	1.406150e-01	1.079370e-01	5.761455e-01	6.562450e-01
10572	2.469092e-01	2.530211e-01	4.396619e-02	5.495774e-02	2.878899e-01	2.688369e-01	3.723119e-01	1.407744e-01
16379	6.069620e-01	9.572604e-01	2.113216e-02	2.641520e-02	1.383730e-01	1.179371e-01	3.757052e-01	1.045217e-01
21670	5.569718e-01	7.418238e-01	4.595000e-02	5.743750e-02	3.008799e-01	2.610648e-01	5.199300e-01	3.403652e-01
22536	5.932406e-01	5.729097e-01	5.365478e-02	6.706847e-02	3.513306e-01	2.650259e-01	8.522672e-01	4.863166e-01
22585	3.001973e-02	1.829765e-01	2.846057e-02	3.557571e-02	1.863594e-01	1.835076e-01	4.649004e-01	1.841377e-01
21913	6.393980e-01	1.846311e-01	2.987428e-02	3.734284e-02	1.956163e-01	1.881581e-01	6.556161e-01	9.849693e-01
28744	4.100092e-01	2.634267e-01	2.840164e-02	3.550205e-02	1.859735e-01	1.620561e-01	9.024189e-01	8.400371e-01
12658	8.504414e-01	7.847666e-01	2.407565e-02	3.009456e-02	1.576470e-01	7.168830e-02	9.071294e-01	6.818945e-01
2186	7.978804e-01	2.641292e-01	7.812302e-02	9.765378e-02	5.115483e-01	2.985636e-01	7.860723e-01	1.500375e-02
24879	5.052622e-01	6.144343e-01	2.647260e-02	3.309075e-02	1.733422e-01	1.026471e-01	5.716947e-01	2.579749e-01
