7022	5.215326e-01	6.608898e-01	3.786399e-02	4.732998e-02	2.479328e-01	1.637573e-01	9.118952e-01	1.502722e-01
12957	4.323640e-01	9.271985e-01	2.413972e-02	3.017464e-02	1.580665e-01	8.809688e-02	1.065292e-01	8.934422e-01
1721	7.788185e-01	2.331794e-01	2.647492e-02	3.309365e-02	1.733574e-01	1.618493e-01	3.671790e-01	9.179209e-01
17998	6.480570e-01	1.275189e-01	3.683606e-02	4.604508e-02	2.412020e-01	1.507682e-01	1.121716e-01	2.584554e-01
29669	6.359254e-01	6.891129e-01	2.306268e-02	2.882835e-02	1.510140e-01	9.220273e-02	5.612213e-01	1.684247e-01
23906	6.818888e-01	5.570203e-01	2.139456e-02	2.674320e-02	1.400912e-01	6.098726e-02	8.745779e-01	5.928958e-01
1427	7.091811e-01	6.279322e-01	3.706571e-02	4.633213e-02	2.427057e-01	1.519648e-01	1.648735e-01	8.588592e-01
8726	7.931102e-01	3.695793e-01	2.531019e-02	3.163773e-02	1.657307e-01	1.651166e-01	9.533309e-01	9.103236e-01
16166	4.837642e-01	2.919540e-01	2.616525e-02	3.270657e-02	1.713297e-01	4.846638e-02	5.061336e-01	6.772078e-01
18995	7.677667e-01	4.656204e-01	3.309139e-02	4.136424e-02	2.166819e-01	1.538799e-01	4.603326e-01	3.615441e-01
22908	8.929854e-01	8.839627e-01	3.273617e-02	4.092021e-02	2.143559e-01	1.989454e-01	4.073992e-01	6.993170e-01
13998	9.213768e-01	7.872963e-01	5.287878e-02	6.609847e-02	3.462494e-01	1.743184e-01	6.318984e-01	3.823547e-01
6961	6.279934e-01	3.495662e-01	4.856611e-02	6.070763e-02	3.180101e-01	2.407602e-01	1.137486e-01	2.781106e-01
15986	5.830213e-01	8.369267e-01	2.315132e-02	2.893915e-02	1.515945e-01	1.504115e-01	6.394410e-01	5.900845e-01
23002	2.282858e-01	8.650579e-01	3.577228e-02	4.471535e-02	2.342363e-01	2.325611e-01	1.825235e-01	8.463413e-01
41	7.745111e-01	8.628297e-01	5.619407e-02	7.024259e-02	3.679579e-01	3.600680e-01	4.861752e-01	9.663418e-01
23070	1.947479e-01	3.117277e-01	3.234911e-02	4.043639e-02	2.118215e-01	2.067534e-01	5.241887e-01	5.868900e-01
6671	4.310709e-01	4.995087e-01	3.934618e-02	4.918273e-02	2.576382e-01	2.282403e-01	9.274842e-01	3.147090e-01
20074	3.311788e-01	6.555423e-01	7.366231e-02	9.207788e-02	4.823396e-01	1.253598e-01	6.132073e-01	9.198654e-01
31031	5.910784e-01	2.517427e-01	3.631298e-02	4.539123e-02	2.377768e-01	2.282471e-01	6.617298e-01	9.940081e-01
26650	8.143166e-01	6.386370e-01	3.921372e-02	4.901715e-02	2.567708e-01	2.038863e-01	9.323921e-01	8.827337e-01
25090	9.515972e-01	2.030534e-01	3.727116e-02	4.658895e-02	2.440510e-01	8.057580e-02	6.043040e-01	8.818518e-01
18558	7.841206e-01	7.830904e-01	3.352770e-02	4.190962e-02	2.195388e-01	1.810211e-01	6.749908e-01	1.845077e-01
22484	1.607505e-01	2.883998e-01	2.405172e-02	3.006465e-02	1.574903e-01	1.278238e-01	6.671081e-01	4.210698e-01
13688	4.733207e-01	3.634336e-01	2.057400e-02	2.571750e-02	1.347182e-01	8.049771e-02	7.323300e-01	1.017205e-01
1885	9.524042e-01	9.667709e-01	2.079244e-02	2.599055e-02	1.361485e-01	5.357092e-02	5.097293e-02	2.097375e-02
23278	2.538880e-01	2.840264e-01	4.175733e-02	5.219666e-02	2.734263e-01	2.456652e-01	8.950769e-01	4.542713e-01
11133	2.876121e-01	3.796380e-01	5.984635e-02	7.480794e-02	3.918730e-01	2.248838e-01	9.220778e-01	1.439180e-01
15495	7.061378e-01	8.292577e-01	3.453922e-02	4.317402e-02	2.261623e-01	2.139910e-01	5.948904e-01	3.151234e-01
419	6.013281e-01	6.677599e-01	4.388995e-02	5.486243e-02	2.873907e-01	2.773638e-01	3.593947e-01	8.075546e-01
10269	4.496418e-01	9.227892e-01	2.347594e-02	2.934492e-02	1.537201e-01	4.302595e-02	5.400669e-01	8.254036e-02
26029	2.051872e-01	7.098551e-01	4.642803e-02	5.803504e-02	3.040100e-01	1.504146e-01	5.705059e-01	7.012044e-01
15987	8.745229e-01	4.671114e-01	2.402603e-02	3.003254e-02	1.573221e-01	1.370666e-01	1.612034e-02	9.382339e-01
21547	5.116499e-01	8.760654e-02	4.794699e-02	5.993374e-02	3.139561e-01	3.135650e-01	8.857669e-01	6.903874e-01
25505	3.425322e-02	3.950463e-01	2.533630e-02	3.167037e-02	1.659017e-01	1.639924e-01	6.938639e-01	5.034087e-01
22829	8.538213e-01	2.198535e-01	2.431718e-02	3.039648e-02	1.592285e-01	7.651842e-02	6.798751e-02	6.073557e-01
6894	5.929374e-01	1.966526e-01	2.864459e-02	3.580574e-02	1.875643e-01	1.800502e-01	2.231390e-01	4.767998e-01
15081	8.105550e-01	1.891314e-01	5.385199e-02	6.731499e-02	3.526220e-01	2.029316e-01	1.159877e-01	9.980254e-01
14413	8.861988e-01	2.279103e-01	2.815539e-02	3.519424e-02	1.843611e-01	1.838728e-01	9.329855e-01	9.634115e-01
14585	9.238878e-01	3.518341e-01	2.675589e-02	3.344486e-02	1.751971e-01	9.924142e-02	3.967470e-01	1.214870e-01
24851	2.053329e-01	5.201502e-01	3.980308e-02	4.975386e-02	2.606300e-01	2.207198e-01	7.834128e-01	9.539015e-01
13823	9.525643e-01	6.321882e-01	3.836336e-02	4.795420e-02	2.512027e-01	7.245260e-02	7.747625e-01	2.396787e-01
25734	9.861711e-02	7.443657e-01	5.541786e-02	6.927233e-02	3.628753e-01	3.457559e-01	9.289352e-01	8.882065e-01
7891	5.525626e-01	8.957022e-01	2.386285e-02	2.982856e-02	1.562535e-01	1.047788e-01	1.172671e-01	7.045959e-01
18169	5.216138e-02	5.978491e-01	4.741774e-02	5.927218e-02	3.104907e-01	2.940910e-01	7.886060e-01	2.153215e-01
16629	5.486039e-01	9.564059e-01	2.350327e-02	2.937908e-02	1.538990e-01	1.028942e-01	8.180816e-01	1.740320e-01
22015	8.864607e-01	6.586517e-02	5.381677e-02	6.727096e-02	3.523914e-01	3.522981e-01	9.870669e-01	2.196913e-01
27019	7.528751e-01	2.331814e-01	2.057236e-02	2.571545e-02	1.347075e-01	1.068043e-01	1.127809e-01	2.000968e-01
4215	3.589614e-01	9.484625e-02	2.167018e-02	2.708773e-02	1.418960e-01	1.088640e-01	8.048606e-01	8.863056e-01
7397	8.442412e-01	7.414564e-01	3.916016e-02	4.895020e-02	2.564201e-01	2.278686e-01	2.967111e-01	1.009655e-01
12926	7.981720e-01	5.293000e-01	2.603946e-02	3.254933e-02	1.705060e-01	1.684995e-01	3.735769e-01	9.515771e-01
14166	8.701438e-01	1.442370e-01	3.146390e-02	3.932987e-02	2.060251e-01	5.673111e-02	9.114246e-02	9.392352e-02
13942	9.128991e-01	5.683789e-01	6.583974e-02	8.229968e-02	4.311176e-01	4.249596e-01	5.870104e-01	4.144293e-01
10590	1.971151e-01	2.364850e-01	2.127998e-02	2.659997e-02	1.393410e-01	4.487786e-02	9.127700e-01	9.783111e-01
986	7.713314e-01	3.594271e-02	2.161618e-02	2.702022e-02	1.415424e-01	8.047425e-02	5.994125e-01	9.902583e-01
32314	8.189371e-01	7.525992e-02	3.929831e-02	4.912289e-02	2.573247e-01	2.539359e-01	6.309640e-01	5.696809e-01
18834	7.216142e-01	2.303442e-01	2.236115e-02	2.795144e-02	1.464205e-01	1.422426e-01	2.986705e-01	8.280038e-01
16993	4.434188e-01	6.288201e-01	6.889187e-02	8.611484e-02	4.511029e-01	3.718749e-01	6.863153e-01	6.977589e-01
4299	1.448327e-01	1.605256e-01	4.785225e-02	5.981531e-02	3.133358e-01	3.048087e-01	9.313195e-01	7.720812e-02
17796	1.377386e-01	9.195167e-01	3.361588e-02	4.201985e-02	2.201162e-01	2.189006e-01	4.980442e-01	1.989962e-01
18934	4.236962e-01	1.171667e-01	2.309755e-02	2.887193e-02	1.512424e-01	1.482094e-01	9.543737e-01	6.577981e-01
7129	6.630764e-02	3.151759e-01	5.553455e-02	6.941819e-02	3.636394e-01	1.238544e-01	1.433426e-01	1.324694e-01
11594	7.127876e-02	4.695831e-01	5.607086e-02	7.008858e-02	3.671511e-01	1.471318e-01	1.549376e-01	9.562745e-01
21156	9.572663e-01	9.068384e-01	2.085273e-02	2.606591e-02	1.365434e-01	9.611900e-02	1.345932e-01	7.382485e-01
19627	3.936110e-01	6.333970e-01	2.158722e-02	2.698403e-02	1.413528e-01	1.019841e-01	8.461875e-01	5.252391e-01
31555	1.016386e-01	6.541057e-02	3.534493e-02	4.418116e-02	2.314380e-01	1.187951e-01	2.551912e-01	3.813213e-01
1759	9.880837e-02	6.264971e-01	3.488846e-02	4.361058e-02	2.284491e-01	1.742346e-01	3.051129e-02	7.489467e-01
10940	5.494653e-01	2.874746e-01	2.388721e-02	2.985901e-02	1.564131e-01	5.861431e-02	1.662509e-01	6.941768e-01
6226	7.465767e-01	3.531212e-01	2.406264e-02	3.007830e-02	1.575618e-01	1.405195e-01	8.358073e-01	9.736870e-01
31926	6.803190e-01	5.025318e-01	7.424319e-02	9.280398e-02	4.861432e-01	3.776280e-01	1.378448e-01	6.168556e-01
26574	1.667962e-01	7.448028e-01	3.155278e-02	3.944098e-02	2.066071e-01	1.184486e-01	9.524731e-01	1.413639e-01
20817	9.713709e-01	3.310224e-01	2.652879e-02	3.316098e-02	1.737101e-01	1.061769e-01	3.101846e-01	7.404799e-02
16877	9.602086e-01	3.757566e-02	2.245797e-02	2.807246e-02	1.470544e-01	7.361803e-02	6.972731e-01	8.782068e-01
32001	9.153852e-01	3.001293e-01	2.129372e-02	2.661715e-02	1.394309e-01	5.217600e-02	7.822560e-01	4.450424e-01
22415	6.069551e-01	9.169692e-01	3.022427e-02	3.778033e-02	1.979080e-01	1.475751e-01	5.288103e-01	1.441562e-01
9385	3.387483e-02	8.470007e-01	2.498994e-02	3.123743e-02	1.636338e-01	9.959680e-02	9.504582e-01	9.498583e-01
27216	2.850430e-01	7.953058e-01	3.832178e-02	4.790223e-02	2.509304e-01	2.505174e-01	4.143422e-01	6.940657e-01
13932	7.077903e-01	1.021770e-01	5.444169e-02	6.805212e-02	3.564834e-01	1.291179e-01	8.559942e-01	8.094925e-01
21082	9.670955e-01	6.548078e-01	3.519472e-02	4.399340e-02	2.304545e-01	7.523046e-02	6.961544e-01	4.522032e-01
