28889	4.919511e-01	2.428248e-01	7.774859e-02	9.718573e-02	5.090965e-01	4.957570e-01	2.235604e-01	4.239034e-01
28380	4.726728e-02	2.636924e-01	3.341854e-02	4.177317e-02	2.188241e-01	9.310931e-02	5.853887e-01	6.227515e-01
31137	5.365546e-01	2.802830e-01	2.157774e-02	2.697218e-02	1.412907e-01	1.314119e-01	3.993606e-01	2.007441e-01
20056	4.388866e-01	5.401534e-01	2.475007e-02	3.093759e-02	1.620631e-01	1.575120e-01	3.988405e-01	9.174049e-02
25999	8.253173e-01	6.472491e-01	4.211796e-02	5.264745e-02	2.757877e-01	2.739862e-01	7.316070e-01	5.866673e-01
7511	2.980747e-01	1.310653e-01	2.811775e-02	3.514718e-02	1.841146e-01	1.753966e-01	4.893806e-01	4.187704e-01
9403	8.197869e-01	8.175319e-01	2.407515e-02	3.009394e-02	1.576437e-01	6.654328e-02	3.376728e-01	2.828412e-01
1927	7.266364e-01	3.871849e-01	4.230444e-02	5.288056e-02	2.770088e-01	2.363755e-01	3.736892e-01	3.999949e-01
26374	6.245555e-01	3.376211e-01	4.715296e-02	5.894120e-02	3.087568e-01	2.376436e-01	2.439450e-01	7.696637e-01
30277	9.437695e-01	2.099176e-01	2.861816e-02	3.577270e-02	1.873912e-01	1.868174e-01	6.601751e-01	8.607022e-01
3315	6.442381e-01	4.959562e-01	3.428154e-02	4.285193e-02	2.244750e-01	1.520258e-01	7.754013e-01	5.427272e-01
6660	5.557434e-01	9.515507e-01	2.463033e-02	3.078791e-02	1.612790e-01	1.461135e-01	2.703507e-02	7.260134e-01
1313	9.669538e-01	2.800874e-01	3.079766e-02	3.849708e-02	2.016626e-01	2.013933e-01	6.620690e-01	8.591740e-01
6451	3.648256e-01	1.505314e-01	4.626123e-02	5.782653e-02	3.029178e-01	2.749759e-01	5.804558e-01	5.668720e-01
32588	7.438140e-01	7.095740e-01	2.924511e-02	3.655638e-02	1.914965e-01	1.546742e-01	6.987806e-01	5.472057e-01
17688	7.990845e-01	6.715068e-02	3.210215e-02	4.012768e-02	2.102044e-01	1.259969e-01	3.159227e-01	8.594002e-01
2348	3.753591e-01	3.900671e-01	2.907658e-02	3.634573e-02	1.903930e-01	9.021724e-02	8.044916e-01	1.349816e-01
18513	1.122061e-01	8.516574e-01	3.432568e-02	4.290710e-02	2.247640e-01	1.834246e-01	6.751136e-02	3.473476e-01
7943	3.146185e-01	1.816463e-01	2.456177e-02	3.070221e-02	1.608301e-01	8.452328e-02	9.042139e-01	6.936186e-01
22099	5.521752e-01	7.821880e-01	3.157678e-02	3.947097e-02	2.067643e-01	7.517935e-02	4.320472e-01	5.094128e-01
16585	7.712180e-02	4.790305e-01	2.755729e-02	3.444661e-02	1.804447e-01	9.769521e-02	1.705017e-01	6.605304e-01
11153	3.171281e-01	8.097211e-01	3.001348e-02	3.751685e-02	1.965278e-01	1.240087e-01	7.486047e-01	8.687421e-01
708	8.030986e-01	4.837482e-01	2.210465e-02	2.763081e-02	1.447409e-01	6.089292e-02	9.949353e-01	8.430573e-01
16714	7.843953e-01	3.273016e-01	3.867420e-02	4.834276e-02	2.532381e-01	1.010037e-01	6.487368e-01	4.041256e-01
10212	7.405981e-01	6.262189e-01	2.100729e-02	2.625911e-02	1.375554e-01	9.006138e-02	2.714271e-02	5.347901e-01
30732	2.738546e-01	6.865733e-01	2.153239e-02	2.691549e-02	1.409938e-01	1.288257e-01	8.011472e-02	6.718425e-01
3326	7.389314e-02	1.709045e-01	3.088731e-02	3.860913e-02	2.022496e-01	1.193658e-01	2.208883e-01	4.511348e-01
30567	6.829022e-01	3.601382e-01	2.683233e-02	3.354042e-02	1.756977e-01	7.875780e-02	5.930245e-01	7.066509e-01
1231	1.859323e-01	8.839351e-01	7.462767e-02	9.328458e-02	4.886608e-01	2.240943e-01	7.751972e-01	5.282256e-01
15137	3.129758e-01	5.844943e-01	7.427751e-02	9.284689e-02	4.863680e-01	2.752177e-01	1.252878e-02	4.025684e-01
4147	5.058902e-02	5.080337e-01	2.858315e-02	3.572894e-02	1.871620e-01	1.471814e-01	5.833455e-01	5.651199e-01
12326	3.578060e-01	7.106785e-01	2.072474e-02	2.590593e-02	1.357053e-01	4.768473e-02	2.588240e-01	8.203770e-01
12168	8.334287e-01	1.942043e-01	6.463816e-02	8.079770e-02	4.232497e-01	2.652733e-01	4.366615e-01	7.763714e-01
12964	7.520320e-01	3.368527e-01	3.389622e-02	4.237028e-02	2.219519e-01	1.950762e-01	1.132137e-01	3.611023e-01
21801	5.764399e-02	3.440218e-01	4.582032e-02	5.727540e-02	3.000307e-01	2.113649e-01	5.650689e-01	6.755322e-01
30917	2.426271e-01	5.701364e-01	2.355076e-02	2.943845e-02	1.542100e-01	1.127253e-01	5.677523e-02	4.488114e-01
24631	2.229212e-01	2.795397e-01	7.168095e-02	8.960119e-02	4.693657e-01	4.499337e-01	9.060252e-01	7.595076e-01
20001	2.434847e-01	7.461435e-01	6.009371e-02	7.511714e-02	3.934927e-01	1.413666e-01	6.694028e-01	1.383039e-01
8799	4.796588e-01	8.128017e-01	5.376850e-02	6.721063e-02	3.520753e-01	1.413097e-01	4.638285e-01	6.612368e-01
6709	4.853835e-02	9.714021e-01	2.110793e-02	2.638491e-02	1.382144e-01	1.364161e-01	3.342209e-01	6.445048e-01
10889	5.752570e-01	6.188755e-01	2.312548e-02	2.890685e-02	1.514253e-01	1.365501e-01	3.355662e-01	7.747024e-01
4023	4.707855e-01	7.516645e-01	7.664773e-02	9.580966e-02	5.018881e-01	1.947104e-01	8.514614e-01	9.100337e-01
14739	9.162017e-01	8.019019e-01	4.607274e-02	5.759093e-02	3.016836e-01	1.208082e-01	6.648893e-02	3.859650e-01
2204	2.630629e-02	8.841510e-02	2.300845e-02	2.876056e-02	1.506590e-01	1.492475e-01	5.544947e-01	6.913095e-01
14825	9.411950e-01	4.109360e-01	2.690226e-02	3.362782e-02	1.761556e-01	1.751834e-01	3.699636e-01	8.469976e-01
16648	8.862107e-01	8.843092e-01	3.073536e-02	3.841920e-02	2.012547e-01	2.002443e-01	7.452212e-01	7.912988e-01
60	7.401932e-02	1.062711e-01	4.621033e-02	5.776292e-02	3.025845e-01	2.831749e-01	8.934633e-01	2.644930e-01
16123	3.223094e-01	6.370731e-01	3.006776e-02	3.758470e-02	1.968832e-01	6.462320e-02	2.455471e-01	7.649377e-01
4039	8.908180e-01	4.193295e-01	2.623902e-02	3.279877e-02	1.718127e-01	1.368217e-01	2.754480e-01	7.212514e-01
27449	2.094189e-01	1.247734e-01	2.158058e-02	2.697572e-02	1.413093e-01	1.410668e-01	6.283593e-01	7.682750e-02
2645	9.278616e-01	1.856694e-01	3.593215e-02	4.491519e-02	2.352832e-01	1.067556e-01	7.152710e-01	3.199329e-01
20101	5.524207e-01	3.923195e-01	4.517483e-02	5.646854e-02	2.958041e-01	1.566075e-01	1.504025e-01	1.465344e-01
31942	5.352571e-01	1.032597e-01	5.365159e-02	6.706448e-02	3.513098e-01	1.625590e-01	7.435870e-01	4.840455e-02
9829	7.058244e-01	5.779225e-01	2.713940e-02	3.392425e-02	1.777084e-01	1.777043e-01	6.668612e-01	5.010461e-02
9833	6.661692e-01	2.390800e-01	2.954849e-02	3.693561e-02	1.934830e-01	1.237529e-01	4.550890e-01	7.770016e-01
26473	2.710361e-01	6.883280e-02	4.076542e-02	5.095678e-02	2.669314e-01	7.619450e-02	9.016967e-01	9.547677e-01
12017	5.390774e-01	6.255661e-01	2.870896e-02	3.588620e-02	1.879858e-01	7.769691e-02	2.741200e-01	5.232882e-01
27427	8.626555e-01	1.634698e-01	2.312682e-02	2.890852e-02	1.514341e-01	1.303847e-01	4.932558e-01	2.430085e-01
7766	7.562388e-01	4.661422e-01	5.262991e-02	6.578739e-02	3.446198e-01	3.379496e-01	1.742803e-01	1.528725e-01
27390	2.873234e-01	7.335201e-01	4.282884e-02	5.353605e-02	2.804426e-01	2.500225e-01	5.775065e-01	2.174279e-01
16285	4.376666e-01	9.121926e-02	4.854821e-02	6.068526e-02	3.178929e-01	2.744052e-01	5.806511e-01	1.597572e-01
5290	8.350375e-01	5.646969e-01	2.271647e-02	2.839559e-02	1.487471e-01	9.162465e-02	3.642146e-01	3.724274e-02
13434	5.174515e-01	9.489818e-01	2.329828e-02	2.912285e-02	1.525568e-01	1.355516e-01	3.299630e-01	4.693155e-01
17815	7.094008e-01	8.868328e-01	4.073958e-02	5.092447e-02	2.667621e-01	1.872563e-01	7.815352e-01	5.785330e-01
9389	6.470330e-01	8.702059e-01	3.617246e-02	4.521558e-02	2.368567e-01	1.609145e-01	4.111782e-01	8.048246e-01
25278	6.842485e-01	6.311698e-01	2.989407e-02	3.736759e-02	1.957459e-01	1.957337e-01	1.610411e-01	1.817323e-01
20381	5.861625e-01	4.767061e-01	2.326558e-02	2.908197e-02	1.523426e-01	1.307620e-01	6.521281e-01	9.878314e-01
31141	3.625568e-01	2.373007e-01	2.297339e-02	2.871674e-02	1.504294e-01	9.027964e-02	1.612610e-01	2.912220e-01
8781	9.315568e-01	5.808454e-02	2.493357e-02	3.116697e-02	1.632646e-01	1.562849e-01	7.708347e-01	3.799488e-01
27176	1.958757e-01	5.573732e-01	3.554433e-02	4.443041e-02	2.327437e-01	2.157685e-01	2.130169e-01	7.858405e-01
12214	7.186031e-01	3.231928e-01	2.703151e-02	3.378938e-02	1.770019e-01	1.544762e-01	2.556313e-01	8.960627e-01
12866	4.173893e-01	4.742905e-01	5.964767e-02	7.455959e-02	3.905720e-01	1.894954e-01	4.434419e-01	7.980596e-01
4808	1.815704e-01	9.181408e-02	3.274231e-02	4.092789e-02	2.143962e-01	2.029231e-01	8.980790e-01	6.971893e-01
24514	8.755328e-01	6.041453e-01	3.406713e-02	4.258391e-02	2.230710e-01	2.214613e-01	3.943283e-01	6.764784e-01
