13526	2.460967e-01	7.539766e-01	2.861599e-02	3.576999e-02	1.873771e-01	1.492942e-01	6.920919e-01	4.813686e-01
17113	5.501574e-02	1.042658e-01	2.875257e-02	3.594071e-02	1.882714e-01	1.130651e-01	7.359858e-01	8.392269e-01
31411	5.793431e-01	5.048397e-01	3.771296e-02	4.714120e-02	2.469439e-01	2.400401e-01	6.854625e-01	4.092006e-01
17181	7.582793e-01	2.957259e-01	2.889622e-02	3.612027e-02	1.892120e-01	1.122683e-01	2.076330e-01	9.680375e-01
935	6.119204e-01	4.002359e-01	2.253642e-02	2.817052e-02	1.475681e-01	9.714737e-02	9.002850e-02	4.720804e-01
4014	7.857064e-01	9.335519e-01	4.657870e-02	5.822338e-02	3.049966e-01	1.099120e-01	5.861363e-02	8.444579e-01
25025	5.215161e-02	9.707059e-01	2.250683e-02	2.813354e-02	1.473744e-01	8.947028e-02	8.063290e-01	7.956636e-01
12180	5.334011e-01	8.445998e-01	2.473119e-02	3.091399e-02	1.619395e-01	9.003554e-02	9.818410e-01	8.668937e-01
841	7.027317e-01	1.553848e-01	2.694930e-02	3.368663e-02	1.764636e-01	6.830905e-02	8.520496e-01	2.444033e-01
11652	8.101675e-01	8.142288e-01	2.434362e-02	3.042953e-02	1.594017e-01	1.575209e-01	6.774438e-01	7.509090e-01
1788	5.137327e-01	6.955521e-02	2.638270e-02	3.297838e-02	1.727535e-01	5.342301e-02	9.740207e-01	4.363872e-01
19348	2.864578e-01	9.323976e-01	3.809792e-02	4.762239e-02	2.494646e-01	2.442764e-01	2.333281e-01	2.717887e-01
7856	9.078328e-01	7.420402e-01	2.396755e-02	2.995944e-02	1.569391e-01	1.548279e-01	5.104173e-01	9.574280e-01
6022	7.906137e-01	5.634623e-01	6.621674e-02	8.277092e-02	4.335862e-01	1.203068e-01	4.890021e-02	5.338264e-01
30574	4.976033e-01	5.829562e-01	2.187934e-02	2.734918e-02	1.432656e-01	1.430904e-01	1.701966e-01	1.033469e-01
2606	4.327042e-01	4.987836e-01	2.687080e-02	3.358850e-02	1.759496e-01	1.708264e-01	8.932615e-01	8.293887e-01
23382	4.765412e-01	7.668020e-01	2.371094e-02	2.963867e-02	1.552588e-01	5.845056e-02	9.691286e-02	1.399892e-01
17417	3.916341e-01	2.168187e-01	5.756531e-02	7.195664e-02	3.769368e-01	3.209724e-01	5.214689e-01	6.874527e-01
5781	9.842211e-02	6.214798e-01	2.152163e-02	2.690204e-02	1.409233e-01	1.065146e-01	6.559810e-01	8.035735e-01
9449	5.512603e-01	6.327705e-01	7.459562e-02	9.324452e-02	4.884509e-01	1.639491e-01	4.432692e-01	6.139910e-01
1402	1.127978e-01	3.008520e-01	6.735409e-02	8.419262e-02	4.410336e-01	3.914281e-01	3.297869e-02	5.271075e-01
31095	4.762620e-01	6.990050e-01	2.507698e-02	3.134622e-02	1.642037e-01	1.450093e-01	1.666677e-01	1.679585e-01
19721	3.800570e-01	4.601392e-02	2.347057e-02	2.933822e-02	1.536850e-01	1.456151e-01	7.906712e-01	9.983326e-01
26539	2.628208e-01	1.302727e-01	3.776388e-02	4.720485e-02	2.472773e-01	1.712450e-01	2.031910e-01	9.989458e-01
704	2.509535e-01	3.293695e-01	2.238350e-02	2.797938e-02	1.465668e-01	6.541827e-02	5.786810e-01	6.030672e-01
30053	4.076943e-01	1.144985e-01	6.972497e-02	8.715621e-02	4.565580e-01	4.551526e-01	5.550864e-01	7.253476e-01
22878	6.445311e-01	7.851197e-01	7.712650e-02	9.640812e-02	5.050231e-01	5.034510e-01	4.628677e-01	9.741035e-01
8204	3.531503e-01	5.776054e-01	4.658035e-02	5.822543e-02	3.050074e-01	1.885112e-01	1.969359e-01	2.242776e-01
21218	8.216792e-01	8.901215e-01	2.632407e-02	3.290508e-02	1.723696e-01	1.565465e-01	3.408140e-01	2.579859e-01
3286	9.089196e-01	4.572777e-01	4.289765e-02	5.362206e-02	2.808931e-01	1.750435e-01	2.365966e-01	1.274975e-01
5040	2.261141e-01	5.414811e-02	2.357255e-02	2.946568e-02	1.543527e-01	1.373722e-01	7.557557e-01	8.906325e-01
17053	5.314236e-01	2.417917e-01	3.228845e-02	4.036056e-02	2.114243e-01	7.002061e-02	7.870251e-01	7.302972e-02
3338	4.286155e-01	6.885916e-01	2.320039e-02	2.900049e-02	1.519158e-01	5.479851e-02	4.105910e-01	9.896274e-01
27820	9.005523e-01	4.930816e-01	2.224975e-02	2.781218e-02	1.456910e-01	1.201783e-01	1.320285e-02	5.774249e-01
10960	1.410141e-01	9.180398e-01	5.059693e-02	6.324617e-02	3.313079e-01	2.730606e-01	9.127752e-01	1.301359e-01
6207	3.444425e-01	9.453571e-01	4.848535e-02	6.060669e-02	3.174813e-01	1.669774e-01	6.814309e-01	7.041642e-01
13298	8.373302e-01	6.422395e-01	6.539794e-02	8.174742e-02	4.282247e-01	4.279607e-01	5.759140e-01	3.853429e-01
7031	4.587218e-01	9.162310e-02	2.335687e-02	2.919609e-02	1.529404e-01	1.350798e-01	9.854828e-01	8.124646e-01
3396	2.957674e-01	3.561929e-01	6.453407e-02	8.066758e-02	4.225681e-01	2.884982e-01	9.922812e-01	9.360379e-01
15326	7.968664e-01	4.910565e-01	4.925693e-02	6.157116e-02	3.225336e-01	2.193597e-01	1.331328e-01	8.890832e-01
1328	7.084045e-01	2.398115e-01	3.664058e-02	4.580072e-02	2.399219e-01	2.381062e-01	2.431096e-01	3.786093e-01
26211	9.081243e-01	3.260464e-02	2.700597e-02	3.375746e-02	1.768346e-01	1.463548e-01	3.148745e-01	9.604932e-01
31790	6.175802e-02	8.087817e-01	2.152136e-02	2.690170e-02	1.409215e-01	1.267280e-01	9.956853e-01	1.008371e-01
18066	9.250752e-01	9.288575e-01	3.126959e-02	3.908699e-02	2.047528e-01	1.684693e-01	9.695519e-01	5.291045e-01
14296	1.715421e-01	6.032173e-01	2.811996e-02	3.514995e-02	1.841290e-01	1.656348e-01	9.434961e-01	2.054181e-01
22247	2.060091e-01	3.542099e-01	3.938309e-02	4.922886e-02	2.578798e-01	2.573426e-01	8.601932e-01	1.220313e-01
11514	4.338470e-01	9.240868e-01	2.802408e-02	3.503010e-02	1.835012e-01	1.427930e-01	7.965006e-01	4.451254e-01
2212	1.522393e-01	1.526857e-01	3.605172e-02	4.506465e-02	2.360661e-01	1.380308e-01	6.597429e-01	4.584598e-01
8213	4.767126e-01	3.085588e-01	3.341986e-02	4.177482e-02	2.188327e-01	6.764368e-02	7.146997e-01	2.981501e-01
7634	8.489838e-01	4.350625e-01	5.922168e-02	7.402710e-02	3.877826e-01	3.560279e-01	3.183708e-01	8.550032e-01
15456	9.471031e-01	5.696474e-02	2.870977e-02	3.588722e-02	1.879912e-01	1.508431e-01	9.405637e-01	8.314519e-01
21801	8.870869e-01	8.163436e-01	4.556176e-02	5.695220e-02	2.983377e-01	2.980923e-01	3.382959e-01	6.603560e-01
23135	2.404984e-01	2.456261e-01	3.814608e-02	4.768260e-02	2.497800e-01	2.376017e-01	1.126098e-01	6.032547e-01
17376	1.414365e-01	5.815107e-01	2.308500e-02	2.885625e-02	1.511602e-01	5.446840e-02	6.787123e-01	2.037782e-02
27987	7.321937e-01	7.761652e-01	3.553082e-02	4.441353e-02	2.326553e-01	1.707493e-01	9.723239e-01	7.531356e-02
26870	7.078535e-01	5.690282e-01	5.906200e-02	7.382750e-02	3.867371e-01	3.385819e-01	1.645112e-01	2.879643e-01
15661	2.288862e-01	7.324943e-01	2.090554e-02	2.613193e-02	1.368892e-01	1.180270e-01	3.209983e-01	9.548030e-01
20750	4.226731e-01	3.816288e-01	2.268479e-02	2.835599e-02	1.485396e-01	1.402131e-01	2.370441e-01	1.539097e-01
11336	3.852573e-01	6.337587e-01	2.159396e-02	2.699245e-02	1.413969e-01	1.331292e-01	3.672804e-01	4.060938e-01
6437	5.882486e-01	3.337949e-01	3.660508e-02	4.575635e-02	2.396895e-01	2.382572e-01	4.828638e-01	5.656132e-02
8959	2.738039e-01	2.355983e-01	3.155907e-02	3.944884e-02	2.066483e-01	1.247977e-01	5.814782e-01	9.089836e-01
26778	6.074557e-01	5.603464e-01	4.001431e-02	5.001789e-02	2.620131e-01	2.463856e-01	7.994147e-02	2.174799e-01
137	6.301190e-01	4.707586e-01	2.219621e-02	2.774526e-02	1.453404e-01	1.429307e-01	3.734871e-01	1.484510e-02
12672	5.018148e-01	1.072115e-01	4.581030e-02	5.726288e-02	2.999652e-01	2.218462e-01	2.687016e-01	1.627659e-01
19628	1.090356e-01	4.661244e-01	3.972119e-02	4.965149e-02	2.600938e-01	2.600886e-01	7.951826e-01	4.097264e-01
13960	6.532821e-01	5.270114e-01	5.519411e-02	6.899263e-02	3.614102e-01	3.132231e-01	2.606547e-01	6.824130e-01
15173	7.417650e-01	8.546478e-02	3.211269e-02	4.014086e-02	2.102734e-01	1.839104e-01	6.537189e-01	2.112698e-02
6985	8.695762e-01	5.691715e-01	2.128863e-02	2.661079e-02	1.393976e-01	1.373960e-01	7.071297e-01	5.897966e-02
29396	5.301786e-01	8.881951e-01	5.221960e-02	6.527450e-02	3.419331e-01	9.398823e-02	3.314204e-01	2.116011e-01
1063	7.733383e-01	6.514950e-01	2.323849e-02	2.904811e-02	1.521652e-01	7.532844e-02	1.195777e-01	3.449396e-01
1658	5.642048e-01	8.284946e-01	3.371473e-02	4.214341e-02	2.207635e-01	1.908216e-01	7.310160e-01	1.567384e-02
7731	4.667131e-01	8.515488e-01	2.866633e-02	3.583291e-02	1.877067e-01	1.091202e-01	1.192436e-01	1.520872e-01
8972	5.560810e-01	1.188282e-01	2.427413e-02	3.034267e-02	1.589466e-01	7.110028e-02	2.778208e-01	7.990017e-01
