7380	5.312067e-01	4.738274e-01	3.124239e-02	3.905299e-02	2.045747e-01	9.201331e-02	5.689903e-01	8.442326e-01
16352	1.679160e-01	7.805193e-01	3.806113e-02	4.757641e-02	2.492237e-01	2.327963e-01	2.809892e-02	2.721384e-03
25314	2.358873e-01	2.912497e-01	4.222838e-02	5.278548e-02	2.765108e-01	7.664784e-02	3.163704e-01	2.092264e-01
21165	3.627943e-01	2.650932e-01	2.180183e-02	2.725229e-02	1.427581e-01	1.175246e-01	2.754688e-01	4.759898e-01
14455	7.446888e-01	3.644793e-01	2.643063e-02	3.303829e-02	1.730674e-01	5.816445e-02	4.036657e-01	7.999747e-01
26091	8.482752e-01	4.579217e-01	3.647143e-02	4.558929e-02	2.388144e-01	2.371926e-01	4.170919e-01	9.481534e-01
9665	5.740423e-01	9.285315e-01	2.127764e-02	2.659705e-02	1.393256e-01	1.386316e-01	6.132843e-01	7.196046e-02
31141	8.173287e-01	6.386417e-01	4.367287e-02	5.459109e-02	2.859693e-01	1.732893e-01	7.938522e-01	8.585330e-01
11398	4.992756e-01	6.332584e-01	3.948941e-02	4.936176e-02	2.585760e-01	1.330293e-01	5.493900e-01	1.652965e-01
12396	5.677757e-01	5.732252e-01	2.378840e-02	2.973550e-02	1.557661e-01	1.051467e-01	2.772602e-01	5.361455e-01
17545	7.763545e-01	4.217405e-01	4.388302e-02	5.485378e-02	2.873453e-01	9.004218e-02	8.940867e-01	5.536937e-01
21651	9.729747e-02	2.050898e-01	2.306748e-02	2.883435e-02	1.510455e-01	1.459870e-01	9.533995e-02	5.785273e-01
23223	1.868215e-01	9.126168e-02	2.462507e-02	3.078134e-02	1.612446e-01	1.260810e-01	5.579510e-01	4.479248e-01
28867	9.437729e-01	2.420770e-01	4.390409e-02	5.488011e-02	2.874833e-01	2.595763e-01	8.174450e-01	8.885463e-01
25670	7.009510e-01	4.648050e-01	2.305938e-02	2.882422e-02	1.509924e-01	1.408382e-01	7.864368e-01	4.440263e-01
31546	1.781919e-01	7.425054e-01	2.484514e-02	3.105642e-02	1.626856e-01	1.536419e-01	5.120184e-01	1.610050e-01
31291	3.173904e-01	4.170490e-01	5.113964e-02	6.392455e-02	3.348616e-01	1.019781e-01	4.134974e-01	8.001928e-01
26312	9.227951e-01	3.213412e-01	4.469014e-02	5.586267e-02	2.926303e-01	2.293405e-01	3.736942e-02	2.180482e-02
28332	7.119178e-01	1.731468e-01	3.230283e-02	4.037853e-02	2.115184e-01	2.077900e-01	2.034760e-01	3.858249e-01
19667	2.545917e-01	5.156248e-01	2.854864e-02	3.568580e-02	1.869360e-01	1.867839e-01	1.986318e-01	2.314767e-01
7377	6.007677e-01	7.350146e-01	6.024574e-02	7.530718e-02	3.944882e-01	3.435594e-01	9.525191e-01	6.405173e-01
18466	2.203668e-01	4.960067e-01	2.129785e-02	2.662231e-02	1.394580e-01	4.870619e-02	3.219428e-01	9.042268e-01
1239	5.661740e-01	8.307891e-01	2.724817e-02	3.406021e-02	1.784206e-01	1.756873e-01	6.618782e-01	5.443687e-02
5892	8.451380e-01	6.938067e-01	2.064755e-02	2.580943e-02	1.351998e-01	7.353144e-02	6.238492e-01	8.290663e-01
3100	4.067183e-01	6.075902e-01	6.510738e-02	8.138423e-02	4.263221e-01	4.248783e-01	3.536002e-01	9.597675e-01
16199	6.265531e-02	6.670075e-02	2.698530e-02	3.373162e-02	1.766993e-01	5.745152e-02	9.755579e-01	9.916774e-01
32035	3.327099e-01	3.305989e-01	3.854938e-02	4.818673e-02	2.524207e-01	2.383902e-01	5.848854e-01	5.500549e-01
8468	4.691049e-01	6.341756e-01	2.709709e-02	3.387136e-02	1.774313e-01	1.001958e-01	5.788515e-01	5.772242e-01
19561	1.763826e-01	5.575844e-01	2.976685e-02	3.720856e-02	1.949129e-01	1.927573e-01	2.695869e-02	3.310397e-01
26907	8.681881e-01	3.362650e-01	2.952660e-02	3.690825e-02	1.933397e-01	1.808165e-01	2.034229e-01	2.514524e-02
17973	2.922928e-01	9.094397e-01	2.083010e-02	2.603763e-02	1.363952e-01	1.341609e-01	2.511076e-01	5.457177e-01
20810	9.311864e-01	1.336451e-01	3.899861e-02	4.874827e-02	2.553623e-01	2.546025e-01	6.945046e-01	7.286103e-02
17958	4.393724e-01	3.564991e-01	2.104525e-02	2.630657e-02	1.378040e-01	1.377809e-01	1.597960e-01	6.863577e-01
27193	4.249484e-01	8.789325e-01	5.084725e-02	6.355906e-02	3.329470e-01	2.788079e-01	9.461525e-01	8.023560e-01
5007	7.350426e-01	2.466105e-01	6.411631e-02	8.014538e-02	4.198326e-01	3.613319e-01	3.414770e-01	5.527613e-01
1366	7.533413e-01	6.897846e-01	2.687198e-02	3.358998e-02	1.759573e-01	1.738104e-01	9.679881e-01	3.175687e-02
11710	3.236460e-01	1.166259e-01	3.412369e-02	4.265461e-02	2.234414e-01	1.352165e-01	8.557825e-01	9.201002e-01
16608	9.300062e-01	6.806487e-01	2.421030e-02	3.026287e-02	1.585287e-01	7.835217e-02	4.268787e-01	9.527033e-01
27968	6.987215e-02	1.075891e-01	4.836400e-02	6.045501e-02	3.166868e-01	2.381822e-01	5.949477e-01	6.105308e-01
8512	3.017003e-01	7.485275e-02	4.384100e-02	5.480124e-02	2.870702e-01	2.829492e-01	7.629511e-01	9.430478e-01
13145	8.823875e-01	4.133788e-01	4.330869e-02	5.413586e-02	2.835846e-01	1.955180e-01	6.951637e-01	4.997739e-01
22444	9.418304e-02	8.842260e-01	2.462658e-02	3.078322e-02	1.612545e-01	6.750507e-02	5.100433e-01	9.268915e-01
25595	2.618330e-02	9.041920e-01	2.236323e-02	2.795403e-02	1.464341e-01	7.850494e-02	7.778765e-02	7.221509e-01
13276	9.676043e-01	6.477384e-01	2.615887e-02	3.269859e-02	1.712879e-01	1.704400e-01	4.713783e-01	4.298537e-01
27553	1.752335e-01	3.230071e-01	7.556325e-02	9.445407e-02	4.947870e-01	1.915861e-01	9.361567e-01	7.441882e-01
20206	1.375511e-01	6.852501e-01	7.093181e-02	8.866477e-02	4.644604e-01	1.863865e-01	5.255570e-01	7.764592e-01
5364	4.944346e-01	3.539497e-01	2.348545e-02	2.935681e-02	1.537824e-01	5.797880e-02	6.519064e-01	9.402662e-01
3592	1.211896e-01	5.211526e-01	4.719871e-02	5.899839e-02	3.090564e-01	2.956265e-01	2.476994e-01	9.981223e-01
22561	7.768928e-01	6.600212e-01	3.964034e-02	4.955042e-02	2.595643e-01	1.732149e-01	2.623967e-01	8.195359e-01
28487	8.777039e-01	7.098862e-01	3.383641e-02	4.229551e-02	2.215603e-01	2.019344e-01	8.008119e-01	3.992082e-01
8262	2.300478e-01	8.965132e-01	2.204555e-02	2.755693e-02	1.443539e-01	1.175794e-01	5.021205e-01	9.967386e-02
9848	7.161702e-01	8.849268e-01	4.394957e-02	5.493696e-02	2.877811e-01	2.873781e-01	9.155602e-02	6.282562e-01
7608	4.607695e-01	5.064421e-01	2.640135e-02	3.300169e-02	1.728756e-01	9.663247e-02	5.054748e-01	9.806557e-01
19349	6.507870e-01	5.135611e-01	2.252036e-02	2.815046e-02	1.474630e-01	1.254697e-01	1.632096e-01	7.856283e-01
28641	4.166548e-01	8.766463e-02	2.733573e-02	3.416966e-02	1.789939e-01	1.131526e-01	9.415354e-01	1.321737e-01
28903	5.493356e-01	1.029199e-01	6.208834e-02	7.761043e-02	4.065535e-01	4.042654e-01	3.358096e-01	2.746170e-01
22199	4.182684e-02	2.796424e-01	3.350038e-02	4.187547e-02	2.193599e-01	1.292597e-01	3.500037e-01	8.146904e-01
32085	4.467839e-01	4.188601e-01	2.576124e-02	3.220156e-02	1.686842e-01	8.931157e-02	2.657471e-01	6.706326e-01
18962	1.723261e-01	5.924444e-01	2.330942e-02	2.913678e-02	1.526297e-01	6.035170e-02	6.631348e-02	1.031481e-01
3357	8.075540e-01	8.939823e-01	3.117026e-02	3.896283e-02	2.041024e-01	1.814347e-01	3.492293e-01	1.098571e-01
7407	2.651329e-01	1.010564e-01	7.371913e-02	9.214891e-02	4.827117e-01	2.441304e-01	2.772523e-01	5.137191e-01
26442	1.789749e-01	4.140710e-01	2.955257e-02	3.694071e-02	1.935098e-01	1.376078e-01	8.312113e-01	5.268247e-01
32403	2.873660e-01	1.990988e-01	5.503063e-02	6.878828e-02	3.603397e-01	3.515581e-01	1.666627e-02	9.830596e-01
22724	7.706964e-01	9.661134e-01	2.644864e-02	3.306079e-02	1.731853e-01	6.024050e-02	8.993709e-01	8.483297e-02
9258	6.537744e-01	9.524800e-01	3.640144e-02	4.550180e-02	2.383561e-01	2.196561e-01	6.271304e-01	8.274530e-02
5467	8.993914e-02	6.215224e-01	3.072420e-02	3.840526e-02	2.011816e-01	1.573909e-01	1.114143e-01	2.025627e-01
26596	8.370011e-01	8.817689e-02	2.446104e-02	3.057630e-02	1.601705e-01	5.811254e-02	6.277690e-01	3.970194e-01
23446	5.403308e-01	3.269322e-02	2.290871e-02	2.863588e-02	1.500059e-01	1.455021e-01	4.998005e-01	7.032244e-01
16149	4.093770e-01	3.451732e-01	3.340833e-02	4.176042e-02	2.187572e-01	1.233361e-01	9.780677e-01	7.766817e-02
22289	6.253249e-01	3.091869e-01	5.179324e-02	6.474155e-02	3.391413e-01	1.683971e-01	3.190597e-01	8.297488e-01
21511	4.205376e-01	7.605005e-01	4.779536e-02	5.974420e-02	3.129633e-01	1.603330e-01	6.496525e-01	7.452503e-01
1178	7.317899e-01	1.118569e-01	2.542033e-02	3.177542e-02	1.664520e-01	7.015335e-02	9.259037e-01	2.691781e-01
18827	3.808751e-01	4.289274e-01	3.498979e-02	4.373723e-02	2.291126e-01	2.290104e-01	3.661282e-01	1.280232e-01
7458	7.000131e-02	6.841218e-01	2.156771e-02	2.695964e-02	1.412251e-01	1.391673e-01	4.477470e-01	9.555050e-01
12754	8.577562e-01	5.250276e-01	6.293393e-02	7.866741e-02	4.120904e-01	2.438208e-01	6.723452e-01	5.212296e-01
14514	2.982329e-02	6.945897e-01	2.215177e-02	2.768971e-02	1.450495e-01	6.554458e-02	6.468021e-01	7.332649e-02
