1041	4.095809e-02	8.373452e-01	2.144728e-02	2.680911e-02	1.404365e-01	1.339023e-01	9.839316e-01	9.577470e-01
5853	6.598539e-02	4.650028e-01	4.239701e-02	5.299626e-02	2.776150e-01	2.775540e-01	5.247102e-01	7.070499e-01
20339	4.485763e-01	5.830304e-01	3.529812e-02	4.412266e-02	2.311316e-01	1.653937e-01	7.112324e-01	8.079839e-01
7884	8.801376e-01	4.725383e-01	2.726629e-02	3.408286e-02	1.785392e-01	1.084066e-01	1.746871e-01	5.628431e-01
11038	4.622341e-01	8.418629e-01	7.519813e-02	9.399767e-02	4.923962e-01	1.625762e-01	9.648285e-01	7.852623e-01
31314	6.194797e-01	2.410829e-01	3.427152e-02	4.283940e-02	2.244094e-01	1.907542e-01	3.904108e-02	6.483614e-01
29414	1.916323e-01	1.918451e-01	2.134743e-02	2.668428e-02	1.397826e-01	1.182569e-01	4.272139e-02	5.471614e-01
21006	5.838499e-01	9.082869e-01	2.495174e-02	3.118967e-02	1.633836e-01	1.144595e-01	7.423534e-01	1.947613e-01
29367	2.013000e-01	7.802933e-01	5.045380e-02	6.306725e-02	3.303707e-01	3.241365e-01	8.396873e-01	1.926347e-01
1233	6.497517e-01	5.629829e-01	7.257571e-02	9.071964e-02	4.752246e-01	2.755828e-01	6.991488e-01	3.589512e-02
8248	7.845216e-01	4.072691e-01	2.140806e-02	2.676008e-02	1.401797e-01	1.152950e-01	7.344449e-01	9.303580e-01
3933	3.988828e-01	1.655707e-01	4.638304e-02	5.797880e-02	3.037154e-01	8.307757e-02	4.094800e-02	8.575804e-01
22564	2.829899e-01	8.732539e-01	3.335114e-02	4.168892e-02	2.183827e-01	5.672779e-02	5.369114e-01	8.858406e-01
9437	3.443220e-01	9.569246e-01	2.284699e-02	2.855873e-02	1.496017e-01	1.396548e-01	1.363508e-02	7.596403e-01
8383	4.557556e-01	4.989231e-01	2.541128e-02	3.176410e-02	1.663926e-01	1.659824e-01	7.862573e-02	5.461826e-01
8667	4.023999e-01	2.482170e-01	2.886276e-02	3.607846e-02	1.889929e-01	9.006183e-02	9.710262e-01	6.490183e-01
24370	7.464965e-01	8.813257e-01	2.543275e-02	3.179093e-02	1.665332e-01	1.455530e-01	8.480684e-01	4.895862e-01
19197	4.013543e-02	5.230897e-01	2.551217e-02	3.189021e-02	1.670533e-01	1.656041e-01	9.024963e-02	5.568435e-01
10638	5.290486e-01	4.173720e-01	3.729395e-02	4.661743e-02	2.442002e-01	1.383944e-01	6.921338e-01	1.657023e-01
10553	7.599416e-01	1.736584e-01	5.821174e-02	7.276467e-02	3.811696e-01	3.482899e-01	2.764592e-01	4.950432e-01
1600	9.002770e-01	2.527351e-01	2.169867e-02	2.712334e-02	1.420825e-01	1.355577e-01	4.360698e-01	6.926717e-01
14085	7.424600e-01	9.383341e-01	2.162116e-02	2.702645e-02	1.415750e-01	8.925878e-02	8.319204e-01	7.565415e-01
27927	2.045378e-01	2.673094e-01	2.554131e-02	3.192664e-02	1.672441e-01	9.442467e-02	6.422881e-01	2.363689e-01
30008	7.232723e-01	7.825383e-01	2.925376e-02	3.656720e-02	1.915531e-01	8.066707e-02	5.281122e-01	2.936000e-01
20734	2.378500e-01	5.735437e-01	5.491696e-02	6.864620e-02	3.595954e-01	3.595909e-01	8.386479e-01	6.953439e-01
20368	8.851662e-01	1.603464e-01	2.426158e-02	3.032697e-02	1.588644e-01	1.124068e-01	9.788411e-01	9.843610e-02
13195	3.012315e-01	7.808398e-01	2.819602e-02	3.524503e-02	1.846271e-01	1.339703e-01	4.138799e-01	4.812412e-01
4231	4.548418e-01	3.827941e-01	2.090993e-02	2.613741e-02	1.369179e-01	8.973805e-02	4.536822e-01	3.943514e-01
10528	8.016734e-01	7.285701e-01	3.033074e-02	3.791342e-02	1.986052e-01	1.960067e-01	7.438970e-01	1.097324e-02
13471	3.357987e-01	5.284929e-01	4.102335e-02	5.127918e-02	2.686202e-01	2.656766e-01	8.021279e-01	1.648386e-01
32374	4.505813e-01	7.143664e-01	2.189870e-02	2.737337e-02	1.433923e-01	1.420249e-01	1.012052e-01	2.833675e-03
5559	9.444208e-01	8.761165e-02	2.386845e-02	2.983556e-02	1.562902e-01	8.910280e-02	8.449638e-01	7.825562e-02
10162	3.913478e-01	3.833216e-01	2.739184e-02	3.423980e-02	1.793613e-01	6.823942e-02	7.215830e-01	3.997278e-01
30074	7.826748e-01	6.254631e-01	2.090998e-02	2.613747e-02	1.369182e-01	4.605829e-02	7.788549e-01	2.189275e-01
14149	7.221995e-01	6.924901e-01	2.087650e-02	2.609562e-02	1.366990e-01	1.313531e-01	4.904860e-01	2.548588e-01
12375	7.186264e-01	2.282309e-01	3.271990e-02	4.089987e-02	2.142494e-01	1.622545e-01	5.537439e-01	8.919717e-01
19152	3.696542e-01	3.576746e-01	3.316818e-02	4.146023e-02	2.171847e-01	1.726900e-01	1.087648e-01	3.682649e-01
3772	5.353173e-01	2.830614e-01	4.982515e-02	6.228144e-02	3.262543e-01	2.866173e-01	1.596360e-01	3.940733e-01
22465	6.004929e-01	5.371110e-02	3.199205e-02	3.999006e-02	2.094834e-01	1.129365e-01	4.406866e-01	9.445964e-01
28297	5.601280e-01	6.695512e-01	6.497058e-02	8.121322e-02	4.254263e-01	2.691660e-01	7.925568e-01	2.159561e-01
21102	6.886162e-01	9.066131e-01	2.418741e-02	3.023426e-02	1.583788e-01	1.279687e-01	8.525477e-01	4.730383e-01
1122	2.746954e-01	4.879067e-01	3.023606e-02	3.779508e-02	1.979853e-01	9.539162e-02	1.917232e-01	2.542153e-01
777	7.755840e-01	3.545033e-01	2.744087e-02	3.430109e-02	1.796824e-01	7.182531e-02	8.275881e-01	3.184917e-01
21867	7.751038e-01	9.797008e-02	4.374006e-02	5.467508e-02	2.864093e-01	7.578474e-02	4.406675e-01	2.202527e-01
19993	2.064740e-01	3.590017e-01	3.985711e-02	4.982139e-02	2.609837e-01	2.310516e-01	3.614550e-01	1.983581e-02
27666	9.302258e-01	3.569760e-01	2.766263e-02	3.457829e-02	1.811345e-01	1.783325e-01	1.095707e-02	4.575537e-01
13034	3.958157e-01	4.679529e-01	5.423840e-02	6.779800e-02	3.551522e-01	3.191654e-01	6.398164e-02	2.920964e-01
4861	4.385637e-01	2.682391e-01	2.213196e-02	2.766495e-02	1.449197e-01	6.743929e-02	8.378985e-01	1.260183e-01
2212	8.217714e-01	6.006246e-01	2.497799e-02	3.122249e-02	1.635555e-01	1.150921e-01	3.877088e-03	1.235930e-01
30143	7.000154e-01	5.277115e-01	2.078228e-02	2.597784e-02	1.360820e-01	7.313204e-02	3.838581e-01	7.787462e-01
3837	4.915213e-01	3.328008e-01	3.691732e-02	4.614664e-02	2.417340e-01	1.853779e-01	7.856148e-01	1.528103e-01
28291	5.550655e-01	5.913605e-01	2.744480e-02	3.430600e-02	1.797081e-01	1.434585e-01	4.090912e-01	9.055529e-01
29453	9.431982e-01	8.856989e-01	2.829654e-02	3.537067e-02	1.852853e-01	1.847202e-01	3.584445e-01	7.799835e-01
28349	6.659941e-01	4.445819e-01	2.156227e-02	2.695284e-02	1.411894e-01	6.673246e-02	7.389415e-01	1.081508e-01
17008	8.243392e-01	9.400419e-02	2.588827e-02	3.236034e-02	1.695160e-01	1.677830e-01	5.633971e-01	7.933553e-01
31295	3.061528e-01	5.700005e-01	3.475045e-02	4.343806e-02	2.275454e-01	9.229484e-02	9.321449e-01	8.740680e-01
26050	3.927415e-01	6.952143e-01	2.535258e-02	3.169073e-02	1.660083e-01	1.655109e-01	5.384925e-01	6.187827e-01
24458	6.297379e-01	7.319625e-01	3.580486e-02	4.475607e-02	2.344497e-01	1.727497e-01	5.685933e-01	5.465442e-01
11440	2.524899e-01	1.737901e-01	2.284837e-02	2.856047e-02	1.496108e-01	1.438182e-01	9.819709e-01	5.790665e-01
27217	5.825499e-01	1.808764e-01	5.713856e-02	7.142320e-02	3.741424e-01	3.741422e-01	5.319696e-01	8.710005e-01
21417	5.877208e-01	9.617751e-01	2.138807e-02	2.673508e-02	1.400487e-01	1.195844e-01	6.657952e-01	6.364864e-01
30541	8.801008e-01	3.975148e-01	2.120117e-02	2.650146e-02	1.388249e-01	1.375438e-01	5.785735e-01	9.531350e-01
1867	6.454476e-01	1.330941e-01	2.122932e-02	2.653665e-02	1.390092e-01	1.141561e-01	1.574376e-01	7.454359e-01
31034	4.714444e-01	2.342338e-01	2.668247e-02	3.335309e-02	1.747164e-01	1.225222e-01	2.111417e-01	5.576220e-01
14562	5.477831e-01	9.303333e-01	2.576506e-02	3.220633e-02	1.687092e-01	1.685290e-01	4.178210e-01	7.976360e-01
23101	8.192456e-01	3.622847e-01	2.364918e-02	2.956147e-02	1.548545e-01	1.538758e-01	6.475842e-01	3.971843e-01
10392	7.724819e-01	5.192330e-01	3.379286e-02	4.224107e-02	2.212751e-01	1.679847e-01	9.385257e-01	5.083356e-03
3122	1.349618e-01	3.180539e-01	3.770868e-02	4.713585e-02	2.469158e-01	1.848453e-01	6.424667e-01	5.507180e-01
6235	9.403030e-02	7.891472e-01	2.420675e-02	3.025843e-02	1.585054e-01	6.036753e-02	6.948362e-01	9.329676e-02
12606	1.872090e-01	6.915333e-02	2.132485e-02	2.665606e-02	1.396348e-01	1.318936e-01	8.860686e-01	7.618132e-02
31448	1.135327e-01	5.654615e-01	3.040229e-02	3.800286e-02	1.990737e-01	1.435149e-01	2.431714e-01	1.159400e-01
21118	3.918959e-01	8.803286e-02	4.390824e-02	5.488530e-02	2.875105e-01	2.840821e-01	1.021271e-01	6.453931e-01
19899	8.728001e-01	1.219855e-01	3.458978e-02	4.323723e-02	2.264934e-01	1.277037e-01	8.321430e-01	4.553531e-01
8888	1.933388e-01	4.676040e-01	6.635928e-02	8.294911e-02	4.345196e-01	3.805692e-01	6.792917e-01	2.137324e-01
23763	8.144643e-01	8.742142e-01	3.184330e-02	3.980413e-02	2.085094e-01	7.585931e-02	8.017776e-01	9.054119e-01
27953	7.597376e-01	7.346107e-01	3.359105e-02	4.198881e-02	2.199536e-01	5.824188e-02	7.212798e-01	1.264164e-01
25844	6.256663e-01	8.612230e-01	3.656061e-02	4.570076e-02	2.393983e-01	2.212899e-01	4.371447e-01	3.885012e-01
22992	7.127355e-01	1.314738e-01	4.343717e-02	5.429646e-02	2.844259e-01	1.253249e-01	3.447113e-01	2.849207e-01
30209	3.619596e-01	7.451456e-01	3.667948e-02	4.584935e-02	2.401767e-01	7.496029e-02	4.236144e-02	4.470697e-01
12643	1.717854e-01	1.583475e-01	6.121279e-02	7.651599e-02	4.008204e-01	2.274042e-01	3.712880e-03	3.026464e-01
