23313	6.945143e-01	6.114542e-01	3.196943e-02	3.996178e-02	2.093353e-01	2.077674e-01	8.770292e-01	4.504430e-01
25063	5.397881e-02	8.406468e-01	5.215792e-02	6.519739e-02	3.415292e-01	2.157578e-01	9.387093e-01	2.863081e-01
17968	1.097719e-01	5.111662e-01	4.146829e-02	5.183536e-02	2.715337e-01	2.530401e-01	9.023945e-01	2.255358e-01
3563	1.796698e-01	2.507366e-01	5.638783e-02	7.048479e-02	3.692267e-01	2.878088e-01	8.872451e-03	2.867068e-01
20499	3.257706e-01	5.624983e-01	2.862849e-02	3.578561e-02	1.874589e-01	1.874281e-01	1.949675e-01	4.379370e-01
3097	7.653264e-01	1.867024e-01	2.171855e-02	2.714819e-02	1.422127e-01	5.743318e-02	6.894038e-01	4.188033e-01
20481	3.371033e-01	8.321384e-02	3.930393e-02	4.912991e-02	2.573615e-01	2.509240e-01	7.757224e-01	1.588800e-01
954	5.341928e-01	8.054551e-01	7.675188e-02	9.593984e-02	5.025701e-01	3.809315e-01	3.654001e-01	4.194180e-01
24478	8.455120e-01	7.218798e-01	2.580366e-02	3.225457e-02	1.689619e-01	1.619721e-01	3.445384e-01	7.898506e-01
31751	5.823932e-01	5.216188e-01	4.999175e-02	6.248969e-02	3.273452e-01	2.605195e-01	3.802462e-01	7.500434e-01
25116	9.477029e-01	7.138817e-01	5.047372e-02	6.309215e-02	3.305012e-01	3.297262e-01	6.263566e-01	4.197796e-01
4860	5.175065e-01	2.714598e-01	2.888974e-02	3.611218e-02	1.891696e-01	1.711369e-01	3.073368e-01	5.354732e-01
25128	5.061395e-01	6.587403e-01	3.221280e-02	4.026601e-02	2.109289e-01	1.325524e-01	8.953530e-01	2.739420e-01
10862	4.183217e-01	3.689169e-01	6.914468e-02	8.643085e-02	4.527583e-01	4.344431e-01	1.948994e-01	3.616295e-01
5685	6.521757e-01	8.015339e-02	2.632329e-02	3.290411e-02	1.723645e-01	1.144812e-01	4.492692e-01	6.052847e-01
30272	9.694529e-01	8.273952e-01	3.002558e-02	3.753198e-02	1.966071e-01	5.415242e-02	2.359472e-01	7.782308e-01
13437	4.053687e-01	7.133793e-01	2.202210e-02	2.752762e-02	1.442003e-01	1.378453e-01	1.635619e-01	1.027782e-01
27743	9.638751e-01	6.167114e-01	2.170444e-02	2.713055e-02	1.421203e-01	1.360687e-01	1.958521e-01	4.505612e-01
21011	1.154560e-01	1.577046e-01	4.434856e-02	5.543570e-02	2.903937e-01	1.007634e-01	6.516224e-01	3.784913e-01
32233	5.094499e-02	4.007728e-01	3.063278e-02	3.829097e-02	2.005829e-01	1.808936e-01	3.988983e-01	6.241824e-02
8954	8.705021e-01	1.140217e-01	2.144018e-02	2.680023e-02	1.403900e-01	1.392786e-01	2.366651e-02	4.594246e-01
21355	1.433752e-01	7.698322e-01	3.022661e-02	3.778326e-02	1.979233e-01	1.616833e-01	5.277278e-01	8.117484e-01
22507	4.096660e-01	2.101477e-01	3.619854e-02	4.524818e-02	2.370275e-01	1.577278e-01	1.236169e-01	9.331086e-01
17524	5.046194e-01	3.184847e-01	2.771466e-02	3.464332e-02	1.814751e-01	1.814697e-01	2.215695e-01	2.368237e-01
1235	3.675017e-01	5.021204e-01	3.551569e-02	4.439461e-02	2.325562e-01	2.234189e-01	4.697676e-01	6.891493e-01
6365	5.239818e-01	5.668497e-01	2.452364e-02	3.065454e-02	1.605804e-01	7.617637e-02	2.909267e-01	6.756129e-02
25725	4.290142e-01	6.208030e-01	2.272265e-02	2.840331e-02	1.487875e-01	1.182026e-01	6.964105e-01	1.444725e-01
32294	2.317682e-01	8.726377e-01	3.096403e-02	3.870504e-02	2.027520e-01	2.027207e-01	4.043157e-01	8.017218e-01
25309	9.491647e-01	2.607501e-01	2.617060e-02	3.271325e-02	1.713647e-01	1.514573e-01	2.500129e-01	4.858820e-01
24264	1.134679e-01	3.403640e-01	3.587606e-02	4.484508e-02	2.349159e-01	1.581897e-01	7.930033e-01	4.279422e-01
23355	5.916424e-02	5.161401e-01	3.924512e-02	4.905640e-02	2.569764e-01	2.502866e-01	1.235745e-01	4.587814e-01
2169	4.233088e-02	1.036194e-01	2.930375e-02	3.662969e-02	1.918805e-01	6.730852e-02	9.880915e-01	7.717473e-01
15887	7.222403e-01	8.191548e-01	5.415637e-02	6.769547e-02	3.546151e-01	1.843350e-01	8.057994e-01	6.058747e-02
13454	4.312477e-01	7.895058e-01	5.235869e-02	6.544837e-02	3.428439e-01	2.637684e-01	2.783893e-01	6.123379e-01
10925	6.122575e-01	6.192579e-01	2.849338e-02	3.561672e-02	1.865742e-01	1.289686e-01	8.602410e-01	6.995808e-01
31725	7.948900e-01	4.274903e-01	2.317602e-02	2.897003e-02	1.517562e-01	1.374204e-01	2.380370e-02	2.970668e-01
20000	3.344068e-01	6.178182e-01	3.321124e-02	4.151405e-02	2.174667e-01	1.971495e-01	5.808513e-01	2.870708e-01
13892	9.384315e-01	4.868183e-01	5.540205e-02	6.925257e-02	3.627718e-01	3.588965e-01	2.774225e-02	8.099199e-01
15661	6.162340e-01	3.379139e-01	2.176519e-02	2.720648e-02	1.425181e-01	1.423779e-01	5.534165e-01	3.794754e-01
29937	1.589327e-01	4.136386e-01	3.438831e-02	4.298538e-02	2.251741e-01	7.571588e-02	9.773783e-01	4.814373e-01
25592	4.437849e-01	8.676165e-01	4.007915e-02	5.009894e-02	2.624377e-01	2.246047e-01	2.685664e-01	4.861386e-01
8913	4.651178e-01	3.311913e-01	2.647557e-02	3.309446e-02	1.733616e-01	1.525870e-01	9.425102e-01	7.980958e-01
2095	3.831554e-01	8.771875e-01	4.400561e-02	5.500701e-02	2.881481e-01	2.585701e-01	5.276726e-04	3.812019e-01
7821	8.846286e-01	2.481990e-01	2.427484e-02	3.034354e-02	1.589512e-01	1.563699e-01	5.464756e-01	3.221896e-01
25908	1.946967e-01	5.105492e-01	6.559726e-02	8.199657e-02	4.295298e-01	2.759210e-01	3.627078e-01	9.673302e-01
23601	2.863761e-01	4.357399e-01	2.399185e-02	2.998982e-02	1.570983e-01	1.537855e-01	8.290187e-02	2.439583e-01
26486	6.155851e-01	2.601241e-01	2.791964e-02	3.489955e-02	1.828174e-01	1.821080e-01	3.401833e-01	2.115585e-01
30069	1.379378e-01	9.163166e-02	2.793021e-02	3.491277e-02	1.828866e-01	1.753155e-01	6.564788e-01	2.113620e-01
1692	3.738657e-01	5.996389e-01	3.056572e-02	3.820715e-02	2.001439e-01	1.133379e-01	9.059274e-01	6.844760e-01
16636	8.288720e-01	2.294670e-01	2.499436e-02	3.124295e-02	1.636627e-01	1.211995e-01	7.334931e-01	7.558981e-01
32289	4.625963e-01	4.650609e-01	3.048389e-02	3.810486e-02	1.996080e-01	1.654464e-01	5.688125e-01	5.567555e-01
30614	3.375978e-01	2.682633e-01	5.107608e-02	6.384511e-02	3.344454e-01	1.201466e-01	2.357041e-01	8.402320e-01
18049	3.008312e-01	3.888777e-01	2.183052e-02	2.728815e-02	1.429459e-01	1.096673e-01	6.361365e-01	7.415992e-01
21769	2.590853e-02	2.845011e-01	2.103512e-02	2.629390e-02	1.377376e-01	1.227037e-01	7.681245e-01	8.066454e-01
3797	1.892510e-01	1.268087e-01	2.576736e-02	3.220920e-02	1.687243e-01	1.252080e-01	7.340976e-01	3.734644e-01
30864	7.800433e-01	7.533495e-02	2.059276e-02	2.574095e-02	1.348411e-01	1.253672e-01	9.684544e-01	5.229319e-01
19087	6.641531e-01	2.466427e-01	6.876975e-02	8.596219e-02	4.503033e-01	2.105706e-01	1.255611e-01	1.979828e-01
23529	8.625711e-02	7.937127e-01	3.817189e-02	4.771487e-02	2.499490e-01	2.263928e-01	6.496181e-01	4.860646e-01
18447	2.752472e-01	3.626659e-01	2.362972e-02	2.953715e-02	1.547270e-01	1.402690e-01	7.621009e-01	5.584879e-01
25376	4.728386e-01	1.039921e-01	2.762980e-02	3.453725e-02	1.809195e-01	1.792227e-01	1.844519e-01	1.124220e-01
14118	1.093360e-01	6.815115e-01	2.768866e-02	3.461082e-02	1.813049e-01	1.702495e-01	4.311292e-02	3.433436e-01
24402	3.876691e-01	6.799540e-02	4.650286e-02	5.812857e-02	3.045000e-01	3.020447e-01	2.613246e-01	2.361624e-01
18407	2.560241e-01	1.423784e-01	7.401616e-02	9.252021e-02	4.846567e-01	4.837722e-01	7.171264e-01	9.961347e-02
25122	1.870557e-01	7.397581e-01	2.195231e-02	2.744038e-02	1.437434e-01	6.633162e-02	8.636517e-01	8.682207e-01
28048	9.215916e-01	6.478865e-01	2.841516e-02	3.551895e-02	1.860620e-01	1.849713e-01	6.777885e-01	1.087190e-01
15885	7.296824e-01	1.124355e-01	4.738014e-02	5.922517e-02	3.102444e-01	1.535553e-01	7.393568e-01	5.918415e-01
11239	4.184477e-02	1.911163e-01	2.429091e-02	3.036364e-02	1.590565e-01	1.555605e-01	8.063558e-01	4.091988e-01
30440	7.664759e-01	6.941390e-01	3.691088e-02	4.613860e-02	2.416918e-01	1.640388e-01	9.375739e-02	9.296056e-01
25182	3.026485e-02	4.496582e-01	2.625514e-02	3.281893e-02	1.719183e-01	1.264689e-01	6.059424e-01	1.661227e-01
26946	1.638527e-01	1.638494e-01	2.587536e-02	3.234420e-02	1.694315e-01	1.632119e-01	5.549725e-01	2.918044e-01
27177	7.035924e-01	5.215019e-01	3.136357e-02	3.920447e-02	2.053682e-01	2.050558e-01	1.049629e-01	9.465644e-01
