23326	1.065486e-01	1.915539e-01	5.555174e-02	6.943968e-02	3.637520e-01	1.829325e-01	4.708424e-01	3.467216e-02
10976	4.374105e-01	1.387365e-01	2.360827e-02	2.951034e-02	1.545866e-01	1.483482e-01	6.881151e-01	5.897022e-01
18343	1.563536e-01	5.587429e-01	2.400209e-02	3.000261e-02	1.571653e-01	9.653078e-02	7.350095e-01	4.778565e-01
23754	3.632599e-01	5.727361e-01	2.684235e-02	3.355294e-02	1.757633e-01	1.404730e-01	8.809291e-01	2.573251e-01
3259	4.492862e-01	4.009272e-01	5.112289e-02	6.390361e-02	3.347519e-01	3.276227e-01	3.186796e-01	7.560863e-01
13008	4.403184e-01	9.480092e-01	2.403639e-02	3.004549e-02	1.573899e-01	1.458278e-01	1.475634e-01	9.253943e-01
20801	7.491632e-01	4.754960e-01	7.115950e-02	8.894937e-02	4.659513e-01	3.799014e-01	9.607253e-03	4.181710e-01
31966	3.280329e-01	3.573540e-01	3.481509e-02	4.351886e-02	2.279687e-01	7.993171e-02	9.344267e-01	5.877970e-01
26917	7.467938e-01	1.806139e-01	2.458266e-02	3.072833e-02	1.609669e-01	1.519792e-01	3.098143e-01	6.772096e-01
4667	3.311388e-01	6.334782e-01	2.173760e-02	2.717200e-02	1.423375e-01	6.074302e-02	2.305301e-01	9.694454e-01
18122	7.595346e-01	3.867020e-01	3.688312e-02	4.610390e-02	2.415101e-01	2.125040e-01	3.345713e-01	8.822047e-01
8511	6.453776e-01	8.299773e-01	2.317727e-02	2.897159e-02	1.517644e-01	1.101824e-01	4.841716e-01	3.247377e-01
4059	4.765902e-02	5.256382e-01	2.514375e-02	3.142969e-02	1.646409e-01	1.128679e-01	7.992629e-01	5.048706e-01
12917	4.589232e-01	6.281189e-01	2.377090e-02	2.971362e-02	1.556515e-01	4.802209e-02	2.828456e-01	5.501705e-01
31247	2.929923e-01	5.734649e-01	4.093759e-02	5.117199e-02	2.680587e-01	1.893287e-01	6.090030e-01	7.413314e-01
6586	4.036982e-01	1.502689e-01	3.014586e-02	3.768232e-02	1.973946e-01	1.735147e-01	9.377002e-01	7.120640e-01
3290	2.431288e-01	7.246433e-01	5.462155e-02	6.827694e-02	3.576611e-01	1.501359e-01	1.786173e-01	8.021445e-01
12350	4.544490e-01	7.390769e-01	5.199984e-02	6.499980e-02	3.404942e-01	3.340511e-01	1.379050e-01	2.266475e-01
28946	2.001475e-01	1.364783e-01	2.148547e-02	2.685684e-02	1.406865e-01	1.084513e-01	3.448542e-01	5.223775e-01
4013	8.223715e-01	4.498000e-01	2.560598e-02	3.200747e-02	1.676675e-01	1.658645e-01	9.568369e-01	3.300445e-01
10738	6.710972e-01	6.460724e-01	2.498921e-02	3.123651e-02	1.636289e-01	1.521451e-01	1.973359e-01	5.368560e-01
18653	5.984531e-02	2.417320e-01	4.609893e-02	5.762366e-02	3.018551e-01	2.264327e-01	4.867198e-02	4.379335e-01
4127	1.512266e-01	7.468201e-01	4.650757e-02	5.813446e-02	3.045309e-01	3.043803e-01	9.036413e-01	6.257019e-01
22226	9.181685e-01	3.588412e-01	6.784076e-02	8.480094e-02	4.442202e-01	2.783286e-01	4.354772e-01	1.121327e-01
5199	1.663742e-01	9.139390e-01	3.136971e-02	3.921214e-02	2.054084e-01	1.358869e-01	8.309182e-01	1.217095e-01
29597	2.113918e-01	8.500120e-01	3.353784e-02	4.192230e-02	2.196053e-01	2.142699e-01	9.230493e-01	6.336381e-01
20705	2.925351e-01	7.146135e-01	2.615082e-02	3.268853e-02	1.712352e-01	7.518835e-02	3.496490e-01	3.287836e-01
29406	8.108868e-01	8.442965e-01	7.232119e-02	9.040149e-02	4.735580e-01	4.735002e-01	1.579110e-02	7.819368e-01
20309	7.848884e-02	9.387100e-01	4.441361e-02	5.551702e-02	2.908196e-01	1.552668e-01	7.999886e-02	5.330424e-01
26497	7.532564e-01	1.058076e-01	2.680883e-02	3.351104e-02	1.755438e-01	7.457547e-02	2.129332e-01	2.980665e-01
1609	6.839557e-01	4.066047e-01	6.644802e-02	8.306003e-02	4.351006e-01	1.790927e-01	7.143560e-01	9.544277e-01
21518	7.076155e-01	2.534521e-01	3.802819e-02	4.753524e-02	2.490080e-01	2.457490e-01	1.336306e-01	9.442391e-01
28260	7.293966e-01	7.540500e-01	3.224844e-02	4.031055e-02	2.111623e-01	7.407380e-02	6.816948e-01	9.417525e-01
19363	2.656460e-01	2.407310e-01	6.754961e-02	8.443701e-02	4.423138e-01	3.466845e-01	2.840292e-01	6.712463e-01
13921	4.781864e-01	8.402922e-01	2.371234e-02	2.964043e-02	1.552680e-01	1.141942e-01	6.651181e-01	9.793472e-01
28060	1.295941e-01	3.305159e-01	2.287827e-02	2.859783e-02	1.498065e-01	1.007838e-01	2.243169e-01	1.276303e-02
10566	1.403516e-01	1.049446e-01	7.181953e-02	8.977441e-02	4.702732e-01	3.793711e-01	3.441748e-01	5.741397e-01
31577	6.294038e-02	1.140255e-01	2.294969e-02	2.868711e-02	1.502742e-01	4.624528e-02	1.082681e-01	6.329503e-01
6641	7.011173e-01	8.797741e-01	2.605664e-02	3.257080e-02	1.706185e-01	9.711207e-02	2.582968e-01	2.102902e-01
8230	5.109348e-01	4.485255e-01	2.598765e-02	3.248457e-02	1.701668e-01	1.142187e-01	6.001938e-01	5.267203e-02
27106	3.506040e-01	8.967930e-01	3.386576e-02	4.233220e-02	2.217525e-01	1.467050e-01	2.421725e-01	9.520711e-02
11269	3.016064e-01	5.083794e-01	4.517952e-02	5.647440e-02	2.958348e-01	1.529303e-01	8.322509e-01	3.094579e-01
17692	6.371826e-01	2.751718e-01	2.097186e-02	2.621482e-02	1.373234e-01	7.436681e-02	4.610210e-01	4.558051e-01
25941	2.854604e-01	7.292295e-02	3.529436e-02	4.411795e-02	2.311069e-01	2.049739e-01	7.140870e-01	4.681784e-01
18220	3.815466e-01	5.152682e-01	3.108106e-02	3.885133e-02	2.035183e-01	7.994414e-02	9.183187e-01	6.142911e-01
8177	8.892144e-01	4.832675e-01	2.059156e-02	2.573945e-02	1.348332e-01	1.117690e-01	3.904746e-01	2.647127e-01
23589	4.651831e-01	5.472720e-01	2.385822e-02	2.982278e-02	1.562233e-01	9.524589e-02	4.063818e-01	5.684309e-01
5036	1.243028e-01	6.687670e-01	7.153838e-02	8.942298e-02	4.684322e-01	1.780509e-01	2.989865e-01	9.254064e-01
566	4.789979e-01	1.073441e-01	3.415898e-02	4.269873e-02	2.236725e-01	1.559266e-01	7.685708e-01	2.896552e-01
26462	5.981204e-01	6.898124e-01	4.676590e-02	5.845738e-02	3.062224e-01	2.428782e-01	5.544351e-01	6.795964e-01
11408	6.842584e-01	4.647351e-02	3.115465e-02	3.894331e-02	2.040001e-01	2.035308e-01	1.565408e-01	5.282438e-01
8538	4.376424e-02	4.536625e-01	2.612456e-02	3.265570e-02	1.710632e-01	1.709500e-01	7.903404e-01	7.417286e-01
3222	2.566088e-01	1.510079e-01	2.595322e-02	3.244153e-02	1.699413e-01	1.474480e-01	6.960223e-01	9.037469e-01
2192	3.127821e-01	1.723823e-01	2.830412e-02	3.538015e-02	1.853349e-01	1.422393e-01	4.664060e-01	7.597920e-01
29695	5.560769e-01	4.505132e-01	5.839204e-02	7.299005e-02	3.823502e-01	2.417885e-01	8.933910e-02	5.011724e-01
8358	3.719056e-01	6.308875e-01	6.094521e-02	7.618151e-02	3.990683e-01	2.606777e-01	6.988330e-01	4.687744e-01
28840	8.314429e-01	5.954197e-01	6.936733e-02	8.670916e-02	4.542162e-01	4.533415e-01	6.076149e-01	1.689605e-01
12794	6.795402e-01	1.815149e-01	2.321812e-02	2.902265e-02	1.520319e-01	1.034361e-01	5.177744e-01	7.819401e-01
24067	7.816666e-01	1.636645e-01	2.707159e-02	3.383948e-02	1.772643e-01	1.222265e-01	8.094474e-01	7.214420e-01
11773	7.616480e-01	7.080478e-01	2.250398e-02	2.812998e-02	1.473557e-01	8.497959e-02	2.534675e-01	2.748121e-01
32078	4.775036e-01	4.575933e-01	3.157113e-02	3.946391e-02	2.067273e-01	7.888397e-02	9.438602e-01	7.984402e-01
16924	8.201726e-01	2.614076e-01	3.119497e-02	3.899372e-02	2.042642e-01	1.913070e-01	2.272898e-01	4.668986e-01
27700	2.861493e-01	7.613030e-01	2.603673e-02	3.254591e-02	1.704881e-01	1.414149e-01	2.508831e-01	4.186270e-01
304	9.258131e-01	8.808206e-01	4.640624e-02	5.800780e-02	3.038673e-01	2.826001e-01	5.122388e-01	6.875395e-01
6985	9.333124e-01	5.804921e-01	2.149369e-02	2.686712e-02	1.407404e-01	1.000205e-01	5.168454e-01	7.198092e-01
13559	7.702216e-01	9.250592e-01	2.203411e-02	2.754264e-02	1.442790e-01	1.359266e-01	7.487247e-01	9.992652e-02
20604	1.916319e-01	7.663394e-01	2.528502e-02	3.160627e-02	1.655659e-01	1.118732e-01	4.475592e-01	6.652373e-01
4301	8.767864e-01	8.225854e-01	6.423749e-02	8.029686e-02	4.206261e-01	1.689060e-01	7.393734e-01	6.052772e-01
30496	2.245274e-01	4.392913e-01	2.386858e-02	2.983572e-02	1.562911e-01	1.556563e-01	9.544567e-01	9.266168e-01
25607	5.637887e-01	3.334705e-01	2.885013e-02	3.606267e-02	1.889102e-01	7.125954e-02	7.669274e-01	4.350963e-02
15625	5.356256e-01	3.926090e-01	3.731114e-02	4.663892e-02	2.443127e-01	2.149968e-01	9.121166e-01	4.844411e-01
15569	5.710470e-01	6.089704e-01	4.273713e-02	5.342141e-02	2.798420e-01	1.878240e-01	1.829410e-01	6.595291e-01
