15216	7.759654e-01	8.247342e-01	6.089963e-02	7.612454e-02	3.987698e-01	3.516447e-01	6.627733e-01	3.938800e-01
3721	3.093954e-01	3.501242e-01	4.462663e-02	5.578329e-02	2.922145e-01	2.055686e-01	9.673479e-01	4.361449e-01
14173	7.945793e-01	4.188465e-01	2.094288e-02	2.617860e-02	1.371336e-01	6.446681e-02	7.497677e-01	7.345871e-02
15931	5.069302e-01	3.419247e-01	2.562937e-02	3.203672e-02	1.678207e-01	1.405945e-01	7.356006e-01	6.187137e-02
27769	7.280721e-01	9.132656e-01	2.470455e-02	3.088068e-02	1.617650e-01	1.317133e-01	9.975640e-01	9.645297e-01
15882	2.060104e-01	3.639014e-01	5.682918e-02	7.103648e-02	3.721166e-01	2.073489e-01	6.297692e-01	4.982736e-01
18381	5.573357e-01	6.309219e-01	2.740457e-02	3.425571e-02	1.794447e-01	1.509757e-01	9.038722e-01	7.407980e-01
27945	2.979493e-01	9.347905e-01	2.784202e-02	3.480252e-02	1.823091e-01	1.096930e-01	1.015189e-01	7.229557e-02
7631	9.153585e-01	6.293126e-01	2.494944e-02	3.118681e-02	1.633686e-01	1.604247e-01	8.136807e-01	2.975648e-01
32216	9.444702e-01	7.814921e-01	2.134880e-02	2.668600e-02	1.397916e-01	1.340473e-01	1.684255e-01	5.276361e-01
5138	2.763083e-01	4.009377e-01	4.046669e-02	5.058336e-02	2.649752e-01	1.426989e-01	3.926899e-02	2.196501e-01
15610	4.019743e-01	1.890839e-01	4.554732e-02	5.693416e-02	2.982432e-01	2.149359e-01	7.783388e-01	3.143465e-01
25035	8.337264e-02	7.541884e-01	2.510485e-02	3.138107e-02	1.643862e-01	1.409501e-01	5.726328e-01	2.686919e-01
9288	4.318438e-01	5.676307e-01	3.290394e-02	4.112993e-02	2.154545e-01	1.828834e-01	7.962353e-02	7.041610e-01
6479	5.905913e-01	5.318530e-01	2.273119e-02	2.841398e-02	1.488435e-01	1.466185e-01	7.462205e-01	3.074057e-01
8355	7.784090e-02	3.023382e-01	3.780164e-02	4.725205e-02	2.475245e-01	1.404568e-01	8.624805e-01	1.240904e-01
26026	1.550898e-01	2.727367e-01	5.717086e-02	7.146358e-02	3.743539e-01	2.202261e-01	9.480856e-01	5.851084e-01
13888	6.085233e-01	1.233334e-01	2.805246e-02	3.506558e-02	1.836871e-01	9.546820e-02	8.546108e-01	2.563353e-01
24777	4.067077e-01	3.713445e-02	2.738917e-02	3.423647e-02	1.793439e-01	1.791690e-01	8.622270e-01	5.392256e-01
1249	2.304418e-01	4.106319e-02	2.120040e-02	2.650050e-02	1.388199e-01	4.985900e-02	4.630760e-01	1.968780e-01
8947	4.516606e-01	6.047884e-01	2.149716e-02	2.687145e-02	1.407631e-01	1.316638e-01	4.564077e-01	4.130968e-01
19918	6.211917e-02	6.832736e-01	2.438841e-02	3.048551e-02	1.596949e-01	1.274478e-01	1.739268e-01	4.495072e-01
3166	1.655955e-01	6.849108e-01	2.110658e-02	2.638322e-02	1.382055e-01	8.413928e-02	9.231324e-01	9.494574e-01
21996	5.189696e-01	9.302165e-01	2.422940e-02	3.028675e-02	1.586537e-01	8.445650e-02	8.875618e-01	2.339899e-01
14510	6.988767e-01	1.094298e-01	3.078050e-02	3.847562e-02	2.015502e-01	1.089769e-01	1.588397e-01	7.686186e-01
31963	1.278532e-01	5.122230e-01	3.174330e-02	3.967913e-02	2.078546e-01	1.254739e-01	7.530888e-01	2.542672e-01
3985	5.727026e-01	7.456148e-01	3.607853e-02	4.509816e-02	2.362417e-01	2.351550e-01	4.854519e-01	9.617072e-01
27792	9.129523e-01	8.989709e-01	2.302890e-02	2.878612e-02	1.507929e-01	1.159080e-01	9.454995e-01	9.499523e-01
8024	9.248663e-01	6.897299e-02	3.534472e-02	4.418089e-02	2.314366e-01	9.307401e-02	6.047509e-01	4.692856e-01
8016	1.756109e-01	3.369771e-01	2.271532e-02	2.839415e-02	1.487396e-01	1.434320e-01	9.523143e-01	4.416870e-01
2596	2.227758e-01	5.408795e-01	3.563948e-02	4.454935e-02	2.333668e-01	2.283762e-01	3.789175e-01	1.894473e-01
12084	4.505587e-01	5.751363e-02	4.441628e-02	5.552035e-02	2.908371e-01	2.850417e-01	7.233064e-01	3.008039e-01
16040	6.167020e-01	2.316531e-01	2.225552e-02	2.781940e-02	1.457288e-01	1.351847e-01	8.162620e-01	4.530581e-01
2996	5.103034e-01	7.419821e-01	3.009553e-02	3.761941e-02	1.970650e-01	1.707572e-01	9.853964e-01	1.667532e-01
20211	8.665448e-01	4.735000e-01	4.625682e-02	5.782103e-02	3.028889e-01	3.016062e-01	9.644025e-01	8.157212e-01
23255	8.566103e-01	3.080088e-02	2.361716e-02	2.952145e-02	1.546448e-01	1.457510e-01	8.718750e-01	8.834378e-01
6263	1.088033e-01	2.131141e-01	4.615684e-02	5.769605e-02	3.022343e-01	1.994542e-01	5.813251e-01	9.940447e-01
22021	2.545253e-01	6.998769e-01	2.439585e-02	3.049481e-02	1.597436e-01	1.589721e-01	8.493693e-01	8.929679e-01
28044	4.056493e-01	6.561619e-01	4.511860e-02	5.639824e-02	2.954359e-01	2.439499e-01	9.596032e-01	9.052824e-01
29809	9.235962e-01	7.557363e-01	2.704181e-02	3.380227e-02	1.770694e-01	1.752137e-01	6.197814e-01	8.445904e-01
18104	3.839128e-01	7.568205e-01	4.763514e-02	5.954393e-02	3.119142e-01	2.856409e-01	1.941399e-01	2.909226e-01
17150	4.117595e-01	3.243002e-01	2.386955e-02	2.983693e-02	1.562974e-01	1.468817e-01	6.632089e-01	4.516512e-01
354	1.983240e-01	1.011506e-01	5.152545e-02	6.440681e-02	3.373878e-01	1.425184e-01	9.787209e-01	8.690094e-01
20956	1.174187e-01	3.242650e-01	3.903204e-02	4.879005e-02	2.555812e-01	1.409341e-01	8.250223e-01	8.529898e-01
3653	3.903289e-01	4.296978e-01	3.412514e-02	4.265643e-02	2.234509e-01	1.718367e-01	3.480715e-01	7.901765e-01
5254	2.984489e-01	7.906573e-01	2.448991e-02	3.061239e-02	1.603596e-01	8.632569e-02	8.521767e-01	2.086787e-02
3714	6.501994e-01	4.375882e-01	2.096889e-02	2.621111e-02	1.373039e-01	1.266115e-01	1.173680e-01	2.611597e-01
4732	1.754722e-01	4.727056e-01	6.625648e-02	8.282060e-02	4.338464e-01	3.125799e-01	9.609790e-01	4.791913e-01
7614	6.979560e-02	5.839833e-01	5.604661e-02	7.005826e-02	3.669923e-01	2.683879e-01	4.559397e-01	3.575197e-02
7581	5.436755e-02	2.767275e-01	4.570575e-02	5.713219e-02	2.992805e-01	1.570200e-01	7.416954e-01	3.863460e-01
2405	5.129672e-02	8.719898e-01	2.112139e-02	2.640174e-02	1.383025e-01	1.380468e-01	8.337334e-01	2.802200e-01
18897	7.647999e-01	1.325880e-01	2.085172e-02	2.606464e-02	1.365367e-01	1.343256e-01	9.097181e-01	3.242677e-01
15282	8.391042e-01	7.611295e-01	2.273708e-02	2.842135e-02	1.488820e-01	9.048029e-02	5.435054e-01	3.608743e-01
26339	3.876489e-01	5.727567e-01	2.296523e-02	2.870653e-02	1.503759e-01	1.074600e-01	3.670356e-02	6.872207e-01
32594	6.220845e-01	6.819421e-01	2.104407e-02	2.630509e-02	1.377963e-01	4.750832e-02	6.279778e-01	4.199254e-01
24052	1.901705e-01	1.828058e-01	4.671028e-02	5.838785e-02	3.058582e-01	2.091371e-01	7.721146e-01	6.809981e-01
26090	6.085476e-01	1.932936e-01	3.741169e-02	4.676461e-02	2.449712e-01	2.269897e-01	8.116292e-01	1.416111e-02
2790	2.815025e-01	7.730016e-01	2.160277e-02	2.700346e-02	1.414546e-01	1.396731e-01	4.168998e-01	4.159036e-01
13028	8.626123e-01	8.516812e-01	5.804332e-02	7.255415e-02	3.800668e-01	3.799998e-01	5.192983e-01	5.403430e-01
25497	3.061591e-01	5.140112e-01	6.970281e-02	8.712852e-02	4.564129e-01	3.311658e-01	4.160599e-01	7.145288e-01
12035	5.626828e-01	4.492183e-01	2.199417e-02	2.749272e-02	1.440175e-01	1.429616e-01	3.788291e-01	3.016274e-01
31536	8.772461e-01	2.896823e-01	6.303969e-02	7.879962e-02	4.127829e-01	2.253995e-01	4.533338e-01	5.746469e-01
12305	9.470265e-01	7.150074e-01	2.141348e-02	2.676684e-02	1.402151e-01	4.179630e-02	8.475095e-01	2.512971e-01
27716	7.244092e-01	5.956786e-02	2.947931e-02	3.684914e-02	1.930301e-01	1.513753e-01	7.939014e-01	3.075200e-01
1451	2.671246e-01	6.904435e-02	4.232767e-02	5.290958e-02	2.771609e-01	2.583584e-01	3.284261e-01	3.042376e-01
5605	1.151559e-01	4.517765e-01	2.505673e-02	3.132091e-02	1.640710e-01	1.446230e-01	1.022568e-01	4.685591e-01
10779	6.758142e-02	4.731272e-01	4.081631e-02	5.102038e-02	2.672645e-01	2.243731e-01	8.208922e-01	9.319086e-01
19752	7.167248e-01	1.745033e-01	2.163599e-02	2.704499e-02	1.416722e-01	1.237878e-01	7.317701e-01	8.547291e-01
23665	3.488809e-01	8.573423e-01	6.169987e-02	7.712484e-02	4.040098e-01	1.723975e-01	1.123982e-01	5.271009e-01
13812	9.861111e-02	9.749988e-02	4.386443e-02	5.483053e-02	2.872236e-01	2.820329e-01	3.996138e-02	4.693197e-01
7142	4.641756e-01	4.685938e-01	2.838761e-02	3.548451e-02	1.858816e-01	1.854046e-01	2.904705e-01	7.299432e-01
29102	6.202307e-01	7.755877e-01	2.850549e-02	3.563187e-02	1.866535e-01	1.847728e-01	4.282078e-01	4.516223e-01
21556	7.099384e-01	3.640063e-01	6.799134e-02	8.498918e-02	4.452063e-01	3.274035e-01	5.613415e-01	7.659265e-02
15236	8.975067e-01	1.103157e-01	2.436804e-02	3.046005e-02	1.595616e-01	1.592195e-01	7.808460e-01	6.731056e-01
12337	5.248437e-01	5.350351e-01	2.521679e-02	3.152098e-02	1.651191e-01	7.814891e-02	5.816514e-01	4.285720e-01
10224	2.108916e-01	8.609907e-01	2.977764e-02	3.722205e-02	1.949835e-01	1.142844e-01	5.694608e-01	7.721211e-01
11849	3.867353e-01	5.018099e-01	3.134502e-02	3.918128e-02	2.052467e-01	1.915227e-01	6.369053e-01	9.535291e-02
10604	7.311959e-01	8.052856e-01	2.412352e-02	3.015440e-02	1.579604e-01	1.424335e-01	1.966474e-01	2.905098e-01
8681	6.696564e-01	1.592324e-01	4.981059e-02	6.226324e-02	3.261590e-01	2.571591e-01	3.222270e-01	9.044765e-01
28046	8.288699e-01	1.766784e-01	6.763547e-02	8.454433e-02	4.428760e-01	4.403702e-01	8.455698e-01	5.804647e-01
