9460	5.905625e-01	7.130229e-01	3.373698e-02	4.217123e-02	2.209092e-01	7.284077e-02	5.832753e-02	8.920117e-01
13815	1.697420e-01	4.179821e-01	2.749912e-02	3.437390e-02	1.800638e-01	1.759951e-01	1.670112e-01	5.387362e-01
18968	6.346050e-01	2.941104e-01	5.155240e-02	6.444050e-02	3.375643e-01	3.374382e-01	4.535569e-02	2.430034e-01
6520	9.545136e-01	3.983862e-01	3.417643e-02	4.272054e-02	2.237867e-01	2.226697e-01	7.828714e-01	3.760953e-01
11704	7.901374e-01	1.128077e-01	3.290091e-02	4.112614e-02	2.154347e-01	2.040672e-01	5.180932e-01	4.862762e-01
4067	6.371253e-01	6.530751e-01	3.171879e-02	3.964848e-02	2.076941e-01	1.724450e-01	9.558158e-01	2.072449e-01
32222	6.896953e-01	6.921713e-01	2.675020e-02	3.343775e-02	1.751599e-01	1.098368e-01	7.904778e-01	2.399629e-01
8883	5.156272e-01	1.580718e-01	5.890929e-02	7.363661e-02	3.857371e-01	2.520454e-01	8.654659e-01	3.285881e-01
23370	3.384845e-01	3.068846e-01	3.143115e-02	3.928894e-02	2.058107e-01	1.554966e-01	8.804685e-02	9.683311e-01
14985	6.514729e-01	4.660520e-01	2.699296e-02	3.374120e-02	1.767495e-01	1.700894e-01	9.665487e-01	9.366678e-04
4084	3.236922e-01	5.310377e-01	4.509427e-02	5.636784e-02	2.952766e-01	1.724057e-01	5.070559e-01	5.694986e-01
10303	7.769690e-02	5.884012e-01	6.361718e-02	7.952148e-02	4.165643e-01	3.738151e-01	9.926888e-01	8.225173e-01
32388	8.920346e-01	5.574858e-01	2.758706e-02	3.448383e-02	1.806397e-01	6.144131e-02	7.827107e-01	6.094093e-02
32392	8.015706e-01	2.949755e-01	2.344269e-02	2.930336e-02	1.535024e-01	6.322946e-02	5.186921e-01	6.857963e-01
16081	7.725620e-01	3.534146e-01	2.211112e-02	2.763890e-02	1.447833e-01	6.546249e-02	9.822589e-01	3.003028e-02
29843	2.908488e-01	4.040651e-01	4.261015e-02	5.326269e-02	2.790106e-01	2.768533e-01	7.729269e-01	1.439498e-01
25419	3.088899e-01	7.228217e-01	6.733818e-02	8.417272e-02	4.409293e-01	4.301297e-01	3.199265e-01	3.641256e-01
23660	9.472784e-01	5.213532e-01	5.592000e-02	6.990000e-02	3.661633e-01	2.056161e-01	9.065997e-01	1.626964e-01
11226	5.691005e-01	8.694022e-02	2.155512e-02	2.694390e-02	1.411426e-01	8.662445e-02	7.192075e-02	1.649311e-02
30043	3.128123e-01	8.291779e-01	2.557904e-02	3.197381e-02	1.674912e-01	1.565338e-01	8.393989e-01	5.717163e-01
20899	5.442282e-01	4.552346e-02	3.458696e-02	4.323370e-02	2.264749e-01	1.339348e-01	8.136370e-01	5.437490e-01
4526	5.601234e-01	4.393594e-01	7.131039e-02	8.913798e-02	4.669393e-01	4.437349e-01	3.257735e-02	6.366738e-01
20871	3.942631e-01	1.995931e-01	2.138539e-02	2.673174e-02	1.400312e-01	6.843665e-02	6.428149e-01	1.327256e-01
6928	1.849065e-01	6.997909e-01	2.646867e-02	3.308584e-02	1.733165e-01	1.127903e-01	3.213576e-01	3.799633e-01
2573	2.112638e-01	6.055511e-01	2.717844e-02	3.397305e-02	1.779640e-01	1.743945e-01	8.841243e-02	6.689913e-01
21637	3.907842e-01	3.161823e-01	3.648735e-02	4.560919e-02	2.389186e-01	8.307059e-02	9.089263e-01	5.492922e-01
453	2.806701e-01	9.093221e-01	2.800793e-02	3.500991e-02	1.833955e-01	1.814105e-01	9.199143e-02	9.070922e-01
32761	7.662433e-01	7.812291e-01	2.165230e-02	2.706538e-02	1.417789e-01	1.217319e-01	9.437928e-01	9.884886e-01
31140	5.951854e-01	6.012546e-01	2.058496e-02	2.573120e-02	1.347900e-01	1.286045e-01	3.632395e-01	1.712783e-01
6036	2.743520e-01	5.624393e-01	2.887931e-02	3.609913e-02	1.891013e-01	1.112794e-01	8.712030e-01	5.921216e-01
29385	2.442747e-01	1.414575e-01	2.439658e-02	3.049573e-02	1.597484e-01	1.571375e-01	8.254257e-01	4.483798e-01
29757	7.360271e-01	1.613798e-01	3.022196e-02	3.777745e-02	1.978929e-01	1.830686e-01	6.822827e-01	4.242515e-01
415	7.241704e-01	2.010138e-01	2.151659e-02	2.689574e-02	1.408903e-01	1.156265e-01	8.567201e-01	4.022503e-01
6745	8.907333e-01	8.071951e-01	4.658558e-02	5.823197e-02	3.050416e-01	3.046512e-01	2.600506e-03	5.782004e-01
16854	8.217169e-01	8.560294e-01	4.996298e-02	6.245373e-02	3.271568e-01	3.011326e-01	5.782250e-01	2.359576e-01
13012	4.920060e-01	6.200003e-01	3.459000e-02	4.323750e-02	2.264948e-01	2.128836e-01	7.151638e-01	4.463835e-01
20156	2.143245e-01	2.727472e-01	3.626001e-02	4.532502e-02	2.374300e-01	2.065084e-01	8.406236e-01	7.654319e-01
30574	7.801784e-01	9.443263e-01	2.113156e-02	2.641445e-02	1.383691e-01	7.612227e-02	5.475689e-01	4.860204e-01
12119	6.804334e-01	7.672704e-01	6.624137e-02	8.280171e-02	4.337474e-01	1.923452e-01	6.474843e-01	5.441059e-01
1105	7.752139e-02	3.019032e-01	2.078203e-02	2.597753e-02	1.360804e-01	9.787732e-02	5.890274e-01	5.449802e-01
27960	6.076904e-01	9.504793e-01	3.279458e-02	4.099323e-02	2.147384e-01	1.498173e-01	2.714316e-01	6.025697e-01
12327	8.857991e-01	5.805375e-02	2.676591e-02	3.345739e-02	1.752628e-01	1.475216e-01	2.137491e-01	1.319473e-01
26283	6.578258e-01	5.718901e-01	2.442769e-02	3.053461e-02	1.599521e-01	6.823730e-02	7.718070e-01	9.424017e-01
14365	4.072305e-01	5.741141e-01	2.657731e-02	3.322164e-02	1.740278e-01	8.298017e-02	7.933929e-01	3.385935e-01
5287	1.751257e-01	7.677998e-01	2.728134e-02	3.410167e-02	1.786378e-01	1.614283e-01	2.687421e-01	5.372481e-01
13901	1.146619e-01	7.126021e-01	3.374945e-02	4.218681e-02	2.209909e-01	6.328356e-02	2.128328e-02	6.426580e-01
22010	9.724695e-02	7.839584e-01	2.628340e-02	3.285425e-02	1.721033e-01	1.577684e-01	8.981038e-01	5.492180e-01
27395	1.242559e-01	1.632675e-01	4.829847e-02	6.037309e-02	3.162576e-01	2.290927e-01	4.911959e-01	4.795849e-01
18186	8.382088e-01	5.205920e-01	3.741350e-02	4.676687e-02	2.449830e-01	1.842512e-01	5.796993e-01	5.450930e-03
14268	4.292961e-01	8.916504e-01	2.726244e-02	3.407805e-02	1.785140e-01	8.593900e-02	8.635603e-01	5.168382e-01
19967	5.005676e-01	3.820727e-01	2.368565e-02	2.960706e-02	1.550932e-01	4.170629e-02	9.238983e-01	9.330214e-01
4117	2.664285e-01	6.816640e-01	2.317430e-02	2.896787e-02	1.517450e-01	8.982648e-02	7.248858e-01	7.961445e-01
23016	3.978270e-01	6.454602e-01	2.574559e-02	3.218199e-02	1.685817e-01	1.672718e-01	9.665765e-01	1.867464e-01
10666	7.192753e-01	4.169788e-01	3.497871e-02	4.372339e-02	2.290401e-01	2.025166e-01	8.571522e-01	5.495231e-01
12040	1.001191e-01	9.646953e-01	2.175887e-02	2.719858e-02	1.424767e-01	1.357237e-01	6.223474e-01	8.142965e-01
10084	1.769871e-01	5.710864e-01	4.988132e-02	6.235165e-02	3.266221e-01	3.193690e-01	1.939298e-01	9.867333e-01
27930	7.781326e-01	2.170844e-01	7.238012e-02	9.047515e-02	4.739439e-01	2.930271e-01	5.512565e-01	1.909460e-01
26494	9.897346e-02	3.617589e-01	3.272257e-02	4.090321e-02	2.142669e-01	7.854332e-02	8.600765e-01	5.347727e-01
32450	7.322891e-01	6.010789e-01	5.133178e-02	6.416472e-02	3.361197e-01	2.107064e-01	3.235077e-01	5.042659e-01
19977	4.014578e-01	7.593335e-01	2.967121e-02	3.708901e-02	1.942866e-01	1.857589e-01	6.039097e-01	3.223946e-01
12996	4.972500e-01	9.496791e-01	4.389972e-02	5.487465e-02	2.874547e-01	2.514624e-01	5.350121e-01	8.130386e-01
347	6.325052e-01	4.135757e-01	4.363813e-02	5.454766e-02	2.857418e-01	2.480193e-01	8.508253e-01	6.346715e-01
22029	9.413484e-02	5.608209e-02	2.280699e-02	2.850874e-02	1.493398e-01	6.132184e-02	7.206375e-01	9.879145e-01
19496	7.735551e-01	6.121598e-01	2.983225e-02	3.729031e-02	1.953411e-01	6.744922e-02	5.049296e-01	9.901045e-01
17375	1.779533e-01	9.658721e-01	2.737768e-02	3.422210e-02	1.792686e-01	1.059052e-01	1.510722e-01	3.948569e-01
21958	8.097182e-01	4.467138e-01	5.347301e-02	6.684126e-02	3.501404e-01	2.291700e-01	8.353724e-01	1.937129e-01
10639	4.663939e-01	2.021672e-01	2.508267e-02	3.135334e-02	1.642409e-01	1.543013e-01	4.446530e-01	4.932970e-01
29382	9.009518e-01	6.903000e-01	2.992819e-02	3.741024e-02	1.959693e-01	1.486952e-01	3.675229e-01	3.678896e-01
22176	3.459013e-01	3.582942e-02	2.208661e-02	2.760826e-02	1.446228e-01	1.433859e-01	7.421796e-01	8.556613e-01
25813	5.851210e-01	9.164535e-01	2.267783e-02	2.834729e-02	1.484941e-01	1.121994e-01	1.143419e-01	3.203991e-01
3795	8.697930e-01	9.122450e-02	2.221605e-02	2.777006e-02	1.454703e-01	4.476903e-02	6.186456e-01	3.917389e-01
21127	3.959116e-01	1.565455e-01	3.805114e-02	4.756393e-02	2.491583e-01	2.491375e-01	2.733949e-02	7.689990e-01
18614	6.501355e-01	1.410434e-01	7.337447e-02	9.171809e-02	4.804549e-01	4.804546e-01	6.541166e-01	2.102191e-01
16014	5.091928e-01	6.747876e-01	3.686009e-02	4.607512e-02	2.413593e-01	1.357533e-01	6.084230e-02	8.093868e-01
