2647	7.661992e-01	7.904949e-01	2.489163e-02	3.111453e-02	1.629900e-01	5.790175e-02	2.130059e-01	7.438351e-01
1832	3.511473e-01	1.915995e-01	2.348875e-02	2.936094e-02	1.538040e-01	6.363036e-02	5.593510e-01	6.171552e-01
6568	3.717351e-01	5.885508e-01	2.666186e-02	3.332732e-02	1.745814e-01	1.386425e-01	6.142069e-01	3.801696e-01
23940	5.873866e-01	3.122999e-01	2.186887e-02	2.733608e-02	1.431970e-01	9.973726e-02	3.705560e-01	2.468513e-01
29824	5.014498e-01	7.461263e-01	6.284238e-02	7.855298e-02	4.114909e-01	3.446405e-01	5.668006e-01	6.478373e-01
19311	7.836105e-01	2.607587e-01	7.054763e-02	8.818453e-02	4.619448e-01	4.293084e-01	9.141049e-01	5.979362e-01
20995	4.878741e-01	8.401157e-01	3.254176e-02	4.067720e-02	2.130829e-01	1.944354e-01	2.615826e-01	8.299571e-01
7337	4.697033e-01	5.756253e-01	2.199949e-02	2.749937e-02	1.440523e-01	1.099437e-01	4.754043e-01	8.657456e-01
23043	3.804872e-01	2.786542e-01	2.780746e-02	3.475932e-02	1.820828e-01	6.817814e-02	1.099519e-01	8.092915e-01
17570	3.122413e-01	1.733801e-01	2.640217e-02	3.300271e-02	1.728810e-01	9.444930e-02	8.239417e-01	6.115646e-01
10857	5.473974e-02	3.742499e-01	4.488573e-02	5.610717e-02	2.939111e-01	1.523678e-01	7.448947e-01	1.906504e-01
4677	2.432463e-01	2.737166e-01	2.392697e-02	2.990871e-02	1.566734e-01	1.192149e-01	5.416660e-01	8.195708e-01
21977	3.023563e-01	3.620164e-01	2.509915e-02	3.137393e-02	1.643488e-01	1.578005e-01	1.535504e-01	5.160369e-01
17959	3.798926e-01	8.348185e-01	3.309220e-02	4.136525e-02	2.166872e-01	1.185171e-01	2.627221e-01	5.995341e-01
14719	3.508258e-01	5.037658e-01	2.302339e-02	2.877924e-02	1.507568e-01	9.429755e-02	2.344053e-01	9.076830e-01
1241	4.282316e-01	7.169030e-01	4.336363e-02	5.420454e-02	2.839444e-01	1.450148e-01	6.552213e-01	8.685078e-01
3283	8.342915e-01	4.672462e-01	4.224861e-02	5.281076e-02	2.766432e-01	1.659701e-01	9.077846e-01	6.295732e-01
8902	3.945297e-01	5.891939e-01	2.399164e-02	2.998955e-02	1.570969e-01	4.635151e-02	7.245737e-01	8.243079e-01
21537	1.668606e-01	7.380018e-01	2.743839e-02	3.429799e-02	1.796662e-01	9.460677e-02	8.379679e-01	2.204088e-01
14500	6.933908e-01	2.003315e-01	4.969484e-02	6.211855e-02	3.254011e-01	1.924826e-01	8.976425e-01	7.964284e-03
14586	2.311631e-01	7.471887e-01	2.924640e-02	3.655801e-02	1.915050e-01	1.739606e-01	1.677871e-01	8.855362e-01
30316	5.519224e-02	2.969357e-01	3.034599e-02	3.793248e-02	1.987050e-01	6.181633e-02	9.368312e-01	5.184934e-01
10181	3.252743e-01	2.970401e-01	3.303743e-02	4.129678e-02	2.163286e-01	1.563978e-01	5.074222e-02	1.599092e-01
2058	6.656995e-02	9.319740e-01	2.268763e-02	2.835954e-02	1.485583e-01	9.088191e-02	3.545008e-01	3.867420e-02
22884	8.021891e-01	5.242105e-01	2.522794e-02	3.153492e-02	1.651922e-01	8.040298e-02	2.598293e-01	3.177739e-01
2778	1.006364e-01	2.617156e-01	3.821853e-02	4.777317e-02	2.502544e-01	1.051512e-01	9.071363e-01	2.628531e-01
12215	1.608837e-01	1.112492e-01	3.846997e-02	4.808746e-02	2.519008e-01	1.536464e-01	2.293308e-01	7.635442e-01
8374	2.361977e-01	4.161947e-02	2.583214e-02	3.229017e-02	1.691484e-01	1.625159e-01	9.544167e-01	8.044289e-02
25548	4.456016e-01	5.720969e-01	2.246382e-02	2.807978e-02	1.470928e-01	1.466824e-01	2.975025e-01	8.617740e-01
5948	2.034515e-01	6.108238e-01	2.210780e-02	2.763475e-02	1.447616e-01	1.039021e-01	4.499837e-01	1.950103e-01
6338	2.754451e-01	7.319987e-01	6.525251e-02	8.156564e-02	4.272724e-01	2.245764e-01	1.652208e-01	2.808835e-01
13301	5.729070e-01	4.865857e-01	3.561615e-02	4.452018e-02	2.332140e-01	1.703004e-01	3.312705e-02	5.579704e-01
9360	1.141373e-01	8.498856e-01	6.981790e-02	8.727237e-02	4.571665e-01	2.663226e-01	3.296012e-01	1.594994e-01
31545	4.734399e-01	9.534516e-01	3.059197e-02	3.823996e-02	2.003157e-01	1.817154e-01	1.542104e-01	2.997026e-01
29555	2.241790e-01	3.679171e-01	3.225598e-02	4.031998e-02	2.112117e-01	1.722154e-01	4.275749e-01	2.117469e-01
1185	3.920100e-01	7.891891e-01	3.001075e-02	3.751344e-02	1.965099e-01	1.293355e-01	1.578168e-01	9.361146e-01
19184	7.484729e-01	1.882606e-01	3.337353e-02	4.171691e-02	2.185294e-01	2.164635e-01	8.968274e-01	8.251855e-01
30644	1.505464e-01	3.111520e-01	3.241347e-02	4.051683e-02	2.122429e-01	1.095254e-01	1.777921e-02	3.549503e-01
27226	9.533663e-01	7.055252e-01	4.724696e-02	5.905870e-02	3.093724e-01	3.011086e-01	6.256233e-01	6.270085e-01
16658	7.766941e-01	7.424728e-02	3.191662e-02	3.989578e-02	2.089896e-01	1.933459e-01	5.769407e-01	2.661319e-01
28950	3.299569e-02	5.573423e-01	2.546543e-02	3.183178e-02	1.667472e-01	1.542677e-01	6.882242e-01	9.516549e-01
7171	8.054551e-01	3.989958e-01	7.539948e-02	9.424935e-02	4.937146e-01	4.087585e-01	7.222358e-01	1.022633e-01
19511	3.876130e-01	2.125019e-01	2.267434e-02	2.834292e-02	1.484712e-01	1.438277e-01	9.167171e-02	9.141565e-01
2312	4.241736e-02	4.867918e-01	3.343864e-02	4.179830e-02	2.189557e-01	1.507715e-01	6.243185e-01	2.984811e-01
28464	5.000804e-01	8.838902e-01	3.125418e-02	3.906772e-02	2.046519e-01	7.508565e-02	2.296495e-01	6.058492e-01
8157	7.992229e-01	6.924300e-01	3.062245e-02	3.827806e-02	2.005153e-01	1.646961e-01	4.479529e-01	3.653230e-01
24304	2.695965e-01	5.628298e-01	4.824753e-02	6.030941e-02	3.159241e-01	2.182245e-01	7.839722e-01	7.852881e-01
3032	1.698281e-01	9.668817e-01	2.489074e-02	3.111343e-02	1.629842e-01	1.530011e-01	3.194649e-01	5.029106e-01
3573	4.714150e-01	8.799250e-01	2.703019e-02	3.378774e-02	1.769933e-01	8.560385e-02	1.123667e-01	8.316592e-01
13409	3.526677e-01	9.579524e-02	4.725297e-02	5.906621e-02	3.094117e-01	2.876699e-01	2.604531e-01	1.603038e-01
9250	1.867545e-01	3.461921e-01	2.421661e-02	3.027077e-02	1.585700e-01	1.232545e-01	1.845191e-01	6.731195e-01
1803	2.351270e-01	9.435106e-01	4.281267e-02	5.351584e-02	2.803367e-01	2.748124e-01	2.165237e-01	3.480823e-01
6476	9.056491e-01	5.577099e-01	3.022785e-02	3.778481e-02	1.979315e-01	1.950936e-01	1.562594e-01	9.311289e-01
18858	3.822276e-01	7.098291e-01	3.425439e-02	4.281799e-02	2.242972e-01	2.206439e-01	4.727122e-02	3.698584e-01
6127	4.164061e-01	4.414865e-01	2.729260e-02	3.411576e-02	1.787116e-01	1.445992e-01	5.661648e-01	7.971807e-01
28515	4.889086e-01	6.388823e-01	3.850609e-02	4.813262e-02	2.521373e-01	2.476468e-01	5.745241e-01	5.755303e-01
16359	6.556950e-01	3.325389e-01	2.481388e-02	3.101735e-02	1.624809e-01	1.588067e-01	2.167811e-02	1.085343e-01
3149	5.506454e-01	6.821848e-01	2.592096e-02	3.240120e-02	1.697301e-01	4.741671e-02	3.024782e-01	9.226158e-01
2603	5.004210e-01	4.653020e-01	2.957784e-02	3.697230e-02	1.936753e-01	7.285581e-02	2.397017e-01	9.249081e-02
29417	1.369783e-01	6.046626e-01	2.481622e-02	3.102027e-02	1.624962e-01	1.441453e-01	5.245756e-01	8.418804e-01
18153	7.060773e-01	3.686689e-01	2.525245e-02	3.156557e-02	1.653527e-01	1.542400e-01	6.941653e-01	4.161537e-01
9588	5.852558e-01	1.813481e-01	2.133015e-02	2.666269e-02	1.396695e-01	1.394123e-01	1.047642e-01	1.842321e-02
7892	9.486929e-01	5.809708e-01	2.656858e-02	3.321073e-02	1.739707e-01	1.053288e-01	7.164597e-01	5.387269e-01
22229	5.815868e-01	3.464597e-01	2.632712e-02	3.290890e-02	1.723896e-01	1.291258e-01	2.106557e-03	2.776210e-01
27271	7.450899e-01	9.606773e-01	2.273399e-02	2.841749e-02	1.488618e-01	1.421960e-01	5.286316e-01	2.434740e-01
14516	2.724332e-01	1.534592e-01	2.571742e-02	3.214678e-02	1.683973e-01	9.464144e-02	7.443572e-01	1.330118e-01
8868	9.880044e-02	9.949033e-02	5.585091e-02	6.981363e-02	3.657109e-01	3.495930e-01	5.520687e-01	1.076637e-01
19100	4.841278e-01	3.309995e-01	2.231374e-02	2.789218e-02	1.461100e-01	9.854559e-02	5.831982e-01	6.588194e-01
10626	6.289706e-01	9.045095e-02	3.061463e-02	3.826829e-02	2.004641e-01	1.422294e-01	9.804101e-01	8.714275e-02
4847	3.427418e-01	9.164164e-01	4.946008e-02	6.182510e-02	3.238638e-01	2.357780e-01	2.781730e-01	3.957584e-01
28305	4.362276e-01	2.249983e-01	2.275236e-02	2.844045e-02	1.489821e-01	1.300497e-01	8.723306e-01	4.978667e-01
7986	3.609858e-01	3.831730e-01	2.679888e-02	3.349860e-02	1.754787e-01	1.746069e-01	5.958323e-01	2.081402e-01
23481	6.596793e-01	7.123536e-01	3.113737e-02	3.892172e-02	2.038870e-01	1.862741e-01	3.088294e-01	1.847752e-01
1675	8.858149e-02	6.117999e-01	2.252272e-02	2.815340e-02	1.474784e-01	1.437309e-01	7.999587e-01	8.812728e-01
20059	5.225872e-01	8.155885e-02	3.931651e-02	4.914564e-02	2.574439e-01	1.477445e-01	9.615977e-01	2.044287e-01
6876	4.735719e-01	3.991291e-01	4.870520e-02	6.088150e-02	3.189209e-01	2.591607e-01	3.328881e-01	4.126108e-01
6018	2.203365e-01	8.311264e-02	2.762063e-02	3.452579e-02	1.808595e-01	5.372150e-02	6.756594e-01	2.689024e-01
