11007	8.630661e-01	4.449506e-01	2.424060e-02	3.030075e-02	1.587271e-01	1.587270e-01	8.998005e-01	2.964588e-01
5640	5.781397e-01	7.556977e-01	3.518720e-02	4.398400e-02	2.304052e-01	1.259001e-01	9.385468e-01	8.224249e-01
1813	9.472930e-01	2.629177e-01	2.260978e-02	2.826222e-02	1.480485e-01	1.063462e-01	3.797870e-01	8.189917e-01
20944	3.744316e-01	1.467862e-01	2.316361e-02	2.895451e-02	1.516749e-01	1.509033e-01	2.377638e-01	8.638000e-01
14875	5.739666e-02	5.690208e-01	2.838152e-02	3.547690e-02	1.858418e-01	7.432577e-02	6.898517e-01	7.382206e-01
29619	6.295449e-01	5.387907e-01	3.004991e-02	3.756239e-02	1.967664e-01	8.741998e-02	2.358682e-02	5.414206e-01
8665	4.440346e-01	4.323601e-01	3.051377e-02	3.814221e-02	1.998037e-01	1.887526e-01	5.581813e-01	7.607290e-01
19795	9.127497e-01	3.827259e-01	2.108248e-02	2.635310e-02	1.380477e-01	1.345944e-01	8.075128e-02	1.186644e-01
2143	6.849962e-01	2.116693e-01	7.651734e-02	9.564668e-02	5.010344e-01	1.386105e-01	1.028089e-01	8.178314e-01
4192	6.950625e-01	5.290651e-01	2.324244e-02	2.905305e-02	1.521911e-01	1.283184e-01	5.420064e-01	8.494440e-01
7314	3.142724e-01	6.965711e-01	2.598216e-02	3.247770e-02	1.701308e-01	5.004661e-02	7.484430e-01	1.000757e-01
18433	1.854486e-01	4.755762e-01	2.704489e-02	3.380612e-02	1.770895e-01	6.937842e-02	6.481103e-01	3.546510e-02
27840	6.429515e-01	6.675892e-01	6.437299e-02	8.046623e-02	4.215133e-01	3.779079e-01	3.859777e-02	3.331125e-01
32749	7.707734e-01	5.614228e-01	3.157085e-02	3.946357e-02	2.067254e-01	1.601185e-01	9.351720e-02	5.996808e-01
15950	4.084685e-01	1.704911e-01	3.734410e-02	4.668012e-02	2.445286e-01	9.831824e-02	5.651531e-01	7.434799e-01
29969	1.706737e-01	6.282032e-01	2.130513e-02	2.663142e-02	1.395057e-01	7.768359e-02	7.897512e-01	4.763682e-01
25975	3.496217e-01	3.389100e-01	4.832447e-02	6.040559e-02	3.164279e-01	3.161836e-01	3.494492e-02	5.245977e-01
32257	9.335925e-01	9.073473e-01	2.884413e-02	3.605516e-02	1.888709e-01	6.675493e-02	8.456066e-01	7.088447e-01
7097	5.296666e-02	3.598905e-02	2.558649e-02	3.198312e-02	1.675400e-01	6.937264e-02	6.340719e-01	1.618692e-01
28966	8.786221e-01	2.274626e-01	3.446790e-02	4.308487e-02	2.256953e-01	2.008526e-01	3.181952e-02	3.043691e-01
4533	7.541996e-01	7.834702e-01	2.405595e-02	3.006994e-02	1.575180e-01	1.554314e-01	2.758923e-01	6.403685e-01
10896	4.663544e-01	3.580440e-01	7.493467e-02	9.366833e-02	4.906710e-01	3.848456e-01	9.884931e-01	6.906826e-01
1735	7.408922e-01	8.864005e-01	2.452813e-02	3.066017e-02	1.606098e-01	1.285912e-01	7.796680e-01	9.417594e-01
8127	3.288431e-01	5.152010e-01	7.523601e-02	9.404501e-02	4.926442e-01	2.503439e-01	5.490717e-03	6.281740e-01
30663	5.172898e-01	6.885800e-01	4.034946e-02	5.043682e-02	2.642076e-01	1.043121e-01	9.996356e-01	4.252068e-01
20311	9.574530e-01	3.670009e-01	2.987557e-02	3.734446e-02	1.956247e-01	1.941302e-01	9.232405e-01	8.296033e-02
29922	9.245890e-01	5.923092e-01	5.581997e-02	6.977496e-02	3.655083e-01	2.044986e-01	2.695153e-01	3.615268e-01
21043	2.218364e-01	6.815331e-01	2.482462e-02	3.103078e-02	1.625512e-01	1.468708e-01	3.297219e-01	5.825838e-01
25905	2.632827e-01	8.466501e-01	2.562893e-02	3.203616e-02	1.678178e-01	1.678082e-01	3.936676e-01	2.212531e-01
5473	2.545233e-01	3.347646e-01	4.416320e-02	5.520400e-02	2.891800e-01	2.478689e-01	3.919307e-01	8.781365e-01
5260	1.141199e-01	9.879937e-02	4.317179e-02	5.396474e-02	2.826882e-01	1.169643e-01	7.103488e-01	4.004214e-01
10637	9.247181e-01	3.128352e-01	2.169311e-02	2.711639e-02	1.420461e-01	1.020827e-01	3.976655e-01	3.692409e-01
10273	7.004633e-02	4.344514e-01	3.034051e-02	3.792563e-02	1.986692e-01	1.629528e-01	9.294011e-01	7.053263e-01
11849	6.931250e-01	6.844010e-01	2.309694e-02	2.887118e-02	1.512384e-01	9.309539e-02	8.408831e-01	6.479752e-01
28082	2.085031e-01	4.307555e-01	2.064147e-02	2.580183e-02	1.351600e-01	7.950740e-02	6.240115e-01	5.053261e-01
2122	3.724086e-01	5.608496e-02	2.140625e-02	2.675782e-02	1.401678e-01	1.384343e-01	4.530862e-01	5.444108e-01
6745	3.670228e-01	9.508584e-01	4.317366e-02	5.396707e-02	2.827005e-01	1.335138e-01	4.529577e-01	7.514180e-01
16095	6.443979e-01	8.279224e-01	2.885059e-02	3.606324e-02	1.889132e-01	1.325805e-01	2.879085e-01	1.055365e-01
12241	1.672639e-01	8.217088e-01	2.906583e-02	3.633229e-02	1.903226e-01	1.727617e-01	6.875806e-01	4.202781e-01
31709	2.099533e-01	2.577584e-01	4.781768e-02	5.977210e-02	3.131094e-01	1.184858e-01	2.058439e-02	1.443183e-01
1621	7.575788e-01	6.249879e-01	2.737638e-02	3.422048e-02	1.792601e-01	1.785087e-01	4.355272e-01	5.734435e-01
18609	2.911134e-01	2.527971e-01	5.398512e-02	6.748140e-02	3.534938e-01	3.364754e-01	4.588478e-01	2.108069e-01
3312	4.769608e-01	8.412761e-01	3.173623e-02	3.967029e-02	2.078083e-01	1.972311e-01	6.843712e-01	1.667155e-01
815	6.164760e-01	2.478501e-01	3.698422e-02	4.623027e-02	2.421721e-01	1.936570e-01	1.803202e-01	3.652435e-01
3563	4.142934e-01	7.769326e-01	2.397450e-02	2.996813e-02	1.569847e-01	1.297395e-01	1.181949e-01	3.554583e-01
14675	2.600917e-01	6.145120e-01	3.050373e-02	3.812966e-02	1.997380e-01	1.989039e-01	5.007067e-01	7.110307e-01
1340	6.904237e-02	4.874362e-01	5.091521e-02	6.364402e-02	3.333920e-01	3.170599e-01	8.742831e-03	6.754175e-01
32278	1.888816e-01	6.990519e-01	3.484252e-02	4.355315e-02	2.281483e-01	1.079281e-01	6.713928e-01	8.169592e-01
32491	6.959048e-01	8.895426e-01	4.041496e-02	5.051870e-02	2.646365e-01	2.239391e-01	3.521662e-01	9.884653e-01
1445	6.893942e-01	7.502917e-01	2.429637e-02	3.037046e-02	1.590922e-01	8.569471e-02	1.026239e-01	2.333825e-01
27482	2.943932e-01	6.083509e-01	2.365524e-02	2.956906e-02	1.548942e-01	1.080804e-01	8.872656e-01	8.718437e-01
12042	9.925945e-02	5.794854e-01	3.117236e-02	3.896545e-02	2.041161e-01	2.023533e-01	8.854370e-02	6.104587e-01
671	5.734148e-01	1.822688e-01	3.242403e-02	4.053004e-02	2.123121e-01	7.576549e-02	7.129893e-01	6.327398e-01
13538	7.119279e-01	1.520777e-01	2.460587e-02	3.075733e-02	1.611188e-01	1.587354e-01	8.142852e-01	4.986891e-01
28336	4.775004e-01	7.764683e-01	4.646283e-02	5.807853e-02	3.042379e-01	3.037705e-01	9.985135e-01	7.819238e-01
20141	8.348899e-02	1.774046e-01	3.221045e-02	4.026306e-02	2.109135e-01	2.106236e-01	7.329403e-01	5.242370e-02
20339	5.206831e-01	2.358621e-01	3.586311e-02	4.482888e-02	2.348311e-01	1.574995e-01	8.672950e-01	3.398411e-01
18127	5.519639e-01	4.348663e-01	2.491930e-02	3.114912e-02	1.631712e-01	1.138870e-01	9.491117e-01	7.730403e-01
12985	5.821383e-01	3.246124e-01	5.490413e-02	6.863016e-02	3.595114e-01	3.576561e-01	6.854293e-01	2.829398e-01
27658	4.105026e-01	4.402938e-01	2.168959e-02	2.711199e-02	1.420231e-01	1.376503e-01	4.751940e-01	7.905717e-01
9148	9.893060e-02	8.750927e-01	2.862249e-02	3.577812e-02	1.874196e-01	5.690489e-02	1.333404e-01	9.123246e-01
13841	8.465051e-01	3.728921e-02	2.063851e-02	2.579813e-02	1.351406e-01	9.775621e-02	8.578586e-01	2.399531e-01
17311	1.763866e-01	3.758117e-01	5.549988e-02	6.937485e-02	3.634124e-01	1.506512e-01	6.844003e-01	9.184475e-01
4594	8.338691e-01	5.302269e-01	2.591830e-02	3.239787e-02	1.697126e-01	1.065217e-01	4.826441e-01	6.787343e-01
14832	4.118984e-01	7.220090e-01	4.293694e-02	5.367117e-02	2.811504e-01	2.134365e-01	3.654668e-01	3.629045e-01
22380	1.910560e-01	6.100568e-02	3.197129e-02	3.996411e-02	2.093475e-01	2.061536e-01	3.553853e-01	9.336549e-01
19725	9.000996e-01	4.070590e-02	3.537801e-02	4.422251e-02	2.316547e-01	1.893989e-01	5.077627e-01	5.949381e-01
16214	2.840958e-01	9.083471e-01	6.589086e-02	8.236358e-02	4.314523e-01	1.276028e-01	5.876859e-01	9.688632e-01
102	7.119104e-01	3.844443e-01	4.640612e-02	5.800765e-02	3.038665e-01	3.034883e-01	7.481399e-01	9.960039e-01
30738	6.625313e-01	8.931370e-01	2.274959e-02	2.843698e-02	1.489639e-01	1.313321e-01	9.222288e-01	5.910302e-01
21833	8.319001e-01	3.243033e-01	3.568320e-02	4.460400e-02	2.336531e-01	1.928807e-01	6.239349e-01	9.562194e-01
14904	1.378875e-01	4.712340e-01	3.048301e-02	3.810376e-02	1.996023e-01	1.428349e-01	9.949350e-01	5.877366e-01
9064	1.349979e-01	8.397286e-01	4.594803e-02	5.743504e-02	3.008670e-01	1.989329e-01	2.637870e-01	1.718090e-01
15753	4.870064e-02	1.500499e-01	2.892352e-02	3.615440e-02	1.893907e-01	1.369188e-01	4.853364e-01	6.080339e-01
2798	3.441431e-01	8.365992e-01	3.843363e-02	4.804203e-02	2.516628e-01	6.517068e-02	1.838201e-02	3.089183e-01
32279	7.754490e-01	3.879269e-01	3.285884e-02	4.107355e-02	2.151592e-01	1.151955e-01	7.042258e-01	3.404015e-02
