3715	6.721186e-01	1.161670e-01	5.235776e-02	6.544720e-02	3.428378e-01	2.322277e-01	8.344119e-01	8.250667e-02
16773	4.860700e-01	6.729114e-01	4.355112e-02	5.443891e-02	2.851721e-01	9.770709e-02	1.382610e-01	3.943930e-02
21882	2.542624e-01	6.084982e-01	2.759028e-02	3.448785e-02	1.806607e-01	9.475832e-02	5.369579e-01	4.207728e-01
10558	4.138000e-01	4.881676e-01	2.813812e-02	3.517264e-02	1.842479e-01	1.595253e-01	3.242200e-01	7.592165e-01
30501	8.585043e-01	7.158105e-01	2.090906e-02	2.613632e-02	1.369122e-01	7.491557e-02	8.756889e-01	4.305308e-01
2729	5.604486e-01	8.646154e-01	4.261513e-02	5.326891e-02	2.790432e-01	2.595038e-01	6.941178e-01	4.599227e-02
27059	3.726898e-01	3.802227e-01	2.633706e-02	3.292133e-02	1.724547e-01	1.688296e-01	6.506436e-01	1.254346e-01
20346	6.914268e-01	5.013810e-01	3.348933e-02	4.186166e-02	2.192876e-01	1.000529e-01	5.793675e-01	6.010821e-01
19167	5.231615e-01	9.379296e-01	2.498143e-02	3.122678e-02	1.635780e-01	1.300295e-01	9.039186e-01	5.594555e-01
5528	4.992854e-01	5.616791e-02	2.489748e-02	3.112185e-02	1.630283e-01	1.619622e-01	3.021011e-01	2.697829e-01
1883	4.675527e-01	1.825154e-01	2.318464e-02	2.898080e-02	1.518126e-01	1.092155e-01	2.327161e-01	9.569418e-01
16984	7.207874e-01	6.376651e-01	6.435108e-02	8.043886e-02	4.213699e-01	1.458964e-01	3.431940e-01	3.668430e-01
31470	7.738834e-01	1.628933e-01	3.444922e-02	4.306153e-02	2.255730e-01	2.203233e-01	2.922172e-01	3.595081e-01
350	4.580365e-01	9.166847e-02	5.280614e-02	6.600768e-02	3.457738e-01	2.382115e-01	6.484651e-01	2.381970e-01
24271	5.264533e-01	8.077498e-01	2.243043e-02	2.803804e-02	1.468741e-01	1.467560e-01	1.050746e-01	9.009760e-01
16893	9.574153e-01	2.347112e-01	2.082087e-02	2.602609e-02	1.363347e-01	6.282868e-02	2.347923e-01	1.157892e-01
26569	5.891088e-01	5.136695e-01	3.749157e-02	4.686446e-02	2.454942e-01	9.366952e-02	8.089727e-01	7.190598e-01
22267	8.191686e-01	3.699677e-01	2.361652e-02	2.952065e-02	1.546406e-01	1.436200e-01	4.342344e-01	9.210552e-02
24120	5.548293e-01	6.985583e-01	2.118043e-02	2.647553e-02	1.386891e-01	4.199519e-02	3.882229e-01	3.346577e-01
7229	7.952651e-01	8.710621e-01	3.864673e-02	4.830842e-02	2.530582e-01	1.593763e-01	4.343126e-01	1.584669e-01
28921	5.019473e-01	5.274495e-01	6.813100e-02	8.516376e-02	4.461208e-01	4.285928e-01	9.354161e-01	9.292909e-01
19792	4.793816e-01	1.592162e-01	3.202915e-02	4.003644e-02	2.097264e-01	1.622956e-01	2.208814e-01	6.922878e-01
28915	7.146103e-01	5.504711e-01	4.199282e-02	5.249103e-02	2.749683e-01	2.700275e-01	9.744763e-01	2.203164e-02
16101	2.293402e-01	6.425862e-01	3.729793e-02	4.662241e-02	2.442262e-01	2.157162e-01	4.263652e-01	4.965398e-01
10969	3.604113e-01	2.817582e-01	5.348126e-02	6.685158e-02	3.501945e-01	3.500256e-01	3.018580e-01	8.098327e-01
8604	9.092079e-01	3.005348e-01	2.705298e-02	3.381622e-02	1.771425e-01	1.764094e-01	6.280863e-01	9.279210e-01
29051	8.762977e-01	3.642015e-01	4.260634e-02	5.325793e-02	2.789857e-01	2.705009e-01	8.293654e-01	8.627690e-01
30559	1.583827e-01	1.645291e-01	3.085924e-02	3.857406e-02	2.020659e-01	1.605516e-01	1.620380e-01	2.558590e-01
20559	5.677781e-01	6.283026e-01	3.167776e-02	3.959720e-02	2.074255e-01	1.374265e-01	6.567152e-01	2.880042e-01
14876	7.551771e-01	2.098931e-01	2.114835e-02	2.643544e-02	1.384791e-01	1.139255e-01	6.913902e-01	6.740565e-01
15170	7.402118e-01	9.360198e-01	2.916160e-02	3.645200e-02	1.909497e-01	9.091963e-02	6.350125e-01	9.954226e-01
1315	3.054994e-01	1.532796e-01	7.628454e-02	9.535567e-02	4.995100e-01	3.277007e-01	7.761309e-01	8.862105e-02
3707	4.278521e-01	3.811520e-01	2.254199e-02	2.817748e-02	1.476046e-01	9.384375e-02	1.538519e-01	7.960841e-01
25986	7.639671e-01	3.321361e-01	3.591975e-02	4.489969e-02	2.352020e-01	1.980601e-01	1.804853e-01	1.441919e-01
16744	2.845661e-01	4.756903e-01	2.464956e-02	3.081195e-02	1.614049e-01	1.585932e-01	7.427108e-01	8.501596e-01
20790	8.343054e-01	3.114753e-01	2.333954e-02	2.917442e-02	1.528269e-01	1.440958e-01	9.360634e-01	4.308014e-01
1128	5.676290e-01	9.207253e-01	3.754970e-02	4.693712e-02	2.458748e-01	8.949908e-02	6.472685e-01	4.478442e-01
14799	1.982402e-01	3.972464e-01	2.153222e-02	2.691528e-02	1.409927e-01	1.341698e-01	5.975770e-02	7.295399e-01
5224	2.548387e-01	8.903370e-01	2.802216e-02	3.502770e-02	1.834887e-01	1.118313e-01	2.378051e-01	3.440278e-01
5382	9.683942e-01	4.834332e-01	2.701239e-02	3.376549e-02	1.768767e-01	1.648460e-01	4.607128e-01	3.256249e-01
21712	8.610809e-01	6.245588e-01	4.265244e-02	5.331555e-02	2.792875e-01	2.259643e-01	2.848063e-01	8.246136e-01
6851	9.936123e-02	5.848441e-01	2.900670e-02	3.625838e-02	1.899354e-01	1.377969e-01	6.244553e-02	2.685008e-01
17351	3.083802e-01	6.441915e-01	4.022574e-02	5.028217e-02	2.633975e-01	2.103114e-01	6.914546e-02	1.408429e-01
4607	1.017646e-01	1.822560e-01	2.483963e-02	3.104954e-02	1.626495e-01	7.117680e-02	2.568664e-01	7.789142e-01
557	8.180030e-01	6.369955e-01	2.167509e-02	2.709386e-02	1.419282e-01	1.412462e-01	4.859442e-01	7.671600e-01
7872	3.213921e-01	4.322048e-01	3.074280e-02	3.842850e-02	2.013034e-01	8.706815e-02	2.634205e-01	9.621742e-01
28574	7.956480e-01	7.107405e-01	2.973798e-02	3.717247e-02	1.947238e-01	1.659707e-01	8.692234e-01	7.218473e-01
7181	3.730028e-01	7.120578e-01	2.072546e-02	2.590682e-02	1.357100e-01	1.314909e-01	3.974501e-01	9.455365e-01
16034	8.578667e-01	8.011251e-01	2.705842e-02	3.382302e-02	1.771781e-01	9.151511e-02	6.607026e-01	8.042448e-01
7540	6.511247e-02	7.434599e-01	4.468759e-02	5.585948e-02	2.926136e-01	2.827515e-01	8.547566e-01	6.813864e-01
15992	4.035055e-01	3.056457e-01	2.734696e-02	3.418370e-02	1.790675e-01	1.083095e-01	3.165993e-01	1.992263e-01
24572	9.452502e-01	5.200624e-01	4.129973e-02	5.162466e-02	2.704300e-01	1.893405e-01	9.860379e-01	3.912373e-01
7435	4.614828e-02	6.130552e-02	4.336065e-02	5.420082e-02	2.839249e-01	2.595081e-01	1.558805e-01	1.666237e-01
10094	5.204731e-01	8.762358e-02	4.336488e-02	5.420610e-02	2.839526e-01	2.354107e-01	7.389037e-01	8.897587e-02
26695	8.071598e-01	5.664166e-01	2.639990e-02	3.299988e-02	1.728661e-01	1.360517e-01	8.379899e-01	6.309877e-01
24423	8.398949e-01	2.389563e-01	3.826887e-02	4.783609e-02	2.505840e-01	2.012115e-01	1.161431e-01	9.598097e-01
23770	3.850732e-01	3.415986e-01	2.396157e-02	2.995196e-02	1.569000e-01	1.339327e-01	3.240455e-01	7.305317e-01
14273	3.107439e-01	3.042849e-01	2.401725e-02	3.002156e-02	1.572646e-01	1.216432e-01	9.406235e-01	4.585342e-01
21301	6.141096e-01	6.235555e-01	5.140866e-02	6.426083e-02	3.366231e-01	3.307790e-01	3.968850e-01	2.942856e-01
17787	1.705557e-01	6.920663e-02	2.464614e-02	3.080768e-02	1.613826e-01	1.314822e-01	4.597490e-01	9.573592e-01
13799	2.683362e-01	7.730146e-01	6.130736e-02	7.663420e-02	4.014397e-01	3.972716e-01	5.088337e-01	5.991518e-01
7304	5.405274e-01	3.636490e-02	2.854700e-02	3.568375e-02	1.869253e-01	1.587668e-01	3.920000e-01	3.614072e-01
26100	4.279000e-01	7.204195e-01	5.023900e-02	6.279876e-02	3.289642e-01	3.195126e-01	7.114433e-01	3.600269e-01
8899	6.632467e-01	3.980988e-01	7.567986e-02	9.459983e-02	4.955506e-01	3.654911e-01	7.039798e-01	3.403212e-01
20598	1.635375e-01	8.908267e-01	3.018996e-02	3.773745e-02	1.976834e-01	1.800996e-01	7.184611e-01	2.092036e-01
23326	6.093512e-01	8.866174e-01	2.824009e-02	3.530011e-02	1.849156e-01	1.324948e-01	8.182376e-01	6.660742e-01
12855	9.200190e-01	2.727606e-02	2.106229e-02	2.632786e-02	1.379155e-01	6.621211e-02	3.309589e-01	2.679040e-01
14318	5.902755e-01	3.856108e-01	2.081840e-02	2.602300e-02	1.363186e-01	6.035783e-02	1.972990e-01	7.597818e-01
27376	6.861127e-02	5.688144e-01	4.307830e-02	5.384787e-02	2.820760e-01	1.961820e-01	6.479511e-01	1.593422e-02
15046	9.103760e-01	8.704177e-01	3.482260e-02	4.352824e-02	2.280178e-01	2.279279e-01	1.363790e-01	9.827899e-01
4873	4.201593e-01	2.316753e-01	5.288301e-02	6.610376e-02	3.462771e-01	3.460401e-01	4.045449e-02	3.897224e-01
32070	5.379681e-01	1.301904e-01	2.569702e-02	3.212128e-02	1.682637e-01	9.470732e-02	8.606072e-01	7.598976e-01
29059	8.756297e-01	4.193497e-01	3.643627e-02	4.554533e-02	2.385841e-01	1.364821e-01	1.530728e-01	3.924498e-01
8450	5.725184e-01	2.063061e-01	5.509599e-02	6.886999e-02	3.607677e-01	3.407557e-01	6.657249e-01	3.220906e-01
12104	6.605979e-01	8.171552e-01	4.390996e-02	5.488744e-02	2.875217e-01	2.834660e-01	3.941126e-01	4.206144e-01
102	1.888102e-01	5.690918e-01	5.324445e-02	6.655556e-02	3.486438e-01	2.628753e-01	4.582504e-01	6.836138e-01
21561	1.215214e-01	4.242784e-01	3.083464e-02	3.854330e-02	2.019048e-01	1.806384e-01	1.578761e-01	3.080391e-01
15621	4.897225e-02	8.245662e-01	2.814314e-02	3.517893e-02	1.842809e-01	1.389533e-01	9.042104e-01	5.617476e-01
8558	7.937989e-01	5.159405e-01	4.664866e-02	5.831083e-02	3.054547e-01	2.113550e-01	9.910649e-02	6.641279e-01
3139	4.197481e-01	9.607349e-01	2.288510e-02	2.860637e-02	1.498513e-01	1.432128e-01	8.576054e-01	1.140815e-01
26491	1.305262e-01	6.549336e-01	6.128436e-02	7.660545e-02	4.012891e-01	3.978377e-01	6.819481e-01	1.593788e-01
20799	9.162876e-01	6.189629e-01	6.618510e-02	8.273138e-02	4.333790e-01	1.943858e-01	2.443778e-01	2.289319e-01
11326	1.019200e-01	3.689810e-01	3.730370e-02	4.662963e-02	2.442641e-01	2.215929e-01	7.211326e-01	5.749944e-01
12584	9.553471e-01	6.594300e-01	2.075082e-02	2.593852e-02	1.358760e-01	1.151026e-01	1.735408e-01	2.984066e-01
4417	8.748480e-01	1.860589e-01	3.040045e-02	3.800057e-02	1.990617e-01	1.965843e-01	3.623122e-01	4.648404e-01
22607	3.772309e-01	6.155984e-01	3.130063e-02	3.912579e-02	2.049560e-01	1.652830e-01	5.322016e-01	4.028098e-01
25942	4.421881e-01	6.429050e-01	2.691393e-02	3.364241e-02	1.762320e-01	1.654005e-01	2.729707e-01	5.657134e-01
