20434	8.464902e-01	4.879322e-02	3.365963e-02	4.207453e-02	2.204027e-01	2.095509e-01	9.346613e-01	6.493071e-01
6970	1.622869e-01	4.215216e-02	2.517592e-02	3.146990e-02	1.648515e-01	1.557102e-01	2.547273e-01	3.177525e-02
12018	5.756845e-01	9.531234e-01	2.267079e-02	2.833849e-02	1.484480e-01	1.256873e-01	1.708504e-02	1.402865e-01
11528	7.794064e-01	6.575726e-01	2.809506e-02	3.511882e-02	1.839660e-01	6.067515e-02	7.848770e-01	2.032189e-01
24612	5.491060e-01	5.038421e-01	2.796477e-02	3.495596e-02	1.831129e-01	1.505318e-01	7.972059e-02	6.867829e-01
24865	2.185210e-01	9.233910e-01	3.322523e-02	4.153153e-02	2.175583e-01	7.952854e-02	6.574402e-01	2.622239e-01
14551	6.462194e-01	5.887813e-01	3.588881e-02	4.486101e-02	2.349994e-01	2.323644e-01	3.299429e-01	8.045179e-01
24293	2.618771e-01	1.001051e-01	3.479548e-02	4.349435e-02	2.278403e-01	1.632034e-01	9.031193e-01	5.550680e-01
25445	7.866018e-01	5.224407e-01	3.698091e-02	4.622614e-02	2.421504e-01	9.155740e-02	8.017568e-01	5.236185e-02
9608	7.449931e-01	8.107893e-01	6.285985e-02	7.857481e-02	4.116053e-01	4.115930e-01	4.250479e-01	5.496137e-01
9506	8.531859e-01	7.579872e-01	3.259505e-02	4.074381e-02	2.134319e-01	2.121907e-01	6.070387e-01	8.540803e-01
3562	6.931072e-01	4.276933e-01	5.157788e-02	6.447235e-02	3.377312e-01	3.355097e-01	5.798003e-01	4.878832e-01
17700	4.417830e-01	4.024799e-01	3.825761e-02	4.782202e-02	2.505103e-01	1.478234e-01	8.495165e-01	6.276965e-01
28258	4.653005e-01	5.402380e-01	7.270494e-02	9.088118e-02	4.760708e-01	2.820507e-01	3.285625e-02	4.995779e-01
3972	1.191998e-01	5.055230e-01	2.647337e-02	3.309171e-02	1.733472e-01	1.026028e-01	5.536773e-01	2.353842e-01
12411	4.580042e-01	3.669027e-02	2.446072e-02	3.057590e-02	1.601684e-01	7.088315e-02	3.268735e-01	3.617312e-01
16951	3.911022e-01	5.655149e-01	3.557522e-02	4.446902e-02	2.329460e-01	1.494836e-01	8.650802e-01	7.317042e-01
29426	2.630332e-01	7.797596e-01	2.324057e-02	2.905072e-02	1.521789e-01	6.870825e-02	6.229752e-01	5.649909e-01
17646	2.936127e-01	4.685077e-01	2.533767e-02	3.167209e-02	1.659107e-01	6.045220e-02	9.066911e-02	6.193546e-03
31410	4.702682e-01	8.469590e-01	2.348148e-02	2.935184e-02	1.537563e-01	4.665007e-02	1.900187e-01	6.939087e-01
2716	4.715757e-01	7.074840e-01	2.822743e-02	3.528429e-02	1.848328e-01	1.641600e-01	4.653915e-01	8.434047e-01
31938	1.344298e-01	2.278203e-01	2.055377e-02	2.569221e-02	1.345858e-01	9.542490e-02	3.811076e-01	4.890961e-01
26111	7.419495e-02	4.536877e-01	2.712329e-02	3.390411e-02	1.776029e-01	1.673640e-01	9.207214e-01	2.255106e-01
26488	3.166523e-01	4.214733e-01	4.620515e-02	5.775644e-02	3.025506e-01	2.941694e-01	2.503381e-01	8.405615e-01
3521	1.921779e-01	9.506853e-01	3.658857e-02	4.573572e-02	2.395814e-01	7.514799e-02	6.342328e-01	2.518642e-01
25447	5.071594e-01	7.417426e-02	3.278680e-02	4.098351e-02	2.146875e-01	1.943304e-01	9.237659e-01	6.401208e-01
6963	5.144760e-01	7.423548e-01	4.742312e-02	5.927891e-02	3.105259e-01	2.111726e-01	8.896714e-02	8.873696e-02
31587	3.180964e-01	8.369753e-01	6.123890e-02	7.654862e-02	4.009913e-01	3.759964e-01	8.816042e-01	4.403609e-01
16849	4.450068e-01	3.644739e-01	2.303096e-02	2.878869e-02	1.508063e-01	1.255151e-01	1.247671e-01	6.916980e-01
8480	8.317972e-01	4.942961e-01	2.705607e-02	3.382009e-02	1.771627e-01	9.274873e-02	1.634160e-01	7.522064e-01
29563	7.552543e-01	6.355026e-01	2.433359e-02	3.041698e-02	1.593360e-01	5.846327e-02	7.103250e-02	8.512933e-01
3690	7.145455e-02	9.036099e-01	4.425751e-02	5.532188e-02	2.897975e-01	2.030919e-01	4.797361e-01	7.114753e-02
24435	4.604411e-01	2.063742e-01	2.601319e-02	3.251648e-02	1.703339e-01	1.562438e-01	8.426906e-01	3.322704e-01
26186	6.428081e-01	7.487168e-01	2.961472e-02	3.701840e-02	1.939167e-01	1.727608e-01	4.611945e-01	8.476862e-01
30878	7.937319e-01	7.936682e-01	2.250476e-02	2.813096e-02	1.473608e-01	5.109163e-02	8.849633e-01	8.349505e-02
17453	1.640517e-01	8.592841e-01	2.511323e-02	3.139154e-02	1.644410e-01	1.355309e-01	8.845915e-01	1.914987e-01
23514	2.374687e-01	7.425940e-01	2.429525e-02	3.036906e-02	1.590849e-01	4.709114e-02	1.981801e-01	2.629087e-01
7496	9.255549e-01	8.084539e-02	2.406780e-02	3.008476e-02	1.575956e-01	1.320484e-01	3.237156e-01	1.957680e-01
15609	5.471831e-01	3.695875e-01	4.851714e-02	6.064643e-02	3.176895e-01	2.188556e-01	6.267242e-01	6.218141e-01
10668	1.497690e-01	3.074833e-01	2.196100e-02	2.745125e-02	1.438003e-01	1.437820e-01	4.875471e-01	1.389661e-01
30183	3.330178e-01	7.731445e-01	2.157574e-02	2.696968e-02	1.412776e-01	1.305035e-01	4.255574e-01	5.297824e-01
10774	7.922740e-01	3.461313e-01	3.587858e-02	4.484823e-02	2.349324e-01	2.037141e-01	8.990457e-01	6.311572e-01
27677	5.709640e-01	5.707634e-01	7.077342e-02	8.846677e-02	4.634232e-01	4.360768e-01	9.791849e-01	8.572139e-01
19990	9.095621e-01	4.084603e-01	2.841911e-02	3.552388e-02	1.860879e-01	1.849545e-01	8.088523e-01	6.394490e-01
10157	4.224115e-01	5.969603e-01	3.696724e-02	4.620906e-02	2.420609e-01	1.387970e-01	4.997368e-01	1.959439e-01
30369	7.505954e-01	9.020718e-01	3.345166e-02	4.181458e-02	2.190410e-01	8.014036e-02	7.997567e-01	3.043369e-01
21352	4.877838e-01	2.386530e-01	2.061765e-02	2.577206e-02	1.350040e-01	6.076842e-02	3.970195e-01	2.294165e-01
30328	9.255030e-01	5.410074e-01	2.801836e-02	3.502295e-02	1.834638e-01	1.585402e-01	2.935994e-01	6.500656e-01
19671	2.576477e-01	5.033882e-01	2.125129e-02	2.656412e-02	1.391531e-01	1.254134e-01	8.015796e-01	2.845875e-01
29168	7.300108e-01	5.505062e-01	2.452460e-02	3.065575e-02	1.605867e-01	1.472981e-01	4.404384e-01	2.965525e-01
22702	1.627760e-01	3.809753e-01	2.279596e-02	2.849495e-02	1.492676e-01	1.491972e-01	9.258707e-01	7.992708e-01
27388	8.706358e-01	8.019483e-01	3.122388e-02	3.902984e-02	2.044535e-01	1.230003e-01	9.486062e-01	6.736939e-01
15442	8.993981e-01	3.515437e-01	2.871922e-02	3.589903e-02	1.880530e-01	1.449322e-01	6.155733e-01	2.701412e-01
13101	8.125106e-01	1.713809e-01	3.205916e-02	4.007396e-02	2.099229e-01	2.058106e-01	2.968474e-01	1.362521e-01
17921	5.844593e-01	2.510016e-01	2.099921e-02	2.624901e-02	1.375025e-01	7.049225e-02	7.613768e-01	8.500059e-01
7425	3.137720e-01	1.050267e-01	2.922283e-02	3.652854e-02	1.913506e-01	1.367334e-01	4.646236e-01	9.561072e-01
32153	9.304600e-01	3.591353e-01	3.124607e-02	3.905759e-02	2.045988e-01	1.884304e-01	8.359833e-01	6.205695e-01
5267	6.545724e-01	8.362077e-01	2.255583e-02	2.819479e-02	1.476952e-01	5.404753e-02	3.071688e-01	3.536821e-01
28485	3.681138e-01	2.655804e-01	2.281615e-02	2.852018e-02	1.493998e-01	7.901192e-02	2.410678e-02	2.907948e-01
2638	3.735252e-01	8.476540e-01	3.402049e-02	4.252561e-02	2.227656e-01	2.215304e-01	4.058278e-01	5.444704e-01
9594	8.805264e-01	7.669769e-02	2.116350e-02	2.645437e-02	1.385782e-01	5.819806e-02	1.951015e-01	6.370169e-01
21880	9.523984e-01	6.425822e-01	2.929050e-02	3.661312e-02	1.917937e-01	5.705594e-02	4.448721e-01	1.152375e-01
5572	3.160297e-01	3.299687e-01	3.093858e-02	3.867323e-02	2.025854e-01	1.809118e-01	9.628594e-01	3.094069e-02
13379	8.574258e-02	1.858472e-01	5.910116e-02	7.387646e-02	3.869935e-01	2.952982e-01	4.033079e-01	3.043182e-01
15337	2.002058e-01	1.506499e-01	2.868624e-02	3.585780e-02	1.878371e-01	1.584097e-01	8.682998e-01	4.931130e-01
28242	4.898969e-01	1.334514e-01	5.294896e-02	6.618620e-02	3.467090e-01	1.696676e-01	3.206595e-01	1.161194e-01
16790	3.630958e-01	7.457106e-01	2.077293e-02	2.596617e-02	1.360208e-01	8.061971e-02	5.139967e-03	5.619744e-01
5808	3.641887e-01	9.355656e-01	2.281053e-02	2.851316e-02	1.493630e-01	6.344616e-02	3.448791e-01	9.015778e-01
8591	5.843687e-01	2.022625e-01	3.412965e-02	4.266207e-02	2.234804e-01	8.432102e-02	4.901831e-01	6.274698e-01
293	9.364644e-01	5.102898e-01	2.161715e-02	2.702144e-02	1.415488e-01	8.624434e-02	4.164824e-01	6.120827e-01
24274	5.836292e-02	4.374058e-02	4.107075e-02	5.133844e-02	2.689306e-01	1.717461e-01	4.126032e-01	8.005767e-01
1911	5.509556e-01	2.676274e-01	2.879702e-02	3.599627e-02	1.885624e-01	1.859490e-01	1.982045e-01	9.962662e-01
27684	1.716154e-01	6.156039e-01	4.400004e-02	5.500006e-02	2.881116e-01	2.847550e-01	7.177779e-02	4.612980e-01
23375	8.359706e-01	6.330188e-01	5.778740e-02	7.223425e-02	3.783910e-01	1.515709e-01	9.155978e-01	3.862952e-01
20965	5.784053e-01	6.725014e-01	2.390511e-02	2.988139e-02	1.565303e-01	1.560958e-01	8.718706e-02	6.752848e-01
4998	3.991839e-01	7.071622e-01	2.447289e-02	3.059112e-02	1.602481e-01	5.603967e-02	6.142980e-01	5.795502e-02
19727	8.206218e-01	5.858576e-01	4.576561e-02	5.720702e-02	2.996725e-01	1.891029e-01	4.540935e-01	1.136683e-01
