946	3.399852e-01	6.276242e-01	2.227360e-02	2.784200e-02	1.458472e-01	1.232282e-01	9.116953e-01	9.642688e-01
4608	7.920583e-01	6.856845e-01	2.305937e-02	2.882421e-02	1.509924e-01	1.257180e-01	1.132532e-01	4.631665e-01
20925	7.816027e-02	6.131102e-01	4.311620e-02	5.389525e-02	2.823242e-01	1.754842e-01	3.964776e-01	3.324867e-01
25255	7.245893e-01	1.785256e-01	2.157862e-02	2.697327e-02	1.412965e-01	5.770386e-02	7.711023e-01	7.004309e-01
11710	3.540733e-01	3.429465e-01	2.921181e-02	3.651477e-02	1.912785e-01	1.191070e-01	5.718266e-01	8.011683e-01
18532	7.118046e-01	4.907340e-01	3.997201e-02	4.996501e-02	2.617361e-01	2.328856e-01	4.422546e-01	2.449668e-01
19967	4.642076e-01	7.454021e-01	2.610751e-02	3.263439e-02	1.709516e-01	1.696753e-01	2.848269e-01	1.688517e-01
25963	6.741979e-01	5.302701e-01	3.448706e-02	4.310882e-02	2.258207e-01	1.981897e-01	8.652124e-01	2.571152e-01
13617	2.249818e-01	9.525001e-01	3.388926e-02	4.236157e-02	2.219063e-01	6.961703e-02	6.780399e-01	6.642784e-01
3465	1.520045e-01	5.729311e-01	2.723257e-02	3.404071e-02	1.783184e-01	5.203647e-02	8.239422e-02	6.726882e-02
28364	7.046103e-01	2.155513e-01	4.263074e-02	5.328843e-02	2.791455e-01	2.136770e-01	6.814783e-01	8.941568e-01
3218	7.056740e-01	9.454048e-01	2.458776e-02	3.073470e-02	1.610003e-01	1.499164e-01	5.895139e-01	1.374367e-01
17880	6.383353e-01	1.215486e-01	2.587874e-02	3.234842e-02	1.694536e-01	1.188192e-01	1.740681e-01	8.250169e-01
1710	8.176850e-01	5.518776e-01	3.117299e-02	3.896624e-02	2.041203e-01	1.948097e-01	7.125250e-01	6.111993e-01
12262	5.554726e-01	1.156666e-01	7.157632e-02	8.947040e-02	4.686806e-01	3.764083e-01	4.117517e-01	2.537539e-01
373	4.395410e-01	3.957609e-01	5.258626e-02	6.573282e-02	3.443340e-01	3.436840e-01	7.948794e-01	9.886296e-01
28152	2.262071e-01	5.437436e-02	2.638165e-02	3.297706e-02	1.727466e-01	1.163641e-01	8.947882e-01	9.074683e-01
471	5.325941e-01	9.052512e-01	4.656474e-02	5.820593e-02	3.049052e-01	3.024708e-01	7.231996e-01	9.171469e-01
25450	1.497691e-01	4.674016e-01	6.469624e-02	8.087030e-02	4.236300e-01	3.527045e-01	9.711025e-01	1.417718e-01
17652	7.910358e-01	3.114448e-01	3.237232e-02	4.046540e-02	2.119735e-01	2.119308e-01	2.140360e-01	3.327106e-01
30099	3.953690e-01	9.284943e-01	4.675349e-02	5.844186e-02	3.061411e-01	1.467128e-01	1.540969e-01	7.502077e-01
10203	1.183709e-01	3.921951e-01	2.474342e-02	3.092927e-02	1.620195e-01	4.733263e-02	8.507229e-01	8.304153e-02
9343	4.405367e-01	8.256141e-01	5.899172e-02	7.373966e-02	3.862769e-01	3.811337e-01	3.535527e-01	4.916831e-01
5872	1.130864e-01	1.239831e-01	2.287005e-02	2.858756e-02	1.497527e-01	1.241020e-01	9.594390e-01	9.551480e-01
1024	8.551595e-01	7.560900e-01	2.655903e-02	3.319879e-02	1.739081e-01	1.686431e-01	1.798045e-01	4.792846e-01
13276	2.070810e-01	9.363819e-01	3.444588e-02	4.305735e-02	2.255511e-01	1.854815e-01	1.739979e-01	1.824622e-01
2635	3.590492e-01	1.534176e-01	4.339326e-02	5.424158e-02	2.841384e-01	2.819904e-01	2.202715e-01	8.700842e-01
6270	3.586645e-01	8.782454e-02	3.539088e-02	4.423860e-02	2.317389e-01	1.869795e-01	4.985835e-01	3.652586e-01
29096	5.810723e-01	6.075600e-01	5.308019e-02	6.635024e-02	3.475683e-01	2.621244e-01	8.759519e-01	6.401800e-01
2291	2.934147e-01	7.998205e-01	2.273906e-02	2.842382e-02	1.488950e-01	1.473213e-01	2.601785e-01	8.571082e-02
24690	4.197977e-01	5.216499e-01	3.470903e-02	4.338628e-02	2.272742e-01	2.258646e-01	7.961791e-01	8.406377e-01
28328	7.639899e-01	6.306375e-01	2.168085e-02	2.710107e-02	1.419659e-01	1.419575e-01	9.023686e-01	3.112863e-01
20586	8.498376e-01	5.685844e-01	4.099055e-02	5.123819e-02	2.684055e-01	1.571705e-01	5.027310e-01	2.193698e-01
16154	6.681833e-01	3.571993e-02	3.169149e-02	3.961436e-02	2.075154e-01	1.947569e-01	7.255496e-02	9.181850e-01
10609	7.977932e-01	9.227054e-01	4.613529e-02	5.766912e-02	3.020932e-01	2.665996e-01	5.924673e-01	8.111848e-01
4118	3.734195e-01	6.367201e-01	3.096228e-02	3.870285e-02	2.027405e-01	1.785850e-01	5.900636e-01	9.571067e-02
5977	1.484916e-01	7.424385e-02	3.858964e-02	4.823705e-02	2.526843e-01	1.895613e-01	1.001749e-01	4.780223e-01
15952	3.590768e-01	2.785585e-01	4.925238e-02	6.156548e-02	3.225038e-01	3.092717e-01	9.919358e-01	8.188340e-01
873	2.832067e-01	7.614429e-01	2.195596e-02	2.744494e-02	1.437673e-01	1.402362e-01	3.360873e-01	9.281711e-02
25254	6.337167e-01	4.652922e-02	2.771195e-02	3.463993e-02	1.814574e-01	7.134883e-02	6.943828e-01	1.840200e-01
16137	9.222963e-01	8.772993e-01	2.589964e-02	3.237456e-02	1.695905e-01	1.511984e-01	4.075820e-01	2.903426e-01
14108	8.627035e-01	9.219556e-01	2.326332e-02	2.907915e-02	1.523279e-01	9.887625e-02	8.867813e-01	6.501583e-01
22139	9.054643e-01	1.195698e-01	2.108418e-02	2.635522e-02	1.380589e-01	1.061159e-01	6.122465e-01	9.279182e-01
18401	2.784237e-01	5.504312e-01	3.687282e-02	4.609103e-02	2.414427e-01	1.690959e-01	2.831166e-01	1.290221e-01
5023	7.732632e-01	2.455958e-01	3.212894e-02	4.016118e-02	2.103798e-01	1.330608e-01	4.564337e-01	1.499810e-01
19980	3.382816e-01	3.790304e-01	2.512949e-02	3.141187e-02	1.645475e-01	6.272818e-02	5.783530e-01	7.142937e-02
18654	4.447143e-01	3.193326e-01	2.456643e-02	3.070803e-02	1.608606e-01	1.387126e-01	4.895007e-01	4.917403e-01
26563	6.590697e-01	9.021909e-01	2.536529e-02	3.170661e-02	1.660915e-01	1.213448e-01	2.439491e-01	1.527531e-01
8086	6.108333e-01	3.818067e-01	5.328504e-02	6.660630e-02	3.489096e-01	1.215610e-01	7.076448e-01	6.628296e-01
23376	3.347419e-01	2.174609e-01	3.738610e-02	4.673262e-02	2.448036e-01	1.282993e-01	8.063834e-01	5.538997e-01
12298	8.908499e-01	5.797114e-01	2.361968e-02	2.952460e-02	1.546613e-01	9.466842e-02	7.141409e-01	8.672606e-01
1953	9.681726e-01	6.112421e-01	2.755916e-02	3.444895e-02	1.804570e-01	1.553734e-01	5.773717e-01	6.302952e-02
31449	6.505449e-01	5.546476e-01	2.087988e-02	2.609985e-02	1.367211e-01	1.362439e-01	7.972574e-01	9.400363e-01
17428	3.950514e-01	7.780107e-01	3.336520e-02	4.170650e-02	2.184748e-01	1.006198e-01	4.003275e-01	5.986950e-01
11200	3.442983e-02	3.345533e-01	3.081379e-02	3.851724e-02	2.017682e-01	1.173165e-01	1.556027e-01	3.949315e-01
8090	6.901236e-01	3.978430e-01	4.616962e-02	5.771202e-02	3.023179e-01	1.346764e-01	6.757735e-02	2.070068e-01
15790	5.752003e-01	5.063374e-01	2.118642e-02	2.648303e-02	1.387283e-01	5.098721e-02	4.076313e-01	8.776835e-01
32012	3.231144e-01	7.129441e-01	3.527219e-02	4.409023e-02	2.309617e-01	1.571922e-01	9.216810e-01	9.557788e-01
27162	1.321308e-01	2.924470e-01	4.998838e-02	6.248548e-02	3.273232e-01	1.889909e-01	1.415059e-01	2.317624e-01
23571	6.156712e-01	5.553522e-01	2.489481e-02	3.111851e-02	1.630108e-01	1.630096e-01	7.268808e-01	3.038394e-01
20737	6.309443e-01	1.983535e-01	2.053873e-02	2.567341e-02	1.344873e-01	1.208687e-01	1.104205e-01	4.044906e-01
32725	6.648384e-01	8.132404e-01	2.066136e-02	2.582670e-02	1.352903e-01	9.990664e-02	9.732893e-02	1.931650e-01
18240	9.336447e-01	7.605738e-01	3.911124e-02	4.888905e-02	2.560998e-01	1.726935e-01	4.457033e-01	7.441047e-02
23550	8.136087e-01	7.361841e-01	2.061645e-02	2.577057e-02	1.349962e-01	5.046995e-02	5.162411e-01	3.376447e-02
6972	4.890620e-01	3.082903e-01	4.067186e-02	5.083983e-02	2.663187e-01	2.611828e-01	4.222462e-01	2.903797e-01
4646	1.422756e-01	6.636472e-01	2.723898e-02	3.404873e-02	1.783604e-01	1.468665e-01	1.699560e-01	3.578507e-01
30230	3.842606e-01	4.369087e-02	3.368715e-02	4.210893e-02	2.205829e-01	2.022854e-01	7.303611e-01	8.265603e-01
15067	5.257753e-01	6.786161e-01	3.100095e-02	3.875119e-02	2.029937e-01	1.534745e-01	5.851059e-02	8.200492e-01
15762	3.851205e-01	8.218566e-01	2.388418e-02	2.985522e-02	1.563932e-01	1.292160e-01	6.989639e-01	7.633668e-01
9152	4.781379e-01	9.624460e-01	2.518269e-02	3.147836e-02	1.648959e-01	1.584944e-01	4.079011e-01	8.933880e-01
9729	3.058271e-01	2.992474e-01	4.009514e-02	5.011892e-02	2.625423e-01	9.259555e-02	4.691038e-01	3.265387e-01
14681	8.024492e-02	1.518554e-01	3.382384e-02	4.227980e-02	2.214780e-01	1.421609e-01	6.103095e-01	5.162917e-01
2382	1.967247e-01	1.661020e-01	2.489973e-02	3.112467e-02	1.630431e-01	6.778583e-02	4.494719e-01	6.905748e-01
135	5.876035e-01	2.372822e-01	4.703578e-02	5.879472e-02	3.079895e-01	3.053659e-01	6.291613e-01	1.375712e-01
32558	4.129635e-02	1.954474e-01	4.147284e-02	5.184105e-02	2.715635e-01	2.391480e-01	4.245275e-01	3.764986e-01
30050	8.636018e-01	1.763718e-01	2.570779e-02	3.213473e-02	1.683342e-01	8.506163e-02	1.897128e-01	3.648859e-01
30188	9.384607e-01	4.305635e-01	3.455201e-02	4.319001e-02	2.262460e-01	1.292780e-01	4.859629e-01	1.704900e-01
