32625	4.884866e-01	3.780183e-01	7.600581e-02	9.500726e-02	4.976849e-01	2.206932e-01	2.957254e-01	5.122216e-01
21147	3.826959e-01	6.071077e-01	5.164963e-02	6.456204e-02	3.382010e-01	3.381989e-01	6.291362e-01	2.484840e-01
2008	5.187821e-02	2.476837e-01	2.420666e-02	3.025832e-02	1.585048e-01	1.041305e-01	6.221679e-01	3.673563e-04
23627	7.812919e-02	8.573049e-02	5.067802e-02	6.334753e-02	3.318389e-01	2.329304e-01	4.586736e-01	6.116446e-01
32031	4.364795e-01	8.002147e-01	4.006312e-02	5.007890e-02	2.623327e-01	2.489778e-01	7.468069e-01	4.064209e-01
1827	8.186859e-01	9.000159e-01	2.249675e-02	2.812094e-02	1.473084e-01	8.596154e-02	9.836898e-01	5.029633e-01
22482	7.608226e-01	5.854376e-01	2.116617e-02	2.645772e-02	1.385958e-01	7.911305e-02	1.144802e-01	2.335963e-01
296	8.143736e-01	3.824051e-01	2.522064e-02	3.152580e-02	1.651443e-01	1.637581e-01	3.138924e-01	7.699394e-01
1367	3.517318e-01	5.009441e-01	2.137662e-02	2.672078e-02	1.399738e-01	6.605624e-02	2.576246e-02	8.398637e-01
29395	9.079560e-01	3.452428e-01	2.554064e-02	3.192580e-02	1.672397e-01	7.783709e-02	8.102824e-01	4.206966e-01
21110	7.229771e-01	1.220042e-01	2.843313e-02	3.554141e-02	1.861797e-01	1.746718e-01	5.627283e-01	9.352594e-01
28257	7.200678e-01	5.609573e-01	2.237796e-02	2.797245e-02	1.465305e-01	4.634482e-02	7.066887e-01	3.369992e-01
828	8.003432e-01	9.315763e-01	3.347709e-02	4.184637e-02	2.192075e-01	1.936392e-01	1.637001e-01	8.544044e-01
19981	3.017837e-01	7.983690e-02	3.867795e-02	4.834744e-02	2.532626e-01	2.162401e-01	6.345539e-01	3.249088e-01
6155	7.530209e-01	1.878880e-01	6.822419e-02	8.528023e-02	4.467309e-01	1.575931e-01	2.427793e-01	4.236039e-01
11642	3.219594e-01	3.269210e-01	4.671357e-02	5.839196e-02	3.058797e-01	3.034205e-01	5.785428e-01	8.823999e-01
23586	5.014399e-01	8.300019e-01	2.743238e-02	3.429048e-02	1.796268e-01	4.723667e-02	2.305435e-01	1.896486e-01
19676	5.717821e-01	3.049294e-01	6.482769e-02	8.103461e-02	4.244907e-01	4.032054e-01	5.790415e-01	4.570420e-01
4257	3.997214e-01	6.804874e-01	2.223693e-02	2.779617e-02	1.456071e-01	1.381597e-01	3.434696e-01	5.772329e-01
6204	2.355814e-01	1.844128e-01	4.806415e-02	6.008018e-02	3.147233e-01	1.788933e-01	6.821948e-01	6.056114e-01
4367	2.374932e-01	7.629617e-01	2.285088e-02	2.856359e-02	1.496272e-01	1.485048e-01	6.668248e-01	8.857681e-01
11560	7.657051e-01	9.074261e-01	4.069512e-02	5.086890e-02	2.664710e-01	1.777800e-01	4.801390e-01	8.972441e-01
28925	5.292563e-02	5.374563e-01	3.007438e-02	3.759297e-02	1.969265e-01	1.956572e-01	3.221412e-01	4.444105e-01
30651	2.007453e-01	8.656922e-01	2.316880e-02	2.896100e-02	1.517090e-01	1.347992e-01	6.768990e-01	2.610151e-01
26121	7.982062e-01	2.554134e-01	5.545230e-02	6.931538e-02	3.631008e-01	2.619728e-01	8.613138e-01	9.751150e-01
16811	1.450381e-01	7.544558e-01	6.514444e-02	8.143055e-02	4.265648e-01	4.003254e-01	3.857290e-01	9.828587e-02
16622	1.754370e-01	3.972965e-01	4.106296e-02	5.132870e-02	2.688796e-01	2.117351e-01	3.613611e-01	3.829889e-01
31006	8.064321e-01	4.393049e-02	2.319394e-02	2.899242e-02	1.518736e-01	1.473561e-01	9.507509e-02	1.797139e-01
1581	1.390106e-01	5.089117e-02	3.384899e-02	4.231124e-02	2.216427e-01	2.183795e-01	5.116741e-01	2.619130e-01
18025	7.129131e-01	9.405119e-01	2.270044e-02	2.837555e-02	1.486421e-01	1.403300e-01	1.247430e-01	4.345925e-01
27093	1.523596e-01	3.154049e-01	2.326833e-02	2.908541e-02	1.523607e-01	9.148795e-02	4.943538e-01	9.278187e-01
4447	2.390179e-01	5.753502e-01	3.948201e-02	4.935251e-02	2.585276e-01	2.173970e-01	3.416111e-01	8.096080e-03
15290	7.025252e-01	5.626268e-02	3.688074e-02	4.610093e-02	2.414945e-01	2.127061e-01	9.034395e-01	6.607862e-01
11423	3.852762e-01	7.929150e-01	4.326311e-02	5.407889e-02	2.832862e-01	1.397509e-01	6.231980e-01	4.894405e-01
941	4.656923e-01	8.763365e-01	2.815917e-02	3.519896e-02	1.843858e-01	1.132539e-01	7.672883e-01	9.927258e-01
4021	2.592487e-01	5.969981e-02	4.687001e-02	5.858752e-02	3.069041e-01	2.461605e-01	1.827553e-01	1.691362e-01
2865	8.972000e-01	3.105097e-01	3.058604e-02	3.823255e-02	2.002769e-01	1.042795e-01	3.233370e-01	5.396821e-01
23895	5.161764e-01	2.361173e-01	6.836859e-02	8.546073e-02	4.476764e-01	4.471965e-01	2.538300e-01	7.936076e-01
10124	7.312095e-01	2.934478e-01	2.375403e-02	2.969253e-02	1.555410e-01	1.536106e-01	7.079816e-01	5.205543e-01
32716	1.647513e-01	9.447065e-02	2.540152e-02	3.175190e-02	1.663288e-01	1.546034e-01	6.775592e-01	6.265253e-01
15123	4.074515e-01	9.642455e-02	2.796919e-02	3.496148e-02	1.831418e-01	1.730372e-01	8.042206e-01	2.537578e-01
5395	1.071382e-01	5.046151e-01	6.457040e-02	8.071300e-02	4.228060e-01	4.035892e-01	2.824956e-01	3.359234e-01
4703	1.627895e-01	1.770874e-01	2.103058e-02	2.628822e-02	1.377079e-01	1.166571e-01	6.188176e-02	8.925039e-01
647	4.416744e-01	6.132745e-01	3.527043e-02	4.408804e-02	2.309502e-01	2.170441e-01	9.161837e-01	6.295349e-01
11769	2.735749e-01	4.912181e-01	4.253279e-02	5.316599e-02	2.785041e-01	2.706145e-01	4.651037e-02	8.432755e-01
10539	6.808666e-01	9.259574e-01	3.176946e-02	3.971183e-02	2.080260e-01	2.045678e-01	3.596435e-01	1.372666e-01
13040	5.830029e-01	6.064218e-01	5.604034e-02	7.005042e-02	3.669513e-01	3.484346e-01	1.992956e-01	6.024362e-01
12606	2.251648e-01	8.278681e-01	2.626451e-02	3.283064e-02	1.719796e-01	1.305503e-01	2.848972e-01	4.367400e-01
21742	6.604077e-01	1.481687e-01	2.143089e-02	2.678861e-02	1.403291e-01	5.735972e-02	1.086341e-01	4.062594e-01
6141	1.522083e-01	9.390021e-01	5.334634e-02	6.668292e-02	3.493110e-01	1.573775e-01	9.951556e-01	8.180677e-01
17611	2.832482e-01	3.083683e-01	2.735407e-02	3.419258e-02	1.791140e-01	1.681320e-01	5.751019e-01	4.966665e-01
32108	1.924080e-01	4.747174e-01	3.518223e-02	4.397779e-02	2.303727e-01	1.800393e-01	3.714248e-01	6.753851e-02
5955	5.029346e-01	6.832772e-01	4.355337e-02	5.444171e-02	2.851868e-01	2.361240e-01	9.544441e-01	4.992229e-01
777	8.355877e-01	7.462770e-01	2.959601e-02	3.699501e-02	1.937942e-01	8.649061e-02	4.965590e-01	6.167072e-01
11738	3.260646e-01	2.515902e-01	2.061582e-02	2.576978e-02	1.349921e-01	5.913054e-02	7.608468e-01	2.366830e-01
7831	2.841632e-01	1.483627e-01	4.150104e-02	5.187630e-02	2.717482e-01	2.715079e-01	4.225338e-01	3.556202e-01
7676	7.544557e-01	7.426113e-01	6.833250e-02	8.541563e-02	4.474402e-01	3.933494e-01	4.239421e-01	1.875582e-01
22726	8.855140e-02	1.393371e-01	3.174328e-02	3.967910e-02	2.078545e-01	9.813325e-02	4.307154e-01	6.623815e-01
23651	9.324786e-01	4.224080e-01	2.281810e-02	2.852262e-02	1.494125e-01	1.478388e-01	6.681013e-02	2.281655e-01
28710	8.814550e-01	6.154620e-01	4.671782e-02	5.839727e-02	3.059075e-01	1.953039e-01	4.639430e-02	4.527775e-01
19555	5.442297e-01	1.528441e-01	3.548591e-02	4.435739e-02	2.323612e-01	1.076796e-01	5.001748e-01	9.683478e-01
6880	8.766866e-01	2.593602e-01	4.837467e-02	6.046833e-02	3.167566e-01	3.084571e-01	8.648029e-01	9.592776e-01
14408	4.844806e-01	4.731736e-01	3.185973e-02	3.982466e-02	2.086170e-01	1.258326e-01	6.143149e-01	6.077163e-01
5618	2.070062e-01	7.119736e-01	2.828989e-02	3.536237e-02	1.852418e-01	1.579857e-01	8.249841e-01	9.599130e-01
4149	8.311602e-01	7.018366e-01	2.379784e-02	2.974730e-02	1.558279e-01	9.562215e-02	9.328739e-01	3.234813e-01
3303	5.895710e-01	9.375370e-01	2.505918e-02	3.132398e-02	1.640871e-01	1.172986e-01	4.007220e-01	7.294569e-01
7374	4.456836e-01	1.524237e-01	2.179773e-02	2.724716e-02	1.427312e-01	1.121714e-01	9.649144e-01	1.632922e-01
17728	7.889147e-02	8.481775e-01	3.499539e-02	4.374424e-02	2.291493e-01	2.174331e-01	3.965910e-01	2.718274e-01
10825	8.545509e-02	3.189541e-01	3.005968e-02	3.757460e-02	1.968303e-01	1.935010e-01	1.289789e-01	5.336236e-01
25037	9.428677e-01	6.460470e-01	2.674994e-02	3.343742e-02	1.751582e-01	1.517401e-01	3.409991e-01	9.864580e-01
24409	9.273546e-01	4.788002e-01	3.786137e-02	4.732671e-02	2.479156e-01	2.469083e-01	5.563790e-01	7.505914e-01
6421	7.325225e-02	6.366278e-01	2.376755e-02	2.970943e-02	1.556295e-01	5.964191e-02	5.358509e-01	3.412921e-01
24877	7.117032e-01	8.269891e-01	6.859639e-02	8.574548e-02	4.491681e-01	4.434563e-01	7.478753e-01	8.697925e-02
11484	8.331380e-01	2.088577e-01	3.096022e-02	3.870028e-02	2.027270e-01	1.397698e-01	6.264418e-01	6.812055e-01
31929	9.242245e-01	5.515068e-01	2.644478e-02	3.305597e-02	1.731600e-01	1.731268e-01	3.638044e-01	3.037664e-02
