27700	5.382827e-01	5.852696e-01	3.506326e-02	4.382907e-02	2.295937e-01	2.236866e-01	1.159906e-04	4.753755e-01
12278	9.717721e-01	9.262145e-01	2.790282e-02	3.487852e-02	1.827072e-01	4.852446e-02	4.100295e-01	7.692235e-01
20749	6.240314e-01	9.622611e-02	3.421620e-02	4.277025e-02	2.240471e-01	1.832476e-01	2.959125e-01	8.473311e-01
16677	5.843325e-01	6.388305e-02	2.912117e-02	3.640146e-02	1.906849e-01	1.403505e-01	3.356541e-01	4.214618e-02
1863	8.387795e-01	3.433843e-01	2.272730e-02	2.840912e-02	1.488180e-01	1.321314e-01	2.682615e-02	2.865498e-01
3238	7.268694e-01	8.944442e-01	3.910490e-02	4.888113e-02	2.560583e-01	2.454133e-01	7.194573e-01	8.925042e-01
17074	3.074551e-01	1.909870e-01	4.889623e-02	6.112029e-02	3.201718e-01	9.889117e-02	3.793496e-01	5.381806e-01
22579	1.796747e-01	7.644430e-01	7.212432e-02	9.015540e-02	4.722689e-01	3.115242e-01	7.513663e-01	7.332007e-01
13299	6.545460e-01	7.086470e-01	2.940756e-02	3.675945e-02	1.925602e-01	1.583578e-01	7.289436e-01	1.687172e-02
14132	8.256537e-01	6.657504e-01	7.766929e-02	9.708662e-02	5.085773e-01	4.552401e-01	8.392569e-01	6.208298e-01
26183	1.959514e-01	2.909700e-01	7.412750e-02	9.265937e-02	4.853857e-01	2.489594e-01	3.856113e-02	6.821566e-01
16352	5.608499e-01	2.995581e-01	2.253848e-02	2.817310e-02	1.475816e-01	9.793236e-02	7.916152e-01	4.492887e-01
5274	5.542988e-01	7.899750e-01	4.178358e-02	5.222948e-02	2.735983e-01	7.160558e-02	2.094701e-01	4.481906e-01
28052	8.867192e-01	2.322711e-01	3.797923e-02	4.747403e-02	2.486874e-01	2.217154e-01	7.328935e-01	8.901970e-01
262	4.604460e-02	9.282294e-01	3.400617e-02	4.250771e-02	2.226719e-01	1.865253e-01	1.109663e-02	5.694315e-01
23884	8.655828e-01	5.648031e-01	3.480978e-02	4.351222e-02	2.279339e-01	1.676789e-01	2.542541e-01	6.787482e-01
14300	6.855107e-01	1.727964e-01	5.177805e-02	6.472257e-02	3.390419e-01	1.032548e-01	5.905469e-02	4.186493e-02
1445	8.836209e-01	1.330968e-01	4.278789e-02	5.348486e-02	2.801744e-01	9.116198e-02	6.329604e-01	2.673287e-01
32721	1.039874e-01	2.736503e-01	3.458358e-02	4.322948e-02	2.264528e-01	2.099087e-01	1.874356e-01	5.653539e-01
6203	4.616776e-01	3.249124e-01	5.816140e-02	7.270175e-02	3.808399e-01	2.125126e-01	1.318978e-01	7.446486e-02
10353	6.269945e-01	3.152312e-01	2.294250e-02	2.867812e-02	1.502271e-01	1.390507e-01	7.134911e-01	6.469425e-01
30362	7.092772e-01	5.483248e-01	6.973491e-02	8.716864e-02	4.566231e-01	4.559802e-01	8.641993e-01	7.187261e-01
11300	3.233852e-01	4.806018e-01	2.582807e-02	3.228508e-02	1.691218e-01	6.267208e-02	4.824095e-01	8.463945e-01
26846	5.341354e-02	3.533613e-02	2.401523e-02	3.001904e-02	1.572514e-01	1.480260e-01	1.880784e-01	8.746774e-02
18710	8.415516e-01	1.390415e-01	2.263975e-02	2.829969e-02	1.482448e-01	4.580915e-02	9.383842e-01	4.503600e-01
28039	9.324413e-01	2.943092e-01	6.389562e-02	7.986953e-02	4.183875e-01	1.663960e-01	1.830432e-01	8.139696e-01
23557	6.310299e-01	2.166092e-01	3.406574e-02	4.258217e-02	2.230619e-01	1.041165e-01	9.674114e-01	8.450114e-01
24702	3.710780e-01	8.838777e-01	5.652667e-02	7.065833e-02	3.701357e-01	3.539743e-01	8.166364e-01	6.094094e-01
11521	6.735747e-01	6.235551e-01	4.033518e-02	5.041897e-02	2.641141e-01	2.379121e-01	6.208962e-01	6.710255e-01
25289	4.965742e-02	2.596029e-01	2.950897e-02	3.688621e-02	1.932243e-01	1.389849e-01	1.214776e-01	1.668413e-01
23931	2.025851e-01	5.914320e-01	3.922527e-02	4.903159e-02	2.568465e-01	1.354113e-01	2.827485e-01	6.968837e-01
14831	3.317829e-01	9.513610e-01	4.334058e-02	5.417573e-02	2.837934e-01	1.973757e-01	5.360628e-01	8.685502e-01
6074	4.039643e-01	4.696140e-02	2.117331e-02	2.646664e-02	1.386425e-01	8.326221e-02	4.513797e-02	8.191552e-01
8788	8.734901e-01	4.384536e-01	2.165678e-02	2.707098e-02	1.418083e-01	1.130206e-01	3.880227e-01	9.511335e-01
1714	1.183304e-01	3.386505e-01	2.241878e-02	2.802348e-02	1.467978e-01	1.292935e-01	5.155488e-01	4.545843e-01
18651	1.854936e-01	4.593415e-01	4.841615e-02	6.052018e-02	3.170282e-01	3.068612e-01	3.767789e-01	6.594146e-02
29728	5.340023e-01	8.301170e-01	2.600738e-02	3.250922e-02	1.702959e-01	1.692332e-01	4.921420e-01	3.609204e-02
16069	3.748494e-01	4.565460e-01	2.164616e-02	2.705770e-02	1.417387e-01	1.236519e-01	5.438597e-01	6.798633e-01
19205	9.443213e-01	5.323851e-01	4.290725e-02	5.363406e-02	2.809560e-01	2.306974e-01	4.454805e-02	6.396027e-01
4946	6.089340e-01	7.191933e-01	4.080629e-02	5.100787e-02	2.671990e-01	2.372194e-01	7.540757e-01	3.152936e-02
13261	1.092258e-01	5.298597e-01	4.985581e-02	6.231976e-02	3.264551e-01	3.236660e-01	5.808500e-01	7.003484e-01
17538	5.465360e-01	7.406986e-01	2.212590e-02	2.765738e-02	1.448801e-01	1.332723e-01	8.072288e-01	9.046963e-01
6490	1.107652e-01	8.247133e-01	3.916019e-02	4.895024e-02	2.564203e-01	1.519101e-01	3.954878e-01	3.019047e-01
2996	1.547218e-01	1.201972e-01	2.384889e-02	2.981112e-02	1.561622e-01	1.377699e-01	6.231298e-01	4.802075e-01
26444	6.714171e-01	9.558225e-01	2.803334e-02	3.504167e-02	1.835618e-01	8.929160e-02	5.506962e-01	1.809399e-01
16615	2.988762e-01	5.230369e-01	2.087714e-02	2.609642e-02	1.367032e-01	5.587991e-02	3.953403e-01	8.067261e-01
12548	1.099035e-01	4.706422e-01	2.623763e-02	3.279704e-02	1.718036e-01	1.660007e-01	8.312613e-01	7.336869e-01
29042	7.286054e-01	6.999441e-01	2.578657e-02	3.223322e-02	1.688501e-01	1.311777e-01	8.708794e-01	7.113013e-02
12282	9.548672e-01	8.558587e-01	4.760534e-02	5.950667e-02	3.117190e-01	2.488701e-01	6.864831e-02	9.675196e-01
29543	9.896038e-02	1.861298e-01	3.157858e-02	3.947322e-02	2.067760e-01	1.907105e-01	3.919134e-01	8.723163e-01
26771	4.999682e-01	8.478531e-01	2.767430e-02	3.459287e-02	1.812109e-01	1.372815e-01	9.998120e-01	2.526977e-01
27709	3.852923e-01	5.900748e-01	4.048199e-02	5.060249e-02	2.650755e-01	2.377110e-01	6.125583e-01	3.616170e-01
4130	3.729052e-01	1.801285e-01	4.096986e-02	5.121232e-02	2.682700e-01	2.478434e-01	9.556385e-01	5.306774e-01
29938	4.666790e-01	2.376425e-01	2.450996e-02	3.063746e-02	1.604909e-01	7.040941e-02	3.281855e-01	5.931795e-01
29787	6.077601e-01	3.556742e-01	3.932881e-02	4.916102e-02	2.575245e-01	2.090453e-01	6.460365e-01	2.320044e-01
32434	6.702312e-01	3.310547e-01	2.793197e-02	3.491496e-02	1.828981e-01	5.417061e-02	3.738569e-01	1.745975e-01
26384	5.716347e-01	6.242930e-01	4.011514e-02	5.014393e-02	2.626733e-01	2.066231e-01	6.985732e-01	9.379018e-01
30587	3.234656e-01	8.121969e-01	5.513749e-02	6.892186e-02	3.610394e-01	1.535858e-01	7.673439e-01	6.142362e-01
21956	4.728712e-01	6.529449e-01	6.482423e-02	8.103029e-02	4.244681e-01	2.664626e-01	2.086226e-01	1.326565e-01
29433	2.778607e-01	8.671318e-01	2.318794e-02	2.898492e-02	1.518342e-01	1.405167e-01	3.090750e-02	3.609934e-01
3106	9.532407e-02	6.793785e-02	4.298678e-02	5.373347e-02	2.814768e-01	2.623844e-01	4.877732e-03	1.855343e-01
11414	5.722080e-01	1.632481e-01	5.436641e-02	6.795801e-02	3.559904e-01	3.088469e-01	9.278744e-03	9.251473e-01
8765	2.703003e-01	2.590081e-01	2.639253e-02	3.299066e-02	1.728179e-01	8.562195e-02	7.896997e-01	3.825761e-01
26086	4.641883e-01	5.570982e-01	4.105186e-02	5.131482e-02	2.688069e-01	1.049631e-01	1.828608e-01	3.491114e-01
23633	4.471683e-01	4.849193e-01	3.013355e-02	3.766693e-02	1.973140e-01	6.209369e-02	2.154314e-01	2.875801e-01
8904	3.508199e-01	3.961843e-01	2.130844e-02	2.663555e-02	1.395274e-01	9.891466e-02	7.538568e-01	6.751048e-02
10855	4.471602e-01	8.148910e-01	2.367563e-02	2.959454e-02	1.550277e-01	1.459975e-01	5.460697e-01	7.237945e-01
8585	9.473166e-01	3.941707e-01	3.473591e-02	4.341989e-02	2.274502e-01	1.961779e-01	9.688426e-01	9.212957e-01
1130	8.105963e-01	1.555710e-01	3.188157e-02	3.985196e-02	2.087600e-01	2.020148e-01	5.982105e-02	9.249153e-02
24864	8.657995e-01	7.452580e-01	5.646455e-02	7.058069e-02	3.697290e-01	3.450518e-01	6.660406e-01	1.160972e-01
29623	4.379267e-01	6.881729e-01	2.674561e-02	3.343201e-02	1.751298e-01	1.674949e-01	7.302209e-02	7.492585e-01
17621	8.325700e-01	1.127743e-01	3.385798e-02	4.232247e-02	2.217015e-01	7.866934e-02	5.303519e-01	5.509194e-01
7786	6.816220e-01	3.077801e-01	2.630154e-02	3.287693e-02	1.722221e-01	9.941369e-02	1.576353e-01	5.315229e-01
19563	3.939998e-01	2.542354e-01	3.830225e-02	4.787782e-02	2.508026e-01	1.534658e-01	6.343758e-02	2.013372e-01
14245	2.374214e-01	7.809213e-01	3.475596e-02	4.344495e-02	2.275815e-01	1.412612e-01	4.198113e-01	4.843799e-01
4308	8.988277e-01	6.642852e-01	2.937477e-02	3.671846e-02	1.923455e-01	1.559886e-01	1.220740e-02	9.474020e-01
1942	7.078121e-01	4.671174e-01	2.863119e-02	3.578899e-02	1.874766e-01	1.828012e-01	5.468903e-01	2.668251e-01
