6339	3.035244e-01	7.066980e-01	5.227131e-02	6.533914e-02	3.422717e-01	2.943623e-01	7.756840e-01	1.676478e-01
1955	8.309339e-02	1.256927e-01	3.326020e-02	4.157525e-02	2.177872e-01	1.780310e-01	4.583861e-02	7.058721e-01
30929	5.117634e-01	3.532134e-01	2.064384e-02	2.580480e-02	1.351756e-01	8.483780e-02	2.931056e-01	3.005014e-01
22638	8.267659e-02	5.008544e-01	6.606961e-02	8.258701e-02	4.326228e-01	4.159249e-01	5.930964e-01	3.703039e-01
28529	6.468966e-01	9.353709e-01	3.443154e-02	4.303942e-02	2.254572e-01	2.216956e-01	6.830247e-01	1.471736e-01
30099	1.143907e-01	6.873184e-01	2.229538e-02	2.786923e-02	1.459898e-01	1.284368e-01	9.153015e-01	3.016530e-02
20224	7.460934e-01	1.897190e-01	2.213831e-02	2.767289e-02	1.449613e-01	7.521847e-02	4.563207e-01	9.287313e-01
30376	7.498026e-02	8.534499e-01	2.995903e-02	3.744879e-02	1.961713e-01	1.867847e-01	5.910584e-01	5.979160e-01
19344	8.149984e-01	7.217043e-02	4.732220e-02	5.915275e-02	3.098650e-01	2.973420e-01	1.834071e-01	2.065032e-01
8701	7.973211e-01	4.703338e-01	6.730821e-02	8.413526e-02	4.407331e-01	4.338583e-01	4.786796e-01	9.050489e-01
13105	8.466188e-01	2.170000e-01	2.282914e-02	2.853642e-02	1.494848e-01	1.215409e-01	7.628424e-02	2.024169e-01
5806	6.182224e-01	3.778082e-01	5.129095e-02	6.411369e-02	3.358524e-01	3.283500e-01	2.444203e-01	6.411699e-01
6744	2.890917e-01	3.854173e-01	4.565430e-02	5.706788e-02	2.989437e-01	2.976183e-01	1.506610e-01	6.237918e-01
2430	8.388990e-01	6.181724e-01	2.330354e-02	2.912943e-02	1.525912e-01	9.076764e-02	5.400096e-01	9.106450e-01
25420	1.227268e-01	3.062933e-01	2.367502e-02	2.959377e-02	1.550236e-01	5.314687e-02	2.095794e-01	2.888109e-01
18651	5.478189e-01	3.523085e-01	3.228091e-02	4.035114e-02	2.113749e-01	8.020190e-02	2.766802e-01	2.503425e-01
4943	4.455570e-01	4.134888e-01	3.439054e-02	4.298817e-02	2.251887e-01	1.839867e-01	6.248722e-02	5.068913e-01
13458	4.719245e-01	6.010441e-01	3.027390e-02	3.784238e-02	1.982330e-01	1.822295e-01	7.078975e-01	2.535074e-01
5958	7.015525e-01	4.842011e-01	7.696576e-02	9.620720e-02	5.039706e-01	3.845635e-01	6.822852e-01	8.651652e-01
12789	7.372421e-01	6.688112e-01	6.809881e-02	8.512351e-02	4.459099e-01	4.441986e-01	1.293907e-01	9.649558e-01
13706	3.376148e-01	7.329833e-01	2.952845e-02	3.691056e-02	1.933518e-01	9.908263e-02	9.274396e-01	4.877976e-02
29224	1.551971e-01	3.298591e-01	4.458313e-02	5.572891e-02	2.919296e-01	1.868614e-01	7.018621e-01	6.970007e-01
13699	8.870283e-01	6.345736e-01	2.544030e-02	3.180037e-02	1.665827e-01	1.196215e-01	1.621688e-01	8.947133e-01
27122	3.350646e-01	8.210685e-01	3.925634e-02	4.907042e-02	2.570499e-01	2.141716e-01	2.373730e-01	4.607526e-02
7814	2.391882e-01	3.827765e-01	2.962091e-02	3.702614e-02	1.939573e-01	1.342325e-01	6.467792e-02	8.965791e-01
1256	2.277765e-01	5.464912e-01	7.460323e-02	9.325404e-02	4.885008e-01	2.281269e-01	3.528167e-01	4.210098e-02
30404	8.209207e-01	7.172777e-01	2.663480e-02	3.329350e-02	1.744043e-01	1.715649e-01	3.791148e-01	8.013298e-01
11936	6.604846e-01	1.795033e-01	6.735976e-02	8.419970e-02	4.410707e-01	1.725917e-01	4.325763e-01	1.457411e-01
14800	5.067826e-01	3.890503e-01	3.131394e-02	3.914243e-02	2.050432e-01	1.378484e-01	4.084885e-01	1.003597e-01
16197	9.468783e-01	6.471261e-01	2.550393e-02	3.187991e-02	1.669993e-01	1.276256e-01	4.628943e-01	6.199773e-01
18910	6.128393e-01	1.675042e-01	2.608802e-02	3.261002e-02	1.708239e-01	7.908685e-02	4.156039e-01	5.921945e-01
28743	6.452114e-01	8.392783e-01	2.804243e-02	3.505304e-02	1.836214e-01	5.243527e-02	5.251162e-02	1.912220e-01
27519	2.963749e-01	5.693434e-01	2.069235e-02	2.586543e-02	1.354932e-01	1.131382e-01	8.818400e-01	1.084104e-01
15194	4.144687e-01	4.081281e-01	2.884199e-02	3.605248e-02	1.888569e-01	8.026507e-02	8.470974e-01	9.371278e-01
16411	5.030699e-01	6.829288e-01	3.830464e-02	4.788080e-02	2.508182e-01	2.503216e-01	4.518113e-01	9.173679e-01
22346	8.014036e-01	2.892993e-01	3.655865e-02	4.569831e-02	2.393855e-01	6.614702e-02	7.808097e-01	1.016763e-02
20218	3.084864e-01	1.047645e-01	2.139611e-02	2.674513e-02	1.401014e-01	3.947072e-02	1.278406e-01	9.333251e-01
7293	5.180947e-02	2.786019e-01	2.427297e-02	3.034121e-02	1.589390e-01	1.529554e-01	8.132496e-01	9.741871e-01
28841	3.990171e-01	7.085263e-01	2.395957e-02	2.994947e-02	1.568869e-01	7.602614e-02	2.168133e-01	6.018624e-01
11503	8.990376e-01	7.271993e-01	4.309734e-02	5.387167e-02	2.822007e-01	1.208430e-01	2.432525e-01	3.278849e-01
12617	1.713348e-01	4.652638e-01	3.751917e-02	4.689897e-02	2.456750e-01	2.344775e-01	8.611746e-01	2.640559e-02
29299	1.969325e-01	9.340553e-01	2.571530e-02	3.214413e-02	1.683834e-01	8.018810e-02	7.729402e-01	9.392093e-01
24885	2.383537e-01	1.723530e-01	2.077264e-02	2.596580e-02	1.360189e-01	6.915988e-02	1.900336e-01	1.730837e-01
1083	7.291205e-01	5.324937e-01	3.235913e-02	4.044891e-02	2.118871e-01	5.651896e-02	6.577614e-01	4.051243e-01
9886	5.489921e-01	7.420791e-01	2.151758e-02	2.689698e-02	1.408968e-01	1.129327e-01	7.845904e-01	2.980394e-01
9462	4.387802e-01	5.510292e-01	2.223340e-02	2.779175e-02	1.455840e-01	1.303639e-01	8.528412e-01	6.524697e-01
28001	4.149056e-01	3.024350e-01	2.343299e-02	2.929123e-02	1.534388e-01	7.661836e-02	4.620163e-01	6.414221e-01
24708	6.596159e-01	3.546838e-01	2.438861e-02	3.048576e-02	1.596962e-01	1.524733e-01	8.639549e-01	2.298294e-01
26850	5.550831e-01	6.129807e-01	4.193856e-02	5.242321e-02	2.746131e-01	1.924962e-01	7.242961e-02	2.292961e-01
10927	7.547031e-01	8.239388e-01	2.192977e-02	2.741221e-02	1.435958e-01	1.435291e-01	6.935494e-01	1.606889e-01
4766	1.806474e-01	8.810114e-01	2.283151e-02	2.853939e-02	1.495004e-01	6.585514e-02	3.034033e-01	9.530572e-01
13426	7.027939e-01	4.203539e-02	3.895190e-02	4.868988e-02	2.550564e-01	1.769455e-01	5.552980e-01	4.513975e-01
11230	3.835675e-02	6.469046e-01	3.295515e-02	4.119394e-02	2.157898e-01	1.292582e-01	5.649174e-01	5.326795e-01
17045	7.388793e-01	2.392512e-01	2.088183e-02	2.610229e-02	1.367339e-01	1.233021e-01	2.652586e-01	6.311670e-01
22349	8.882424e-01	9.391129e-01	2.504182e-02	3.130227e-02	1.639734e-01	1.031931e-01	5.413472e-01	7.524962e-01
20646	8.574165e-01	5.427318e-01	2.509034e-02	3.136292e-02	1.642911e-01	4.258376e-02	4.625615e-01	8.491616e-02
13187	2.199853e-01	2.227142e-01	5.339926e-02	6.674908e-02	3.496575e-01	3.086886e-01	9.650331e-01	6.367476e-01
65	3.601979e-01	9.592860e-01	3.039408e-02	3.799260e-02	1.990199e-01	1.672285e-01	6.110589e-01	1.021421e-01
9518	6.722011e-01	1.054872e-01	3.369039e-02	4.211299e-02	2.206041e-01	1.742821e-01	4.654899e-01	2.342850e-01
15524	4.935822e-01	4.712953e-01	6.712249e-02	8.390311e-02	4.395170e-01	1.340097e-01	2.963258e-01	9.205172e-01
1629	7.624105e-01	8.592359e-01	2.090388e-02	2.612985e-02	1.368783e-01	1.277475e-01	6.699395e-02	4.455193e-01
9780	7.644050e-01	1.708906e-01	2.056561e-02	2.570702e-02	1.346633e-01	1.148440e-01	5.549230e-01	5.110451e-01
16125	7.237865e-01	7.907913e-01	4.710183e-02	5.887729e-02	3.084221e-01	2.593993e-01	6.949207e-01	7.071146e-01
10054	1.322833e-01	6.487523e-01	2.539460e-02	3.174326e-02	1.662835e-01	1.226312e-01	9.136047e-01	4.885559e-01
5029	7.578515e-01	5.438739e-01	4.471042e-02	5.588803e-02	2.927631e-01	1.648271e-01	3.640576e-01	4.579556e-01
3947	8.676944e-01	4.469150e-01	2.161885e-02	2.702357e-02	1.415599e-01	1.411085e-01	3.204814e-01	9.621139e-01
22060	5.080560e-01	1.461662e-01	2.952682e-02	3.690852e-02	1.933411e-01	7.434167e-02	7.664559e-01	6.033071e-01
27210	6.395182e-01	4.769996e-02	4.432756e-02	5.540945e-02	2.902562e-01	2.835074e-01	3.803889e-01	2.018439e-01
18637	4.813568e-01	7.298743e-02	4.280347e-02	5.350433e-02	2.802764e-01	2.797989e-01	2.278381e-01	2.752398e-01
24704	8.467514e-01	7.430847e-01	2.607068e-02	3.258835e-02	1.707104e-01	1.704038e-01	4.519792e-01	1.099079e-01
