24727	8.942284e-01	2.549219e-01	2.078459e-02	2.598073e-02	1.360972e-01	9.177099e-02	9.716165e-01	9.012968e-01
10462	7.486951e-01	7.018219e-01	2.371155e-02	2.963944e-02	1.552629e-01	1.135247e-01	9.828050e-01	1.070083e-04
30208	4.420763e-01	1.140130e-01	2.744056e-02	3.430070e-02	1.796803e-01	9.365597e-02	7.711212e-01	6.647494e-01
15525	3.316081e-01	4.510299e-01	5.255134e-02	6.568917e-02	3.441053e-01	2.862384e-01	7.022135e-01	6.267570e-01
19642	3.141956e-01	8.828483e-01	3.460582e-02	4.325728e-02	2.265984e-01	2.265183e-01	3.171188e-03	7.535898e-01
22960	4.452448e-01	8.192464e-01	5.793115e-02	7.241394e-02	3.793323e-01	2.072883e-01	7.096771e-01	8.453202e-01
25523	6.369528e-01	2.246654e-01	4.114012e-02	5.142515e-02	2.693849e-01	2.461135e-01	8.257762e-01	6.200565e-01
13176	6.582117e-01	8.337010e-01	3.707862e-02	4.634827e-02	2.427902e-01	2.277480e-01	9.377053e-01	1.845875e-01
8734	4.314543e-01	6.873748e-02	2.835785e-02	3.544731e-02	1.856868e-01	7.519563e-02	9.236156e-01	7.602053e-01
8637	7.655733e-01	1.309053e-01	7.703664e-02	9.629580e-02	5.044347e-01	3.545453e-01	3.612284e-01	6.337183e-01
6819	7.662569e-01	4.339046e-01	2.719239e-02	3.399049e-02	1.780553e-01	4.862422e-02	2.538797e-01	3.809740e-01
24841	7.215214e-02	6.974193e-02	2.420370e-02	3.025463e-02	1.584855e-01	1.377760e-01	1.142919e-02	4.300866e-02
21618	5.203212e-01	4.393911e-01	2.253906e-02	2.817382e-02	1.475854e-01	1.090456e-01	5.813155e-01	6.543348e-01
27403	9.148997e-01	2.767016e-01	2.202298e-02	2.752873e-02	1.442061e-01	9.474155e-02	5.647041e-01	7.503279e-01
24002	8.317153e-01	4.612927e-01	3.770031e-02	4.712539e-02	2.468611e-01	2.372989e-01	5.845439e-01	2.779722e-01
7409	1.738458e-01	8.443319e-01	2.133156e-02	2.666445e-02	1.396787e-01	9.768719e-02	6.263941e-01	4.951960e-01
24953	4.558643e-01	6.408561e-01	4.331252e-02	5.414065e-02	2.836097e-01	2.629469e-01	5.427171e-01	5.166158e-01
26670	1.181383e-01	6.928334e-01	3.073003e-02	3.841254e-02	2.012198e-01	1.430610e-01	5.820232e-01	6.368853e-01
4237	2.305690e-01	5.015410e-01	3.843052e-02	4.803816e-02	2.516425e-01	1.441045e-01	3.068634e-01	9.390276e-01
3919	9.517563e-01	3.240843e-01	2.735599e-02	3.419499e-02	1.791266e-01	1.758643e-01	6.691733e-01	4.704074e-01
13442	3.443546e-01	6.539185e-01	3.637177e-02	4.546472e-02	2.381618e-01	1.439155e-01	4.989892e-01	7.777270e-03
9207	3.815963e-01	8.208407e-01	3.671730e-02	4.589663e-02	2.404243e-01	2.364203e-01	7.641607e-01	9.608737e-01
1120	5.499552e-01	7.572291e-01	3.018719e-02	3.773399e-02	1.976653e-01	1.696691e-01	5.530401e-01	9.498127e-01
19320	9.248088e-01	4.749133e-01	4.547157e-02	5.683947e-02	2.977472e-01	1.684411e-01	9.183803e-01	6.778821e-01
23742	4.955343e-01	7.665554e-01	5.964871e-02	7.456089e-02	3.905788e-01	1.030769e-01	4.135703e-01	1.173477e-01
16851	9.070598e-01	9.585916e-01	2.371129e-02	2.963911e-02	1.552612e-01	1.090189e-01	5.148128e-01	7.271123e-01
16984	6.566278e-01	5.128048e-01	2.324660e-02	2.905825e-02	1.522184e-01	5.162232e-02	6.678596e-01	8.141621e-01
3355	6.438921e-01	1.469033e-01	2.426824e-02	3.033530e-02	1.589081e-01	1.442502e-01	1.661062e-01	5.622777e-02
30631	1.072969e-01	3.825517e-01	3.305579e-02	4.131974e-02	2.164488e-01	1.950975e-01	3.803461e-01	2.157452e-01
32722	3.254683e-01	3.412545e-01	4.712900e-02	5.891125e-02	3.085999e-01	9.339906e-02	1.499588e-01	4.336450e-01
19062	7.317835e-01	2.292194e-01	2.907865e-02	3.634831e-02	1.904065e-01	1.730021e-01	3.077152e-01	3.102801e-01
4078	8.993116e-01	2.122939e-01	3.720770e-02	4.650963e-02	2.436354e-01	2.313682e-01	3.792090e-01	5.836655e-03
15030	1.892582e-01	9.724169e-01	2.067301e-02	2.584126e-02	1.353665e-01	1.123764e-01	9.561485e-01	6.920708e-01
23232	8.672741e-01	5.296909e-01	3.354868e-02	4.193585e-02	2.196762e-01	1.835862e-01	5.114075e-01	3.325341e-01
8748	1.842296e-01	8.784014e-01	2.607568e-02	3.259460e-02	1.707432e-01	4.524938e-02	3.423763e-01	7.425562e-01
31837	6.915209e-01	7.915053e-01	4.242916e-02	5.303645e-02	2.778255e-01	1.206728e-01	8.223076e-01	8.776755e-01
17884	1.835871e-01	1.633853e-01	7.613778e-02	9.517222e-02	4.985490e-01	4.929210e-01	7.312226e-03	2.465717e-01
4381	5.470967e-01	6.831013e-01	2.240520e-02	2.800650e-02	1.467089e-01	1.040019e-01	8.402955e-01	1.408439e-01
10557	6.614934e-01	5.513340e-01	2.713368e-02	3.391710e-02	1.776709e-01	7.229342e-02	5.190721e-01	4.242212e-01
26627	2.294487e-01	3.489899e-01	2.376101e-02	2.970126e-02	1.555867e-01	8.053049e-02	2.528655e-01	7.723315e-01
13191	3.634726e-01	5.387362e-01	2.847548e-02	3.559435e-02	1.864570e-01	1.254517e-01	3.793605e-03	3.808965e-01
15366	8.230737e-01	8.661601e-01	3.215594e-02	4.019493e-02	2.105566e-01	1.831930e-01	8.290997e-01	1.947435e-02
20469	4.879858e-01	5.683889e-01	4.398354e-02	5.497942e-02	2.880035e-01	2.804326e-01	5.237312e-01	6.604516e-01
31227	3.596516e-01	3.265202e-01	2.655507e-02	3.319384e-02	1.738822e-01	1.498063e-01	7.699803e-01	2.608839e-02
891	5.523219e-01	8.533750e-01	4.064397e-02	5.080496e-02	2.661361e-01	1.548127e-01	3.312690e-02	4.623836e-02
16779	7.647726e-01	5.260366e-01	4.693210e-02	5.866513e-02	3.073107e-01	2.793719e-01	2.143580e-02	5.146642e-01
3872	9.665221e-01	2.748410e-01	2.939453e-02	3.674317e-02	1.924749e-01	1.919672e-01	9.808263e-01	2.301254e-02
24140	8.005740e-02	4.379682e-01	2.417908e-02	3.022385e-02	1.583242e-01	1.497628e-01	9.071766e-01	6.894557e-01
32000	7.125090e-01	8.203049e-01	3.197014e-02	3.996268e-02	2.093400e-01	1.394605e-01	3.654263e-03	4.218381e-01
20869	6.890264e-01	6.837311e-01	3.525828e-02	4.407285e-02	2.308707e-01	1.066891e-01	9.661296e-01	1.052620e-01
4198	2.230579e-01	5.619351e-01	3.102839e-02	3.878549e-02	2.031734e-01	9.430274e-02	9.286643e-02	2.927528e-01
17412	5.045674e-01	2.209767e-01	2.474763e-02	3.093453e-02	1.620471e-01	1.485363e-01	7.169485e-01	5.385209e-01
30390	2.860568e-01	9.140022e-02	2.944891e-02	3.681114e-02	1.928310e-01	1.928203e-01	1.809624e-01	1.922183e-01
29077	4.198298e-01	4.433501e-01	2.289520e-02	2.861900e-02	1.499174e-01	6.288989e-02	5.145621e-01	6.258796e-01
30770	4.435507e-02	7.540170e-01	2.780498e-02	3.475622e-02	1.820666e-01	1.741236e-01	8.069481e-01	1.578329e-01
25140	5.406334e-01	5.106947e-01	3.992164e-02	4.990205e-02	2.614063e-01	2.343305e-01	6.699930e-01	6.423171e-01
6566	9.301445e-01	5.982886e-01	2.960979e-02	3.701224e-02	1.938844e-01	1.317905e-01	9.056700e-01	3.506549e-01
17718	1.674627e-01	5.250526e-01	5.613360e-02	7.016700e-02	3.675619e-01	1.790185e-01	7.482452e-01	9.160637e-01
7195	6.691531e-01	6.071072e-02	4.590182e-02	5.737727e-02	3.005644e-01	2.324382e-01	5.321701e-01	3.109261e-01
22750	5.717481e-01	9.257725e-01	4.385406e-02	5.481757e-02	2.871557e-01	1.570867e-01	7.082615e-01	7.217407e-01
20981	4.188378e-01	1.454229e-01	2.171844e-02	2.714805e-02	1.422120e-01	1.058356e-01	9.573966e-01	7.395807e-02
16771	6.354966e-01	5.341078e-01	2.211101e-02	2.763876e-02	1.447825e-01	4.859973e-02	9.438027e-01	6.102285e-01
12440	3.056512e-01	1.528188e-01	3.035556e-02	3.794445e-02	1.987677e-01	1.579624e-01	4.180528e-01	6.685506e-01
16063	3.175631e-01	2.758526e-02	2.253668e-02	2.817085e-02	1.475699e-01	1.074963e-01	5.001890e-02	6.798877e-01
8074	4.532010e-01	2.608016e-01	4.045838e-02	5.057298e-02	2.649209e-01	2.647852e-01	7.437794e-01	9.441173e-01
9979	6.158080e-01	7.576002e-01	2.333577e-02	2.916972e-02	1.528023e-01	8.195848e-02	2.707204e-01	6.244405e-01
12192	7.543901e-02	6.257464e-01	3.614315e-02	4.517893e-02	2.366648e-01	1.864386e-01	9.288515e-01	9.163084e-01
12121	7.836740e-01	8.510382e-01	2.863836e-02	3.579795e-02	1.875236e-01	1.642466e-01	8.496702e-01	8.564100e-01
9264	7.555834e-01	3.109978e-01	2.910472e-02	3.638090e-02	1.905773e-01	9.971927e-02	3.295141e-01	4.984390e-01
30649	1.149987e-01	7.706707e-01	4.661592e-02	5.826990e-02	3.052403e-01	2.679750e-01	8.034135e-01	6.450039e-01
15680	9.458901e-01	5.766731e-02	2.855298e-02	3.569123e-02	1.869645e-01	1.100035e-01	9.318787e-01	8.200157e-01
11176	7.514961e-01	9.338108e-01	2.496820e-02	3.121025e-02	1.634914e-01	5.175061e-02	2.489281e-01	8.861579e-01
