18561	7.119385e-01	4.386784e-01	5.110149e-02	6.387686e-02	3.346118e-01	3.109952e-01	1.053812e-01	7.522804e-01
29660	9.434639e-01	8.181268e-01	3.670423e-02	4.588029e-02	2.403387e-01	2.113219e-01	9.747875e-01	8.358752e-01
23471	1.097511e-01	3.394891e-01	5.192472e-02	6.490590e-02	3.400023e-01	3.325268e-01	1.170984e-01	5.355051e-01
13562	2.828354e-01	8.963057e-01	2.745920e-02	3.432401e-02	1.798024e-01	1.070342e-01	6.421128e-01	1.948497e-01
11416	8.365651e-01	6.219553e-01	2.420155e-02	3.025194e-02	1.584714e-01	1.419590e-01	7.889828e-02	4.884256e-01
21964	7.897960e-01	6.700470e-01	3.811209e-02	4.764011e-02	2.495574e-01	7.777896e-02	5.421320e-01	5.543380e-01
7145	1.416044e-01	6.669450e-01	3.874797e-02	4.843497e-02	2.537211e-01	6.924069e-02	2.962002e-01	6.858693e-01
10854	5.834535e-01	1.462184e-01	7.468860e-02	9.336075e-02	4.890598e-01	2.282557e-01	7.372994e-01	5.674615e-01
3099	7.054014e-01	6.402171e-01	3.882743e-02	4.853428e-02	2.542414e-01	1.505498e-01	4.559561e-01	9.893964e-01
17251	3.530817e-01	4.075960e-01	2.385355e-02	2.981694e-02	1.561927e-01	1.559424e-01	1.756580e-01	2.999427e-01
12560	3.133549e-01	8.710868e-01	2.449455e-02	3.061819e-02	1.603899e-01	1.023875e-01	7.140398e-01	6.368378e-01
19678	4.471379e-01	4.623096e-01	2.837586e-02	3.546982e-02	1.858047e-01	1.469873e-01	5.328686e-01	8.723515e-01
1688	8.938042e-01	7.917346e-01	5.696239e-02	7.120298e-02	3.729888e-01	1.112727e-01	6.981791e-01	4.835740e-01
14145	4.920046e-01	5.092538e-01	4.584010e-02	5.730013e-02	3.001603e-01	2.811525e-01	7.615185e-01	1.994650e-01
21431	3.907072e-01	9.235169e-01	6.182964e-02	7.728706e-02	4.048596e-01	3.894995e-01	4.148950e-02	9.249745e-01
6502	2.633441e-01	2.476650e-01	5.288725e-02	6.610906e-02	3.463049e-01	1.105502e-01	6.091227e-01	1.074282e-01
28440	2.925599e-01	3.937536e-01	3.713631e-02	4.642039e-02	2.431680e-01	1.997300e-01	9.839485e-02	9.888387e-01
5751	6.194129e-01	2.810204e-01	6.930979e-02	8.663723e-02	4.538394e-01	3.771205e-01	2.390286e-01	4.332938e-01
3752	2.125200e-01	1.677281e-01	5.237357e-02	6.546696e-02	3.429413e-01	1.021624e-01	8.791147e-01	6.688692e-01
21951	1.719130e-01	6.112350e-01	3.325888e-02	4.157360e-02	2.177786e-01	2.170896e-01	8.533475e-01	5.281012e-01
12075	9.639396e-01	6.918264e-01	2.134806e-02	2.668507e-02	1.397868e-01	1.068406e-01	8.277535e-01	3.167065e-01
13812	9.574809e-01	2.629210e-01	2.872859e-02	3.591073e-02	1.881143e-01	1.878415e-01	5.074359e-01	4.742045e-01
21766	2.879016e-01	4.689153e-01	6.330384e-02	7.912980e-02	4.145126e-01	1.498667e-01	6.747722e-01	1.092593e-01
1121	9.316258e-01	1.674382e-01	2.425226e-02	3.031533e-02	1.588034e-01	1.130536e-01	8.334827e-01	9.749843e-01
21048	3.470705e-01	7.872621e-01	2.178367e-02	2.722958e-02	1.426391e-01	1.366667e-01	3.358046e-01	6.756693e-01
9905	3.279871e-01	2.883024e-01	2.273540e-02	2.841926e-02	1.488711e-01	1.010798e-01	8.245066e-01	8.410848e-01
30676	1.648932e-01	8.446985e-01	3.655772e-02	4.569715e-02	2.393794e-01	1.938230e-01	3.389115e-01	9.437206e-01
27271	2.350394e-01	2.321731e-01	2.197900e-02	2.747376e-02	1.439182e-01	1.170883e-01	8.207883e-01	8.098475e-01
3116	3.871523e-01	3.262332e-01	4.779754e-02	5.974692e-02	3.129775e-01	2.440899e-01	5.640299e-01	1.373516e-01
3362	8.369688e-01	2.227781e-01	4.399321e-02	5.499152e-02	2.880669e-01	2.487422e-01	2.270044e-01	1.377501e-01
25685	5.687147e-01	3.210216e-01	2.338270e-02	2.922838e-02	1.531096e-01	5.129659e-02	2.010623e-01	6.130524e-02
3753	8.820235e-01	3.476328e-01	6.589096e-02	8.236370e-02	4.314530e-01	1.675173e-01	4.191623e-01	6.029493e-01
9971	5.121798e-01	5.963045e-01	3.672989e-02	4.591236e-02	2.405068e-01	1.097289e-01	2.888263e-01	4.085915e-01
7800	9.396148e-01	5.501188e-01	2.388781e-02	2.985976e-02	1.564170e-01	1.293020e-01	9.214120e-01	6.906252e-01
23448	4.799711e-01	9.039368e-01	3.308669e-02	4.135837e-02	2.166512e-01	1.667159e-01	3.196688e-01	5.763267e-01
11992	4.950668e-01	1.977866e-01	7.051832e-02	8.814790e-02	4.617529e-01	4.501495e-01	3.390641e-01	9.947053e-02
3225	2.585095e-01	3.337856e-01	5.801758e-02	7.252197e-02	3.798982e-01	3.683871e-01	7.654100e-01	7.174144e-02
2847	5.244794e-01	3.996909e-01	2.760112e-02	3.450140e-02	1.807317e-01	1.000816e-01	4.203949e-01	2.853940e-01
31920	1.619154e-01	4.509347e-02	3.568135e-02	4.460169e-02	2.336409e-01	2.256745e-01	5.324478e-01	9.443773e-01
17867	6.874022e-01	1.161072e-01	2.240748e-02	2.800935e-02	1.467238e-01	8.104993e-02	8.971531e-02	5.922959e-01
8453	7.346562e-01	7.910015e-01	5.289989e-02	6.612486e-02	3.463876e-01	3.456856e-01	1.115907e-01	6.348604e-01
4705	7.172690e-01	5.381705e-02	3.068495e-02	3.835619e-02	2.009246e-01	1.931043e-01	7.405940e-01	2.197853e-01
13744	3.770860e-01	9.538671e-02	3.350826e-02	4.188533e-02	2.194116e-01	8.560415e-02	6.171200e-01	1.365177e-01
32199	6.665809e-01	5.061949e-01	5.110601e-02	6.388251e-02	3.346414e-01	2.590018e-01	2.842682e-01	7.242410e-01
10890	4.743189e-02	4.547414e-01	2.424882e-02	3.031102e-02	1.587809e-01	1.585569e-01	6.985764e-01	5.274099e-01
19966	2.052601e-01	7.516923e-01	2.195018e-02	2.743773e-02	1.437295e-01	1.390153e-01	3.003493e-01	6.139710e-01
4080	8.690423e-01	7.786927e-01	4.278099e-02	5.347624e-02	2.801293e-01	7.491990e-02	5.884190e-01	1.637761e-01
26439	7.453772e-02	1.071138e-01	4.721338e-02	5.901673e-02	3.091525e-01	2.818019e-01	7.840939e-01	6.470877e-01
2863	7.011762e-01	5.703450e-01	6.061666e-02	7.577082e-02	3.969169e-01	2.869569e-01	8.664737e-01	7.882486e-01
14603	9.466077e-01	3.335779e-01	3.072475e-02	3.840593e-02	2.011852e-01	6.994717e-02	9.481610e-01	5.180562e-02
13277	2.580171e-01	6.210868e-01	2.717297e-02	3.396621e-02	1.779282e-01	5.268683e-02	2.391827e-01	1.523363e-01
1602	9.060108e-01	4.801524e-01	3.471794e-02	4.339743e-02	2.273326e-01	2.199116e-01	7.249256e-01	9.399214e-01
15150	3.534635e-02	9.133262e-01	2.137338e-02	2.671673e-02	1.399526e-01	5.379632e-02	4.679148e-01	1.612972e-01
5763	8.015240e-01	4.038255e-01	2.311665e-02	2.889581e-02	1.513675e-01	1.447034e-01	2.410671e-01	8.533438e-01
26178	5.995724e-02	8.470992e-01	2.230072e-02	2.787590e-02	1.460248e-01	1.437239e-01	3.995723e-01	1.842492e-01
786	3.762603e-01	1.381008e-01	2.405971e-02	3.007464e-02	1.575426e-01	5.067665e-02	1.760814e-01	8.220783e-01
1762	8.231824e-01	7.292319e-01	3.375798e-02	4.219748e-02	2.210467e-01	2.150508e-01	1.008269e-01	5.335249e-01
27128	6.627023e-01	6.640532e-01	3.405126e-02	4.256408e-02	2.229671e-01	1.961746e-01	5.526354e-01	5.441340e-01
20207	3.158715e-01	5.714690e-01	2.832655e-02	3.540819e-02	1.854818e-01	1.691504e-01	4.915773e-01	7.258130e-01
4119	3.333905e-01	4.500652e-01	2.652118e-02	3.315147e-02	1.736603e-01	9.152809e-02	8.079878e-01	9.494182e-01
9932	9.089196e-01	5.848964e-01	2.091500e-02	2.614375e-02	1.369511e-01	1.363882e-01	9.014750e-01	6.925746e-01
10102	2.323220e-01	4.893884e-01	4.970054e-02	6.212568e-02	3.254384e-01	2.114709e-01	7.485448e-01	2.194535e-01
31888	9.197885e-02	4.665122e-01	2.548782e-02	3.185977e-02	1.668938e-01	1.463287e-01	9.996001e-01	3.758954e-01
4398	2.364306e-01	7.823887e-01	2.137063e-02	2.671329e-02	1.399346e-01	1.164783e-01	9.374563e-01	1.048073e-01
23405	2.801690e-01	7.631407e-02	2.124226e-02	2.655282e-02	1.390940e-01	8.533434e-02	6.847750e-01	1.174825e-02
28733	7.402217e-01	1.089530e-01	5.555535e-02	6.944418e-02	3.637755e-01	2.213166e-01	8.230807e-01	8.816579e-01
22165	6.174754e-01	9.642294e-01	2.841445e-02	3.551806e-02	1.860574e-01	5.164799e-02	8.084388e-01	6.810040e-02
20114	8.223326e-01	4.520460e-01	4.011372e-02	5.014215e-02	2.626640e-01	1.336440e-01	3.742337e-01	5.217912e-01
19506	4.287921e-02	3.481500e-01	2.178799e-02	2.723498e-02	1.426674e-01	1.060018e-01	5.838624e-02	4.397148e-01
4438	8.062198e-01	2.856079e-01	2.114512e-02	2.643140e-02	1.384579e-01	1.151013e-01	2.523632e-01	9.940879e-01
12492	7.745330e-01	9.175138e-01	2.057950e-02	2.572438e-02	1.347543e-01	1.249300e-01	1.534465e-01	5.029362e-01
1756	4.089994e-01	7.102506e-01	2.564302e-02	3.205378e-02	1.679101e-01	1.540874e-01	6.041821e-01	8.823524e-01
19680	4.579449e-01	9.589838e-01	3.051041e-02	3.813801e-02	1.997817e-01	1.893581e-01	2.049520e-01	7.400986e-01
