7265	5.594218e-01	3.760795e-01	2.194744e-02	2.743430e-02	1.437115e-01	1.194929e-01	3.476573e-02	9.549646e-01
9704	9.347582e-01	9.046841e-01	4.655075e-02	5.818844e-02	3.048136e-01	1.214178e-01	6.603736e-01	2.283289e-02
7772	3.782400e-01	1.878486e-01	4.717330e-02	5.896662e-02	3.088900e-01	3.024992e-01	3.467505e-01	4.380248e-01
6543	3.124523e-01	5.813841e-01	2.933975e-02	3.667469e-02	1.921162e-01	1.592864e-01	3.456243e-02	1.019880e-01
6270	1.747761e-01	5.311777e-01	4.917541e-02	6.146926e-02	3.219998e-01	1.031671e-01	2.206664e-01	9.446274e-02
612	4.735318e-01	7.741161e-01	6.135340e-02	7.669176e-02	4.017411e-01	3.971402e-01	2.625557e-01	5.353008e-02
30778	7.113873e-02	5.179717e-01	3.079533e-02	3.849416e-02	2.016473e-01	1.862055e-01	4.191105e-01	2.987195e-01
1255	5.129696e-01	5.732511e-01	2.056815e-02	2.571019e-02	1.346800e-01	9.843966e-02	9.642834e-01	5.021563e-01
9054	7.523324e-01	6.721058e-01	4.852850e-02	6.066062e-02	3.177638e-01	9.858881e-02	9.935361e-01	9.153888e-01
19136	4.787757e-01	5.335916e-01	4.600608e-02	5.750760e-02	3.012471e-01	2.995950e-01	1.549251e-01	4.493783e-01
27217	6.558626e-01	9.374153e-01	2.798926e-02	3.498657e-02	1.832732e-01	1.451687e-01	7.603800e-02	3.923284e-01
14153	5.592052e-01	2.472264e-01	2.837875e-02	3.547344e-02	1.858236e-01	1.791929e-01	6.812265e-01	3.985164e-01
4579	2.340835e-01	6.276442e-01	7.718727e-02	9.648409e-02	5.054210e-01	4.007756e-01	7.610503e-01	5.744428e-01
24533	5.890870e-02	8.036810e-01	2.406118e-02	3.007647e-02	1.575522e-01	8.935977e-02	3.706191e-01	7.351995e-01
27034	6.535810e-01	4.867021e-01	3.998279e-02	4.997849e-02	2.618067e-01	1.702329e-01	1.573295e-01	2.897548e-01
13824	5.487852e-01	4.791427e-01	4.329655e-02	5.412069e-02	2.835051e-01	2.549391e-01	8.803094e-01	7.481984e-01
20993	2.785074e-01	1.290031e-01	3.629719e-02	4.537149e-02	2.376735e-01	1.916232e-01	3.759429e-01	6.937589e-01
12767	6.894174e-01	5.385062e-01	2.357731e-02	2.947164e-02	1.543839e-01	9.768473e-02	9.385593e-01	5.079133e-01
1122	1.352179e-01	9.406350e-02	4.156912e-02	5.196140e-02	2.721939e-01	1.694152e-01	6.826230e-01	2.060596e-02
14810	8.519209e-01	7.816458e-01	3.345754e-02	4.182193e-02	2.190795e-01	1.157962e-01	1.148229e-01	5.007763e-01
14537	4.164382e-01	6.041803e-01	3.077500e-02	3.846874e-02	2.015142e-01	1.935315e-01	2.288650e-01	5.528784e-01
5194	1.168299e-01	4.392271e-01	4.168833e-02	5.211041e-02	2.729745e-01	1.542404e-01	9.909577e-01	9.003350e-01
10434	9.374040e-02	9.316595e-01	3.500170e-02	4.375213e-02	2.291906e-01	1.369867e-01	5.524500e-01	5.530638e-01
32172	2.884409e-01	7.939368e-01	4.018546e-02	5.023183e-02	2.631338e-01	1.178025e-01	3.224567e-01	9.185390e-01
31139	5.222764e-01	3.392485e-01	2.583887e-02	3.229858e-02	1.691925e-01	1.605654e-01	4.238183e-01	1.165940e-01
9654	6.052549e-01	8.317276e-02	4.675282e-02	5.844103e-02	3.061368e-01	2.971241e-01	4.928151e-01	3.231062e-01
23189	7.084194e-01	1.430837e-01	2.560748e-02	3.200935e-02	1.676774e-01	1.671162e-01	6.562848e-01	6.670056e-01
7883	8.486334e-01	6.271147e-01	5.715472e-02	7.144340e-02	3.742482e-01	3.609828e-01	7.429838e-01	9.776492e-01
11431	2.861872e-01	5.184005e-01	6.908347e-02	8.635434e-02	4.523575e-01	2.687348e-01	7.549807e-01	1.310988e-01
18297	1.296005e-01	8.821478e-01	2.483812e-02	3.104766e-02	1.626397e-01	1.461716e-01	3.899180e-01	7.954615e-01
1868	7.096083e-01	4.679198e-01	3.250665e-02	4.063332e-02	2.128531e-01	1.610951e-01	7.810634e-01	9.045898e-01
932	7.414261e-02	7.776823e-01	2.957104e-02	3.696380e-02	1.936307e-01	1.175226e-01	8.422834e-01	9.669763e-01
28202	1.117229e-01	4.849004e-01	2.202272e-02	2.752840e-02	1.442044e-01	1.323594e-01	5.573051e-01	6.220983e-01
19756	7.774211e-01	2.990683e-01	2.131513e-02	2.664391e-02	1.395711e-01	9.599013e-02	5.685316e-01	3.140958e-01
11454	6.889577e-01	3.335148e-01	7.907020e-02	9.883775e-02	5.177504e-01	1.710819e-01	8.845869e-01	7.632719e-01
674	8.203229e-01	7.192561e-02	2.499793e-02	3.124741e-02	1.636861e-01	5.036901e-02	2.399553e-01	2.789476e-01
24381	5.479386e-01	5.458138e-02	2.258491e-02	2.823114e-02	1.478857e-01	1.240250e-01	8.283621e-01	3.524211e-01
13537	5.427334e-01	2.967334e-01	2.076141e-02	2.595176e-02	1.359454e-01	9.905173e-02	5.863418e-01	8.469327e-01
25559	3.511160e-01	6.143663e-01	2.519406e-02	3.149258e-02	1.649703e-01	1.582524e-01	6.606199e-01	1.978868e-01
13404	1.026347e-01	3.160628e-01	2.798309e-02	3.497886e-02	1.832328e-01	5.647688e-02	5.887483e-02	5.823502e-01
2627	3.438245e-01	7.999399e-01	3.765690e-02	4.707113e-02	2.465768e-01	1.352136e-01	6.022272e-01	7.348521e-01
32628	1.762974e-01	8.701767e-01	4.100450e-02	5.125562e-02	2.684968e-01	2.617577e-01	9.690531e-01	8.230949e-03
29173	6.792511e-01	2.302212e-01	3.491097e-02	4.363871e-02	2.285965e-01	2.089156e-01	8.625449e-01	8.283009e-01
29901	6.890155e-01	7.820628e-01	3.790542e-02	4.738177e-02	2.482041e-01	1.795303e-01	3.036039e-01	8.886218e-01
22569	8.920248e-01	3.688327e-01	6.629305e-02	8.286631e-02	4.340858e-01	1.938299e-01	5.086172e-03	5.259209e-01
10446	6.191152e-01	9.347651e-01	4.513513e-02	5.641891e-02	2.955441e-01	1.035084e-01	7.527273e-01	3.240798e-01
29779	7.397573e-01	9.177826e-01	3.938261e-02	4.922826e-02	2.578767e-01	2.558895e-01	7.006769e-01	2.670397e-01
10023	5.756633e-01	5.652573e-01	3.446797e-02	4.308497e-02	2.256958e-01	1.508568e-01	1.159041e-01	6.428787e-01
3297	3.575327e-01	3.796432e-01	3.632580e-02	4.540725e-02	2.378608e-01	2.268293e-01	7.874116e-01	5.978293e-01
14952	8.481987e-01	9.222469e-01	4.533851e-02	5.667313e-02	2.968758e-01	2.867588e-01	3.527081e-01	5.548874e-01
30400	2.951005e-01	8.420148e-01	2.263396e-02	2.829245e-02	1.482068e-01	7.799284e-02	3.870682e-01	9.000489e-01
21015	6.296985e-01	5.951507e-01	5.621338e-02	7.026672e-02	3.680843e-01	1.521803e-01	8.400558e-01	1.943440e-01
20986	2.735341e-01	7.429971e-01	4.174590e-02	5.218237e-02	2.733515e-01	1.798103e-01	9.494207e-01	4.150684e-01
1882	2.404747e-01	8.731124e-01	3.050050e-02	3.812563e-02	1.997168e-01	1.483584e-01	1.767496e-01	1.633221e-01
18557	1.396126e-01	1.878085e-01	3.524349e-02	4.405437e-02	2.307739e-01	1.301274e-01	9.763809e-01	9.251888e-01
31455	9.667250e-01	5.408853e-02	3.000462e-02	3.750578e-02	1.964698e-01	1.462391e-01	4.626803e-01	2.691669e-01
11955	6.371048e-01	7.602940e-01	2.842395e-02	3.552994e-02	1.861196e-01	6.222664e-02	5.556264e-01	8.959910e-02
25425	4.537750e-01	8.625734e-01	5.368570e-02	6.710713e-02	3.515331e-01	1.688060e-01	5.692939e-01	7.880568e-01
9650	6.155094e-02	1.487222e-01	3.098529e-02	3.873161e-02	2.028912e-01	1.965100e-01	9.407730e-01	6.201313e-01
8215	4.133700e-01	3.193095e-01	2.384149e-02	2.980186e-02	1.561137e-01	4.057409e-02	7.610377e-01	5.994640e-02
27246	7.885318e-01	1.630735e-01	3.543775e-02	4.429719e-02	2.320458e-01	9.648537e-02	9.232419e-02	4.261769e-01
3454	5.929007e-01	6.958499e-01	5.339757e-02	6.674696e-02	3.496465e-01	1.801913e-01	9.877275e-01	8.967968e-01
19100	5.634401e-01	1.230810e-01	2.168871e-02	2.711089e-02	1.420173e-01	1.405976e-01	3.721535e-01	6.299563e-01
30781	2.489240e-01	3.660857e-01	2.618018e-02	3.272523e-02	1.714274e-01	1.713003e-01	5.654123e-01	5.505667e-02
3204	8.051678e-01	5.317622e-01	2.440416e-02	3.050520e-02	1.597980e-01	1.326463e-01	5.000853e-01	1.442772e-01
22468	3.515868e-02	1.717005e-01	2.955607e-02	3.694509e-02	1.935327e-01	1.259335e-01	4.529894e-01	6.645570e-02
14167	7.270835e-01	9.617415e-01	2.566640e-02	3.208299e-02	1.680632e-01	1.674214e-01	7.684704e-01	2.276501e-01
3311	3.040276e-01	2.590389e-01	7.391045e-02	9.238806e-02	4.839645e-01	4.638096e-01	8.693505e-01	1.852435e-02
5395	8.260296e-01	3.889276e-01	3.064141e-02	3.830176e-02	2.006395e-01	7.818194e-02	2.333374e-01	2.263329e-01
11281	9.185312e-01	7.164130e-01	3.409598e-02	4.261997e-02	2.232599e-01	2.158237e-01	4.466179e-02	1.036164e-01
17717	1.119107e-01	1.354621e-01	2.438878e-02	3.048597e-02	1.596973e-01	5.166417e-02	4.086806e-01	1.170039e-01
29894	5.203156e-01	7.505453e-01	2.977688e-02	3.722110e-02	1.949785e-01	1.125293e-01	1.466525e-02	8.678057e-01
1330	6.293914e-01	5.183875e-01	3.776250e-02	4.720312e-02	2.472682e-01	1.118701e-01	6.143217e-01	6.779143e-01
22962	4.050048e-01	9.337701e-01	5.234899e-02	6.543624e-02	3.427804e-01	2.552981e-01	4.394584e-01	8.412332e-01
