13586	6.614462e-01	8.590224e-01	2.480314e-02	3.100393e-02	1.624106e-01	1.105147e-01	5.798267e-01	3.647314e-01
31521	3.709153e-01	5.801199e-01	2.588068e-02	3.235085e-02	1.694663e-01	6.943914e-02	6.461865e-01	4.999807e-01
28829	1.075002e-01	5.608952e-01	3.941131e-02	4.926414e-02	2.580647e-01	2.120722e-01	8.734721e-02	9.836557e-02
28539	1.785362e-01	6.014820e-01	4.016301e-02	5.020376e-02	2.629867e-01	9.279919e-02	4.127972e-01	7.186180e-01
21113	5.366602e-01	9.404075e-01	2.669179e-02	3.336474e-02	1.747774e-01	1.177210e-01	4.842510e-01	2.232164e-02
13368	3.379548e-01	1.721213e-01	4.131272e-02	5.164090e-02	2.705150e-01	2.653187e-01	5.075133e-01	6.316191e-01
17567	2.330238e-01	4.459925e-01	4.818941e-02	6.023676e-02	3.155435e-01	3.013989e-01	8.022676e-01	4.345053e-01
32442	6.139102e-01	7.173993e-01	2.804824e-02	3.506030e-02	1.836594e-01	1.830479e-01	3.965453e-01	7.411592e-01
24404	6.397689e-01	4.252205e-01	2.796270e-02	3.495338e-02	1.830993e-01	1.792052e-01	8.577230e-01	4.890382e-01
15926	3.629360e-01	8.980492e-01	2.855821e-02	3.569776e-02	1.869987e-01	1.861717e-01	3.982672e-01	7.375693e-01
1576	3.771630e-01	3.995134e-01	2.940724e-02	3.675905e-02	1.925582e-01	1.807837e-01	2.925455e-01	7.895811e-01
30732	9.820127e-02	1.446835e-01	4.910620e-02	6.138275e-02	3.215466e-01	1.680791e-01	6.432209e-02	6.841911e-01
11848	6.678132e-01	8.055916e-01	3.223036e-02	4.028795e-02	2.110439e-01	7.409101e-02	6.605074e-01	5.000455e-01
20857	1.057648e-01	4.678511e-01	3.856219e-02	4.820274e-02	2.525046e-01	2.481795e-01	6.784418e-01	8.781805e-01
12468	7.381124e-01	4.851022e-02	4.238700e-02	5.298375e-02	2.775494e-01	1.309326e-01	9.099314e-03	7.615112e-01
4240	4.594578e-01	2.083819e-01	2.972912e-02	3.716140e-02	1.946658e-01	1.784976e-01	3.585117e-01	9.403455e-01
28754	4.221768e-01	8.901385e-01	4.092097e-02	5.115121e-02	2.679498e-01	2.389816e-01	4.028369e-01	4.425020e-01
21243	5.976515e-01	2.337378e-01	2.408740e-02	3.010925e-02	1.577239e-01	1.088101e-01	3.802071e-01	6.365624e-01
27006	5.458139e-01	5.471715e-01	2.549630e-02	3.187038e-02	1.669494e-01	8.563138e-02	2.923340e-01	7.741637e-01
22177	7.831243e-01	8.014623e-01	4.156646e-02	5.195808e-02	2.721766e-01	1.432755e-01	2.885673e-01	3.966936e-01
21416	3.188536e-01	3.761695e-01	2.948140e-02	3.685175e-02	1.930438e-01	8.656489e-02	2.786713e-01	2.732191e-01
15153	4.780213e-01	4.699370e-01	2.826408e-02	3.533010e-02	1.850728e-01	1.849082e-01	7.080587e-01	7.401717e-01
24703	2.506540e-01	1.167032e-01	3.362013e-02	4.202516e-02	2.201441e-01	1.699131e-01	7.905329e-01	9.533371e-01
14346	5.826482e-01	1.953004e-01	2.448031e-02	3.060039e-02	1.602967e-01	1.153867e-01	2.693631e-01	9.438569e-01
643	6.140177e-01	7.516471e-01	2.339548e-02	2.924435e-02	1.531933e-01	5.181722e-02	2.731314e-01	7.199679e-01
32194	2.112817e-01	5.027868e-01	2.846634e-02	3.558292e-02	1.863971e-01	1.162613e-01	5.668378e-01	7.918619e-01
512	6.524431e-01	7.267533e-01	3.900618e-02	4.875773e-02	2.554119e-01	1.774517e-01	6.438084e-01	7.181591e-01
4684	8.892651e-01	1.185061e-01	2.650019e-02	3.312524e-02	1.735228e-01	1.000433e-01	1.254722e-01	6.644624e-01
31247	2.005023e-01	3.465049e-01	2.236183e-02	2.795229e-02	1.464249e-01	1.285445e-01	9.993706e-01	8.252686e-01
24776	6.765361e-01	2.969545e-01	2.918082e-02	3.647602e-02	1.910755e-01	1.055437e-01	3.845347e-01	9.358565e-01
13756	7.078324e-01	5.700966e-01	3.863938e-02	4.829922e-02	2.530100e-01	9.737934e-02	7.452801e-01	3.603257e-01
15333	6.477859e-01	5.223099e-01	2.862413e-02	3.578016e-02	1.874304e-01	1.233762e-01	7.065680e-01	8.841439e-01
19522	1.630512e-01	3.972347e-02	3.129597e-02	3.911996e-02	2.049255e-01	2.024264e-01	2.481690e-01	3.446566e-01
18776	1.723835e-01	7.820694e-01	4.882950e-02	6.103688e-02	3.197348e-01	2.840141e-01	2.480045e-01	3.851332e-01
14862	2.417284e-01	8.767570e-01	3.207076e-02	4.008845e-02	2.099988e-01	1.959614e-01	1.259008e-01	8.606663e-01
32383	8.058912e-01	2.570072e-01	2.199038e-02	2.748797e-02	1.439927e-01	1.290903e-01	5.866891e-03	5.351892e-01
40	3.479223e-01	4.926750e-01	5.318543e-02	6.648178e-02	3.482573e-01	2.382231e-01	1.641489e-01	3.723234e-01
11937	5.269775e-01	6.180162e-01	2.196117e-02	2.745147e-02	1.438014e-01	1.193891e-01	7.800461e-01	9.844961e-01
18113	5.041511e-01	9.125458e-01	4.234308e-02	5.292885e-02	2.772618e-01	2.140119e-01	7.748753e-01	3.720256e-01
3998	4.802934e-01	1.591137e-01	3.903079e-02	4.878848e-02	2.555730e-01	1.259044e-01	1.586467e-01	9.676955e-01
3588	7.965093e-01	1.329203e-01	7.808130e-02	9.760162e-02	5.112751e-01	5.073833e-01	7.188380e-01	4.840959e-01
689	7.637632e-01	5.815759e-01	2.834901e-02	3.543626e-02	1.856289e-01	1.813143e-01	9.328147e-01	3.942204e-01
28324	3.578312e-01	9.503119e-01	3.597265e-02	4.496581e-02	2.355483e-01	1.864722e-01	2.532025e-01	1.405071e-01
11770	3.433013e-01	5.658128e-01	2.445053e-02	3.056317e-02	1.601017e-01	1.070452e-01	5.295842e-01	5.828889e-01
27650	8.692369e-01	7.242914e-01	2.683239e-02	3.354049e-02	1.756981e-01	1.645263e-01	6.375989e-01	7.379175e-01
9162	5.792797e-01	4.174807e-01	4.743508e-02	5.929385e-02	3.106042e-01	2.247025e-01	2.968030e-01	9.237006e-01
3620	7.251510e-01	1.267201e-01	4.441754e-02	5.552192e-02	2.908453e-01	1.502498e-01	6.151223e-01	8.808120e-01
7954	5.403301e-01	2.967686e-01	2.470987e-02	3.088733e-02	1.617998e-01	1.510632e-01	8.103305e-01	7.232934e-01
16877	6.012679e-01	1.118290e-01	2.302717e-02	2.878396e-02	1.507815e-01	1.469984e-01	8.117755e-01	4.170693e-01
15166	2.222219e-01	7.083672e-01	2.606084e-02	3.257605e-02	1.706460e-01	1.625134e-01	1.992100e-01	1.027073e-01
8955	9.190539e-01	3.628827e-01	3.003507e-02	3.754384e-02	1.966692e-01	1.237472e-01	8.520364e-01	4.734761e-01
2547	9.026571e-01	9.142710e-01	2.211474e-02	2.764343e-02	1.448070e-01	1.040813e-01	8.127621e-01	7.430808e-01
3868	4.016534e-01	4.984174e-01	3.643049e-02	4.553812e-02	2.385463e-01	1.458618e-01	8.516771e-01	1.055623e-01
24600	7.355120e-01	6.547475e-01	4.949797e-02	6.187246e-02	3.241119e-01	3.171595e-01	2.419413e-01	8.253667e-01
13574	6.690097e-01	1.336649e-01	3.473121e-02	4.341402e-02	2.274195e-01	1.551578e-01	1.410610e-01	7.899279e-01
30854	9.594943e-01	6.345903e-01	2.437918e-02	3.047398e-02	1.596345e-01	1.143268e-01	6.808425e-01	9.369985e-01
30156	2.874021e-02	6.403381e-01	2.055983e-02	2.569979e-02	1.346254e-01	1.121994e-01	9.791986e-01	9.655892e-01
15108	9.424857e-01	4.209181e-01	3.123682e-02	3.904603e-02	2.045382e-01	6.360781e-02	6.432225e-01	7.331091e-01
24487	9.380961e-01	7.053703e-01	3.266637e-02	4.083297e-02	2.138989e-01	1.647611e-01	7.741248e-01	5.382105e-01
21082	2.863590e-01	4.988273e-01	2.107050e-02	2.633812e-02	1.379693e-01	8.125659e-02	4.932910e-02	2.242054e-01
4372	1.027962e-01	8.763290e-01	3.817106e-02	4.771383e-02	2.499435e-01	1.661169e-01	9.796783e-01	2.904080e-01
21948	6.332461e-01	1.231052e-01	3.570848e-02	4.463560e-02	2.338186e-01	1.913745e-01	4.829039e-01	7.864410e-01
2953	7.164439e-01	7.208240e-01	2.369906e-02	2.962383e-02	1.551811e-01	1.491015e-01	3.254988e-01	7.562997e-01
4936	5.525349e-01	1.083306e-01	3.743980e-02	4.679975e-02	2.451552e-01	1.835873e-01	3.349967e-01	9.910864e-01
1337	3.519942e-02	2.945964e-01	2.487221e-02	3.109026e-02	1.628628e-01	1.043415e-01	6.690618e-01	3.069157e-01
16206	1.041381e-01	6.982568e-01	3.695924e-02	4.619905e-02	2.420086e-01	2.017846e-01	9.657243e-01	5.822032e-01
5056	5.449948e-01	7.100573e-01	2.676571e-02	3.345713e-02	1.752614e-01	1.751491e-01	9.845642e-02	2.608857e-01
13176	8.466983e-02	3.036577e-01	5.938745e-02	7.423431e-02	3.888681e-01	2.432389e-01	2.195880e-01	9.264172e-01
16283	9.156339e-01	8.057052e-01	3.894117e-02	4.867646e-02	2.549862e-01	2.446787e-01	4.218410e-01	4.232515e-01
30407	5.709917e-01	6.029407e-01	3.832260e-02	4.790325e-02	2.509358e-01	1.991279e-01	3.961796e-01	5.857004e-01
24823	3.707997e-01	5.384036e-01	2.438156e-02	3.047695e-02	1.596501e-01	1.119954e-01	7.174339e-01	8.221635e-02
31598	6.791656e-01	4.909764e-01	3.192656e-02	3.990819e-02	2.090546e-01	1.805540e-01	5.688972e-01	8.213616e-01
20207	5.454119e-02	8.706935e-01	4.174007e-02	5.217509e-02	2.733133e-01	2.428394e-01	4.276374e-01	9.746256e-01
118	2.950343e-01	5.392405e-01	4.658299e-02	5.822873e-02	3.050247e-01	1.269614e-01	3.717255e-01	5.471735e-01
