4404	9.699205e-01	3.861007e-01	2.874391e-02	3.592989e-02	1.882147e-01	1.666711e-01	5.797635e-01	8.745460e-01
13478	2.981193e-01	7.475386e-01	2.129200e-02	2.661500e-02	1.394197e-01	1.089248e-01	1.643396e-01	4.670703e-01
25157	3.864879e-01	3.363082e-01	3.367378e-02	4.209223e-02	2.204954e-01	1.584727e-01	3.476920e-01	9.498236e-01
31756	5.046806e-01	9.545887e-01	3.014331e-02	3.767914e-02	1.973779e-01	1.364334e-01	5.086984e-01	3.192289e-01
26472	1.998857e-01	7.557858e-01	3.014957e-02	3.768696e-02	1.974189e-01	6.606900e-02	5.026640e-01	6.753960e-01
14582	2.173988e-01	5.125854e-01	5.553552e-02	6.941940e-02	3.636457e-01	1.185356e-01	7.175145e-01	3.613376e-01
9884	5.203481e-02	9.263554e-01	2.063227e-02	2.579033e-02	1.350998e-01	1.350683e-01	1.151999e-01	1.973422e-01
11358	8.848482e-01	8.610664e-01	6.831802e-02	8.539752e-02	4.473453e-01	2.836762e-01	2.278740e-01	1.549329e-01
28857	2.280774e-01	8.583281e-01	3.675447e-02	4.594308e-02	2.406677e-01	2.401037e-01	6.859043e-01	5.531581e-01
24851	2.907848e-01	4.936461e-01	2.463140e-02	3.078924e-02	1.612860e-01	4.562409e-02	3.693219e-01	4.315184e-01
14950	7.726143e-01	5.070966e-01	5.570992e-02	6.963740e-02	3.647877e-01	2.398663e-01	5.802527e-02	5.792738e-01
6194	5.707464e-01	3.730529e-01	2.841792e-02	3.552240e-02	1.860801e-01	1.343471e-01	2.295473e-01	6.646738e-01
5900	1.337500e-01	3.938571e-01	2.632514e-02	3.290642e-02	1.723766e-01	1.292528e-01	6.855202e-02	7.004304e-01
9072	3.072978e-01	8.973803e-01	3.305356e-02	4.131695e-02	2.164342e-01	1.599850e-01	3.955773e-02	4.766702e-01
15551	4.998342e-01	6.876591e-01	3.266161e-02	4.082701e-02	2.138677e-01	1.160149e-01	8.091837e-02	2.032877e-01
16045	5.659084e-01	2.820860e-01	2.568748e-02	3.210935e-02	1.682012e-01	6.495919e-02	6.725310e-01	8.263275e-01
23017	2.625997e-01	5.194506e-01	3.250246e-02	4.062808e-02	2.128256e-01	1.942441e-01	6.026855e-01	4.013870e-01
12070	8.099298e-01	2.696805e-01	3.666423e-02	4.583029e-02	2.400768e-01	2.208908e-01	4.610588e-01	4.149354e-02
31334	9.271385e-02	9.087146e-01	2.389103e-02	2.986379e-02	1.564381e-01	5.884916e-02	3.484111e-01	9.443670e-01
22491	9.302111e-01	8.259126e-01	3.668523e-02	4.585654e-02	2.402143e-01	2.395136e-01	9.492757e-01	9.366191e-01
26941	4.485063e-01	9.527597e-01	2.487743e-02	3.109678e-02	1.628970e-01	4.402779e-02	9.471444e-01	1.893338e-01
4525	8.898396e-01	5.975473e-01	2.981220e-02	3.726525e-02	1.952098e-01	1.803017e-01	7.131367e-01	6.110187e-02
12026	4.656117e-01	2.685125e-01	2.115593e-02	2.644491e-02	1.385287e-01	1.369602e-01	9.958184e-01	9.878817e-01
16608	3.620489e-01	5.885910e-01	2.383865e-02	2.979831e-02	1.560951e-01	8.749796e-02	9.288560e-01	1.706751e-03
25458	6.289098e-01	1.985660e-01	5.761507e-02	7.201884e-02	3.772626e-01	2.188168e-01	4.857460e-01	3.233107e-01
254	8.381653e-01	9.698514e-01	2.138788e-02	2.673484e-02	1.400475e-01	1.367027e-01	9.785236e-01	2.042630e-01
29519	2.920904e-01	8.413917e-01	5.376586e-02	6.720733e-02	3.520580e-01	1.746385e-01	1.708616e-02	4.173967e-01
22507	5.911493e-01	5.874303e-01	5.511199e-02	6.888999e-02	3.608725e-01	2.624350e-01	1.889082e-01	2.028308e-01
21642	8.216372e-01	4.311116e-01	2.588037e-02	3.235047e-02	1.694643e-01	1.687012e-01	2.938906e-01	4.819933e-01
8006	6.760734e-02	7.176647e-01	5.251816e-02	6.564770e-02	3.438881e-01	2.858714e-01	5.156263e-01	9.347390e-01
16116	5.296089e-02	8.762780e-01	2.281188e-02	2.851485e-02	1.493718e-01	1.461662e-01	1.743990e-01	5.193701e-01
17725	1.323353e-01	1.432335e-01	7.500167e-02	9.375208e-02	4.911097e-01	4.860759e-01	7.865432e-01	1.516122e-01
11611	5.954433e-01	7.785365e-01	2.550915e-02	3.188643e-02	1.670335e-01	9.076538e-02	4.254047e-01	2.714906e-01
16293	4.102382e-01	6.362974e-01	2.811086e-02	3.513857e-02	1.840694e-01	1.580173e-01	5.342798e-01	2.325813e-01
10439	4.655932e-01	4.164315e-01	2.236841e-02	2.796051e-02	1.464680e-01	1.146536e-01	5.826858e-01	7.449916e-01
11075	7.690150e-01	7.015459e-02	3.490154e-02	4.362692e-02	2.285347e-01	1.550491e-01	2.319442e-01	5.967484e-01
16873	6.392259e-01	1.392637e-01	2.901708e-02	3.627135e-02	1.900034e-01	9.085157e-02	1.847974e-01	9.157236e-01
30687	6.271309e-01	5.114683e-01	2.485859e-02	3.107324e-02	1.627737e-01	1.292214e-01	6.460287e-01	5.208458e-01
2625	4.821508e-01	8.070690e-01	2.182919e-02	2.728649e-02	1.429372e-01	1.139793e-01	2.508128e-02	9.058719e-01
27100	8.550258e-01	1.713906e-01	2.183434e-02	2.729292e-02	1.429709e-01	9.124199e-02	8.237114e-01	5.726770e-01
9023	9.605911e-01	4.510177e-01	2.088818e-02	2.611023e-02	1.367755e-01	1.292295e-01	7.963389e-01	6.491938e-02
31826	2.144451e-01	2.325011e-01	4.243018e-02	5.303773e-02	2.778322e-01	1.791322e-01	9.345364e-01	5.428568e-02
28270	7.073619e-01	2.323018e-01	2.171833e-02	2.714792e-02	1.422113e-01	1.271774e-01	3.086839e-01	6.475984e-01
8259	9.467150e-01	2.238762e-01	5.722743e-02	7.153428e-02	3.747243e-01	1.421213e-01	9.402839e-01	5.063680e-01
371	3.244294e-01	6.898523e-01	3.291922e-02	4.114903e-02	2.155546e-01	1.318521e-01	6.658391e-01	4.372861e-01
9826	6.747388e-01	7.038803e-01	2.229717e-02	2.787146e-02	1.460015e-01	1.100475e-01	8.453770e-01	7.474281e-01
29119	6.243288e-01	6.348336e-01	2.410692e-02	3.013365e-02	1.578517e-01	1.575996e-01	6.661251e-01	9.861910e-01
26807	4.542956e-01	8.993183e-01	2.478911e-02	3.098638e-02	1.623187e-01	1.602611e-01	8.368429e-01	5.852920e-01
3611	5.616750e-01	1.477440e-01	5.901547e-02	7.376934e-02	3.864324e-01	2.657622e-01	8.399867e-02	4.541302e-01
11025	2.640987e-01	4.403784e-01	4.049114e-02	5.061392e-02	2.651353e-01	2.365872e-01	1.233088e-01	2.698062e-01
17795	4.068903e-01	4.989534e-01	3.554863e-02	4.443579e-02	2.327719e-01	2.189724e-01	3.788033e-02	6.508683e-01
12113	8.419804e-01	5.229462e-01	3.630303e-02	4.537878e-02	2.377116e-01	2.369163e-01	9.596653e-01	1.999139e-01
17404	2.054889e-01	3.176577e-01	2.595578e-02	3.244473e-02	1.699581e-01	1.694481e-01	4.725474e-01	6.204634e-01
19877	7.114568e-01	4.587177e-01	2.936776e-02	3.670970e-02	1.922996e-01	6.565769e-02	7.926871e-01	3.196357e-01
31538	1.380819e-01	4.943031e-01	2.988752e-02	3.735939e-02	1.957030e-01	8.290551e-02	2.166924e-01	6.541341e-01
3765	1.241783e-01	5.641293e-01	2.096490e-02	2.620612e-02	1.372778e-01	1.279252e-01	2.970062e-01	8.334262e-01
28409	3.667464e-01	6.790525e-01	4.170505e-02	5.213131e-02	2.730840e-01	2.595015e-01	8.719662e-01	3.162118e-01
4375	1.830838e-01	4.147985e-01	2.296030e-02	2.870037e-02	1.503437e-01	1.462952e-01	9.782480e-01	3.492763e-01
31594	6.895240e-01	9.639889e-01	3.215315e-02	4.019144e-02	2.105383e-01	1.948070e-01	2.912707e-02	5.232107e-01
19725	7.378329e-01	6.952564e-01	4.537878e-02	5.672347e-02	2.971395e-01	2.176992e-01	8.467634e-01	7.799731e-01
16604	2.474495e-01	6.930046e-01	5.301188e-02	6.626485e-02	3.471210e-01	1.370943e-01	1.662131e-01	4.102243e-01
21054	8.070327e-01	8.128312e-01	3.461377e-02	4.326721e-02	2.266504e-01	1.581478e-01	7.368585e-01	4.660607e-01
19747	7.434508e-01	4.217429e-01	2.216743e-02	2.770929e-02	1.451520e-01	7.328279e-02	4.636590e-01	1.743104e-01
30664	6.719591e-01	8.165626e-01	2.487133e-02	3.108916e-02	1.628571e-01	1.625131e-01	2.074157e-02	1.130048e-01
17543	8.558559e-01	2.626597e-01	2.686985e-02	3.358731e-02	1.759434e-01	8.933998e-02	4.286030e-01	5.693000e-01
18439	8.693740e-01	3.924837e-01	4.462619e-02	5.578273e-02	2.922116e-01	1.454331e-01	3.728164e-01	1.016327e-01
15314	5.808982e-01	8.665721e-01	3.860429e-02	4.825537e-02	2.527803e-01	1.503820e-01	1.013888e-01	8.830884e-01
8091	8.964895e-01	5.335546e-01	2.365620e-02	2.957025e-02	1.549005e-01	1.544486e-01	4.562098e-02	7.250792e-01
16746	3.500855e-01	8.087396e-01	3.361847e-02	4.202308e-02	2.201332e-01	1.664320e-01	9.499915e-01	3.417669e-02
14496	6.425022e-01	3.773588e-01	2.412035e-02	3.015044e-02	1.579397e-01	7.959744e-02	1.867736e-01	2.967261e-01
18854	4.919632e-01	7.558941e-02	2.877719e-02	3.597149e-02	1.884326e-01	1.884263e-01	9.352779e-01	6.249275e-01
