27014	6.860891e-01	9.825490e-02	3.464459e-02	4.330574e-02	2.268522e-01	1.828461e-01	8.576128e-01	8.866956e-02
25205	4.416544e-01	6.477774e-01	3.115380e-02	3.894225e-02	2.039946e-01	2.024399e-01	8.662265e-01	4.603470e-01
21219	8.072661e-02	5.193162e-01	2.626223e-02	3.282779e-02	1.719647e-01	1.716764e-01	8.506989e-01	8.877262e-01
27770	2.064102e-01	2.100250e-01	2.779083e-02	3.473853e-02	1.819739e-01	9.343590e-02	6.603905e-01	2.685518e-01
17444	1.149498e-01	5.891772e-01	3.574033e-02	4.467541e-02	2.340271e-01	9.625229e-02	7.924460e-02	9.476114e-01
16476	1.469290e-01	8.638897e-02	3.152012e-02	3.940016e-02	2.063933e-01	1.637202e-01	1.617843e-01	8.501523e-01
2901	2.442511e-01	4.467427e-01	4.318216e-02	5.397770e-02	2.827561e-01	9.480200e-02	4.310664e-01	7.426542e-01
12399	7.440571e-01	7.068715e-01	2.244217e-02	2.805271e-02	1.469510e-01	1.469399e-01	8.125502e-01	3.392311e-01
10481	1.010641e-01	8.874060e-01	2.099628e-02	2.624535e-02	1.374833e-01	1.189895e-01	7.105204e-01	2.447830e-01
25853	7.433836e-01	4.909692e-01	2.245172e-02	2.806465e-02	1.470135e-01	1.209129e-01	9.223983e-01	1.488602e-02
21756	8.174403e-01	2.619780e-01	7.150608e-02	8.938260e-02	4.682207e-01	4.620600e-01	8.629710e-01	4.610050e-01
16628	1.133844e-01	7.053740e-01	6.252129e-02	7.815161e-02	4.093884e-01	4.042126e-01	2.086089e-01	5.932505e-01
348	8.241245e-01	3.522167e-01	4.471745e-02	5.589681e-02	2.928091e-01	2.914615e-01	4.575558e-01	5.398481e-02
21410	6.284683e-01	1.909934e-01	2.938406e-02	3.673008e-02	1.924064e-01	1.497042e-01	9.014475e-01	9.827805e-02
27517	5.693936e-01	5.408261e-01	2.409360e-02	3.011700e-02	1.577645e-01	9.185483e-02	6.001121e-01	7.427812e-01
26904	7.477330e-01	8.324574e-01	4.403869e-02	5.504837e-02	2.883647e-01	1.332462e-01	3.485059e-02	5.926313e-01
4346	1.572981e-01	8.524627e-01	7.287231e-02	9.109039e-02	4.771668e-01	3.085011e-01	4.629528e-01	9.993981e-01
16222	2.815762e-01	3.694318e-02	3.509166e-02	4.386458e-02	2.297796e-01	1.182485e-01	8.444260e-01	1.943625e-01
12328	5.051913e-01	9.849374e-02	5.676234e-02	7.095293e-02	3.716789e-01	3.716141e-01	9.220969e-01	2.363351e-01
17837	2.794482e-01	7.385891e-01	2.148101e-02	2.685126e-02	1.406573e-01	3.806528e-02	4.941153e-01	1.279863e-01
16964	1.152016e-01	2.785522e-01	4.002756e-02	5.003445e-02	2.620999e-01	2.008588e-01	8.305818e-01	9.630781e-01
31880	7.850042e-01	6.309197e-01	7.541837e-02	9.427296e-02	4.938383e-01	1.282588e-01	2.671935e-01	3.205690e-01
20890	1.385558e-01	1.322580e-01	3.654713e-02	4.568391e-02	2.393100e-01	6.741969e-02	3.754881e-01	6.370260e-01
30530	6.485686e-01	4.585623e-01	2.479699e-02	3.099624e-02	1.623703e-01	9.357964e-02	3.913812e-01	9.837347e-01
5236	2.984838e-01	5.473028e-01	3.924562e-02	4.905702e-02	2.569797e-01	2.170560e-01	1.980490e-01	5.531870e-01
19725	3.317912e-01	3.467899e-01	2.702156e-02	3.377695e-02	1.769367e-01	1.740504e-01	7.201311e-01	7.419214e-01
13040	2.311507e-01	9.399473e-02	3.554718e-02	4.443397e-02	2.327624e-01	2.278964e-01	3.334174e-01	3.776426e-01
9906	6.629596e-01	5.487814e-01	3.468583e-02	4.335729e-02	2.271223e-01	1.977664e-01	3.598067e-02	6.040708e-01
846	9.430766e-01	3.251250e-01	2.405317e-02	3.006646e-02	1.574998e-01	5.053048e-02	9.923775e-01	6.826760e-01
15921	3.887442e-01	3.561912e-01	3.035932e-02	3.794915e-02	1.987923e-01	1.142050e-01	4.606972e-01	1.899031e-01
24289	8.194992e-02	2.361754e-01	3.065639e-02	3.832049e-02	2.007376e-01	1.837617e-01	5.740070e-01	2.104241e-01
10281	4.597198e-01	8.163108e-01	6.733028e-02	8.416285e-02	4.408776e-01	4.061266e-01	6.900471e-01	9.517494e-01
1392	5.942119e-01	4.112764e-01	2.334859e-02	2.918573e-02	1.528862e-01	1.482418e-01	4.497129e-02	2.802556e-01
3549	8.912183e-01	7.591029e-01	5.881074e-02	7.351343e-02	3.850918e-01	1.554373e-01	7.123255e-01	9.846277e-02
25041	2.278253e-01	6.049109e-01	6.458110e-02	8.072638e-02	4.228761e-01	4.218757e-01	4.089260e-01	2.574515e-01
17747	3.569140e-01	5.803653e-01	2.393678e-02	2.992097e-02	1.567376e-01	1.289726e-01	8.403067e-01	2.340264e-01
24855	7.307659e-01	5.389368e-01	3.039518e-02	3.799398e-02	1.990272e-01	1.808031e-01	3.739197e-01	4.770478e-01
15590	6.945789e-01	2.695286e-01	2.636036e-02	3.295045e-02	1.726072e-01	1.719747e-01	8.079213e-01	6.203278e-01
27875	6.478055e-01	3.776027e-01	6.142215e-02	7.677769e-02	4.021913e-01	3.924725e-01	8.038807e-01	4.514776e-02
20610	7.860321e-01	8.465398e-01	2.148173e-02	2.685216e-02	1.406620e-01	1.323049e-01	8.121074e-01	9.838218e-01
6244	8.889252e-01	4.927729e-01	2.147846e-02	2.684807e-02	1.406406e-01	4.154715e-02	6.368941e-01	1.100700e-01
1606	3.510838e-01	7.950340e-01	2.646530e-02	3.308162e-02	1.732944e-01	1.732706e-01	4.805596e-01	9.551903e-01
21972	2.791554e-01	2.469833e-01	2.611939e-02	3.264924e-02	1.710294e-01	9.131086e-02	6.654663e-01	8.718149e-01
23849	4.188531e-01	7.864982e-01	3.361294e-02	4.201617e-02	2.200970e-01	2.090896e-01	6.839087e-01	8.666651e-01
18339	2.849538e-01	1.581189e-01	4.243950e-02	5.304938e-02	2.778932e-01	2.138591e-01	9.673092e-01	4.902101e-02
17423	3.719156e-01	3.182995e-01	5.897944e-02	7.372430e-02	3.861965e-01	2.006432e-01	7.844861e-01	5.702383e-01
19905	9.008818e-01	1.667296e-01	2.985976e-02	3.732470e-02	1.955213e-01	1.909061e-01	8.680651e-02	8.708055e-01
7265	8.565746e-01	4.035187e-01	2.601877e-02	3.252346e-02	1.703705e-01	5.250749e-02	8.502731e-01	5.864526e-01
15232	2.409404e-01	2.783062e-01	2.675102e-02	3.343878e-02	1.751653e-01	1.509444e-01	4.894508e-01	2.310402e-01
10147	1.706338e-01	6.293661e-01	2.589330e-02	3.236662e-02	1.695489e-01	1.681475e-01	3.057698e-01	6.862876e-01
7996	5.994165e-01	8.641795e-01	2.072518e-02	2.590647e-02	1.357081e-01	1.332367e-01	4.836548e-01	8.748368e-01
3314	3.657872e-01	2.791617e-02	2.289034e-02	2.861293e-02	1.498856e-01	9.817944e-02	4.723361e-02	2.997046e-01
22060	2.456656e-01	9.639490e-01	2.889994e-02	3.612493e-02	1.892364e-01	1.631918e-01	6.690973e-01	6.419745e-01
13429	3.076729e-01	6.609250e-01	6.496695e-02	8.120868e-02	4.254026e-01	1.239786e-01	4.035076e-01	4.408754e-01
13637	5.842513e-01	3.129886e-01	2.473074e-02	3.091342e-02	1.619365e-01	1.184907e-01	8.092575e-01	9.546611e-01
14758	3.409081e-01	4.661115e-01	5.697287e-02	7.121609e-02	3.730575e-01	3.730239e-01	8.579641e-01	7.712973e-01
12940	7.903900e-01	9.664043e-01	2.380417e-02	2.975521e-02	1.558693e-01	6.341500e-02	6.998138e-02	9.853709e-01
29898	8.100900e-01	1.042233e-01	4.754205e-02	5.942756e-02	3.113046e-01	1.767309e-01	1.505918e-01	1.565030e-01
23540	3.601148e-01	1.351464e-01	5.247763e-02	6.559703e-02	3.436227e-01	9.997791e-02	1.402738e-01	7.613675e-01
21319	6.627243e-01	7.729624e-02	2.187414e-02	2.734267e-02	1.432315e-01	7.813930e-02	1.112419e-01	3.635920e-01
18722	7.093693e-01	1.357358e-01	3.969044e-02	4.961305e-02	2.598924e-01	1.626332e-01	2.709599e-01	1.269414e-01
29158	4.450207e-01	9.473069e-02	2.773698e-02	3.467122e-02	1.816213e-01	1.362141e-01	8.326334e-01	2.103806e-01
14203	9.456074e-02	9.336313e-01	2.233687e-02	2.792109e-02	1.462615e-01	1.457781e-01	8.514963e-01	2.487859e-01
2341	2.865756e-02	8.411075e-01	2.174579e-02	2.718224e-02	1.423911e-01	1.278061e-01	5.999667e-01	4.535896e-01
22256	8.616761e-01	9.327602e-02	2.955123e-02	3.693904e-02	1.935010e-01	1.229735e-01	3.685540e-01	6.750751e-01
17770	8.366561e-01	1.383849e-01	2.217617e-02	2.772021e-02	1.452092e-01	5.708119e-02	1.986987e-01	7.064701e-01
4341	3.093719e-02	8.816380e-01	2.687160e-02	3.358950e-02	1.759548e-01	1.742314e-01	5.709862e-01	3.542210e-01
24437	5.230324e-02	5.959157e-01	2.691113e-02	3.363891e-02	1.762137e-01	1.359581e-01	5.813984e-01	8.283695e-01
11116	9.109468e-01	6.486621e-01	3.793392e-02	4.741740e-02	2.483907e-01	2.007752e-01	3.565812e-01	7.437809e-01
5053	6.454659e-01	9.042088e-01	2.213013e-02	2.766266e-02	1.449077e-01	1.312229e-01	9.746690e-01	7.791250e-01
30801	7.293567e-02	1.348564e-01	3.053340e-02	3.816675e-02	1.999322e-01	1.632400e-01	9.877283e-01	8.009600e-01
16643	2.852599e-01	9.485782e-01	4.247842e-02	5.309803e-02	2.781480e-01	2.286792e-01	1.470934e-02	6.901278e-01
17064	1.190177e-01	6.283619e-01	2.189380e-02	2.736725e-02	1.433602e-01	1.187066e-01	9.639286e-01	3.195030e-01
18306	6.806544e-01	8.528803e-01	2.654000e-02	3.317499e-02	1.737835e-01	5.041004e-02	8.710706e-01	6.661842e-01
27166	6.922380e-01	7.086764e-01	5.078563e-02	6.348203e-02	3.325435e-01	2.944854e-01	4.719187e-01	5.363778e-01
20923	5.078136e-01	5.737623e-01	3.847961e-02	4.809951e-02	2.519639e-01	2.508630e-01	9.931574e-01	1.485626e-01
20785	8.394763e-01	7.102771e-01	2.493569e-02	3.116962e-02	1.632785e-01	1.452723e-01	9.722705e-02	5.235913e-01
10919	1.162332e-01	3.576715e-01	2.397997e-02	2.997496e-02	1.570205e-01	1.566846e-01	1.173152e-02	2.698765e-01
