29240	8.829122e-01	2.740551e-01	5.546800e-02	6.933500e-02	3.632036e-01	3.596511e-01	2.441617e-01	5.160389e-01
18470	1.199396e-01	9.735263e-02	6.587623e-02	8.234528e-02	4.313565e-01	4.111765e-01	7.988482e-01	2.078343e-01
23797	3.130362e-01	5.561017e-01	6.368720e-02	7.960901e-02	4.170228e-01	4.112621e-01	6.085818e-01	4.694063e-01
30277	9.265408e-01	4.438600e-01	3.628556e-02	4.535695e-02	2.375973e-01	2.285954e-01	8.130274e-01	4.661774e-02
14494	8.016423e-01	8.913395e-01	3.452209e-02	4.315262e-02	2.260501e-01	2.055156e-01	1.540396e-02	7.039025e-01
2546	9.036079e-01	1.317524e-01	3.941381e-02	4.926726e-02	2.580810e-01	2.580366e-01	4.920536e-01	2.362535e-01
6793	4.977799e-01	2.397446e-01	6.380903e-02	7.976129e-02	4.178205e-01	3.944900e-01	7.284022e-01	7.939290e-01
12437	7.308003e-01	1.408329e-01	3.963573e-02	4.954466e-02	2.595341e-01	1.349312e-01	7.871990e-01	2.982422e-01
19200	2.937957e-01	3.320077e-01	2.308155e-02	2.885194e-02	1.511377e-01	6.139961e-02	2.141358e-01	5.472355e-01
18354	2.287284e-01	4.882908e-01	6.104464e-02	7.630580e-02	3.997193e-01	3.628118e-01	3.864224e-01	7.185539e-01
29891	1.141512e-01	6.350227e-01	3.017795e-02	3.772243e-02	1.976047e-01	1.167201e-01	7.362078e-01	1.979174e-01
9691	7.702071e-01	8.516703e-01	2.548377e-02	3.185471e-02	1.668673e-01	1.539050e-01	7.728029e-01	3.252059e-01
474	5.835533e-01	2.352739e-01	2.610324e-02	3.262905e-02	1.709236e-01	1.364974e-01	3.265938e-01	7.113997e-01
12190	4.408700e-01	7.138398e-02	2.065299e-02	2.581624e-02	1.352355e-01	1.202098e-01	8.516379e-01	8.813818e-01
9181	4.727980e-01	8.692398e-01	4.762215e-02	5.952768e-02	3.118291e-01	2.865073e-01	5.834815e-01	6.222240e-01
24862	2.648645e-01	8.156770e-01	2.946902e-02	3.683627e-02	1.929627e-01	5.516222e-02	1.431836e-01	5.303958e-01
267	3.717077e-01	4.224156e-01	2.087044e-02	2.608805e-02	1.366593e-01	1.231150e-01	8.922964e-01	5.103243e-01
23013	2.579864e-01	1.514754e-01	2.862691e-02	3.578364e-02	1.874486e-01	1.306460e-01	1.663427e-01	8.830401e-01
8673	5.325724e-01	7.673439e-01	2.272176e-02	2.840220e-02	1.487817e-01	1.379293e-01	4.102487e-01	7.954090e-02
11996	2.857745e-01	8.112881e-02	4.065020e-02	5.081275e-02	2.661769e-01	1.555298e-01	2.573581e-01	8.480558e-01
22641	4.457556e-01	5.740403e-01	3.524483e-02	4.405604e-02	2.307826e-01	2.304079e-01	6.635929e-01	5.655492e-01
5329	3.076127e-01	8.610799e-01	2.509545e-02	3.136932e-02	1.643246e-01	9.479676e-02	2.938383e-01	8.855858e-01
15601	8.375694e-01	4.136407e-01	2.375443e-02	2.969303e-02	1.555436e-01	5.474720e-02	4.031220e-01	3.061846e-01
17531	4.513119e-01	9.898063e-02	2.099387e-02	2.624233e-02	1.374675e-01	1.268838e-01	4.051052e-02	4.366594e-01
30961	9.376121e-01	6.968345e-02	2.667018e-02	3.333772e-02	1.746359e-01	8.528587e-02	5.564655e-01	8.767708e-02
95	1.066043e-01	4.841730e-01	5.701076e-02	7.126346e-02	3.733056e-01	3.502953e-01	8.056598e-01	7.150436e-01
18713	5.075909e-01	4.350368e-01	3.244670e-02	4.055837e-02	2.124605e-01	1.969974e-01	1.194321e-02	2.893472e-01
12909	4.254933e-01	7.249146e-01	2.081657e-02	2.602072e-02	1.363066e-01	1.359700e-01	2.636899e-02	1.856434e-01
26792	4.957247e-01	6.006643e-01	4.137199e-02	5.171498e-02	2.709031e-01	9.600523e-02	5.641648e-01	2.682089e-01
14040	1.041000e-01	8.626615e-01	2.125166e-02	2.656458e-02	1.391555e-01	1.254934e-01	2.570883e-01	5.025597e-01
4101	6.867415e-01	3.420990e-01	7.689691e-02	9.612113e-02	5.035197e-01	4.936715e-01	6.907928e-01	4.976180e-01
23326	3.706144e-01	9.080103e-01	5.298402e-02	6.623002e-02	3.469385e-01	1.326893e-01	5.421542e-01	8.732349e-01
22862	8.720878e-01	3.713047e-01	4.909693e-02	6.137116e-02	3.214859e-01	3.098689e-01	3.386051e-01	1.441302e-01
1233	7.970665e-01	2.320433e-01	3.747067e-02	4.683834e-02	2.453574e-01	1.799779e-01	4.783877e-01	6.277795e-01
26540	5.648183e-01	4.473326e-01	2.498205e-02	3.122756e-02	1.635821e-01	1.367793e-01	1.276516e-01	9.338085e-01
24833	4.219829e-01	4.908803e-01	2.277385e-02	2.846731e-02	1.491228e-01	1.141459e-01	5.680118e-01	6.464003e-01
25591	1.167508e-01	1.624440e-01	2.889683e-02	3.612104e-02	1.892160e-01	9.946689e-02	1.128832e-02	5.323606e-01
16703	2.131464e-01	6.623932e-01	3.440400e-02	4.300500e-02	2.252769e-01	1.764323e-01	3.264613e-01	9.946089e-01
13141	3.520393e-01	3.986855e-02	2.296730e-02	2.870913e-02	1.503895e-01	1.265926e-01	4.035031e-01	8.540804e-01
25894	1.079151e-01	8.132902e-01	4.443872e-02	5.554841e-02	2.909841e-01	2.362065e-01	2.343940e-01	4.133726e-01
305	7.664809e-01	5.688595e-01	7.734492e-02	9.668114e-02	5.064533e-01	2.262744e-01	3.815024e-01	5.371305e-03
12446	5.837284e-01	7.864548e-01	6.166364e-02	7.707955e-02	4.037726e-01	4.021738e-01	2.051137e-01	8.275388e-01
25093	4.270664e-01	7.596084e-01	2.867675e-02	3.584594e-02	1.877749e-01	1.704486e-01	9.038773e-01	4.593123e-01
30194	2.057994e-01	2.397318e-01	3.809880e-02	4.762350e-02	2.494703e-01	2.284202e-01	8.185815e-01	4.217653e-01
2652	3.008363e-01	7.219578e-01	7.742020e-02	9.677524e-02	5.069462e-01	4.825901e-01	3.948407e-01	5.819817e-02
22400	5.412958e-02	9.116587e-01	3.054227e-02	3.817784e-02	1.999903e-01	1.894112e-01	8.192874e-01	6.654093e-01
24111	6.128160e-02	2.425434e-01	2.928993e-02	3.661241e-02	1.917900e-01	1.704050e-01	6.751210e-01	7.666335e-01
1193	9.319224e-01	8.739108e-01	2.891646e-02	3.614558e-02	1.893445e-01	1.007926e-01	7.953567e-01	6.378522e-01
16407	7.029044e-01	7.629708e-01	4.797785e-02	5.997232e-02	3.141582e-01	3.108197e-01	7.392522e-01	8.916554e-01
26924	2.461396e-01	2.524917e-01	2.638761e-02	3.298452e-02	1.727857e-01	1.315783e-01	2.354972e-01	5.374357e-01
31621	1.400213e-01	2.464529e-01	5.008248e-02	6.260310e-02	3.279393e-01	3.265255e-01	1.659053e-01	7.299561e-01
8413	2.936879e-01	4.184646e-01	5.308465e-02	6.635581e-02	3.475975e-01	3.051094e-01	5.117295e-02	1.934208e-01
22880	5.430586e-01	7.114362e-01	2.452119e-02	3.065149e-02	1.605644e-01	1.506470e-01	9.378548e-01	7.702998e-01
14711	5.410849e-01	5.537687e-01	2.813417e-02	3.516771e-02	1.842221e-01	1.453737e-01	3.616475e-01	5.661609e-01
25879	6.538883e-01	6.911914e-01	3.758346e-02	4.697933e-02	2.460959e-01	1.630752e-01	6.717146e-01	8.350489e-01
19238	5.809380e-01	6.626572e-01	2.337278e-02	2.921598e-02	1.530446e-01	5.985200e-02	5.905393e-01	4.273919e-01
11312	7.963147e-01	1.604438e-01	5.273124e-02	6.591405e-02	3.452833e-01	2.373615e-01	3.385467e-01	9.824210e-01
19161	2.069397e-01	8.205908e-01	4.771627e-02	5.964534e-02	3.124454e-01	2.493785e-01	9.672674e-01	7.516886e-01
21032	6.041325e-01	4.079869e-01	2.163833e-02	2.704791e-02	1.416874e-01	7.787779e-02	6.848804e-01	9.292265e-01
32762	6.015868e-01	6.845433e-02	3.122651e-02	3.903314e-02	2.044707e-01	2.010318e-01	7.610171e-01	7.448850e-02
17434	1.087982e-01	5.750653e-01	3.204346e-02	4.005432e-02	2.098201e-01	6.066217e-02	8.907032e-01	5.655715e-01
9892	6.359188e-01	3.005360e-01	2.204244e-02	2.755305e-02	1.443336e-01	1.405290e-01	5.164292e-01	9.981787e-01
4935	4.775063e-01	4.626224e-01	5.549502e-02	6.936877e-02	3.633805e-01	1.364207e-01	1.378459e-01	4.676352e-01
16838	1.492923e-01	4.107131e-01	6.576353e-02	8.220442e-02	4.306186e-01	4.217366e-01	2.392391e-01	7.608740e-01
1897	9.105874e-01	8.605173e-01	2.344780e-02	2.930975e-02	1.535358e-01	5.654392e-02	2.130402e-01	2.777707e-01
31613	2.023293e-01	1.831840e-01	7.380216e-02	9.225270e-02	4.832554e-01	2.569619e-01	3.926803e-02	2.443933e-01
32077	8.376427e-01	1.972399e-01	2.623176e-02	3.278970e-02	1.717652e-01	5.978227e-02	5.118987e-01	6.937342e-01
17563	7.227910e-01	9.935911e-02	2.202882e-02	2.753602e-02	1.442444e-01	1.441743e-01	4.255736e-01	8.715255e-01
24783	6.040115e-01	4.489811e-01	4.393236e-02	5.491545e-02	2.876684e-01	2.191594e-01	5.992650e-02	3.721733e-03
23335	9.425184e-01	1.693575e-01	2.141805e-02	2.677257e-02	1.402451e-01	1.401284e-01	2.711798e-01	2.721935e-01
12091	6.360272e-01	6.297761e-02	2.141226e-02	2.676533e-02	1.402072e-01	1.396001e-01	1.100324e-01	2.860570e-01
3531	5.247609e-01	3.257713e-01	2.168522e-02	2.710652e-02	1.419945e-01	9.403644e-02	2.561823e-01	1.339401e-01
4215	8.272074e-01	8.217873e-01	6.309390e-02	7.886738e-02	4.131379e-01	1.404962e-01	6.528848e-01	1.440797e-01
890	3.294665e-01	6.732273e-02	5.347493e-02	6.684366e-02	3.501530e-01	1.038615e-01	5.440936e-01	9.108053e-01
14433	9.216860e-01	9.404811e-01	3.643240e-02	4.554050e-02	2.385588e-01	2.261864e-01	2.100499e-01	8.913898e-01
