27573	8.975504e-01	6.288223e-01	2.928306e-02	3.660382e-02	1.917450e-01	1.810433e-01	4.124854e-01	4.844227e-01
21376	5.262732e-01	7.718157e-01	7.027558e-02	8.784448e-02	4.601634e-01	1.807997e-01	1.523687e-01	8.862784e-01
17019	1.568876e-01	2.281656e-01	3.064135e-02	3.830169e-02	2.006391e-01	1.960723e-01	5.929195e-01	1.136063e-01
1477	2.845909e-01	5.482383e-01	2.882888e-02	3.603609e-02	1.887710e-01	1.862641e-01	5.146971e-01	7.042592e-01
32761	6.295887e-01	7.377873e-01	2.532019e-02	3.165024e-02	1.657962e-01	1.174209e-01	7.680619e-01	1.529485e-01
26470	6.289948e-01	5.465686e-02	2.211588e-02	2.764485e-02	1.448145e-01	9.973475e-02	4.999578e-01	2.216118e-01
3490	9.222888e-01	1.598426e-01	4.674137e-02	5.842672e-02	3.060618e-01	2.787440e-01	1.577810e-01	4.942135e-01
15405	7.775769e-01	8.156319e-01	2.509148e-02	3.136435e-02	1.642986e-01	1.067057e-01	6.983440e-01	4.329187e-01
10088	6.959074e-01	9.175304e-01	2.836140e-02	3.545175e-02	1.857100e-01	1.234686e-01	5.614771e-01	6.570843e-01
3025	2.396512e-01	9.269133e-01	6.035858e-02	7.544822e-02	3.952270e-01	3.946964e-01	5.076960e-01	5.054823e-02
1015	4.983668e-01	3.924375e-01	6.856882e-02	8.571103e-02	4.489876e-01	3.436007e-01	6.856537e-01	3.093983e-01
12187	1.035243e-01	1.577878e-01	2.662133e-02	3.327666e-02	1.743160e-01	1.733185e-01	7.020178e-02	2.829869e-01
32380	3.203517e-01	5.935673e-01	7.177151e-02	8.971439e-02	4.699587e-01	3.030290e-01	6.559441e-01	6.599356e-01
7910	6.297770e-01	2.262880e-01	6.340274e-02	7.925343e-02	4.151602e-01	2.410393e-01	4.514838e-01	7.836948e-01
30073	3.216693e-01	1.741843e-01	3.134913e-02	3.918642e-02	2.052736e-01	1.385811e-01	5.871438e-01	9.478385e-01
5817	6.986363e-01	1.108524e-01	2.929318e-02	3.661647e-02	1.918113e-01	1.855225e-01	3.474424e-01	2.112864e-01
2863	3.318002e-01	6.968706e-01	5.256064e-02	6.570080e-02	3.441663e-01	3.315816e-01	6.328860e-01	7.464266e-01
18339	9.246077e-01	7.940258e-01	2.662347e-02	3.327934e-02	1.743301e-01	1.104132e-01	2.763602e-02	7.438527e-01
12273	9.314115e-01	4.396507e-01	4.864719e-02	6.080898e-02	3.185410e-01	1.702776e-01	3.904850e-01	8.366598e-01
16324	3.303556e-01	8.558134e-01	2.106348e-02	2.632934e-02	1.379233e-01	8.548187e-02	7.178017e-01	6.857895e-01
31591	3.588632e-01	3.064353e-01	3.730834e-02	4.663543e-02	2.442944e-01	7.398178e-02	8.491061e-01	1.242320e-01
26810	1.010586e-01	5.573041e-01	3.920979e-02	4.901224e-02	2.567451e-01	2.325116e-01	1.662637e-03	9.233714e-01
12358	2.654282e-01	4.307050e-01	2.454992e-02	3.068741e-02	1.607525e-01	1.607397e-01	6.856464e-01	4.675283e-01
11557	3.222124e-01	9.499068e-01	2.101195e-02	2.626493e-02	1.375859e-01	5.434182e-02	9.904199e-01	8.130150e-01
7020	4.483190e-01	8.962340e-01	7.052799e-02	8.815998e-02	4.618162e-01	3.530465e-01	3.648232e-01	9.214714e-02
26495	1.432561e-01	3.619138e-02	3.286137e-02	4.107671e-02	2.151757e-01	1.923084e-01	8.224194e-01	5.573686e-01
28107	8.406739e-01	1.842739e-01	2.673001e-02	3.341251e-02	1.750277e-01	8.007524e-02	5.267349e-01	8.424103e-01
22774	8.933495e-01	1.121940e-01	2.778445e-02	3.473056e-02	1.819321e-01	1.537701e-01	3.352764e-01	5.939181e-01
23153	4.427160e-01	3.932255e-01	3.121905e-02	3.902381e-02	2.044218e-01	8.786687e-02	7.718333e-01	8.708732e-01
1023	1.235722e-01	5.946084e-01	2.326362e-02	2.907952e-02	1.523298e-01	6.636968e-02	9.953184e-01	6.435344e-02
31	3.874640e-01	1.172970e-01	2.533977e-02	3.167471e-02	1.659244e-01	6.803547e-02	9.555575e-01	4.750870e-01
16473	4.803111e-02	7.049943e-01	2.720994e-02	3.401242e-02	1.781702e-01	1.339126e-01	8.665214e-01	8.515716e-01
30227	2.235258e-01	3.242269e-01	5.028215e-02	6.285269e-02	3.292467e-01	2.515562e-01	8.490555e-01	5.183559e-01
28124	2.077106e-01	5.211443e-02	2.789260e-02	3.486574e-02	1.826403e-01	1.038571e-01	6.695462e-01	1.923214e-01
27509	9.475945e-01	7.364061e-01	2.671287e-02	3.339109e-02	1.749155e-01	1.736369e-01	2.008961e-01	1.222014e-01
6547	6.812405e-01	4.105891e-01	5.258533e-02	6.573166e-02	3.443279e-01	3.377353e-01	8.028087e-01	3.872127e-01
3962	6.767801e-01	7.344662e-01	2.285312e-02	2.856640e-02	1.496419e-01	1.490518e-01	5.338314e-01	6.404609e-01
25196	5.209355e-01	6.785341e-01	2.703297e-02	3.379121e-02	1.770114e-01	1.688769e-01	6.259945e-01	1.180353e-01
26340	4.561314e-01	3.065968e-01	4.408298e-02	5.510373e-02	2.886547e-01	1.660114e-01	1.178027e-01	9.927788e-01
3530	1.965523e-01	8.593111e-02	2.080089e-02	2.600111e-02	1.362039e-01	1.096429e-01	9.881709e-01	7.982733e-01
9748	5.880250e-01	2.206607e-01	2.285428e-02	2.856785e-02	1.496494e-01	9.214136e-02	1.314215e-01	7.319016e-01
32304	2.349453e-01	4.008673e-01	3.153836e-02	3.942295e-02	2.065127e-01	2.029443e-01	7.384838e-01	6.671392e-01
4294	9.611342e-01	6.727558e-01	2.755038e-02	3.443798e-02	1.803995e-01	1.781156e-01	9.050821e-01	3.467848e-01
7383	6.186123e-01	5.633227e-01	2.165806e-02	2.707257e-02	1.418166e-01	1.364718e-01	5.268599e-01	7.070416e-01
16169	2.511599e-01	7.031728e-01	2.631918e-02	3.289897e-02	1.723376e-01	1.381252e-01	9.486776e-01	9.841611e-01
11677	9.653364e-01	6.579424e-02	2.774178e-02	3.467722e-02	1.816527e-01	1.670909e-01	8.897476e-01	4.600137e-01
32255	7.527013e-01	6.005800e-01	3.998489e-02	4.998111e-02	2.618204e-01	1.169301e-01	3.116072e-01	7.078235e-01
31713	5.450389e-01	5.400546e-02	2.820113e-02	3.525141e-02	1.846605e-01	5.364327e-02	8.501688e-01	1.766228e-01
22658	9.119707e-01	2.977825e-01	4.957692e-02	6.197115e-02	3.246289e-01	1.533785e-01	4.576120e-01	8.755080e-01
29950	5.811488e-01	6.879771e-01	2.236870e-02	2.796088e-02	1.464699e-01	1.350842e-01	8.276976e-02	5.705807e-01
22104	7.004393e-01	6.183810e-01	2.840532e-02	3.550665e-02	1.859976e-01	1.485305e-01	8.509770e-01	8.828639e-01
11692	2.075906e-01	6.748250e-01	5.085530e-02	6.356913e-02	3.329997e-01	1.111978e-01	4.548953e-01	3.247925e-01
23424	1.128345e-01	4.509732e-01	7.157157e-02	8.946446e-02	4.686495e-01	3.703496e-01	9.816403e-02	8.377551e-01
6013	6.515415e-01	6.666607e-01	2.504657e-02	3.130821e-02	1.640045e-01	5.790303e-02	1.509523e-01	9.547696e-01
14632	2.334058e-01	9.355340e-02	2.170688e-02	2.713360e-02	1.421363e-01	1.304040e-01	5.249937e-01	5.381035e-01
17174	4.140925e-01	7.623777e-01	3.675908e-02	4.594885e-02	2.406979e-01	1.145299e-01	3.648507e-01	2.608092e-01
24867	4.293878e-01	2.219200e-01	3.428112e-02	4.285141e-02	2.244723e-01	1.598802e-01	5.334334e-01	8.885337e-01
19659	8.854428e-01	8.263234e-01	3.362094e-02	4.202617e-02	2.201494e-01	9.290344e-02	7.535329e-01	6.050303e-01
28015	7.480189e-01	1.491274e-01	3.129251e-02	3.911563e-02	2.049029e-01	1.095675e-01	9.731605e-01	6.517381e-01
23298	4.927544e-01	8.410089e-01	2.166848e-02	2.708560e-02	1.418849e-01	1.224413e-01	6.898221e-02	2.145681e-01
1473	6.223369e-01	4.849243e-01	3.883694e-02	4.854618e-02	2.543037e-01	2.060779e-01	6.406019e-01	3.108843e-01
11587	5.856706e-01	8.233387e-01	4.114760e-02	5.143450e-02	2.694338e-01	1.054916e-01	1.170096e-02	3.588875e-01
32271	3.423548e-01	7.667473e-01	5.298722e-02	6.623402e-02	3.469595e-01	9.386306e-02	8.117513e-01	6.479692e-01
23988	5.465395e-01	8.607670e-01	6.241434e-02	7.801792e-02	4.086881e-01	2.937187e-01	2.527105e-01	5.421485e-01
12699	8.430932e-01	4.876588e-02	2.337940e-02	2.922425e-02	1.530879e-01	1.423313e-01	4.237124e-01	2.909567e-01
31310	5.481158e-01	5.761599e-01	3.538634e-02	4.423293e-02	2.317092e-01	2.165959e-01	7.882842e-01	6.464505e-01
25967	9.120383e-01	4.769321e-01	2.469168e-02	3.086460e-02	1.616808e-01	1.170226e-01	5.025629e-01	7.412159e-01
18084	8.360704e-01	4.009906e-01	3.849093e-02	4.811366e-02	2.520380e-01	2.302534e-01	1.588006e-01	5.734823e-01
18036	8.798801e-01	9.687261e-01	2.879347e-02	3.599184e-02	1.885392e-01	1.599454e-01	8.516807e-01	5.446416e-01
19729	6.944063e-01	4.820610e-01	2.055495e-02	2.569368e-02	1.345935e-01	1.193720e-01	1.679317e-01	5.824372e-01
14665	8.295740e-01	5.467242e-01	2.473231e-02	3.091539e-02	1.619468e-01	1.274805e-01	8.869316e-02	2.377584e-01
31792	4.076284e-01	1.583818e-01	2.820956e-02	3.526196e-02	1.847158e-01	1.601568e-01	1.136633e-01	2.516851e-01
