1601	9.899873e-02	6.736352e-01	2.765903e-02	3.457379e-02	1.811109e-01	1.688363e-01	3.213746e-01	9.512871e-02
27794	5.918540e-01	8.503904e-01	6.806728e-02	8.508411e-02	4.457035e-01	4.456335e-01	7.062066e-01	8.482187e-01
23461	7.832940e-01	3.048642e-01	3.383542e-02	4.229428e-02	2.215538e-01	2.054283e-01	8.991225e-01	6.907139e-01
1390	8.034212e-02	1.429535e-01	2.313160e-02	2.891450e-02	1.514653e-01	1.369875e-01	9.065280e-02	2.254997e-01
6810	6.350004e-01	6.662189e-01	4.486773e-02	5.608466e-02	2.937932e-01	2.930689e-01	3.156481e-01	8.394413e-01
8900	4.731248e-01	5.391143e-01	2.753652e-02	3.442065e-02	1.803087e-01	1.016056e-01	8.033533e-01	3.080344e-01
14753	2.846633e-01	5.610016e-01	3.081386e-02	3.851732e-02	2.017687e-01	2.014773e-01	7.347296e-01	3.798071e-01
28765	4.077542e-01	3.566871e-01	2.793163e-02	3.491454e-02	1.828959e-01	1.326784e-01	8.514780e-01	9.368831e-02
30128	3.183289e-01	1.397018e-01	3.964249e-02	4.955311e-02	2.595784e-01	2.477091e-01	1.142622e-01	4.751858e-02
8785	7.098696e-01	2.433340e-01	2.454512e-02	3.068140e-02	1.607210e-01	1.527005e-01	6.911319e-01	9.818828e-01
24775	5.106188e-01	1.312477e-01	3.119861e-02	3.899827e-02	2.042880e-01	1.911432e-01	1.615348e-02	5.081637e-01
19399	8.104677e-01	8.778361e-02	5.520003e-02	6.900004e-02	3.614490e-01	3.595954e-01	4.107490e-01	1.358963e-01
12994	2.491903e-01	2.669145e-01	3.151992e-02	3.939990e-02	2.063920e-01	1.201095e-01	9.385672e-01	3.487109e-01
4834	8.582404e-01	4.864226e-01	5.345755e-02	6.682193e-02	3.500392e-01	2.899874e-01	7.963951e-01	5.997900e-01
23192	1.600322e-01	8.036470e-01	2.567429e-02	3.209286e-02	1.681149e-01	1.270745e-01	4.872914e-01	1.293634e-01
12937	5.374485e-01	7.672493e-01	2.365833e-02	2.957291e-02	1.549144e-01	9.765254e-02	8.429448e-01	6.207893e-01
20855	6.500860e-01	7.814669e-01	2.274842e-02	2.843553e-02	1.489563e-01	1.129325e-01	4.690902e-01	7.189640e-02
27432	3.509223e-01	5.118935e-01	3.950221e-02	4.937776e-02	2.586598e-01	1.077922e-01	7.127307e-02	8.013873e-01
5127	9.198023e-01	6.038970e-02	4.240860e-02	5.301075e-02	2.776909e-01	1.504970e-01	7.481316e-01	3.201622e-01
25875	3.698008e-01	8.992576e-01	4.428084e-02	5.535106e-02	2.899503e-01	2.823252e-01	8.378238e-01	8.846626e-01
25862	4.332717e-01	2.986388e-01	2.818242e-02	3.522802e-02	1.845380e-01	1.663740e-01	7.859997e-01	1.899803e-01
31315	5.810278e-01	6.762847e-01	2.713443e-02	3.391804e-02	1.776758e-01	1.108414e-01	6.936048e-01	9.310630e-01
25985	1.222989e-01	2.354582e-01	2.998408e-02	3.748010e-02	1.963353e-01	1.287786e-01	1.752727e-02	4.639827e-01
27484	1.414225e-01	8.780239e-01	3.115091e-02	3.893864e-02	2.039757e-01	1.938232e-01	4.618084e-01	9.627998e-01
16609	7.176844e-01	9.529046e-01	2.281612e-02	2.852015e-02	1.493996e-01	1.293544e-01	9.112438e-01	9.217735e-01
24958	7.281311e-01	3.461268e-01	3.650161e-02	4.562702e-02	2.390120e-01	8.271743e-02	2.833064e-01	3.940438e-01
25863	8.597903e-01	5.920384e-01	4.859997e-02	6.074996e-02	3.182318e-01	2.867223e-01	7.583861e-01	6.940061e-01
15206	9.125152e-01	1.345688e-01	2.317913e-02	2.897391e-02	1.517766e-01	1.405445e-01	3.956648e-01	3.781890e-01
1384	3.958466e-01	7.126803e-02	2.721457e-02	3.401821e-02	1.782006e-01	1.227054e-01	2.783357e-01	1.511449e-01
9836	9.002883e-01	8.819330e-01	3.350341e-02	4.187926e-02	2.193798e-01	1.699770e-01	6.454869e-01	5.277353e-01
11281	3.421672e-01	2.737749e-01	3.253414e-02	4.066768e-02	2.130331e-01	1.366567e-01	7.225327e-01	8.218869e-03
27662	1.199391e-01	3.445848e-01	2.987573e-02	3.734467e-02	1.956258e-01	1.812948e-01	5.076752e-02	8.117392e-01
18122	5.811775e-01	9.322335e-01	4.320505e-02	5.400632e-02	2.829060e-01	2.341059e-01	7.765779e-01	2.837739e-01
5268	7.249435e-01	8.808003e-01	5.820887e-02	7.276109e-02	3.811508e-01	2.787057e-01	6.810377e-01	7.611737e-01
15930	3.097214e-01	6.503315e-01	3.735382e-02	4.669227e-02	2.445922e-01	6.957015e-02	6.185273e-01	3.827568e-02
26756	6.512669e-01	5.308401e-02	3.340148e-02	4.175185e-02	2.187124e-01	1.951752e-01	6.665468e-01	3.236676e-01
15457	8.136920e-01	3.882080e-01	2.388439e-02	2.985549e-02	1.563946e-01	1.401771e-01	5.907662e-01	5.729160e-01
30793	8.737953e-01	1.378428e-01	2.337895e-02	2.922369e-02	1.530850e-01	5.832231e-02	3.525168e-01	9.156339e-01
3594	1.765136e-01	1.093584e-01	3.682733e-02	4.603416e-02	2.411448e-01	1.923254e-01	9.135669e-01	5.108189e-01
23483	3.490881e-01	7.264244e-01	3.096517e-02	3.870647e-02	2.027595e-01	1.777881e-01	6.588445e-01	4.159437e-01
25605	2.119641e-01	3.412411e-01	4.498745e-02	5.623431e-02	2.945771e-01	1.298675e-01	5.143913e-01	9.858885e-01
5638	8.113561e-01	1.955787e-01	2.185619e-02	2.732024e-02	1.431140e-01	1.395996e-01	2.571466e-01	9.728428e-01
4902	6.957835e-01	4.953545e-01	2.391670e-02	2.989587e-02	1.566062e-01	1.560592e-01	9.751520e-01	6.186965e-01
11184	6.834202e-01	1.329720e-01	6.027654e-02	7.534568e-02	3.946899e-01	3.827724e-01	3.350049e-01	4.951256e-01
12690	5.433282e-01	7.918927e-01	2.968491e-02	3.710613e-02	1.943763e-01	5.107599e-02	5.535175e-01	3.927637e-01
16540	4.074502e-01	1.764756e-01	2.104078e-02	2.630097e-02	1.377747e-01	4.702763e-02	6.374870e-01	6.414038e-01
15746	6.076126e-01	2.083506e-01	7.018544e-02	8.773180e-02	4.595732e-01	1.567509e-01	6.515694e-01	3.509908e-01
29235	7.972307e-01	8.710381e-01	2.262758e-02	2.828447e-02	1.481650e-01	6.139330e-02	6.623412e-01	2.917748e-01
10391	3.573859e-01	6.582182e-01	3.289068e-02	4.111335e-02	2.153676e-01	7.790795e-02	5.977759e-01	1.611519e-01
13500	6.042201e-01	6.995883e-01	2.159755e-02	2.699694e-02	1.414204e-01	1.344681e-01	3.312092e-01	3.242597e-01
11088	7.523666e-01	6.725228e-01	2.605854e-02	3.257317e-02	1.706309e-01	1.271572e-01	2.774189e-01	5.638719e-01
24842	7.777641e-01	7.535166e-01	2.172209e-02	2.715262e-02	1.422359e-01	5.938286e-02	5.582221e-02	7.220838e-02
23619	3.293307e-01	8.163481e-01	3.430560e-02	4.288199e-02	2.246325e-01	1.634188e-01	1.490314e-01	7.698774e-01
5342	3.054169e-01	8.555764e-01	3.060883e-02	3.826104e-02	2.004261e-01	1.988805e-01	3.746045e-01	1.584231e-01
21537	6.035680e-01	2.988428e-01	5.540876e-02	6.926095e-02	3.628157e-01	3.052940e-01	7.759035e-01	7.681156e-01
25910	7.419039e-01	6.182115e-01	5.738413e-02	7.173016e-02	3.757504e-01	1.773062e-01	8.057867e-02	7.708698e-01
1899	4.144517e-01	6.055940e-01	5.391429e-02	6.739286e-02	3.530299e-01	3.405006e-01	2.579282e-02	4.405358e-01
20305	7.721295e-01	4.197273e-01	3.028603e-02	3.785754e-02	1.983125e-01	1.795310e-01	4.192185e-01	1.284378e-01
25580	3.294129e-01	3.494141e-01	6.054454e-02	7.568067e-02	3.964447e-01	2.815154e-01	7.714984e-01	9.057388e-01
15659	8.948479e-01	1.081623e-01	2.154318e-02	2.692898e-02	1.410644e-01	9.900778e-02	2.191461e-01	6.603384e-01
28717	9.313630e-01	5.841398e-01	5.463872e-02	6.829840e-02	3.577735e-01	3.029979e-01	5.016989e-01	8.834706e-01
29709	1.908106e-01	8.278099e-01	3.842147e-02	4.802684e-02	2.515832e-01	1.951793e-01	3.768315e-01	8.244215e-02
27020	4.530976e-01	9.274233e-01	4.439253e-02	5.549066e-02	2.906816e-01	2.265719e-01	9.010271e-01	2.371593e-01
7020	8.727406e-01	6.881453e-01	4.878906e-02	6.098632e-02	3.194700e-01	2.825120e-01	3.493294e-01	9.124870e-01
10626	9.878043e-02	4.736836e-01	2.218426e-02	2.773032e-02	1.452622e-01	7.417347e-02	1.214224e-01	8.095222e-01
11990	7.277041e-01	3.466879e-02	2.207729e-02	2.759661e-02	1.445617e-01	1.156531e-01	3.180910e-01	2.301385e-02
21584	2.615081e-01	1.041798e-01	7.069748e-02	8.837185e-02	4.629260e-01	1.888671e-01	8.092680e-01	9.376510e-01
9515	4.865480e-01	4.166028e-01	7.937482e-02	9.921852e-02	5.197451e-01	4.259460e-01	4.975706e-01	4.467178e-01
6552	5.979054e-01	6.074861e-02	4.916085e-02	6.145106e-02	3.219045e-01	9.358490e-02	6.942691e-01	8.825149e-01
30493	2.821398e-01	2.320160e-01	2.759461e-02	3.449326e-02	1.806891e-01	1.806682e-01	9.075745e-01	2.101527e-01
11234	2.986031e-01	2.710977e-01	2.999608e-02	3.749510e-02	1.964139e-01	6.186171e-02	5.739527e-01	4.003592e-01
11848	6.049959e-01	4.836301e-01	5.668559e-02	7.085699e-02	3.711764e-01	2.992876e-01	2.409871e-01	4.059014e-01
4022	5.531055e-01	4.657271e-01	2.730559e-02	3.413199e-02	1.787966e-01	6.579500e-02	6.610397e-01	7.971577e-01
