6281	1.885508e-01	3.485927e-01	2.579094e-02	3.223868e-02	1.688787e-01	1.151922e-01	8.230182e-02	7.622162e-01
2327	1.128294e-01	2.226012e-01	3.001296e-02	3.751620e-02	1.965244e-01	1.948413e-01	7.980314e-01	8.113153e-01
5448	5.581137e-01	3.958028e-01	3.575535e-02	4.469419e-02	2.341255e-01	1.889862e-01	8.810568e-01	1.539245e-01
3557	7.222129e-01	9.114672e-01	6.556057e-02	8.195071e-02	4.292896e-01	3.965385e-01	2.848245e-01	1.488250e-01
21592	8.375759e-01	1.717875e-01	7.626619e-02	9.533274e-02	4.993898e-01	4.418678e-01	3.534236e-01	9.411191e-01
27761	4.475767e-01	1.196237e-01	4.847977e-02	6.059971e-02	3.174448e-01	9.891605e-02	1.354062e-01	4.395570e-01
15479	7.038654e-01	6.002543e-01	3.076553e-02	3.845692e-02	2.014522e-01	1.429662e-01	1.718690e-01	4.945562e-01
18628	2.340931e-01	3.549993e-01	3.370424e-02	4.213030e-02	2.206948e-01	1.055092e-01	5.700417e-01	4.186049e-01
6703	8.968359e-01	3.571411e-01	3.412189e-02	4.265237e-02	2.234296e-01	2.158679e-01	7.253644e-02	6.893520e-03
763	1.176963e-01	3.261138e-01	2.565361e-02	3.206701e-02	1.679794e-01	9.460994e-02	6.862607e-01	7.227238e-02
31261	4.185055e-01	6.470928e-01	2.153508e-02	2.691885e-02	1.410114e-01	1.408740e-01	3.201273e-01	9.412052e-01
11364	1.616948e-01	2.963071e-01	3.191891e-02	3.989864e-02	2.090045e-01	1.600000e-01	1.873456e-02	7.422860e-01
1677	8.804328e-01	4.717775e-01	3.858471e-02	4.823089e-02	2.526521e-01	2.498217e-01	5.486663e-01	3.695539e-01
31409	3.749542e-01	8.984014e-01	3.626134e-02	4.532668e-02	2.374387e-01	8.516853e-02	8.952569e-01	9.430205e-01
18970	9.548402e-01	9.209004e-01	3.183362e-02	3.979203e-02	2.084461e-01	1.529792e-01	9.296337e-01	6.798381e-01
9719	9.471403e-01	8.262839e-01	4.723398e-02	5.904247e-02	3.092874e-01	3.084115e-01	9.138587e-01	1.099868e-01
31306	7.139420e-02	4.841650e-01	5.952052e-02	7.440065e-02	3.897394e-01	3.239826e-01	2.608332e-01	1.454845e-01
31386	6.590302e-01	9.387169e-01	5.662058e-02	7.077573e-02	3.707507e-01	1.844744e-01	3.761415e-01	3.192039e-01
3549	5.100261e-01	9.715035e-01	2.306617e-02	2.883271e-02	1.510369e-01	1.443230e-01	7.556381e-01	4.798059e-01
19279	3.885141e-01	8.534571e-01	3.163187e-02	3.953984e-02	2.071250e-01	1.975670e-01	2.600378e-01	7.930492e-03
18056	9.225311e-01	7.195030e-01	4.397633e-02	5.497042e-02	2.879564e-01	2.567480e-01	1.055460e-01	4.875880e-01
27201	1.891476e-01	6.440379e-01	5.023391e-02	6.279239e-02	3.289308e-01	3.220505e-01	8.235590e-01	2.749680e-01
13106	1.649335e-01	8.315179e-01	2.238748e-02	2.798435e-02	1.465929e-01	9.069641e-02	4.068482e-01	4.442982e-01
1371	3.099151e-01	3.229435e-01	3.223620e-02	4.029525e-02	2.110821e-01	1.963565e-01	4.617862e-01	8.976878e-02
25280	2.339194e-01	8.431868e-01	4.111863e-02	5.139828e-02	2.692441e-01	1.695853e-01	4.498308e-01	8.128871e-01
18909	5.611064e-01	1.460319e-01	2.358107e-02	2.947634e-02	1.544085e-01	4.151495e-02	3.188320e-01	9.998705e-01
13812	2.414284e-01	4.085991e-01	2.441165e-02	3.051456e-02	1.598471e-01	1.511088e-01	8.590481e-01	6.544555e-01
32429	6.047561e-01	8.997820e-01	3.790449e-02	4.738061e-02	2.481980e-01	2.146705e-01	3.745831e-01	8.718913e-01
22089	2.002992e-01	8.677205e-02	3.172531e-02	3.965664e-02	2.077368e-01	1.971865e-01	7.834946e-01	4.567929e-01
17768	3.794142e-01	3.285984e-01	2.957523e-02	3.696904e-02	1.936582e-01	1.226491e-01	2.602211e-01	3.948744e-02
14088	3.613168e-01	5.604302e-01	4.547716e-02	5.684645e-02	2.977837e-01	2.955968e-01	8.098186e-01	9.821021e-01
29771	5.607815e-01	8.311165e-01	6.520529e-02	8.150661e-02	4.269632e-01	2.706197e-01	8.368936e-01	7.420868e-01
28507	8.670514e-01	6.638707e-01	3.107992e-02	3.884990e-02	2.035108e-01	1.985699e-01	4.541640e-01	4.769635e-01
13933	7.344197e-01	3.376243e-02	3.050591e-02	3.813239e-02	1.997522e-01	1.338678e-01	9.675275e-01	3.336413e-02
3293	6.715486e-01	5.039435e-01	7.700681e-02	9.625851e-02	5.042394e-01	4.870372e-01	5.406382e-01	4.014420e-02
17373	2.693075e-01	1.008370e-01	2.111160e-02	2.638950e-02	1.382384e-01	5.713837e-02	9.858287e-01	2.535909e-01
20680	6.410790e-01	1.993595e-01	2.573653e-02	3.217066e-02	1.685224e-01	1.512617e-01	8.354435e-01	7.803738e-02
5492	1.282463e-01	6.027274e-01	3.868145e-02	4.835182e-02	2.532856e-01	1.837397e-01	7.599755e-01	9.561386e-01
28317	4.336970e-01	4.265533e-01	2.394623e-02	2.993279e-02	1.567996e-01	1.387224e-01	4.840768e-01	1.235954e-01
1334	1.148024e-01	8.336671e-01	2.100017e-02	2.625021e-02	1.375088e-01	7.094970e-02	1.492410e-01	1.861153e-01
14692	1.437331e-01	4.045666e-01	3.989077e-02	4.986346e-02	2.612042e-01	1.941279e-01	1.854911e-01	2.966607e-01
8283	6.329465e-01	7.353932e-01	2.921815e-02	3.652269e-02	1.913200e-01	1.629437e-01	4.003522e-01	2.752589e-01
10124	7.614246e-01	4.989396e-01	4.729297e-02	5.911621e-02	3.096736e-01	2.416083e-01	9.348229e-01	6.638637e-01
2175	7.092144e-01	2.033053e-01	3.961774e-02	4.952217e-02	2.594163e-01	2.571658e-01	5.994017e-01	6.095681e-03
31274	6.641207e-01	1.038350e-01	7.180613e-02	8.975766e-02	4.701854e-01	1.598419e-01	7.743012e-01	9.535994e-01
14612	1.637711e-01	1.112348e-01	2.407365e-02	3.009206e-02	1.576339e-01	9.834628e-02	1.018546e-01	1.609814e-01
12295	3.347717e-01	1.749558e-01	7.034193e-02	8.792742e-02	4.605979e-01	4.443461e-01	6.902226e-01	9.063430e-01
30145	9.515320e-01	3.424575e-02	2.198113e-02	2.747641e-02	1.439321e-01	1.327541e-01	8.946930e-01	2.631909e-01
31977	3.126180e-01	4.704852e-02	4.034373e-02	5.042966e-02	2.641701e-01	1.090992e-01	8.029107e-01	7.630242e-01
25809	4.597684e-01	8.803819e-01	7.603087e-02	9.503858e-02	4.978489e-01	1.728594e-01	8.191043e-01	4.055940e-01
15031	8.600424e-01	4.083861e-01	3.359745e-02	4.199681e-02	2.199955e-01	6.271997e-02	5.650759e-01	9.336284e-01
19065	9.708056e-01	4.089863e-01	2.845553e-02	3.556942e-02	1.863264e-01	6.085039e-02	7.043257e-01	5.970264e-02
13804	8.416310e-01	8.659350e-01	3.081779e-02	3.852224e-02	2.017944e-01	1.922546e-01	9.496910e-01	4.157485e-01
24471	7.718830e-01	1.222762e-01	2.931811e-02	3.664764e-02	1.919746e-01	1.913069e-01	2.404328e-01	3.485845e-01
1729	1.571810e-01	5.893153e-02	2.175887e-02	2.719859e-02	1.424768e-01	1.218632e-01	1.479412e-01	6.843826e-01
13993	3.114579e-01	6.650163e-01	5.697484e-02	7.121854e-02	3.730703e-01	3.630988e-01	5.689499e-01	9.708150e-01
4310	4.333879e-01	8.068826e-01	2.171123e-02	2.713903e-02	1.421648e-01	1.328370e-01	7.158583e-01	8.283591e-01
27010	5.532452e-01	3.562817e-01	4.526079e-02	5.657599e-02	2.963670e-01	1.451029e-01	3.127522e-02	4.452673e-01
12086	5.168760e-01	8.996876e-01	4.116111e-02	5.145139e-02	2.695223e-01	2.603211e-01	3.484691e-01	4.498648e-01
17288	9.557792e-01	9.579907e-01	2.202425e-02	2.753032e-02	1.442145e-01	1.325989e-01	6.646462e-01	9.288615e-01
27052	3.575538e-01	9.445808e-01	3.703911e-02	4.629888e-02	2.425315e-01	2.122552e-01	7.635131e-02	4.550411e-01
2213	7.715340e-01	3.689709e-01	2.909319e-02	3.636649e-02	1.905018e-01	1.887495e-01	2.214609e-01	4.260396e-02
18681	5.446901e-01	4.758535e-01	6.117827e-02	7.647283e-02	4.005943e-01	2.892374e-01	1.701269e-01	9.985428e-01
20620	1.433739e-01	1.396602e-01	3.911655e-02	4.889569e-02	2.561346e-01	1.743307e-01	4.046871e-01	4.082226e-01
11727	8.178417e-01	4.400404e-01	3.771983e-02	4.714979e-02	2.469889e-01	1.574640e-01	6.958983e-01	4.655481e-01
20083	3.725000e-01	6.108769e-01	2.631500e-02	3.289375e-02	1.723102e-01	1.298693e-01	2.566798e-01	1.119307e-01
3800	9.232414e-01	1.632404e-01	3.983780e-02	4.979725e-02	2.608573e-01	2.414221e-01	2.226476e-01	8.573217e-01
28518	5.159092e-01	5.055340e-01	2.364800e-02	2.956000e-02	1.548468e-01	1.546689e-01	1.869536e-01	9.241061e-01
24777	6.656728e-01	1.751353e-01	2.184840e-02	2.731050e-02	1.430630e-01	1.332222e-01	5.312028e-01	5.564373e-01
23733	9.463183e-01	2.030294e-01	2.168830e-02	2.711037e-02	1.420147e-01	5.307714e-02	5.975230e-01	2.681150e-02
22699	2.012764e-01	8.683855e-01	3.737604e-02	4.672005e-02	2.447377e-01	1.427975e-01	5.030653e-01	4.085780e-01
2239	2.986805e-01	8.228146e-01	3.110103e-02	3.887629e-02	2.036491e-01	1.521157e-01	5.121831e-01	6.834466e-01
