17182	2.046736e-01	4.244316e-01	6.626347e-02	8.282934e-02	4.338922e-01	2.683344e-01	3.612249e-01	8.923756e-01
29930	7.362884e-01	3.767529e-01	2.429419e-02	3.036773e-02	1.590780e-01	1.579059e-01	9.241137e-01	3.076384e-01
29870	4.571395e-01	7.879555e-01	4.016815e-02	5.021018e-02	2.630204e-01	1.402084e-01	1.594308e-01	7.541145e-01
4916	7.124480e-01	7.257227e-01	2.223852e-02	2.779816e-02	1.456175e-01	1.144035e-01	8.401448e-01	9.837197e-01
31157	3.847728e-01	8.089174e-01	2.961327e-02	3.701659e-02	1.939072e-01	1.886175e-01	6.361678e-01	1.552614e-01
24496	2.913747e-01	1.947984e-01	3.897178e-02	4.871473e-02	2.551866e-01	1.949243e-01	2.026796e-01	2.982774e-01
9184	5.020985e-01	6.583009e-01	3.323382e-02	4.154228e-02	2.176145e-01	1.708963e-01	9.391561e-01	3.680189e-01
26693	2.276361e-01	2.997277e-01	3.610557e-02	4.513196e-02	2.364187e-01	2.358520e-01	9.590199e-01	4.013797e-01
23499	5.175724e-01	8.604694e-01	3.791372e-02	4.739215e-02	2.482584e-01	2.200647e-01	2.143297e-01	4.954229e-02
31352	7.340173e-01	9.703792e-01	2.377429e-02	2.971786e-02	1.556737e-01	8.628158e-02	8.417894e-01	6.308056e-01
30246	6.478227e-01	8.100276e-01	4.781936e-02	5.977420e-02	3.131204e-01	1.054266e-01	3.468883e-03	7.505450e-01
9155	4.563218e-01	5.867180e-01	6.881536e-02	8.601920e-02	4.506019e-01	3.642245e-01	2.043034e-01	4.190474e-02
9021	8.469560e-01	3.144534e-02	2.438121e-02	3.047651e-02	1.596478e-01	1.541196e-01	9.528641e-01	4.267383e-01
24068	8.983875e-01	6.718691e-01	2.524940e-02	3.156175e-02	1.653327e-01	1.546100e-01	2.996234e-01	8.885558e-01
31609	4.420845e-01	1.517791e-01	2.560153e-02	3.200191e-02	1.676384e-01	1.263228e-01	4.869907e-01	4.084987e-02
15299	7.975086e-01	7.391423e-01	2.115103e-02	2.643878e-02	1.384966e-01	4.557087e-02	7.575416e-01	9.131813e-01
646	8.155027e-01	9.552068e-01	3.119679e-02	3.899599e-02	2.042761e-01	9.464552e-02	5.524905e-02	8.966374e-01
13719	4.968284e-01	4.712158e-01	3.086734e-02	3.858418e-02	2.021189e-01	1.771723e-01	2.474031e-01	6.583072e-02
26282	3.263415e-01	3.914567e-01	3.698749e-02	4.623436e-02	2.421935e-01	1.154143e-01	2.611309e-02	6.498379e-01
31706	1.235775e-01	3.676196e-01	2.286161e-02	2.857701e-02	1.496974e-01	1.286053e-01	5.855032e-01	9.052147e-01
20676	8.568997e-01	8.590547e-01	2.549341e-02	3.186676e-02	1.669305e-01	1.259366e-01	5.377847e-03	3.211832e-01
1483	5.210969e-01	1.055161e-01	2.192632e-02	2.740790e-02	1.435732e-01	8.845043e-02	5.572204e-02	3.060800e-01
29841	2.721074e-01	1.094939e-01	4.014761e-02	5.018451e-02	2.628859e-01	2.115725e-01	1.320393e-01	9.608297e-01
389	8.323001e-01	3.804086e-01	2.108870e-02	2.636087e-02	1.380885e-01	1.195414e-01	7.230809e-01	2.776065e-02
27736	9.392222e-01	9.037256e-01	3.344035e-02	4.180043e-02	2.189669e-01	2.038632e-01	4.323062e-01	3.556688e-02
23374	3.215654e-01	8.769300e-02	2.084702e-02	2.605877e-02	1.365059e-01	6.135464e-02	2.367669e-01	9.996248e-01
22413	3.006922e-01	2.919654e-01	4.746143e-02	5.932678e-02	3.107767e-01	1.859716e-01	6.476354e-01	2.030874e-01
1831	7.859743e-01	8.933964e-01	2.087598e-02	2.609498e-02	1.366956e-01	5.359174e-02	1.667644e-01	8.145991e-02
9787	1.260919e-01	5.347393e-01	2.339225e-02	2.924032e-02	1.531721e-01	7.803763e-02	9.159877e-01	3.964103e-01
5736	5.842372e-01	5.380960e-01	2.377563e-02	2.971954e-02	1.556824e-01	1.115496e-01	4.200561e-01	9.553210e-01
8973	6.949551e-01	8.339065e-01	2.195980e-02	2.744975e-02	1.437924e-01	1.278652e-01	9.982409e-01	2.026936e-01
3316	4.222743e-02	8.008889e-01	4.412817e-02	5.516022e-02	2.889506e-01	2.823535e-01	9.538183e-01	4.727923e-01
12992	3.678162e-01	4.107693e-01	4.867531e-02	6.084414e-02	3.187252e-01	1.892640e-01	7.330733e-01	1.564883e-01
25320	1.669422e-01	7.159096e-01	2.430132e-02	3.037665e-02	1.591247e-01	1.518967e-01	9.012547e-01	4.744845e-01
25336	9.823058e-02	7.875460e-01	7.097280e-02	8.871600e-02	4.647288e-01	1.319948e-01	4.571641e-01	7.325585e-01
9570	1.483068e-01	5.633857e-01	2.708784e-02	3.385980e-02	1.773708e-01	9.305539e-02	6.322683e-01	4.286335e-01
31928	4.088556e-01	1.934231e-01	2.194438e-02	2.743047e-02	1.436914e-01	1.088952e-01	1.150019e-01	9.299482e-01
7258	4.697234e-01	3.467542e-02	2.921663e-02	3.652079e-02	1.913101e-01	9.765578e-02	7.261567e-01	9.485937e-01
1622	7.143363e-01	9.510004e-01	2.276025e-02	2.845031e-02	1.490338e-01	1.489700e-01	8.268944e-01	2.703715e-01
20600	7.357168e-01	1.731781e-01	2.397925e-02	2.997406e-02	1.570157e-01	1.195845e-01	3.133822e-01	4.580071e-02
28381	2.694136e-01	6.493074e-01	2.190477e-02	2.738096e-02	1.434321e-01	1.231581e-01	2.998144e-01	9.344092e-01
4436	1.386970e-01	4.548379e-01	5.513881e-02	6.892351e-02	3.610480e-01	1.310963e-01	5.306922e-01	5.314793e-01
6877	6.238522e-01	1.693430e-01	4.092522e-02	5.115652e-02	2.679777e-01	2.596076e-01	9.949582e-01	3.325765e-02
990	2.795562e-01	4.140046e-01	2.523893e-02	3.154866e-02	1.652641e-01	1.555508e-01	2.316194e-01	6.250542e-02
1505	7.581330e-01	5.538506e-01	2.456457e-02	3.070571e-02	1.608484e-01	1.588316e-01	4.893502e-01	5.516466e-01
8317	3.545260e-01	3.571665e-01	3.008822e-02	3.761028e-02	1.970172e-01	1.109884e-01	7.727429e-01	6.861272e-01
18351	8.664006e-01	3.187122e-01	2.913660e-02	3.642075e-02	1.907860e-01	1.166183e-01	9.876328e-02	1.470104e-03
27197	2.336595e-01	8.068250e-01	4.127023e-02	5.158779e-02	2.702368e-01	2.379478e-01	4.857150e-01	9.320568e-01
4484	3.964609e-01	1.186615e-01	3.969808e-02	4.962260e-02	2.599424e-01	2.213594e-01	4.286443e-01	6.849721e-01
25843	2.383796e-01	4.866187e-01	4.290672e-02	5.363340e-02	2.809526e-01	1.944163e-01	7.716851e-01	3.994538e-01
3475	4.905497e-01	2.027097e-01	3.486778e-02	4.358473e-02	2.283137e-01	2.211061e-01	3.669145e-01	4.511602e-01
2004	4.407737e-01	9.251441e-01	6.377937e-02	7.972422e-02	4.176263e-01	2.654737e-01	7.634550e-02	3.550569e-01
7091	8.845437e-01	3.678902e-02	3.531336e-02	4.414170e-02	2.312314e-01	2.249461e-01	9.697785e-01	1.039049e-01
26785	6.446644e-01	9.064590e-02	5.229928e-02	6.537410e-02	3.424549e-01	2.175267e-01	2.531138e-01	5.930097e-01
15644	6.734138e-01	5.673453e-01	4.838290e-02	6.047862e-02	3.168105e-01	3.146872e-01	7.238788e-01	4.935720e-01
21444	8.001641e-01	1.946321e-01	5.403601e-02	6.754501e-02	3.538269e-01	3.200143e-01	7.643303e-02	9.386940e-01
2140	2.996110e-01	7.331376e-01	3.219462e-02	4.024327e-02	2.108098e-01	1.578379e-01	5.672533e-01	5.927830e-02
24604	1.654925e-01	9.654571e-01	2.781252e-02	3.476566e-02	1.821160e-01	1.379357e-01	1.034445e-01	2.995660e-01
9038	1.116142e-01	4.950176e-01	2.308675e-02	2.885844e-02	1.511717e-01	1.143811e-01	2.628164e-01	4.584699e-01
26388	4.667696e-01	8.276337e-01	2.081978e-02	2.602472e-02	1.363276e-01	5.139138e-02	1.947020e-01	4.903377e-01
12203	2.603429e-01	7.030676e-01	4.135853e-02	5.169817e-02	2.708150e-01	9.994019e-02	6.146025e-02	7.475320e-01
17576	7.513809e-01	6.916738e-01	2.390685e-02	2.988357e-02	1.565417e-01	7.374597e-02	7.740304e-01	9.452421e-01
14672	6.238770e-01	2.719173e-01	4.051054e-02	5.063818e-02	2.652624e-01	2.589667e-01	6.568744e-01	3.584869e-01
4859	6.058984e-01	6.371337e-01	2.083916e-02	2.604895e-02	1.364545e-01	8.615287e-02	4.831249e-01	6.697196e-01
689	8.878412e-01	2.146117e-01	2.333065e-02	2.916331e-02	1.527687e-01	1.153346e-01	8.907946e-01	8.500401e-01
25194	1.855711e-01	6.309071e-01	4.099144e-02	5.123930e-02	2.684113e-01	2.636319e-01	8.001410e-01	9.575312e-01
29385	4.382550e-01	7.476518e-01	2.312692e-02	2.890865e-02	1.514347e-01	5.103266e-02	2.570785e-01	9.665284e-01
10284	7.666544e-01	2.710878e-01	3.187524e-02	3.984404e-02	2.087185e-01	1.514359e-01	8.721358e-01	2.635614e-01
26545	7.816524e-02	5.656541e-01	4.102441e-02	5.128051e-02	2.686272e-01	2.685355e-01	8.074394e-01	9.337607e-01
18936	4.683355e-02	1.361051e-01	2.294730e-02	2.868412e-02	1.502586e-01	1.374556e-01	6.082286e-01	8.561048e-01
12494	8.302220e-01	2.794117e-01	4.193899e-02	5.242373e-02	2.746158e-01	2.727297e-01	6.646593e-01	4.190563e-01
10177	9.201582e-01	9.430915e-01	3.606544e-02	4.508181e-02	2.361560e-01	8.241121e-02	1.043709e-01	4.152491e-01
23193	2.140100e-01	9.436139e-01	3.334206e-02	4.167758e-02	2.183233e-01	1.203495e-01	9.858637e-01	6.451910e-01
17567	6.283120e-01	3.763526e-01	3.365632e-02	4.207040e-02	2.203811e-01	2.124202e-01	8.184493e-01	8.021939e-01
11745	8.506122e-01	4.450999e-01	2.178890e-02	2.723613e-02	1.426734e-01	1.202318e-01	4.767771e-01	1.175908e-01
14474	2.229739e-01	2.590163e-01	3.508811e-02	4.386013e-02	2.297564e-01	1.087524e-01	8.611957e-01	2.168237e-01
27484	8.129280e-01	8.316852e-01	3.149981e-02	3.937476e-02	2.062602e-01	1.565925e-01	4.597439e-01	3.472795e-01
8334	7.528739e-01	1.155275e-01	3.451064e-02	4.313830e-02	2.259751e-01	8.408081e-02	9.713931e-01	2.260580e-03
2254	1.423036e-01	1.104610e-01	4.000323e-02	5.000404e-02	2.619405e-01	2.063263e-01	4.331335e-01	4.986929e-01
29	3.739699e-01	7.122953e-01	4.034486e-02	5.043107e-02	2.641775e-01	1.480645e-01	3.235876e-01	8.653584e-01
15638	5.659638e-01	2.407814e-01	3.444324e-02	4.305405e-02	2.255338e-01	2.205492e-01	3.257708e-01	8.063367e-01
5146	3.261396e-01	4.434780e-01	2.748124e-02	3.435155e-02	1.799467e-01	1.355029e-01	1.330707e-01	8.251822e-01
12134	4.270229e-01	8.475008e-01	4.529015e-02	5.661269e-02	2.965592e-01	2.166272e-01	8.777960e-01	4.667130e-01
