7659	8.116347e-01	3.257686e-01	6.110609e-02	7.638261e-02	4.001217e-01	2.816418e-01	5.193534e-01	4.541597e-01
7986	6.801429e-01	5.661927e-01	2.228175e-02	2.785219e-02	1.459005e-01	7.135774e-02	1.585194e-01	2.236943e-01
29721	3.831654e-01	7.690373e-01	4.416356e-02	5.520445e-02	2.891823e-01	2.809451e-01	4.588732e-01	4.118062e-01
295	7.397417e-01	7.299275e-01	3.136442e-02	3.920552e-02	2.053737e-01	1.298985e-01	5.719453e-02	7.374827e-01
31483	1.063743e-01	8.697795e-01	4.128237e-02	5.160296e-02	2.703163e-01	2.583589e-01	2.583199e-01	9.916758e-01
21696	4.295445e-01	4.369934e-01	2.650603e-02	3.313254e-02	1.735611e-01	1.633769e-01	2.614591e-01	9.191992e-01
10366	1.705523e-01	7.357323e-01	2.257220e-02	2.821525e-02	1.478024e-01	6.807212e-02	4.696621e-01	3.282523e-01
7924	6.705034e-01	6.820430e-01	2.180548e-02	2.725686e-02	1.427820e-01	1.100660e-01	1.249666e-01	8.398669e-01
31761	3.265239e-01	1.067693e-01	3.512655e-02	4.390818e-02	2.300081e-01	1.922485e-01	3.068032e-01	8.277992e-01
18974	4.260037e-01	5.796755e-01	7.879107e-02	9.848884e-02	5.159227e-01	4.083146e-01	6.785566e-01	5.420929e-01
28365	5.772301e-01	4.846934e-01	7.032162e-02	8.790202e-02	4.604649e-01	4.399920e-01	6.277339e-02	4.381695e-03
29830	7.916164e-01	6.180604e-01	2.814766e-02	3.518457e-02	1.843104e-01	1.079781e-01	7.953453e-01	3.706653e-01
6231	3.611686e-01	8.632810e-01	5.166981e-02	6.458727e-02	3.383331e-01	3.346776e-01	5.715423e-01	9.078069e-02
14911	7.625780e-01	8.206159e-01	5.118507e-02	6.398134e-02	3.351590e-01	1.529006e-01	8.915453e-01	2.189647e-01
28484	1.017067e-01	7.886933e-01	2.236142e-02	2.795177e-02	1.464222e-01	7.428258e-02	2.985087e-01	7.571244e-01
4548	5.926047e-01	4.074700e-01	4.409286e-02	5.511608e-02	2.887194e-01	2.356932e-01	7.687840e-01	5.276940e-01
32332	4.169027e-01	8.265073e-01	2.171142e-02	2.713928e-02	1.421661e-01	1.204191e-01	3.125835e-01	8.118637e-01
30477	8.504769e-01	9.402467e-01	2.116896e-02	2.646120e-02	1.386140e-01	5.921982e-02	8.893623e-01	9.818478e-01
15632	1.922091e-01	5.641765e-01	2.680109e-02	3.350136e-02	1.754931e-01	1.629548e-01	9.142509e-01	9.258913e-01
23653	7.378192e-01	8.935530e-01	2.562554e-02	3.203192e-02	1.677956e-01	9.686705e-02	1.938550e-02	3.134269e-01
7621	7.326440e-01	6.238400e-01	2.128245e-02	2.660307e-02	1.393572e-01	1.317935e-01	9.520065e-01	7.381000e-01
27264	9.279463e-01	1.224736e-01	2.976567e-02	3.720709e-02	1.949052e-01	1.701216e-01	2.529284e-01	3.810152e-01
31733	9.684521e-01	4.609691e-01	2.525426e-02	3.156782e-02	1.653645e-01	1.379697e-01	6.994837e-01	4.763195e-01
1348	1.956514e-01	3.630864e-01	4.100596e-02	5.125745e-02	2.685064e-01	2.609954e-01	8.021535e-01	2.343083e-01
27846	1.004701e-01	2.558074e-01	2.366938e-02	2.958673e-02	1.549867e-01	1.089413e-01	6.694794e-01	6.539253e-01
31702	8.144729e-02	7.074646e-01	3.149777e-02	3.937222e-02	2.062469e-01	8.079108e-02	8.769835e-01	6.796691e-01
31570	4.793205e-01	4.542714e-01	5.326157e-02	6.657697e-02	3.487560e-01	3.487228e-01	4.118477e-01	5.748648e-01
15861	4.070852e-01	3.043189e-01	2.742783e-02	3.428479e-02	1.795970e-01	1.732425e-01	1.606282e-01	3.593477e-01
10100	6.067224e-01	8.631438e-01	6.900370e-02	8.625462e-02	4.518351e-01	1.612004e-01	7.856471e-01	6.385055e-01
13754	7.644476e-01	3.724236e-01	5.001797e-02	6.252246e-02	3.275169e-01	2.512890e-01	4.884079e-01	9.302131e-01
15764	6.655314e-01	2.948535e-01	4.225564e-02	5.281955e-02	2.766893e-01	2.762061e-01	1.268853e-01	4.273046e-01
26709	2.953102e-01	3.922823e-02	2.094026e-02	2.617533e-02	1.371165e-01	9.937840e-02	9.834336e-01	5.813325e-01
1129	4.287776e-01	3.158266e-01	2.162875e-02	2.703594e-02	1.416247e-01	8.944906e-02	7.554916e-01	7.081975e-01
6218	3.507043e-01	7.602884e-01	2.181891e-02	2.727363e-02	1.428699e-01	5.543679e-02	1.823948e-01	4.976799e-01
9181	3.705445e-01	6.984792e-01	5.905774e-02	7.382218e-02	3.867092e-01	1.712886e-01	9.164256e-01	4.683546e-01
15781	9.194768e-01	3.533987e-01	5.482086e-02	6.852608e-02	3.589662e-01	3.355452e-01	2.486783e-01	2.462999e-01
15044	8.783502e-01	5.579915e-01	4.062882e-02	5.078602e-02	2.660369e-01	2.514277e-01	3.795191e-01	9.914238e-01
30353	2.656264e-01	1.921916e-01	2.625130e-02	3.281412e-02	1.718931e-01	1.316123e-01	5.573490e-01	2.640025e-01
30658	3.389478e-02	4.136598e-01	2.542900e-02	3.178625e-02	1.665087e-01	1.620772e-01	6.415550e-02	6.493274e-01
16959	6.481235e-01	4.234258e-01	2.164869e-02	2.706087e-02	1.417553e-01	8.813601e-02	9.050171e-01	9.207509e-01
14368	5.741595e-01	4.820070e-02	2.349795e-02	2.937244e-02	1.538642e-01	5.099301e-02	1.039627e-01	1.940484e-01
31042	3.110352e-01	8.272037e-01	6.828199e-02	8.535248e-02	4.471094e-01	1.859607e-01	6.996884e-01	7.694069e-01
28609	5.822480e-01	2.131244e-01	5.121408e-02	6.401760e-02	3.353490e-01	3.319719e-01	8.474658e-01	5.891005e-01
29944	6.807437e-01	5.980604e-01	2.063247e-02	2.579058e-02	1.351011e-01	1.296090e-01	1.938571e-01	4.888354e-01
27204	1.981079e-01	4.453371e-01	2.351062e-02	2.938828e-02	1.539472e-01	1.384874e-01	4.035855e-01	9.463869e-01
2380	5.456283e-02	7.319317e-01	2.307606e-02	2.884508e-02	1.511017e-01	7.867135e-02	1.630204e-01	7.861191e-01
7504	8.900978e-01	9.232636e-01	3.447890e-02	4.309862e-02	2.257673e-01	2.244649e-01	8.554552e-01	4.866555e-01
2063	5.469111e-01	3.509651e-01	2.554678e-02	3.193347e-02	1.672799e-01	1.659850e-01	6.205315e-01	8.223226e-01
19986	2.467915e-01	4.279865e-01	7.528980e-02	9.411225e-02	4.929964e-01	1.789237e-01	1.464846e-01	5.577253e-01
15054	8.898226e-01	6.578104e-01	2.090564e-02	2.613205e-02	1.368898e-01	7.408903e-02	1.070682e-01	4.109682e-01
6216	2.316283e-01	4.762054e-01	2.501593e-02	3.126991e-02	1.638039e-01	8.017491e-02	2.477578e-01	9.717143e-01
25798	7.715789e-01	1.209757e-01	3.777686e-02	4.722108e-02	2.473623e-01	1.073106e-01	5.174078e-01	5.206209e-01
12832	7.123050e-01	2.174201e-01	2.180248e-02	2.725310e-02	1.427623e-01	1.142971e-01	4.177433e-01	3.423992e-01
23797	4.375849e-01	8.739135e-01	2.268650e-02	2.835812e-02	1.485508e-01	7.898010e-02	6.084877e-01	2.882884e-01
2003	9.223092e-02	5.493927e-01	2.662258e-02	3.327822e-02	1.743242e-01	1.459456e-01	8.593046e-01	1.775480e-01
24273	5.596536e-01	7.167956e-01	3.750997e-02	4.688746e-02	2.456147e-01	2.325316e-01	8.814590e-01	8.434735e-03
19368	9.273086e-02	7.461195e-01	3.253338e-02	4.066672e-02	2.130280e-01	1.411384e-01	4.928312e-01	4.485323e-01
13047	4.660220e-01	7.000155e-01	6.340937e-02	7.926171e-02	4.152035e-01	1.489928e-01	5.583536e-01	5.670125e-01
22820	8.711925e-02	8.787567e-02	3.519455e-02	4.399319e-02	2.304534e-01	1.738001e-01	9.116496e-01	4.762599e-03
21505	6.914214e-02	6.609033e-01	2.382055e-02	2.977568e-02	1.559766e-01	4.748714e-02	1.906416e-01	4.675791e-01
1899	8.513592e-01	3.828213e-01	2.666879e-02	3.333598e-02	1.746268e-01	1.734313e-01	4.902265e-01	6.375519e-01
7094	9.700578e-01	7.431841e-01	2.115912e-02	2.644890e-02	1.385496e-01	9.856898e-02	1.075772e-01	1.789428e-01
32104	6.688301e-01	9.171098e-01	2.576900e-02	3.221125e-02	1.687350e-01	1.511190e-01	4.448577e-01	8.148121e-01
10738	3.668867e-01	2.304182e-01	4.369016e-02	5.461271e-02	2.860825e-01	2.820742e-01	1.084415e-01	6.962105e-01
15020	5.244406e-01	7.682465e-01	2.312267e-02	2.890334e-02	1.514069e-01	8.863744e-02	2.986341e-01	2.362316e-01
25005	2.937185e-01	5.485351e-01	6.858268e-02	8.572835e-02	4.490783e-01	2.228323e-01	7.010144e-01	8.454179e-02
27130	8.075293e-02	3.556549e-01	3.402672e-02	4.253341e-02	2.228065e-01	1.065302e-01	9.514247e-01	7.945188e-01
19914	6.703717e-01	9.717543e-02	4.007488e-02	5.009359e-02	2.624097e-01	2.617405e-01	3.862488e-01	7.106404e-01
11220	2.059044e-01	9.644679e-02	3.226485e-02	4.033106e-02	2.112697e-01	1.711718e-01	9.177436e-01	4.828888e-01
14942	6.221196e-02	9.738710e-01	2.122285e-02	2.652857e-02	1.389669e-01	1.062769e-01	7.937339e-01	7.429767e-01
26384	4.185676e-01	1.612005e-01	7.182702e-02	8.978377e-02	4.703222e-01	4.377789e-01	8.237962e-01	8.457539e-01
4282	9.492555e-01	4.336639e-01	2.537041e-02	3.171301e-02	1.661250e-01	1.562984e-01	9.025911e-01	6.420903e-01
8438	4.474521e-01	3.288490e-02	2.535112e-02	3.168890e-02	1.659987e-01	4.958672e-02	8.556757e-02	4.197505e-01
27133	2.844778e-01	6.787462e-01	2.331765e-02	2.914707e-02	1.526836e-01	7.334391e-02	3.734341e-01	6.017232e-01
16454	5.187213e-01	7.899998e-02	2.651195e-02	3.313994e-02	1.735998e-01	1.704694e-01	4.988862e-01	1.758818e-02
12922	8.520785e-01	4.890943e-01	3.169948e-02	3.962435e-02	2.075677e-01	7.330470e-02	7.005138e-01	2.001446e-01
17790	5.179550e-01	4.145541e-01	2.371503e-02	2.964378e-02	1.552856e-01	5.345124e-02	2.881470e-01	1.433591e-01
10768	5.597948e-01	6.058735e-01	5.784805e-02	7.231006e-02	3.787881e-01	2.601166e-01	1.752253e-01	5.082545e-01
29275	8.442196e-01	9.218806e-02	2.476059e-02	3.095073e-02	1.621319e-01	1.581311e-01	7.196369e-01	3.784812e-01
