17986	1.054647e-01	7.796021e-01	7.399736e-02	9.249671e-02	4.845336e-01	4.105773e-01	3.303899e-01	8.101657e-01
29755	9.286743e-01	2.993480e-01	2.242976e-02	2.803720e-02	1.468697e-01	6.700512e-02	2.629105e-01	4.040670e-01
8524	8.950747e-01	4.302752e-01	6.345182e-02	7.931478e-02	4.154816e-01	2.296656e-01	7.230290e-01	9.556631e-01
10005	8.554477e-01	9.174239e-01	2.980851e-02	3.726064e-02	1.951857e-01	7.547402e-02	7.016756e-01	5.335531e-01
23116	7.223825e-01	8.894956e-01	2.390504e-02	2.988130e-02	1.565298e-01	1.347696e-01	2.500710e-02	4.442811e-01
16477	6.531298e-01	2.316197e-01	2.558445e-02	3.198056e-02	1.675266e-01	5.063799e-02	2.491604e-01	7.070037e-01
24567	8.768850e-01	6.576069e-01	2.553021e-02	3.191276e-02	1.671714e-01	1.415673e-01	2.320741e-01	4.095631e-01
30638	7.008722e-01	2.373247e-01	2.513340e-02	3.141674e-02	1.645731e-01	1.218470e-01	6.170082e-01	9.136554e-01
4425	5.015588e-01	5.460548e-01	2.108091e-02	2.635114e-02	1.380375e-01	1.222578e-01	4.776651e-01	2.043673e-01
3	6.389564e-01	1.539009e-01	4.438063e-02	5.547579e-02	2.906037e-01	7.610186e-02	7.119744e-01	9.926663e-01
3647	6.810029e-01	2.065348e-01	2.305546e-02	2.881932e-02	1.509668e-01	1.328370e-01	5.717119e-01	2.025718e-01
31686	4.184235e-01	9.364432e-01	3.493995e-02	4.367494e-02	2.287863e-01	2.285065e-01	8.170439e-01	9.771793e-01
3238	8.258193e-02	1.515075e-01	2.682904e-02	3.353630e-02	1.756761e-01	1.754578e-01	6.793160e-01	6.797840e-01
25288	5.179977e-01	1.534650e-01	2.793552e-02	3.491940e-02	1.829214e-01	1.725423e-01	3.994515e-01	2.887924e-01
9361	9.681078e-01	4.392132e-01	2.135293e-02	2.669117e-02	1.398187e-01	1.381770e-01	2.505546e-01	9.785179e-01
15442	1.758237e-01	9.512057e-01	2.813690e-02	3.517112e-02	1.842400e-01	1.754889e-01	6.577117e-01	5.682876e-01
8285	6.824608e-01	5.917628e-01	2.997618e-02	3.747023e-02	1.962836e-01	1.574187e-01	9.786442e-01	2.693462e-01
20298	9.032416e-01	3.508969e-01	4.428401e-02	5.535502e-02	2.899710e-01	2.886841e-01	8.745099e-01	9.584663e-01
25819	7.013096e-01	9.277910e-01	2.760257e-02	3.450321e-02	1.807412e-01	1.778156e-01	4.060491e-01	9.899598e-01
2460	7.007164e-01	4.569119e-01	3.886925e-02	4.858657e-02	2.545153e-01	1.025818e-01	2.198922e-01	5.360832e-02
20557	3.329827e-01	3.439923e-01	2.536149e-02	3.170186e-02	1.660666e-01	1.656112e-01	5.318440e-01	2.400081e-01
13791	9.172053e-01	2.160240e-01	2.847846e-02	3.559808e-02	1.864765e-01	1.518015e-01	4.427399e-01	5.191351e-01
9959	7.677124e-01	4.972540e-01	2.098839e-02	2.623548e-02	1.374316e-01	1.208892e-01	2.837056e-01	7.057794e-02
29516	9.011806e-01	9.200810e-01	3.000395e-02	3.750494e-02	1.964654e-01	1.947792e-01	5.379476e-01	9.641173e-01
8519	3.608776e-01	3.165855e-01	2.191976e-02	2.739970e-02	1.435302e-01	1.340530e-01	9.399407e-02	6.685224e-01
15917	4.664935e-01	3.749077e-01	3.584920e-02	4.481149e-02	2.347400e-01	2.192637e-01	2.187452e-01	7.844237e-01
7871	1.837871e-01	2.276851e-01	3.225948e-02	4.032435e-02	2.112346e-01	1.167513e-01	4.667790e-01	7.190198e-01
14380	6.572067e-01	3.879908e-01	4.115610e-02	5.144513e-02	2.694895e-01	2.170798e-01	4.589260e-01	6.791444e-01
13687	7.218002e-01	6.711020e-01	5.000146e-02	6.250183e-02	3.274088e-01	1.721629e-01	4.633837e-01	7.975335e-01
17338	7.749308e-01	7.966047e-01	4.638531e-02	5.798163e-02	3.037303e-01	2.944996e-01	9.803449e-01	2.411940e-01
19627	9.084635e-01	8.359540e-01	2.744802e-02	3.431002e-02	1.797292e-01	1.779006e-01	5.758099e-02	5.814466e-02
28312	1.683775e-01	5.551723e-01	3.218239e-02	4.022799e-02	2.107298e-01	1.514878e-01	7.358245e-01	7.873148e-01
11930	6.605292e-01	3.283631e-01	7.215985e-02	9.019981e-02	4.725016e-01	1.515996e-01	8.508212e-01	2.400251e-01
28406	8.266775e-01	5.921689e-01	2.241425e-02	2.801781e-02	1.467682e-01	4.499259e-02	9.256008e-01	3.503384e-01
7501	4.450494e-01	1.194781e-01	3.956408e-02	4.945510e-02	2.590650e-01	1.815269e-01	8.226871e-01	4.159137e-01
4366	8.508692e-01	2.593792e-01	2.063642e-02	2.579552e-02	1.351269e-01	1.121872e-01	3.480833e-01	2.241835e-01
475	5.761131e-01	5.171539e-01	5.052792e-02	6.315990e-02	3.308560e-01	1.891366e-01	6.787312e-01	3.507643e-01
18118	9.034195e-01	1.515015e-01	4.884738e-02	6.105923e-02	3.198519e-01	3.006599e-01	2.287724e-01	5.611731e-03
33	6.974350e-01	8.680754e-01	2.250385e-02	2.812982e-02	1.473549e-01	1.394178e-01	1.746817e-01	8.231517e-01
8064	5.113844e-01	6.041606e-01	2.279098e-02	2.848873e-02	1.492350e-01	5.057104e-02	4.431117e-01	4.119189e-01
26532	6.148281e-01	8.622945e-01	7.183747e-02	8.979684e-02	4.703907e-01	3.583350e-01	8.456068e-01	4.640355e-01
3407	7.650151e-01	3.499608e-02	2.763566e-02	3.454457e-02	1.809579e-01	7.532478e-02	1.989035e-01	4.570579e-01
24915	2.714488e-01	3.196119e-01	2.757470e-02	3.446838e-02	1.805587e-01	1.779929e-01	7.389708e-01	2.293447e-01
1143	4.427101e-02	7.989525e-01	2.555797e-02	3.194746e-02	1.673532e-01	1.208909e-01	7.982036e-02	5.148848e-01
1386	6.251268e-01	1.304929e-01	2.682773e-02	3.353467e-02	1.756676e-01	1.064650e-01	8.594114e-01	7.975519e-01
18976	2.698899e-01	5.452637e-01	2.359876e-02	2.949844e-02	1.545243e-01	1.354901e-01	8.660703e-01	1.979984e-02
13730	5.759090e-01	7.008233e-01	6.165246e-02	7.706558e-02	4.036994e-01	2.521789e-01	1.895884e-01	4.332512e-01
3274	8.341241e-02	4.730254e-01	2.522585e-02	3.153232e-02	1.651785e-01	1.038149e-01	7.334306e-01	4.736788e-01
29117	8.049671e-01	7.283181e-01	2.819428e-02	3.524285e-02	1.846157e-01	1.839266e-01	7.321438e-02	8.310233e-01
23419	4.704698e-01	6.847844e-01	4.991565e-02	6.239457e-02	3.268469e-01	1.456743e-01	3.242064e-02	1.668946e-01
9171	9.113772e-01	5.360593e-01	2.408957e-02	3.011196e-02	1.577381e-01	1.555406e-01	5.137626e-01	3.441255e-01
28426	7.759015e-01	1.511839e-01	2.328516e-02	2.910645e-02	1.524709e-01	1.353401e-01	3.958347e-01	1.416669e-01
14242	9.399268e-01	1.295144e-01	2.116491e-02	2.645614e-02	1.385875e-01	1.258696e-01	7.372683e-01	5.554229e-01
24676	4.078910e-01	7.818097e-01	2.093342e-02	2.616678e-02	1.370717e-01	1.227809e-01	1.849065e-01	2.765250e-01
18214	3.755329e-01	5.257681e-01	2.399356e-02	2.999195e-02	1.571094e-01	6.017641e-02	2.866358e-01	9.440722e-01
20575	2.614526e-01	6.488532e-01	3.071799e-02	3.839749e-02	2.011409e-01	7.342686e-02	1.528098e-01	6.149537e-01
32214	7.129625e-01	7.717783e-01	6.149291e-02	7.686614e-02	4.026546e-01	3.161961e-01	2.658499e-01	3.661220e-01
17262	5.236312e-01	7.521506e-02	2.515816e-02	3.144770e-02	1.647353e-01	1.269421e-01	8.204206e-01	4.232064e-01
7239	3.953708e-01	5.988538e-01	3.014032e-02	3.767540e-02	1.973583e-01	1.950964e-01	6.569517e-01	5.773761e-01
30297	3.673690e-02	5.577741e-01	2.135717e-02	2.669646e-02	1.398464e-01	1.396508e-01	1.995198e-01	7.872930e-01
4968	6.209564e-01	5.304047e-01	2.167254e-02	2.709068e-02	1.419115e-01	1.410686e-01	7.937516e-01	4.754858e-01
201	5.872774e-01	4.445323e-02	2.063228e-02	2.579036e-02	1.350999e-01	7.311130e-02	8.458371e-01	2.042575e-02
8317	6.832026e-01	2.666292e-01	2.575653e-02	3.219567e-02	1.686534e-01	1.683395e-01	2.575746e-01	3.804112e-01
28257	8.376414e-02	6.946105e-01	2.249823e-02	2.812279e-02	1.473181e-01	1.462694e-01	8.974042e-01	9.426482e-01
27503	2.232898e-01	8.230176e-01	2.954097e-02	3.692621e-02	1.934338e-01	6.338810e-02	7.925779e-01	3.989643e-01
17239	3.224967e-01	1.027963e-01	2.262028e-02	2.827535e-02	1.481172e-01	1.438170e-01	9.521203e-02	3.719501e-01
25455	2.922087e-01	3.700321e-01	3.456265e-02	4.320331e-02	2.263157e-01	1.969894e-01	4.149630e-01	2.478618e-01
12572	5.202004e-01	2.759708e-01	2.580489e-02	3.225611e-02	1.689700e-01	9.092902e-02	6.411478e-01	2.523662e-01
19572	6.322315e-01	7.430269e-01	4.250504e-02	5.313131e-02	2.783224e-01	1.707634e-01	4.405035e-01	5.709646e-01
13847	8.010728e-01	1.529567e-01	2.221230e-02	2.776538e-02	1.454458e-01	1.379073e-01	5.119569e-01	1.874742e-01
13047	9.220210e-01	8.610335e-02	2.272922e-02	2.841152e-02	1.488306e-01	8.698917e-02	3.541861e-01	4.332485e-01
371	5.295980e-02	3.012221e-01	4.305869e-02	5.382336e-02	2.819476e-01	1.658054e-01	3.163470e-01	8.128374e-01
32280	9.626436e-01	2.145792e-01	2.619599e-02	3.274499e-02	1.715309e-01	7.538409e-02	5.209640e-01	2.849512e-01
24297	6.080464e-01	4.802961e-01	2.405129e-02	3.006411e-02	1.574875e-01	1.152378e-01	8.026232e-01	9.277060e-01
29386	3.706076e-01	2.246532e-01	2.235151e-02	2.793939e-02	1.463574e-01	1.320811e-01	2.387057e-01	4.035413e-01
24895	8.472483e-01	4.026337e-01	3.785345e-02	4.731681e-02	2.478638e-01	1.071104e-01	3.019547e-01	8.070571e-01
21678	7.513666e-02	2.560345e-01	3.137383e-02	3.921729e-02	2.054353e-01	1.842219e-01	1.564722e-01	6.265120e-01
7014	3.270051e-01	8.345318e-01	4.907811e-02	6.134763e-02	3.213627e-01	3.209738e-01	7.009152e-01	7.035038e-01
