2785	2.852278e-01	8.005418e-01	7.064804e-02	8.831005e-02	4.626023e-01	3.221405e-01	4.850491e-01	2.055974e-02
1057	6.899052e-01	2.657700e-01	5.670730e-02	7.088412e-02	3.713185e-01	1.868388e-01	7.218363e-01	4.560928e-01
12919	5.185802e-01	7.733616e-01	6.248538e-02	7.810672e-02	4.091533e-01	1.914750e-01	9.377622e-02	5.804666e-01
27948	8.658578e-01	7.728929e-02	4.403577e-02	5.504471e-02	2.883455e-01	1.836153e-01	2.457600e-01	8.715836e-01
6559	9.339609e-01	4.841259e-01	3.824128e-02	4.780159e-02	2.504033e-01	2.503992e-01	2.850441e-01	2.282347e-01
18292	7.404478e-01	6.079133e-01	2.113011e-02	2.641264e-02	1.383597e-01	1.260237e-01	8.308421e-01	6.910913e-01
12857	8.232674e-01	4.242962e-01	2.340234e-02	2.925292e-02	1.532381e-01	1.450355e-01	5.490110e-01	1.158294e-02
2503	5.127261e-01	6.808905e-02	4.051302e-02	5.064128e-02	2.652786e-01	2.185628e-01	8.102354e-01	1.858622e-01
1370	8.071346e-01	1.564239e-01	3.657655e-02	4.572069e-02	2.395027e-01	1.254563e-01	9.394187e-01	6.551761e-02
13077	4.647209e-02	8.139297e-01	2.761016e-02	3.451271e-02	1.807909e-01	1.391303e-01	9.831869e-02	7.675521e-02
20331	5.377885e-01	5.971878e-01	5.138186e-02	6.422733e-02	3.364476e-01	3.016455e-01	7.136464e-01	4.998410e-01
23473	8.176749e-01	5.666105e-01	3.925343e-02	4.906678e-02	2.570308e-01	1.275306e-01	2.933077e-01	2.710204e-01
30351	9.270514e-01	9.429860e-01	3.563452e-02	4.454315e-02	2.333343e-01	2.277615e-01	3.130649e-01	8.033453e-01
1598	2.693986e-01	7.278680e-02	5.983729e-02	7.479661e-02	3.918136e-01	3.369755e-01	6.786607e-03	8.262279e-01
29414	3.279091e-01	7.005527e-01	3.366483e-02	4.208103e-02	2.204368e-01	2.143667e-01	3.415937e-02	9.282151e-01
21817	7.290019e-01	1.924347e-01	2.232177e-02	2.790222e-02	1.461626e-01	1.282574e-01	9.034474e-01	9.999924e-01
7721	4.064796e-01	5.191157e-01	3.498891e-02	4.373613e-02	2.291068e-01	9.550981e-02	3.037213e-01	7.586835e-02
22421	7.491220e-01	2.878637e-01	4.331561e-02	5.414451e-02	2.836299e-01	1.861986e-01	4.741532e-01	4.840075e-01
20866	2.682945e-01	2.963000e-01	6.741140e-02	8.426425e-02	4.414088e-01	3.996346e-01	9.850327e-01	8.295667e-01
26088	1.447698e-01	5.855697e-01	3.776576e-02	4.720720e-02	2.472896e-01	1.898432e-01	2.214945e-01	7.608667e-01
32214	6.176641e-01	9.124516e-01	6.826502e-02	8.533128e-02	4.469983e-01	4.042603e-01	8.644391e-01	9.701537e-01
22522	2.514287e-01	4.426711e-01	5.300388e-02	6.625485e-02	3.470686e-01	2.660828e-01	4.444861e-02	7.839735e-01
25881	5.952130e-01	3.782519e-01	5.007508e-02	6.259385e-02	3.278909e-01	3.278640e-01	1.690962e-01	9.871678e-01
14322	1.232267e-01	1.090787e-01	2.806217e-02	3.507771e-02	1.837506e-01	9.722432e-02	2.922452e-01	3.879144e-01
18148	1.010094e-01	3.554162e-01	2.064957e-02	2.581196e-02	1.352131e-01	4.082567e-02	4.122337e-01	1.394999e-01
18378	3.419183e-01	8.973648e-01	2.981333e-02	3.726666e-02	1.952172e-01	1.197441e-01	2.647213e-01	3.407989e-01
11676	3.493872e-01	4.439735e-01	2.639412e-02	3.299265e-02	1.728283e-01	1.172723e-01	8.729213e-01	1.668049e-01
163	5.621423e-01	2.401903e-01	2.434503e-02	3.043128e-02	1.594109e-01	1.584103e-01	2.619480e-01	8.559980e-01
22833	6.946506e-01	3.802486e-01	2.145501e-02	2.681876e-02	1.404871e-01	1.395828e-01	4.768352e-01	5.817148e-02
15477	9.132966e-01	4.130923e-01	2.251267e-02	2.814084e-02	1.474126e-01	9.517998e-02	8.805027e-01	5.866883e-01
28405	4.569535e-01	1.506136e-01	5.930835e-02	7.413543e-02	3.883501e-01	1.717198e-01	5.386838e-01	8.611670e-01
5613	8.976177e-02	5.734872e-01	6.081185e-02	7.601481e-02	3.981950e-01	2.405898e-01	1.043470e-01	9.309068e-01
17328	6.258692e-01	5.446142e-01	6.618222e-02	8.272778e-02	4.333602e-01	3.697623e-01	9.105787e-01	1.108660e-01
7564	8.539244e-01	6.468096e-01	3.699426e-02	4.624282e-02	2.422378e-01	1.259952e-01	6.956890e-01	9.900095e-01
22362	7.180048e-01	1.137399e-01	3.639738e-02	4.549673e-02	2.383295e-01	1.311035e-01	8.952652e-01	5.553754e-01
23113	3.014558e-01	3.876779e-01	2.962041e-02	3.702551e-02	1.939540e-01	8.367464e-02	6.353487e-01	6.732626e-01
13362	8.083103e-01	8.539088e-01	2.423789e-02	3.029736e-02	1.587093e-01	1.028980e-01	5.070389e-01	2.012617e-01
18576	7.784214e-02	2.610987e-01	6.916634e-02	8.645792e-02	4.529001e-01	4.070820e-01	7.345202e-01	2.540906e-01
23175	7.112580e-01	7.813496e-01	2.198084e-02	2.747605e-02	1.439302e-01	5.852263e-02	8.435450e-02	6.882081e-01
18214	4.755701e-01	8.408699e-01	3.591242e-02	4.489053e-02	2.351540e-01	9.469896e-02	2.048513e-01	4.484012e-01
20006	7.746676e-01	4.102953e-01	3.253191e-02	4.066489e-02	2.130185e-01	8.142185e-02	6.189652e-01	2.306007e-02
14348	8.215100e-01	9.297403e-01	3.781675e-02	4.727094e-02	2.476235e-01	1.460287e-01	7.354679e-01	4.846391e-01
22448	1.773099e-01	8.415468e-01	4.395219e-02	5.494023e-02	2.877982e-01	8.069005e-02	9.935910e-01	2.782310e-01
16996	9.792150e-02	9.196502e-01	2.759100e-02	3.448875e-02	1.806654e-01	1.299241e-01	2.378430e-01	5.466636e-01
1917	2.445695e-01	9.366945e-01	2.833103e-02	3.541378e-02	1.855111e-01	1.035407e-01	3.311727e-01	2.205021e-01
21050	6.524712e-01	1.048218e-01	6.669966e-02	8.337458e-02	4.367484e-01	4.074774e-01	1.922876e-01	9.726956e-01
5907	4.429510e-02	5.342206e-01	4.046295e-02	5.057868e-02	2.649507e-01	8.849429e-02	8.194550e-01	6.614794e-01
3584	5.887506e-01	8.280815e-01	5.276892e-02	6.596114e-02	3.455300e-01	1.758112e-01	3.521599e-01	1.454645e-01
8566	3.571826e-01	7.890434e-01	3.506415e-02	4.383019e-02	2.295995e-01	1.761708e-01	7.234678e-01	1.511453e-01
13300	1.584816e-01	8.022035e-02	2.205637e-02	2.757047e-02	1.444248e-01	7.170001e-02	4.539538e-01	8.748660e-01
21318	4.608727e-01	9.697948e-01	2.539731e-02	3.174664e-02	1.663012e-01	1.645518e-01	7.867554e-01	4.644018e-01
5431	9.291168e-01	1.763720e-01	3.337313e-02	4.171641e-02	2.185267e-01	8.971558e-02	4.789696e-01	1.829121e-01
28769	2.806197e-01	5.720514e-01	3.773357e-02	4.716697e-02	2.470788e-01	1.826194e-01	1.479706e-01	3.254672e-01
19756	8.784544e-01	8.294620e-01	5.512055e-02	6.890069e-02	3.609285e-01	1.221727e-01	7.031626e-01	1.314460e-02
14587	4.322585e-01	4.181681e-01	6.569047e-02	8.211309e-02	4.301402e-01	4.300926e-01	3.334213e-01	2.420563e-01
17288	1.447443e-01	7.240699e-01	4.922116e-02	6.152645e-02	3.222994e-01	1.719131e-01	1.983041e-01	4.964095e-02
3295	2.064716e-01	7.911351e-02	2.588416e-02	3.235520e-02	1.694891e-01	7.331748e-02	2.130646e-01	9.067312e-02
8400	5.391579e-01	1.599351e-01	5.425291e-02	6.781613e-02	3.552472e-01	2.037735e-01	1.728798e-01	8.130181e-01
25725	9.251543e-01	2.566450e-01	3.378502e-02	4.223127e-02	2.212238e-01	1.697818e-01	6.676589e-01	3.108768e-01
6144	2.127097e-01	5.851413e-01	4.332185e-02	5.415231e-02	2.836708e-01	2.836134e-01	9.347986e-01	8.966635e-02
26382	2.808444e-01	7.213280e-01	2.449623e-02	3.062029e-02	1.604009e-01	8.459877e-02	6.747063e-01	3.233985e-01
5224	5.840562e-01	4.703933e-02	2.757710e-02	3.447137e-02	1.805744e-01	1.032375e-01	4.731978e-01	7.571136e-02
16669	7.213783e-01	8.422625e-01	7.309358e-02	9.136698e-02	4.786156e-01	4.604401e-01	6.303763e-01	7.909567e-01
12517	4.891639e-02	1.636998e-01	3.155165e-02	3.943956e-02	2.065997e-01	1.382708e-01	5.167580e-03	1.128148e-01
3388	3.120520e-01	8.644258e-01	3.091134e-02	3.863918e-02	2.024070e-01	7.081669e-02	3.941165e-01	3.779071e-01
3	7.278466e-01	5.542488e-01	2.533491e-02	3.166864e-02	1.658926e-01	1.642303e-01	9.117350e-01	9.419028e-01
1199	8.274134e-01	8.231883e-01	3.447724e-02	4.309655e-02	2.257564e-01	1.913987e-01	7.227477e-01	8.283437e-01
8247	9.585207e-01	1.393870e-01	3.364821e-02	4.206026e-02	2.203280e-01	1.300133e-01	7.355304e-02	1.044385e-01
20520	4.661258e-01	7.311355e-01	4.076759e-02	5.095948e-02	2.669455e-01	2.336231e-01	2.832559e-01	8.717427e-01
5691	1.463214e-01	3.899763e-01	2.672503e-02	3.340629e-02	1.749951e-01	1.708386e-01	9.198524e-01	3.917982e-01
