32353	7.739752e-01	7.539618e-01	2.300535e-02	2.875668e-02	1.506386e-01	4.050066e-02	2.538890e-01	8.909368e-01
26441	3.477245e-01	7.838571e-01	4.028854e-02	5.036068e-02	2.638088e-01	2.317328e-01	5.081873e-01	5.905040e-02
18770	8.616856e-01	6.947258e-01	2.635024e-02	3.293780e-02	1.725410e-01	1.720925e-01	9.252835e-01	9.075249e-01
9814	3.507224e-01	2.137850e-01	3.271611e-02	4.089514e-02	2.142246e-01	1.594054e-01	1.044509e-01	9.957755e-02
21964	4.274275e-01	5.556603e-01	2.959299e-02	3.699124e-02	1.937744e-01	9.378802e-02	2.982572e-01	5.603390e-01
5296	1.504894e-01	2.114051e-01	6.906879e-02	8.633598e-02	4.522613e-01	3.910018e-01	5.565478e-01	8.043473e-02
9747	9.460666e-01	5.174633e-01	2.656088e-02	3.320111e-02	1.739203e-01	1.335766e-01	8.474466e-01	2.647423e-01
11897	6.575146e-01	1.506273e-01	2.105142e-02	2.631428e-02	1.378444e-01	4.933203e-02	9.440566e-01	8.105794e-01
6114	4.965791e-01	5.541525e-01	7.420000e-02	9.275000e-02	4.858605e-01	4.164029e-01	3.263404e-01	6.163386e-01
14292	8.689662e-01	5.310450e-01	2.538459e-02	3.173073e-02	1.662179e-01	1.656611e-01	9.992811e-01	7.525812e-01
7268	1.139402e-01	5.947176e-02	2.260807e-02	2.826008e-02	1.480373e-01	1.454963e-01	3.698928e-01	1.742689e-01
20364	1.530630e-01	9.712234e-01	2.421060e-02	3.026326e-02	1.585307e-01	1.322090e-01	4.879293e-01	8.336285e-01
12167	6.699470e-01	2.390498e-01	3.294727e-02	4.118409e-02	2.157382e-01	1.307351e-01	1.433386e-01	3.813354e-01
11093	7.818368e-01	6.651294e-02	4.091013e-02	5.113766e-02	2.678789e-01	1.313059e-01	4.719359e-01	5.221145e-01
8048	1.403787e-01	9.216204e-01	2.354770e-02	2.943463e-02	1.541900e-01	1.505946e-01	9.317528e-01	7.124537e-01
25417	7.940135e-01	3.612081e-01	2.462336e-02	3.077921e-02	1.612334e-01	1.447426e-01	7.100508e-01	9.907846e-01
25722	9.286165e-02	4.547836e-01	3.659878e-02	4.574847e-02	2.396482e-01	6.757304e-02	2.186515e-02	9.064914e-01
7113	5.912847e-01	5.328952e-01	3.288430e-02	4.110537e-02	2.153259e-01	1.767989e-01	3.360340e-01	8.409360e-01
31463	1.615593e-01	7.074991e-01	2.394774e-02	2.993467e-02	1.568094e-01	1.038528e-01	2.515745e-01	4.310530e-01
16821	5.279540e-01	9.207312e-01	3.486461e-02	4.358076e-02	2.282929e-01	1.250882e-01	1.026091e-01	1.162226e-01
22403	9.056155e-01	9.275670e-01	2.611225e-02	3.264031e-02	1.709826e-01	5.778802e-02	2.955987e-01	4.371712e-01
26889	2.195622e-01	5.416547e-01	6.199917e-02	7.749897e-02	4.059696e-01	3.516013e-01	9.229772e-01	8.181995e-01
30821	1.967202e-01	6.725287e-01	2.646461e-02	3.308077e-02	1.732899e-01	1.527154e-01	5.820995e-01	4.364298e-01
13121	2.604100e-01	8.320343e-01	2.171894e-02	2.714867e-02	1.422153e-01	1.025325e-01	4.162020e-01	8.292962e-01
18982	3.986740e-01	3.654281e-01	2.423396e-02	3.029245e-02	1.586836e-01	1.584006e-01	1.113413e-02	4.985743e-01
12941	9.220426e-01	2.763744e-01	4.121382e-02	5.151727e-02	2.698674e-01	2.637102e-01	5.968631e-01	3.453391e-01
19902	8.322187e-01	6.466312e-01	4.502220e-02	5.627775e-02	2.948047e-01	2.589803e-01	1.617074e-01	6.773715e-01
16237	5.934131e-01	9.302934e-01	2.279487e-02	2.849359e-02	1.492605e-01	8.717806e-02	2.321897e-01	5.598250e-01
19851	7.765505e-02	1.647110e-01	3.827331e-02	4.784164e-02	2.506130e-01	2.298568e-01	8.256435e-01	2.750813e-01
25554	7.286945e-01	6.946071e-01	4.875546e-02	6.094433e-02	3.192500e-01	2.347120e-01	2.217598e-01	9.503895e-01
10918	9.180444e-01	3.549507e-01	3.567960e-02	4.459950e-02	2.336295e-01	1.230315e-01	9.318421e-02	6.034830e-01
20082	7.086309e-01	8.241957e-01	3.495876e-02	4.369846e-02	2.289094e-01	2.148364e-01	6.243253e-01	2.116329e-01
21929	5.160234e-01	2.535501e-01	7.500148e-02	9.375186e-02	4.911086e-01	3.574510e-01	2.350162e-01	4.775761e-01
30462	8.288743e-01	1.184712e-01	3.928087e-02	4.910109e-02	2.572105e-01	8.964283e-02	4.246590e-01	4.697398e-01
24492	3.622892e-01	3.421023e-01	4.063672e-02	5.079590e-02	2.660886e-01	9.150880e-02	5.463122e-02	9.848234e-01
21501	6.090189e-01	3.181705e-01	2.299745e-02	2.874681e-02	1.505870e-01	7.788042e-02	7.450482e-01	8.063284e-01
28104	4.185421e-01	9.698704e-02	2.932913e-02	3.666141e-02	1.920467e-01	6.398881e-02	6.846214e-01	7.618442e-01
3116	8.196343e-02	9.702622e-01	2.269919e-02	2.837399e-02	1.486339e-01	1.476795e-01	4.075314e-01	8.574647e-01
18304	8.690909e-01	2.978689e-01	2.485054e-02	3.106318e-02	1.627210e-01	7.400477e-02	6.068992e-01	1.869534e-01
23114	6.529381e-02	3.774293e-01	2.620847e-02	3.276059e-02	1.716127e-01	1.691353e-01	8.113635e-02	5.155688e-01
19928	9.221721e-01	2.131782e-01	2.773080e-02	3.466350e-02	1.815809e-01	1.292760e-01	8.278236e-01	1.838907e-01
24941	5.445318e-01	8.554207e-01	2.415171e-02	3.018964e-02	1.581450e-01	7.994006e-02	3.980472e-02	4.870277e-01
22366	4.805869e-01	4.504253e-01	3.597346e-02	4.496683e-02	2.355537e-01	1.257181e-01	5.526773e-01	7.155747e-02
28750	7.255489e-02	3.376543e-01	2.814969e-02	3.518711e-02	1.843237e-01	1.774760e-01	1.741512e-01	4.540117e-01
5072	9.103136e-01	8.401095e-01	4.979108e-02	6.223885e-02	3.260312e-01	1.856580e-01	6.530826e-01	6.236801e-01
26502	2.326582e-01	2.527081e-01	2.831569e-02	3.539462e-02	1.854107e-01	1.502884e-01	9.563459e-01	4.793813e-01
18184	8.831317e-01	3.975928e-01	2.165067e-02	2.706334e-02	1.417683e-01	6.514695e-02	2.271058e-01	2.186522e-01
31679	8.891367e-01	1.966708e-01	3.830974e-02	4.788717e-02	2.508516e-01	8.824615e-02	7.516473e-01	3.620492e-01
32281	7.448292e-01	3.849461e-01	6.708231e-02	8.385288e-02	4.392539e-01	2.204926e-01	6.678026e-01	7.387717e-01
8647	8.634862e-01	2.812233e-02	2.161901e-02	2.702377e-02	1.415610e-01	1.144692e-01	8.008471e-01	9.740203e-01
10222	4.087450e-01	6.771479e-01	7.603368e-02	9.504210e-02	4.978674e-01	2.950839e-01	4.773169e-01	6.067498e-01
2352	1.524528e-01	9.335547e-02	2.299169e-02	2.873961e-02	1.505492e-01	7.138552e-02	8.512021e-01	8.273024e-01
137	5.208154e-01	4.025511e-01	4.078404e-02	5.098005e-02	2.670532e-01	2.665388e-01	7.458846e-01	7.022211e-01
12351	2.705194e-01	5.522811e-01	2.152174e-02	2.690218e-02	1.409240e-01	9.564076e-02	4.080035e-01	5.936409e-01
1771	5.135958e-01	9.520818e-01	2.113689e-02	2.642111e-02	1.384040e-01	9.186049e-02	3.661870e-01	3.633945e-01
17993	5.538174e-01	4.886229e-01	3.023733e-02	3.779666e-02	1.979936e-01	1.977248e-01	7.270750e-01	5.612420e-02
28541	7.083041e-01	3.105259e-01	6.968718e-02	8.710897e-02	4.563105e-01	3.617899e-01	8.585516e-01	3.592122e-01
12210	6.956208e-01	9.171819e-01	4.616823e-02	5.771029e-02	3.023088e-01	1.447481e-01	2.314694e-01	5.978879e-01
6641	5.192325e-01	7.476502e-02	2.612808e-02	3.266010e-02	1.710863e-01	8.311147e-02	4.087754e-01	6.826059e-01
5778	6.344425e-01	6.644265e-01	6.149542e-02	7.686928e-02	4.026711e-01	3.134058e-01	5.238624e-01	8.970828e-01
13606	7.673109e-01	3.281843e-01	2.344260e-02	2.930324e-02	1.535017e-01	1.180055e-01	2.229139e-02	3.371545e-01
21602	8.462928e-01	3.489561e-01	3.486748e-02	4.358435e-02	2.283117e-01	1.625960e-01	5.584344e-01	8.516884e-01
15027	7.418959e-01	4.897870e-01	2.769348e-02	3.461685e-02	1.813365e-01	8.978048e-02	3.908541e-01	2.624726e-01
29764	5.682665e-01	3.256511e-02	2.971383e-02	3.714229e-02	1.945657e-01	1.906705e-01	4.629702e-01	4.088429e-02
19463	8.794758e-01	7.469780e-01	4.681742e-02	5.852177e-02	3.065597e-01	2.443365e-01	9.484316e-01	6.196490e-01
1596	1.258543e-01	3.026008e-01	3.263676e-02	4.079595e-02	2.137050e-01	2.051223e-01	8.588782e-01	3.540626e-01
21874	1.904204e-01	8.194876e-01	2.425874e-02	3.032342e-02	1.588458e-01	1.011276e-01	1.801030e-01	9.034663e-01
25475	8.882974e-01	1.214545e-01	2.585571e-02	3.231964e-02	1.693028e-01	1.162497e-01	4.364611e-01	3.765800e-01
11892	6.371345e-01	4.807291e-01	2.599506e-02	3.249383e-02	1.702153e-01	1.662373e-01	2.753723e-02	5.838715e-01
8485	1.799662e-01	3.119113e-01	4.042567e-02	5.053209e-02	2.647067e-01	1.592144e-01	3.251893e-01	2.886669e-01
31151	2.331010e-01	7.872706e-01	2.698023e-02	3.372529e-02	1.766662e-01	1.373096e-01	6.848944e-01	1.480553e-01
2940	7.981408e-01	8.040468e-01	2.137408e-02	2.671759e-02	1.399571e-01	1.127803e-01	5.256794e-01	8.477663e-01
28761	9.361766e-01	7.228151e-01	2.272366e-02	2.840457e-02	1.487942e-01	1.486625e-01	1.019833e-01	4.162941e-01
28584	8.925971e-01	4.781558e-01	7.084912e-02	8.856141e-02	4.639190e-01	2.847884e-01	2.470921e-01	4.804726e-01
