9461	7.984313e-02	3.446525e-01	5.320052e-02	6.650066e-02	3.483562e-01	2.031547e-01	4.415667e-01	1.840493e-01
13498	3.412250e-01	6.461736e-01	5.844872e-02	7.306090e-02	3.827213e-01	2.498616e-01	2.404474e-01	4.806457e-01
4472	9.015596e-01	4.151325e-01	4.653229e-02	5.816536e-02	3.046927e-01	2.955981e-01	6.678325e-01	7.395757e-01
1673	5.799234e-01	6.820708e-01	3.768416e-02	4.710520e-02	2.467553e-01	1.280567e-01	8.776537e-02	4.463362e-01
15146	1.907617e-01	6.215623e-01	2.729621e-02	3.412026e-02	1.787351e-01	1.779579e-01	9.137740e-01	3.413024e-01
8415	5.509110e-01	1.638373e-01	3.896188e-02	4.870235e-02	2.551218e-01	1.365568e-01	2.598805e-01	3.860049e-02
17476	7.089047e-01	2.195689e-01	3.210789e-02	4.013486e-02	2.102419e-01	1.614832e-01	7.451327e-01	5.571640e-01
6127	7.284249e-01	8.862696e-01	4.204031e-02	5.255039e-02	2.752793e-01	2.736275e-01	8.512472e-01	8.208348e-01
24821	3.790845e-01	3.135267e-01	3.888497e-02	4.860621e-02	2.546182e-01	1.424680e-01	4.773922e-01	7.700149e-01
10264	3.615771e-02	9.212561e-01	2.264070e-02	2.830087e-02	1.482509e-01	1.363738e-01	1.137205e-01	1.365666e-01
12336	2.829611e-01	4.141129e-01	3.152716e-02	3.940896e-02	2.064394e-01	1.181479e-01	2.153770e-01	4.137867e-02
28192	7.373470e-01	1.324445e-01	2.754157e-02	3.442697e-02	1.803418e-01	1.218513e-01	3.486717e-02	6.683497e-01
3551	4.850274e-01	8.736162e-01	2.834954e-02	3.543693e-02	1.856324e-01	1.789985e-01	1.014327e-01	3.353079e-01
32286	7.122944e-01	3.552690e-01	3.792706e-02	4.740882e-02	2.483458e-01	2.355694e-01	2.195573e-01	5.519487e-01
10709	1.351890e-01	1.468324e-01	2.798496e-02	3.498119e-02	1.832451e-01	1.823765e-01	6.712265e-01	9.206142e-01
10290	1.897315e-01	3.124874e-01	5.553624e-02	6.942029e-02	3.636504e-01	3.635204e-01	4.305188e-01	3.060971e-01
14941	9.291251e-01	8.189856e-01	2.912695e-02	3.640869e-02	1.907228e-01	1.875183e-01	1.982564e-02	8.926051e-02
19259	9.040785e-01	1.582023e-01	2.394601e-02	2.993251e-02	1.567981e-01	1.163291e-01	9.338888e-01	4.688045e-01
25327	2.096241e-01	9.603164e-01	2.620131e-02	3.275163e-02	1.715657e-01	7.591377e-02	5.103152e-01	3.158483e-01
30144	2.462192e-01	4.290429e-01	3.650763e-02	4.563454e-02	2.390514e-01	1.286871e-01	9.796399e-01	6.304706e-01
16726	5.306436e-01	5.213697e-01	5.203858e-02	6.504823e-02	3.407478e-01	1.379410e-01	6.907412e-01	1.821847e-01
24691	6.940410e-01	6.999825e-01	5.424247e-02	6.780309e-02	3.551789e-01	2.510440e-01	5.213573e-01	6.850938e-01
23637	8.071842e-01	7.546799e-01	4.390202e-02	5.487753e-02	2.874698e-01	2.648578e-01	2.291230e-02	2.929403e-01
17374	3.128165e-01	8.343338e-01	3.269597e-02	4.086997e-02	2.140927e-01	2.138589e-01	8.410824e-01	8.111649e-01
5106	6.675023e-01	9.094819e-01	4.651986e-02	5.814983e-02	3.046113e-01	2.544279e-01	8.606577e-01	8.712362e-01
11746	5.308219e-01	3.037251e-01	2.231970e-02	2.789963e-02	1.461491e-01	9.823265e-02	6.408661e-01	7.294849e-01
26045	9.439162e-01	9.385624e-01	4.449997e-02	5.562496e-02	2.913851e-01	2.448515e-01	4.010476e-01	6.793277e-01
17005	8.901892e-01	5.485560e-01	7.931662e-02	9.914578e-02	5.193640e-01	3.311085e-01	4.201395e-03	1.499258e-01
17953	4.910389e-01	2.473842e-01	2.923840e-02	3.654800e-02	1.914526e-01	1.200906e-01	6.860185e-01	9.053962e-02
19073	6.468827e-01	8.037899e-01	3.177933e-02	3.972416e-02	2.080906e-01	1.695172e-01	4.679670e-01	6.610302e-01
22158	6.208238e-01	1.763360e-01	3.840893e-02	4.801116e-02	2.515011e-01	1.748030e-01	3.451695e-01	2.292115e-01
11457	5.076692e-02	3.635436e-01	3.548989e-02	4.436236e-02	2.323872e-01	7.945403e-02	2.425717e-01	7.569314e-01
16030	5.985069e-01	3.929623e-01	2.780779e-02	3.475973e-02	1.820850e-01	8.375765e-02	9.321822e-01	3.331202e-01
29911	6.961026e-01	4.630267e-01	2.786227e-02	3.482784e-02	1.824417e-01	1.818827e-01	4.765529e-01	8.614590e-01
28557	1.761477e-01	2.394701e-01	3.182076e-02	3.977595e-02	2.083618e-01	6.981327e-02	4.148834e-01	1.173932e-01
30216	3.140506e-01	2.675185e-01	7.748663e-02	9.685829e-02	5.073812e-01	2.641195e-01	7.985285e-01	8.366273e-01
20480	1.910045e-01	7.843138e-01	2.776777e-02	3.470972e-02	1.818230e-01	1.180492e-01	6.235169e-01	5.581331e-01
9415	5.538236e-01	6.646624e-01	2.070860e-02	2.588575e-02	1.355996e-01	1.226928e-01	6.481132e-01	5.494911e-02
11868	3.488471e-01	1.551581e-01	7.099249e-02	8.874061e-02	4.648577e-01	4.579418e-01	2.146089e-01	6.892165e-01
14962	1.070181e-01	6.588491e-01	6.244976e-02	7.806220e-02	4.089201e-01	3.445233e-01	8.508438e-01	1.672721e-01
16066	9.998195e-02	7.222871e-01	6.213711e-02	7.767139e-02	4.068729e-01	1.636538e-01	8.521419e-01	8.059376e-01
2522	1.427641e-01	3.522961e-01	3.690606e-02	4.613258e-02	2.416603e-01	2.391859e-01	5.831860e-01	1.985179e-01
2312	4.712275e-01	6.678590e-01	2.572766e-02	3.215958e-02	1.684643e-01	1.470945e-01	1.468162e-01	5.014695e-01
10195	6.769097e-01	7.772003e-01	2.653037e-02	3.316297e-02	1.737205e-01	1.516992e-01	8.703570e-02	1.457481e-01
31280	1.776657e-01	9.420550e-01	2.554013e-02	3.192516e-02	1.672364e-01	8.077760e-02	8.823140e-01	3.477606e-01
21736	4.111042e-01	7.842026e-01	5.760120e-02	7.200150e-02	3.771717e-01	3.712548e-01	3.443871e-01	3.021692e-01
5794	5.414233e-01	7.933137e-01	6.566791e-02	8.208489e-02	4.299925e-01	3.650307e-01	6.475172e-02	7.015759e-01
8421	7.688675e-01	2.510274e-01	2.442632e-02	3.053290e-02	1.599432e-01	1.574338e-01	5.440219e-01	3.722630e-01
5665	8.159089e-02	5.427612e-01	4.388370e-02	5.485463e-02	2.873498e-01	1.957657e-01	2.713160e-01	6.871425e-01
12932	9.188494e-01	4.750713e-02	3.995391e-02	4.994239e-02	2.616176e-01	8.010147e-02	4.208588e-01	6.832223e-01
3927	6.214341e-01	8.383028e-01	2.372401e-02	2.965502e-02	1.553445e-01	6.023235e-02	9.661672e-01	7.294932e-01
32737	3.954072e-01	3.821409e-01	7.118641e-02	8.898301e-02	4.661275e-01	3.601535e-01	4.216383e-01	2.613430e-01
18689	5.931496e-01	7.458034e-01	2.780625e-02	3.475781e-02	1.820749e-01	1.443214e-01	3.483339e-03	8.169944e-01
14739	4.763636e-01	4.000205e-01	5.803404e-02	7.254255e-02	3.800060e-01	3.374051e-01	3.237066e-01	3.968062e-01
26602	6.156267e-01	4.932581e-01	4.792708e-02	5.990885e-02	3.138258e-01	2.607584e-01	2.410996e-01	4.866868e-01
270	8.062051e-01	8.580222e-01	6.075134e-02	7.593917e-02	3.977988e-01	3.118678e-01	1.826819e-01	2.486935e-01
19871	5.133081e-01	6.436056e-01	4.317334e-02	5.396668e-02	2.826984e-01	1.629115e-01	9.723656e-01	9.090834e-02
1503	1.310263e-01	4.168862e-01	3.494931e-02	4.368664e-02	2.288476e-01	7.161847e-02	8.893573e-01	7.787825e-01
15854	1.306768e-01	4.915892e-01	4.115105e-02	5.143881e-02	2.694564e-01	2.676211e-01	9.123151e-01	1.486010e-01
2798	3.311244e-01	5.009732e-01	4.595281e-02	5.744102e-02	3.008983e-01	2.476801e-01	7.773304e-01	6.836347e-01
19048	2.486153e-01	7.373853e-01	3.417503e-02	4.271879e-02	2.237776e-01	8.060084e-02	8.258793e-01	6.848317e-01
13628	8.086865e-01	4.198736e-01	5.812772e-02	7.265966e-02	3.806194e-01	2.992106e-01	3.419206e-01	3.260512e-01
5663	2.446254e-01	1.265161e-01	3.410438e-02	4.263048e-02	2.233150e-01	1.602296e-01	7.634424e-01	7.195371e-01
26624	3.930093e-01	4.852444e-01	2.707825e-02	3.384781e-02	1.773080e-01	9.355682e-02	4.097816e-01	9.528573e-01
30510	1.491926e-01	1.997351e-01	3.463013e-02	4.328767e-02	2.267576e-01	1.719854e-01	3.175506e-01	6.277331e-01
21312	5.030448e-01	3.519423e-01	2.867380e-02	3.584225e-02	1.877556e-01	5.809144e-02	2.005765e-01	9.923587e-01
895	5.878192e-01	1.257083e-01	3.599498e-02	4.499372e-02	2.356945e-01	7.981329e-02	3.972736e-01	5.693567e-01
17467	3.159569e-01	5.826697e-02	2.300927e-02	2.876159e-02	1.506643e-01	1.367039e-01	1.389025e-02	6.407822e-01
26472	3.052047e-01	6.955401e-01	2.306776e-02	2.883470e-02	1.510474e-01	1.480722e-01	4.822561e-01	5.286661e-01
