29269	7.876406e-01	6.098822e-01	5.442070e-02	6.802588e-02	3.563459e-01	3.082502e-01	5.839566e-02	4.109096e-01
6866	3.146335e-01	2.876800e-01	3.020822e-02	3.776027e-02	1.978029e-01	1.929389e-01	2.381232e-01	4.489905e-01
5016	8.675162e-01	1.716828e-01	5.587291e-02	6.984114e-02	3.658550e-01	1.986611e-01	9.681953e-01	6.057454e-01
1886	1.381927e-01	6.047262e-01	2.744731e-02	3.430913e-02	1.797245e-01	5.919802e-02	7.190625e-02	6.281721e-01
4081	5.076256e-01	8.134614e-01	2.112309e-02	2.640386e-02	1.383136e-01	1.258057e-01	4.839210e-01	2.518203e-01
9453	5.769509e-01	6.118371e-01	6.255760e-02	7.819699e-02	4.096262e-01	3.010064e-01	7.464286e-02	1.998937e-01
22687	4.570441e-01	3.370425e-01	7.573665e-02	9.467082e-02	4.959224e-01	4.448791e-01	6.023940e-01	9.873575e-01
3470	8.797345e-01	3.986690e-01	2.584104e-02	3.230130e-02	1.692067e-01	1.678073e-01	1.617420e-01	4.688142e-01
12267	8.839641e-01	7.708554e-01	2.966901e-02	3.708626e-02	1.942722e-01	9.154890e-02	7.185252e-01	5.734940e-01
20885	3.140469e-01	8.982037e-01	4.625095e-02	5.781368e-02	3.028505e-01	1.640996e-01	7.848157e-01	7.546865e-01
5575	5.700369e-01	3.368726e-01	2.549962e-02	3.187452e-02	1.669711e-01	1.627318e-01	6.819636e-01	6.129895e-01
11668	2.955413e-01	5.211084e-01	2.191222e-02	2.739028e-02	1.434809e-01	8.183311e-02	9.229011e-01	8.734067e-01
21769	6.620348e-01	4.442630e-02	3.870606e-02	4.838257e-02	2.534467e-01	1.495274e-01	7.391389e-01	8.369858e-01
3654	7.276038e-01	3.711498e-01	5.676282e-02	7.095353e-02	3.716821e-01	3.639558e-01	8.686063e-01	1.225500e-01
27007	4.886438e-01	6.727730e-01	3.052689e-02	3.815861e-02	1.998896e-01	1.726089e-01	5.782221e-01	2.170127e-01
4760	2.943467e-01	6.174102e-01	7.573608e-02	9.467010e-02	4.959187e-01	3.847034e-01	4.448387e-01	3.202824e-01
29379	5.117930e-01	2.855435e-01	3.502867e-02	4.378584e-02	2.293672e-01	8.572219e-02	5.660511e-01	1.506008e-01
4931	5.895768e-02	8.804761e-01	2.871757e-02	3.589696e-02	1.880422e-01	1.418214e-01	5.899983e-01	2.516095e-01
15404	7.766526e-01	8.659930e-01	6.586643e-02	8.233303e-02	4.312923e-01	1.226830e-01	3.943946e-01	1.144591e-01
2178	5.366817e-01	6.835984e-02	3.024068e-02	3.780085e-02	1.980155e-01	1.435085e-01	3.810543e-01	4.558337e-01
7891	4.031595e-02	6.740115e-01	3.121691e-02	3.902114e-02	2.044078e-01	1.170158e-01	8.855783e-01	5.366358e-01
7577	4.553020e-01	5.542580e-01	7.034379e-02	8.792974e-02	4.606101e-01	2.529975e-01	1.153545e-01	7.518195e-01
8928	6.399978e-01	7.394771e-01	3.953733e-02	4.942166e-02	2.588898e-01	1.310014e-01	8.169328e-01	8.472492e-01
20697	5.082152e-01	4.753633e-01	3.940605e-02	4.925757e-02	2.580302e-01	1.952391e-01	3.527228e-01	2.995175e-01
11118	7.576391e-01	2.373497e-01	2.787422e-02	3.484278e-02	1.825200e-01	1.197095e-01	7.805794e-01	9.463586e-01
13774	4.852319e-01	8.518758e-01	3.022981e-02	3.778726e-02	1.979443e-01	1.096691e-01	5.770132e-01	4.571637e-01
30814	6.332290e-01	8.762542e-01	2.254067e-02	2.817584e-02	1.475960e-01	9.956375e-02	9.841031e-01	9.314010e-01
11660	8.990195e-01	8.724245e-01	3.834021e-02	4.792526e-02	2.510511e-01	2.047600e-01	3.306389e-01	8.654865e-01
7181	7.227166e-01	2.693269e-01	2.180382e-02	2.725478e-02	1.427711e-01	1.156671e-01	3.843522e-01	6.116985e-01
1550	7.027912e-01	4.885516e-01	2.846423e-02	3.558028e-02	1.863833e-01	1.118857e-01	9.102366e-01	1.598211e-01
23898	4.396259e-01	1.158110e-01	5.674845e-02	7.093556e-02	3.715880e-01	1.989024e-01	2.582422e-01	4.698712e-01
7723	5.460728e-01	5.328150e-01	3.774267e-02	4.717834e-02	2.471384e-01	1.387505e-01	3.242233e-02	1.032900e-01
29927	8.768570e-01	5.961292e-01	4.620810e-02	5.776012e-02	3.025699e-01	2.803051e-01	9.344932e-01	4.955344e-01
742	9.252453e-01	6.123177e-01	2.158281e-02	2.697852e-02	1.413239e-01	1.090425e-01	2.041139e-01	1.070299e-02
28866	8.803686e-01	1.121665e-01	4.474080e-02	5.592601e-02	2.929621e-01	1.899860e-01	1.250540e-01	1.834596e-01
17517	3.297825e-01	3.428658e-01	6.458184e-02	8.072730e-02	4.228809e-01	2.051405e-01	1.352034e-01	4.343744e-01
13640	2.559819e-01	8.309640e-01	3.437449e-02	4.296811e-02	2.250836e-01	1.255980e-01	2.879278e-01	8.380411e-01
17617	7.608941e-01	1.861456e-01	2.591383e-02	3.239229e-02	1.696834e-01	1.259827e-01	8.830413e-02	9.188510e-01
24128	4.617526e-01	6.421025e-01	2.185533e-02	2.731916e-02	1.431083e-01	5.561819e-02	8.277445e-01	9.976569e-01
31153	1.680364e-01	3.632245e-01	5.502215e-02	6.877769e-02	3.602842e-01	3.258693e-01	1.132423e-01	5.873182e-01
28354	8.954647e-01	4.584896e-01	2.184503e-02	2.730628e-02	1.430409e-01	9.269769e-02	7.035135e-02	3.214579e-01
23052	1.902169e-01	2.221839e-01	2.935991e-02	3.669989e-02	1.922482e-01	1.160132e-01	2.745945e-01	5.694643e-02
19211	4.111430e-01	8.467817e-01	2.378060e-02	2.972576e-02	1.557150e-01	1.525399e-01	8.108934e-02	2.038675e-01
8954	2.023276e-01	8.886176e-01	5.117869e-02	6.397336e-02	3.351172e-01	2.726123e-01	5.611693e-01	1.739859e-01
15349	8.456664e-01	2.759441e-01	5.295748e-02	6.619685e-02	3.467648e-01	3.246719e-01	3.662697e-01	8.886459e-01
30607	8.204033e-01	7.780818e-01	2.764838e-02	3.456047e-02	1.810412e-01	1.087120e-01	4.455751e-01	3.924962e-01
25698	6.606053e-01	7.644542e-01	2.562014e-02	3.202517e-02	1.677602e-01	1.533957e-01	6.821401e-01	4.744009e-01
16101	7.928781e-01	4.344049e-01	2.393005e-02	2.991257e-02	1.566936e-01	1.305836e-01	7.079619e-01	4.530175e-01
87	2.357809e-01	3.734573e-01	4.701831e-02	5.877289e-02	3.078752e-01	1.766147e-01	6.975303e-01	7.563782e-01
22446	1.244510e-01	4.074235e-01	2.816428e-02	3.520535e-02	1.844192e-01	1.813782e-01	5.244312e-01	8.849904e-01
27780	4.125871e-01	6.580843e-02	2.215057e-02	2.768821e-02	1.450416e-01	1.375516e-01	1.054037e-01	5.230660e-01
11742	3.967589e-01	6.652905e-01	6.829978e-02	8.537472e-02	4.472259e-01	3.359458e-01	1.450281e-01	9.651797e-02
9326	8.393196e-01	5.197377e-01	2.240824e-02	2.801029e-02	1.467288e-01	1.298156e-01	4.234316e-01	3.691698e-02
23793	1.833825e-01	1.473676e-01	2.221681e-02	2.777101e-02	1.454753e-01	1.107979e-01	4.141328e-01	5.886023e-01
23051	9.551085e-01	9.591374e-01	3.511482e-02	4.389352e-02	2.299313e-01	2.236443e-01	1.324109e-01	6.495507e-01
13493	6.956429e-01	6.947942e-01	4.927900e-02	6.159875e-02	3.226781e-01	2.701852e-01	9.418127e-02	2.248844e-01
14806	8.870465e-01	7.273392e-01	2.101375e-02	2.626718e-02	1.375977e-01	1.176271e-01	2.020583e-01	3.497384e-01
12785	7.423541e-01	2.980863e-01	2.380652e-02	2.975815e-02	1.558847e-01	1.050314e-01	8.797747e-01	7.151820e-01
17743	3.541357e-01	5.445350e-01	2.798217e-02	3.497771e-02	1.832268e-01	9.929672e-02	4.059682e-01	9.771902e-01
25278	3.130259e-01	7.531489e-01	2.704569e-02	3.380711e-02	1.770948e-01	1.628281e-01	7.693571e-01	2.826336e-02
3722	8.861833e-02	5.657839e-01	6.466269e-02	8.082837e-02	4.234103e-01	4.178828e-01	6.348781e-01	7.060559e-01
8398	6.947374e-01	9.680419e-01	2.129283e-02	2.661603e-02	1.394251e-01	1.303032e-01	9.950639e-01	7.633128e-01
16074	1.976406e-01	5.571151e-01	3.484568e-02	4.355709e-02	2.281689e-01	1.631382e-01	6.821654e-01	4.027407e-01
16477	5.748578e-01	9.284571e-01	3.901065e-02	4.876331e-02	2.554411e-01	2.467518e-01	5.502135e-01	2.549810e-01
5593	7.808167e-01	7.900485e-01	3.096864e-02	3.871080e-02	2.027822e-01	1.833539e-01	9.670252e-01	1.983383e-01
20922	1.383861e-01	7.707105e-01	2.622140e-02	3.277675e-02	1.716973e-01	8.030579e-02	5.424015e-01	9.560076e-02
3022	1.014817e-01	7.663087e-01	3.100889e-02	3.876111e-02	2.030457e-01	1.946860e-01	5.439525e-01	5.499740e-01
14118	3.319319e-01	6.315514e-02	3.124273e-02	3.905341e-02	2.045769e-01	1.924243e-01	3.719104e-01	1.199079e-01
12684	1.326215e-01	6.633161e-01	3.846740e-02	4.808425e-02	2.518840e-01	1.685732e-01	6.509716e-01	8.650442e-01
6393	4.012418e-01	7.825109e-01	2.682663e-02	3.353329e-02	1.756604e-01	1.644334e-01	9.144095e-01	4.466068e-01
1490	5.757437e-02	6.364919e-01	2.221660e-02	2.777075e-02	1.454740e-01	1.078460e-01	4.395784e-01	5.702103e-02
21385	6.740065e-01	2.569747e-01	5.959103e-02	7.448879e-02	3.902011e-01	1.366958e-01	2.140166e-01	2.311001e-01
1289	9.250527e-01	4.279436e-01	3.003095e-02	3.753868e-02	1.966422e-01	1.240045e-01	5.996726e-01	4.816773e-01
32255	5.644102e-02	4.138024e-02	3.823608e-02	4.779510e-02	2.503693e-01	1.892183e-01	5.850945e-01	8.136313e-01
