6955	2.552336e-01	3.903276e-01	4.135585e-02	5.169481e-02	2.707974e-01	1.622937e-01	2.204350e-01	7.985425e-01
22391	6.352141e-01	5.295776e-01	2.612335e-02	3.265419e-02	1.710553e-01	6.555692e-02	4.838428e-01	3.515911e-01
4873	9.321544e-01	5.653500e-01	2.451841e-02	3.064801e-02	1.605461e-01	4.550369e-02	7.898529e-01	1.870773e-01
17927	4.296125e-01	4.016403e-02	2.573765e-02	3.217207e-02	1.685298e-01	1.651977e-01	7.184002e-01	2.217075e-01
1529	4.782091e-01	4.123179e-01	3.591631e-02	4.489539e-02	2.351794e-01	1.567877e-01	7.939023e-01	4.728250e-01
10334	5.581194e-01	7.591917e-01	2.116464e-02	2.645580e-02	1.385857e-01	1.207096e-01	6.243124e-01	4.090822e-01
16164	1.593620e-01	4.681664e-01	3.993710e-02	4.992137e-02	2.615075e-01	1.227176e-01	2.008286e-01	2.102859e-01
29022	8.729611e-01	9.161367e-01	2.959349e-02	3.699187e-02	1.937777e-01	1.724650e-01	3.119974e-01	3.407805e-01
6661	4.261989e-01	6.385832e-01	2.297005e-02	2.871256e-02	1.504075e-01	1.255737e-01	9.543407e-01	3.883091e-01
32317	8.094216e-01	2.566157e-01	5.144226e-02	6.430283e-02	3.368431e-01	2.004984e-01	1.128323e-01	8.000130e-01
6764	1.193963e-01	7.784280e-01	7.790819e-02	9.738524e-02	5.101416e-01	1.394065e-01	3.294497e-01	3.901309e-01
316	3.086420e-01	4.825213e-01	2.941626e-02	3.677032e-02	1.926172e-01	1.895160e-01	8.930972e-01	9.701408e-01
2693	7.510589e-02	9.182936e-01	2.755547e-02	3.444433e-02	1.804328e-01	1.667286e-01	8.373600e-01	6.955746e-01
22461	8.742395e-01	7.350116e-01	5.702265e-02	7.127832e-02	3.733835e-01	1.343438e-01	5.013096e-01	6.284598e-01
22764	7.990474e-01	1.158327e-01	4.807374e-02	6.009218e-02	3.147861e-01	1.888852e-01	9.505574e-01	9.665499e-01
5328	3.036870e-01	1.209601e-01	2.740010e-02	3.425013e-02	1.794155e-01	1.793801e-01	8.269511e-01	2.802454e-02
12485	3.760584e-01	7.145304e-01	2.612057e-02	3.265071e-02	1.710371e-01	1.451528e-01	7.687280e-02	7.028685e-01
28451	7.799558e-01	6.972048e-01	5.060878e-02	6.326097e-02	3.313855e-01	3.172405e-01	9.781758e-01	6.391182e-01
15318	7.207609e-01	2.082223e-01	2.121388e-02	2.651735e-02	1.389082e-01	1.042966e-01	1.993303e-01	4.191836e-01
10995	5.587112e-01	9.392718e-02	3.242064e-02	4.052581e-02	2.122899e-01	2.122550e-01	4.686174e-01	1.990756e-01
9908	5.016564e-01	1.352589e-01	2.136930e-02	2.671163e-02	1.399258e-01	1.389632e-01	4.426195e-01	8.973259e-02
12657	2.067326e-01	6.405982e-01	3.467631e-02	4.334539e-02	2.270599e-01	2.154581e-01	6.024613e-01	6.981903e-01
27335	7.338301e-01	8.232449e-01	4.597450e-02	5.746812e-02	3.010403e-01	2.927239e-01	2.013656e-01	6.531693e-01
5601	8.416130e-01	6.949845e-02	2.082132e-02	2.602665e-02	1.363377e-01	1.260619e-01	4.202629e-01	6.626791e-01
20114	9.297545e-01	2.758760e-01	3.605947e-02	4.507434e-02	2.361169e-01	1.478520e-01	2.535586e-01	2.094382e-01
7191	4.989916e-02	8.415151e-01	2.254300e-02	2.817875e-02	1.476112e-01	1.304733e-01	1.015544e-01	6.304497e-01
7125	5.688493e-02	9.501673e-01	2.452873e-02	3.066091e-02	1.606137e-01	1.217758e-01	7.951932e-01	5.312958e-01
19494	9.614460e-01	6.415738e-02	2.639649e-02	3.299561e-02	1.728438e-01	1.195529e-01	5.098891e-01	7.815739e-01
32014	2.024784e-01	4.421370e-01	2.256849e-02	2.821062e-02	1.477781e-01	4.063942e-02	6.770451e-01	3.824937e-01
13674	5.374261e-01	5.857471e-01	4.309371e-02	5.386714e-02	2.821770e-01	1.795608e-01	1.877491e-01	4.003847e-01
31007	5.093646e-01	4.756749e-01	4.912640e-02	6.140800e-02	3.216789e-01	2.685118e-01	3.028583e-01	7.918016e-01
30230	5.582555e-01	3.384037e-01	2.074004e-02	2.592505e-02	1.358054e-01	1.357836e-01	3.966598e-01	6.847874e-01
14203	4.859476e-01	6.156944e-01	2.263029e-02	2.828786e-02	1.481828e-01	9.404578e-02	8.721315e-01	5.160924e-02
15283	4.632304e-01	3.662664e-01	2.126160e-02	2.657701e-02	1.392207e-01	1.252515e-01	7.306351e-01	2.354252e-01
30230	5.268640e-01	6.521795e-01	2.772583e-02	3.465729e-02	1.815483e-01	1.242849e-01	6.853579e-01	9.927153e-01
19866	4.105724e-01	8.769923e-01	2.310650e-02	2.888313e-02	1.513010e-01	1.474530e-01	5.691462e-01	2.556623e-01
17439	5.750014e-01	8.605908e-01	6.087153e-02	7.608941e-02	3.985858e-01	3.866701e-01	5.288188e-01	4.109834e-01
31886	9.612666e-01	8.742006e-01	3.836156e-02	4.795195e-02	2.511909e-01	2.215042e-01	6.090383e-02	5.454732e-01
27177	4.243134e-02	2.517434e-01	4.333510e-02	5.416888e-02	2.837576e-01	1.982682e-01	8.865809e-01	8.589343e-01
30388	7.238810e-01	5.542874e-01	3.288191e-02	4.110239e-02	2.153102e-01	2.138983e-01	4.138842e-01	6.842223e-01
14445	2.384930e-01	9.548350e-01	2.313904e-02	2.892381e-02	1.515141e-01	7.638248e-02	7.256154e-01	9.886701e-01
5245	3.911736e-02	5.336216e-01	4.053759e-02	5.067198e-02	2.654395e-01	8.258942e-02	3.653204e-01	4.879272e-01
6975	3.188626e-01	4.068794e-01	6.926581e-02	8.658226e-02	4.535514e-01	1.915026e-01	7.576463e-01	1.781422e-01
15278	1.854405e-01	7.495248e-01	2.856381e-02	3.570477e-02	1.870354e-01	1.752974e-01	9.926098e-01	8.876098e-01
22626	6.593856e-01	4.172574e-01	7.578712e-02	9.473389e-02	4.962529e-01	2.549885e-01	9.069910e-01	8.992553e-01
11531	4.862834e-01	1.864279e-01	5.837949e-02	7.297436e-02	3.822680e-01	3.069027e-01	5.187454e-01	3.681963e-01
26508	7.701163e-01	9.297945e-01	2.226524e-02	2.783155e-02	1.457924e-01	4.084286e-02	2.014265e-01	1.406721e-01
3418	7.070822e-01	7.252833e-01	2.601418e-02	3.251773e-02	1.703405e-01	1.321062e-01	7.396439e-01	6.865318e-01
25918	3.489912e-01	6.072736e-02	4.609929e-02	5.762411e-02	3.018574e-01	2.881977e-01	3.643039e-01	9.207804e-01
7762	3.591497e-02	7.810533e-01	2.099963e-02	2.624954e-02	1.375052e-01	1.116017e-01	8.997072e-01	5.718278e-01
318	1.952941e-01	1.037636e-01	4.407577e-02	5.509471e-02	2.886074e-01	2.684325e-01	1.456119e-01	8.451685e-01
8215	7.537816e-01	2.396629e-01	2.708600e-02	3.385750e-02	1.773587e-01	1.765816e-01	1.805685e-01	8.364609e-01
25521	4.141273e-01	2.674389e-01	4.587351e-02	5.734189e-02	3.003791e-01	1.356484e-01	3.423874e-01	5.024659e-01
27740	7.937977e-01	4.264760e-01	5.344353e-02	6.680441e-02	3.499474e-01	3.041660e-01	2.249181e-01	2.196164e-01
26823	8.984888e-01	6.196930e-01	3.115767e-02	3.894709e-02	2.040199e-01	1.209615e-01	7.248845e-01	2.530972e-01
24891	7.127763e-01	1.543256e-01	3.185394e-02	3.981742e-02	2.085791e-01	2.020156e-01	4.696745e-02	6.337381e-01
2805	1.219195e-01	7.023754e-01	2.480407e-02	3.100508e-02	1.624166e-01	1.064923e-01	3.914739e-01	6.284149e-01
13401	7.830096e-01	7.735227e-01	3.596774e-02	4.495968e-02	2.355162e-01	1.303796e-01	6.229677e-01	8.470433e-01
31320	6.795774e-01	7.978695e-01	7.222730e-02	9.028413e-02	4.729433e-01	2.246115e-01	6.547542e-01	4.740328e-01
9733	1.962728e-01	3.735339e-01	4.417981e-02	5.522476e-02	2.892887e-01	2.069884e-01	7.399001e-02	9.035326e-01
2116	7.531752e-01	1.879386e-01	2.066707e-02	2.583384e-02	1.353277e-01	1.134146e-01	7.367932e-01	7.649946e-01
12356	8.310565e-01	9.505864e-01	2.570565e-02	3.213206e-02	1.683202e-01	1.469993e-01	4.931781e-01	3.497556e-01
25555	6.449307e-01	2.041557e-01	4.110485e-02	5.138106e-02	2.691539e-01	2.680878e-01	2.047575e-01	5.292379e-01
12497	8.240753e-01	7.758815e-01	2.703978e-02	3.379972e-02	1.770560e-01	8.049445e-02	7.968835e-01	7.438662e-02
7920	1.477609e-01	6.529241e-02	3.110246e-02	3.887807e-02	2.036584e-01	1.217561e-01	3.063279e-01	4.895232e-01
5181	6.455287e-01	7.216723e-01	4.232135e-02	5.290169e-02	2.771196e-01	7.221822e-02	8.138992e-01	2.857664e-01
13674	2.497950e-01	6.650228e-01	2.826946e-02	3.533682e-02	1.851080e-01	1.846515e-01	9.931957e-01	2.469584e-01
8991	2.048325e-01	3.222579e-01	2.961096e-02	3.701370e-02	1.938921e-01	5.549285e-02	6.702627e-01	2.887538e-01
3279	7.735402e-01	7.840174e-02	2.482989e-02	3.103736e-02	1.625857e-01	7.881143e-02	4.813457e-01	6.576408e-01
30121	7.439196e-02	7.353150e-01	3.211440e-02	4.014301e-02	2.102846e-01	1.309111e-01	5.043294e-01	9.856835e-01
610	3.853745e-01	2.985146e-01	2.550015e-02	3.187519e-02	1.669746e-01	1.440910e-01	6.384699e-01	8.048305e-01
27799	9.629093e-01	5.207714e-01	2.521693e-02	3.152116e-02	1.651200e-01	1.470328e-01	1.509756e-01	2.765311e-01
30654	1.807468e-01	8.511853e-01	2.230468e-02	2.788085e-02	1.460507e-01	1.025767e-01	3.704123e-01	4.996601e-01
4655	4.255445e-01	9.146966e-01	3.663355e-02	4.579194e-02	2.398759e-01	1.613103e-01	9.269461e-02	2.844556e-01
10206	3.915344e-01	8.463531e-02	2.703075e-02	3.378843e-02	1.769969e-01	1.232313e-01	1.463793e-01	6.855447e-01
21018	2.735675e-01	8.049791e-01	4.095291e-02	5.119114e-02	2.681590e-01	2.676961e-01	1.312048e-01	1.492103e-01
14635	8.133138e-02	6.434570e-01	3.348797e-02	4.185996e-02	2.192787e-01	2.130175e-01	3.696503e-01	2.368741e-01
4358	5.085398e-01	3.083358e-01	4.515665e-02	5.644581e-02	2.956850e-01	1.903628e-01	6.597268e-01	7.944923e-01
