24119	1.027467e-01	1.284422e-01	7.472403e-02	9.340504e-02	4.892918e-01	3.198541e-01	9.995380e-01	4.800114e-01
26955	4.698339e-01	6.703221e-01	2.192307e-02	2.740384e-02	1.435519e-01	9.073335e-02	3.593824e-01	1.383050e-01
25280	3.637254e-01	3.384789e-01	5.135814e-02	6.419767e-02	3.362923e-01	1.959779e-01	4.743802e-01	4.878281e-01
29663	4.560308e-01	4.648832e-01	2.683296e-02	3.354120e-02	1.757018e-01	7.547121e-02	8.359495e-01	3.519246e-02
26103	4.147469e-01	2.772464e-01	2.956843e-02	3.696054e-02	1.936136e-01	1.254427e-01	2.993553e-01	4.968925e-01
30087	6.359345e-02	4.893708e-01	3.830122e-02	4.787652e-02	2.507958e-01	2.327722e-01	6.322864e-01	7.398892e-03
7547	2.765681e-01	7.854649e-01	2.069719e-02	2.587149e-02	1.355249e-01	1.176567e-01	6.720583e-01	7.440100e-01
26286	5.197450e-01	4.524262e-01	7.568390e-02	9.460487e-02	4.955770e-01	1.433791e-01	7.750933e-01	2.596268e-01
32763	2.534483e-01	3.191954e-01	3.190883e-02	3.988604e-02	2.089385e-01	1.357330e-01	3.673135e-01	9.141672e-01
31773	6.848108e-02	9.630675e-01	2.633108e-02	3.291385e-02	1.724155e-01	9.879802e-02	4.130138e-01	7.458210e-01
17296	2.710715e-01	4.390904e-01	2.179716e-02	2.724645e-02	1.427275e-01	1.009357e-01	4.559579e-01	8.494051e-01
771	8.731279e-02	8.855630e-01	6.032008e-02	7.540010e-02	3.949750e-01	3.758272e-01	5.008812e-01	6.679218e-02
29850	5.063715e-01	6.049360e-01	6.801528e-02	8.501910e-02	4.453630e-01	2.420672e-01	2.300431e-01	5.992219e-01
15234	1.628224e-01	6.975208e-01	5.284134e-02	6.605167e-02	3.460042e-01	3.330718e-01	7.510213e-01	8.211181e-01
27310	5.959785e-01	4.314570e-01	4.938599e-02	6.173249e-02	3.233787e-01	3.126228e-01	1.030513e-01	6.779342e-02
25752	6.996407e-01	8.111266e-01	2.729066e-02	3.411333e-02	1.786988e-01	1.683365e-01	6.162780e-01	2.597369e-01
22490	3.234204e-01	5.002204e-01	7.599813e-02	9.499766e-02	4.976346e-01	4.953111e-01	2.237642e-01	8.213563e-02
10894	8.673727e-01	7.503436e-01	2.936949e-02	3.671186e-02	1.923110e-01	1.283195e-01	5.650887e-01	8.655786e-01
11089	7.987447e-01	5.125543e-01	2.061185e-02	2.576481e-02	1.349661e-01	1.267988e-01	2.847323e-01	8.719206e-01
9749	5.216263e-01	1.971270e-01	6.243179e-02	7.803974e-02	4.088024e-01	3.585228e-01	8.710118e-01	7.527363e-01
7487	1.660456e-01	8.573127e-01	7.244636e-02	9.055795e-02	4.743776e-01	4.706300e-01	3.395745e-01	1.876509e-01
20088	8.013860e-01	3.869234e-01	5.396408e-02	6.745510e-02	3.533560e-01	3.485196e-01	3.802144e-02	4.638186e-01
2449	7.629441e-01	3.395178e-01	2.655531e-02	3.319414e-02	1.738838e-01	1.494063e-01	5.274117e-01	6.168485e-01
26968	7.315362e-02	2.622738e-01	5.696979e-02	7.121224e-02	3.730373e-01	3.025719e-01	2.172707e-01	1.659429e-01
4661	9.082220e-01	4.989347e-01	2.441486e-02	3.051858e-02	1.598681e-01	1.223358e-01	6.829199e-01	4.126043e-02
17130	3.526763e-01	8.032184e-01	6.219878e-02	7.774848e-02	4.072767e-01	1.172652e-01	1.251340e-01	3.465149e-01
996	3.072121e-01	3.523866e-01	3.126331e-02	3.907914e-02	2.047117e-01	2.042466e-01	8.105207e-02	5.777802e-01
11634	9.502071e-01	8.445234e-01	3.735086e-02	4.668857e-02	2.445728e-01	1.972513e-01	5.236055e-01	6.238136e-01
13980	5.893846e-01	7.105865e-01	4.795326e-02	5.994157e-02	3.139972e-01	2.630287e-01	5.726524e-01	3.363140e-01
21990	3.395486e-02	7.226300e-01	2.674093e-02	3.342617e-02	1.750992e-01	1.353494e-01	9.718296e-01	2.453846e-01
25912	6.739271e-01	8.844119e-01	5.495626e-02	6.869533e-02	3.598528e-01	9.594110e-02	9.720013e-01	9.408789e-02
9631	6.548625e-01	4.537922e-01	3.062269e-02	3.827837e-02	2.005169e-01	1.906694e-01	1.355575e-01	8.445245e-02
8966	1.722985e-01	5.920677e-01	5.827805e-02	7.284756e-02	3.816038e-01	1.205676e-01	8.087842e-01	7.966430e-01
16813	9.206286e-01	9.407533e-01	4.190695e-02	5.238368e-02	2.744060e-01	1.121254e-01	5.935094e-01	9.886064e-01
20596	5.550993e-01	3.531335e-01	3.270727e-02	4.088409e-02	2.141667e-01	2.087342e-01	6.279233e-01	4.111799e-01
25745	6.166532e-01	7.680496e-01	2.654687e-02	3.318359e-02	1.738285e-01	1.737401e-01	2.708781e-01	8.012542e-01
15196	5.819751e-01	8.814182e-01	3.816754e-02	4.770942e-02	2.499204e-01	2.315436e-01	8.922919e-01	5.115910e-01
17890	5.689114e-02	5.781590e-01	2.536985e-02	3.171232e-02	1.661214e-01	1.612975e-01	2.938524e-01	8.139852e-02
10367	6.376650e-01	5.342881e-01	2.112469e-02	2.640586e-02	1.383241e-01	9.439854e-02	7.813956e-01	2.911564e-01
30957	5.488138e-01	3.045766e-01	2.168229e-02	2.710287e-02	1.419753e-01	1.384121e-01	3.391663e-01	2.114120e-01
2629	4.309687e-01	7.409511e-01	6.425543e-02	8.031929e-02	4.207435e-01	4.153003e-01	1.912679e-01	9.472250e-01
4890	4.129670e-01	5.554600e-01	2.495440e-02	3.119300e-02	1.634010e-01	9.653708e-02	8.212832e-01	4.473294e-01
10863	5.072243e-01	2.843903e-01	3.533184e-02	4.416480e-02	2.313524e-01	1.221951e-01	9.106310e-01	5.083681e-01
27116	8.078986e-01	1.221627e-01	4.114510e-02	5.143137e-02	2.694174e-01	1.309118e-01	7.799538e-01	2.929028e-01
19681	7.471871e-01	4.164548e-01	5.359257e-02	6.699071e-02	3.509233e-01	2.362089e-01	4.512654e-01	3.123264e-01
29747	2.683024e-01	2.796773e-01	3.977065e-02	4.971331e-02	2.604176e-01	2.136145e-01	6.680455e-02	7.413311e-01
11238	2.263943e-01	1.644760e-01	7.288278e-02	9.110347e-02	4.772353e-01	4.227092e-01	3.574794e-01	1.241177e-01
7598	6.027116e-01	6.406683e-01	2.970612e-02	3.713264e-02	1.945152e-01	1.810493e-01	7.425611e-01	5.702636e-01
31238	7.886255e-01	7.749597e-02	3.549379e-02	4.436724e-02	2.324128e-01	1.083550e-01	3.304662e-01	4.055595e-01
13349	5.073071e-02	6.200068e-01	2.424570e-02	3.030713e-02	1.587605e-01	8.206494e-02	8.177157e-01	8.711285e-01
8677	5.341924e-01	5.333892e-01	4.335973e-02	5.419967e-02	2.839189e-01	1.071765e-01	9.477309e-01	3.011133e-01
13992	5.547839e-01	7.645991e-02	2.896925e-02	3.621156e-02	1.896902e-01	1.538483e-01	7.769543e-01	7.134181e-01
13232	1.421984e-01	2.300695e-01	4.054192e-02	5.067740e-02	2.654679e-01	1.084320e-01	1.641624e-01	5.659415e-01
13660	4.147687e-01	9.180676e-01	3.250906e-02	4.063633e-02	2.128688e-01	1.468525e-01	1.106114e-01	6.393024e-01
10959	7.951859e-01	7.149338e-01	3.896385e-02	4.870481e-02	2.551347e-01	2.440416e-01	7.639999e-01	4.695235e-01
2717	9.134931e-01	7.758178e-01	2.236881e-02	2.796101e-02	1.464706e-01	1.425441e-01	9.711776e-01	4.230663e-01
15820	3.756385e-01	5.498967e-01	2.242657e-02	2.803321e-02	1.468488e-01	8.840118e-02	7.909409e-01	1.168196e-01
25481	6.036094e-01	9.098786e-02	2.135405e-02	2.669256e-02	1.398260e-01	1.398119e-01	9.863101e-01	7.699775e-01
27517	8.382014e-01	2.226903e-01	2.224992e-02	2.781240e-02	1.456921e-01	8.938152e-02	1.448151e-01	5.410722e-01
5297	9.612571e-01	5.808668e-01	2.294464e-02	2.868080e-02	1.502412e-01	1.380830e-01	4.441224e-01	4.958323e-01
10416	9.277107e-01	2.797657e-01	3.729586e-02	4.661983e-02	2.442127e-01	2.440657e-01	5.198385e-01	6.225057e-01
1421	6.640199e-01	6.278536e-01	3.771275e-02	4.714094e-02	2.469425e-01	2.050673e-01	6.132549e-01	9.633163e-01
6731	6.872420e-01	7.228540e-01	2.455306e-02	3.069133e-02	1.607731e-01	6.137169e-02	1.287717e-01	5.660402e-01
31530	2.453755e-01	4.424411e-02	2.365985e-02	2.957482e-02	1.549244e-01	5.993671e-02	4.769175e-01	9.206952e-01
2776	7.379078e-01	1.724952e-01	2.192594e-02	2.740742e-02	1.435707e-01	7.208020e-02	8.344393e-02	5.177129e-01
25352	6.600585e-01	9.382813e-02	4.201471e-02	5.251839e-02	2.751117e-01	9.751502e-02	6.701925e-01	7.379874e-01
25670	9.571731e-01	1.831260e-01	4.068722e-02	5.085903e-02	2.664193e-01	2.636568e-01	8.509411e-01	8.740623e-01
5887	3.408039e-01	7.193746e-01	2.301708e-02	2.877134e-02	1.507155e-01	1.500276e-01	1.080394e-01	2.310022e-01
9425	9.034371e-01	6.865717e-01	2.356000e-02	2.945000e-02	1.542705e-01	1.349880e-01	9.450838e-01	4.648235e-01
4270	7.284011e-01	7.202414e-01	4.616564e-02	5.770705e-02	3.022919e-01	2.017557e-01	4.483288e-01	5.357249e-01
18650	5.280666e-01	8.722580e-01	2.180652e-02	2.725815e-02	1.427888e-01	6.246203e-02	1.659371e-01	5.538912e-02
26019	4.797990e-01	1.221150e-01	4.643506e-02	5.804383e-02	3.040561e-01	3.033378e-01	4.312275e-01	7.660623e-01
