32189	1.817567e-01	5.823847e-01	4.203121e-02	5.253901e-02	2.752197e-01	2.736454e-01	8.538922e-01	6.125875e-01
3803	6.074114e-01	4.624291e-01	4.774791e-02	5.968488e-02	3.126525e-01	2.951763e-01	2.155285e-01	2.681069e-01
876	7.782056e-01	7.737949e-01	3.407944e-02	4.259930e-02	2.231516e-01	2.171830e-01	5.740393e-01	7.214619e-02
13325	3.168780e-01	5.186276e-01	4.838711e-02	6.048389e-02	3.168380e-01	1.865749e-01	8.943644e-01	2.414160e-01
9830	6.947626e-01	6.162027e-01	2.286228e-02	2.857785e-02	1.497018e-01	1.082433e-01	5.387298e-01	6.582853e-01
18181	2.038745e-01	3.428223e-01	6.777553e-02	8.471941e-02	4.437931e-01	4.070836e-01	3.591441e-01	8.456388e-02
29699	5.660483e-01	7.595837e-01	5.191048e-02	6.488810e-02	3.399090e-01	1.416639e-01	4.740858e-01	7.348615e-01
9411	2.499704e-01	7.291216e-01	5.163690e-02	6.454613e-02	3.381176e-01	2.583471e-01	5.938440e-01	4.065383e-01
21322	4.776638e-01	3.270775e-01	2.640724e-02	3.300905e-02	1.729142e-01	1.077126e-01	1.582072e-01	9.273375e-01
10278	8.451387e-01	6.067685e-01	2.352643e-02	2.940804e-02	1.540507e-01	1.506637e-01	6.945302e-01	9.843395e-01
15323	7.809521e-02	8.348988e-01	2.706685e-02	3.383356e-02	1.772333e-01	1.259842e-01	7.283914e-02	7.427105e-01
420	8.207081e-01	3.587480e-02	2.278030e-02	2.847538e-02	1.491651e-01	1.064815e-01	5.020099e-01	9.981693e-01
14483	3.644620e-01	7.469885e-01	5.184505e-02	6.480631e-02	3.394805e-01	2.793462e-01	8.609769e-01	3.727787e-03
18755	5.704210e-01	1.656748e-01	3.206268e-02	4.007835e-02	2.099459e-01	1.764497e-01	5.757320e-01	2.843019e-01
10190	8.733369e-01	3.824294e-01	4.094422e-02	5.118027e-02	2.681021e-01	2.628298e-01	8.168121e-01	4.648006e-01
9896	6.634926e-01	5.449491e-01	5.283551e-02	6.604439e-02	3.459661e-01	9.216728e-02	3.398983e-01	1.063069e-01
313	3.289380e-01	3.298172e-01	3.288249e-02	4.110312e-02	2.153140e-01	1.337206e-01	4.181891e-01	9.191183e-01
7788	8.572283e-01	7.232262e-01	5.620589e-02	7.025736e-02	3.680353e-01	3.420599e-01	7.318240e-01	7.795427e-01
28009	4.620344e-01	9.020507e-02	2.497197e-02	3.121497e-02	1.635161e-01	4.443829e-02	3.109878e-01	8.174207e-01
11521	6.935292e-01	2.293936e-01	4.457487e-02	5.571859e-02	2.918756e-01	1.358140e-01	5.023314e-01	4.097194e-01
15509	8.289815e-01	3.510528e-01	3.603651e-02	4.504564e-02	2.359665e-01	2.320810e-01	3.372869e-01	2.478317e-02
26873	2.819201e-01	3.397631e-01	2.111066e-02	2.638832e-02	1.382323e-01	9.597204e-02	9.082518e-01	7.956532e-02
30892	8.404548e-01	5.584520e-02	2.429115e-02	3.036394e-02	1.590581e-01	1.036859e-01	2.526800e-01	5.565219e-02
8851	8.783277e-02	7.611440e-01	2.530813e-02	3.163517e-02	1.657173e-01	9.752226e-02	9.800616e-01	2.119639e-01
24612	7.693963e-01	4.177235e-01	3.225281e-02	4.031601e-02	2.111909e-01	2.097530e-01	6.569539e-01	1.853681e-02
28397	9.037513e-01	6.855339e-02	3.527150e-02	4.408938e-02	2.309572e-01	1.841067e-01	7.901155e-01	8.877340e-01
24427	8.028578e-01	5.435583e-01	3.289977e-02	4.112471e-02	2.154272e-01	9.462841e-02	7.427490e-01	7.669719e-01
1952	6.478745e-01	3.811314e-01	5.477385e-02	6.846731e-02	3.586583e-01	1.027167e-01	9.172583e-01	5.895068e-03
7143	7.124591e-01	4.973242e-01	6.555046e-02	8.193808e-02	4.292234e-01	3.506741e-01	9.609853e-01	1.403226e-01
30299	7.921030e-01	9.559638e-01	2.331371e-02	2.914214e-02	1.526578e-01	1.335555e-01	7.412696e-01	2.633544e-01
26713	7.306245e-01	1.990037e-01	6.528429e-02	8.160536e-02	4.274805e-01	3.031811e-01	3.455130e-01	5.051379e-01
5320	4.436563e-01	2.963021e-01	4.308365e-02	5.385456e-02	2.821110e-01	2.118016e-01	8.082580e-02	3.193924e-01
7678	7.780338e-01	9.061232e-01	2.636039e-02	3.295049e-02	1.726074e-01	1.694407e-01	6.600509e-01	1.342372e-01
699	9.644873e-01	4.520225e-01	3.056067e-02	3.820084e-02	2.001108e-01	1.447469e-01	6.381846e-01	9.953109e-01
12563	2.556026e-01	6.445166e-01	2.967909e-02	3.709886e-02	1.943382e-01	1.814363e-01	2.181920e-01	6.041643e-01
13984	5.586983e-01	8.368460e-02	4.413869e-02	5.517337e-02	2.890195e-01	2.666795e-01	2.775230e-01	9.017013e-01
28969	1.383139e-01	4.155333e-01	2.585048e-02	3.231310e-02	1.692685e-01	1.634274e-01	2.427100e-01	2.680952e-01
24853	9.520732e-01	8.470160e-01	4.256569e-02	5.320711e-02	2.787195e-01	1.913392e-01	5.180978e-01	9.236295e-01
11887	4.675057e-01	5.093328e-01	3.194599e-02	3.993248e-02	2.091818e-01	1.955859e-01	5.432255e-01	8.092216e-01
20727	3.723808e-01	9.724105e-01	2.117704e-02	2.647130e-02	1.386669e-01	4.744458e-02	4.869064e-01	4.250213e-02
23675	6.287243e-01	4.178516e-01	2.373998e-02	2.967497e-02	1.554490e-01	1.489118e-01	8.299541e-01	3.171638e-01
4314	6.040093e-01	7.661467e-01	3.184313e-02	3.980391e-02	2.085083e-01	2.028600e-01	9.928284e-01	8.993413e-02
23233	2.441617e-01	1.317868e-01	2.896125e-02	3.620156e-02	1.896378e-01	1.214997e-01	2.598589e-01	3.852852e-01
6054	8.858150e-01	2.521659e-01	2.852064e-02	3.565080e-02	1.867527e-01	6.117712e-02	9.915363e-01	2.969293e-01
30337	5.499096e-01	6.903314e-01	2.235997e-02	2.794997e-02	1.464128e-01	5.538292e-02	4.914449e-01	9.778626e-01
1040	2.217674e-01	7.918843e-01	2.073838e-02	2.592298e-02	1.357946e-01	3.937558e-02	6.960928e-01	8.043178e-01
11584	1.623891e-01	9.179573e-01	5.436925e-02	6.796156e-02	3.560090e-01	3.431037e-01	3.313719e-01	7.529706e-01
23923	9.476106e-01	6.811954e-01	5.554334e-02	6.942918e-02	3.636969e-01	3.589197e-01	3.652692e-01	2.022599e-02
15570	1.632876e-01	1.226504e-01	2.522133e-02	3.152666e-02	1.651489e-01	1.575692e-01	2.095644e-01	5.758283e-01
13335	3.930341e-01	3.839789e-01	6.752313e-02	8.440391e-02	4.421404e-01	2.575827e-01	8.205161e-01	1.135799e-01
23995	6.753575e-01	7.901380e-01	2.247276e-02	2.809095e-02	1.471513e-01	1.163727e-01	1.593954e-01	4.401958e-01
16265	1.282703e-01	1.766687e-01	3.433154e-02	4.291443e-02	2.248024e-01	2.224416e-01	8.624648e-01	5.121620e-01
1804	9.463957e-01	3.221683e-01	2.173463e-02	2.716829e-02	1.423180e-01	1.136693e-01	9.626700e-01	2.902937e-01
925	5.043186e-01	4.143603e-01	4.624558e-02	5.780698e-02	3.028153e-01	1.366191e-01	9.297319e-01	4.150722e-01
20569	4.221304e-01	3.128105e-02	2.676544e-02	3.345680e-02	1.752597e-01	1.126270e-01	3.595833e-01	7.275145e-02
16504	3.859523e-01	6.654715e-01	5.110212e-02	6.387765e-02	3.346159e-01	3.180702e-01	9.222496e-01	9.156856e-01
5922	8.972480e-01	1.513578e-01	3.051065e-02	3.813831e-02	1.997832e-01	6.643820e-02	4.065835e-01	7.186337e-01
20195	9.469560e-01	2.693987e-01	4.771750e-02	5.964688e-02	3.124535e-01	3.114155e-01	5.749499e-01	6.054010e-01
20622	5.627219e-01	9.595644e-01	2.809213e-02	3.511517e-02	1.839468e-01	1.779771e-01	6.988240e-01	7.008516e-01
10562	1.290156e-01	2.820861e-01	5.940074e-02	7.425093e-02	3.889551e-01	3.743127e-01	3.483385e-01	7.626303e-01
3890	3.432507e-01	8.076505e-01	2.520200e-02	3.150251e-02	1.650223e-01	1.522526e-01	6.316542e-01	4.945277e-01
12786	2.324033e-01	1.547785e-01	2.333032e-02	2.916290e-02	1.527666e-01	1.319931e-01	3.534882e-01	3.596061e-01
13730	8.170735e-01	8.414460e-01	7.756279e-02	9.695349e-02	5.078800e-01	3.577280e-01	2.266409e-01	2.112067e-01
20033	7.934245e-01	2.722589e-01	2.233951e-02	2.792438e-02	1.462787e-01	1.217481e-01	5.722769e-01	5.003790e-01
11311	1.282934e-01	7.365630e-01	2.753062e-02	3.441327e-02	1.802700e-01	1.481403e-01	1.203894e-02	2.688914e-01
11534	8.290340e-01	4.324703e-01	2.859157e-02	3.573947e-02	1.872172e-01	1.055223e-01	4.437487e-01	4.464691e-01
29383	5.045390e-01	6.911770e-02	2.832624e-02	3.540780e-02	1.854798e-01	9.489283e-02	6.094150e-01	9.460435e-01
1315	7.801269e-01	5.949531e-01	4.203296e-02	5.254120e-02	2.752312e-01	2.663076e-01	2.295802e-01	1.068169e-01
4651	4.980742e-01	8.493770e-01	5.368959e-02	6.711199e-02	3.515586e-01	2.165265e-01	1.262849e-01	5.907018e-01
24613	6.068366e-01	3.245598e-01	3.788459e-02	4.735574e-02	2.480677e-01	2.473423e-01	3.853065e-01	8.184691e-01
5155	6.842275e-01	6.656081e-01	3.679408e-02	4.599260e-02	2.409270e-01	1.467373e-01	4.553742e-02	5.238659e-01
13795	3.049433e-01	9.517376e-02	4.170136e-02	5.212670e-02	2.730598e-01	1.579392e-01	7.293102e-01	9.000902e-01
29170	5.428111e-01	8.071302e-01	2.345503e-02	2.931879e-02	1.535832e-01	1.409946e-01	5.544826e-01	9.119429e-01
28585	9.609140e-02	6.716904e-01	5.046641e-02	6.308302e-02	3.304533e-01	3.256333e-01	8.238872e-01	8.979949e-01
28803	6.721265e-01	2.620899e-01	2.690684e-02	3.363356e-02	1.761856e-01	9.675582e-02	5.258226e-01	2.648753e-01
9210	3.086199e-01	3.907627e-01	4.652235e-02	5.815294e-02	3.046276e-01	3.010871e-01	8.053511e-01	5.285242e-01
13333	1.037518e-01	4.181078e-01	2.150941e-02	2.688676e-02	1.408433e-01	1.247559e-01	8.927322e-01	4.285620e-01
10279	8.483080e-01	4.689294e-01	2.084407e-02	2.605509e-02	1.364867e-01	1.255801e-01	8.464891e-01	8.631876e-01
