2376	3.232458e-01	7.273267e-01	2.185404e-02	2.731755e-02	1.430999e-01	1.185282e-01	9.688981e-01	2.683094e-02
6886	5.086478e-02	9.709037e-01	2.304220e-02	2.880275e-02	1.508800e-01	1.194521e-01	3.320128e-01	5.090809e-01
22145	6.405483e-01	2.883751e-01	7.464732e-02	9.330915e-02	4.887895e-01	3.656278e-01	1.331219e-02	6.239521e-01
27030	9.106697e-01	7.134436e-01	3.141548e-02	3.926935e-02	2.057081e-01	1.705115e-01	6.034087e-01	5.924935e-01
17813	7.748043e-01	4.009294e-01	4.530072e-02	5.662590e-02	2.966284e-01	2.360678e-01	9.283135e-01	5.310548e-01
18957	8.177541e-01	3.142967e-01	4.501060e-02	5.626324e-02	2.947287e-01	2.287410e-01	5.517158e-01	9.580823e-01
21259	1.169736e-01	4.800884e-01	3.267238e-02	4.084047e-02	2.139382e-01	1.714664e-01	6.974965e-01	9.326206e-01
7107	1.746488e-01	2.999824e-01	2.890607e-02	3.613259e-02	1.892765e-01	1.840717e-01	9.951696e-01	3.892403e-01
22718	5.304028e-01	5.192971e-01	2.090616e-02	2.613270e-02	1.368932e-01	1.172097e-01	8.977045e-01	5.505311e-01
30345	5.137167e-01	6.537291e-01	6.457177e-02	8.071471e-02	4.228149e-01	2.539559e-01	7.681320e-01	1.281049e-01
29001	7.468324e-01	8.105524e-01	3.789139e-02	4.736424e-02	2.481122e-01	2.456217e-01	7.040972e-01	4.892351e-01
11277	5.951963e-01	7.057933e-01	3.916336e-02	4.895421e-02	2.564411e-01	1.209600e-01	3.953515e-01	4.328092e-01
15010	5.392779e-01	4.634908e-01	2.342578e-02	2.928223e-02	1.533917e-01	1.505525e-01	4.856624e-01	3.035512e-01
900	1.314787e-01	2.814480e-01	2.187772e-02	2.734715e-02	1.432550e-01	1.356855e-01	1.960476e-01	6.061453e-01
1084	7.535493e-01	8.716122e-01	5.095518e-02	6.369397e-02	3.336537e-01	1.631934e-01	8.024109e-01	2.930166e-01
30427	1.047812e-01	5.671731e-01	2.643997e-02	3.304996e-02	1.731285e-01	7.409917e-02	3.400500e-01	6.922643e-01
16510	7.481959e-02	4.697618e-01	2.799888e-02	3.499859e-02	1.833362e-01	1.187083e-01	8.089221e-01	3.901007e-01
14184	4.499356e-01	8.562112e-01	3.744147e-02	4.680184e-02	2.451662e-01	2.448942e-01	5.792213e-01	5.656168e-01
18436	6.795647e-02	5.109944e-02	3.762382e-02	4.702977e-02	2.463602e-01	2.440702e-01	4.705846e-01	2.798279e-01
1523	7.974094e-01	7.534893e-01	2.750483e-02	3.438104e-02	1.801012e-01	1.543129e-01	6.766164e-01	5.644817e-01
29092	8.885038e-01	9.657583e-01	2.518124e-02	3.147655e-02	1.648864e-01	1.315441e-01	4.564193e-02	2.686891e-01
31671	6.978639e-01	9.277984e-01	3.271223e-02	4.089029e-02	2.141992e-01	2.024588e-01	1.546506e-01	4.000050e-02
25452	2.872298e-01	5.074831e-01	3.330651e-02	4.163314e-02	2.180905e-01	1.391795e-01	5.283438e-02	1.198038e-01
17582	1.382176e-01	7.378331e-01	2.801029e-02	3.501286e-02	1.834109e-01	1.746796e-01	7.639276e-02	8.084882e-02
108	9.210218e-01	9.389030e-01	3.237450e-02	4.046813e-02	2.119877e-01	2.010076e-01	8.477505e-01	1.284777e-01
31632	3.542245e-02	4.894724e-01	2.102889e-02	2.628611e-02	1.376969e-01	8.722246e-02	3.403169e-01	5.867413e-01
20150	7.298194e-01	2.578688e-01	3.525073e-02	4.406341e-02	2.308212e-01	7.380907e-02	9.140363e-01	2.772067e-01
24662	2.307202e-01	6.082902e-01	2.063770e-02	2.579712e-02	1.351353e-01	5.712575e-02	3.231761e-01	1.488371e-01
37	9.558480e-02	4.097091e-01	4.709266e-02	5.886582e-02	3.083620e-01	1.787740e-01	6.227541e-02	6.220804e-01
8123	1.903063e-01	1.106303e-01	3.322317e-02	4.152896e-02	2.175448e-01	1.992574e-01	8.846504e-01	8.116271e-01
21562	8.703494e-01	5.612204e-01	3.478210e-02	4.347763e-02	2.277527e-01	6.721354e-02	2.592304e-02	5.924540e-01
665	4.745962e-01	7.482628e-01	2.301232e-02	2.876540e-02	1.506843e-01	1.302781e-01	4.658276e-01	6.605235e-01
16284	5.439218e-01	8.942916e-01	6.696960e-02	8.371200e-02	4.385159e-01	4.354298e-01	1.292307e-01	8.761057e-02
27996	2.344439e-01	7.909958e-01	2.616678e-02	3.270848e-02	1.713397e-01	1.667006e-01	3.838480e-01	9.625284e-01
13955	4.596260e-01	4.169108e-01	3.603686e-02	4.504608e-02	2.359688e-01	2.323737e-01	6.786772e-01	4.175517e-01
11993	4.032326e-01	6.892767e-01	4.612148e-02	5.765186e-02	3.020028e-01	2.061420e-01	4.320376e-01	4.213813e-01
4558	6.589954e-01	3.705223e-01	3.783797e-02	4.729747e-02	2.477625e-01	2.476800e-01	6.733253e-01	8.714073e-02
18689	2.616913e-01	2.721169e-01	3.033460e-02	3.791825e-02	1.986305e-01	1.501350e-01	4.016759e-01	4.940828e-01
26444	3.901386e-01	1.783297e-01	4.392516e-02	5.490645e-02	2.876212e-01	9.826839e-02	2.226463e-01	5.455852e-01
14176	1.440770e-01	8.280079e-01	2.969338e-02	3.711673e-02	1.944318e-01	1.002448e-01	1.130456e-01	6.134422e-01
11719	4.589480e-01	9.667396e-01	2.395659e-02	2.994573e-02	1.568673e-01	7.010345e-02	2.896512e-01	2.836745e-01
16572	6.249393e-01	8.984076e-01	6.627264e-02	8.284080e-02	4.339522e-01	1.630189e-01	3.612487e-01	8.356839e-01
27725	8.513692e-01	9.297846e-01	2.301827e-02	2.877284e-02	1.507233e-01	9.982971e-02	3.364878e-01	2.615367e-01
26849	3.352091e-01	2.568882e-01	6.445355e-02	8.056694e-02	4.220408e-01	2.358691e-01	5.363092e-01	8.791057e-01
13424	7.145239e-01	2.249763e-01	2.273991e-02	2.842488e-02	1.489006e-01	6.883441e-02	4.582682e-01	6.093686e-02
27879	6.035187e-01	1.026936e-01	2.804961e-02	3.506201e-02	1.836684e-01	1.404792e-01	5.153233e-01	2.362259e-01
8903	3.764019e-01	5.935351e-01	2.542337e-02	3.177921e-02	1.664718e-01	1.118475e-01	6.413093e-01	5.831094e-01
25730	2.109163e-01	7.490287e-01	3.947998e-02	4.934997e-02	2.585143e-01	2.560227e-01	2.647269e-02	3.526650e-01
32122	4.933807e-01	2.464749e-01	7.142674e-02	8.928343e-02	4.677012e-01	3.690139e-01	9.244650e-01	6.437081e-01
28882	8.067692e-01	8.068802e-01	2.886759e-02	3.608449e-02	1.890245e-01	1.676766e-01	7.865927e-02	9.769115e-01
11813	6.355287e-01	5.579725e-01	2.071799e-02	2.589749e-02	1.356611e-01	1.165336e-01	3.233764e-01	3.868352e-03
5316	5.874350e-02	8.917593e-01	2.743153e-02	3.428942e-02	1.796213e-01	1.753907e-01	6.608882e-01	6.350900e-01
4634	9.476994e-01	7.056476e-01	2.752825e-02	3.441031e-02	1.802545e-01	1.797587e-01	6.193770e-01	8.035966e-01
30855	2.090061e-01	4.197973e-01	2.064306e-02	2.580383e-02	1.351705e-01	1.001892e-01	9.535738e-01	4.237970e-02
7797	2.037678e-01	9.210235e-01	5.340126e-02	6.675157e-02	3.496706e-01	1.970768e-01	3.138567e-02	1.312242e-01
12658	8.667607e-01	2.147748e-01	5.186722e-02	6.483402e-02	3.396257e-01	1.678886e-01	9.959326e-01	7.331393e-01
29703	5.342021e-01	6.031611e-01	2.073871e-02	2.592339e-02	1.357967e-01	1.234066e-01	1.970497e-01	9.901239e-01
20154	2.012867e-01	6.476747e-01	5.024688e-02	6.280860e-02	3.290158e-01	1.715331e-01	8.828628e-01	3.997659e-01
24622	6.507976e-01	5.098238e-01	2.114311e-02	2.642889e-02	1.384448e-01	1.357160e-01	4.062801e-01	8.825019e-01
29088	6.566213e-01	7.293290e-01	3.086123e-02	3.857654e-02	2.020789e-01	1.601182e-01	2.675562e-01	3.481731e-01
31313	7.083458e-01	6.624720e-01	2.764387e-02	3.455483e-02	1.810116e-01	1.341596e-01	6.835957e-01	9.819723e-01
6958	7.157489e-01	5.044166e-01	2.988160e-02	3.735200e-02	1.956642e-01	1.863363e-01	8.423693e-01	7.846973e-01
29146	5.801367e-01	1.975873e-01	3.225511e-02	4.031889e-02	2.112060e-01	1.265941e-01	9.456329e-01	8.441124e-01
4035	5.952561e-01	7.642816e-01	5.412990e-02	6.766238e-02	3.544418e-01	1.082295e-01	6.943350e-01	7.501035e-01
25047	8.156638e-01	7.579454e-02	2.489814e-02	3.112267e-02	1.630326e-01	1.626246e-01	2.008871e-01	6.295619e-01
29113	3.958894e-01	3.087415e-01	3.442473e-02	4.303091e-02	2.254126e-01	2.251811e-01	4.920971e-01	8.337984e-01
14353	1.984631e-01	8.265417e-01	2.757582e-02	3.446977e-02	1.805660e-01	1.384421e-01	2.253720e-01	1.791067e-01
14032	8.112427e-01	5.273751e-01	2.313008e-02	2.891260e-02	1.514554e-01	1.362062e-01	2.782929e-01	8.860872e-01
15824	6.757786e-01	4.678141e-01	2.261555e-02	2.826943e-02	1.480862e-01	1.297587e-01	8.928819e-01	3.726711e-01
14703	3.703363e-01	5.434306e-01	5.844767e-02	7.305959e-02	3.827145e-01	1.738548e-01	8.187450e-01	3.955349e-01
22538	2.422802e-01	8.683723e-01	5.341229e-02	6.676536e-02	3.497428e-01	2.893580e-01	9.439474e-01	7.927585e-01
7508	4.171773e-01	1.096949e-01	2.691846e-02	3.364807e-02	1.762617e-01	6.093127e-02	7.844756e-01	8.434290e-01
507	2.607284e-01	5.887449e-02	4.604137e-02	5.755171e-02	3.014782e-01	2.710484e-01	4.046970e-03	9.135905e-01
17513	5.063164e-01	1.271531e-01	6.866546e-02	8.583183e-02	4.496204e-01	3.915378e-01	1.372035e-01	2.625034e-01
31501	9.048078e-01	4.967830e-01	4.151976e-02	5.189970e-02	2.718707e-01	2.142419e-01	1.578950e-01	8.658354e-01
20624	3.654701e-01	8.883239e-01	2.336482e-02	2.920603e-02	1.529925e-01	8.094608e-02	4.666540e-01	7.293356e-01
