18673	7.237135e-01	2.877732e-01	2.893777e-02	3.617221e-02	1.894840e-01	1.159968e-01	8.354783e-01	7.116736e-01
22943	7.872315e-01	1.448214e-01	2.127718e-02	2.659647e-02	1.393226e-01	1.391871e-01	7.077628e-01	7.649222e-01
9191	5.094659e-01	5.073965e-01	6.137518e-02	7.671898e-02	4.018837e-01	2.824621e-01	6.268834e-01	5.068105e-01
25680	6.677861e-01	6.779147e-01	3.810106e-02	4.762633e-02	2.494851e-01	1.332108e-01	4.253534e-01	4.499779e-01
9456	6.126225e-01	9.470872e-01	2.096741e-02	2.620926e-02	1.372943e-01	1.236011e-01	2.238674e-01	4.788330e-01
17934	1.847943e-01	1.334964e-01	2.201475e-02	2.751844e-02	1.441522e-01	1.282190e-01	8.420079e-01	1.154025e-01
24103	9.504094e-01	1.733058e-01	3.571541e-02	4.464426e-02	2.338639e-01	2.262770e-01	6.635529e-02	6.210468e-01
20069	3.818548e-02	7.881426e-01	3.253065e-02	4.066332e-02	2.130102e-01	2.097533e-01	4.344687e-01	1.831713e-01
19352	6.582182e-01	1.447024e-01	6.399240e-02	7.999050e-02	4.190212e-01	3.284235e-01	6.685657e-01	2.952308e-01
20165	8.852173e-01	8.848325e-01	7.024341e-02	8.780426e-02	4.599528e-01	3.135882e-01	6.808987e-01	9.814822e-02
25173	9.068180e-01	7.401904e-01	3.097517e-02	3.871896e-02	2.028249e-01	1.554614e-01	5.209690e-01	1.769504e-01
18522	5.048492e-01	3.309050e-01	2.813195e-02	3.516494e-02	1.842076e-01	1.841967e-01	8.428605e-01	8.859988e-01
8418	9.413675e-01	3.395483e-01	3.474761e-02	4.343452e-02	2.275268e-01	1.142398e-01	1.804487e-01	3.333509e-01
17068	2.423102e-01	3.103113e-01	3.769096e-02	4.711371e-02	2.467999e-01	2.362526e-01	3.830084e-01	5.423395e-01
1332	3.176567e-01	9.544597e-01	2.516155e-02	3.145193e-02	1.647574e-01	1.046457e-01	7.035240e-01	8.420623e-01
29429	9.335012e-01	4.302609e-01	3.142109e-02	3.927636e-02	2.057448e-01	1.507325e-01	6.808885e-01	1.696407e-01
22626	1.419962e-01	5.314611e-01	2.189464e-02	2.736830e-02	1.433657e-01	1.207536e-01	5.489966e-01	5.242095e-01
19755	3.897905e-01	5.556983e-01	2.654213e-02	3.317767e-02	1.737975e-01	9.989917e-02	1.846753e-01	8.198319e-01
32261	3.972665e-01	3.345258e-01	2.663013e-02	3.328766e-02	1.743737e-01	1.049466e-01	3.101564e-01	7.149958e-01
27023	3.894836e-01	2.217908e-01	3.432951e-02	4.291189e-02	2.247891e-01	1.823551e-01	2.230839e-01	9.926951e-01
5080	4.355543e-01	1.400113e-01	2.231129e-02	2.788912e-02	1.460940e-01	5.250906e-02	5.941823e-01	4.251411e-01
12572	1.441518e-01	2.772170e-01	5.131130e-02	6.413913e-02	3.359856e-01	3.308369e-01	8.009087e-02	1.011231e-01
23110	8.036167e-02	7.263204e-01	7.669424e-02	9.586780e-02	5.021927e-01	1.464707e-01	5.936903e-01	8.792265e-01
15159	4.081605e-01	8.630807e-01	3.241961e-02	4.052452e-02	2.122831e-01	1.968942e-01	6.649017e-01	3.951018e-02
12012	8.456608e-01	2.983268e-01	2.536517e-02	3.170646e-02	1.660907e-01	9.614400e-02	4.160561e-01	3.611612e-01
31602	2.101787e-01	6.001908e-01	3.214760e-02	4.018451e-02	2.105020e-01	1.511982e-01	5.709442e-01	7.125394e-02
21080	5.354557e-01	8.056288e-01	2.488674e-02	3.110843e-02	1.629580e-01	1.498701e-01	2.401863e-01	2.954711e-01
6499	8.629699e-01	7.747419e-01	3.091435e-02	3.864293e-02	2.024267e-01	1.977727e-01	9.239081e-02	2.058778e-01
9903	2.131903e-01	1.465435e-01	2.116827e-02	2.646034e-02	1.386095e-01	6.756331e-02	3.201657e-01	8.748852e-01
20379	7.584899e-01	1.354655e-01	2.563755e-02	3.204694e-02	1.678743e-01	1.230938e-01	5.287683e-01	9.726742e-01
3322	1.938114e-01	5.179961e-01	2.529656e-02	3.162070e-02	1.656415e-01	1.640823e-01	7.683412e-01	9.419846e-01
13438	8.491454e-01	9.661969e-01	2.369537e-02	2.961921e-02	1.551569e-01	1.069134e-01	8.650141e-01	1.153342e-01
19924	1.955655e-01	4.392808e-01	6.016472e-02	7.520590e-02	3.939576e-01	2.084487e-01	2.386319e-01	6.273135e-01
26152	2.808491e-01	4.676134e-01	2.860225e-02	3.575281e-02	1.872871e-01	1.243289e-01	4.092806e-02	2.976568e-01
32448	3.174770e-01	1.822878e-01	5.748926e-02	7.186158e-02	3.764388e-01	3.621603e-01	8.578899e-01	4.773014e-01
24691	2.045649e-01	3.577621e-01	2.455599e-02	3.069499e-02	1.607923e-01	1.020505e-01	8.070876e-01	9.143690e-01
3489	8.776355e-01	6.064620e-01	5.742699e-02	7.178374e-02	3.760310e-01	3.680876e-01	7.039644e-01	5.950563e-01
27242	8.124826e-01	7.399736e-01	3.569590e-02	4.461988e-02	2.337362e-01	1.807095e-01	6.019375e-01	8.487525e-01
15127	8.454778e-01	4.646200e-01	2.103182e-02	2.628977e-02	1.377160e-01	1.279546e-01	2.656024e-01	1.456770e-01
19189	6.191915e-01	8.678352e-01	5.748270e-02	7.185337e-02	3.763958e-01	2.588016e-01	7.178765e-01	9.832147e-01
14538	6.833142e-01	2.861456e-01	4.256706e-02	5.320883e-02	2.787285e-01	2.784395e-01	8.789607e-01	6.215380e-01
26525	3.674120e-01	9.160511e-01	5.198634e-02	6.498292e-02	3.404057e-01	3.062318e-01	3.679400e-02	3.031559e-01
21790	1.101026e-01	2.133446e-01	2.096479e-02	2.620599e-02	1.372771e-01	1.256494e-01	4.579992e-01	4.484954e-01
3162	1.863441e-01	3.217790e-01	2.359560e-02	2.949450e-02	1.545036e-01	6.609296e-02	9.149393e-01	8.019722e-01
9105	8.118810e-01	2.763934e-01	4.082121e-02	5.102651e-02	2.672967e-01	1.965861e-01	9.049359e-01	8.922989e-01
23594	8.092994e-01	4.033633e-01	5.381298e-02	6.726622e-02	3.523665e-01	2.875077e-01	3.766576e-01	8.659997e-01
21860	8.136918e-01	8.010704e-01	6.269181e-02	7.836476e-02	4.105050e-01	2.209648e-01	9.642097e-01	4.782202e-01
16817	9.360499e-01	8.108774e-01	3.325615e-02	4.157019e-02	2.177608e-01	2.135177e-01	1.475748e-01	5.534167e-01
18129	6.856649e-01	5.194952e-01	3.719939e-02	4.649924e-02	2.435810e-01	1.620418e-01	1.018669e-01	4.373427e-01
8419	4.696050e-01	2.030091e-01	2.321410e-02	2.901763e-02	1.520056e-01	7.081345e-02	3.336827e-01	7.108057e-01
21712	5.973670e-01	3.875784e-01	4.846655e-02	6.058319e-02	3.173582e-01	3.107970e-01	3.203957e-01	1.515969e-01
10666	7.241391e-01	7.221364e-01	3.877900e-02	4.847375e-02	2.539243e-01	2.022272e-01	5.041119e-01	2.024952e-01
11898	3.952720e-01	7.062277e-01	2.969837e-02	3.712296e-02	1.944645e-01	1.907013e-01	1.289925e-01	5.594258e-01
7702	8.980838e-01	2.878710e-01	4.237430e-02	5.296787e-02	2.774662e-01	1.240403e-01	8.961287e-01	6.207103e-01
23435	7.851709e-01	6.570178e-01	3.796717e-02	4.745896e-02	2.486084e-01	1.674728e-01	3.009822e-01	3.307656e-01
16769	1.373573e-01	9.020239e-01	3.582933e-02	4.478666e-02	2.346099e-01	9.594136e-02	7.978897e-01	6.476619e-01
17923	7.417576e-01	5.531394e-01	4.456989e-02	5.571236e-02	2.918430e-01	2.108495e-01	1.507090e-01	4.322939e-01
6160	7.335574e-01	4.974896e-01	2.518599e-02	3.148249e-02	1.649175e-01	8.121110e-02	9.410290e-01	9.263898e-01
27484	1.689328e-01	7.071214e-01	2.944827e-02	3.681034e-02	1.928268e-01	1.628238e-01	5.802540e-01	5.320034e-01
13781	5.786002e-01	4.358298e-01	2.356857e-02	2.946071e-02	1.543266e-01	1.341738e-01	3.200081e-01	6.113561e-01
5812	2.257921e-01	7.761748e-01	2.099476e-02	2.624346e-02	1.374734e-01	9.718463e-02	9.491393e-01	7.344197e-01
6768	5.030744e-01	1.554510e-01	2.161300e-02	2.701625e-02	1.415216e-01	1.022923e-01	4.610977e-01	4.189604e-01
31318	9.027748e-02	1.756765e-01	3.529999e-02	4.412498e-02	2.311438e-01	1.986285e-01	3.923994e-01	2.140425e-01
17858	2.726484e-01	7.439649e-01	4.635364e-02	5.794205e-02	3.035229e-01	2.147721e-01	9.961307e-01	6.390967e-01
31704	5.320918e-01	7.060264e-01	4.213772e-02	5.267215e-02	2.759171e-01	2.051066e-01	7.455817e-01	7.087966e-02
14257	2.160649e-01	8.853738e-01	3.779603e-02	4.724504e-02	2.474878e-01	1.305145e-01	6.508339e-01	6.513289e-01
28894	1.304632e-01	9.734637e-01	2.094621e-02	2.618276e-02	1.371555e-01	7.371272e-02	1.383088e-01	5.347971e-02
10293	3.525865e-01	6.865506e-02	2.157999e-02	2.697499e-02	1.413054e-01	1.404653e-01	8.495067e-01	7.173061e-01
28436	1.924739e-01	2.689906e-01	2.068398e-02	2.585497e-02	1.354384e-01	1.084321e-01	3.311977e-01	6.806036e-01
21945	5.097322e-01	3.266466e-02	3.022887e-02	3.778608e-02	1.979381e-01	7.352374e-02	3.334060e-01	3.154012e-01
26353	2.901132e-01	5.029934e-01	6.220817e-02	7.776021e-02	4.073381e-01	1.392876e-01	9.444459e-01	2.500535e-02
9245	4.948723e-01	6.782234e-01	2.365861e-02	2.957327e-02	1.549162e-01	1.467746e-01	6.619681e-01	2.642967e-01
23413	9.393950e-01	5.436761e-01	3.147659e-02	3.934574e-02	2.061083e-01	1.164515e-01	3.432152e-01	8.927021e-02
26380	8.804787e-01	4.382996e-01	2.322733e-02	2.903416e-02	1.520922e-01	1.483867e-01	4.962442e-01	5.229992e-01
10430	6.823564e-01	9.194602e-01	4.048309e-02	5.060386e-02	2.650826e-01	2.078398e-01	9.445053e-01	1.615419e-01
