21904	6.629336e-01	4.572177e-01	3.759754e-02	4.699693e-02	2.461881e-01	2.348171e-01	5.673317e-01	6.688004e-01
20210	6.963147e-01	9.388867e-01	2.724981e-02	3.406226e-02	1.784313e-01	1.773129e-01	8.079631e-01	3.817727e-01
21957	2.202126e-01	7.957614e-01	6.832177e-02	8.540221e-02	4.473699e-01	3.629771e-01	7.077882e-01	4.987608e-01
10112	3.494812e-01	8.016598e-01	2.827217e-02	3.534022e-02	1.851257e-01	7.982231e-02	1.974842e-01	2.479012e-01
16115	4.498940e-01	3.056968e-01	2.362540e-02	2.953175e-02	1.546987e-01	6.962091e-02	8.591378e-02	1.983774e-01
4155	3.645500e-01	7.334493e-01	2.845412e-02	3.556765e-02	1.863171e-01	1.199155e-01	6.561501e-01	2.539714e-03
31431	6.443879e-01	2.561872e-01	5.248729e-02	6.560911e-02	3.436859e-01	3.402347e-01	9.771788e-01	9.913477e-01
20680	3.286549e-01	4.148282e-02	2.240716e-02	2.800895e-02	1.467217e-01	1.425185e-01	6.611003e-01	4.444224e-01
6820	5.447189e-01	2.397886e-01	6.322096e-02	7.902620e-02	4.139699e-01	2.723261e-01	3.253569e-01	5.461882e-01
25064	9.365860e-01	6.596035e-01	2.073679e-02	2.592099e-02	1.357842e-01	4.973211e-02	9.800676e-01	5.477363e-02
4606	8.670586e-01	8.389058e-01	4.512556e-02	5.640696e-02	2.954815e-01	1.205777e-01	4.428906e-01	2.199478e-01
23603	7.773904e-01	8.710902e-01	3.207233e-02	4.009042e-02	2.100091e-01	7.001669e-02	8.951029e-01	6.856049e-01
32088	2.764887e-01	7.351609e-01	2.220180e-02	2.775224e-02	1.453770e-01	8.990466e-02	6.245600e-01	8.047580e-01
20974	3.649273e-01	4.632503e-01	7.520400e-02	9.400499e-02	4.924346e-01	2.184176e-01	9.091474e-01	1.722560e-02
20142	6.030740e-01	7.312620e-01	2.678312e-02	3.347891e-02	1.753755e-01	1.321968e-01	3.663126e-01	5.752915e-01
8360	4.748139e-01	5.674884e-01	4.077969e-02	5.097461e-02	2.670248e-01	1.618772e-01	8.937571e-01	5.389036e-01
25723	6.463531e-01	6.086626e-01	5.356460e-02	6.695575e-02	3.507402e-01	1.015107e-01	5.442244e-01	6.381542e-01
22260	5.249923e-01	4.399895e-01	3.429825e-02	4.287281e-02	2.245844e-01	1.439600e-01	8.792590e-01	2.269016e-01
14127	6.620362e-01	5.487465e-02	2.580956e-02	3.226195e-02	1.690006e-01	5.869697e-02	2.328631e-01	1.622830e-01
154	1.152807e-01	3.424463e-01	2.506940e-02	3.133676e-02	1.641541e-01	1.632004e-01	5.103586e-01	9.864743e-01
16689	3.492100e-01	8.267883e-02	2.390268e-02	2.987834e-02	1.565143e-01	9.366044e-02	3.218758e-01	1.457373e-01
23922	2.724791e-01	2.783366e-01	4.848745e-02	6.060931e-02	3.174950e-01	3.114020e-01	6.744661e-01	4.833319e-01
465	7.397684e-01	8.128867e-01	4.432212e-02	5.540265e-02	2.902205e-01	1.398927e-01	5.778291e-01	9.685481e-01
2930	2.956961e-01	6.214576e-01	4.119483e-02	5.149353e-02	2.697431e-01	2.200845e-01	2.222893e-01	3.194555e-01
14666	2.862258e-01	4.944255e-01	3.336843e-02	4.171054e-02	2.184960e-01	2.060535e-01	3.613788e-01	8.867039e-01
8742	8.380566e-01	8.774310e-01	2.321459e-02	2.901824e-02	1.520088e-01	6.857435e-02	5.363367e-01	3.046689e-01
12350	7.205406e-01	1.721976e-01	5.638344e-02	7.047930e-02	3.691979e-01	3.234905e-01	3.141645e-01	9.967360e-03
20975	2.690450e-01	1.702787e-01	3.712535e-02	4.640669e-02	2.430962e-01	9.846698e-02	2.557755e-01	7.808305e-01
13822	4.255022e-01	1.802938e-01	4.740863e-02	5.926079e-02	3.104310e-01	9.759406e-02	3.842107e-01	9.091730e-01
7297	9.490598e-01	2.279620e-01	3.012419e-02	3.765524e-02	1.972527e-01	1.419404e-01	5.311453e-01	5.301736e-02
29111	7.810018e-01	5.248331e-01	7.017498e-02	8.771873e-02	4.595047e-01	3.784684e-01	7.522744e-02	3.183904e-01
410	8.973161e-01	8.691340e-01	2.831363e-02	3.539204e-02	1.853972e-01	1.687613e-01	2.310713e-01	3.494430e-01
10570	2.126099e-01	9.293524e-01	2.236094e-02	2.795117e-02	1.464191e-01	1.343319e-01	7.511131e-01	3.733089e-01
15552	6.079976e-01	8.460148e-01	6.016635e-02	7.520794e-02	3.939683e-01	3.502076e-01	3.759845e-02	3.370232e-01
20827	8.533992e-01	1.077231e-01	6.655839e-02	8.319798e-02	4.358233e-01	3.264366e-01	6.478921e-01	5.760755e-01
21849	5.732282e-01	1.737726e-01	7.304331e-02	9.130413e-02	4.782864e-01	2.275861e-01	2.245228e-01	2.339402e-01
15675	6.608948e-01	6.927813e-01	3.255321e-02	4.069151e-02	2.131579e-01	1.439365e-01	8.756155e-01	2.875930e-01
25451	4.538945e-01	1.712963e-01	2.173069e-02	2.716336e-02	1.422922e-01	8.659929e-02	9.066846e-01	5.022986e-01
24973	8.807157e-01	4.512341e-01	2.641745e-02	3.302181e-02	1.729810e-01	9.814773e-02	1.002056e-01	2.414356e-01
9074	4.772576e-01	6.150658e-01	4.012347e-02	5.015433e-02	2.627278e-01	2.143010e-01	4.418097e-01	5.073661e-01
14897	4.864259e-01	9.512419e-01	2.996829e-02	3.746037e-02	1.962319e-01	1.943337e-01	9.501363e-02	8.455779e-01
24874	6.031622e-01	5.850308e-01	2.375063e-02	2.968829e-02	1.555188e-01	8.987953e-02	6.937367e-01	4.902513e-01
15252	5.448597e-02	6.886848e-01	3.005866e-02	3.757333e-02	1.968237e-01	1.916853e-01	7.522053e-01	1.266465e-01
2740	5.092301e-01	4.003738e-01	2.335631e-02	2.919539e-02	1.529368e-01	1.365946e-01	6.227131e-01	5.061449e-01
14073	2.263475e-01	4.453910e-01	3.698390e-02	4.622987e-02	2.421700e-01	9.015015e-02	3.752672e-01	6.096731e-01
24396	8.184086e-01	9.204895e-01	2.109995e-02	2.637494e-02	1.381622e-01	4.145433e-02	3.166108e-01	2.423991e-01
11798	4.838810e-01	4.360861e-01	3.215214e-02	4.019017e-02	2.105317e-01	2.003009e-01	7.044396e-01	4.515688e-01
7932	1.705114e-01	7.140613e-01	2.093969e-02	2.617462e-02	1.371128e-01	1.070064e-01	9.578389e-01	5.732812e-01
20316	9.127905e-02	6.498472e-01	5.570878e-02	6.963598e-02	3.647803e-01	1.311499e-01	4.947363e-01	8.737301e-01
26940	4.208705e-01	6.631107e-01	3.223952e-02	4.029940e-02	2.111039e-01	2.071413e-01	6.598895e-01	5.218025e-01
11358	7.353696e-01	2.833337e-01	6.749244e-02	8.436555e-02	4.419394e-01	4.022885e-01	5.107212e-01	5.593053e-01
24625	4.663319e-01	8.022684e-01	6.369088e-02	7.961360e-02	4.170469e-01	4.153777e-01	1.752696e-01	3.677913e-01
28589	7.662812e-02	7.461720e-01	6.778289e-02	8.472861e-02	4.438413e-01	4.132135e-01	3.347830e-01	6.674266e-01
31829	6.084360e-01	6.262743e-01	2.121856e-02	2.652320e-02	1.389388e-01	1.332192e-01	6.425117e-01	3.076895e-01
5491	8.748418e-01	7.862897e-01	3.258507e-02	4.073134e-02	2.133665e-01	1.859050e-01	4.625754e-02	8.472486e-01
15772	5.620108e-01	7.821458e-01	3.233125e-02	4.041406e-02	2.117045e-01	1.357096e-01	4.126299e-01	6.960803e-01
12848	2.982917e-01	8.365269e-01	7.601896e-02	9.502371e-02	4.977710e-01	1.991900e-01	6.593903e-01	9.270871e-01
1422	3.306078e-01	1.813683e-01	4.498366e-02	5.622957e-02	2.945523e-01	1.603572e-01	5.351683e-01	7.805498e-01
32242	2.241814e-01	8.882826e-01	3.293774e-02	4.117218e-02	2.156758e-01	1.291736e-01	1.873242e-01	3.671334e-02
32451	5.695580e-01	6.219514e-01	2.273103e-02	2.841378e-02	1.488424e-01	8.806245e-02	7.307756e-02	9.281700e-01
29629	6.764311e-02	2.763672e-01	4.657471e-02	5.821839e-02	3.049705e-01	3.020628e-01	2.480002e-01	6.422427e-01
3866	7.592390e-01	3.911456e-01	2.280838e-02	2.851048e-02	1.493489e-01	1.104054e-01	4.817212e-01	3.544442e-01
21520	3.706545e-02	7.217162e-02	2.473902e-02	3.092377e-02	1.619907e-01	1.318771e-01	8.074524e-01	7.306875e-01
18952	8.919391e-01	9.553733e-01	2.660968e-02	3.326209e-02	1.742397e-01	5.714508e-02	6.334303e-01	8.628251e-01
25565	9.501858e-01	9.166167e-01	2.636327e-02	3.295408e-02	1.726263e-01	1.381657e-01	3.147911e-01	8.954640e-01
22662	2.716101e-01	5.586102e-01	2.188940e-02	2.736175e-02	1.433315e-01	5.945924e-02	8.028142e-01	9.610879e-01
10482	3.361665e-01	2.542029e-01	2.631031e-02	3.288788e-02	1.722795e-01	1.235887e-01	8.622664e-01	3.185582e-01
9483	3.926669e-01	8.339166e-01	2.495731e-02	3.119663e-02	1.634201e-01	1.602714e-01	2.449391e-02	7.566984e-01
24379	2.987961e-01	4.395492e-01	2.557894e-02	3.197368e-02	1.674905e-01	1.674743e-01	3.374525e-02	5.004958e-01
27949	4.308433e-01	2.451388e-01	3.056201e-02	3.820251e-02	2.001196e-01	1.901617e-01	7.766547e-01	6.576042e-01
30668	8.307396e-01	9.422125e-01	2.154058e-02	2.692572e-02	1.410474e-01	4.602730e-02	8.506961e-01	5.456884e-01
29720	2.011119e-01	2.632707e-01	3.500434e-02	4.375542e-02	2.292079e-01	8.559281e-02	2.075357e-01	3.279430e-03
22579	6.678014e-02	1.319003e-01	5.132618e-02	6.415773e-02	3.360831e-01	3.316620e-01	7.719719e-01	8.848471e-01
14282	4.075177e-01	9.147159e-02	6.863840e-02	8.579800e-02	4.494432e-01	4.163822e-01	4.015831e-01	8.415374e-01
955	8.595588e-01	9.135550e-01	2.440872e-02	3.051091e-02	1.598280e-01	1.230753e-01	9.033873e-01	9.543989e-02
4139	4.089804e-01	9.520122e-01	4.353160e-02	5.441450e-02	2.850442e-01	1.783873e-01	1.653455e-01	8.300035e-01
5715	3.335812e-01	3.757863e-01	3.721101e-02	4.651376e-02	2.436571e-01	1.331842e-01	8.611450e-01	6.891303e-02
