11130	5.695990e-01	2.052361e-01	3.019993e-02	3.774991e-02	1.977487e-01	9.780409e-02	7.412362e-01	1.406008e-01
1721	4.919126e-01	3.431263e-01	3.290343e-02	4.112928e-02	2.154511e-01	1.957773e-01	3.961390e-01	1.685950e-01
24453	2.982532e-01	2.810485e-01	5.466321e-02	6.832901e-02	3.579338e-01	3.518078e-01	5.353645e-01	5.174754e-01
4436	1.187166e-01	3.064363e-01	2.930025e-02	3.662531e-02	1.918576e-01	1.193557e-01	6.161339e-01	8.910278e-01
3378	7.365558e-01	9.729751e-02	3.801140e-02	4.751425e-02	2.488981e-01	1.548119e-01	3.412784e-01	9.520802e-02
9255	4.288621e-01	6.020224e-01	3.676206e-02	4.595257e-02	2.407174e-01	2.389380e-01	1.755932e-01	7.345246e-01
2373	3.997620e-01	6.695719e-01	2.638888e-02	3.298610e-02	1.727940e-01	8.775826e-02	8.033164e-01	3.831192e-01
9922	3.591059e-01	9.489871e-01	2.437980e-02	3.047475e-02	1.596385e-01	1.567966e-01	7.479763e-01	8.372224e-01
20679	8.046362e-01	7.205551e-01	6.775178e-02	8.468973e-02	4.436376e-01	1.465161e-01	9.206381e-01	3.685972e-01
5292	1.890079e-01	7.565793e-01	6.480818e-02	8.101023e-02	4.243630e-01	3.480952e-01	2.079097e-01	8.246285e-01
10094	4.651430e-01	1.458770e-01	2.491748e-02	3.114685e-02	1.631593e-01	1.193019e-01	3.815804e-01	5.556372e-02
6165	3.895748e-01	9.427656e-01	2.680361e-02	3.350451e-02	1.755096e-01	1.475152e-01	6.316976e-01	9.218933e-01
3418	2.324274e-01	2.711646e-01	4.186208e-02	5.232760e-02	2.741122e-01	2.174035e-01	3.674994e-01	7.661584e-01
28995	8.814214e-01	6.615103e-01	3.149568e-02	3.936960e-02	2.062332e-01	1.036018e-01	9.409844e-01	7.507312e-01
32596	7.754126e-01	6.467368e-01	4.371134e-02	5.463917e-02	2.862212e-01	1.663775e-01	7.807194e-01	8.060414e-01
7779	4.428648e-01	4.096900e-01	7.882663e-02	9.853329e-02	5.161555e-01	4.540097e-01	3.716856e-01	5.169817e-01
18493	1.842688e-01	3.240962e-02	2.596239e-02	3.245299e-02	1.700013e-01	1.538875e-01	4.057526e-01	7.477018e-01
19640	2.478238e-01	7.586876e-01	3.237748e-02	4.047185e-02	2.120072e-01	8.910842e-02	3.319203e-01	2.017953e-01
25656	3.487857e-02	8.608095e-01	2.287528e-02	2.859409e-02	1.497869e-01	1.468472e-01	4.256241e-01	8.164049e-01
11271	8.016183e-01	2.617559e-01	3.220013e-02	4.025016e-02	2.108459e-01	2.066582e-01	5.000701e-01	4.444722e-01
9130	3.015876e-01	7.126919e-01	6.088414e-02	7.610517e-02	3.986684e-01	1.369696e-01	7.154416e-01	5.785028e-01
5812	1.743645e-01	5.121060e-01	2.286102e-02	2.857628e-02	1.496936e-01	1.211334e-01	4.892652e-01	4.664373e-01
18676	7.038750e-01	4.840308e-02	2.308304e-02	2.885380e-02	1.511474e-01	1.147675e-01	4.710937e-01	5.962204e-01
12547	8.976693e-01	5.335217e-01	3.440471e-02	4.300589e-02	2.252815e-01	1.153166e-01	8.173338e-02	1.038635e-01
15518	7.522079e-01	4.643504e-01	2.894808e-02	3.618510e-02	1.895516e-01	1.500658e-01	3.737244e-01	6.385753e-01
22680	6.797102e-01	2.351332e-01	2.297966e-02	2.872458e-02	1.504705e-01	9.671798e-02	1.693886e-01	8.880551e-01
1641	6.433160e-01	9.132982e-01	4.955363e-02	6.194204e-02	3.244764e-01	1.162253e-01	3.065110e-01	5.135825e-01
16481	5.206710e-01	5.735087e-01	5.078794e-02	6.348492e-02	3.325586e-01	1.895525e-01	3.209286e-01	7.471148e-01
30080	4.108046e-01	7.186596e-01	4.924254e-02	6.155317e-02	3.224394e-01	2.716918e-01	3.737532e-01	2.220690e-01
26707	6.576235e-01	5.593850e-01	5.768978e-02	7.211222e-02	3.777518e-01	2.965970e-01	9.048345e-01	3.769360e-01
7046	8.527107e-01	5.442872e-01	5.414690e-02	6.768362e-02	3.545530e-01	2.344199e-01	4.946854e-01	5.229898e-03
19426	3.304785e-01	3.740084e-01	2.374407e-02	2.968008e-02	1.554758e-01	1.418074e-01	8.846599e-01	8.763680e-01
20190	3.251850e-01	1.683446e-01	5.547860e-02	6.934825e-02	3.632730e-01	3.266832e-01	7.129687e-01	1.594177e-01
22861	3.930160e-01	6.038996e-01	2.359175e-02	2.948969e-02	1.544784e-01	7.953950e-02	7.767151e-01	5.763814e-01
17688	6.741840e-01	1.923621e-01	2.845373e-02	3.556717e-02	1.863146e-01	1.665781e-01	5.972567e-01	8.932631e-01
3158	9.468820e-01	6.002769e-01	2.282998e-02	2.853747e-02	1.494903e-01	4.236813e-02	2.506136e-01	3.873374e-01
9407	9.399176e-01	7.728405e-01	2.369604e-02	2.962005e-02	1.551613e-01	9.933743e-02	7.871029e-02	6.659199e-01
24294	3.444695e-01	7.668058e-01	2.487186e-02	3.108982e-02	1.628606e-01	1.462088e-01	1.384309e-01	3.640230e-01
9501	1.284234e-01	5.422372e-01	2.518594e-02	3.148243e-02	1.649171e-01	1.405732e-01	5.869069e-01	2.347108e-01
5026	4.096977e-01	3.433980e-01	2.525460e-02	3.156825e-02	1.653667e-01	1.653292e-01	8.862029e-02	5.206878e-01
22720	9.337695e-01	5.309967e-01	2.067943e-02	2.584929e-02	1.354086e-01	1.351547e-01	5.233068e-01	9.119741e-01
25868	7.068853e-01	4.910397e-01	4.146490e-02	5.183113e-02	2.715115e-01	9.718872e-02	2.469847e-01	5.506295e-01
15315	4.185498e-01	5.007132e-01	3.762099e-02	4.702624e-02	2.463417e-01	1.842822e-01	6.506601e-01	8.493992e-01
17982	2.966202e-01	4.166038e-01	3.552179e-02	4.440223e-02	2.325961e-01	1.975221e-01	7.825393e-01	7.915376e-01
7667	1.005160e-01	1.237656e-01	5.575803e-02	6.969753e-02	3.651027e-01	1.380724e-01	2.371555e-01	7.644124e-01
25044	3.430797e-01	8.604221e-01	7.063775e-02	8.829718e-02	4.625349e-01	4.226122e-01	4.163317e-01	3.536644e-01
4143	6.495184e-01	4.267848e-01	2.844953e-02	3.556191e-02	1.862871e-01	1.260130e-01	9.105487e-01	1.997567e-01
28692	6.271154e-01	4.942512e-01	5.577926e-02	6.972407e-02	3.652417e-01	1.329352e-01	4.450837e-01	7.261609e-01
31971	4.530715e-01	8.525055e-01	7.533734e-02	9.417167e-02	4.933077e-01	4.410137e-01	8.048663e-01	4.233354e-02
15517	5.248211e-01	5.009620e-01	4.490621e-02	5.613276e-02	2.940452e-01	1.799883e-01	9.855123e-01	3.863210e-01
25065	7.031776e-01	1.169559e-01	3.317448e-02	4.146811e-02	2.172260e-01	1.834662e-01	7.872430e-01	2.072528e-01
20761	4.782208e-01	9.429995e-01	2.444501e-02	3.055627e-02	1.600656e-01	1.432074e-01	3.018434e-01	1.329867e-01
1906	3.137918e-01	5.832368e-01	3.210942e-02	4.013677e-02	2.102520e-01	2.033000e-01	4.978881e-01	9.545332e-01
6475	9.211619e-01	2.842379e-01	2.692827e-02	3.366033e-02	1.763259e-01	1.608543e-01	3.913702e-01	1.318313e-01
26622	8.085620e-01	3.714136e-01	2.416451e-02	3.020564e-02	1.582288e-01	6.585499e-02	7.750903e-02	4.485578e-01
2839	8.928262e-01	4.551477e-01	2.166938e-02	2.708672e-02	1.418908e-01	1.410057e-01	7.769044e-01	4.039314e-01
14772	9.281072e-01	8.271395e-01	4.896125e-02	6.120156e-02	3.205975e-01	2.272476e-01	4.762901e-01	7.907635e-01
15652	8.152577e-01	5.215287e-01	2.542574e-02	3.178217e-02	1.664873e-01	1.579408e-01	2.646711e-01	3.176319e-01
16088	1.298625e-01	2.678272e-01	3.682192e-02	4.602739e-02	2.411093e-01	1.371300e-01	6.236189e-01	4.844305e-01
18562	7.334402e-01	4.179521e-01	5.222456e-02	6.528071e-02	3.419656e-01	2.563837e-01	3.582381e-01	6.610004e-01
31997	3.444910e-01	6.960513e-01	4.576835e-02	5.721044e-02	2.996904e-01	1.744796e-01	4.665269e-01	7.378198e-01
10060	7.016578e-01	7.926748e-01	2.401008e-02	3.001259e-02	1.572176e-01	5.231229e-02	3.355622e-01	3.267166e-01
22477	5.032646e-01	7.638199e-01	3.543390e-02	4.429237e-02	2.320206e-01	2.315542e-01	4.997861e-01	4.059457e-01
8672	7.804293e-02	8.303187e-01	5.753655e-02	7.192068e-02	3.767484e-01	3.290277e-01	7.978807e-01	5.984478e-01
12362	7.157508e-01	3.703957e-01	2.775651e-02	3.469564e-02	1.817492e-01	6.226553e-02	1.520665e-01	1.193037e-01
19910	9.044665e-01	7.409937e-01	5.703791e-02	7.129739e-02	3.734833e-01	1.847635e-01	9.747943e-03	3.947713e-01
356	5.405997e-01	2.661821e-01	4.684998e-02	5.856247e-02	3.067729e-01	2.731330e-01	8.531923e-01	2.939102e-01
10426	8.739474e-01	1.053682e-01	4.522347e-02	5.652933e-02	2.961225e-01	8.787754e-02	5.154161e-02	2.917782e-02
7379	4.421542e-02	6.624784e-01	3.127698e-02	3.909622e-02	2.048012e-01	1.955249e-01	9.995105e-01	8.654200e-01
26958	5.299793e-01	4.123653e-01	4.613926e-02	5.767407e-02	3.021191e-01	2.495242e-01	2.200046e-01	7.210128e-01
27019	8.532025e-01	4.587598e-01	2.493302e-02	3.116628e-02	1.632610e-01	5.826593e-02	1.531387e-01	1.241328e-02
26985	1.241501e-01	4.074475e-01	6.444163e-02	8.055204e-02	4.219628e-01	3.252914e-01	6.271933e-01	3.650455e-01
1362	1.938316e-01	4.184710e-01	2.742211e-02	3.427764e-02	1.795596e-01	1.795391e-01	4.116232e-01	3.031318e-02
2430	8.578782e-02	3.488763e-01	2.585099e-02	3.231374e-02	1.692719e-01	1.416694e-01	6.244854e-01	5.993830e-01
17025	4.212528e-01	7.656031e-01	2.103646e-02	2.629558e-02	1.377464e-01	1.356587e-01	9.943648e-01	5.132684e-01
11810	3.800039e-02	8.916009e-01	2.079059e-02	2.598824e-02	1.361365e-01	1.127462e-01	4.424119e-02	7.744441e-01
28681	1.632187e-01	2.809436e-01	3.858374e-02	4.822968e-02	2.526457e-01	1.961864e-01	3.712677e-01	7.129867e-01
9024	2.370414e-01	4.421126e-01	2.978410e-02	3.723012e-02	1.950258e-01	5.785424e-02	9.880399e-01	1.667512e-01
6637	5.798421e-02	2.776383e-01	5.584727e-02	6.980909e-02	3.656871e-01	2.674028e-01	5.704415e-01	9.451252e-01
