18109	7.871967e-01	1.283389e-01	3.662502e-02	4.578127e-02	2.398200e-01	2.278171e-01	7.438259e-02	5.122270e-01
21555	2.965987e-01	2.766236e-01	6.575802e-02	8.219752e-02	4.305825e-01	1.727576e-01	6.215110e-02	1.424001e-01
11792	1.234830e-01	6.943195e-01	2.996060e-02	3.745075e-02	1.961816e-01	1.892890e-01	4.455933e-01	5.132968e-01
20024	8.424453e-01	8.364734e-01	6.506093e-02	8.132616e-02	4.260179e-01	1.924102e-01	3.817799e-01	4.102376e-01
10233	7.845097e-01	4.172675e-01	2.910011e-02	3.637514e-02	1.905471e-01	1.277466e-01	4.237899e-01	3.108327e-01
11380	4.423655e-01	5.919889e-01	6.254175e-02	7.817719e-02	4.095224e-01	2.702422e-01	5.649787e-02	8.963892e-01
5011	3.643309e-01	8.454587e-01	3.544976e-02	4.431221e-02	2.321245e-01	9.112406e-02	9.253940e-01	4.060666e-01
21393	1.509289e-01	5.407223e-01	2.452064e-02	3.065080e-02	1.605608e-01	5.060796e-02	5.137567e-01	2.019445e-01
24691	7.983507e-01	6.353832e-01	3.551116e-02	4.438896e-02	2.325265e-01	8.851235e-02	9.397222e-01	8.573189e-01
19588	7.378314e-01	5.352017e-01	3.811101e-02	4.763877e-02	2.495503e-01	2.423900e-01	6.753499e-01	9.056143e-01
579	1.289277e-01	8.269174e-01	3.944963e-02	4.931204e-02	2.583156e-01	2.246285e-01	2.964541e-01	4.055959e-01
24426	2.754989e-01	5.675258e-01	6.940914e-02	8.676143e-02	4.544900e-01	4.193090e-01	4.602103e-01	3.430927e-01
9070	8.459075e-01	9.788872e-02	4.048220e-02	5.060275e-02	2.650768e-01	2.376963e-01	5.664270e-01	6.274311e-01
18406	6.253782e-01	6.529671e-01	4.077181e-02	5.096476e-02	2.669732e-01	8.891945e-02	3.574915e-01	1.316299e-01
4392	1.636831e-01	1.107245e-01	2.957036e-02	3.696295e-02	1.936263e-01	1.930872e-01	2.133548e-01	6.630714e-01
292	6.417586e-01	7.115546e-01	2.622427e-02	3.278034e-02	1.717161e-01	1.701974e-01	3.836369e-01	4.736888e-02
8456	1.290051e-01	3.265160e-01	3.036509e-02	3.795636e-02	1.988301e-01	1.516732e-01	6.312215e-01	8.497509e-01
12163	7.368881e-01	7.437174e-02	5.833574e-02	7.291968e-02	3.819815e-01	2.164123e-01	3.241262e-01	5.733081e-01
16075	2.779299e-01	4.637374e-01	2.145520e-02	2.681900e-02	1.404883e-01	1.360203e-01	5.724831e-01	2.180618e-01
23978	9.706545e-02	5.508112e-01	5.777458e-02	7.221822e-02	3.783070e-01	2.980685e-01	6.334145e-01	8.855110e-01
4415	2.950302e-01	7.367260e-01	7.166232e-02	8.957790e-02	4.692438e-01	4.677499e-01	9.465800e-01	5.716859e-01
3660	5.289435e-01	1.108805e-01	2.295249e-02	2.869062e-02	1.502926e-01	1.035869e-01	7.123978e-01	3.115717e-01
25688	3.208767e-01	1.832303e-01	4.277788e-02	5.347235e-02	2.801089e-01	2.234815e-01	6.161007e-01	2.650233e-01
29967	1.064087e-01	1.298859e-01	3.731614e-02	4.664517e-02	2.443455e-01	8.235675e-02	4.508652e-01	8.361177e-01
25270	8.591349e-01	5.079804e-01	5.685819e-02	7.107273e-02	3.723065e-01	3.489585e-01	7.015872e-01	4.757588e-01
30280	5.088790e-01	4.128433e-01	3.354819e-02	4.193523e-02	2.196730e-01	2.176170e-01	1.611425e-01	6.970524e-01
27481	5.571278e-01	3.423932e-01	5.516749e-02	6.895936e-02	3.612359e-01	2.797597e-01	8.287517e-01	6.436153e-01
30632	1.033198e-01	4.280383e-01	6.317389e-02	7.896736e-02	4.136617e-01	3.870227e-01	1.001764e-01	2.393986e-01
2908	6.070302e-01	2.502561e-01	2.562872e-02	3.203590e-02	1.678165e-01	7.115546e-02	2.888075e-01	4.539625e-01
14688	4.120747e-01	8.709686e-01	3.076570e-02	3.845713e-02	2.014533e-01	1.246202e-01	8.051555e-01	2.340674e-01
12728	1.350354e-01	5.081517e-01	2.404894e-02	3.006117e-02	1.574721e-01	8.313007e-02	3.502610e-01	2.506347e-01
24945	2.007576e-01	3.963741e-01	2.763797e-02	3.454746e-02	1.809730e-01	9.713990e-02	8.349590e-01	9.826432e-01
9660	9.409149e-01	7.669466e-01	2.215695e-02	2.769619e-02	1.450834e-01	1.218207e-01	3.011274e-01	9.762585e-01
24076	5.434843e-01	8.598713e-01	7.774619e-02	9.718274e-02	5.090808e-01	3.949837e-01	8.290033e-01	2.045374e-01
417	1.970461e-01	1.634015e-01	2.728934e-02	3.411168e-02	1.786902e-01	1.548315e-01	9.330383e-01	4.825747e-01
29860	5.963164e-01	4.248663e-01	2.701600e-02	3.377000e-02	1.769003e-01	1.621099e-01	8.114916e-01	1.113020e-01
21401	7.560806e-01	9.072177e-01	2.123859e-02	2.654824e-02	1.390700e-01	1.283087e-01	5.224633e-01	8.582369e-02
6017	1.651662e-01	9.146207e-01	2.092819e-02	2.616024e-02	1.370375e-01	1.285341e-01	9.969898e-01	5.387676e-01
25089	5.067799e-01	3.320372e-01	2.286938e-02	2.858673e-02	1.497484e-01	1.367036e-01	7.688206e-01	3.311003e-01
27703	2.146538e-01	6.685968e-01	5.664179e-02	7.080224e-02	3.708896e-01	3.703375e-01	1.058560e-01	9.161547e-01
8347	8.594666e-01	2.685022e-01	4.017254e-02	5.021567e-02	2.630491e-01	2.628697e-01	7.772416e-01	6.054380e-01
29036	5.718693e-01	9.484945e-01	2.534697e-02	3.168372e-02	1.659716e-01	5.180000e-02	1.558834e-01	9.304925e-01
15190	9.477823e-01	6.502952e-01	2.872374e-02	3.590467e-02	1.880826e-01	1.351788e-01	1.698225e-01	2.145746e-01
13974	2.364663e-01	2.076318e-01	5.016349e-02	6.270437e-02	3.284698e-01	1.112840e-01	3.260221e-01	3.959601e-01
18567	6.487180e-01	4.169299e-02	3.268035e-02	4.085043e-02	2.139904e-01	2.136764e-01	8.785966e-01	4.670577e-01
1603	5.448512e-01	6.361955e-01	6.303862e-02	7.879827e-02	4.127759e-01	1.081086e-01	2.516161e-01	4.036237e-01
23749	9.519084e-01	5.483656e-02	2.568933e-02	3.211166e-02	1.682133e-01	1.158806e-01	5.511762e-01	4.904110e-01
17874	7.322022e-01	6.518545e-01	2.425059e-02	3.031324e-02	1.587925e-01	1.440077e-01	5.396458e-01	6.763571e-01
20623	5.837438e-01	5.603776e-01	2.258042e-02	2.822552e-02	1.478562e-01	1.441804e-01	7.813715e-01	3.713304e-02
31533	8.170589e-01	7.267849e-01	4.642287e-02	5.802859e-02	3.039762e-01	2.914648e-01	7.462725e-01	7.642294e-01
24066	9.711801e-01	2.248365e-01	2.699406e-02	3.374257e-02	1.767567e-01	1.318425e-01	4.261419e-01	2.140196e-01
3747	7.191335e-01	4.124662e-01	2.193644e-02	2.742055e-02	1.436395e-01	1.254010e-01	8.626077e-03	7.989018e-03
326	4.529409e-01	2.986925e-01	2.901575e-02	3.626969e-02	1.899947e-01	1.499023e-01	6.190236e-02	3.549100e-01
7399	6.904328e-01	8.365622e-01	7.309851e-02	9.137313e-02	4.786479e-01	4.431112e-01	1.311940e-01	9.265831e-01
23278	1.722662e-01	2.283589e-01	2.141314e-02	2.676643e-02	1.402129e-01	1.173324e-01	2.196648e-01	9.945863e-01
20540	2.590813e-01	1.164368e-01	2.306092e-02	2.882615e-02	1.510025e-01	1.451135e-01	1.119168e-01	7.220542e-01
7267	4.949094e-01	8.760154e-02	2.161827e-02	2.702284e-02	1.415561e-01	1.161540e-01	8.603268e-01	5.750278e-01
7736	1.699791e-01	5.028374e-01	2.593827e-02	3.242284e-02	1.698434e-01	1.098797e-01	4.261767e-01	5.399917e-01
29921	6.884011e-01	7.026766e-01	4.536980e-02	5.671225e-02	2.970808e-01	2.558026e-01	8.627579e-02	6.547804e-01
30434	1.784283e-01	7.838024e-01	3.814213e-02	4.767766e-02	2.497541e-01	2.457792e-01	6.051378e-01	5.799852e-01
1642	7.008297e-01	4.601373e-01	3.169947e-02	3.962434e-02	2.075677e-01	2.064689e-01	4.940571e-01	2.494300e-01
1671	7.394043e-01	2.718173e-01	2.130382e-02	2.662978e-02	1.394971e-01	1.299168e-01	2.360591e-01	7.249311e-01
27100	7.972568e-01	2.583946e-01	6.643669e-02	8.304587e-02	4.350264e-01	2.571757e-01	5.915820e-01	5.128029e-01
5866	5.000294e-01	6.462046e-01	3.805589e-02	4.756986e-02	2.491894e-01	1.952920e-01	7.066875e-01	2.965162e-01
32624	9.590405e-02	4.832248e-02	2.523432e-02	3.154290e-02	1.652340e-01	1.597186e-01	7.144319e-01	2.889557e-01
21362	9.496112e-01	4.508638e-01	2.846611e-02	3.558264e-02	1.863957e-01	1.093546e-01	7.372579e-01	2.292467e-01
19548	2.784643e-01	8.345439e-01	2.941558e-02	3.676948e-02	1.926128e-01	6.283158e-02	6.293437e-01	6.307233e-01
888	3.431789e-01	4.448500e-01	4.534708e-02	5.668385e-02	2.969320e-01	2.004015e-01	2.936836e-01	3.904131e-01
6774	8.683223e-01	2.086081e-01	3.922591e-02	4.903239e-02	2.568507e-01	7.109371e-02	2.786551e-01	4.227162e-01
11780	5.249968e-01	9.441803e-01	3.669867e-02	4.587333e-02	2.403023e-01	1.899457e-01	2.314584e-01	2.305119e-01
14245	3.548441e-01	3.438857e-02	2.191268e-02	2.739085e-02	1.434839e-01	9.476718e-02	4.374551e-01	7.784935e-01
20890	1.942200e-01	3.244378e-01	3.914872e-02	4.893590e-02	2.563452e-01	8.365605e-02	9.396638e-01	5.051403e-02
7638	7.496284e-01	3.527328e-01	2.665651e-02	3.332064e-02	1.745464e-01	1.667393e-01	1.102656e-01	3.769379e-01
26421	1.435580e-01	1.926095e-01	2.509360e-02	3.136700e-02	1.643125e-01	9.313023e-02	1.596579e-01	3.037773e-01
1524	3.251476e-01	8.948910e-01	2.084986e-02	2.606233e-02	1.365246e-01	3.739599e-02	6.220123e-01	3.082494e-02
1248	4.413808e-02	7.514380e-01	3.792095e-02	4.740119e-02	2.483058e-01	6.859298e-02	3.871442e-02	2.336689e-01
2927	3.997151e-01	3.641631e-01	5.956068e-02	7.445085e-02	3.900024e-01	2.894262e-01	6.436591e-01	5.832469e-01
