7391	9.048916e-01	5.829871e-01	2.125843e-02	2.657304e-02	1.391999e-01	9.960017e-02	1.922013e-01	4.583354e-01
12746	8.801604e-01	1.749431e-01	4.185591e-02	5.231988e-02	2.740718e-01	2.685549e-01	4.397664e-01	1.587526e-01
6001	7.244668e-01	8.393447e-01	3.236748e-02	4.045936e-02	2.119418e-01	2.095573e-01	1.143990e-01	8.005072e-01
27998	6.741174e-01	4.984771e-02	3.869647e-02	4.837059e-02	2.533839e-01	2.094169e-01	5.765395e-01	2.948823e-01
29474	3.379987e-01	3.068458e-01	4.728739e-02	5.910924e-02	3.096371e-01	9.218739e-02	5.600369e-01	1.538327e-01
32084	5.581737e-01	8.160991e-01	4.283313e-02	5.354141e-02	2.804707e-01	2.441051e-01	1.736360e-01	6.511564e-01
24435	6.872361e-01	9.594806e-01	2.184426e-02	2.730533e-02	1.430359e-01	8.451287e-02	4.181664e-01	6.738010e-01
26742	2.810753e-01	3.608594e-01	6.264452e-02	7.830565e-02	4.101954e-01	3.623212e-01	3.050894e-01	3.627676e-01
17684	3.743763e-01	7.732653e-01	4.717128e-02	5.896411e-02	3.088768e-01	2.050528e-01	8.327240e-01	9.722337e-01
29867	4.538622e-01	5.073701e-01	4.210760e-02	5.263451e-02	2.757199e-01	2.751629e-01	9.010628e-01	7.064757e-01
29739	3.775070e-01	1.486342e-01	2.685405e-02	3.356757e-02	1.758399e-01	9.772145e-02	5.758287e-01	2.222741e-01
16939	9.158145e-01	8.863708e-01	4.956270e-02	6.195338e-02	3.245358e-01	2.843338e-01	6.292582e-01	7.867815e-01
3294	6.276972e-01	8.176274e-02	5.167111e-02	6.458889e-02	3.383417e-01	2.037732e-01	7.284489e-01	6.019381e-01
7749	7.141556e-01	2.920482e-01	5.351690e-02	6.689612e-02	3.504278e-01	2.753330e-01	2.414119e-01	3.920399e-01
3754	1.427589e-01	7.424055e-01	6.752975e-02	8.441218e-02	4.421837e-01	3.184855e-01	8.819637e-01	2.160047e-02
23247	4.570826e-01	4.397335e-01	3.117650e-02	3.897063e-02	2.041432e-01	1.323029e-01	5.743260e-01	2.308045e-01
27060	8.739599e-01	7.585912e-01	7.718048e-02	9.647559e-02	5.053766e-01	4.529870e-01	5.300754e-01	3.725000e-01
23367	3.475468e-01	5.414210e-01	2.816225e-02	3.520281e-02	1.844060e-01	1.226823e-01	7.733646e-02	5.917453e-01
17651	7.872884e-01	2.766359e-01	5.000032e-02	6.250040e-02	3.274013e-01	1.744579e-01	6.592305e-01	4.766413e-02
22051	6.415211e-02	1.804092e-01	4.885884e-02	6.107355e-02	3.199269e-01	2.727439e-01	1.325332e-01	4.570901e-01
15955	5.092812e-01	1.275253e-01	4.409079e-02	5.511349e-02	2.887058e-01	2.863679e-01	3.908480e-02	3.215865e-01
23594	2.810519e-01	9.343480e-01	2.256500e-02	2.820625e-02	1.477553e-01	3.886350e-02	1.945615e-02	7.155329e-01
7571	8.353765e-01	6.350932e-01	2.796001e-02	3.495001e-02	1.830817e-01	1.498776e-01	4.875733e-01	6.881728e-01
25360	4.726900e-01	9.609399e-01	2.252144e-02	2.815181e-02	1.474701e-01	5.225419e-02	8.880003e-01	5.188597e-01
27726	5.834671e-01	6.779885e-01	3.830545e-02	4.788181e-02	2.508235e-01	9.633276e-02	4.162914e-01	2.278974e-01
5649	5.687987e-02	4.112222e-01	2.810649e-02	3.513311e-02	1.840408e-01	9.647312e-02	2.106943e-01	7.458884e-01
16092	3.043578e-01	9.538454e-01	2.530047e-02	3.162559e-02	1.656671e-01	1.616278e-01	8.961412e-01	6.165848e-02
25899	3.053196e-01	6.394502e-01	3.764207e-02	4.705259e-02	2.464797e-01	2.421341e-01	5.048588e-01	9.446670e-01
21614	1.386095e-01	4.526358e-01	2.489176e-02	3.111470e-02	1.629909e-01	9.763485e-02	5.835009e-01	3.992494e-01
18886	6.783064e-01	1.423821e-01	6.075420e-02	7.594275e-02	3.978176e-01	3.954778e-01	1.038205e-01	3.225821e-01
5258	7.115586e-01	5.738006e-01	4.485621e-02	5.607027e-02	2.937178e-01	2.148870e-01	7.355267e-01	6.341864e-01
9939	1.219147e-01	1.801698e-01	2.207123e-02	2.758904e-02	1.445221e-01	8.561547e-02	8.490495e-01	2.349189e-01
4998	1.575828e-01	7.921144e-01	3.356375e-02	4.195469e-02	2.197749e-01	1.633140e-01	9.540676e-01	4.222574e-02
32467	6.350989e-01	7.663543e-01	2.297602e-02	2.872002e-02	1.504466e-01	1.409843e-01	1.499642e-01	2.915296e-01
773	9.078887e-01	4.144314e-02	2.843354e-02	3.554192e-02	1.861823e-01	1.144065e-01	7.316348e-02	4.414732e-01
19077	6.381874e-01	1.887441e-01	2.236018e-02	2.795022e-02	1.464141e-01	1.185780e-01	5.402936e-01	4.544039e-01
14160	2.263664e-01	6.934329e-01	2.103283e-02	2.629104e-02	1.377226e-01	9.190367e-02	5.036327e-02	8.619323e-02
13277	1.813683e-01	3.697980e-01	4.851784e-02	6.064730e-02	3.176941e-01	3.022927e-01	7.762771e-03	6.065545e-01
4826	6.895849e-01	4.542031e-01	2.122997e-02	2.653747e-02	1.390135e-01	5.394331e-02	8.317620e-01	2.909578e-01
16242	7.016044e-01	8.346496e-01	3.284531e-02	4.105664e-02	2.150706e-01	8.127724e-02	6.172655e-01	3.134611e-02
12679	8.795939e-01	5.013332e-01	4.878968e-02	6.098711e-02	3.194741e-01	3.142460e-01	8.623689e-01	7.095356e-01
7149	7.945078e-01	3.570814e-01	2.109716e-02	2.637146e-02	1.381439e-01	9.263886e-02	2.350017e-01	5.351902e-01
20810	2.129491e-01	1.927245e-01	2.254440e-02	2.818050e-02	1.476204e-01	5.150642e-02	3.207911e-01	1.949042e-01
18935	1.160522e-01	2.606798e-01	4.455238e-02	5.569048e-02	2.917283e-01	2.011577e-01	1.024346e-02	7.704344e-01
25591	4.134653e-02	9.003826e-02	2.371533e-02	2.964417e-02	1.552876e-01	8.251454e-02	2.091678e-01	3.342354e-01
21316	5.957702e-01	7.892296e-01	2.474792e-02	3.093490e-02	1.620490e-01	1.011688e-01	1.030621e-01	5.038383e-01
25102	9.087226e-01	5.418641e-01	2.696862e-02	3.371077e-02	1.765901e-01	1.259392e-01	4.527027e-01	6.493063e-01
14986	5.884129e-01	2.529151e-01	5.360895e-02	6.701119e-02	3.510306e-01	3.042206e-01	9.991632e-01	9.384761e-01
8025	3.439826e-01	2.243292e-01	4.634814e-02	5.793517e-02	3.034869e-01	1.894985e-01	6.098965e-01	1.434698e-01
27636	2.167936e-01	2.582442e-01	5.903186e-02	7.378983e-02	3.865397e-01	2.599751e-01	6.470900e-01	9.827917e-01
18680	2.742332e-01	4.375267e-01	2.275470e-02	2.844338e-02	1.489974e-01	6.160127e-02	8.992647e-02	5.669426e-01
334	6.262005e-01	4.054461e-01	5.211194e-02	6.513992e-02	3.412282e-01	1.886981e-01	8.015413e-01	6.116949e-01
31092	6.239479e-01	4.939046e-01	4.410026e-02	5.512532e-02	2.887678e-01	1.868065e-01	8.968579e-01	5.848960e-01
25156	2.616586e-01	6.857788e-01	2.247862e-02	2.809827e-02	1.471896e-01	1.109874e-01	5.479165e-01	6.558144e-01
6502	6.073650e-01	3.141086e-02	2.567509e-02	3.209386e-02	1.681201e-01	1.600825e-01	2.979591e-01	5.840981e-01
4635	6.406892e-01	5.856232e-01	2.169224e-02	2.711530e-02	1.420404e-01	8.302640e-02	1.825128e-01	3.753769e-01
11279	6.200723e-01	9.505303e-01	2.089945e-02	2.612431e-02	1.368493e-01	3.611448e-02	6.041559e-01	3.723117e-02
26446	2.201369e-01	7.657904e-01	4.460654e-02	5.575818e-02	2.920829e-01	1.825745e-01	6.547069e-01	3.993067e-01
5626	1.703176e-01	8.525612e-02	3.498145e-02	4.372681e-02	2.290580e-01	1.665687e-01	1.722973e-02	4.535095e-01
19893	5.149454e-01	9.168061e-01	2.180702e-02	2.725878e-02	1.427921e-01	1.411369e-01	8.426786e-01	9.033178e-01
32621	2.367588e-01	5.180575e-01	3.164631e-02	3.955789e-02	2.072196e-01	1.934926e-01	3.900489e-01	7.735336e-01
22318	4.514708e-01	6.112837e-01	5.273536e-02	6.591919e-02	3.453103e-01	2.049486e-01	6.702886e-01	6.931187e-01
19228	6.201613e-01	8.648543e-01	2.115643e-02	2.644554e-02	1.385320e-01	1.022380e-01	5.273732e-01	7.868448e-01
28762	8.324494e-01	1.938960e-01	3.627341e-02	4.534176e-02	2.375177e-01	1.633500e-01	9.368379e-01	8.573243e-01
14630	7.168635e-01	5.009227e-01	2.746492e-02	3.433115e-02	1.798399e-01	1.372173e-01	7.583543e-01	3.623316e-01
15591	6.582280e-01	4.590805e-01	2.180621e-02	2.725776e-02	1.427867e-01	4.671105e-02	9.915017e-01	5.954880e-02
17503	4.809011e-01	8.008356e-01	7.643898e-02	9.554872e-02	5.005212e-01	4.440148e-01	2.476674e-02	4.919165e-01
6711	9.049118e-02	8.441376e-02	3.529001e-02	4.411252e-02	2.310785e-01	2.159237e-01	6.115464e-01	7.376737e-01
8032	6.320734e-02	6.613907e-01	2.068119e-02	2.585149e-02	1.354201e-01	9.534633e-02	6.087958e-02	8.934509e-01
21054	8.139152e-01	4.404770e-01	7.105726e-02	8.882158e-02	4.652819e-01	3.668868e-01	2.331105e-01	5.926277e-02
5283	8.384607e-01	6.766633e-01	2.883949e-02	3.604937e-02	1.888406e-01	8.234661e-02	8.315955e-01	6.562559e-01
16557	7.917055e-01	8.414197e-01	6.647721e-02	8.309651e-02	4.352917e-01	4.280718e-01	4.400178e-01	3.052036e-01
7154	5.552020e-01	3.642731e-02	3.287988e-02	4.109985e-02	2.152970e-01	2.004464e-01	4.129201e-01	3.925146e-01
10932	8.181910e-01	1.000959e-01	2.413353e-02	3.016691e-02	1.580260e-01	1.299195e-01	3.141136e-01	8.361398e-01
5169	9.237539e-01	9.527672e-01	4.190850e-02	5.238563e-02	2.744162e-01	1.866443e-01	1.599352e-01	6.385705e-01
