22474	4.551771e-01	4.037039e-01	3.353411e-02	4.191764e-02	2.195808e-01	2.129661e-01	3.899736e-01	4.703332e-01
29460	2.948018e-02	6.452697e-01	2.159825e-02	2.699782e-02	1.414250e-01	8.341402e-02	9.532751e-01	9.229164e-02
18270	5.959167e-01	6.657061e-01	7.577790e-02	9.472238e-02	4.961925e-01	4.072722e-01	7.479732e-01	4.472243e-01
6221	8.218725e-01	8.895595e-01	2.704405e-02	3.380506e-02	1.770840e-01	9.596584e-02	1.555395e-01	8.696668e-01
16818	8.975881e-02	5.956146e-01	4.056263e-02	5.070329e-02	2.656035e-01	2.195026e-01	3.306776e-01	5.759786e-01
30035	7.668254e-01	5.166263e-02	3.275380e-02	4.094225e-02	2.144714e-01	6.320748e-02	7.276531e-01	6.305074e-01
20994	1.244364e-01	9.276001e-01	4.362915e-02	5.453643e-02	2.856830e-01	1.910956e-01	7.681137e-01	3.323532e-01
540	2.859097e-01	1.163710e-01	3.046437e-02	3.808047e-02	1.994803e-01	1.779947e-01	7.469532e-01	8.495175e-01
20029	2.435220e-01	9.038074e-01	3.653953e-02	4.567441e-02	2.392603e-01	2.334188e-01	3.628977e-01	7.055753e-01
10347	1.024942e-01	8.541306e-01	3.135672e-02	3.919590e-02	2.053233e-01	1.926705e-01	5.965485e-01	4.266441e-01
11570	6.610794e-01	8.440590e-01	6.451353e-02	8.064191e-02	4.224336e-01	4.222203e-01	2.518537e-01	7.563267e-01
15341	8.100583e-01	2.787489e-01	2.528567e-02	3.160709e-02	1.655702e-01	1.050032e-01	1.211069e-01	7.945391e-01
27409	2.951273e-01	2.351381e-01	5.404612e-02	6.755765e-02	3.538931e-01	2.296119e-01	3.632908e-01	6.085666e-01
17559	3.000119e-01	1.541970e-01	2.450968e-02	3.063710e-02	1.604890e-01	1.220841e-01	2.697101e-01	1.867486e-01
1323	4.457652e-01	6.261498e-01	7.582789e-02	9.478487e-02	4.965199e-01	1.429019e-01	2.268359e-01	5.143544e-01
18281	8.699995e-01	9.059687e-01	2.906448e-02	3.633060e-02	1.903138e-01	1.210407e-01	7.873273e-01	9.750111e-01
10420	1.159021e-01	3.738592e-01	7.107742e-02	8.884677e-02	4.654138e-01	4.590918e-01	1.908815e-01	9.114673e-01
13098	7.010296e-01	5.625733e-01	3.535026e-02	4.418782e-02	2.314729e-01	1.681662e-01	9.688037e-01	3.240234e-01
6509	9.311071e-01	2.333501e-01	6.636729e-02	8.295911e-02	4.345720e-01	2.717327e-01	3.412994e-01	3.305715e-01
23169	5.642944e-01	3.558489e-01	5.507998e-02	6.884998e-02	3.606629e-01	2.369191e-01	6.356688e-01	4.346442e-01
24078	1.933424e-01	4.434085e-01	2.540210e-02	3.175262e-02	1.663325e-01	1.550245e-01	7.583994e-01	7.470502e-01
20812	6.846631e-01	4.281545e-01	2.911914e-02	3.639892e-02	1.906717e-01	1.359952e-01	7.897137e-01	5.093506e-01
4055	8.277496e-01	7.217913e-01	7.575529e-02	9.469411e-02	4.960445e-01	3.658948e-01	8.766742e-01	2.069372e-01
20888	1.954612e-01	7.422556e-02	3.745122e-02	4.681402e-02	2.452300e-01	2.152261e-01	5.668039e-01	2.159161e-01
28613	6.232780e-01	3.756420e-01	5.276067e-02	6.595084e-02	3.454760e-01	1.748500e-01	7.294788e-01	6.635917e-01
25859	2.225714e-01	2.435475e-01	3.349572e-02	4.186965e-02	2.193294e-01	2.036352e-01	3.077887e-01	1.823196e-01
32254	8.811465e-01	4.496903e-01	2.887765e-02	3.609707e-02	1.890904e-01	1.762149e-01	9.968483e-01	6.556968e-01
15142	2.877712e-01	6.711897e-01	3.053726e-02	3.817158e-02	1.999575e-01	1.006262e-01	5.637039e-01	3.274351e-01
27435	1.450180e-01	5.234514e-01	3.582097e-02	4.477621e-02	2.345551e-01	1.656854e-01	6.201610e-01	4.159582e-01
24126	5.858766e-01	4.955720e-01	2.789281e-02	3.486602e-02	1.826417e-01	1.632850e-01	6.435919e-01	5.718879e-01
10052	4.220986e-01	5.372320e-01	3.331058e-02	4.163822e-02	2.181171e-01	2.175383e-01	6.148549e-01	6.049418e-01
26897	5.408971e-01	4.999948e-01	4.856578e-02	6.070723e-02	3.180080e-01	3.180007e-01	5.647660e-01	8.244500e-02
6932	2.214590e-01	8.632020e-01	2.996515e-02	3.745643e-02	1.962113e-01	1.875272e-01	3.406078e-01	1.265655e-01
3113	6.898062e-01	1.507229e-01	3.886082e-02	4.857602e-02	2.544600e-01	2.310032e-01	7.173434e-01	4.106118e-02
11925	9.426231e-01	8.088164e-01	2.193377e-02	2.741722e-02	1.436220e-01	8.898163e-02	1.061873e-01	2.052040e-01
15779	7.535438e-01	1.650907e-01	5.192171e-02	6.490214e-02	3.399826e-01	1.950955e-01	9.567743e-01	1.302523e-01
8587	1.820225e-01	9.515533e-01	2.093113e-02	2.616392e-02	1.370567e-01	1.300938e-01	2.330045e-01	3.210637e-01
30914	8.708128e-01	2.916685e-01	5.343712e-02	6.679640e-02	3.499054e-01	3.217806e-01	9.427808e-01	4.827651e-01
2970	1.125949e-01	6.923918e-01	3.035265e-02	3.794081e-02	1.987487e-01	1.969912e-01	4.076839e-01	9.239111e-01
26011	7.235298e-01	2.504860e-01	2.697105e-02	3.371381e-02	1.766060e-01	9.193154e-02	9.912409e-01	2.113601e-01
22273	7.517279e-01	6.578513e-01	3.369852e-02	4.212315e-02	2.206574e-01	2.041532e-01	4.925517e-01	6.342083e-01
10143	7.551225e-01	1.049940e-01	2.678746e-02	3.348432e-02	1.754039e-01	9.069365e-02	5.138080e-01	3.594930e-01
10092	7.958618e-01	3.727178e-01	2.350170e-02	2.937712e-02	1.538888e-01	1.009986e-01	7.412092e-01	3.011868e-01
17330	4.414581e-01	5.807937e-02	2.054289e-02	2.567861e-02	1.345145e-01	9.976658e-02	5.554078e-01	7.125314e-01
24887	5.172461e-01	7.522460e-01	4.296973e-02	5.371216e-02	2.813651e-01	2.547050e-01	8.778244e-01	7.965731e-01
21274	5.851753e-01	4.296943e-01	2.978098e-02	3.722623e-02	1.950054e-01	1.732146e-01	3.019945e-01	2.118383e-01
30605	9.248738e-01	5.101733e-01	4.199871e-02	5.249839e-02	2.750069e-01	2.726173e-01	4.451444e-02	3.390880e-01
23276	7.546171e-01	5.456747e-01	3.315480e-02	4.144350e-02	2.170971e-01	2.082367e-01	9.763433e-01	4.173852e-01
10458	1.448947e-01	5.801774e-02	3.200797e-02	4.000997e-02	2.095877e-01	7.200198e-02	3.949743e-01	2.615434e-01
11514	2.104828e-01	7.724315e-01	2.515025e-02	3.143781e-02	1.646834e-01	8.555953e-02	8.616708e-01	5.863615e-01
25660	5.463738e-01	8.627107e-01	3.249042e-02	4.061303e-02	2.127468e-01	9.156148e-02	5.961776e-01	1.584079e-01
12265	9.411482e-01	5.540724e-02	2.994988e-02	3.743734e-02	1.961113e-01	1.623080e-01	2.494804e-01	8.196077e-01
182	7.642201e-01	2.362713e-01	2.947132e-02	3.683915e-02	1.929777e-01	1.266595e-01	8.482527e-01	7.948597e-01
1585	6.433528e-01	3.033700e-01	3.688499e-02	4.610624e-02	2.415224e-01	9.342384e-02	5.551637e-01	8.684400e-01
11220	7.291453e-01	2.876449e-01	2.088475e-02	2.610594e-02	1.367531e-01	1.357397e-01	7.629594e-01	6.618534e-02
31287	3.899523e-01	6.930728e-01	2.314359e-02	2.892949e-02	1.515439e-01	9.712304e-02	7.328325e-01	6.841401e-01
31707	4.402880e-01	2.265255e-01	2.384658e-02	2.980823e-02	1.561471e-01	8.641003e-02	6.878320e-01	4.653306e-01
5186	1.497243e-01	2.689138e-01	5.560382e-02	6.950477e-02	3.640929e-01	3.495844e-01	1.912077e-01	1.420571e-01
17709	2.085659e-01	5.069921e-01	3.082424e-02	3.853030e-02	2.018367e-01	1.905352e-01	8.794205e-01	4.310686e-01
6526	1.596789e-01	8.699924e-01	7.769873e-02	9.712341e-02	5.087701e-01	3.260162e-01	3.751971e-01	3.125889e-01
7658	8.137000e-01	1.398511e-01	2.703578e-02	3.379473e-02	1.770299e-01	1.756865e-01	1.292435e-01	3.024006e-01
23629	7.987520e-02	6.817798e-01	2.427814e-02	3.034767e-02	1.589729e-01	4.884728e-02	4.921100e-01	9.608936e-02
6421	2.079601e-01	3.498373e-01	4.200543e-02	5.250679e-02	2.750509e-01	2.630612e-01	4.545763e-01	5.937670e-01
14403	6.957933e-01	9.599672e-01	2.918296e-02	3.647871e-02	1.910896e-01	1.834377e-01	5.865772e-01	7.983824e-01
9572	9.194238e-02	7.613747e-01	5.764556e-02	7.205695e-02	3.774623e-01	2.667098e-01	6.317248e-01	1.742148e-01
9190	3.793495e-01	5.962490e-01	3.690777e-02	4.613471e-02	2.416715e-01	9.288317e-02	8.169453e-01	8.727791e-01
16682	5.479547e-01	7.713331e-02	4.492564e-02	5.615705e-02	2.941724e-01	2.388947e-01	4.252848e-01	5.254633e-01
1380	7.082225e-01	3.164131e-01	2.374975e-02	2.968718e-02	1.555130e-01	1.543666e-01	9.175801e-01	6.813739e-01
3113	5.039203e-01	8.555961e-01	2.956256e-02	3.695320e-02	1.935752e-01	1.763918e-01	5.667640e-01	7.616598e-01
10605	3.610913e-01	7.733495e-01	3.672573e-02	4.590717e-02	2.404795e-01	1.519025e-01	8.791262e-01	5.056122e-01
22891	8.356393e-01	7.816809e-02	4.507336e-02	5.634170e-02	2.951397e-01	2.920995e-01	2.141994e-01	1.631515e-03
