28739	8.289036e-01	6.184176e-01	4.583095e-02	5.728869e-02	3.001003e-01	1.463772e-01	7.897079e-01	3.764008e-02
14326	6.157888e-01	2.249453e-01	2.133240e-02	2.666549e-02	1.396842e-01	1.050961e-01	8.419818e-01	3.145283e-01
26652	6.013957e-01	6.666729e-01	2.829145e-02	3.536432e-02	1.852520e-01	1.285079e-01	1.498517e-01	6.495512e-01
29333	6.383291e-01	7.180099e-01	2.227186e-02	2.783982e-02	1.458358e-01	5.371425e-02	5.085562e-01	6.540299e-01
15820	3.502167e-01	6.677797e-01	5.418758e-02	6.773448e-02	3.548194e-01	2.795434e-01	5.357366e-01	7.959967e-01
5720	3.019311e-01	5.768425e-01	3.389534e-02	4.236917e-02	2.219462e-01	2.133120e-01	8.103548e-01	5.569928e-01
18656	7.664139e-01	6.836728e-01	3.773828e-02	4.717284e-02	2.471096e-01	1.723300e-01	1.115277e-01	4.362739e-01
4973	5.617225e-01	5.109207e-01	3.635029e-02	4.543786e-02	2.380211e-01	1.437828e-01	7.774037e-01	5.184452e-01
9354	9.009434e-01	2.234543e-01	2.732157e-02	3.415197e-02	1.789012e-01	1.741872e-01	3.919654e-01	4.140113e-01
31927	6.714057e-01	9.625329e-01	3.596744e-02	4.495931e-02	2.355143e-01	2.352863e-01	8.898805e-01	4.109278e-01
17894	2.204026e-01	8.703216e-01	4.813864e-02	6.017331e-02	3.152111e-01	3.124258e-01	6.829503e-01	2.078475e-01
10	5.573231e-01	8.326781e-01	2.157237e-02	2.696546e-02	1.412555e-01	1.370816e-01	8.047772e-01	8.306254e-01
16830	8.585628e-01	5.669149e-01	3.670373e-02	4.587966e-02	2.403355e-01	1.716031e-01	8.308874e-01	4.596358e-02
9756	9.165659e-01	9.002573e-01	2.466924e-02	3.083655e-02	1.615338e-01	8.582144e-02	3.809830e-01	9.778916e-01
20365	7.144738e-01	2.424687e-01	2.154675e-02	2.693344e-02	1.410878e-01	1.369408e-01	2.244106e-01	9.941262e-01
12112	4.042980e-02	1.359555e-01	3.326051e-02	4.157564e-02	2.177893e-01	1.543931e-01	5.454059e-01	6.625823e-01
21879	1.547397e-01	4.808097e-01	2.699107e-02	3.373884e-02	1.767371e-01	1.329431e-01	6.714962e-01	7.517818e-02
22816	1.583193e-01	8.491039e-02	4.507373e-02	5.634216e-02	2.951421e-01	1.234567e-01	5.768751e-01	9.228348e-01
26078	6.153626e-02	1.048237e-01	2.705539e-02	3.381924e-02	1.771583e-01	6.383657e-02	3.542424e-01	6.496216e-01
26482	7.402296e-01	8.084147e-01	2.282909e-02	2.853636e-02	1.494845e-01	1.177366e-01	6.864158e-01	6.459585e-01
10309	3.166571e-01	7.856015e-01	2.895209e-02	3.619011e-02	1.895778e-01	1.791664e-01	2.017034e-02	4.561510e-01
25389	6.353799e-02	5.315020e-01	2.224662e-02	2.780827e-02	1.456705e-01	1.283060e-01	6.598445e-02	9.698947e-01
29668	8.440180e-01	1.840362e-01	5.694952e-02	7.118690e-02	3.729046e-01	2.298750e-01	5.017204e-01	5.322001e-01
5422	2.939830e-01	4.008915e-01	2.733443e-02	3.416804e-02	1.789854e-01	1.733177e-01	5.741618e-01	8.286764e-01
9905	3.139084e-01	2.075563e-01	2.339621e-02	2.924527e-02	1.531980e-01	1.522194e-01	6.898405e-02	9.871688e-01
7889	6.734805e-01	3.508171e-01	3.636395e-02	4.545494e-02	2.381106e-01	1.979030e-01	3.029281e-01	2.688425e-01
5688	5.950051e-01	5.822574e-01	4.285855e-02	5.357319e-02	2.806371e-01	9.915392e-02	6.219156e-01	2.941603e-01
3283	6.481880e-01	3.736032e-01	2.900329e-02	3.625411e-02	1.899131e-01	1.024388e-01	8.134204e-01	1.814346e-01
27255	8.838904e-01	7.116639e-01	3.344560e-02	4.180699e-02	2.190012e-01	1.834741e-01	8.473813e-01	2.418393e-01
32533	2.383100e-01	6.441009e-01	4.622220e-02	5.777776e-02	3.026623e-01	2.045136e-01	1.388162e-01	8.236598e-01
10048	7.726625e-01	1.822807e-01	2.137999e-02	2.672499e-02	1.399959e-01	1.146254e-01	7.974776e-02	6.342587e-01
12827	9.386297e-02	9.588467e-01	2.146878e-02	2.683597e-02	1.405772e-01	7.555949e-02	2.615728e-01	8.537135e-01
15478	6.769009e-01	1.897724e-01	2.206413e-02	2.758016e-02	1.444756e-01	9.455171e-02	1.531147e-01	2.659590e-01
13675	4.093598e-01	6.938012e-01	4.931995e-02	6.164994e-02	3.229463e-01	2.397415e-01	3.440145e-01	8.954869e-01
6596	8.043344e-01	2.949318e-01	6.500028e-02	8.125035e-02	4.256208e-01	4.193133e-01	7.853518e-01	9.378630e-01
5897	6.465058e-01	1.712528e-01	2.355989e-02	2.944986e-02	1.542698e-01	5.984540e-02	1.882583e-01	6.998605e-01
2586	2.461111e-01	6.485824e-02	2.681198e-02	3.351497e-02	1.755644e-01	1.009369e-01	3.851725e-01	8.508785e-01
19145	3.538465e-02	6.249839e-01	2.065217e-02	2.581522e-02	1.352301e-01	1.309395e-01	4.942213e-02	1.644660e-01
14392	6.845408e-02	6.081536e-01	3.080453e-02	3.850566e-02	2.017076e-01	8.708952e-02	7.226163e-01	7.605845e-02
8318	5.202679e-01	7.497399e-01	4.798219e-02	5.997773e-02	3.141866e-01	2.666547e-01	9.576395e-01	8.454252e-01
20668	9.350567e-02	7.846823e-01	2.360351e-02	2.950439e-02	1.545554e-01	5.185327e-02	2.943621e-01	7.951117e-01
11461	5.852004e-02	1.875707e-01	2.625893e-02	3.282366e-02	1.719430e-01	1.564341e-01	1.160526e-01	5.218470e-01
12417	1.704596e-01	1.302467e-01	3.545059e-02	4.431324e-02	2.321299e-01	1.968446e-01	9.010388e-01	4.846013e-01
8882	2.700079e-01	9.629330e-01	2.298865e-02	2.873582e-02	1.505293e-01	1.455122e-01	3.798609e-01	3.757367e-02
27501	2.757276e-01	1.197748e-01	2.240760e-02	2.800950e-02	1.467246e-01	1.179110e-01	4.121735e-01	6.696621e-01
19201	2.515494e-01	5.071299e-01	2.201596e-02	2.751995e-02	1.441602e-01	5.182406e-02	3.501614e-01	2.290429e-01
23013	4.872175e-01	2.902654e-01	2.108262e-02	2.635328e-02	1.380487e-01	1.257249e-01	2.280226e-01	8.052826e-01
14563	4.998817e-01	1.930454e-01	5.665638e-02	7.082047e-02	3.709851e-01	3.156609e-01	1.173605e-01	2.447945e-01
7486	8.286062e-01	3.675156e-01	5.187051e-02	6.483814e-02	3.396473e-01	2.060252e-01	2.557161e-01	7.794060e-01
29100	5.629365e-01	4.445084e-01	3.508137e-02	4.385172e-02	2.297123e-01	2.292808e-01	7.003315e-01	2.906000e-01
22128	1.342462e-01	2.621674e-01	2.449387e-02	3.061734e-02	1.603855e-01	1.571894e-01	8.770251e-01	2.079514e-01
21794	6.427939e-01	8.555109e-01	2.997116e-02	3.746395e-02	1.962507e-01	1.925033e-01	6.300260e-01	2.197891e-01
29836	7.673561e-01	9.209814e-01	3.739732e-02	4.674664e-02	2.448770e-01	1.985952e-01	9.780714e-01	2.920074e-01
16187	7.119533e-01	7.157949e-01	2.409039e-02	3.011298e-02	1.577435e-01	1.091526e-01	6.500887e-01	8.726710e-01
16824	4.714526e-01	5.244696e-01	2.403559e-02	3.004449e-02	1.573847e-01	1.205284e-01	8.706197e-01	8.695506e-01
28885	3.611030e-01	3.717697e-01	4.609287e-02	5.761609e-02	3.018154e-01	2.951253e-01	5.892150e-01	4.050960e-01
32391	6.783210e-01	5.421593e-01	3.432211e-02	4.290264e-02	2.247406e-01	1.243562e-01	1.181518e-01	3.222839e-01
13415	1.202090e-01	6.527870e-01	3.648222e-02	4.560277e-02	2.388850e-01	8.478369e-02	3.507279e-02	7.277241e-01
15420	6.201509e-01	4.824533e-01	3.786821e-02	4.733527e-02	2.479605e-01	1.322915e-01	1.999410e-01	1.705379e-01
30100	1.989674e-01	7.448108e-02	2.872648e-02	3.590810e-02	1.881006e-01	1.692418e-01	8.530021e-01	7.542374e-01
27446	5.832622e-01	9.386969e-01	4.187961e-02	5.234951e-02	2.742270e-01	2.716516e-01	9.750516e-01	3.805800e-01
18215	2.762937e-01	6.524734e-01	2.610276e-02	3.262845e-02	1.709204e-01	1.460394e-01	5.053228e-01	6.682891e-01
23549	2.707510e-01	2.785727e-01	4.162221e-02	5.202777e-02	2.725416e-01	1.962889e-01	7.491981e-01	6.439224e-01
27549	4.689060e-01	7.404606e-01	3.798343e-02	4.747929e-02	2.487149e-01	2.283899e-01	9.971452e-01	4.773178e-01
10702	4.913362e-01	4.847388e-01	4.341325e-02	5.426656e-02	2.842693e-01	2.465454e-01	5.722490e-01	2.945074e-01
30252	5.548663e-01	8.931122e-01	2.693344e-02	3.366680e-02	1.763598e-01	1.310224e-01	8.699163e-01	4.322628e-01
28887	3.651522e-01	2.289356e-01	3.657069e-02	4.571336e-02	2.394643e-01	2.341822e-01	3.687818e-01	6.135807e-02
24168	4.463908e-01	8.356745e-01	6.653417e-02	8.316771e-02	4.356647e-01	3.747453e-01	7.770042e-01	5.995954e-01
22307	4.341187e-01	2.227093e-01	4.730956e-02	5.913694e-02	3.097822e-01	2.089459e-01	7.073070e-01	5.052337e-01
24534	5.290802e-01	9.558378e-01	2.630635e-02	3.288293e-02	1.722535e-01	1.121281e-01	4.835359e-01	4.617439e-01
23717	9.378960e-01	2.893264e-01	2.637169e-02	3.296461e-02	1.726814e-01	8.373692e-02	2.343074e-01	8.965681e-02
14366	7.998056e-01	9.176629e-01	2.180431e-02	2.725539e-02	1.427743e-01	1.421733e-01	4.400673e-01	1.238158e-01
1334	1.291764e-01	4.450494e-01	2.483331e-02	3.104163e-02	1.626081e-01	6.662177e-02	8.897267e-01	1.601238e-01
23364	6.444811e-01	9.058542e-01	2.848613e-02	3.560766e-02	1.865267e-01	8.630734e-02	8.638303e-01	9.855941e-01
27902	8.796449e-01	1.472696e-01	2.734920e-02	3.418651e-02	1.790822e-01	1.778402e-01	1.257937e-01	4.603755e-01
17544	7.424360e-01	4.464123e-01	6.461507e-02	8.076884e-02	4.230985e-01	3.872730e-01	8.512191e-01	9.349798e-01
