23182	7.242014e-01	4.992617e-02	3.085853e-02	3.857316e-02	2.020612e-01	2.005461e-01	5.069805e-01	7.385291e-01
19759	6.946405e-01	8.772718e-01	2.437658e-02	3.047073e-02	1.596175e-01	1.596124e-01	9.729485e-01	8.472718e-01
31688	9.536861e-01	7.390317e-01	4.427284e-02	5.534105e-02	2.898979e-01	2.235859e-01	5.312027e-02	5.907683e-01
8503	6.131490e-01	6.366046e-01	2.611311e-02	3.264139e-02	1.709883e-01	5.220719e-02	1.887652e-02	1.509382e-01
24497	3.968557e-01	7.990123e-02	3.314046e-02	4.142557e-02	2.170032e-01	2.012535e-01	4.660494e-01	4.449595e-01
28486	9.451775e-01	2.063433e-01	4.563371e-02	5.704214e-02	2.988089e-01	2.342210e-01	3.972418e-01	7.296170e-01
3459	2.051800e-01	3.579410e-01	5.291612e-02	6.614515e-02	3.464939e-01	2.697507e-01	7.926820e-02	7.566735e-01
27056	2.334846e-01	8.245331e-01	6.596295e-02	8.245369e-02	4.319244e-01	4.317762e-01	2.535486e-01	5.694974e-01
16726	2.661821e-01	4.738391e-01	2.694592e-02	3.368240e-02	1.764415e-01	9.848989e-02	9.670269e-01	6.104476e-01
20646	3.823069e-01	8.592287e-01	3.841158e-02	4.801447e-02	2.515184e-01	2.462631e-01	1.869725e-01	1.033597e-01
24495	6.424453e-01	3.804787e-01	3.332657e-02	4.165822e-02	2.182219e-01	2.179645e-01	3.911658e-02	7.431603e-01
28151	3.442490e-01	6.312784e-01	3.272775e-02	4.090968e-02	2.143008e-01	1.109501e-01	9.179073e-02	2.099369e-01
30081	7.971501e-01	5.662337e-01	3.733044e-02	4.666305e-02	2.444391e-01	2.341722e-01	1.765690e-01	1.303192e-01
31937	9.383026e-02	8.548566e-01	2.248166e-02	2.810207e-02	1.472095e-01	1.181111e-01	4.213889e-01	1.516108e-01
31103	9.200519e-01	9.384080e-01	2.713758e-02	3.392198e-02	1.776965e-01	1.312294e-01	4.492658e-01	5.759327e-02
4009	3.444702e-01	7.858861e-01	5.335407e-02	6.669259e-02	3.493616e-01	3.017648e-01	9.920401e-01	2.153210e-01
20390	6.944738e-01	7.548328e-01	2.112161e-02	2.640202e-02	1.383040e-01	5.188866e-02	1.932616e-01	6.133628e-01
6826	7.946401e-01	6.661740e-02	2.252175e-02	2.815219e-02	1.474721e-01	1.458390e-01	5.317843e-01	5.007014e-01
32344	3.445997e-02	7.549433e-01	3.384192e-02	4.230240e-02	2.215964e-01	6.089469e-02	7.988561e-01	6.781171e-01
5980	2.810073e-01	3.369205e-01	2.251287e-02	2.814109e-02	1.474139e-01	1.168630e-01	8.896673e-01	3.613516e-01
14858	5.055034e-01	1.671659e-01	3.154600e-02	3.943250e-02	2.065627e-01	1.995047e-01	5.425527e-01	5.902335e-01
406	8.722119e-01	6.255297e-01	2.971874e-02	3.714843e-02	1.945979e-01	7.096682e-02	7.821454e-01	7.860522e-01
7833	7.661241e-02	3.486188e-01	2.958299e-02	3.697874e-02	1.937090e-01	1.120889e-01	3.639466e-01	3.941870e-01
31347	3.143317e-01	9.243699e-01	3.275062e-02	4.093827e-02	2.144505e-01	9.876476e-02	2.478861e-01	6.559860e-01
31429	9.340193e-01	1.299469e-01	2.642984e-02	3.303730e-02	1.730622e-01	9.288539e-02	6.723487e-01	9.161766e-01
23407	1.849385e-01	2.358522e-01	6.411111e-02	8.013889e-02	4.197986e-01	1.512564e-01	9.324921e-01	8.477443e-01
26931	8.038919e-01	8.791623e-01	4.199502e-02	5.249377e-02	2.749827e-01	2.684868e-01	9.504088e-01	6.816743e-01
24852	8.264808e-01	7.318287e-01	3.290128e-02	4.112659e-02	2.154370e-01	1.810122e-01	8.863563e-01	2.460367e-01
7157	5.203311e-01	5.335677e-01	3.454255e-02	4.317819e-02	2.261841e-01	1.506293e-01	4.244761e-01	1.779979e-01
18690	2.760024e-01	4.207368e-01	6.059479e-02	7.574349e-02	3.967738e-01	1.449354e-01	3.654680e-01	3.828043e-01
23229	1.784468e-01	7.283547e-01	2.568018e-02	3.210023e-02	1.681534e-01	1.475328e-01	5.466741e-01	1.681644e-01
19289	7.004078e-01	1.118255e-01	2.173556e-02	2.716946e-02	1.423241e-01	1.421858e-01	7.339692e-01	4.253763e-01
22543	2.394456e-01	2.853104e-01	2.068609e-02	2.585761e-02	1.354522e-01	1.262597e-01	2.413303e-01	7.801022e-01
10136	8.653544e-01	7.966779e-01	4.601603e-02	5.752004e-02	3.013122e-01	3.013040e-01	6.686710e-01	2.561127e-01
20896	7.086765e-01	6.086371e-01	3.118046e-02	3.897558e-02	2.041692e-01	5.502498e-02	4.609591e-02	1.147197e-02
814	1.121840e-01	3.594604e-01	2.769519e-02	3.461899e-02	1.813477e-01	6.564613e-02	4.597668e-01	6.446915e-01
28155	9.463803e-01	3.906310e-01	2.888848e-02	3.611060e-02	1.891613e-01	1.265876e-01	3.686608e-01	3.406073e-01
15784	3.695348e-01	3.780564e-01	2.174981e-02	2.718727e-02	1.424174e-01	8.092981e-02	5.214080e-01	8.758928e-01
23358	4.496643e-01	4.415913e-01	4.289195e-02	5.361493e-02	2.808558e-01	2.202440e-01	4.309673e-01	3.336438e-01
29857	7.722503e-01	8.288424e-01	2.904263e-02	3.630329e-02	1.901707e-01	7.533059e-02	8.638621e-01	6.643356e-01
32499	2.344418e-01	1.099191e-01	2.754382e-02	3.442977e-02	1.803565e-01	1.645991e-01	1.440648e-01	6.952483e-01
25351	7.526925e-02	1.915188e-01	4.081424e-02	5.101780e-02	2.672510e-01	2.069576e-01	4.986880e-01	5.112984e-01
4864	8.828730e-01	2.987312e-01	2.167156e-02	2.708946e-02	1.419051e-01	8.684284e-02	8.197658e-01	2.018627e-01
23399	4.878176e-01	2.153581e-01	3.623391e-02	4.529239e-02	2.372591e-01	2.263643e-01	1.327115e-01	1.766123e-01
30402	3.536278e-01	4.459854e-01	5.412528e-02	6.765660e-02	3.544115e-01	1.431710e-01	8.530652e-01	4.419025e-01
21106	5.115985e-01	4.494530e-01	2.488424e-02	3.110530e-02	1.629416e-01	1.019769e-01	5.993278e-01	5.240800e-01
5907	2.923632e-01	1.256497e-01	4.160323e-02	5.200404e-02	2.724173e-01	2.286740e-01	5.140664e-01	2.892594e-01
20854	7.186182e-01	3.351556e-01	4.202328e-02	5.252910e-02	2.751678e-01	2.671790e-01	4.944128e-01	1.304777e-01
26412	7.702033e-01	3.320349e-01	3.843152e-02	4.803940e-02	2.516490e-01	1.202916e-01	8.675787e-01	5.971915e-01
12809	6.434360e-01	7.023089e-01	4.041107e-02	5.051383e-02	2.646110e-01	2.532392e-01	5.765799e-01	2.975852e-01
31647	6.288358e-02	5.619096e-01	6.241082e-02	7.801353e-02	4.086651e-01	3.514785e-01	5.039383e-01	4.076840e-01
24561	3.959697e-01	7.116662e-01	5.464201e-02	6.830251e-02	3.577950e-01	1.876842e-01	1.779851e-01	5.676183e-01
7607	6.345326e-01	8.583928e-01	7.363934e-02	9.204918e-02	4.821893e-01	3.276321e-01	1.989675e-01	5.491963e-01
28000	5.632647e-01	7.899523e-01	4.174562e-02	5.218203e-02	2.733497e-01	2.588488e-01	5.429419e-01	2.859628e-02
8228	8.785454e-01	1.437532e-01	2.286462e-02	2.858077e-02	1.497172e-01	1.495635e-01	6.805274e-01	3.288606e-01
3300	6.818958e-01	7.753720e-01	4.042966e-02	5.053708e-02	2.647328e-01	1.125531e-01	1.311144e-01	2.254147e-01
27686	1.412090e-01	1.955201e-01	5.284033e-02	6.605041e-02	3.459977e-01	3.388155e-01	2.075185e-01	4.663860e-01
18611	6.050249e-01	1.210885e-01	3.527001e-02	4.408752e-02	2.309475e-01	1.669375e-01	3.539405e-02	5.837599e-01
11459	6.201453e-01	3.269842e-01	4.443897e-02	5.554871e-02	2.909857e-01	1.091226e-01	5.714520e-01	4.047538e-01
30994	5.362750e-01	4.512057e-02	2.190140e-02	2.737675e-02	1.434100e-01	5.417924e-02	8.083907e-01	7.927719e-01
18712	4.373810e-01	8.175735e-01	2.523496e-02	3.154370e-02	1.652381e-01	1.638037e-01	6.113872e-01	6.278082e-01
23035	4.647952e-01	2.792102e-01	2.177939e-02	2.722423e-02	1.426111e-01	1.220312e-01	3.543247e-01	7.470175e-02
16992	2.942131e-01	5.305815e-01	6.461106e-02	8.076382e-02	4.230722e-01	4.224548e-01	1.723971e-01	4.493986e-01
8514	4.616096e-01	8.722070e-01	2.745032e-02	3.431290e-02	1.797443e-01	1.525413e-01	5.018488e-01	9.878582e-01
26959	7.751603e-01	6.508753e-01	2.343607e-02	2.929509e-02	1.534590e-01	1.524731e-01	4.701450e-01	3.098965e-01
30655	6.754046e-01	3.973233e-01	2.749671e-02	3.437089e-02	1.800480e-01	1.717017e-01	5.420423e-02	3.479987e-01
12339	4.357813e-01	6.493859e-01	2.810821e-02	3.513526e-02	1.840521e-01	1.456185e-01	7.409913e-01	7.078008e-01
22588	5.106622e-01	3.533347e-01	2.142535e-02	2.678169e-02	1.402929e-01	1.246916e-01	5.384432e-01	1.646486e-01
18815	9.454199e-02	1.239676e-01	3.074005e-02	3.842506e-02	2.012854e-01	1.994741e-01	4.962026e-01	4.869854e-01
9029	3.853147e-01	5.932858e-01	6.543911e-02	8.179888e-02	4.284942e-01	2.059034e-01	7.050196e-01	4.713208e-01
2443	4.825972e-01	6.686899e-01	2.265619e-02	2.832024e-02	1.483524e-01	1.374497e-01	6.733545e-01	8.343104e-01
477	7.183045e-01	6.845992e-01	2.675716e-02	3.344646e-02	1.752055e-01	1.732747e-01	6.048107e-01	9.933028e-01
15988	6.567900e-01	5.044841e-01	5.629364e-02	7.036705e-02	3.686099e-01	2.766756e-01	8.100116e-01	5.619122e-01
13063	3.913454e-01	2.672902e-01	5.011892e-02	6.264865e-02	3.281779e-01	2.876771e-01	8.150006e-02	7.832599e-02
8916	3.053585e-01	2.196162e-01	2.373224e-02	2.966531e-02	1.553984e-01	9.386141e-02	9.212505e-01	4.733518e-01
26356	8.178612e-01	5.102272e-01	3.931261e-02	4.914077e-02	2.574184e-01	1.994514e-01	4.887112e-01	5.967559e-01
31249	1.729536e-01	1.309838e-01	4.222003e-02	5.277504e-02	2.764561e-01	1.749989e-01	7.734534e-01	5.348872e-01
3087	4.941954e-01	1.038186e-01	3.348188e-02	4.185236e-02	2.192389e-01	1.560072e-01	1.047285e-01	7.490069e-01
17755	1.292923e-01	6.224878e-01	3.072376e-02	3.840470e-02	2.011787e-01	1.610379e-01	1.916897e-02	4.210230e-01
