17175	3.718310e-01	1.801926e-01	2.586584e-02	3.233230e-02	1.693691e-01	1.664791e-01	5.904802e-01	5.408935e-01
1340	9.331449e-01	3.911719e-01	2.800770e-02	3.500962e-02	1.833940e-01	1.833143e-01	9.357945e-01	9.200828e-02
7859	5.335303e-01	8.757705e-01	2.423881e-02	3.029851e-02	1.587154e-01	6.726936e-02	8.250187e-01	7.616501e-01
12855	8.052259e-01	3.832170e-01	5.445805e-02	6.807256e-02	3.565904e-01	2.178961e-01	9.812501e-01	8.651374e-01
13178	2.165994e-01	8.013506e-02	2.095979e-02	2.619973e-02	1.372444e-01	1.360396e-01	1.472650e-01	1.323364e-01
10190	8.804093e-01	8.557682e-01	5.503501e-02	6.879376e-02	3.603684e-01	1.988198e-01	5.861362e-01	3.355127e-01
27526	9.521007e-01	2.312917e-01	2.610656e-02	3.263321e-02	1.709454e-01	6.614505e-02	6.241178e-01	8.101401e-01
7045	1.748990e-01	2.144772e-01	2.801511e-02	3.501889e-02	1.834425e-01	1.833950e-01	4.822066e-01	7.171052e-01
6614	1.746451e-01	8.703662e-01	3.263319e-02	4.079149e-02	2.136816e-01	1.434811e-01	8.406131e-01	5.147634e-01
6456	2.841826e-01	7.448754e-01	2.719392e-02	3.399240e-02	1.780654e-01	1.568688e-01	9.175560e-01	5.947367e-01
22402	4.448705e-01	8.737545e-01	2.107848e-02	2.634810e-02	1.380215e-01	1.277089e-01	4.204691e-01	3.117388e-01
8934	9.666791e-01	2.557306e-01	2.333133e-02	2.916416e-02	1.527732e-01	1.408732e-01	8.286246e-01	7.819349e-01
19641	5.468892e-01	9.405955e-01	3.125737e-02	3.907172e-02	2.046728e-01	6.236547e-02	1.278932e-01	8.415687e-01
1441	5.456085e-01	5.766538e-01	4.677138e-02	5.846423e-02	3.062583e-01	3.052209e-01	3.090582e-01	1.478738e-01
22744	6.490530e-01	6.117241e-01	4.219738e-02	5.274673e-02	2.763078e-01	1.231633e-01	4.052372e-01	6.463703e-01
20751	4.938034e-02	9.016961e-01	2.481024e-02	3.101280e-02	1.624571e-01	1.414316e-01	5.620581e-01	1.135333e-01
13072	3.302984e-01	3.758322e-01	2.622181e-02	3.277726e-02	1.717000e-01	9.188300e-02	3.944155e-01	1.074585e-01
2332	7.263113e-01	5.591213e-01	2.297557e-02	2.871946e-02	1.504437e-01	1.325052e-01	1.305588e-01	2.857248e-01
22576	6.822207e-01	4.094623e-01	2.785663e-02	3.482078e-02	1.824048e-01	1.153778e-01	8.780308e-01	7.253085e-01
11825	8.601345e-01	3.712075e-01	4.082587e-02	5.103233e-02	2.673271e-01	2.038864e-01	6.067929e-01	3.209535e-01
4978	3.988910e-01	8.984943e-01	2.431434e-02	3.039293e-02	1.592099e-01	1.520488e-01	4.413223e-01	4.433487e-01
2782	8.124369e-01	8.364794e-01	3.951173e-02	4.938966e-02	2.587222e-01	1.779072e-01	2.191700e-01	3.561832e-01
30976	1.007879e-01	4.313654e-01	2.105718e-02	2.632148e-02	1.378821e-01	1.202233e-01	8.393102e-01	1.997961e-01
5409	4.696414e-01	3.996981e-01	2.110943e-02	2.638679e-02	1.382242e-01	1.115778e-01	1.802287e-03	4.385755e-01
24895	6.344799e-01	3.640090e-01	2.501689e-02	3.127111e-02	1.638102e-01	1.458731e-01	5.575990e-01	4.881381e-01
14048	5.440825e-01	7.626448e-01	4.167893e-02	5.209867e-02	2.729130e-01	2.237332e-01	4.303051e-01	5.311542e-01
11344	2.366895e-01	5.976270e-01	3.119411e-02	3.899264e-02	2.042586e-01	1.137544e-01	3.839796e-02	3.397245e-01
25066	6.603739e-01	7.801370e-01	6.968581e-02	8.710726e-02	4.563016e-01	1.331931e-01	1.982576e-01	6.205087e-01
14968	1.459199e-01	8.458274e-01	2.678559e-02	3.348199e-02	1.753916e-01	1.574733e-01	3.624792e-01	9.066393e-02
16450	4.560471e-01	7.271717e-01	3.757770e-02	4.697212e-02	2.460582e-01	2.167821e-01	5.826757e-01	1.734838e-01
5538	1.606340e-01	4.891907e-01	2.787013e-02	3.483767e-02	1.824932e-01	9.162956e-02	9.644231e-01	2.135613e-01
17377	1.571992e-01	6.258581e-01	2.423645e-02	3.029556e-02	1.586999e-01	9.787250e-02	1.006003e-01	6.503726e-01
4946	3.530438e-01	3.425849e-01	2.133336e-02	2.666670e-02	1.396905e-01	7.123471e-02	8.798290e-01	3.460056e-02
10688	8.842321e-01	2.777553e-01	2.133617e-02	2.667021e-02	1.397089e-01	4.872089e-02	1.509011e-01	2.972221e-02
27853	9.336340e-01	8.341122e-02	6.196168e-02	7.745210e-02	4.057241e-01	3.636963e-01	5.761524e-01	9.871358e-01
22417	4.898141e-01	8.513509e-01	2.405512e-02	3.006890e-02	1.575125e-01	1.173971e-01	5.632359e-02	3.127582e-02
23141	8.269253e-01	7.078361e-01	3.618291e-02	4.522864e-02	2.369252e-01	2.368417e-01	8.888481e-01	4.120210e-01
14889	7.555051e-01	7.397094e-01	2.761767e-02	3.452208e-02	1.808401e-01	8.478289e-02	9.185486e-01	1.373002e-01
27965	7.384921e-01	4.077199e-01	2.880782e-02	3.600978e-02	1.886332e-01	8.025149e-02	5.404308e-01	4.426254e-01
17700	2.102208e-01	3.011191e-01	4.858560e-02	6.073200e-02	3.181378e-01	3.049158e-01	7.151908e-01	1.959863e-02
28467	6.564494e-01	1.261617e-01	4.624369e-02	5.780461e-02	3.028029e-01	2.684790e-01	4.039827e-01	6.567661e-01
7278	4.796275e-01	2.718677e-01	3.025506e-02	3.781883e-02	1.981097e-01	1.147448e-01	6.235495e-01	7.566991e-01
4877	3.931827e-01	6.149777e-01	5.096387e-02	6.370484e-02	3.337106e-01	1.727731e-01	9.605739e-01	1.213401e-01
2847	3.280226e-01	2.530127e-01	2.499051e-02	3.123813e-02	1.636375e-01	6.159820e-02	9.442708e-01	7.805440e-01
30824	3.247279e-01	1.009090e-01	2.490811e-02	3.113514e-02	1.630979e-01	1.381724e-01	1.094253e-01	1.966305e-01
31913	9.686439e-01	4.318590e-01	2.883007e-02	3.603759e-02	1.887789e-01	1.215308e-01	7.241599e-01	9.058390e-01
31023	1.011303e-01	8.719702e-01	2.692250e-02	3.365313e-02	1.762881e-01	1.479818e-01	2.432282e-02	1.909063e-01
9123	4.180312e-01	3.025268e-01	2.774329e-02	3.467911e-02	1.816626e-01	1.635515e-01	5.683709e-01	2.144437e-01
18100	3.236517e-01	7.965313e-01	3.856499e-02	4.820623e-02	2.525229e-01	2.489823e-01	2.956698e-01	6.743613e-01
2488	5.800194e-01	3.556168e-01	2.990420e-02	3.738025e-02	1.958122e-01	1.435232e-01	3.819467e-01	4.787297e-01
17917	1.562651e-01	6.099372e-02	4.431714e-02	5.539642e-02	2.901879e-01	7.543235e-02	2.300099e-01	9.853024e-01
26064	2.104663e-01	3.742202e-01	3.423404e-02	4.279255e-02	2.241639e-01	1.799635e-01	5.070083e-01	5.876123e-01
23219	2.347321e-01	4.718563e-01	2.615019e-02	3.268774e-02	1.712310e-01	1.455768e-01	5.747505e-01	1.389420e-01
17508	7.183893e-01	8.403765e-01	2.726698e-02	3.408372e-02	1.785437e-01	7.069115e-02	7.775495e-02	5.659880e-01
29675	6.060336e-01	4.241001e-01	3.784204e-02	4.730255e-02	2.477891e-01	7.753864e-02	5.151027e-01	2.225181e-01
4593	7.742374e-01	9.106839e-01	5.185674e-02	6.482093e-02	3.395572e-01	1.289252e-01	4.076894e-01	8.936945e-01
24469	7.340012e-01	7.953298e-01	2.197410e-02	2.746763e-02	1.438861e-01	6.456057e-02	4.437100e-01	9.188253e-02
10884	1.742381e-01	7.441521e-01	2.217327e-02	2.771659e-02	1.451902e-01	6.852511e-02	7.861964e-02	3.321601e-01
3133	9.124622e-01	7.352757e-01	2.194014e-02	2.742518e-02	1.436637e-01	8.904022e-02	4.111074e-01	5.234750e-01
31875	1.907995e-01	7.654804e-01	2.135038e-02	2.668797e-02	1.398019e-01	7.208228e-02	5.059796e-01	1.203615e-01
9403	6.060238e-01	1.578980e-01	4.433024e-02	5.541280e-02	2.902737e-01	2.798128e-01	8.184216e-01	5.465489e-01
20219	4.551619e-01	4.799268e-01	4.492716e-02	5.615895e-02	2.941823e-01	2.618241e-01	5.834663e-01	3.058124e-01
7632	2.583715e-01	2.368465e-01	2.651157e-02	3.313946e-02	1.735973e-01	5.863781e-02	3.252241e-01	4.305199e-01
20958	2.051337e-01	8.096259e-01	2.304133e-02	2.880167e-02	1.508743e-01	1.494055e-01	2.675309e-02	2.146164e-01
10398	6.804810e-01	4.959459e-01	5.025437e-02	6.281796e-02	3.290648e-01	3.134255e-01	5.279479e-01	7.834820e-01
6158	2.562815e-01	1.619160e-01	4.568320e-02	5.710400e-02	2.991329e-01	2.408586e-01	6.819787e-01	5.618329e-01
7980	7.477813e-01	9.630714e-01	3.610225e-02	4.512781e-02	2.363970e-01	1.758367e-01	4.019185e-01	9.553658e-01
28965	3.918436e-01	8.479028e-01	3.526874e-02	4.408592e-02	2.309391e-01	1.907314e-01	7.529907e-01	4.335775e-01
10940	1.142946e-01	6.666076e-01	2.785664e-02	3.482080e-02	1.824048e-01	1.376498e-01	3.057033e-01	1.423175e-01
30832	1.799431e-01	9.064273e-01	2.124470e-02	2.655588e-02	1.391100e-01	7.411134e-02	5.955644e-02	6.817743e-01
30126	8.262708e-01	5.701509e-01	3.324487e-02	4.155609e-02	2.176869e-01	1.353699e-01	8.213698e-01	8.886806e-01
14244	2.138729e-01	5.844400e-01	2.528348e-02	3.160435e-02	1.655558e-01	9.514751e-02	5.045334e-01	9.225711e-01
23026	8.884205e-01	5.794858e-02	2.062889e-02	2.578611e-02	1.350776e-01	1.322156e-01	7.544209e-01	9.571644e-01
31046	1.264661e-01	6.350183e-01	2.130038e-02	2.662548e-02	1.394746e-01	7.225855e-02	3.359327e-01	1.022930e-01
862	1.049045e-01	9.088399e-01	2.349038e-02	2.936298e-02	1.538147e-01	8.944491e-02	9.112020e-01	3.470683e-02
9781	5.517774e-01	2.432019e-01	2.624516e-02	3.280645e-02	1.718529e-01	7.193657e-02	7.589525e-01	5.372715e-01
12993	5.174810e-01	2.975871e-01	4.175824e-02	5.219781e-02	2.734323e-01	1.716814e-01	8.428571e-01	5.627517e-01
