1922	3.753909e-01	8.275907e-02	3.283423e-02	4.104279e-02	2.149980e-01	2.113597e-01	9.976672e-02	5.812412e-01
4988	7.191316e-01	3.233187e-01	3.258621e-02	4.073276e-02	2.133740e-01	2.043510e-01	3.149493e-01	6.837467e-01
7134	9.559501e-01	7.614896e-01	4.772722e-02	5.965902e-02	3.125171e-01	3.100477e-01	9.668381e-01	6.935804e-01
23193	1.440357e-01	5.262091e-01	2.871630e-02	3.589537e-02	1.880339e-01	1.314293e-01	7.648049e-01	4.603458e-01
8284	2.139299e-01	4.970801e-02	2.786777e-02	3.483471e-02	1.824777e-01	5.716336e-02	2.189541e-01	1.051244e-01
10540	8.247232e-01	8.347894e-01	3.176150e-02	3.970187e-02	2.079738e-01	2.054541e-01	8.681411e-02	6.036315e-01
11334	5.976086e-01	8.205553e-01	3.140776e-02	3.925970e-02	2.056575e-01	2.047638e-01	7.481520e-01	9.487887e-01
30232	9.161303e-01	5.147953e-01	3.109409e-02	3.886761e-02	2.036036e-01	1.936564e-01	7.932649e-01	3.090970e-01
15770	9.349054e-01	5.987564e-01	6.175656e-02	7.719570e-02	4.043810e-01	4.027166e-01	3.459656e-01	4.901257e-01
965	8.173539e-01	5.899839e-01	7.577485e-02	9.471856e-02	4.961725e-01	2.115003e-01	9.710843e-01	3.813166e-01
22531	7.170249e-01	6.198202e-01	6.728892e-02	8.411115e-02	4.406068e-01	4.351210e-01	1.498106e-01	9.229125e-01
10307	6.188631e-01	5.961858e-02	2.258417e-02	2.823022e-02	1.478808e-01	1.440497e-01	3.346741e-01	8.322440e-01
6274	2.303633e-01	9.090786e-01	6.596626e-02	8.245782e-02	4.319460e-01	1.969790e-01	7.416597e-01	1.033806e-01
16663	5.985753e-01	8.744651e-01	4.218292e-02	5.272865e-02	2.762131e-01	2.405535e-01	3.759633e-01	9.253678e-01
14578	5.196844e-01	8.524558e-01	2.827117e-02	3.533896e-02	1.851192e-01	1.701751e-01	5.590994e-01	4.015674e-01
11648	3.913767e-01	8.999772e-01	4.225038e-02	5.281297e-02	2.766548e-01	2.567805e-01	4.642334e-01	3.776912e-01
9697	4.061044e-01	2.916717e-01	7.383297e-02	9.229121e-02	4.834571e-01	4.608337e-01	6.497778e-01	8.121301e-02
18997	6.610093e-01	9.610701e-01	2.992513e-02	3.740641e-02	1.959493e-01	1.956513e-01	5.725279e-02	4.744142e-01
6584	2.086839e-01	3.815238e-01	4.167302e-02	5.209128e-02	2.728743e-01	1.590836e-01	6.135864e-01	5.307747e-01
20556	6.332712e-02	8.106689e-01	3.890824e-02	4.863530e-02	2.547705e-01	2.545271e-01	4.856292e-01	2.953745e-01
9648	6.204858e-01	5.863636e-01	7.656122e-02	9.570152e-02	5.013217e-01	4.929669e-01	4.252439e-01	8.317190e-01
5928	7.577665e-01	3.972070e-01	3.226702e-02	4.033377e-02	2.112839e-01	1.449267e-01	9.173850e-01	2.205458e-01
6353	4.387105e-01	8.396276e-01	6.584165e-02	8.230206e-02	4.311301e-01	3.844367e-01	1.404628e-01	7.859846e-01
5536	6.745809e-01	2.913131e-01	5.550419e-02	6.938024e-02	3.634406e-01	2.174302e-01	5.004785e-01	2.834169e-01
9076	2.785716e-01	1.948194e-01	2.292792e-02	2.865990e-02	1.501317e-01	4.705452e-02	8.551679e-01	1.189183e-01
30668	6.842862e-01	4.018536e-01	2.186300e-02	2.732875e-02	1.431586e-01	1.410746e-01	5.582992e-01	6.562538e-01
8541	2.719693e-01	6.886164e-01	4.226531e-02	5.283164e-02	2.767526e-01	1.986352e-01	2.926093e-01	9.951796e-01
13523	9.183768e-01	2.527357e-01	2.599944e-02	3.249930e-02	1.702439e-01	4.717400e-02	2.781050e-03	4.872346e-01
20225	9.035207e-01	4.549717e-01	2.677592e-02	3.346989e-02	1.753283e-01	8.861044e-02	9.044339e-01	5.868368e-02
5899	1.625361e-01	4.319717e-01	5.996319e-02	7.495399e-02	3.926380e-01	3.196495e-01	4.072427e-01	5.421611e-01
15769	1.267255e-01	2.537669e-01	2.780350e-02	3.475438e-02	1.820569e-01	1.111967e-01	9.088955e-01	5.334546e-01
3052	4.993522e-01	9.430168e-01	2.424165e-02	3.030206e-02	1.587339e-01	4.772015e-02	6.669173e-01	9.277115e-01
25767	8.575999e-01	6.572941e-02	4.039793e-02	5.049741e-02	2.645250e-01	1.130524e-01	2.597765e-01	3.201479e-01
10983	2.797035e-01	6.225395e-01	4.094778e-02	5.118473e-02	2.681254e-01	2.465086e-01	7.009628e-01	4.350854e-01
30175	1.227800e-01	7.300493e-01	4.156054e-02	5.195068e-02	2.721378e-01	2.436961e-01	1.252630e-01	5.591950e-01
5966	8.688531e-01	1.236481e-01	3.070416e-02	3.838020e-02	2.010504e-01	8.823312e-02	5.599538e-01	2.577736e-01
31185	1.314376e-01	5.653458e-01	2.439712e-02	3.049640e-02	1.597520e-01	1.303223e-01	5.022870e-02	8.186280e-01
12023	4.785682e-01	3.552762e-01	2.124765e-02	2.655956e-02	1.391293e-01	1.388458e-01	6.761853e-01	8.935806e-01
7735	1.562694e-01	6.722191e-01	3.297163e-02	4.121454e-02	2.158977e-01	2.014286e-01	7.208205e-01	8.321161e-01
8315	2.593203e-01	3.650003e-01	3.560590e-02	4.450738e-02	2.331469e-01	1.205172e-01	5.053913e-02	1.617203e-01
23657	8.024858e-01	7.882420e-01	3.508500e-02	4.385624e-02	2.297360e-01	1.765767e-01	3.231054e-01	3.512158e-02
14005	7.376830e-01	7.936588e-01	2.285146e-02	2.856432e-02	1.496310e-01	1.133273e-01	1.758897e-01	6.060726e-01
6597	4.600886e-01	7.673601e-01	4.767987e-02	5.959983e-02	3.122070e-01	2.475135e-01	2.597536e-01	2.291423e-01
10262	6.735585e-01	7.975591e-02	4.060918e-02	5.076148e-02	2.659083e-01	2.659027e-01	6.099477e-01	9.929962e-01
24712	9.885758e-02	9.728924e-01	2.161677e-02	2.702096e-02	1.415462e-01	5.070038e-02	8.380158e-01	2.227119e-01
34	1.036501e-01	3.755195e-01	3.171030e-02	3.963787e-02	2.076385e-01	2.055646e-01	1.269447e-01	2.075123e-01
8515	6.018274e-01	3.820517e-01	2.296426e-02	2.870533e-02	1.503696e-01	9.259536e-02	2.605095e-01	1.890554e-01
7298	1.579063e-01	6.067819e-01	3.022306e-02	3.777882e-02	1.979001e-01	1.977053e-01	6.685478e-01	4.859243e-01
21943	6.926319e-01	4.330090e-01	2.265455e-02	2.831819e-02	1.483417e-01	1.279131e-01	5.239423e-03	1.778689e-01
31920	5.433740e-01	5.157732e-01	2.134677e-02	2.668346e-02	1.397783e-01	5.422165e-02	1.708948e-01	2.434662e-01
12952	6.680039e-01	5.184849e-01	2.444517e-02	3.055646e-02	1.600666e-01	4.603497e-02	5.883914e-01	6.835144e-01
16665	3.567221e-01	3.572236e-01	2.121814e-02	2.652267e-02	1.389360e-01	1.197315e-01	6.902399e-01	8.505132e-01
6348	3.890647e-01	3.982162e-01	4.017126e-02	5.021407e-02	2.630408e-01	1.876255e-01	2.189734e-01	4.244295e-01
19537	9.098801e-01	9.427056e-01	2.394647e-02	2.993309e-02	1.568011e-01	1.087245e-01	7.172885e-01	1.694017e-01
25916	5.495653e-01	3.962764e-01	4.732658e-02	5.915822e-02	3.098937e-01	1.040350e-01	6.663293e-01	6.901401e-01
13717	1.780659e-01	6.414758e-01	2.248200e-02	2.810250e-02	1.472118e-01	7.783813e-02	8.561798e-01	4.694999e-01
12445	3.802728e-01	5.555862e-01	4.221697e-02	5.277121e-02	2.764360e-01	2.613699e-01	4.928612e-01	1.575225e-01
5708	8.554541e-01	2.659091e-01	5.489323e-02	6.861653e-02	3.594400e-01	3.245407e-01	6.953400e-01	2.317671e-01
1782	5.889471e-01	4.028405e-01	2.596921e-02	3.246152e-02	1.700460e-01	1.179347e-01	2.456036e-01	5.386999e-01
14813	5.674801e-01	2.333250e-01	3.669625e-02	4.587031e-02	2.402865e-01	2.167261e-01	5.046249e-01	4.814845e-01
8267	7.809137e-01	1.420138e-01	4.233664e-02	5.292080e-02	2.772197e-01	1.455894e-01	3.160918e-01	4.877578e-01
24778	4.731219e-01	1.180221e-01	2.066482e-02	2.583103e-02	1.353129e-01	1.279085e-01	1.659462e-01	5.577068e-01
23570	3.546133e-01	8.259967e-01	2.662820e-02	3.328525e-02	1.743610e-01	6.560195e-02	6.980912e-01	2.635753e-02
17363	7.657106e-01	8.694188e-01	7.354034e-02	9.192543e-02	4.815410e-01	1.554318e-01	6.451954e-01	9.216455e-01
18571	1.484879e-01	9.091464e-01	5.694863e-02	7.118578e-02	3.728987e-01	2.969865e-01	6.301587e-01	4.490509e-01
12855	4.956192e-01	7.070024e-01	4.052796e-02	5.065995e-02	2.653765e-01	2.614105e-01	3.981437e-01	4.499123e-01
652	6.512597e-01	6.758733e-01	7.038380e-02	8.797975e-02	4.608720e-01	2.576184e-01	1.343760e-01	6.897037e-01
18360	8.752167e-01	6.163375e-01	3.410451e-02	4.263063e-02	2.233158e-01	1.958771e-01	8.524235e-01	9.862376e-01
23311	1.110201e-01	8.972952e-01	2.145604e-02	2.682005e-02	1.404938e-01	9.062322e-02	7.493733e-02	3.533583e-01
31475	5.436719e-01	7.911930e-01	2.103231e-02	2.629038e-02	1.377192e-01	6.020457e-02	4.562125e-01	8.254018e-01
