22977	7.979419e-01	1.169428e-01	5.471466e-02	6.839333e-02	3.582707e-01	3.408243e-01	5.764712e-01	3.098307e-01
29806	6.445357e-01	8.600284e-02	3.754717e-02	4.693396e-02	2.458583e-01	2.381864e-01	2.444224e-01	8.298304e-01
1326	4.924997e-01	1.712731e-01	7.474107e-02	9.342634e-02	4.894034e-01	2.980765e-01	6.502701e-01	4.142234e-01
21014	4.755009e-01	9.235716e-01	3.811549e-02	4.764436e-02	2.495796e-01	6.651684e-02	9.638980e-01	3.835928e-01
24748	1.490373e-01	6.548514e-01	2.989925e-02	3.737406e-02	1.957798e-01	1.069730e-01	9.429023e-02	1.989565e-01
22903	6.192837e-01	8.275856e-01	3.988076e-02	4.985094e-02	2.611386e-01	2.368512e-01	1.283829e-01	1.425929e-01
6030	5.574451e-01	5.689578e-01	2.187966e-02	2.734957e-02	1.432676e-01	1.229526e-01	9.657687e-01	2.807757e-02
13133	6.008403e-01	9.245685e-01	4.073082e-02	5.091353e-02	2.667048e-01	2.489271e-01	9.481970e-01	1.401882e-03
16699	7.626401e-01	4.873747e-01	3.493734e-02	4.367167e-02	2.287691e-01	2.279972e-01	7.713985e-01	4.395756e-01
30500	4.637032e-02	4.436081e-01	3.349437e-02	4.186797e-02	2.193206e-01	2.168508e-01	7.530577e-01	9.953916e-01
27702	7.412107e-01	7.676004e-01	2.558545e-02	3.198181e-02	1.675331e-01	1.487433e-01	4.439353e-01	1.138125e-01
10449	4.599248e-01	3.742703e-01	3.354581e-02	4.193226e-02	2.196574e-01	2.134298e-01	4.889288e-01	5.447600e-01
30360	7.197243e-01	4.825056e-01	2.630696e-02	3.288370e-02	1.722576e-01	8.921863e-02	6.542596e-01	2.251327e-01
11918	9.423599e-01	4.383710e-01	2.767464e-02	3.459331e-02	1.812131e-01	8.475674e-02	8.860606e-01	8.604010e-01
4460	1.321147e-01	5.389949e-01	2.913353e-02	3.641691e-02	1.907659e-01	1.244489e-01	8.212965e-01	6.324319e-01
7086	8.247401e-01	7.558196e-01	2.078439e-02	2.598048e-02	1.360958e-01	1.285194e-01	6.561624e-01	7.764859e-04
702	7.142637e-01	6.308315e-01	4.374948e-02	5.468686e-02	2.864709e-01	7.978748e-02	2.393432e-01	6.160554e-01
27957	3.035927e-01	2.542079e-01	4.875278e-02	6.094098e-02	3.192325e-01	1.820742e-01	9.768998e-01	2.567568e-01
32008	1.208260e-01	4.643751e-01	2.959068e-02	3.698835e-02	1.937593e-01	1.829060e-01	2.926456e-01	7.192528e-01
4305	7.184217e-01	4.047449e-01	4.727513e-02	5.909391e-02	3.095568e-01	1.989143e-01	3.013308e-01	7.949112e-01
22338	4.638086e-01	8.671229e-01	2.771378e-02	3.464223e-02	1.814694e-01	6.721866e-02	8.542383e-01	8.229923e-01
23611	5.016645e-01	3.687607e-01	2.209239e-02	2.761549e-02	1.446606e-01	1.349042e-01	5.213587e-02	3.384901e-02
2226	5.873632e-01	7.697500e-02	4.505155e-02	5.631444e-02	2.949969e-01	2.048949e-01	2.570157e-02	1.950528e-01
2178	5.767720e-01	8.600118e-01	2.167326e-02	2.709157e-02	1.419161e-01	5.411622e-02	7.514446e-02	9.688249e-01
25787	7.797793e-02	4.990395e-01	2.353453e-02	2.941817e-02	1.541038e-01	8.944399e-02	2.609325e-01	8.190527e-01
3098	8.397625e-01	8.764804e-01	7.324830e-02	9.156037e-02	4.796287e-01	2.974190e-01	5.514801e-01	7.052892e-01
23235	2.675500e-01	6.419548e-01	2.729045e-02	3.411306e-02	1.786974e-01	1.346005e-01	2.215939e-01	4.354128e-01
7947	1.632471e-01	7.048036e-01	2.715119e-02	3.393898e-02	1.777855e-01	1.668668e-01	7.692396e-02	8.129346e-02
15861	2.840442e-01	1.101345e-01	2.770241e-02	3.462801e-02	1.813949e-01	1.572327e-01	4.893720e-01	1.486131e-01
16607	1.756791e-01	7.412254e-01	2.795536e-02	3.494420e-02	1.830513e-01	1.796310e-01	8.912915e-01	2.147164e-01
16427	8.536354e-01	7.155872e-01	2.530327e-02	3.162909e-02	1.656854e-01	1.541063e-01	2.211900e-01	4.567907e-01
6625	2.558306e-01	1.795941e-01	2.424123e-02	3.030154e-02	1.587312e-01	1.587306e-01	4.480882e-01	7.909024e-01
2868	6.688808e-01	5.616955e-01	7.642576e-02	9.553220e-02	5.004347e-01	4.962937e-01	8.025834e-01	4.599692e-01
22321	1.504376e-01	5.844327e-01	4.889487e-02	6.111859e-02	3.201629e-01	2.819957e-01	8.324682e-01	3.855276e-01
4244	2.282482e-01	8.395718e-01	4.208153e-02	5.260191e-02	2.755492e-01	1.428590e-01	7.470950e-01	3.414204e-01
27022	6.119948e-01	4.031530e-01	4.012203e-02	5.015253e-02	2.627184e-01	2.625159e-01	4.216152e-02	9.071336e-01
17900	4.852286e-01	8.824701e-01	2.203003e-02	2.753753e-02	1.442523e-01	1.323163e-01	5.890718e-01	3.909804e-01
20307	6.045799e-01	5.160594e-01	2.299189e-02	2.873986e-02	1.505505e-01	6.278380e-02	8.322389e-02	1.795863e-01
9390	3.146008e-01	4.645982e-01	2.578004e-02	3.222505e-02	1.688073e-01	1.682387e-01	9.427863e-01	6.659459e-01
8268	1.422543e-01	7.220769e-02	3.045697e-02	3.807121e-02	1.994317e-01	1.230354e-01	2.069219e-01	1.756047e-01
18924	8.919298e-01	1.125062e-01	4.905825e-02	6.132282e-02	3.212327e-01	3.124446e-01	6.889372e-01	3.491747e-01
29010	3.493563e-02	8.797803e-02	2.591424e-02	3.239280e-02	1.696861e-01	5.585005e-02	7.087956e-01	6.050537e-01
15792	9.335217e-01	1.928087e-01	4.248249e-02	5.310311e-02	2.781747e-01	1.210754e-01	4.293604e-01	1.830518e-01
28608	8.476462e-01	3.240860e-01	7.873063e-02	9.841329e-02	5.155270e-01	5.147006e-01	1.410491e-01	8.742113e-01
26843	8.212790e-01	6.184378e-01	3.977550e-02	4.971938e-02	2.604494e-01	1.025695e-01	2.688983e-01	4.695348e-01
878	5.767419e-01	1.098410e-01	2.181067e-02	2.726334e-02	1.428159e-01	1.313844e-01	5.134585e-01	4.471695e-01
32324	7.210739e-02	6.282093e-01	4.284464e-02	5.355580e-02	2.805460e-01	2.110024e-01	5.993265e-01	9.285819e-01
6272	9.154301e-02	1.260531e-01	2.099709e-02	2.624636e-02	1.374886e-01	1.373573e-01	1.041861e-01	8.310777e-01
21920	3.980486e-01	1.122286e-01	3.775738e-02	4.719672e-02	2.472347e-01	1.413553e-01	5.679165e-01	3.143884e-01
13180	3.518870e-01	7.014985e-01	2.419677e-02	3.024597e-02	1.584401e-01	1.564849e-01	4.912118e-03	4.820355e-01
23570	3.527235e-01	7.325377e-01	2.409304e-02	3.011630e-02	1.577608e-01	6.930368e-02	4.355374e-01	1.043084e-01
32708	2.510796e-01	7.900701e-01	2.181390e-02	2.726738e-02	1.428371e-01	9.465827e-02	2.499045e-01	2.643479e-01
1436	2.453210e-01	4.632585e-01	2.168192e-02	2.710240e-02	1.419729e-01	1.251557e-01	7.826113e-01	3.695255e-01
16253	3.641729e-01	8.388654e-01	2.113884e-02	2.642355e-02	1.384168e-01	1.383411e-01	1.016448e-01	9.988504e-02
11123	1.133288e-01	4.316163e-01	2.138812e-02	2.673515e-02	1.400491e-01	7.895193e-02	3.035702e-01	5.377424e-01
4189	1.339937e-01	8.686008e-01	6.488946e-02	8.111182e-02	4.248952e-01	3.349758e-01	9.666552e-02	4.036371e-01
6967	1.210787e-01	2.095485e-01	5.576385e-02	6.970481e-02	3.651408e-01	3.636549e-01	1.063320e-01	3.018731e-01
8170	7.372770e-01	1.785039e-01	4.115097e-02	5.143872e-02	2.694559e-01	1.190531e-01	6.224800e-01	7.649136e-01
24021	3.024668e-01	8.365287e-01	2.194683e-02	2.743354e-02	1.437075e-01	6.272379e-02	7.802671e-02	9.130505e-01
28734	5.411143e-01	8.452743e-01	2.868715e-02	3.585894e-02	1.878430e-01	1.557015e-01	5.808865e-01	4.798589e-01
25042	3.871629e-01	4.254364e-01	4.007710e-02	5.009638e-02	2.624242e-01	2.339844e-01	2.911107e-01	9.548431e-01
23803	1.299012e-01	7.392688e-01	2.154323e-02	2.692903e-02	1.410647e-01	1.385278e-01	9.559945e-01	7.536255e-01
910	6.200188e-01	7.745334e-01	2.092373e-02	2.615467e-02	1.370083e-01	1.053604e-01	3.337766e-01	6.852345e-01
20148	9.102552e-01	9.488589e-01	3.261045e-02	4.076306e-02	2.135327e-01	1.540968e-01	6.739311e-01	7.481117e-01
15561	9.634620e-01	7.621329e-01	2.486849e-02	3.108561e-02	1.628385e-01	1.584157e-01	3.659093e-01	5.353567e-01
32685	9.699541e-01	9.198834e-01	2.904110e-02	3.630138e-02	1.901607e-01	1.670306e-01	5.139772e-01	7.820457e-02
18411	8.173905e-01	1.774955e-01	3.120959e-02	3.901199e-02	2.043599e-01	1.655989e-01	8.490972e-01	7.733615e-01
7081	2.922650e-01	5.380134e-01	2.687280e-02	3.359100e-02	1.759627e-01	1.156081e-01	4.360651e-01	7.648383e-01
22207	9.174882e-01	1.417012e-01	2.077827e-02	2.597283e-02	1.360558e-01	1.110463e-01	2.046884e-01	6.931204e-02
26524	4.121567e-01	7.512450e-01	7.743354e-02	9.679192e-02	5.070336e-01	2.707050e-01	8.050077e-01	6.505911e-01
18676	7.754169e-01	2.100163e-01	2.209362e-02	2.761703e-02	1.446687e-01	1.211764e-01	5.840987e-01	9.312635e-01
27744	5.167801e-01	4.730496e-02	2.732414e-02	3.415518e-02	1.789181e-01	1.785736e-01	7.159930e-01	9.722486e-01
25747	1.477552e-01	7.723587e-01	3.603720e-02	4.504650e-02	2.359710e-01	2.077067e-01	8.966022e-01	2.082937e-01
2953	5.304807e-01	6.324963e-01	3.774026e-02	4.717533e-02	2.471227e-01	2.366871e-01	2.897824e-01	6.509091e-01
3032	3.277150e-01	5.539733e-01	4.523306e-02	5.654132e-02	2.961854e-01	1.494630e-01	5.980140e-01	8.043766e-01
10200	2.046540e-01	6.942463e-01	2.437673e-02	3.047092e-02	1.596185e-01	1.529915e-01	4.369287e-01	5.374483e-01
28376	2.277173e-01	1.253696e-01	2.100637e-02	2.625796e-02	1.375494e-01	1.334335e-01	8.513052e-01	2.414188e-01
