30481	7.515456e-01	4.157752e-01	5.624772e-02	7.030965e-02	3.683092e-01	1.966711e-01	4.238365e-01	1.325040e-01
30989	5.506126e-01	2.358467e-01	3.001164e-02	3.751456e-02	1.965158e-01	1.954777e-01	3.127413e-01	4.411439e-01
18505	6.592205e-01	7.068427e-01	2.228785e-02	2.785981e-02	1.459405e-01	1.459246e-01	5.527041e-01	6.476000e-01
27989	4.062583e-01	3.162680e-01	3.471619e-02	4.339524e-02	2.273211e-01	2.271509e-01	9.534486e-01	6.978968e-01
26779	5.571459e-02	5.001834e-01	3.515613e-02	4.394516e-02	2.302018e-01	1.554071e-01	8.145686e-01	9.141979e-01
14012	6.219153e-02	5.716746e-01	2.381793e-02	2.977242e-02	1.559595e-01	1.102209e-01	2.661234e-01	7.034657e-01
22762	8.685083e-01	7.717859e-01	2.081927e-02	2.602409e-02	1.363242e-01	4.510879e-02	1.996867e-01	2.235419e-01
24102	4.509024e-02	6.691317e-01	3.590646e-02	4.488307e-02	2.351149e-01	2.180341e-01	5.289054e-01	6.841472e-01
22090	7.403121e-01	1.799354e-01	7.739136e-02	9.673920e-02	5.067574e-01	1.816909e-01	1.751334e-02	3.874142e-02
1587	3.432628e-01	8.493287e-01	4.203090e-02	5.253862e-02	2.752177e-01	1.189207e-01	9.557482e-01	1.015769e-02
24414	4.149151e-01	5.400164e-01	2.256303e-02	2.820379e-02	1.477424e-01	1.477131e-01	1.155122e-01	7.841692e-01
16701	6.981770e-01	2.461557e-01	2.111159e-02	2.638949e-02	1.382384e-01	9.059580e-02	1.352077e-01	6.993968e-01
26585	6.986539e-01	6.091183e-01	3.696540e-02	4.620675e-02	2.420489e-01	2.350811e-01	3.557158e-01	5.086380e-01
2268	9.971591e-02	3.606683e-01	2.815293e-02	3.519116e-02	1.843449e-01	1.508558e-01	7.894887e-01	9.388181e-01
25603	8.295642e-01	3.418167e-01	2.944010e-02	3.680013e-02	1.927733e-01	8.612771e-02	8.616894e-01	6.307028e-01
24840	3.536036e-01	3.905235e-01	3.564746e-02	4.455933e-02	2.334190e-01	2.302156e-01	9.317292e-01	9.282899e-01
25110	3.873946e-01	7.646376e-01	2.196479e-02	2.745599e-02	1.438251e-01	1.437448e-01	6.098801e-02	4.675708e-01
29547	4.713844e-01	1.558060e-01	4.348199e-02	5.435249e-02	2.847194e-01	2.263417e-01	7.039017e-01	5.527093e-01
1352	8.325364e-01	2.127431e-01	2.622734e-02	3.278417e-02	1.717362e-01	1.470135e-01	3.287916e-01	8.138177e-01
9305	4.389524e-01	8.543539e-01	2.062550e-02	2.578188e-02	1.350555e-01	1.228551e-01	2.945871e-01	1.312054e-01
9766	6.669867e-01	3.434372e-01	3.951580e-02	4.939475e-02	2.587488e-01	7.135486e-02	5.895900e-01	9.308118e-01
17555	8.544056e-01	2.675278e-01	4.892988e-02	6.116235e-02	3.203921e-01	2.604025e-01	8.543591e-01	3.424867e-01
4230	1.656776e-01	2.886659e-01	3.176164e-02	3.970205e-02	2.079747e-01	2.013179e-01	5.004388e-01	8.997086e-01
15536	2.022599e-01	7.023464e-01	4.283101e-02	5.353876e-02	2.804568e-01	2.533813e-01	7.731674e-01	1.297768e-01
32324	2.802308e-01	2.002222e-01	2.132839e-02	2.666048e-02	1.396579e-01	6.332634e-02	1.994480e-01	6.076542e-02
6899	6.372754e-01	4.455274e-01	2.247817e-02	2.809772e-02	1.471867e-01	3.986473e-02	5.755433e-01	1.020042e-01
7596	8.375723e-01	6.766955e-01	2.242318e-02	2.802897e-02	1.468266e-01	1.464980e-01	3.818200e-02	2.520354e-01
19619	8.361648e-01	1.709462e-01	2.464931e-02	3.081164e-02	1.614033e-01	6.150849e-02	3.486479e-01	7.690674e-01
1527	3.617874e-01	6.068221e-01	3.480770e-02	4.350962e-02	2.279203e-01	9.203189e-02	3.069804e-01	9.441848e-01
1817	9.269170e-01	9.913500e-02	3.891552e-02	4.864440e-02	2.548182e-01	1.848902e-01	4.415073e-01	8.315610e-01
9589	6.537873e-01	6.243255e-01	2.107812e-02	2.634765e-02	1.380192e-01	1.373010e-01	6.883064e-01	3.942983e-01
31899	5.116955e-01	2.931071e-01	3.090261e-02	3.862826e-02	2.023498e-01	1.331247e-01	6.539181e-01	8.863489e-01
24742	6.140129e-01	2.824325e-01	7.411528e-02	9.264410e-02	4.853057e-01	3.495895e-01	6.988577e-01	5.857410e-01
434	5.522252e-01	3.023583e-01	2.846796e-02	3.558495e-02	1.864077e-01	8.732881e-02	4.094489e-01	7.599767e-01
26961	4.526247e-01	8.977414e-01	3.149782e-02	3.937228e-02	2.062473e-01	2.002169e-01	8.536116e-01	6.034987e-01
15496	1.072422e-01	8.944391e-02	2.314900e-02	2.893625e-02	1.515793e-01	6.135923e-02	4.447221e-01	8.041826e-01
27928	5.812154e-01	6.982680e-01	5.529959e-02	6.912449e-02	3.621009e-01	2.816007e-01	1.693567e-01	4.469840e-01
18773	6.979922e-01	3.381046e-01	2.529692e-02	3.162115e-02	1.656438e-01	4.811528e-02	7.230357e-01	9.304431e-01
28869	5.170281e-01	4.612123e-01	3.153185e-02	3.941481e-02	2.064700e-01	9.043435e-02	9.629233e-01	6.219932e-01
16467	5.740470e-01	5.918097e-02	2.313416e-02	2.891769e-02	1.514821e-01	8.850986e-02	5.254777e-01	1.274898e-01
14894	8.304623e-01	6.201883e-01	2.833960e-02	3.542450e-02	1.855673e-01	7.565209e-02	2.917855e-01	4.499617e-01
15027	6.270242e-01	1.462187e-01	2.158441e-02	2.698051e-02	1.413344e-01	5.530625e-02	8.883955e-01	4.549801e-01
2427	6.817832e-01	8.824262e-01	5.988008e-02	7.485010e-02	3.920938e-01	3.095496e-01	8.725072e-01	8.844611e-01
3572	8.523991e-01	5.817156e-01	4.158477e-02	5.198097e-02	2.722964e-01	1.124539e-01	9.315159e-03	7.050703e-01
12133	2.975136e-01	1.299319e-01	2.828178e-02	3.535223e-02	1.851887e-01	1.850837e-01	7.968082e-01	8.857514e-01
6655	2.630845e-01	7.312842e-01	2.437756e-02	3.047195e-02	1.596239e-01	9.086037e-02	8.943871e-01	2.956619e-01
6700	5.294504e-01	6.934289e-01	2.440879e-02	3.051099e-02	1.598284e-01	9.839077e-02	7.836277e-01	4.699694e-01
28460	8.191510e-01	6.604416e-02	2.388791e-02	2.985989e-02	1.564177e-01	1.423000e-01	1.810526e-02	8.951520e-01
20754	8.017065e-01	4.340567e-01	4.000413e-02	5.000516e-02	2.619464e-01	2.527600e-01	9.810295e-01	4.423683e-02
26598	2.146489e-01	4.816460e-01	4.947390e-02	6.184237e-02	3.239543e-01	1.145624e-01	2.480759e-01	6.783389e-01
26482	2.709114e-01	3.327750e-01	5.025704e-02	6.282130e-02	3.290823e-01	2.165433e-01	7.947853e-01	2.460770e-01
20276	3.280684e-01	6.344829e-01	2.797061e-02	3.496327e-02	1.831511e-01	1.715695e-01	6.506146e-01	1.140068e-01
28184	5.483817e-01	4.135719e-01	4.073986e-02	5.092482e-02	2.667639e-01	7.601256e-02	6.536170e-01	1.127526e-01
22146	4.821865e-01	4.973723e-01	2.317937e-02	2.897421e-02	1.517782e-01	1.164506e-01	4.098191e-01	2.128465e-01
15048	7.021959e-01	5.115939e-01	6.252597e-02	7.815747e-02	4.094191e-01	3.886249e-01	7.546961e-01	2.552442e-01
21944	6.656931e-01	1.797129e-01	3.734244e-02	4.667804e-02	2.445177e-01	1.065592e-01	8.826286e-01	5.943876e-01
6130	8.928741e-01	8.085141e-01	5.149247e-02	6.436559e-02	3.371719e-01	3.322707e-01	6.926790e-01	7.362948e-01
13938	4.326739e-01	1.075842e-01	5.064464e-02	6.330580e-02	3.316203e-01	1.489072e-01	5.212079e-01	8.426233e-01
12329	3.837347e-01	3.789988e-02	3.101200e-02	3.876501e-02	2.030661e-01	1.973545e-01	7.969505e-01	1.385836e-01
13687	2.030458e-01	7.857623e-01	2.110100e-02	2.637625e-02	1.381690e-01	1.153412e-01	6.397276e-01	3.641606e-01
925	1.372604e-01	7.763635e-01	2.490002e-02	3.112503e-02	1.630450e-01	9.234056e-02	6.145357e-01	1.707162e-01
29868	1.451176e-01	9.630819e-01	3.029737e-02	3.787171e-02	1.983867e-01	9.992451e-02	2.831462e-01	1.900936e-01
26132	3.394519e-01	1.230531e-01	4.368457e-02	5.460572e-02	2.860459e-01	2.767042e-01	3.275598e-01	5.780993e-01
10614	2.090896e-01	9.414711e-01	2.676068e-02	3.345085e-02	1.752285e-01	1.736045e-01	6.632368e-01	1.771018e-01
9317	1.185871e-01	5.442856e-01	3.931410e-02	4.914262e-02	2.574281e-01	2.403296e-01	8.628019e-01	2.495716e-01
31640	6.979520e-01	5.730311e-02	3.991075e-02	4.988844e-02	2.613350e-01	2.613300e-01	3.353445e-02	5.283624e-01
30747	3.489017e-01	9.373336e-01	5.073647e-02	6.342059e-02	3.322216e-01	3.321254e-01	6.246048e-01	9.786851e-01
26449	1.165862e-01	8.639641e-01	3.752369e-02	4.690462e-02	2.457046e-01	2.348242e-01	3.961657e-01	8.391239e-01
5563	5.232301e-01	8.818281e-01	2.403280e-02	3.004100e-02	1.573664e-01	1.572869e-01	4.314067e-01	6.769176e-02
5398	9.309521e-01	3.806546e-01	4.739068e-02	5.923836e-02	3.103135e-01	1.855037e-01	9.018674e-01	5.055261e-01
9390	8.965394e-02	6.798510e-01	2.601382e-02	3.251727e-02	1.703381e-01	1.703106e-01	7.693227e-01	7.916005e-01
26480	9.080411e-02	2.985005e-01	2.381063e-02	2.976329e-02	1.559117e-01	4.274769e-02	2.541489e-01	7.645741e-01
6713	7.831498e-02	8.510039e-01	3.326654e-02	4.158318e-02	2.178288e-01	7.660990e-02	7.697537e-01	5.489841e-01
24475	4.183683e-01	3.951033e-01	2.084399e-02	2.605499e-02	1.364862e-01	1.361835e-01	8.318024e-01	7.638719e-01
9258	7.595982e-01	2.315333e-01	2.627564e-02	3.284455e-02	1.720525e-01	1.075521e-01	1.650810e-01	9.252876e-01
29915	5.300422e-01	6.587698e-01	2.435179e-02	3.043973e-02	1.594551e-01	1.433758e-01	3.923353e-01	2.507416e-01
29054	1.341624e-01	1.558676e-01	2.741968e-02	3.427460e-02	1.795436e-01	8.238964e-02	7.812129e-01	8.236226e-01
16601	2.022293e-01	2.041666e-01	6.807220e-02	8.509025e-02	4.457357e-01	2.850406e-01	5.750835e-01	8.774876e-01
16292	8.820194e-01	1.130923e-01	2.662291e-02	3.327864e-02	1.743264e-01	7.641688e-02	5.793959e-01	9.248672e-01
10655	3.022591e-01	8.244514e-01	2.219388e-02	2.774235e-02	1.453252e-01	1.398167e-01	2.362221e-01	2.233893e-01
