25909	1.455154e-01	8.635841e-01	6.855698e-02	8.569622e-02	4.489100e-01	2.391741e-01	4.695818e-01	8.816163e-01
2459	6.499464e-01	4.613245e-02	3.961582e-02	4.951977e-02	2.594038e-01	2.434042e-01	6.055043e-01	9.650445e-01
7998	5.711552e-01	5.018268e-01	2.530166e-02	3.162707e-02	1.656749e-01	1.080994e-01	4.214056e-02	1.097578e-01
27708	1.940661e-01	4.117594e-01	3.483118e-02	4.353898e-02	2.280740e-01	2.279779e-01	1.991875e-01	2.797033e-02
6139	4.810192e-01	3.074593e-01	4.126463e-02	5.158079e-02	2.702001e-01	2.671198e-01	5.143566e-01	5.632272e-01
27256	4.732614e-01	7.818374e-01	2.469955e-02	3.087444e-02	1.617323e-01	1.461679e-01	3.597396e-01	2.172814e-01
906	8.454357e-01	3.845222e-01	5.944215e-02	7.430269e-02	3.892263e-01	3.690569e-01	4.281457e-01	4.476944e-01
14851	7.734504e-01	2.713830e-01	4.949091e-02	6.186363e-02	3.240657e-01	2.349681e-01	7.211414e-01	4.704997e-01
2940	1.040677e-01	4.777964e-01	4.467821e-02	5.584776e-02	2.925522e-01	1.854048e-01	9.240538e-01	8.845509e-01
32070	3.964131e-01	3.968251e-01	7.629111e-02	9.536389e-02	4.995530e-01	3.389690e-01	1.354527e-01	9.436660e-01
30758	8.792018e-01	7.612801e-01	7.933149e-02	9.916437e-02	5.194614e-01	4.664105e-01	2.753060e-01	3.993589e-01
10240	1.957768e-01	5.737076e-01	6.778303e-02	8.472878e-02	4.438422e-01	2.749578e-01	8.826094e-02	4.862206e-01
26021	6.167031e-01	3.529136e-01	7.152877e-02	8.941096e-02	4.683693e-01	3.579067e-01	8.048284e-01	9.621807e-01
6299	2.964283e-01	8.658386e-01	4.799492e-02	5.999364e-02	3.142700e-01	3.070430e-01	6.235848e-01	8.390933e-01
1816	2.004111e-01	7.301469e-01	2.977567e-02	3.721958e-02	1.949706e-01	8.786550e-02	7.676251e-01	6.882871e-01
21074	2.354360e-01	4.243061e-01	2.986675e-02	3.733344e-02	1.955670e-01	1.374438e-01	1.585204e-01	9.907933e-01
26760	6.608204e-01	5.532921e-01	2.099005e-02	2.623756e-02	1.374425e-01	1.166565e-01	8.486382e-01	3.303064e-01
12758	3.320615e-01	6.410473e-01	3.156332e-02	3.945415e-02	2.066761e-01	5.671384e-02	5.014273e-01	1.866975e-01
5017	1.973548e-01	2.596408e-01	3.745134e-02	4.681417e-02	2.452308e-01	2.187182e-01	4.245056e-01	4.550247e-01
14297	8.907854e-01	5.269880e-01	3.561625e-02	4.452031e-02	2.332147e-01	2.203593e-01	2.078049e-01	7.981384e-01
17908	1.278368e-01	3.976140e-01	3.726135e-02	4.657668e-02	2.439867e-01	1.991629e-01	1.342754e-01	3.735984e-01
7727	5.253573e-01	9.224072e-01	2.381718e-02	2.977148e-02	1.559546e-01	4.893533e-02	4.581827e-01	2.261019e-01
3397	7.331045e-01	9.416443e-01	3.621675e-02	4.527093e-02	2.371467e-01	9.326252e-02	8.484563e-01	9.909253e-01
10529	6.321987e-01	7.412666e-01	3.508446e-02	4.385557e-02	2.297325e-01	2.190328e-01	8.983121e-01	5.806928e-02
15106	6.087757e-01	5.132346e-01	2.256009e-02	2.820011e-02	1.477231e-01	1.476853e-01	3.292628e-01	9.247752e-01
7382	6.327952e-01	9.219254e-01	2.437338e-02	3.046673e-02	1.595965e-01	7.952751e-02	4.521265e-01	8.884302e-01
1287	8.334027e-01	8.949959e-01	7.493892e-02	9.367365e-02	4.906989e-01	4.634098e-01	2.782994e-01	7.265698e-01
24474	4.270240e-01	2.594784e-01	2.225684e-02	2.782105e-02	1.457374e-01	1.133600e-01	2.448858e-01	2.428562e-04
20229	4.859555e-01	4.335181e-01	3.283321e-02	4.104151e-02	2.149913e-01	2.148706e-01	4.729583e-01	8.070203e-01
32472	8.684319e-01	4.459621e-01	3.820911e-02	4.776139e-02	2.501927e-01	2.079370e-01	1.605443e-01	2.623838e-01
32498	7.116379e-01	2.776603e-01	5.829719e-02	7.287149e-02	3.817291e-01	3.183159e-01	7.462340e-02	8.425895e-01
30477	4.376603e-01	9.034226e-02	2.503660e-02	3.129575e-02	1.639393e-01	1.099373e-01	1.819659e-01	3.713103e-01
22413	6.935807e-01	7.293535e-01	2.718150e-02	3.397688e-02	1.779841e-01	1.455438e-01	8.973727e-01	7.201308e-01
24833	5.257085e-01	2.835753e-01	2.452935e-02	3.066169e-02	1.606178e-01	1.471053e-01	7.530590e-01	4.325778e-01
27365	6.036325e-01	7.546274e-01	2.975145e-02	3.718932e-02	1.948121e-01	1.361859e-01	4.748270e-01	3.634735e-02
3553	4.859376e-02	1.488733e-01	2.872451e-02	3.590564e-02	1.880877e-01	8.060495e-02	9.210889e-01	9.372887e-01
25020	5.481507e-01	7.036687e-01	3.077911e-02	3.847389e-02	2.015411e-01	1.870646e-01	5.846428e-01	4.421445e-01
12818	5.623582e-01	5.476407e-01	2.735981e-02	3.419977e-02	1.791516e-01	1.778076e-01	1.088922e-01	1.481312e-01
12905	2.699895e-01	3.691694e-01	5.251609e-02	6.564511e-02	3.438745e-01	3.044991e-01	4.720025e-01	6.470212e-01
29235	4.249534e-01	8.059141e-01	2.886710e-02	3.608387e-02	1.890213e-01	1.773768e-01	6.814238e-01	5.707641e-01
24506	4.139323e-01	6.544316e-01	3.798274e-02	4.747843e-02	2.487104e-01	2.035078e-01	4.628426e-01	3.803057e-01
19152	8.846164e-01	1.233045e-01	2.164899e-02	2.706124e-02	1.417573e-01	1.333558e-01	6.528988e-01	5.546765e-01
2025	7.762741e-01	6.496758e-01	3.120262e-02	3.900328e-02	2.043143e-01	1.051738e-01	4.019155e-01	2.667263e-01
10766	5.436456e-01	3.585163e-01	2.766300e-02	3.457875e-02	1.811369e-01	1.321182e-01	7.137703e-01	4.170691e-01
4739	6.415122e-02	1.874779e-01	5.769318e-02	7.211648e-02	3.777741e-01	1.080974e-01	2.579968e-01	3.784754e-01
28702	3.339026e-01	1.625245e-01	7.347235e-02	9.184043e-02	4.810958e-01	3.058484e-01	3.237270e-01	5.481347e-01
12134	8.088309e-01	7.993732e-01	4.816568e-02	6.020710e-02	3.153881e-01	2.230697e-01	3.023696e-01	8.785637e-01
21925	6.306240e-01	5.693339e-01	2.193195e-02	2.741493e-02	1.436100e-01	7.775504e-02	3.925638e-01	2.579282e-01
12148	8.140804e-01	3.170054e-01	5.079288e-02	6.349110e-02	3.325910e-01	1.882334e-01	6.528084e-01	6.256367e-01
9535	8.036968e-01	1.522103e-01	4.183398e-02	5.229248e-02	2.739283e-01	2.703006e-01	8.792621e-01	5.993917e-02
959	9.464198e-01	7.242120e-01	4.954798e-02	6.193498e-02	3.244394e-01	2.893563e-01	1.580593e-01	9.415700e-01
17040	8.635182e-01	4.908422e-01	2.868454e-02	3.585567e-02	1.878259e-01	1.478960e-01	4.529485e-01	6.481394e-01
26182	5.644038e-01	8.771104e-01	3.987224e-02	4.984030e-02	2.610828e-01	2.436249e-01	6.579967e-01	1.858603e-01
17551	1.750057e-01	4.668960e-01	2.195007e-02	2.743759e-02	1.437287e-01	1.069238e-01	3.589859e-01	6.054441e-01
249	9.093616e-02	3.320990e-01	2.244102e-02	2.805128e-02	1.469435e-01	8.150948e-02	7.235135e-01	5.962159e-01
11385	7.491962e-01	5.265915e-01	2.092970e-02	2.616213e-02	1.370474e-01	1.311948e-01	6.764265e-01	7.283074e-01
29300	1.459300e-01	7.628548e-01	6.255645e-02	7.819556e-02	4.096187e-01	2.856042e-01	1.055339e-01	7.939087e-01
308	4.678894e-01	8.316337e-01	2.345268e-02	2.931585e-02	1.535678e-01	1.526476e-01	6.347370e-01	7.066201e-01
30565	5.036084e-01	5.401105e-01	2.112578e-02	2.640723e-02	1.383313e-01	4.069763e-02	2.922779e-01	1.952501e-01
32689	3.797463e-01	5.175511e-01	5.061206e-02	6.326508e-02	3.314070e-01	3.268998e-01	4.387962e-01	4.453094e-01
3708	9.061713e-01	2.177219e-01	2.197172e-02	2.746466e-02	1.438705e-01	8.612977e-02	1.508058e-01	3.683731e-01
13275	3.366982e-01	5.023814e-01	2.300960e-02	2.876200e-02	1.506665e-01	6.344791e-02	4.012382e-01	5.381798e-01
1022	5.019314e-01	6.969313e-01	3.010734e-02	3.763417e-02	1.971424e-01	1.396283e-01	8.550021e-01	8.860952e-01
29291	5.862770e-01	6.249966e-01	2.236559e-02	2.795698e-02	1.464495e-01	4.272299e-02	9.207314e-01	2.357099e-01
20554	3.655222e-01	2.489060e-01	3.743395e-02	4.679243e-02	2.451169e-01	1.984198e-01	5.470686e-01	8.764926e-01
27351	5.185205e-01	6.021965e-01	2.467795e-02	3.084744e-02	1.615908e-01	1.602165e-01	9.151471e-01	5.594181e-01
16034	1.583266e-01	2.932953e-01	2.099997e-02	2.624996e-02	1.375075e-01	6.208974e-02	9.757471e-01	4.464874e-01
17847	7.018580e-01	6.251464e-01	4.094269e-02	5.117836e-02	2.680921e-01	9.200792e-02	6.648866e-01	5.952693e-01
12028	5.637264e-01	4.119020e-01	2.902389e-02	3.627986e-02	1.900480e-01	1.554746e-01	6.227330e-01	2.890147e-01
16786	7.353758e-01	4.674660e-01	3.125694e-02	3.907117e-02	2.046699e-01	7.181902e-02	5.121713e-01	1.524323e-01
15692	9.215409e-01	4.099847e-01	2.450908e-02	3.063635e-02	1.604851e-01	1.202382e-01	1.028852e-01	6.858310e-01
