27811	3.797952e-01	6.763718e-01	5.424665e-02	6.780831e-02	3.552062e-01	3.378573e-01	4.942512e-01	3.743607e-01
10822	5.346095e-01	1.248072e-01	7.711782e-02	9.639728e-02	5.049663e-01	4.396533e-01	6.132472e-01	4.957289e-01
3223	9.319425e-01	9.183164e-01	4.329505e-02	5.411881e-02	2.834953e-01	2.309702e-01	5.827064e-02	1.904239e-01
10719	1.412718e-01	8.822838e-01	5.379543e-02	6.724428e-02	3.522516e-01	3.362708e-01	8.021020e-01	2.097176e-01
17810	3.266705e-01	3.612490e-01	5.596363e-02	6.995454e-02	3.664490e-01	3.196807e-01	9.948645e-01	9.894043e-01
13760	1.633367e-01	7.356492e-01	2.700240e-02	3.375300e-02	1.768113e-01	8.465758e-02	3.392242e-02	9.122315e-01
21810	8.906635e-01	6.565378e-01	2.296845e-02	2.871056e-02	1.503971e-01	1.479856e-01	2.498196e-01	8.351849e-01
10740	9.632990e-01	7.502657e-01	3.862865e-02	4.828581e-02	2.529398e-01	7.876896e-02	4.000412e-01	9.728839e-01
21164	7.557866e-01	6.063122e-02	4.117115e-02	5.146393e-02	2.695880e-01	1.790155e-01	9.896315e-01	8.843558e-01
30490	7.315278e-01	7.804219e-01	4.736193e-02	5.920241e-02	3.101252e-01	2.667140e-01	6.841169e-02	1.861866e-01
2709	8.371813e-01	4.819814e-01	2.438212e-02	3.047765e-02	1.596537e-01	1.491775e-01	4.367326e-01	4.439373e-01
4202	5.629301e-02	3.623995e-01	2.778716e-02	3.473395e-02	1.819499e-01	1.554161e-01	3.149496e-01	3.518013e-01
26736	3.677488e-01	4.737007e-01	2.236338e-02	2.795423e-02	1.464351e-01	1.131209e-01	4.507720e-01	7.023257e-01
21036	9.628065e-01	6.083579e-01	3.487889e-02	4.359861e-02	2.283864e-01	2.131010e-01	6.018998e-02	2.259060e-01
25333	9.070899e-02	1.903820e-01	2.839040e-02	3.548800e-02	1.858999e-01	9.083794e-02	2.661282e-01	6.358903e-01
2699	1.305845e-01	3.833943e-01	2.158514e-02	2.698143e-02	1.413392e-01	1.398734e-01	3.889723e-03	7.518419e-01
14893	6.562885e-02	6.828642e-01	3.488404e-02	4.360504e-02	2.284201e-01	1.944441e-01	2.789638e-01	1.457677e-01
32749	4.275294e-01	5.613192e-01	2.570032e-02	3.212540e-02	1.682853e-01	1.316510e-01	2.401646e-01	5.665924e-01
31940	4.071258e-01	3.848598e-01	3.050421e-02	3.813026e-02	1.997411e-01	1.988299e-01	2.052501e-02	9.218743e-01
25760	5.915718e-01	1.777142e-01	3.682838e-02	4.603548e-02	2.411517e-01	1.810944e-01	2.250344e-01	1.697358e-01
13252	4.132986e-01	1.911284e-01	2.080059e-02	2.600073e-02	1.362019e-01	8.518103e-02	5.596727e-01	5.517568e-01
10778	2.708740e-01	7.703971e-02	5.221137e-02	6.526422e-02	3.418793e-01	2.427327e-01	4.607688e-01	4.996311e-01
32640	4.857774e-01	2.300661e-01	3.255911e-02	4.069889e-02	2.131966e-01	2.125118e-01	7.367501e-02	3.991970e-01
1797	1.053434e-01	7.744178e-01	2.686331e-02	3.357914e-02	1.759005e-01	1.674613e-01	2.373671e-01	6.510980e-01
19784	2.345617e-01	9.480447e-01	2.459419e-02	3.074274e-02	1.610424e-01	1.560190e-01	2.611551e-02	8.861802e-01
2414	8.860964e-01	2.227013e-01	6.643200e-02	8.304000e-02	4.349957e-01	1.628230e-01	1.588010e-01	5.201144e-01
20137	6.461971e-01	6.306384e-01	7.653272e-02	9.566590e-02	5.011351e-01	4.021929e-01	8.001843e-01	5.662798e-01
1934	2.719147e-01	7.554093e-01	7.862212e-02	9.827765e-02	5.148164e-01	3.542727e-01	4.350580e-01	5.612535e-03
21916	6.264451e-01	4.022170e-02	3.638666e-02	4.548333e-02	2.382593e-01	2.275370e-01	9.171136e-02	6.200165e-01
8502	9.056820e-01	3.657577e-01	2.704779e-02	3.380974e-02	1.771085e-01	1.379373e-01	4.831942e-02	6.205300e-01
15758	8.741720e-01	4.352618e-01	3.286042e-02	4.107552e-02	2.151695e-01	1.116612e-01	3.680803e-01	7.214644e-01
12640	6.352426e-01	2.943872e-01	2.239961e-02	2.799952e-02	1.466723e-01	4.771375e-02	1.963935e-01	1.266225e-01
18225	9.510428e-01	5.294757e-01	2.157213e-02	2.696516e-02	1.412540e-01	1.179499e-01	8.757460e-02	7.788928e-01
9975	3.533971e-01	4.392209e-02	2.276951e-02	2.846189e-02	1.490944e-01	7.889563e-02	6.718997e-01	4.604262e-01
3879	8.489189e-01	3.946169e-01	2.055696e-02	2.569621e-02	1.346067e-01	1.342683e-01	8.321483e-02	1.765126e-01
5593	5.209184e-01	5.277700e-01	5.265846e-02	6.582308e-02	3.448068e-01	3.036967e-01	3.035477e-02	8.488955e-01
17459	8.138637e-01	8.989085e-01	6.110888e-02	7.638610e-02	4.001400e-01	3.924343e-01	2.614573e-01	8.497476e-01
21147	4.324430e-01	2.611517e-01	5.792273e-02	7.240342e-02	3.792772e-01	1.728194e-01	6.401132e-01	7.836793e-01
23670	2.525378e-01	6.047259e-01	2.874799e-02	3.593499e-02	1.882414e-01	1.880094e-01	8.119462e-01	9.156481e-02
28138	4.899281e-01	9.013726e-01	5.230777e-02	6.538471e-02	3.425105e-01	2.241359e-01	1.352895e-01	6.407457e-01
19444	7.064889e-01	1.023768e-01	3.785984e-02	4.732481e-02	2.479057e-01	2.206856e-01	3.812471e-01	5.711826e-01
8346	1.069246e-01	3.169455e-01	2.488595e-02	3.110744e-02	1.629528e-01	1.619479e-01	2.186745e-01	6.413141e-01
13586	3.976210e-01	4.769528e-01	2.576161e-02	3.220201e-02	1.686866e-01	5.213376e-02	3.225808e-01	6.867257e-01
3797	7.543237e-01	6.252079e-01	2.113126e-02	2.641408e-02	1.383672e-01	5.660044e-02	3.354485e-01	4.677167e-01
15059	4.762056e-01	1.277089e-01	5.301161e-02	6.626451e-02	3.471192e-01	1.068068e-01	4.772321e-01	4.567738e-01
29026	8.176212e-01	1.383038e-01	3.611026e-02	4.513782e-02	2.364494e-01	2.295122e-01	6.546914e-01	6.204766e-01
20143	3.312774e-01	6.513860e-01	2.395335e-02	2.994168e-02	1.568461e-01	1.174215e-01	3.563578e-01	4.770141e-01
31536	5.559696e-01	9.700076e-01	2.221958e-02	2.777447e-02	1.454934e-01	1.443472e-01	1.678262e-01	8.049948e-01
23470	1.967199e-01	6.116345e-01	4.509571e-02	5.636964e-02	2.952860e-01	2.360655e-01	2.926085e-01	2.382749e-01
14917	8.385272e-01	9.603228e-01	2.906256e-02	3.632820e-02	1.903012e-01	1.148250e-01	5.718255e-01	3.244587e-01
3911	4.060397e-01	5.975957e-01	3.179883e-02	3.974854e-02	2.082182e-01	2.079826e-01	9.067616e-01	5.154082e-01
25456	2.223091e-01	8.465805e-01	5.230776e-02	6.538470e-02	3.425104e-01	3.384903e-01	4.083590e-01	9.080201e-01
8298	3.411298e-01	7.799191e-01	5.023935e-02	6.279919e-02	3.289665e-01	1.392718e-01	9.954346e-01	3.336416e-01
24056	4.130879e-01	8.209738e-01	3.794503e-02	4.743129e-02	2.484635e-01	1.128444e-01	1.454888e-01	7.723996e-01
22788	5.370699e-01	2.187511e-01	2.698773e-02	3.373466e-02	1.767152e-01	1.054429e-01	3.851494e-01	8.640010e-01
2140	8.223927e-01	3.353951e-01	7.482240e-02	9.352800e-02	4.899359e-01	3.555340e-01	9.274963e-01	3.165824e-01
5547	8.764596e-01	1.576416e-01	2.412071e-02	3.015089e-02	1.579420e-01	1.113694e-01	4.176732e-01	7.898803e-01
30988	9.192529e-01	1.267263e-01	4.996797e-02	6.245996e-02	3.271895e-01	1.846217e-01	9.366171e-01	3.233630e-01
2918	9.852017e-02	5.439754e-01	6.543099e-02	8.178874e-02	4.284411e-01	4.084798e-01	2.641690e-01	3.868586e-01
1704	1.419374e-01	4.981532e-01	2.393195e-02	2.991494e-02	1.567060e-01	1.197191e-01	7.753715e-01	6.738354e-01
11290	5.125503e-01	8.687031e-01	2.743591e-02	3.429489e-02	1.796499e-01	1.170433e-01	5.611106e-01	3.832452e-01
9589	8.808677e-01	5.272485e-01	2.558068e-02	3.197585e-02	1.675019e-01	1.673861e-01	3.544513e-01	4.300471e-01
14574	5.761294e-01	8.585200e-01	6.049597e-02	7.561996e-02	3.961266e-01	2.588395e-01	5.994568e-01	8.586121e-01
20439	7.983771e-01	5.287695e-01	4.213178e-02	5.266472e-02	2.758782e-01	2.612600e-01	7.663330e-01	1.574870e-02
5325	5.954441e-01	2.436882e-01	2.725033e-02	3.406291e-02	1.784347e-01	1.626906e-01	2.192766e-01	8.587808e-01
24894	5.922926e-02	4.689260e-02	2.162695e-02	2.703369e-02	1.416129e-01	1.403243e-01	4.963765e-01	3.807521e-01
6982	6.424917e-01	7.289283e-01	2.656718e-02	3.320897e-02	1.739615e-01	1.054614e-01	6.472819e-04	9.948021e-01
16845	4.844480e-01	4.492766e-01	5.218493e-02	6.523116e-02	3.417061e-01	9.436357e-02	9.985471e-01	3.236536e-01
5153	4.635031e-01	7.705929e-01	2.409630e-02	3.012037e-02	1.577822e-01	1.576932e-01	7.778006e-01	1.375126e-01
15870	3.949969e-01	7.243761e-01	2.091643e-02	2.614554e-02	1.369605e-01	1.310332e-01	4.820413e-03	1.886105e-01
1389	1.777079e-01	7.893099e-02	2.418778e-02	3.023473e-02	1.583812e-01	9.165725e-02	3.831429e-02	7.574127e-01
11038	9.464965e-01	8.619384e-01	2.858051e-02	3.572564e-02	1.871447e-01	9.271742e-02	1.144928e-01	6.775589e-01
23317	2.542978e-01	3.598993e-01	2.455916e-02	3.069895e-02	1.608130e-01	1.101920e-01	9.205341e-01	1.719308e-01
9081	5.810503e-01	6.903828e-01	5.797003e-02	7.246254e-02	3.795869e-01	2.095780e-01	4.997509e-01	8.924796e-01
3467	5.910832e-01	5.740529e-01	2.551927e-02	3.189909e-02	1.670998e-01	1.433104e-01	7.519081e-01	7.453871e-01
