3998	8.753445e-01	9.691705e-01	2.911529e-02	3.639412e-02	1.906465e-01	9.122285e-02	7.552335e-01	3.325899e-01
20735	2.836352e-01	9.445815e-01	2.884835e-02	3.606043e-02	1.888985e-01	1.888171e-01	5.523287e-01	9.483409e-01
657	1.840819e-01	2.984673e-01	6.204330e-02	7.755413e-02	4.062586e-01	2.433511e-01	6.396647e-02	7.331405e-01
1996	8.086274e-02	1.356436e-01	3.451368e-02	4.314210e-02	2.259950e-01	9.662613e-02	6.755122e-01	9.449787e-01
25885	9.171495e-02	8.765157e-01	2.385433e-02	2.981791e-02	1.561978e-01	1.285588e-01	8.930017e-01	5.231056e-01
10182	6.590076e-01	6.541979e-01	3.218348e-02	4.022934e-02	2.107369e-01	1.390098e-01	7.963917e-01	3.491529e-01
21127	7.280049e-01	1.731063e-01	5.182888e-02	6.478611e-02	3.393747e-01	2.204091e-01	5.198469e-01	4.521767e-02
21553	6.970766e-01	4.400191e-01	2.543597e-02	3.179497e-02	1.665544e-01	5.581591e-02	5.371605e-01	3.092820e-01
25781	4.465516e-01	8.462681e-01	4.767541e-02	5.959426e-02	3.121778e-01	1.262659e-01	1.743711e-01	1.498157e-01
5521	4.599879e-01	4.840473e-01	2.930317e-02	3.662896e-02	1.918767e-01	9.072023e-02	9.089982e-01	4.145724e-01
17320	4.658641e-01	7.890486e-01	2.173270e-02	2.716587e-02	1.423054e-01	7.018184e-02	2.376089e-01	4.027477e-01
4085	3.174848e-01	9.965873e-02	2.354148e-02	2.942685e-02	1.541492e-01	1.190534e-01	9.255446e-01	8.350089e-01
12162	3.432835e-01	6.022976e-01	5.396063e-02	6.745078e-02	3.533333e-01	2.283881e-01	4.973735e-01	3.544286e-01
5962	6.064754e-01	3.777931e-01	3.926897e-02	4.908621e-02	2.571326e-01	2.006419e-01	6.369378e-02	8.651005e-01
31454	8.176281e-01	1.133400e-01	2.398558e-02	2.998197e-02	1.570572e-01	1.555502e-01	2.676194e-02	4.674352e-01
9017	3.715650e-02	1.032583e-01	3.709176e-02	4.636470e-02	2.428763e-01	2.273781e-01	1.252618e-01	8.987118e-01
27864	5.749999e-01	6.164342e-01	2.136040e-02	2.670050e-02	1.398676e-01	1.191889e-01	6.644789e-01	2.047553e-01
27683	6.948895e-02	3.989684e-01	4.662642e-02	5.828302e-02	3.053091e-01	2.068154e-01	2.044620e-01	1.774283e-02
32330	6.565849e-01	1.866411e-01	4.427599e-02	5.534499e-02	2.899185e-01	1.370953e-01	6.191821e-01	2.797769e-02
11790	2.582712e-01	6.741005e-01	3.179304e-02	3.974130e-02	2.081803e-01	1.826757e-01	3.953736e-01	5.232171e-01
3084	8.066611e-02	8.242903e-01	3.794428e-02	4.743035e-02	2.484586e-01	2.344500e-01	2.643728e-01	4.467736e-01
9213	8.376386e-01	5.565180e-02	3.657358e-02	4.571698e-02	2.394833e-01	1.615904e-01	6.054360e-01	3.764128e-01
20025	6.190821e-01	8.863939e-01	3.466345e-02	4.332932e-02	2.269758e-01	1.758962e-01	9.877276e-01	5.560450e-01
18707	8.260282e-01	4.295959e-01	3.431613e-02	4.289516e-02	2.247015e-01	2.231109e-01	1.926175e-01	6.286840e-01
22642	1.088433e-01	7.743247e-01	2.537077e-02	3.171346e-02	1.661274e-01	6.936170e-02	7.971743e-01	4.523873e-01
6171	6.930650e-01	7.634967e-01	6.354944e-02	7.943680e-02	4.161207e-01	3.461340e-01	5.927855e-01	1.594541e-01
23200	6.391659e-02	8.967874e-01	2.247115e-02	2.808894e-02	1.471407e-01	5.359944e-02	6.978832e-01	3.274297e-01
7790	6.591146e-01	9.609694e-01	3.448671e-02	4.310838e-02	2.258184e-01	1.040177e-01	1.166443e-01	5.431628e-01
3130	3.547840e-01	8.066634e-01	3.198882e-02	3.998603e-02	2.094623e-01	1.959663e-01	7.126330e-01	9.157757e-01
9699	7.172145e-01	6.545038e-01	5.594570e-02	6.993213e-02	3.663316e-01	1.137419e-01	3.216948e-01	2.774768e-01
1579	1.185821e-01	8.403561e-01	5.176004e-02	6.470005e-02	3.389239e-01	1.625574e-01	4.746348e-01	4.965275e-01
17117	1.092152e-01	4.799506e-01	2.408967e-02	3.011208e-02	1.577388e-01	1.460978e-01	9.459551e-01	1.122771e-01
13587	3.594126e-01	7.312893e-01	2.591333e-02	3.239166e-02	1.696801e-01	8.254675e-02	1.798380e-02	3.140275e-01
22182	4.028637e-01	4.976301e-01	2.225630e-02	2.782038e-02	1.457339e-01	9.979736e-02	7.104516e-01	2.986488e-01
5101	6.742649e-01	9.290953e-01	3.173372e-02	3.966715e-02	2.077919e-01	1.539582e-01	6.059009e-01	8.976401e-01
18482	4.331789e-01	8.933932e-01	2.801649e-02	3.502062e-02	1.834516e-01	1.773501e-01	3.954303e-01	1.852611e-02
30132	5.443530e-01	3.100431e-01	2.449431e-02	3.061789e-02	1.603884e-01	1.346261e-01	1.327285e-01	9.930707e-02
18745	1.353087e-01	1.217938e-01	3.012870e-02	3.766087e-02	1.972823e-01	7.146221e-02	3.707404e-01	2.743573e-01
28302	4.204027e-01	9.970091e-02	3.615532e-02	4.519415e-02	2.367445e-01	2.135277e-01	8.428366e-01	2.514855e-01
27435	9.563094e-02	7.054298e-01	5.462128e-02	6.827660e-02	3.576593e-01	3.576317e-01	3.835003e-01	1.265217e-01
26784	6.225281e-01	9.450932e-01	2.400520e-02	3.000649e-02	1.571856e-01	1.038691e-01	2.156067e-01	9.553369e-01
2086	3.667160e-01	4.123276e-01	3.111121e-02	3.888901e-02	2.037157e-01	1.102841e-01	6.892496e-01	8.841938e-01
9001	3.768640e-01	8.546365e-01	4.025708e-02	5.032135e-02	2.636027e-01	2.544152e-01	8.621866e-01	6.370822e-01
1945	3.779457e-01	3.032746e-01	2.087802e-02	2.609752e-02	1.367089e-01	8.809055e-02	8.681616e-01	9.141195e-02
7401	9.033959e-01	8.452482e-01	4.054693e-02	5.068366e-02	2.655006e-01	1.767689e-01	7.052928e-01	7.359223e-01
13495	9.466895e-01	8.023271e-02	3.307379e-02	4.134224e-02	2.165667e-01	1.631325e-01	2.346168e-01	3.692347e-01
27958	4.353461e-02	7.316645e-01	4.115513e-02	5.144392e-02	2.694832e-01	2.442538e-01	5.517821e-01	9.782849e-01
14513	7.969116e-01	7.787303e-01	7.145669e-02	8.932087e-02	4.678973e-01	1.621890e-01	7.432974e-01	3.836714e-01
11683	9.287731e-01	1.819104e-01	2.263457e-02	2.829321e-02	1.482108e-01	1.298575e-01	2.808142e-01	5.560704e-01
14731	2.022560e-01	9.484965e-01	2.457668e-02	3.072085e-02	1.609277e-01	1.574416e-01	4.039611e-01	5.764409e-01
24298	3.049942e-01	2.412072e-01	3.252789e-02	4.065986e-02	2.129921e-01	6.603576e-02	1.467053e-01	4.499918e-01
26759	2.421301e-01	3.257184e-01	4.617544e-02	5.771930e-02	3.023561e-01	2.660674e-01	7.446916e-01	8.752954e-01
15614	9.254068e-01	4.097305e-01	2.417839e-02	3.022299e-02	1.583197e-01	4.101451e-02	4.337758e-01	8.431706e-01
20538	9.219671e-01	6.177860e-01	2.428688e-02	3.035860e-02	1.590301e-01	9.124060e-02	8.372480e-01	5.386573e-02
8826	6.840833e-01	8.872392e-01	3.157346e-02	3.946683e-02	2.067426e-01	1.198637e-01	6.618465e-01	5.809778e-01
20528	6.061745e-01	3.177114e-01	2.548460e-02	3.185574e-02	1.668727e-01	1.408638e-01	5.745476e-01	1.038244e-01
17533	6.054324e-01	6.147078e-01	3.692259e-02	4.615324e-02	2.417686e-01	1.245331e-01	5.535048e-01	5.848845e-01
22889	8.920546e-01	6.469465e-01	2.461229e-02	3.076536e-02	1.611609e-01	1.254875e-01	6.397302e-01	3.705419e-01
28803	9.230036e-01	6.980546e-01	3.233258e-02	4.041572e-02	2.117132e-01	1.914080e-01	1.834050e-01	2.163370e-01
17506	6.228806e-01	4.963538e-01	4.818281e-02	6.022851e-02	3.155003e-01	2.935542e-01	3.974753e-01	8.996319e-01
9155	9.615852e-01	5.733143e-01	2.503477e-02	3.129347e-02	1.639273e-01	1.208629e-01	1.552987e-01	1.675277e-01
15012	6.024455e-01	8.069518e-01	4.640806e-02	5.801007e-02	3.038792e-01	2.085873e-01	7.817080e-01	2.042657e-01
14671	4.827046e-01	9.140285e-01	6.109504e-02	7.636880e-02	4.000494e-01	1.067116e-01	6.469752e-01	1.813590e-01
5244	5.223466e-01	3.399968e-01	2.859291e-02	3.574114e-02	1.872259e-01	1.455329e-01	7.155038e-01	6.175425e-01
10995	5.639539e-01	9.201695e-01	5.974030e-02	7.467538e-02	3.911786e-01	1.710086e-01	8.357577e-01	2.745747e-01
31083	1.796121e-01	7.372533e-01	2.242559e-02	2.803199e-02	1.468424e-01	5.615125e-02	3.597863e-01	7.910104e-01
28244	8.167854e-01	9.269504e-01	2.406262e-02	3.007827e-02	1.575616e-01	1.536517e-01	3.139109e-01	8.740291e-01
21142	5.005952e-01	1.682847e-01	6.912600e-02	8.640750e-02	4.526360e-01	3.235440e-01	3.429253e-01	7.922621e-01
30337	1.818932e-01	6.295811e-01	2.093268e-02	2.616585e-02	1.370669e-01	1.210076e-01	2.060981e-01	5.791604e-02
17484	7.434745e-01	4.195628e-01	3.284962e-02	4.106203e-02	2.150988e-01	1.928372e-01	4.652530e-01	9.896864e-01
22923	8.835371e-01	4.837095e-01	4.379362e-02	5.474202e-02	2.867599e-01	9.779804e-02	1.312909e-01	9.759388e-01
19619	2.403518e-01	9.327270e-01	3.436939e-02	4.296173e-02	2.250502e-01	1.741451e-01	5.903010e-01	3.152125e-01
4236	7.750650e-01	1.833169e-01	4.628948e-02	5.786185e-02	3.031028e-01	2.355635e-01	6.734625e-01	8.368522e-01
15251	9.407288e-02	2.132165e-01	7.701129e-02	9.626412e-02	5.042688e-01	4.816449e-01	4.815372e-01	6.298761e-01
