7171	5.077744e-01	7.240743e-01	3.636766e-02	4.545958e-02	2.381349e-01	1.807219e-01	5.036732e-01	7.783288e-02
20984	9.195304e-01	7.477777e-01	4.175698e-02	5.219623e-02	2.734241e-01	1.061334e-01	2.949005e-01	5.167780e-01
27407	9.136802e-01	5.583075e-01	2.970273e-02	3.712841e-02	1.944930e-01	1.046596e-01	5.988380e-01	4.947595e-01
2975	3.416640e-01	1.694321e-01	3.845430e-02	4.806788e-02	2.517982e-01	2.514201e-01	8.477557e-01	3.839476e-01
7487	3.044709e-01	9.173018e-01	5.960193e-02	7.450241e-02	3.902725e-01	2.662529e-01	7.757740e-02	2.444528e-01
3147	4.926633e-01	2.626360e-01	6.154067e-02	7.692584e-02	4.029674e-01	2.321753e-01	1.706822e-01	9.326074e-01
18524	2.539325e-01	3.658133e-01	2.882917e-02	3.603647e-02	1.887730e-01	1.847707e-01	5.177428e-01	3.391482e-01
26297	1.730089e-01	4.182390e-01	2.199411e-02	2.749264e-02	1.440171e-01	1.384933e-01	9.652767e-01	4.300618e-01
29942	4.069139e-01	8.907970e-01	2.109427e-02	2.636784e-02	1.381250e-01	8.576606e-02	4.455206e-01	4.582285e-01
14833	6.258744e-01	5.037807e-01	3.732453e-02	4.665566e-02	2.444004e-01	1.107647e-01	8.203245e-01	8.375216e-04
23869	6.888378e-02	7.669251e-02	3.241787e-02	4.052234e-02	2.122717e-01	2.009720e-01	5.066033e-01	6.329406e-01
4284	9.376384e-02	5.821918e-01	4.143222e-02	5.179028e-02	2.712975e-01	1.508973e-01	3.979073e-01	8.097689e-01
5962	2.365627e-01	1.813109e-01	2.328447e-02	2.910558e-02	1.524663e-01	1.460166e-01	1.432746e-01	8.854360e-01
2188	8.779352e-01	8.198467e-01	2.458318e-02	3.072897e-02	1.609702e-01	1.571258e-01	3.789423e-01	8.299785e-01
14157	7.113011e-01	6.912766e-01	3.048347e-02	3.810434e-02	1.996053e-01	1.788232e-01	6.587605e-01	6.447604e-01
17956	6.074454e-01	9.488344e-01	4.750994e-02	5.938742e-02	3.110943e-01	1.401802e-01	4.404408e-01	6.671539e-01
292	3.838239e-01	6.738143e-01	2.599330e-02	3.249162e-02	1.702037e-01	8.973691e-02	6.418272e-01	3.331404e-01
10849	1.548184e-01	5.820079e-01	4.069420e-02	5.086775e-02	2.664650e-01	1.218353e-01	1.687935e-01	1.357348e-01
18878	8.842512e-01	7.989640e-02	5.125087e-02	6.406359e-02	3.355899e-01	2.127454e-01	4.157871e-01	8.885894e-01
22900	5.853186e-01	6.390826e-01	3.957636e-02	4.947044e-02	2.591454e-01	2.566201e-01	2.190725e-03	1.917861e-01
12730	8.539833e-01	8.717111e-01	2.120200e-02	2.650250e-02	1.388304e-01	1.206998e-01	6.759227e-01	6.094618e-01
13917	8.507579e-01	8.096809e-01	2.787819e-02	3.484774e-02	1.825459e-01	7.509807e-02	4.352039e-01	5.348639e-01
16394	5.076744e-01	1.832123e-01	2.552288e-02	3.190360e-02	1.671234e-01	9.058752e-02	2.256541e-01	1.733743e-01
12098	6.999759e-01	5.663716e-01	5.791892e-02	7.239865e-02	3.792522e-01	3.129950e-01	1.652878e-01	2.293120e-02
17922	3.006882e-01	1.987555e-01	4.147801e-02	5.184752e-02	2.715974e-01	2.438601e-01	9.861074e-01	4.190033e-01
31891	1.042983e-01	1.256170e-01	2.362517e-02	2.953147e-02	1.546973e-01	1.454820e-01	8.007164e-03	2.279649e-01
16911	3.798836e-01	3.130540e-01	3.048730e-02	3.810912e-02	1.996303e-01	1.840871e-01	2.999445e-01	5.661970e-01
12272	6.953044e-01	9.322757e-01	2.506843e-02	3.133553e-02	1.641477e-01	1.619884e-01	7.911389e-01	6.613706e-01
1992	6.030465e-01	1.294506e-01	4.707466e-02	5.884332e-02	3.082441e-01	1.424375e-01	9.701854e-01	7.288154e-01
331	9.460475e-01	6.060359e-01	2.204962e-02	2.756203e-02	1.443806e-01	1.415878e-01	1.201590e-01	6.722579e-01
912	8.286214e-01	4.848825e-01	3.184206e-02	3.980257e-02	2.085013e-01	1.799967e-01	9.124622e-01	2.718195e-01
15155	9.409984e-02	2.333585e-01	2.919696e-02	3.649620e-02	1.911812e-01	6.428561e-02	6.752097e-01	5.723901e-01
14529	8.379774e-01	9.056338e-01	3.653998e-02	4.567497e-02	2.392632e-01	9.006818e-02	9.995168e-01	2.481462e-01
11799	7.400656e-01	2.320537e-01	2.264756e-02	2.830946e-02	1.482959e-01	1.057705e-01	7.041363e-01	1.462886e-01
20816	7.927666e-01	8.876206e-01	3.444920e-02	4.306151e-02	2.255729e-01	2.062184e-01	4.216350e-01	8.313006e-01
18319	2.819609e-01	4.066355e-01	3.329457e-02	4.161821e-02	2.180123e-01	1.674763e-01	8.660615e-01	6.611991e-01
21928	6.945103e-01	8.575601e-02	3.608040e-02	4.510051e-02	2.362539e-01	2.320725e-01	8.178736e-01	6.531105e-01
4107	1.399770e-01	3.361466e-01	3.433581e-02	4.291976e-02	2.248303e-01	2.221356e-01	3.493714e-01	5.994920e-01
10736	8.150411e-01	5.701150e-01	2.974841e-02	3.718551e-02	1.947921e-01	1.910736e-01	6.404279e-01	1.598318e-01
23493	4.402717e-01	4.002231e-01	2.460601e-02	3.075751e-02	1.611198e-01	1.387351e-01	5.901051e-01	5.039992e-02
29223	4.325176e-01	7.316020e-01	2.583923e-02	3.229904e-02	1.691949e-01	1.404665e-01	8.001764e-01	6.961864e-01
16286	9.430151e-01	9.702497e-01	2.341188e-02	2.926485e-02	1.533006e-01	1.382661e-01	4.601963e-01	2.531935e-01
30472	3.085414e-01	7.117410e-01	7.555578e-02	9.444472e-02	4.947380e-01	3.043307e-01	8.267935e-01	9.098092e-01
32491	3.179135e-02	7.639135e-01	2.929604e-02	3.662005e-02	1.918300e-01	7.387464e-02	7.298968e-01	6.720404e-01
26524	3.550260e-01	4.205783e-01	7.540811e-02	9.426013e-02	4.937711e-01	1.688795e-01	7.606743e-01	5.653644e-01
556	4.060894e-01	1.843604e-01	2.725067e-02	3.406334e-02	1.784370e-01	8.833009e-02	7.507838e-02	7.265000e-01
26339	7.636753e-01	8.199346e-01	3.643034e-02	4.553793e-02	2.385453e-01	1.370587e-01	9.191767e-01	2.508209e-01
18608	7.680580e-01	3.888429e-01	5.661305e-02	7.076631e-02	3.707013e-01	1.544345e-01	9.378542e-02	7.412302e-01
12395	7.304833e-01	7.392216e-01	2.099558e-02	2.624447e-02	1.374787e-01	1.091552e-01	8.481346e-01	5.967321e-01
4662	1.921870e-01	3.759568e-02	3.248763e-02	4.060954e-02	2.127285e-01	2.001734e-01	8.761708e-01	8.593648e-01
32443	7.973096e-02	4.365048e-01	3.604186e-02	4.505232e-02	2.360015e-01	2.334684e-01	6.313292e-01	7.855776e-01
25936	6.593222e-01	3.625420e-01	5.478822e-02	6.848527e-02	3.587524e-01	3.416499e-01	6.129586e-01	7.368025e-01
8886	7.296778e-01	8.740715e-01	2.917787e-02	3.647234e-02	1.910562e-01	9.409358e-02	6.061522e-01	9.320099e-01
1084	1.099040e-01	7.063846e-01	3.029497e-02	3.786871e-02	1.983710e-01	1.232580e-01	9.762572e-01	2.626744e-01
16353	3.894807e-02	5.487620e-01	2.654344e-02	3.317929e-02	1.738060e-01	1.438239e-01	3.675963e-01	1.221683e-01
6226	9.410310e-01	4.888661e-01	3.516143e-02	4.395178e-02	2.302365e-01	1.077015e-01	9.243119e-01	7.273312e-01
974	5.034086e-01	1.203231e-01	2.110439e-02	2.638049e-02	1.381912e-01	5.261405e-02	4.932828e-01	2.972274e-01
7389	6.523974e-01	5.926771e-01	2.854940e-02	3.568675e-02	1.869410e-01	1.440060e-01	9.971330e-01	6.884204e-01
8405	3.081268e-02	3.538008e-01	3.051965e-02	3.814956e-02	1.998422e-01	7.584518e-02	2.822571e-01	9.624676e-01
25953	9.180813e-01	2.663460e-01	2.230527e-02	2.788158e-02	1.460545e-01	9.775397e-02	5.354046e-01	2.712642e-01
19549	5.511796e-01	8.880403e-02	4.340450e-02	5.425562e-02	2.842120e-01	2.508811e-01	9.089827e-01	9.229862e-01
30827	3.626377e-01	9.409720e-01	3.771283e-02	4.714104e-02	2.469430e-01	2.096600e-01	1.136927e-02	6.358433e-01
22960	3.012931e-01	7.309763e-02	3.466250e-02	4.332813e-02	2.269695e-01	2.068885e-01	6.068565e-01	9.380117e-01
6076	6.617569e-01	6.831853e-01	3.473794e-02	4.342243e-02	2.274635e-01	1.928952e-01	4.082404e-01	8.341258e-01
20264	5.642275e-01	3.787279e-01	2.305037e-02	2.881296e-02	1.509335e-01	1.509262e-01	6.796091e-01	2.710838e-03
23624	9.303285e-01	8.881057e-01	2.133765e-02	2.667206e-02	1.397186e-01	6.906334e-02	7.577832e-01	6.985934e-01
25136	5.800140e-01	4.940945e-01	3.772756e-02	4.715945e-02	2.470395e-01	2.137658e-01	8.736139e-01	3.524636e-01
17571	2.883736e-01	7.813648e-01	2.804424e-02	3.505530e-02	1.836332e-01	1.832719e-01	3.864319e-01	7.869220e-01
9552	8.489426e-02	2.797167e-01	3.524458e-02	4.405572e-02	2.307809e-01	2.213111e-01	8.713256e-01	1.230859e-01
23977	6.628900e-01	2.313187e-01	3.444564e-02	4.305705e-02	2.255495e-01	1.366347e-01	5.842389e-01	7.247343e-02
7611	3.816219e-01	1.057233e-01	5.939198e-02	7.423997e-02	3.888977e-01	1.018130e-01	6.688985e-02	1.891440e-01
22645	8.586395e-02	8.609682e-01	4.950324e-02	6.187905e-02	3.241465e-01	3.145515e-01	9.704314e-01	3.970579e-01
13551	7.154126e-01	4.299646e-01	4.981441e-02	6.226801e-02	3.261840e-01	2.951104e-01	8.052240e-01	7.426540e-01
18266	5.680208e-01	8.539365e-01	2.357273e-02	2.946591e-02	1.543539e-01	8.840348e-02	6.477495e-01	6.026214e-01
16722	5.412306e-01	5.702029e-01	3.561851e-02	4.452314e-02	2.332294e-01	2.330473e-01	6.690403e-01	3.103973e-01
8537	2.984243e-01	4.537956e-01	4.936097e-02	6.170121e-02	3.232149e-01	2.574009e-01	2.952982e-01	1.336406e-01
