4507	9.577563e-01	9.481540e-01	2.267740e-02	2.834675e-02	1.484913e-01	1.448331e-01	9.947123e-01	6.841821e-01
13997	7.532017e-01	7.285295e-01	2.298136e-02	2.872670e-02	1.504816e-01	1.485974e-01	9.496332e-01	8.267883e-02
21125	1.455595e-01	2.742964e-01	4.026590e-02	5.033237e-02	2.636605e-01	2.198252e-01	6.355961e-02	8.322828e-01
881	3.137085e-01	6.198135e-01	2.772920e-02	3.466150e-02	1.815704e-01	1.716895e-01	4.680779e-02	7.716383e-02
23722	6.754167e-01	1.466920e-01	3.091753e-02	3.864691e-02	2.024475e-01	9.893860e-02	4.844385e-01	3.251410e-01
6840	4.049964e-01	3.479482e-01	2.512083e-02	3.140103e-02	1.644908e-01	5.464794e-02	5.847571e-01	2.694967e-01
8694	6.297113e-01	7.543306e-01	5.878726e-02	7.348407e-02	3.849380e-01	3.528699e-01	7.728810e-02	1.130593e-01
25178	9.516596e-01	2.080029e-01	4.429291e-02	5.536614e-02	2.900293e-01	2.221893e-01	9.758017e-01	4.355328e-01
11713	5.305944e-01	5.983597e-01	2.615120e-02	3.268901e-02	1.712377e-01	1.697487e-01	7.709161e-01	8.258027e-01
1577	1.500211e-01	5.899092e-01	3.474688e-02	4.343360e-02	2.275220e-01	1.952296e-01	3.968500e-01	6.540217e-01
15720	8.014558e-01	7.533706e-01	2.654946e-02	3.318683e-02	1.738455e-01	1.134726e-01	6.818511e-01	2.480775e-01
14598	6.706168e-01	8.721722e-01	5.834255e-02	7.292819e-02	3.820261e-01	3.642755e-01	7.279504e-01	2.889076e-01
24062	5.528902e-01	7.298924e-01	6.816587e-02	8.520734e-02	4.463491e-01	1.502196e-01	6.101938e-01	3.771049e-01
17629	6.190563e-01	4.222827e-01	7.023473e-02	8.779341e-02	4.598959e-01	1.909071e-01	8.606947e-01	8.550238e-01
29018	1.091781e-01	7.175271e-01	4.094315e-02	5.117894e-02	2.680951e-01	1.446679e-01	7.009261e-01	7.666868e-01
28013	1.404646e-01	6.963257e-01	2.193745e-02	2.742181e-02	1.436461e-01	7.124658e-02	2.519458e-01	8.337950e-01
18363	3.115166e-01	1.953638e-01	2.907217e-02	3.634021e-02	1.903641e-01	1.015941e-01	5.436233e-01	8.093667e-01
17824	6.507969e-01	3.165466e-01	2.799533e-02	3.499417e-02	1.833130e-01	1.832462e-01	3.869666e-01	9.303759e-01
14485	7.569626e-01	8.980791e-01	3.990867e-02	4.988583e-02	2.613213e-01	1.270160e-01	6.384558e-01	7.596516e-01
6523	8.727865e-02	3.317990e-01	2.739591e-02	3.424489e-02	1.793880e-01	1.271975e-01	2.484530e-01	8.473272e-01
14949	7.733458e-01	4.088993e-01	2.785434e-02	3.481793e-02	1.823898e-01	1.692989e-01	6.655105e-01	2.011813e-01
7293	8.150336e-02	6.474668e-01	2.707496e-02	3.384371e-02	1.772864e-01	1.766992e-01	1.454826e-01	5.014076e-01
27144	3.430958e-01	7.818006e-02	5.507046e-02	6.883807e-02	3.606005e-01	2.720789e-01	1.487479e-01	8.387928e-01
6816	5.915682e-01	8.221619e-01	5.306651e-02	6.633314e-02	3.474787e-01	3.451782e-01	2.060781e-01	2.779126e-02
23784	1.963189e-01	9.306311e-01	3.920553e-02	4.900692e-02	2.567172e-01	2.459020e-01	1.075887e-01	5.740146e-01
10476	1.874341e-01	7.325496e-01	4.150250e-02	5.187812e-02	2.717577e-01	2.403069e-01	3.881815e-01	8.294786e-02
14782	3.138428e-01	3.070154e-01	4.088551e-02	5.110689e-02	2.677177e-01	1.718059e-01	4.959773e-01	6.505472e-02
26476	8.456858e-01	2.232243e-01	5.801536e-02	7.251920e-02	3.798837e-01	3.688650e-01	1.309425e-02	6.118809e-01
12594	1.168036e-01	8.066455e-01	2.206111e-02	2.757639e-02	1.444558e-01	5.740049e-02	3.676708e-01	5.408932e-01
23142	2.943302e-01	4.787772e-01	2.175775e-02	2.719718e-02	1.424694e-01	1.423445e-01	9.247988e-01	3.467666e-01
364	7.877334e-01	6.341224e-01	5.288298e-02	6.610372e-02	3.462769e-01	1.043551e-01	4.059604e-01	7.778015e-01
11578	1.816861e-01	3.310873e-01	2.349766e-02	2.937207e-02	1.538623e-01	1.072943e-01	3.122165e-01	4.733638e-01
22215	6.304188e-01	8.798209e-02	5.060096e-02	6.325119e-02	3.313343e-01	3.197787e-01	4.220052e-01	7.953753e-01
13037	6.029059e-01	1.300523e-01	4.202447e-02	5.253058e-02	2.751755e-01	1.462351e-01	3.601196e-01	7.871270e-01
17509	4.516766e-01	1.677213e-01	5.322441e-02	6.653051e-02	3.485126e-01	3.211985e-01	7.915595e-01	2.507693e-01
25349	8.446939e-01	7.452808e-01	2.186199e-02	2.732748e-02	1.431519e-01	1.320636e-01	8.010795e-01	3.570353e-01
6434	3.532747e-01	3.115277e-01	3.289800e-02	4.112250e-02	2.154156e-01	1.162874e-01	3.755346e-01	8.155388e-01
24045	1.773883e-01	1.171889e-01	3.716818e-02	4.646022e-02	2.433767e-01	2.321999e-01	2.967416e-01	4.088997e-01
25007	6.796863e-01	3.639693e-01	3.078940e-02	3.848675e-02	2.016085e-01	5.872574e-02	8.512426e-01	9.590222e-01
22328	4.608439e-01	8.499784e-01	2.111272e-02	2.639089e-02	1.382457e-01	1.382409e-01	8.184459e-01	9.441991e-01
25233	9.096940e-01	4.620820e-01	3.118412e-02	3.898016e-02	2.041932e-01	1.816341e-01	4.268581e-01	9.697717e-01
10813	9.654262e-01	7.066553e-02	2.869712e-02	3.587140e-02	1.879083e-01	1.611413e-01	2.076272e-01	1.440302e-01
13890	8.698147e-01	3.306788e-01	3.214607e-02	4.018259e-02	2.104920e-01	2.102908e-01	3.631630e-01	6.791525e-01
28757	4.073762e-01	5.808864e-01	2.661539e-02	3.326924e-02	1.742772e-01	8.198902e-02	1.611551e-01	4.107968e-01
12588	9.387292e-01	5.004430e-01	3.507732e-02	4.384665e-02	2.296858e-01	1.873394e-01	2.143507e-01	9.346483e-01
19204	4.991965e-01	7.198875e-01	2.718979e-02	3.398724e-02	1.780383e-01	6.341174e-02	9.630738e-01	3.085106e-01
3150	5.956214e-01	4.880741e-01	2.851431e-02	3.564289e-02	1.867113e-01	6.423309e-02	5.357783e-01	5.563436e-01
17997	4.389478e-01	8.800308e-01	2.661582e-02	3.326977e-02	1.742800e-01	1.653937e-01	3.837301e-01	9.025374e-01
20514	3.012755e-01	7.782428e-01	2.600552e-02	3.250691e-02	1.702838e-01	9.734046e-02	5.349157e-01	1.270889e-01
12434	6.408061e-01	6.897693e-01	3.269470e-02	4.086837e-02	2.140844e-01	1.983750e-01	8.813320e-01	5.817219e-01
16143	8.123631e-01	8.648061e-01	4.979136e-02	6.223920e-02	3.260331e-01	1.997460e-01	9.790975e-01	7.130866e-01
5322	2.354822e-01	3.687326e-01	5.460075e-02	6.825094e-02	3.575249e-01	3.527431e-01	3.510046e-01	3.496964e-01
18688	1.604716e-01	2.034739e-01	3.504393e-02	4.380491e-02	2.294671e-01	1.999717e-01	7.501609e-01	1.845043e-01
3418	3.608516e-01	8.130322e-01	3.964366e-02	4.955458e-02	2.595861e-01	2.545750e-01	4.059396e-01	1.733986e-01
27871	7.105271e-01	3.665279e-01	2.321422e-02	2.901778e-02	1.520064e-01	1.339721e-01	3.766366e-01	7.296508e-01
16691	8.612167e-02	1.696327e-01	2.923264e-02	3.654080e-02	1.914149e-01	1.851184e-01	7.703790e-01	5.596842e-01
31455	3.533020e-01	5.115820e-01	6.480420e-02	8.100525e-02	4.243369e-01	3.760778e-01	4.408092e-01	4.172905e-01
28498	7.387655e-01	6.421431e-01	5.576371e-02	6.970463e-02	3.651399e-01	1.478168e-01	1.842993e-01	8.964391e-01
22012	6.815100e-01	4.710165e-01	2.664649e-02	3.330811e-02	1.744808e-01	9.462524e-02	6.231119e-01	1.781385e-01
9390	3.537808e-01	6.645547e-01	3.744552e-02	4.680690e-02	2.451927e-01	2.446509e-01	1.492218e-01	2.996496e-01
6425	8.937221e-01	9.397567e-01	2.703080e-02	3.378850e-02	1.769973e-01	1.458783e-01	8.389175e-01	3.098186e-01
23990	9.436242e-01	4.166412e-01	3.300457e-02	4.125571e-02	2.161134e-01	1.283280e-01	6.461080e-01	9.194510e-01
13098	4.518560e-01	6.932201e-01	2.737238e-02	3.421548e-02	1.792339e-01	1.391159e-01	7.141291e-01	7.176226e-01
15674	4.451032e-01	6.510595e-01	3.269329e-02	4.086661e-02	2.140751e-01	1.686844e-01	9.249748e-01	4.924566e-01
24613	3.943132e-01	2.962181e-01	3.404856e-02	4.256070e-02	2.229495e-01	2.188326e-01	3.118424e-03	3.853474e-01
32453	6.117777e-01	2.667838e-01	6.581371e-02	8.226714e-02	4.309472e-01	3.133825e-01	1.704758e-01	8.306533e-02
24045	4.119688e-01	4.235931e-02	2.441802e-02	3.052252e-02	1.598888e-01	6.082986e-02	3.004561e-01	5.923925e-01
25855	5.699126e-01	9.169124e-01	3.082713e-02	3.853392e-02	2.018556e-01	2.004053e-01	2.075449e-01	7.271321e-01
11951	1.690218e-01	3.141827e-02	2.212090e-02	2.765112e-02	1.448473e-01	5.762558e-02	9.210626e-01	6.443224e-01
21306	5.044962e-01	9.602988e-01	2.192587e-02	2.740733e-02	1.435702e-01	1.142205e-01	7.862632e-01	3.376093e-01
19677	1.370291e-01	1.565135e-01	4.636535e-02	5.795669e-02	3.035996e-01	2.787191e-01	1.771653e-01	6.054282e-01
11295	7.153010e-02	7.803642e-02	3.067673e-02	3.834592e-02	2.008708e-01	1.525996e-01	6.479639e-01	3.619486e-01
11849	8.298231e-01	6.680164e-01	3.069601e-02	3.837001e-02	2.009970e-01	2.000230e-01	2.056472e-01	5.651953e-01
19629	2.296789e-01	8.774511e-01	2.603543e-02	3.254429e-02	1.704796e-01	9.409573e-02	9.927667e-01	5.392177e-01
7848	3.722242e-01	3.953064e-01	2.253344e-02	2.816680e-02	1.475486e-01	1.385050e-01	7.217131e-02	5.378361e-01
24614	4.956367e-01	5.394395e-02	3.535923e-02	4.419904e-02	2.315317e-01	8.498227e-02	4.724407e-01	9.932952e-01
15090	8.247596e-01	2.808630e-01	2.299172e-02	2.873965e-02	1.505494e-01	4.011171e-02	1.785091e-02	7.489575e-01
14166	4.623227e-01	2.738702e-01	2.131988e-02	2.664985e-02	1.396022e-01	4.408356e-02	6.509968e-01	3.132545e-02
11353	8.845730e-01	6.196274e-01	3.088558e-02	3.860698e-02	2.022383e-01	1.923295e-01	7.186222e-01	9.829117e-01
22660	6.820596e-01	9.787008e-02	2.495866e-02	3.119833e-02	1.634289e-01	1.622097e-01	9.976516e-02	8.679434e-01
