11347	4.663835e-01	5.044179e-01	2.117211e-02	2.646514e-02	1.386347e-01	5.881864e-02	4.204653e-01	6.988458e-01
29189	2.681233e-01	6.554928e-01	2.222777e-02	2.778471e-02	1.455471e-01	5.953564e-02	8.408302e-01	2.320567e-01
9741	5.955820e-01	9.965208e-02	2.172562e-02	2.715703e-02	1.422590e-01	8.820270e-02	6.506847e-02	4.082547e-01
24095	7.289871e-02	6.095002e-01	2.330944e-02	2.913680e-02	1.526298e-01	9.913812e-02	3.291163e-01	9.566503e-01
22028	1.246885e-01	8.615491e-01	2.477225e-02	3.096531e-02	1.622083e-01	1.621804e-01	9.638991e-01	7.120633e-01
29539	5.886939e-01	3.734548e-01	3.157543e-02	3.946929e-02	2.067554e-01	8.736345e-02	7.007505e-01	7.120838e-01
13405	8.724818e-01	8.782479e-01	2.910759e-02	3.638449e-02	1.905961e-01	1.561399e-01	5.094040e-01	7.849477e-01
29697	2.276489e-01	6.850843e-01	3.437114e-02	4.296392e-02	2.250617e-01	6.933567e-02	2.885326e-01	7.126507e-01
17612	4.677426e-01	6.614506e-01	7.054407e-02	8.818008e-02	4.619215e-01	4.598490e-01	5.702631e-01	5.540104e-01
21661	5.869796e-01	5.267542e-01	2.922906e-02	3.653632e-02	1.913914e-01	8.410107e-02	7.251090e-01	2.718396e-01
11669	9.480261e-01	6.738127e-01	2.833158e-02	3.541448e-02	1.855148e-01	1.696016e-01	8.633241e-01	5.003067e-01
21209	8.901436e-01	4.158592e-01	2.669970e-02	3.337462e-02	1.748292e-01	1.716899e-01	5.731692e-01	4.684644e-01
5739	7.221454e-01	8.402879e-01	7.386338e-02	9.232922e-02	4.836562e-01	2.392068e-01	4.811404e-02	2.026485e-01
7423	7.400984e-01	9.606583e-01	3.479927e-02	4.349909e-02	2.278651e-01	2.268461e-01	9.348436e-01	1.061533e-01
2109	8.659262e-01	1.649267e-01	2.266690e-02	2.833362e-02	1.484225e-01	7.497956e-02	9.980258e-01	8.328346e-01
17465	6.303667e-01	2.465933e-01	7.411773e-02	9.264716e-02	4.853217e-01	4.816842e-01	2.634871e-01	6.610281e-02
21660	8.993016e-01	1.328562e-01	3.688411e-02	4.610514e-02	2.415166e-01	2.273382e-01	5.055881e-01	9.944810e-01
500	7.479864e-01	6.057585e-01	7.251556e-02	9.064445e-02	4.748308e-01	4.401303e-01	7.328466e-01	7.023661e-01
30856	4.017918e-01	2.918833e-01	3.209307e-02	4.011634e-02	2.101450e-01	1.886829e-01	3.982859e-01	9.559254e-02
14745	1.294363e-01	3.313615e-01	2.597244e-02	3.246555e-02	1.700671e-01	8.105087e-02	8.805621e-01	7.915323e-02
6462	8.206229e-01	1.187317e-01	4.300609e-02	5.375762e-02	2.816032e-01	2.788352e-01	2.537517e-01	7.366430e-01
24053	1.023193e-01	1.148964e-01	7.304668e-02	9.130835e-02	4.783085e-01	4.774011e-01	8.944425e-01	1.130757e-01
21457	8.073844e-01	4.518298e-02	3.161850e-02	3.952312e-02	2.070374e-01	1.612223e-01	5.288139e-01	4.727312e-01
28955	5.443641e-01	9.573503e-01	3.745301e-02	4.681626e-02	2.452417e-01	2.445767e-01	3.740937e-01	2.500734e-01
16555	5.700932e-01	4.373598e-01	4.534572e-02	5.668215e-02	2.969231e-01	2.322095e-01	8.454798e-01	9.803791e-01
27905	3.048105e-01	4.088603e-01	2.829616e-02	3.537020e-02	1.852828e-01	1.787944e-01	6.580535e-01	7.970556e-01
9604	3.717198e-01	3.633417e-01	2.367843e-02	2.959804e-02	1.550460e-01	1.534669e-01	9.151086e-01	9.431917e-01
2165	2.123072e-01	1.223473e-01	2.784100e-02	3.480125e-02	1.823024e-01	1.561623e-01	9.815206e-01	8.000083e-01
11683	5.042425e-01	8.293771e-01	4.089421e-02	5.111777e-02	2.677747e-01	2.644951e-01	8.282259e-01	5.030677e-01
7871	8.400187e-01	6.542030e-01	4.483254e-02	5.604068e-02	2.935628e-01	2.342460e-01	6.740705e-01	6.575657e-01
16708	2.663878e-01	5.814387e-01	3.429626e-02	4.287033e-02	2.245714e-01	1.011151e-01	4.924291e-01	9.180290e-01
20818	5.681549e-01	6.608898e-01	7.860766e-02	9.825957e-02	5.147217e-01	2.711113e-01	3.361477e-01	7.201637e-02
30057	1.350105e-01	4.723391e-01	2.300625e-02	2.875781e-02	1.506446e-01	7.401486e-02	5.453234e-01	6.110469e-01
29699	3.884867e-01	1.628820e-01	4.999181e-02	6.248976e-02	3.273456e-01	3.185319e-01	3.562865e-02	8.558448e-01
20650	2.325834e-01	6.370229e-01	5.782923e-02	7.228654e-02	3.786649e-01	1.336125e-01	3.441764e-01	7.543557e-01
2282	4.226309e-01	2.220428e-01	2.795766e-02	3.494707e-02	1.830663e-01	1.556122e-01	6.833441e-01	5.656055e-01
24500	1.658789e-01	6.857343e-01	5.049151e-02	6.311439e-02	3.306176e-01	3.008267e-01	4.765838e-01	2.819311e-01
2599	4.393018e-01	3.975925e-01	2.317989e-02	2.897486e-02	1.517815e-01	6.514871e-02	3.197695e-01	8.637220e-01
4144	4.123087e-01	8.278743e-01	4.415468e-02	5.519335e-02	2.891241e-01	1.470417e-01	7.953769e-01	7.064604e-01
571	8.810759e-01	4.392238e-01	2.140276e-02	2.675345e-02	1.401449e-01	6.004697e-02	4.703430e-02	6.149059e-01
16764	5.410039e-01	1.916597e-01	3.025358e-02	3.781697e-02	1.980999e-01	1.243876e-01	6.335398e-02	4.784238e-01
9121	4.213937e-01	4.989919e-01	4.867578e-02	6.084472e-02	3.187282e-01	3.147630e-01	9.418020e-01	3.422096e-01
14310	6.096775e-01	6.280342e-01	3.540923e-02	4.426154e-02	2.318591e-01	1.011907e-01	9.555861e-01	6.688735e-01
5918	9.097744e-01	7.465206e-01	4.472304e-02	5.590380e-02	2.928458e-01	2.381737e-01	9.330865e-01	8.036778e-01
4313	3.371160e-01	7.063288e-01	4.137885e-02	5.172356e-02	2.709480e-01	2.683618e-01	9.942128e-01	8.720109e-01
9564	3.511684e-02	7.807897e-01	2.493551e-02	3.116938e-02	1.632773e-01	1.295049e-01	6.654231e-01	2.599844e-01
7392	1.047955e-01	7.177477e-01	2.130579e-02	2.663224e-02	1.395100e-01	1.228131e-01	1.558794e-01	2.524057e-01
5986	3.657967e-01	6.029536e-01	3.832400e-02	4.790500e-02	2.509450e-01	7.368652e-02	7.279085e-01	3.398289e-01
27684	6.377704e-01	7.271086e-01	3.747385e-02	4.684232e-02	2.453782e-01	9.972109e-02	2.594415e-01	9.115977e-01
2239	5.822084e-01	4.911339e-01	2.818081e-02	3.522601e-02	1.845275e-01	1.193536e-01	6.782011e-01	7.313590e-01
25674	4.868523e-01	9.309789e-02	2.826987e-02	3.533734e-02	1.851107e-01	4.897060e-02	3.907384e-01	6.678622e-01
32014	5.736748e-01	3.031729e-01	2.412020e-02	3.015025e-02	1.579387e-01	1.498366e-01	9.589856e-01	7.054344e-01
21535	9.541541e-01	3.176070e-01	3.192603e-02	3.990753e-02	2.090511e-01	1.708618e-01	6.827624e-01	1.280950e-01
14515	7.049632e-01	5.046544e-01	2.667451e-02	3.334314e-02	1.746643e-01	4.749909e-02	6.492155e-01	3.074416e-01
7003	9.326165e-01	7.816823e-01	2.821820e-02	3.527275e-02	1.847723e-01	1.237063e-01	7.910989e-01	5.526276e-02
7342	7.956477e-01	4.925256e-01	2.107044e-02	2.633805e-02	1.379689e-01	9.765809e-02	7.909717e-01	6.682963e-01
5682	1.018527e-01	9.449060e-01	3.633979e-02	4.542474e-02	2.379524e-01	1.838316e-01	4.123568e-01	4.262195e-01
13752	7.145711e-01	9.072186e-01	4.708536e-02	5.885670e-02	3.083142e-01	8.672783e-02	7.843726e-01	5.457142e-02
23209	5.399951e-01	7.773007e-02	2.600221e-02	3.250276e-02	1.702621e-01	1.521665e-01	9.100100e-01	1.796833e-01
20140	9.259638e-01	6.139703e-01	5.617010e-02	7.021262e-02	3.678009e-01	2.852611e-01	5.492834e-02	9.366628e-01
22057	3.088495e-01	4.654537e-01	2.868054e-02	3.585067e-02	1.877997e-01	1.184323e-01	3.354956e-01	5.573861e-01
20234	6.684726e-01	6.932507e-01	2.286120e-02	2.857649e-02	1.496948e-01	1.262928e-01	9.055276e-01	8.887953e-01
25632	3.415508e-01	7.982982e-01	4.042932e-02	5.053665e-02	2.647306e-01	1.887787e-01	7.600422e-01	4.015448e-01
29969	1.612298e-01	8.872302e-01	5.630915e-02	7.038644e-02	3.687115e-01	1.750570e-01	6.544837e-01	2.554382e-01
20638	6.177042e-01	7.270095e-02	4.657587e-02	5.821984e-02	3.049781e-01	1.087798e-01	1.590056e-01	8.724184e-01
21837	2.612784e-01	7.969501e-01	4.398521e-02	5.498151e-02	2.880145e-01	1.747931e-01	3.337426e-01	4.054008e-01
27762	9.206243e-02	5.007394e-01	2.243854e-02	2.804818e-02	1.469272e-01	8.104046e-02	3.880342e-01	8.402454e-01
17293	4.845415e-01	3.660359e-01	2.549398e-02	3.186747e-02	1.669342e-01	1.618767e-01	1.259458e-01	1.459511e-01
9495	1.386037e-01	6.212768e-01	2.518097e-02	3.147621e-02	1.648846e-01	7.529428e-02	1.845003e-02	2.167538e-01
29121	3.279032e-01	2.232764e-01	3.575374e-02	4.469217e-02	2.341149e-01	1.131339e-01	2.393964e-01	2.229038e-01
23969	5.487191e-01	3.659318e-01	3.884439e-02	4.855548e-02	2.543524e-01	1.928163e-01	1.711527e-01	5.207905e-01
1233	3.063727e-01	3.451280e-01	5.097675e-02	6.372094e-02	3.337950e-01	9.321257e-02	6.478704e-01	6.143137e-01
24668	8.439778e-01	8.235699e-01	2.229647e-02	2.787059e-02	1.459970e-01	8.946521e-02	8.186293e-01	8.873328e-01
