1575	7.333028e-02	2.644357e-01	4.747604e-02	5.934505e-02	3.108724e-01	1.526537e-01	4.899972e-01	5.173206e-01
4772	8.312450e-01	8.091647e-01	2.379165e-02	2.973956e-02	1.557874e-01	6.291311e-02	6.559585e-01	1.125891e-01
23807	6.347049e-01	6.477845e-01	4.173247e-02	5.216559e-02	2.732636e-01	2.527584e-01	3.037893e-01	7.240635e-01
26607	6.051377e-01	8.782755e-01	2.145090e-02	2.681362e-02	1.404601e-01	1.120900e-01	4.195225e-01	7.516455e-01
18888	4.444807e-01	2.484452e-01	4.578678e-02	5.723348e-02	2.998111e-01	2.539385e-01	2.116747e-01	3.039010e-02
29476	7.617317e-01	1.189510e-01	2.457821e-02	3.072276e-02	1.609377e-01	1.466760e-01	4.633637e-01	7.444969e-01
28697	5.078813e-01	1.334280e-01	2.832124e-02	3.540156e-02	1.854471e-01	4.927236e-02	9.819461e-01	1.721337e-01
14017	2.441346e-01	6.115392e-01	2.533012e-02	3.166265e-02	1.658612e-01	1.410669e-01	4.264863e-01	5.183402e-01
11117	1.583332e-01	8.730457e-01	4.883180e-02	6.103975e-02	3.197499e-01	9.615709e-02	4.243306e-02	7.465078e-02
25027	1.994522e-01	9.676014e-01	2.487907e-02	3.109883e-02	1.629077e-01	1.369241e-01	2.313034e-01	8.825054e-01
16558	8.024769e-01	6.741636e-01	2.654749e-02	3.318437e-02	1.738326e-01	1.732635e-01	9.360226e-02	3.221375e-01
29356	4.251846e-01	5.847085e-01	3.062658e-02	3.828322e-02	2.005423e-01	1.783733e-01	2.285122e-01	5.448389e-01
24208	8.312210e-01	8.962684e-02	6.238139e-02	7.797674e-02	4.084724e-01	1.953373e-01	1.179952e-01	4.333046e-02
23427	1.982697e-01	7.139731e-01	2.809457e-02	3.511821e-02	1.839628e-01	1.649562e-01	8.374837e-01	1.831879e-01
24246	8.252334e-01	7.678738e-01	3.573939e-02	4.467424e-02	2.340210e-01	2.253651e-01	2.491747e-01	9.796890e-01
6120	2.115278e-01	4.671917e-01	2.298776e-02	2.873470e-02	1.505235e-01	1.490463e-01	9.843801e-02	4.099976e-02
1510	6.695818e-01	7.384396e-01	7.649597e-02	9.561996e-02	5.008944e-01	3.835456e-01	9.733638e-01	5.218104e-01
1110	2.488881e-01	8.336391e-02	5.340009e-02	6.675012e-02	3.496630e-01	1.596849e-01	6.144931e-01	5.442112e-01
16104	8.636343e-01	6.192328e-01	7.364913e-02	9.206141e-02	4.822533e-01	2.775208e-01	1.210258e-01	8.280854e-01
21441	2.666359e-01	8.451279e-01	4.546910e-02	5.683637e-02	2.977309e-01	2.620940e-01	3.832052e-01	8.998525e-01
14250	1.340062e-01	5.603225e-01	5.233811e-02	6.542264e-02	3.427091e-01	3.161979e-01	3.118678e-01	6.058386e-01
29588	8.877735e-02	1.958809e-01	3.607717e-02	4.509646e-02	2.362327e-01	1.892034e-01	2.595511e-01	4.479306e-01
837	9.210969e-01	6.206628e-01	3.170103e-02	3.962629e-02	2.075779e-01	6.439267e-02	1.996572e-01	3.240936e-02
22856	3.501737e-01	6.703528e-01	3.945622e-02	4.932028e-02	2.583587e-01	2.212562e-01	2.588019e-01	5.274455e-01
23815	6.833808e-01	2.347941e-01	2.093234e-02	2.616543e-02	1.370647e-01	3.866064e-02	1.169626e-02	3.025235e-01
13541	8.964444e-01	2.578188e-01	4.780534e-02	5.975667e-02	3.130286e-01	3.044136e-01	5.515332e-01	8.609101e-01
26307	2.835953e-01	6.258306e-01	2.569769e-02	3.212212e-02	1.682681e-01	1.504695e-01	5.244815e-01	2.097885e-01
7953	5.214629e-01	2.605239e-01	4.449471e-02	5.561839e-02	2.913507e-01	1.550852e-01	8.261152e-01	1.671222e-01
10779	5.581037e-01	4.465434e-01	3.011460e-02	3.764325e-02	1.971899e-01	1.962845e-01	4.273143e-01	1.487784e-01
18183	5.675227e-01	3.783243e-01	4.502604e-02	5.628255e-02	2.948298e-01	2.566719e-01	8.920711e-01	7.382314e-01
30206	7.266926e-01	4.179315e-01	2.721127e-02	3.401409e-02	1.781790e-01	1.715899e-01	8.898725e-01	9.683778e-01
17857	7.135428e-01	9.016550e-01	4.540375e-02	5.675469e-02	2.973031e-01	2.903693e-01	7.155409e-01	9.203310e-01
6007	9.357229e-02	5.310511e-01	2.324519e-02	2.905648e-02	1.522091e-01	1.256040e-01	7.850552e-01	7.885429e-02
4802	1.758871e-01	8.123828e-01	2.941091e-02	3.676364e-02	1.925822e-01	1.177372e-01	7.053854e-01	7.649204e-01
31965	7.353123e-01	4.821445e-01	2.518776e-02	3.148469e-02	1.649290e-01	8.755091e-02	9.660924e-01	3.394791e-01
11943	6.778582e-01	5.555508e-01	2.578598e-02	3.223248e-02	1.688462e-01	1.120810e-01	7.804160e-01	8.860973e-01
5779	7.426128e-01	2.969479e-02	2.071166e-02	2.588958e-02	1.356196e-01	1.289429e-01	1.156065e-01	8.991256e-02
17349	8.030759e-01	5.741133e-01	3.164019e-02	3.955024e-02	2.071795e-01	1.936555e-01	3.482633e-01	6.650488e-01
31882	2.706594e-01	7.825705e-01	2.476079e-02	3.095099e-02	1.621333e-01	8.364462e-02	8.838602e-01	5.449548e-02
26588	4.079541e-01	8.937096e-01	3.094746e-02	3.868432e-02	2.026435e-01	1.734611e-01	2.558057e-01	9.903347e-01
373	3.379685e-01	3.701910e-01	7.623892e-02	9.529865e-02	4.992113e-01	3.640391e-01	9.146724e-01	2.589492e-01
8113	7.882292e-01	4.226147e-01	3.465402e-02	4.331753e-02	2.269140e-01	1.591410e-01	9.873187e-01	6.044827e-01
28149	3.097822e-02	7.606143e-01	2.387084e-02	2.983856e-02	1.563059e-01	1.458364e-01	7.429741e-01	4.506302e-01
7933	4.509252e-01	6.625286e-01	2.891864e-02	3.614830e-02	1.893588e-01	1.759707e-01	6.740234e-01	3.734221e-01
6020	4.891275e-02	2.128215e-01	2.585063e-02	3.231328e-02	1.692695e-01	1.677489e-01	2.579297e-01	3.859051e-01
24216	4.302664e-01	1.257972e-01	6.134814e-02	7.668518e-02	4.017067e-01	3.743168e-01	8.577437e-01	8.792092e-01
17839	3.019903e-01	8.719741e-02	4.956105e-02	6.195131e-02	3.245250e-01	1.251026e-01	9.561012e-01	6.997078e-01
22017	9.225306e-02	6.673525e-01	2.970636e-02	3.713295e-02	1.945168e-01	6.909500e-02	3.960922e-01	2.157710e-01
32007	7.389445e-01	7.545641e-01	2.448651e-02	3.060814e-02	1.603373e-01	8.890740e-02	4.337010e-01	4.526883e-01
7434	3.398255e-01	8.345650e-01	3.986565e-02	4.983207e-02	2.610397e-01	2.433162e-01	3.416430e-01	8.784210e-02
1156	3.677535e-01	1.979367e-01	2.446481e-02	3.058102e-02	1.601952e-01	5.037476e-02	7.217726e-01	2.256482e-01
9428	4.541047e-01	5.430476e-01	2.605686e-02	3.257107e-02	1.706199e-01	1.358644e-01	3.320896e-01	3.556686e-01
4701	6.924021e-01	4.058404e-01	3.271156e-02	4.088945e-02	2.141948e-01	1.852345e-01	1.711159e-01	6.650706e-01
8904	2.582311e-01	4.360179e-01	3.179903e-02	3.974878e-02	2.082195e-01	2.039834e-01	5.373249e-01	8.093028e-01
3674	6.177733e-01	3.585133e-01	3.106663e-02	3.883328e-02	2.034238e-01	1.306138e-01	2.567744e-01	6.287596e-01
30963	5.055913e-01	6.424141e-01	2.231937e-02	2.789922e-02	1.461469e-01	1.182748e-01	8.548879e-01	2.993015e-01
25974	5.412453e-01	7.250185e-02	3.745349e-02	4.681686e-02	2.452449e-01	1.647818e-01	9.602094e-01	4.091443e-01
24876	1.143991e-01	9.072161e-01	6.892554e-02	8.615693e-02	4.513234e-01	3.370277e-01	2.074899e-01	2.010963e-01
1869	4.354063e-01	4.330786e-02	4.068467e-02	5.085584e-02	2.664026e-01	2.557562e-01	6.062905e-01	1.589157e-01
21948	6.953427e-01	3.042665e-01	2.603831e-02	3.254789e-02	1.704985e-01	1.296404e-01	1.394282e-01	1.179204e-01
13928	6.167521e-01	1.931219e-01	6.525491e-02	8.156864e-02	4.272882e-01	3.292581e-01	1.840936e-01	4.929504e-01
21257	1.699097e-01	4.005598e-01	4.138896e-02	5.173620e-02	2.710143e-01	1.083128e-01	6.472005e-01	9.260883e-01
16549	5.324084e-02	4.422451e-01	2.281429e-02	2.851786e-02	1.493876e-01	1.411654e-01	9.893181e-02	5.919378e-01
28893	1.464674e-01	6.251956e-01	4.513319e-02	5.641649e-02	2.955314e-01	2.939926e-01	8.566668e-01	6.083680e-01
355	7.720471e-01	2.923169e-01	6.864532e-02	8.580665e-02	4.494885e-01	4.015958e-01	6.715999e-01	3.343110e-01
4510	1.024304e-01	3.515406e-01	2.325143e-02	2.906429e-02	1.522500e-01	6.803076e-02	6.329078e-01	7.836483e-01
23592	8.857705e-01	4.900543e-01	2.160665e-02	2.700831e-02	1.414800e-01	7.561763e-02	2.954419e-01	8.408415e-01
27622	7.487217e-01	5.528222e-01	2.634742e-02	3.293427e-02	1.725225e-01	1.119690e-01	1.652700e-01	9.144728e-01
27152	1.594727e-01	3.782309e-02	2.774873e-02	3.468591e-02	1.816982e-01	8.931418e-02	7.904597e-01	1.706589e-01
27873	1.723823e-01	2.180621e-01	3.819016e-02	4.773770e-02	2.500686e-01	8.489440e-02	3.643337e-01	6.365114e-01
14465	8.497354e-01	1.710830e-01	2.066492e-02	2.583115e-02	1.353136e-01	7.327317e-02	4.601069e-01	5.722625e-01
3404	2.952089e-01	2.030830e-01	5.984874e-02	7.481092e-02	3.918886e-01	3.791040e-01	8.899515e-01	6.154983e-01
32449	6.057557e-01	3.207865e-01	2.305725e-02	2.882157e-02	1.509785e-01	1.506893e-01	1.209660e-01	6.337651e-01
24906	8.920186e-01	4.437926e-01	2.368446e-02	2.960557e-02	1.550855e-01	1.487683e-01	7.726028e-01	2.322427e-01
27638	6.197073e-01	7.541571e-02	2.785430e-02	3.481788e-02	1.823895e-01	1.806963e-01	3.157606e-01	7.756144e-01
18228	5.145463e-01	5.519684e-01	2.731048e-02	3.413810e-02	1.788286e-01	1.017944e-01	7.980174e-01	8.733253e-01
14900	9.575144e-01	7.868610e-01	2.558647e-02	3.198309e-02	1.675398e-01	1.545803e-01	6.587902e-01	1.657450e-01
26618	1.666045e-01	4.897351e-01	2.314754e-02	2.893443e-02	1.515698e-01	4.112225e-02	6.451427e-01	9.597652e-01
14874	2.032184e-01	5.556614e-01	4.543432e-02	5.679290e-02	2.975032e-01	9.104399e-02	3.097071e-01	7.063913e-01
11000	5.644223e-01	8.532183e-01	2.616443e-02	3.270554e-02	1.713243e-01	9.624202e-02	4.824888e-01	9.908477e-01
