19170	8.398909e-01	5.579619e-01	2.347314e-02	2.934142e-02	1.537017e-01	4.730760e-02	3.642622e-01	6.799681e-01
7324	3.224412e-01	7.656098e-01	7.312682e-02	9.140852e-02	4.788333e-01	3.714957e-01	2.137315e-01	1.950465e-01
5973	5.988307e-01	9.476801e-01	2.319989e-02	2.899986e-02	1.519125e-01	1.039689e-01	3.457304e-01	5.146282e-01
7047	1.587262e-01	1.794652e-01	3.140944e-02	3.926179e-02	2.056685e-01	7.460115e-02	4.127037e-01	5.791214e-01
30809	7.697448e-01	6.024603e-01	6.402276e-02	8.002846e-02	4.192201e-01	2.565829e-01	1.345293e-01	2.635285e-01
26670	7.654093e-01	2.586602e-01	2.978378e-02	3.722972e-02	1.950237e-01	1.910778e-01	5.486231e-01	8.152486e-01
21011	4.409094e-01	5.066597e-01	2.236587e-02	2.795734e-02	1.464514e-01	1.312820e-01	8.581460e-01	8.629979e-02
15406	9.755010e-02	1.843678e-01	4.905922e-02	6.132402e-02	3.212390e-01	1.464524e-01	3.155877e-01	5.556900e-01
32285	3.186912e-01	9.421503e-01	3.125461e-02	3.906826e-02	2.046547e-01	1.936623e-01	9.731549e-01	1.963485e-01
27942	2.193501e-01	9.294961e-01	2.102757e-02	2.628446e-02	1.376882e-01	1.180165e-01	8.017140e-02	4.556251e-01
1128	5.045964e-01	4.498832e-01	4.904967e-02	6.131208e-02	3.211765e-01	2.006508e-01	3.428149e-01	5.649430e-01
21848	4.707816e-01	3.565023e-01	4.161605e-02	5.202007e-02	2.725013e-01	8.091322e-02	9.310231e-01	2.645242e-01
3160	5.989740e-01	6.612695e-01	4.204404e-02	5.255505e-02	2.753037e-01	1.602933e-01	9.971903e-01	2.813638e-01
8830	5.026519e-01	1.320061e-01	4.032410e-02	5.040513e-02	2.640416e-01	1.088775e-01	9.719582e-01	5.220849e-01
1111	2.389716e-01	7.297504e-02	2.277900e-02	2.847375e-02	1.491566e-01	6.105161e-02	8.162226e-02	7.073793e-01
26827	8.497396e-01	6.511655e-02	3.043772e-02	3.804715e-02	1.993057e-01	1.178287e-01	6.667328e-01	5.837579e-01
9667	6.972840e-02	8.373326e-01	6.508016e-02	8.135020e-02	4.261439e-01	3.647988e-01	3.819108e-01	1.767394e-01
713	3.449835e-01	5.274201e-02	2.867876e-02	3.584845e-02	1.877881e-01	1.274190e-01	3.247950e-01	1.577818e-01
28449	8.537792e-01	6.850861e-01	4.481599e-02	5.601999e-02	2.934544e-01	2.778384e-01	6.645922e-01	3.145188e-01
5775	3.866712e-01	3.662120e-01	4.812176e-02	6.015220e-02	3.151005e-01	2.509112e-01	1.296904e-01	4.859452e-01
31323	5.953199e-01	7.634215e-01	5.665573e-02	7.081967e-02	3.709809e-01	2.522183e-01	4.067177e-01	8.045172e-01
5334	4.012409e-01	4.270640e-01	3.984152e-02	4.980190e-02	2.608817e-01	2.597874e-01	3.920609e-02	2.002067e-01
8138	9.887105e-02	5.048920e-01	2.258803e-02	2.823504e-02	1.479061e-01	1.418236e-01	4.601779e-01	1.002016e-01
5530	2.879455e-01	2.434707e-01	3.700669e-02	4.625836e-02	2.423192e-01	7.107395e-02	7.361083e-01	5.427814e-01
11750	6.217355e-01	1.785995e-01	2.405016e-02	3.006270e-02	1.574801e-01	8.520237e-02	3.252871e-02	8.652342e-01
1430	6.621727e-01	9.572571e-01	2.820257e-02	3.525321e-02	1.846700e-01	1.825626e-01	1.757221e-01	6.373329e-01
17963	1.253535e-01	2.846369e-01	3.574014e-02	4.467517e-02	2.340259e-01	2.319067e-01	5.690550e-01	8.945642e-01
13745	5.317092e-01	3.664980e-01	2.507639e-02	3.134549e-02	1.641998e-01	1.632340e-01	9.765357e-01	1.088127e-01
14998	8.720989e-01	5.907624e-01	4.891290e-02	6.114113e-02	3.202809e-01	1.715410e-01	8.565655e-02	1.744781e-01
32444	9.173543e-01	5.990027e-01	3.101974e-02	3.877468e-02	2.031168e-01	9.907126e-02	8.951922e-01	1.557722e-01
7829	7.332540e-01	5.362146e-01	3.459759e-02	4.324699e-02	2.265445e-01	1.404295e-01	4.696932e-01	2.513880e-01
15905	7.278203e-01	4.383369e-01	2.410304e-02	3.012879e-02	1.578263e-01	1.543029e-01	2.837347e-01	1.769835e-01
6678	9.202665e-01	6.534070e-01	4.111433e-02	5.139291e-02	2.692160e-01	2.063554e-01	6.951018e-01	5.377659e-01
23755	2.290720e-01	7.149993e-01	2.282118e-02	2.852648e-02	1.494327e-01	1.201751e-01	4.098155e-01	9.430978e-01
8135	6.453409e-01	3.033991e-01	6.850364e-02	8.562955e-02	4.485608e-01	3.703689e-01	3.289996e-01	9.828512e-01
21839	8.556651e-01	2.765300e-01	6.389500e-02	7.986875e-02	4.183835e-01	1.159449e-01	1.122198e-01	8.902698e-01
3638	5.978054e-01	4.220680e-01	3.482294e-02	4.352868e-02	2.280201e-01	2.275425e-01	7.274303e-02	6.808652e-01
32406	2.908054e-01	1.038247e-01	5.649454e-02	7.061818e-02	3.699254e-01	3.686298e-01	8.982146e-01	9.234968e-01
27790	1.447442e-01	4.319020e-02	2.175699e-02	2.719624e-02	1.424644e-01	1.155377e-01	2.007157e-01	8.454077e-01
13249	5.101221e-01	7.906005e-01	2.477515e-02	3.096894e-02	1.622273e-01	7.539661e-02	5.360667e-01	9.402486e-01
7248	1.669942e-01	7.128992e-01	2.485249e-02	3.106561e-02	1.627337e-01	1.595139e-01	5.533420e-01	3.352218e-01
6242	9.725307e-01	9.228314e-01	2.100533e-02	2.625666e-02	1.375426e-01	1.337357e-01	5.421623e-01	1.660278e-01
24198	9.400230e-02	7.453761e-01	2.510354e-02	3.137943e-02	1.643776e-01	1.179252e-01	3.833806e-01	5.617094e-01
7181	4.087706e-01	7.708364e-01	2.724340e-02	3.405425e-02	1.783894e-01	1.549824e-01	4.397564e-01	6.289987e-01
1466	9.034831e-01	7.567683e-01	3.235181e-02	4.043977e-02	2.118392e-01	1.944832e-01	7.295890e-01	9.816695e-01
32518	7.795226e-01	1.208333e-01	3.678973e-02	4.598716e-02	2.408986e-01	1.891296e-01	7.846532e-01	9.438341e-01
2216	2.820917e-01	1.619157e-01	2.663558e-02	3.329447e-02	1.744094e-01	5.785908e-02	3.064893e-01	8.803254e-01
26101	7.929529e-02	6.992673e-01	4.139018e-02	5.173772e-02	2.710222e-01	2.255182e-01	9.408788e-01	4.152054e-01
27957	3.512074e-02	5.302057e-01	2.208402e-02	2.760503e-02	1.446058e-01	5.873913e-02	1.515852e-01	4.125486e-01
32400	1.552131e-01	3.912584e-01	2.221161e-02	2.776451e-02	1.454413e-01	4.425008e-02	2.749251e-01	3.855766e-01
31342	4.876058e-01	2.220332e-01	2.693571e-02	3.366964e-02	1.763746e-01	1.669337e-01	3.942477e-01	9.376034e-02
25340	9.128125e-01	8.184076e-01	2.869976e-02	3.587470e-02	1.879256e-01	1.365040e-01	4.008356e-01	5.237132e-02
28356	7.080654e-01	1.454185e-01	2.950789e-02	3.688486e-02	1.932172e-01	1.762515e-01	5.928974e-01	3.957264e-02
24759	7.787372e-01	6.817342e-01	2.201241e-02	2.751552e-02	1.441369e-01	1.048806e-01	9.354575e-01	4.795529e-01
1006	6.623970e-01	1.969378e-01	2.212620e-02	2.765775e-02	1.448820e-01	1.017786e-01	4.679022e-01	4.253413e-02
23897	6.564566e-01	5.024673e-01	7.908699e-02	9.885874e-02	5.178604e-01	3.332382e-01	5.727763e-01	6.349934e-01
29343	5.637863e-02	9.201806e-01	4.325801e-02	5.407251e-02	2.832527e-01	1.799929e-01	8.005569e-01	5.744476e-01
28415	2.655533e-01	6.957955e-01	2.192288e-02	2.740360e-02	1.435507e-01	1.407818e-01	8.908465e-01	6.772764e-01
31159	4.327204e-01	8.610785e-01	4.974162e-02	6.217702e-02	3.257073e-01	1.451110e-01	5.491273e-01	5.185556e-01
23604	8.844774e-01	9.010940e-02	2.089841e-02	2.612301e-02	1.368424e-01	9.712375e-02	4.792453e-01	5.918887e-01
11657	5.657078e-01	3.840724e-02	2.450652e-02	3.063315e-02	1.604683e-01	5.827924e-02	9.484517e-01	3.126384e-01
32105	8.250636e-01	8.458915e-01	4.920241e-02	6.150301e-02	3.221766e-01	3.198703e-01	6.219955e-01	4.609403e-01
31274	8.699842e-01	3.299930e-01	5.159780e-02	6.449725e-02	3.378616e-01	1.724127e-01	9.178252e-01	8.606995e-01
23596	7.580946e-01	7.083031e-01	2.314913e-02	2.893641e-02	1.515802e-01	1.469900e-01	6.012375e-01	6.723040e-01
29427	2.223634e-01	3.109985e-01	2.704809e-02	3.381011e-02	1.771105e-01	1.467543e-01	5.879174e-01	6.027909e-01
21182	1.510270e-01	2.429536e-01	2.794913e-02	3.493641e-02	1.830105e-01	1.679646e-01	6.953376e-01	6.038620e-01
16755	8.782590e-01	2.536578e-01	2.655725e-02	3.319656e-02	1.738965e-01	1.363357e-01	3.187213e-03	9.076674e-01
27322	2.957765e-01	5.256814e-01	2.206647e-02	2.758309e-02	1.444909e-01	1.265025e-01	5.219529e-01	9.424968e-01
5625	1.464910e-01	3.571265e-01	2.470763e-02	3.088454e-02	1.617852e-01	1.257157e-01	5.244236e-01	7.309031e-01
9634	8.500518e-01	4.647597e-01	3.239038e-02	4.048798e-02	2.120917e-01	2.066712e-01	8.209929e-01	1.412154e-01
30084	2.590434e-01	9.119015e-01	4.222998e-02	5.278748e-02	2.765213e-01	1.989988e-01	7.942590e-01	8.766802e-01
32207	7.408986e-01	1.743363e-01	2.116570e-02	2.645712e-02	1.385927e-01	1.287944e-01	6.764193e-03	5.605867e-01
30396	3.619423e-01	8.405989e-01	4.285508e-02	5.356884e-02	2.806144e-01	2.772758e-01	8.723948e-01	1.349890e-02
5999	3.471093e-01	3.025853e-01	3.096294e-02	3.870368e-02	2.027449e-01	1.203616e-01	9.227149e-02	5.170275e-01
14434	6.728802e-01	9.393016e-02	7.008573e-02	8.760716e-02	4.589203e-01	3.664252e-01	6.753985e-01	7.564893e-02
22345	5.187983e-02	2.237187e-01	2.897009e-02	3.621261e-02	1.896957e-01	1.620755e-01	9.511556e-01	8.032857e-01
18025	4.125749e-01	6.701650e-01	2.773140e-02	3.466425e-02	1.815848e-01	1.140244e-01	6.715006e-01	5.277932e-01
9862	6.779235e-01	6.521329e-01	2.403044e-02	3.003805e-02	1.573509e-01	1.572079e-01	8.605570e-01	2.173208e-01
25334	9.598007e-01	7.168961e-01	2.682672e-02	3.353340e-02	1.756609e-01	4.830895e-02	9.486276e-01	9.327724e-02
12835	7.979741e-01	6.157319e-02	3.739751e-02	4.674688e-02	2.448783e-01	2.407344e-01	1.472447e-01	1.112163e-01
7800	3.288661e-01	4.629107e-01	5.648226e-02	7.060282e-02	3.698449e-01	1.370215e-01	1.978663e-01	5.999336e-01
19095	1.941651e-01	7.618901e-01	4.242873e-02	5.303592e-02	2.778227e-01	7.756076e-02	1.269875e-01	8.886097e-01
