23183	9.741069e-02	7.136269e-01	3.509633e-02	4.387041e-02	2.298102e-01	1.171501e-01	4.355285e-01	9.282191e-01
2704	6.081724e-01	4.349004e-01	4.335743e-02	5.419678e-02	2.839038e-01	1.992182e-01	6.721743e-01	4.490933e-01
31452	2.903665e-01	2.922041e-01	2.624518e-02	3.280647e-02	1.718530e-01	1.482022e-01	6.154089e-02	2.048981e-01
18034	1.405869e-01	8.905064e-01	3.034594e-02	3.793242e-02	1.987047e-01	1.796517e-01	8.586393e-01	8.201261e-01
11379	4.346710e-01	4.704554e-02	2.241819e-02	2.802273e-02	1.467939e-01	1.322586e-01	7.653201e-01	3.173672e-01
25332	6.560685e-01	9.699845e-02	2.708607e-02	3.385759e-02	1.773592e-01	1.701666e-01	1.856984e-01	7.455860e-01
12653	8.271612e-01	7.254511e-01	5.160797e-02	6.450996e-02	3.379282e-01	1.955557e-01	7.902651e-01	4.248459e-01
28652	5.817256e-01	8.392047e-01	3.635471e-02	4.544339e-02	2.380501e-01	1.895639e-01	7.685632e-01	3.489775e-01
17176	8.358859e-01	8.522992e-02	4.081258e-02	5.101573e-02	2.672402e-01	9.011082e-02	9.039578e-01	7.850701e-01
5733	9.533806e-02	3.023778e-01	3.846333e-02	4.807916e-02	2.518573e-01	1.789129e-01	3.748428e-01	8.391884e-01
31803	8.111595e-01	2.483921e-01	2.437341e-02	3.046677e-02	1.595967e-01	1.519185e-01	1.241608e-01	8.243960e-01
30465	1.115571e-01	4.712908e-01	2.161241e-02	2.701551e-02	1.415177e-01	8.508155e-02	9.532237e-01	1.161525e-01
16806	5.935523e-02	5.846417e-01	2.851874e-02	3.564843e-02	1.867403e-01	1.730735e-01	1.711855e-01	7.976365e-01
17332	5.517649e-02	6.791015e-01	2.920585e-02	3.650731e-02	1.912394e-01	8.666324e-02	6.453888e-02	6.128936e-01
17027	2.617920e-01	7.099995e-01	4.819219e-02	6.024024e-02	3.155617e-01	3.023449e-01	1.744146e-01	1.110607e-01
25987	5.050522e-01	8.769284e-01	2.672815e-02	3.341019e-02	1.750155e-01	1.152011e-01	9.111032e-01	4.946204e-01
28038	4.756722e-01	5.685537e-01	2.856915e-02	3.571144e-02	1.870703e-01	8.692259e-02	2.468182e-01	5.738877e-01
16714	6.855179e-01	7.864636e-02	2.214098e-02	2.767623e-02	1.449788e-01	1.440989e-01	4.864254e-01	8.053825e-01
4080	6.763222e-01	7.580789e-01	2.180522e-02	2.725652e-02	1.427802e-01	9.028885e-02	2.555015e-01	8.564342e-01
1348	4.306444e-01	2.161090e-01	5.449269e-02	6.811587e-02	3.568173e-01	2.228128e-01	9.793534e-01	9.230404e-02
20505	5.711903e-01	4.951570e-01	2.068875e-02	2.586094e-02	1.354696e-01	1.347787e-01	9.348519e-01	2.001636e-01
12606	1.171213e-01	1.939089e-01	4.289240e-02	5.361550e-02	2.808588e-01	2.096434e-01	7.605045e-01	8.074751e-01
28364	4.810141e-02	9.274195e-01	3.782997e-02	4.728747e-02	2.477101e-01	7.998284e-02	4.920544e-01	1.280311e-01
13087	7.720856e-02	8.877377e-01	3.912784e-02	4.890980e-02	2.562085e-01	1.079777e-01	9.212575e-01	4.910302e-01
17559	3.962691e-01	8.690864e-01	2.955912e-02	3.694890e-02	1.935527e-01	1.795905e-01	7.723206e-01	2.850707e-01
26039	8.875990e-01	8.037280e-01	2.429297e-02	3.036622e-02	1.590700e-01	1.404705e-01	3.275458e-01	4.835181e-01
11228	7.050769e-01	9.002415e-01	3.481413e-02	4.351767e-02	2.279624e-01	1.138885e-01	5.459712e-01	9.760917e-01
26877	6.850512e-01	3.747135e-01	2.065472e-02	2.581840e-02	1.352468e-01	5.930030e-02	9.793422e-01	5.435418e-01
25786	8.037098e-01	2.896680e-01	2.886525e-02	3.608156e-02	1.890092e-01	1.488345e-01	8.149175e-01	3.528627e-01
20354	3.374032e-01	3.821159e-01	4.551106e-02	5.688883e-02	2.980057e-01	2.009659e-01	4.455846e-01	6.796520e-01
24466	4.247406e-01	5.084698e-01	7.366459e-02	9.208074e-02	4.823546e-01	4.080255e-01	2.008046e-01	6.780818e-01
30563	9.540962e-01	9.050697e-01	2.433024e-02	3.041280e-02	1.593141e-01	5.811462e-02	4.692787e-01	1.470322e-01
6414	6.872635e-01	2.780397e-01	3.086722e-02	3.858402e-02	2.021180e-01	1.837628e-01	3.238497e-01	5.207110e-01
275	4.587004e-01	3.380325e-01	5.895279e-02	7.369099e-02	3.860220e-01	2.561308e-01	5.854689e-01	4.019973e-01
31487	5.299764e-01	3.701168e-01	2.064020e-02	2.580025e-02	1.351517e-01	6.002095e-02	6.905586e-02	6.036884e-01
25747	7.135785e-01	5.645923e-01	3.673265e-02	4.591581e-02	2.405248e-01	2.145007e-01	5.168315e-01	3.941532e-01
3207	8.435849e-02	4.266049e-01	2.359414e-02	2.949268e-02	1.544941e-01	1.401043e-01	1.284917e-01	6.280627e-01
20854	9.630529e-01	3.079023e-01	3.811460e-02	4.764325e-02	2.495738e-01	9.625114e-02	4.675239e-01	9.554404e-01
24501	4.065278e-01	9.495417e-01	2.304646e-02	2.880808e-02	1.509079e-01	1.151872e-01	6.515203e-01	5.231436e-01
5667	4.628873e-01	4.517100e-01	4.026318e-02	5.032897e-02	2.636427e-01	7.283813e-02	6.935550e-01	2.911315e-01
29269	1.999346e-01	3.795584e-01	3.142630e-02	3.928287e-02	2.057789e-01	1.391667e-01	1.203461e-01	1.664462e-01
27428	6.584915e-01	4.827300e-01	4.839264e-02	6.049080e-02	3.168742e-01	1.102218e-01	7.523138e-01	4.212240e-01
18690	7.528287e-01	1.929399e-01	3.982991e-02	4.978739e-02	2.608056e-01	2.523265e-01	4.068442e-01	2.612415e-01
7074	4.892054e-01	7.976163e-01	2.160093e-02	2.700116e-02	1.414426e-01	1.344158e-01	1.660707e-01	4.333544e-01
8548	9.124739e-01	3.878089e-01	4.087771e-02	5.109714e-02	2.676666e-01	2.618437e-01	4.817188e-01	8.221447e-01
10484	6.733210e-01	6.321050e-01	2.646680e-02	3.308350e-02	1.733042e-01	1.372687e-01	1.994445e-01	5.083183e-01
28074	5.439337e-02	4.577975e-01	4.621926e-02	5.777407e-02	3.026430e-01	1.956398e-01	3.371065e-02	2.377825e-01
10304	8.834511e-02	3.491850e-01	2.155870e-02	2.694837e-02	1.411660e-01	4.530239e-02	5.693945e-01	9.031178e-01
4792	5.993240e-01	1.744764e-01	2.444383e-02	3.055479e-02	1.600578e-01	7.493360e-02	1.715872e-01	6.108492e-01
32281	9.336173e-01	1.145244e-01	2.201503e-02	2.751879e-02	1.441541e-01	6.027103e-02	6.414349e-01	2.081526e-01
4	7.469788e-01	8.905158e-01	6.893740e-02	8.617175e-02	4.514010e-01	2.104378e-01	3.193523e-01	8.850412e-01
20724	1.275639e-01	2.508665e-01	2.124249e-02	2.655311e-02	1.390955e-01	9.279315e-02	6.095556e-01	4.983618e-01
14901	2.291030e-01	3.886608e-01	3.215214e-02	4.019018e-02	2.105317e-01	9.436062e-02	7.317711e-01	5.446472e-01
8719	5.215064e-01	1.138904e-01	4.624061e-02	5.780076e-02	3.027828e-01	3.008101e-01	5.528951e-02	5.720956e-01
13488	7.849275e-01	8.134794e-01	2.760546e-02	3.450683e-02	1.807601e-01	1.714240e-01	9.531438e-01	5.356756e-01
17779	2.687040e-01	3.139650e-01	3.131542e-02	3.914427e-02	2.050529e-01	1.576484e-01	1.942299e-01	3.368290e-01
31731	5.089935e-01	9.308130e-01	3.574142e-02	4.467677e-02	2.340343e-01	1.764029e-01	6.697499e-01	2.442441e-01
9550	2.139160e-01	9.113814e-01	6.521966e-02	8.152458e-02	4.270573e-01	3.116603e-01	9.203904e-01	9.772603e-01
28744	5.158865e-01	7.869383e-01	2.298142e-02	2.872677e-02	1.504820e-01	4.278587e-02	2.203118e-01	5.911379e-01
31667	3.072859e-01	4.276105e-01	4.358017e-02	5.447521e-02	2.853623e-01	1.655628e-01	2.096904e-01	5.198594e-01
1648	7.629753e-01	7.650716e-01	6.898709e-02	8.623386e-02	4.517264e-01	2.586508e-01	7.769672e-01	3.537496e-01
12447	8.538207e-01	6.121361e-01	2.989288e-02	3.736609e-02	1.957381e-01	1.134686e-01	9.110606e-01	5.105075e-01
10556	7.398668e-02	2.609595e-01	2.466180e-02	3.082725e-02	1.614851e-01	4.697965e-02	6.581511e-01	2.401987e-01
30155	4.989983e-01	4.237472e-01	3.556854e-02	4.446067e-02	2.329022e-01	2.096441e-01	9.570027e-01	1.608942e-01
26159	3.795279e-01	4.618578e-01	2.730219e-02	3.412774e-02	1.787743e-01	1.459724e-01	9.260042e-01	4.099488e-02
12541	2.941393e-01	4.736688e-01	2.594844e-02	3.243555e-02	1.699100e-01	6.068692e-02	7.106542e-01	5.370273e-01
22236	3.177680e-01	7.215584e-01	2.721806e-02	3.402257e-02	1.782234e-01	1.753906e-01	1.944766e-01	3.607703e-01
29085	1.871917e-01	4.655647e-01	2.771193e-02	3.463991e-02	1.814573e-01	1.103964e-01	8.491885e-01	4.907382e-01
11587	1.429756e-01	5.203613e-01	3.585949e-02	4.482436e-02	2.348074e-01	8.184436e-02	8.661160e-01	7.682170e-01
28867	2.594519e-01	3.993745e-01	3.581239e-02	4.476548e-02	2.344990e-01	1.355165e-01	3.210311e-01	7.201445e-02
18854	2.368306e-01	8.376408e-01	3.020748e-02	3.775935e-02	1.977981e-01	1.248270e-01	1.710492e-01	3.393959e-01
6600	7.990306e-01	3.393398e-01	2.426365e-02	3.032957e-02	1.588780e-01	9.961955e-02	6.383890e-01	2.695193e-01
1045	9.579014e-01	8.731331e-01	3.108096e-02	3.885119e-02	2.035176e-01	8.979741e-02	8.897606e-01	7.997220e-01
29846	8.983413e-01	5.902499e-01	3.187045e-02	3.983806e-02	2.086872e-01	6.857184e-02	9.964185e-01	7.658232e-01
29486	5.242430e-01	2.044288e-01	2.556230e-02	3.195288e-02	1.673816e-01	8.760684e-02	4.006350e-01	4.350672e-01
30128	5.709435e-01	1.855280e-01	2.877306e-02	3.596632e-02	1.884055e-01	1.884040e-01	8.886350e-01	8.380945e-01
