23980	9.121708e-02	1.890269e-01	2.758080e-02	3.447601e-02	1.805987e-01	6.588593e-02	3.348144e-01	2.122160e-01
26347	1.459737e-01	6.461621e-01	6.070034e-02	7.587543e-02	3.974649e-01	3.973817e-01	2.004783e-01	5.369247e-01
27995	6.610924e-01	6.307118e-01	5.067919e-02	6.334899e-02	3.318466e-01	2.055252e-01	8.240456e-01	8.962674e-01
16929	4.449287e-01	5.744551e-01	3.946190e-02	4.932737e-02	2.583959e-01	2.450271e-01	2.722834e-01	1.181522e-01
30644	2.957168e-01	3.132699e-01	2.247325e-02	2.809156e-02	1.471545e-01	1.449722e-01	1.864585e-02	5.056559e-01
19217	5.257807e-01	4.764613e-01	3.697754e-02	4.622193e-02	2.421284e-01	6.466436e-02	2.821661e-01	3.757052e-01
25779	3.093810e-01	7.710714e-02	2.058624e-02	2.573280e-02	1.347984e-01	3.664410e-02	6.780021e-01	1.943127e-01
2785	1.243452e-01	1.312885e-01	7.909294e-02	9.886617e-02	5.178993e-01	1.431245e-01	2.338795e-01	1.618960e-01
6592	7.829378e-01	6.773942e-01	3.463652e-02	4.329565e-02	2.267994e-01	1.784073e-01	7.354840e-01	7.888945e-01
7548	6.035785e-02	3.326526e-01	4.243016e-02	5.303770e-02	2.778320e-01	2.745738e-01	6.962911e-01	3.752874e-01
14226	4.767099e-01	9.790863e-02	3.048043e-02	3.810054e-02	1.995854e-01	1.924350e-01	5.912749e-01	3.121983e-01
15265	1.769895e-01	8.451847e-02	2.609997e-02	3.262496e-02	1.709022e-01	1.706917e-01	2.598172e-01	9.600387e-01
20731	2.863118e-01	7.080114e-01	5.237255e-02	6.546569e-02	3.429347e-01	3.428857e-01	6.357134e-01	3.236310e-02
492	9.004966e-01	9.121871e-01	2.402330e-02	3.002913e-02	1.573042e-01	1.569899e-01	4.068737e-02	3.114718e-01
1374	2.402997e-01	8.238071e-01	3.703273e-02	4.629091e-02	2.424897e-01	2.421369e-01	4.474891e-01	8.778766e-01
14226	6.796487e-01	3.868618e-01	2.301890e-02	2.877362e-02	1.507274e-01	1.201483e-01	7.611284e-01	8.376134e-01
21789	2.500979e-01	4.165500e-01	4.459882e-02	5.574852e-02	2.920324e-01	2.376856e-01	1.460144e-01	4.478466e-01
31847	8.441851e-01	1.026488e-01	3.031599e-02	3.789498e-02	1.985086e-01	1.533819e-01	9.730992e-01	4.091337e-01
14916	6.466809e-01	5.771270e-01	2.614187e-02	3.267734e-02	1.711766e-01	5.213805e-02	3.223472e-01	8.211185e-01
13992	5.547073e-01	3.918429e-01	2.580212e-02	3.225265e-02	1.689519e-01	1.016878e-01	5.990514e-01	2.841594e-01
20001	2.394844e-01	6.501099e-01	3.955818e-02	4.944772e-02	2.590263e-01	1.207564e-01	3.928842e-01	5.463185e-01
12543	7.936480e-01	8.369152e-01	4.498355e-02	5.622943e-02	2.945516e-01	2.925200e-01	6.068374e-01	3.942160e-01
11840	4.947559e-01	2.723681e-01	4.071094e-02	5.088868e-02	2.665746e-01	2.537067e-01	3.493436e-01	4.442156e-01
6694	4.732631e-01	4.399572e-01	2.252694e-02	2.815868e-02	1.475061e-01	7.373785e-02	5.140110e-01	9.139103e-01
15206	7.381337e-01	3.914616e-01	5.089610e-02	6.362013e-02	3.332669e-01	2.368599e-01	8.985903e-01	5.239824e-01
13403	2.431907e-01	2.321044e-01	7.813451e-02	9.766813e-02	5.116235e-01	3.645544e-01	2.610498e-01	3.678930e-01
20451	1.317924e-01	7.402213e-01	2.109287e-02	2.636608e-02	1.381158e-01	1.327474e-01	5.460663e-01	6.915075e-02
20808	8.998832e-01	7.434398e-01	2.071516e-02	2.589395e-02	1.356425e-01	4.271746e-02	1.373125e-02	3.101709e-01
7990	9.147103e-01	4.479839e-01	7.596936e-02	9.496170e-02	4.974462e-01	3.765897e-01	7.182265e-01	5.166586e-01
31	1.661346e-01	4.050714e-01	4.785592e-02	5.981990e-02	3.133598e-01	1.560860e-01	2.671159e-01	8.989572e-02
32663	9.142449e-01	1.401860e-01	2.120443e-02	2.650553e-02	1.388463e-01	1.303316e-01	6.982386e-04	2.706500e-01
17954	5.058475e-01	3.749764e-01	2.245298e-02	2.806623e-02	1.470218e-01	1.099936e-01	4.789574e-01	8.287908e-01
16880	5.408738e-01	7.558692e-01	2.537163e-02	3.171454e-02	1.661331e-01	1.406941e-01	7.743072e-01	9.091043e-01
23066	5.981234e-01	5.972557e-01	3.866263e-02	4.832828e-02	2.531623e-01	2.464141e-01	2.482508e-01	9.649767e-01
30	7.823448e-01	6.569998e-02	3.106670e-02	3.883337e-02	2.034243e-01	1.005539e-01	3.295862e-01	8.136862e-01
25732	9.398531e-01	2.533656e-01	6.167056e-02	7.708820e-02	4.038178e-01	2.654703e-01	9.785265e-01	5.864311e-01
13644	9.460859e-01	7.013383e-01	3.227853e-02	4.034817e-02	2.113593e-01	9.416034e-02	7.954515e-01	6.276164e-01
10390	9.855291e-02	8.548849e-01	2.762222e-02	3.452778e-02	1.808699e-01	6.958243e-02	6.453410e-01	9.258642e-02
20955	9.427595e-02	4.651473e-01	5.918774e-02	7.398467e-02	3.875604e-01	3.590113e-01	5.714956e-01	6.687254e-01
14576	2.555551e-01	9.086685e-01	3.848198e-02	4.810247e-02	2.519794e-01	2.213690e-01	4.603747e-01	7.535636e-01
18063	3.764734e-01	4.702707e-01	5.173118e-02	6.466397e-02	3.387350e-01	2.998960e-01	1.249528e-01	9.816679e-01
13683	4.583270e-01	7.866978e-01	3.500601e-02	4.375751e-02	2.292188e-01	1.502844e-01	3.733035e-01	4.367664e-01
17859	6.703658e-01	2.572253e-01	3.823787e-02	4.779734e-02	2.503810e-01	2.486115e-01	3.316935e-01	6.940385e-01
7421	5.284058e-01	6.254865e-01	2.496216e-02	3.120271e-02	1.634519e-01	1.633978e-01	1.181178e-01	4.199644e-01
361	4.358989e-01	3.187198e-01	3.630515e-02	4.538144e-02	2.377256e-01	2.376055e-01	9.337235e-01	4.904844e-01
8312	6.188887e-01	4.685461e-01	5.102045e-02	6.377556e-02	3.340811e-01	2.502189e-01	6.307765e-01	4.599890e-01
23386	6.983975e-01	1.034219e-01	3.767024e-02	4.708779e-02	2.466641e-01	1.217535e-01	4.083181e-01	9.516645e-01
23957	1.559564e-01	7.615946e-01	2.215237e-02	2.769046e-02	1.450534e-01	1.446580e-01	1.501426e-01	3.590193e-03
5296	7.363947e-01	6.166072e-01	3.763987e-02	4.704984e-02	2.464653e-01	2.016955e-01	4.115553e-01	3.822834e-01
17744	2.260567e-01	7.046655e-01	2.595539e-02	3.244424e-02	1.699555e-01	5.142299e-02	9.952575e-01	8.273071e-01
24512	3.177976e-01	2.952358e-01	2.523643e-02	3.154553e-02	1.652477e-01	1.230518e-01	1.914011e-01	1.387063e-01
1762	1.788388e-01	3.537140e-01	2.841407e-02	3.551759e-02	1.860549e-01	1.723050e-01	3.877267e-01	7.034873e-01
7089	6.534002e-01	9.628717e-01	2.355359e-02	2.944199e-02	1.542286e-01	1.462754e-01	1.603657e-01	9.171346e-01
28466	2.935519e-01	1.090729e-01	4.769769e-02	5.962211e-02	3.123237e-01	1.379785e-01	2.626211e-01	3.611049e-01
28927	8.539015e-01	7.455529e-01	2.444518e-02	3.055647e-02	1.600666e-01	1.284060e-01	2.011523e-01	8.592884e-01
30908	3.557389e-01	6.834721e-01	6.913742e-02	8.642177e-02	4.527107e-01	3.431493e-01	2.199198e-01	2.082280e-01
4446	6.955549e-01	3.178250e-01	3.772538e-02	4.715672e-02	2.470252e-01	2.379936e-01	7.645203e-02	4.618911e-02
949	3.407922e-01	7.449171e-01	2.657578e-02	3.321973e-02	1.740178e-01	6.842493e-02	8.337741e-01	8.655696e-01
11792	7.293022e-01	2.298623e-01	5.824835e-02	7.281044e-02	3.814093e-01	1.517284e-01	9.375419e-01	7.329672e-01
31108	4.903191e-01	7.565522e-01	2.358993e-02	2.948741e-02	1.544665e-01	9.890858e-02	1.448540e-01	9.776807e-01
4392	3.587594e-01	8.220523e-01	2.870946e-02	3.588682e-02	1.879891e-01	1.792061e-01	5.502048e-01	1.095119e-01
6429	4.133648e-01	2.331853e-01	2.082970e-02	2.603713e-02	1.363926e-01	1.344580e-01	8.345171e-01	2.110709e-01
4333	4.317750e-02	9.270159e-01	3.301055e-02	4.126319e-02	2.161526e-01	9.522111e-02	7.313819e-01	3.802709e-01
31866	3.942371e-01	9.576907e-01	2.436287e-02	3.045358e-02	1.595277e-01	1.587109e-01	3.946414e-01	2.345892e-01
10030	2.908572e-01	4.874472e-01	2.812140e-02	3.515175e-02	1.841385e-01	6.571280e-02	8.942957e-01	8.464200e-01
5374	6.559486e-01	9.303853e-02	2.079553e-02	2.599441e-02	1.361688e-01	1.126964e-01	5.981638e-01	7.143245e-01
31	4.553869e-01	8.797439e-01	4.397460e-02	5.496825e-02	2.879450e-01	1.032099e-01	5.850847e-01	8.702964e-01
12950	3.749069e-01	1.651951e-01	2.935868e-02	3.669835e-02	1.922402e-01	1.919543e-01	7.622993e-01	4.696540e-01
13808	1.360833e-01	8.733459e-01	2.236649e-02	2.795811e-02	1.464554e-01	1.287973e-01	3.742810e-01	6.248970e-01
9115	3.509846e-01	3.482529e-01	5.905476e-02	7.381844e-02	3.866896e-01	3.011517e-01	9.551990e-01	9.007659e-02
30796	9.300234e-01	6.306532e-01	3.941354e-02	4.926693e-02	2.580792e-01	7.371019e-02	1.265324e-01	7.820716e-01
6756	5.830860e-01	1.005812e-01	2.647726e-02	3.309657e-02	1.733727e-01	5.261904e-02	9.516490e-01	2.178691e-01
