29072	4.938762e-01	5.597782e-01	2.462075e-02	3.077594e-02	1.612163e-01	1.476558e-01	1.662980e-01	9.501168e-02
8734	5.264763e-01	6.556900e-01	2.089355e-02	2.611694e-02	1.368106e-01	1.145073e-01	7.616341e-01	6.303771e-01
12517	3.154043e-01	2.653239e-01	2.655595e-02	3.319494e-02	1.738880e-01	6.860957e-02	3.797806e-01	4.455785e-01
27749	5.705768e-01	5.063721e-01	3.262737e-02	4.078421e-02	2.136435e-01	2.056198e-01	5.236133e-01	1.950996e-01
12243	5.636330e-01	7.951035e-01	2.496650e-02	3.120813e-02	1.634803e-01	1.125192e-01	1.657662e-01	2.312842e-01
25592	6.193741e-02	3.668630e-01	4.561679e-02	5.702098e-02	2.986980e-01	7.936344e-02	8.632115e-01	1.138130e-02
11093	7.232567e-01	5.529380e-02	2.118313e-02	2.647892e-02	1.387068e-01	8.246103e-02	1.532594e-01	4.077059e-01
23415	9.244151e-01	3.690980e-01	3.665690e-02	4.582112e-02	2.400288e-01	2.325582e-01	5.180853e-01	9.768977e-01
32566	9.067744e-01	5.447704e-01	2.434803e-02	3.043504e-02	1.594305e-01	1.550937e-01	2.432103e-01	2.932924e-01
13503	7.165514e-01	3.129765e-01	2.658865e-02	3.323581e-02	1.741021e-01	1.497209e-01	2.010546e-01	4.981315e-01
24899	7.920411e-01	5.593596e-01	3.485288e-02	4.356610e-02	2.282161e-01	2.265656e-01	9.701966e-01	5.212070e-01
22658	7.713842e-01	6.063792e-02	2.556789e-02	3.195986e-02	1.674181e-01	9.792348e-02	3.479534e-01	3.118319e-01
29843	5.290496e-01	1.672927e-01	2.593670e-02	3.242087e-02	1.698331e-01	1.095822e-01	6.997896e-01	8.838607e-01
28889	3.594138e-01	8.827960e-01	3.420138e-02	4.275172e-02	2.239501e-01	2.237706e-01	3.291386e-01	3.006734e-01
2395	5.490279e-01	7.742459e-02	2.351203e-02	2.939004e-02	1.539564e-01	1.488908e-01	3.175171e-01	5.498767e-01
30884	5.968785e-02	6.679828e-01	2.401388e-02	3.001734e-02	1.572425e-01	8.534585e-02	2.208565e-01	4.693568e-01
29992	5.218009e-01	9.511780e-01	4.710740e-02	5.888425e-02	3.084585e-01	2.223460e-01	9.050535e-02	4.844734e-01
4607	2.814920e-01	4.585760e-01	2.951220e-02	3.689025e-02	1.932454e-01	6.492532e-02	9.043380e-01	3.674342e-01
9799	6.178411e-02	2.878360e-01	4.792603e-02	5.990754e-02	3.138189e-01	2.130757e-01	8.022991e-01	3.859528e-01
683	8.487869e-01	8.740039e-02	4.229420e-02	5.286776e-02	2.769418e-01	1.653443e-01	8.485678e-01	6.687026e-01
6849	1.981786e-01	2.730097e-01	2.837777e-02	3.547222e-02	1.858172e-01	1.582335e-01	4.048641e-01	9.063621e-01
31843	9.538660e-01	5.111277e-01	3.538669e-02	4.423336e-02	2.317115e-01	2.225487e-01	4.966166e-01	4.575195e-01
20177	4.080448e-01	6.942882e-01	3.184586e-02	3.980733e-02	2.085262e-01	7.641318e-02	6.297971e-01	5.674657e-01
8468	7.164017e-01	7.531027e-01	4.493439e-02	5.616799e-02	2.942297e-01	2.238639e-01	6.628158e-01	7.936393e-01
11702	7.308283e-01	6.533370e-01	2.208432e-02	2.760540e-02	1.446078e-01	1.431535e-01	2.994274e-01	1.981932e-01
1433	6.723745e-01	3.351897e-01	2.506903e-02	3.133629e-02	1.641516e-01	1.079816e-01	9.521000e-02	3.681204e-01
15779	2.815399e-01	9.154693e-01	2.284977e-02	2.856222e-02	1.496200e-01	7.421750e-02	7.913708e-01	8.456952e-01
7939	8.772781e-01	2.760604e-01	2.882078e-02	3.602598e-02	1.887180e-01	1.642950e-01	7.534277e-01	9.704493e-01
20589	8.647777e-01	5.950904e-01	2.056371e-02	2.570464e-02	1.346509e-01	1.287399e-01	5.065887e-01	4.466508e-01
4790	4.908562e-01	9.229215e-01	3.378897e-02	4.223621e-02	2.212496e-01	5.921670e-02	7.188299e-01	2.396343e-02
30968	2.970728e-01	5.966491e-01	6.404883e-02	8.006104e-02	4.193908e-01	4.131193e-01	8.468277e-01	6.427632e-01
3611	2.845445e-01	1.919104e-01	2.209028e-02	2.761284e-02	1.446468e-01	6.622578e-02	9.564301e-01	4.197392e-01
7418	9.569143e-01	3.326302e-01	3.170683e-02	3.963353e-02	2.076158e-01	1.827831e-01	6.122012e-01	9.120503e-01
10495	1.004118e-01	3.953428e-02	2.060511e-02	2.575639e-02	1.349220e-01	7.611384e-02	5.083020e-01	6.667422e-01
16879	8.997521e-01	8.749929e-02	4.750891e-02	5.938614e-02	3.110876e-01	1.980251e-01	3.426246e-01	8.356955e-02
25383	9.026591e-01	2.094355e-01	3.321984e-02	4.152480e-02	2.175230e-01	2.148571e-01	3.265776e-01	8.401650e-01
23314	9.014361e-01	7.039954e-01	2.103045e-02	2.628806e-02	1.377070e-01	1.138506e-01	1.403377e-01	4.159876e-01
5708	8.389262e-01	4.381016e-01	3.795420e-02	4.744274e-02	2.485235e-01	1.028826e-01	6.869568e-01	8.543562e-01
15746	2.096772e-01	6.107244e-01	2.429659e-02	3.037074e-02	1.590937e-01	1.550217e-01	1.240381e-02	1.414553e-01
3601	8.890169e-01	4.502960e-01	2.547415e-02	3.184269e-02	1.668043e-01	9.948550e-02	7.444564e-02	7.416594e-01
8883	6.403428e-01	8.503287e-01	4.583167e-02	5.728959e-02	3.001051e-01	9.076229e-02	7.500816e-01	4.112968e-01
2824	8.033246e-01	3.365433e-01	3.121079e-02	3.901349e-02	2.043678e-01	9.032795e-02	9.381111e-01	7.249402e-01
15916	2.341636e-01	7.612950e-01	2.222573e-02	2.778216e-02	1.455337e-01	4.887547e-02	6.417442e-01	2.379562e-01
602	5.015256e-01	6.523823e-01	2.395692e-02	2.994615e-02	1.568695e-01	1.387677e-01	4.250990e-01	1.067966e-02
6619	2.150831e-01	3.601806e-01	3.079126e-02	3.848908e-02	2.016207e-01	1.525772e-01	8.877049e-01	7.417170e-01
18244	2.493028e-01	8.961141e-01	2.395886e-02	2.994858e-02	1.568822e-01	7.516964e-02	2.219715e-01	3.797081e-01
2385	8.180028e-01	1.717009e-01	4.702448e-02	5.878060e-02	3.079155e-01	2.032028e-01	5.883005e-01	2.578416e-01
28818	4.646858e-01	8.108252e-01	4.521609e-02	5.652011e-02	2.960742e-01	2.944325e-01	9.428032e-01	3.365581e-01
25862	2.511607e-01	1.396613e-01	2.253962e-02	2.817453e-02	1.475891e-01	9.969712e-02	3.590054e-02	9.384498e-01
9292	6.111653e-01	7.532808e-01	3.156008e-02	3.945010e-02	2.066549e-01	1.853967e-01	2.755958e-01	7.268145e-01
4863	6.863285e-01	2.672145e-01	2.687043e-02	3.358803e-02	1.759471e-01	1.455120e-01	5.078302e-01	2.869484e-01
18437	6.508862e-01	8.958788e-01	3.737501e-02	4.671876e-02	2.447310e-01	1.812673e-01	9.312254e-01	7.085066e-01
28617	1.470762e-01	8.606403e-01	4.336318e-02	5.420398e-02	2.839414e-01	1.361580e-01	4.573996e-01	3.393682e-01
15949	7.884866e-01	6.416088e-01	2.186060e-02	2.732576e-02	1.431429e-01	1.178052e-01	7.475532e-01	8.180469e-01
18744	3.828430e-01	7.280332e-01	2.377483e-02	2.971854e-02	1.556772e-01	1.346736e-01	8.500418e-01	6.986400e-01
32555	3.210123e-01	8.767150e-01	3.429461e-02	4.286826e-02	2.245606e-01	1.152971e-01	4.581670e-01	7.802324e-01
32260	8.276737e-01	9.550596e-01	2.466644e-02	3.083305e-02	1.615155e-01	1.568245e-01	6.044846e-01	4.051117e-02
24482	2.781535e-01	1.075271e-01	4.132678e-02	5.165847e-02	2.706071e-01	1.240521e-01	9.123072e-01	3.878637e-01
14974	3.397779e-01	5.564408e-01	2.290921e-02	2.863652e-02	1.500092e-01	6.674070e-02	4.911457e-01	9.988135e-01
4741	2.956517e-01	3.868575e-02	2.276034e-02	2.845042e-02	1.490344e-01	1.306368e-01	5.287007e-01	7.105588e-01
30006	4.453524e-01	9.253453e-01	4.423215e-02	5.529018e-02	2.896314e-01	2.640528e-01	4.775285e-01	3.943270e-01
2142	9.087340e-01	6.423227e-01	4.749708e-02	5.937135e-02	3.110101e-01	2.813025e-01	4.596117e-01	8.744263e-01
27538	4.481855e-01	3.471907e-01	4.755916e-02	5.944895e-02	3.114166e-01	1.267972e-01	7.279727e-01	4.416013e-01
25728	6.620126e-01	5.206297e-01	2.293017e-02	2.866271e-02	1.501464e-01	1.498857e-01	4.657904e-01	5.893032e-01
18000	4.719554e-01	3.699391e-01	2.088319e-02	2.610399e-02	1.367428e-01	3.901714e-02	2.291570e-02	2.664986e-01
6748	7.619020e-01	7.762810e-01	4.891359e-02	6.114198e-02	3.202854e-01	2.206744e-01	5.189812e-01	7.481833e-01
24154	8.423054e-01	5.065821e-01	5.648584e-02	7.060730e-02	3.698684e-01	3.671708e-01	6.458858e-01	6.406048e-01
25591	6.746721e-01	7.194767e-01	5.129934e-02	6.412417e-02	3.359073e-01	3.229174e-01	5.361125e-01	2.478173e-02
19943	2.174506e-01	4.975716e-01	2.757898e-02	3.447372e-02	1.805867e-01	1.803648e-01	3.460655e-01	6.013573e-01
8341	2.513983e-01	8.494083e-01	2.061984e-02	2.577480e-02	1.350184e-01	7.184589e-02	3.433597e-01	5.961863e-01
30404	3.599271e-01	3.190430e-01	7.810839e-02	9.763548e-02	5.114525e-01	4.906868e-01	5.721877e-01	8.470913e-01
16117	7.430152e-01	1.025399e-01	3.661506e-02	4.576882e-02	2.397548e-01	2.201301e-01	6.026035e-01	4.930487e-01
11371	9.671585e-01	9.094431e-01	2.951086e-02	3.688857e-02	1.932366e-01	1.763141e-01	4.678283e-01	1.564062e-02
29601	2.519237e-01	3.229510e-01	2.522017e-02	3.152521e-02	1.651413e-01	1.508921e-01	8.179775e-01	1.672570e-01
6395	4.210398e-01	8.593131e-01	2.118770e-02	2.648462e-02	1.387367e-01	1.195584e-01	7.455014e-01	1.579248e-01
17105	8.212583e-01	7.971280e-01	2.135992e-02	2.669990e-02	1.398644e-01	9.694751e-02	6.296596e-03	2.960362e-01
21381	7.780832e-02	5.753165e-01	3.744400e-02	4.680500e-02	2.451827e-01	2.130920e-01	1.772199e-01	4.993227e-01
7429	3.325642e-01	7.888688e-01	2.088614e-02	2.610768e-02	1.367621e-01	6.736019e-02	1.705297e-01	2.895334e-01
3909	8.020485e-01	2.876213e-01	3.181311e-02	3.976639e-02	2.083118e-01	2.015150e-01	6.524948e-01	5.609277e-01
28172	1.557093e-01	1.328888e-01	2.908678e-02	3.635848e-02	1.904598e-01	8.815391e-02	9.990210e-01	7.542049e-01
28668	4.489005e-01	6.922485e-01	2.335208e-02	2.919009e-02	1.529090e-01	5.463252e-02	9.164626e-01	2.419538e-01
17824	3.384528e-01	7.356291e-01	2.271620e-02	2.839525e-02	1.487453e-01	1.418829e-01	4.857653e-01	5.137668e-01
13639	1.568708e-01	8.660772e-02	2.500784e-02	3.125979e-02	1.637509e-01	1.092291e-01	1.617885e-01	3.100846e-01
19663	6.431591e-01	2.769654e-01	2.131312e-02	2.664140e-02	1.395580e-01	7.693031e-02	9.419712e-01	3.407118e-01
