25379	4.172349e-01	4.952454e-01	3.034131e-02	3.792664e-02	1.986744e-01	1.030980e-01	6.180017e-01	9.538060e-01
23666	8.113582e-01	6.770081e-01	3.684412e-02	4.605515e-02	2.412547e-01	2.283521e-01	8.504144e-01	7.096256e-01
7633	5.257084e-01	5.216098e-02	2.878783e-02	3.598479e-02	1.885023e-01	1.714158e-01	7.957890e-01	8.891309e-01
32408	6.573997e-01	7.297778e-02	2.773690e-02	3.467113e-02	1.816208e-01	1.762767e-01	8.225878e-01	8.779088e-01
4908	1.576619e-01	3.374971e-01	4.488424e-02	5.610530e-02	2.939013e-01	2.220194e-01	3.844242e-01	7.303416e-01
1211	4.445272e-01	8.351055e-01	2.907955e-02	3.634943e-02	1.904124e-01	1.855974e-01	3.302623e-01	1.945747e-01
18149	8.574102e-01	7.349767e-01	2.792246e-02	3.490307e-02	1.828358e-01	1.426700e-01	6.744074e-01	8.717112e-01
21903	6.950709e-01	6.659221e-01	2.512913e-02	3.141142e-02	1.645452e-01	5.848679e-02	6.785882e-01	9.585498e-01
15213	2.074181e-01	7.092534e-01	3.035707e-02	3.794634e-02	1.987776e-01	1.710737e-01	3.700736e-01	2.748829e-02
6332	2.021384e-01	3.166573e-01	2.859680e-02	3.574600e-02	1.872514e-01	1.849457e-01	5.762158e-01	2.469623e-01
14402	5.137584e-01	6.788183e-01	3.213875e-02	4.017344e-02	2.104440e-01	1.264349e-01	9.183806e-01	9.606903e-01
104	4.220789e-01	2.593715e-01	5.760000e-02	7.200000e-02	3.771639e-01	3.757947e-01	7.711916e-01	8.017021e-01
10597	5.068235e-01	1.691334e-01	6.408095e-02	8.010119e-02	4.196011e-01	4.112542e-01	1.371712e-01	3.733680e-01
12592	8.541148e-01	6.645499e-02	2.679378e-02	3.349223e-02	1.754453e-01	1.217248e-01	2.001920e-01	9.770731e-01
11967	5.124069e-01	4.910136e-01	5.568747e-02	6.960934e-02	3.646407e-01	2.203939e-01	2.824522e-01	1.699393e-01
21982	8.421551e-01	4.139117e-01	3.210260e-02	4.012825e-02	2.102073e-01	1.841478e-01	3.316296e-01	6.094624e-01
8512	7.419335e-01	1.124643e-01	7.575522e-02	9.469403e-02	4.960440e-01	3.235043e-01	7.818352e-01	9.096578e-01
6935	9.069161e-01	6.588617e-01	5.986374e-02	7.482968e-02	3.919869e-01	1.540080e-01	5.846262e-01	2.552627e-01
26271	7.547837e-01	7.294155e-01	2.210366e-02	2.762957e-02	1.447344e-01	1.432489e-01	2.113780e-01	1.410960e-02
28355	8.738112e-01	4.489032e-01	3.492176e-02	4.365220e-02	2.286671e-01	1.572815e-01	2.239514e-01	4.947365e-01
819	9.702925e-01	3.565895e-01	2.703175e-02	3.378969e-02	1.770035e-01	1.769887e-01	8.607939e-01	8.624975e-01
2529	5.139194e-01	4.367686e-01	4.231182e-02	5.288978e-02	2.770572e-01	7.534525e-02	3.042599e-01	9.490511e-01
30246	9.080576e-01	5.535450e-01	4.245345e-02	5.306682e-02	2.779845e-01	2.774830e-01	5.984030e-01	4.392581e-01
16739	3.061016e-01	3.134888e-01	3.597313e-02	4.496641e-02	2.355515e-01	2.190928e-01	1.558256e-01	5.059210e-01
9518	6.363295e-01	4.805141e-01	5.371827e-02	6.714784e-02	3.517464e-01	1.479314e-01	1.527737e-01	6.156435e-01
3845	3.535659e-01	3.702552e-01	3.265188e-02	4.081485e-02	2.138040e-01	2.127452e-01	2.671585e-01	9.533659e-01
15960	1.699578e-01	5.202837e-02	3.156232e-02	3.945291e-02	2.066696e-01	1.368096e-01	3.610990e-01	8.993846e-01
15228	3.225435e-01	2.507039e-01	2.492353e-02	3.115441e-02	1.631989e-01	4.733884e-02	3.963984e-01	6.602133e-01
1909	3.426296e-01	8.873181e-01	4.802303e-02	6.002879e-02	3.144541e-01	8.867598e-02	6.185724e-01	8.516419e-01
12323	5.879163e-01	7.620459e-01	2.664758e-02	3.330947e-02	1.744879e-01	9.055798e-02	8.554171e-01	2.104506e-01
30583	8.944937e-01	6.518297e-02	2.408712e-02	3.010890e-02	1.577221e-01	8.434941e-02	1.015225e-01	2.678566e-01
19676	6.042905e-01	3.680332e-01	3.798906e-02	4.748632e-02	2.487518e-01	2.413482e-01	1.810215e-01	2.058736e-01
16262	8.223049e-01	8.689351e-01	3.056572e-02	3.820715e-02	2.001439e-01	5.295477e-02	9.646533e-01	8.354371e-01
26727	6.641146e-01	9.538287e-01	2.526993e-02	3.158742e-02	1.654671e-01	1.506784e-01	8.841584e-01	9.803817e-01
19523	5.188563e-01	3.540392e-01	3.514745e-02	4.393432e-02	2.301450e-01	6.569383e-02	3.313072e-01	8.913206e-01
20672	2.285885e-01	2.326950e-01	3.046243e-02	3.807804e-02	1.994675e-01	1.930225e-01	6.476135e-01	5.371364e-01
29236	8.496370e-01	7.961470e-01	2.692082e-02	3.365102e-02	1.762771e-01	9.196040e-02	8.180087e-01	9.663072e-01
30093	4.451003e-01	9.713893e-01	2.245708e-02	2.807136e-02	1.470486e-01	1.349139e-01	2.603064e-01	1.181957e-01
28509	8.295984e-01	2.145315e-01	2.714922e-02	3.393653e-02	1.777727e-01	1.729072e-01	9.403269e-01	5.537505e-01
9422	8.608648e-01	8.731341e-01	3.232279e-02	4.040349e-02	2.116492e-01	6.729153e-02	7.907946e-01	7.554657e-01
8358	1.775631e-01	7.987370e-01	2.361798e-02	2.952248e-02	1.546502e-01	8.153085e-02	1.546905e-01	2.829166e-01
15766	6.899723e-01	3.357580e-01	2.569772e-02	3.212215e-02	1.682683e-01	1.609860e-01	4.130260e-01	9.673933e-01
2273	7.387138e-01	3.397204e-01	4.840526e-02	6.050658e-02	3.169569e-01	3.166411e-01	6.711852e-01	1.437795e-01
21238	4.597456e-01	1.281693e-01	2.180377e-02	2.725471e-02	1.427707e-01	4.255600e-02	5.348845e-01	1.572617e-01
23827	6.496442e-01	6.193558e-01	4.761820e-02	5.952275e-02	3.118032e-01	3.117912e-01	4.777187e-01	4.563016e-01
11703	7.014587e-02	2.000718e-01	4.450983e-02	5.563729e-02	2.914497e-01	2.731255e-01	3.252661e-01	8.901074e-01
26289	5.519457e-01	5.204394e-01	2.094970e-02	2.618713e-02	1.371783e-01	1.263327e-01	3.643509e-01	4.433235e-01
10656	2.338437e-01	1.745354e-01	2.422055e-02	3.027568e-02	1.585958e-01	9.466595e-02	5.443069e-01	6.692785e-01
21073	6.088485e-01	1.334911e-01	2.146639e-02	2.683299e-02	1.405616e-01	9.081647e-02	8.877476e-01	9.827515e-01
23502	3.207398e-01	6.172296e-01	3.716358e-02	4.645448e-02	2.433466e-01	1.330123e-01	9.781388e-01	4.386750e-01
13502	2.377329e-01	1.038174e-01	4.741597e-02	5.926996e-02	3.104790e-01	8.343456e-02	2.205686e-01	9.665284e-01
27425	9.362347e-01	1.324690e-01	5.986644e-02	7.483306e-02	3.920045e-01	3.849116e-01	3.669822e-01	9.001061e-01
23990	3.645810e-01	1.430639e-01	3.335022e-02	4.168777e-02	2.183767e-01	2.098504e-01	1.844649e-01	6.731407e-02
11075	7.357039e-01	5.731010e-01	2.463587e-02	3.079484e-02	1.613153e-01	1.251532e-01	6.688561e-01	5.128866e-01
26732	9.165887e-02	6.581802e-01	5.570815e-02	6.963519e-02	3.647761e-01	3.589911e-01	9.558874e-01	6.044068e-01
32503	6.995010e-01	7.494653e-01	5.015392e-02	6.269240e-02	3.284071e-01	3.283984e-01	7.414409e-01	7.016125e-01
12680	5.492115e-01	3.542229e-01	3.344569e-02	4.180712e-02	2.190019e-01	1.246578e-01	1.574172e-01	4.197045e-01
28366	7.830920e-01	3.613010e-02	2.056111e-02	2.570139e-02	1.346339e-01	8.105758e-02	5.438714e-01	2.615535e-01
9900	4.335805e-01	6.424545e-02	3.840761e-02	4.800951e-02	2.514924e-01	2.325301e-01	1.256709e-02	2.561561e-01
6547	2.803544e-01	9.559875e-01	2.603556e-02	3.254445e-02	1.704804e-01	1.006872e-01	2.499804e-01	8.390359e-01
10989	2.427037e-01	5.238723e-01	3.195306e-02	3.994132e-02	2.092281e-01	1.662892e-01	5.642572e-01	1.342501e-01
11351	5.749176e-01	2.369621e-01	7.439447e-02	9.299308e-02	4.871338e-01	2.046657e-01	4.149264e-01	5.886869e-01
29218	5.584797e-02	3.322382e-01	2.944822e-02	3.681027e-02	1.928265e-01	1.907431e-01	9.544787e-01	5.579032e-01
5557	2.163254e-01	8.517892e-01	2.824734e-02	3.530917e-02	1.849631e-01	1.616496e-01	6.035675e-01	8.805785e-01
17193	3.131375e-01	8.118728e-01	5.309020e-02	6.636275e-02	3.476338e-01	3.397691e-01	7.023868e-01	2.952198e-01
17202	7.811320e-01	1.810929e-01	4.385404e-02	5.481755e-02	2.871556e-01	2.425952e-01	1.726476e-01	4.474162e-01
16505	1.056787e-01	8.252796e-01	4.093620e-02	5.117025e-02	2.680496e-01	2.092760e-01	3.047439e-02	9.872724e-01
16773	1.332246e-01	9.332829e-01	2.181935e-02	2.727419e-02	1.428728e-01	1.421301e-01	5.357866e-01	9.976099e-02
2222	3.386304e-02	5.196484e-01	2.268141e-02	2.835176e-02	1.485175e-01	1.407168e-01	7.581438e-01	2.962265e-01
21222	9.074453e-01	8.482099e-01	2.261277e-02	2.826597e-02	1.480681e-01	1.400782e-01	5.129800e-01	6.995271e-01
25776	2.716211e-01	4.843905e-02	4.430716e-02	5.538395e-02	2.901226e-01	9.964611e-02	9.465450e-01	7.946287e-01
