7566	8.719769e-01	7.308447e-01	5.714023e-02	7.142529e-02	3.741533e-01	3.726723e-01	8.665088e-01	3.632588e-01
20241	1.164482e-01	6.951313e-01	5.235344e-02	6.544180e-02	3.428095e-01	3.222254e-01	7.994555e-01	8.251904e-02
14205	4.960364e-01	2.502007e-01	6.188573e-02	7.735716e-02	4.052268e-01	3.131786e-01	1.847300e-01	1.504585e-01
1474	1.115163e-01	5.814804e-02	4.366183e-02	5.457728e-02	2.858970e-01	2.776855e-01	2.572336e-01	6.367997e-01
16071	4.996952e-01	8.387461e-01	2.158536e-02	2.698170e-02	1.413406e-01	1.302990e-01	9.148984e-01	8.753077e-01
19719	9.275538e-02	5.109692e-01	3.582587e-02	4.478234e-02	2.345873e-01	2.080054e-01	8.418870e-01	7.146116e-01
264	1.789470e-01	4.475639e-01	3.446691e-02	4.308364e-02	2.256888e-01	2.110108e-01	3.067038e-01	9.716480e-01
9837	5.575412e-01	5.290279e-01	4.260430e-02	5.325537e-02	2.789723e-01	2.522809e-01	6.175514e-01	7.756660e-01
13124	3.278666e-01	8.604190e-01	7.334195e-02	9.167744e-02	4.802420e-01	3.417636e-01	7.267627e-01	3.163022e-01
11544	8.149012e-01	8.091354e-01	5.144516e-02	6.430645e-02	3.368621e-01	1.840635e-01	1.516246e-01	2.534044e-01
22242	5.392081e-01	5.952163e-01	3.560406e-02	4.450508e-02	2.331349e-01	1.709855e-01	8.377749e-01	9.619651e-01
7598	8.941636e-01	3.409900e-01	2.764435e-02	3.455543e-02	1.810148e-01	5.691716e-02	8.883289e-01	7.358361e-01
26870	9.022096e-01	5.905811e-01	6.941261e-02	8.676577e-02	4.545127e-01	4.007101e-01	8.763316e-01	8.798774e-03
7613	3.141767e-01	3.807844e-01	2.864324e-02	3.580405e-02	1.875555e-01	9.358532e-02	1.370610e-01	5.248119e-01
22325	8.556832e-01	2.346689e-01	2.360342e-02	2.950428e-02	1.545548e-01	5.915045e-02	5.052893e-01	5.789730e-01
15477	6.259309e-01	8.002206e-01	2.179543e-02	2.724429e-02	1.427161e-01	5.813879e-02	2.571169e-01	8.174599e-01
28173	1.587374e-01	9.083118e-01	2.720051e-02	3.400063e-02	1.781085e-01	8.753122e-02	5.183332e-01	7.685958e-03
11810	1.237511e-01	8.527564e-01	4.140369e-02	5.175461e-02	2.711107e-01	2.338464e-01	5.023498e-01	7.568277e-01
17150	6.577970e-01	7.945663e-01	2.250849e-02	2.813561e-02	1.473852e-01	1.075163e-01	4.892662e-01	9.254268e-01
4310	7.774084e-01	8.486543e-01	2.799495e-02	3.499368e-02	1.833105e-01	1.833088e-01	1.686732e-01	7.480004e-01
11009	8.170314e-01	4.279021e-01	7.453980e-02	9.317475e-02	4.880854e-01	3.973631e-01	3.462865e-01	7.518416e-01
236	9.414813e-01	4.808608e-01	2.655085e-02	3.318856e-02	1.738545e-01	1.661947e-01	7.524703e-01	8.822155e-01
20256	4.288241e-01	4.914239e-01	7.831560e-02	9.789450e-02	5.128093e-01	4.914754e-01	2.424118e-01	6.230890e-01
25503	4.424003e-01	6.859970e-02	4.105777e-02	5.132222e-02	2.688457e-01	2.648698e-01	3.469913e-01	9.991567e-01
18738	4.752439e-01	7.969027e-01	2.056260e-02	2.570325e-02	1.346436e-01	4.496140e-02	4.269999e-01	1.108426e-01
13456	8.724790e-01	3.838897e-01	4.561729e-02	5.702162e-02	2.987013e-01	1.246605e-01	5.119795e-02	5.400745e-01
6602	3.726568e-01	2.470066e-01	3.011452e-02	3.764315e-02	1.971894e-01	1.406398e-01	3.580857e-01	1.174718e-01
17941	2.699376e-01	3.426252e-01	4.285188e-02	5.356485e-02	2.805934e-01	1.886569e-01	4.731836e-01	4.598623e-01
12016	2.423476e-01	8.566926e-01	3.570026e-02	4.462532e-02	2.337647e-01	8.718158e-02	5.520776e-01	5.449209e-01
32219	6.507288e-01	3.152761e-01	2.335454e-02	2.919318e-02	1.529252e-01	1.528871e-01	8.935364e-01	9.191048e-01
7936	5.191129e-01	1.087266e-01	2.218506e-02	2.773132e-02	1.452674e-01	1.437839e-01	6.748966e-01	5.447119e-01
21789	2.318212e-01	5.966863e-01	4.071968e-02	5.089960e-02	2.666318e-01	2.565044e-01	4.080687e-02	8.402230e-01
7822	8.065161e-01	8.621229e-01	3.372874e-02	4.216092e-02	2.208553e-01	8.333710e-02	7.252034e-01	6.319638e-01
13455	9.554148e-01	4.178684e-01	3.394307e-02	4.242884e-02	2.222587e-01	2.220225e-01	6.155730e-01	1.108122e-01
24562	4.524126e-01	3.587236e-01	2.553340e-02	3.191675e-02	1.671923e-01	1.595724e-01	4.869005e-01	7.514006e-01
28454	7.062024e-01	9.226587e-01	2.055900e-02	2.569875e-02	1.346200e-01	3.883579e-02	9.912360e-01	1.329455e-01
30987	4.153016e-02	1.697791e-01	2.415712e-02	3.019640e-02	1.581805e-01	5.510210e-02	6.675864e-02	6.835199e-01
6379	7.051755e-01	5.447070e-01	2.430601e-02	3.038251e-02	1.591554e-01	1.546389e-01	8.083968e-01	1.645731e-01
16349	3.123762e-01	2.119949e-01	2.760520e-02	3.450650e-02	1.807584e-01	1.332986e-01	4.863264e-01	5.888642e-01
17583	8.133891e-01	1.976070e-01	3.125829e-02	3.907287e-02	2.046788e-01	2.046359e-01	8.214608e-01	4.356418e-01
15443	5.947827e-01	7.171015e-01	3.368617e-02	4.210771e-02	2.205765e-01	1.169673e-01	6.550031e-02	8.431168e-02
1192	7.028405e-01	9.509906e-01	2.290630e-02	2.863288e-02	1.499901e-01	1.376574e-01	7.032703e-01	9.866638e-02
32233	1.859904e-01	7.383528e-01	3.168754e-02	3.960943e-02	2.074895e-01	1.968486e-01	5.529792e-01	6.110285e-01
6780	5.696398e-01	4.743133e-01	3.436581e-02	4.295726e-02	2.250268e-01	1.950774e-01	2.609708e-01	7.983366e-01
14789	4.853542e-02	6.619077e-01	3.134827e-02	3.918534e-02	2.052680e-01	1.794879e-01	1.859510e-01	8.844766e-02
26053	8.712592e-01	7.257308e-02	2.341853e-02	2.927316e-02	1.533442e-01	7.902266e-02	8.953924e-01	5.191811e-01
4776	1.304904e-01	1.797811e-01	2.174606e-02	2.718257e-02	1.423928e-01	1.051215e-01	7.025314e-01	6.770023e-01
1111	4.428520e-02	3.853152e-01	2.264971e-02	2.831213e-02	1.483099e-01	8.815506e-02	4.337201e-01	2.778060e-01
24623	4.297191e-01	9.598288e-01	2.252457e-02	2.815572e-02	1.474906e-01	7.404222e-02	6.205613e-01	7.739510e-01
19298	7.250578e-01	4.457518e-01	3.341103e-02	4.176379e-02	2.187749e-01	9.631065e-02	5.548000e-01	1.980377e-01
21106	5.856304e-01	6.684068e-01	2.206580e-02	2.758225e-02	1.444865e-01	9.084294e-02	2.082169e-01	2.360428e-01
8646	9.342587e-01	3.371602e-01	4.101775e-02	5.127219e-02	2.685836e-01	2.572186e-01	5.751809e-01	7.897530e-01
7842	8.090234e-01	7.354533e-01	3.341576e-02	4.176970e-02	2.188059e-01	1.860294e-01	2.782912e-01	2.961735e-01
20649	9.470977e-02	2.027453e-01	2.484624e-02	3.105781e-02	1.626928e-01	5.417862e-02	1.628083e-01	2.199143e-01
20002	5.190996e-01	9.561396e-01	2.185120e-02	2.731400e-02	1.430813e-01	1.352234e-01	8.393931e-01	6.936459e-01
19181	8.214765e-01	1.246520e-01	3.324143e-02	4.155179e-02	2.176644e-01	1.996832e-01	8.170486e-01	1.281235e-01
11519	6.446985e-01	7.006382e-01	6.421045e-02	8.026306e-02	4.204490e-01	4.174081e-01	9.452329e-01	3.957375e-01
32375	8.045012e-02	3.421434e-01	2.831490e-02	3.539363e-02	1.854055e-01	1.302400e-01	1.192959e-02	8.981763e-01
1789	7.452164e-01	4.040158e-01	2.889014e-02	3.611268e-02	1.891722e-01	1.042990e-01	2.364130e-04	9.129032e-01
2458	3.999817e-01	8.460596e-01	3.767599e-02	4.709499e-02	2.467018e-01	2.281278e-01	9.312143e-01	3.530069e-01
6796	6.928277e-01	8.110269e-01	2.485980e-02	3.107475e-02	1.627816e-01	1.029016e-01	1.562995e-01	7.570770e-01
25647	3.280733e-01	1.275003e-01	4.878576e-02	6.098220e-02	3.194484e-01	3.157987e-01	8.930635e-01	6.695242e-01
7551	7.142466e-01	4.103143e-01	2.278751e-02	2.848438e-02	1.492122e-01	1.470136e-01	3.540812e-01	1.233955e-01
28212	2.846102e-01	5.296173e-01	2.733876e-02	3.417345e-02	1.790138e-01	1.502871e-01	1.873516e-01	7.895828e-01
11604	9.739204e-01	4.861869e-01	2.407623e-02	3.009529e-02	1.576508e-01	9.319990e-02	6.108655e-01	3.348380e-02
8627	5.779261e-01	1.306630e-01	2.690033e-02	3.362541e-02	1.761429e-01	1.007398e-01	2.329056e-01	6.608616e-01
9381	4.020535e-02	9.160860e-01	3.371824e-02	4.214780e-02	2.207865e-01	1.285484e-01	6.516727e-01	9.163790e-01
9450	6.549392e-01	1.661539e-01	2.991581e-02	3.739477e-02	1.958883e-01	1.838292e-01	2.767970e-01	6.763319e-01
13409	4.528846e-01	1.442036e-01	2.733932e-02	3.417415e-02	1.790175e-01	1.530502e-01	5.579715e-01	9.361354e-01
20117	5.408970e-01	4.690238e-02	2.659836e-02	3.324795e-02	1.741657e-01	8.902710e-02	7.518079e-01	9.696068e-01
404	9.597210e-01	6.964836e-01	3.279681e-02	4.099602e-02	2.147530e-01	2.147469e-01	3.640781e-01	5.586758e-01
20490	7.461270e-01	3.080905e-01	6.371308e-02	7.964135e-02	4.171923e-01	4.108416e-01	9.673590e-01	1.112220e-01
13396	3.236783e-01	7.297206e-01	3.001040e-02	3.751300e-02	1.965076e-01	1.759968e-01	5.406350e-01	9.723628e-01
14085	1.680739e-01	8.342496e-01	2.127142e-02	2.658928e-02	1.392849e-01	7.128746e-02	5.764169e-01	2.193479e-01
