24565	5.990737e-01	3.141848e-01	2.099041e-02	2.623801e-02	1.374449e-01	8.025791e-02	1.553107e-01	5.987061e-01
4442	7.298593e-02	7.452315e-01	2.072678e-02	2.590848e-02	1.357187e-01	8.606416e-02	5.403491e-01	5.846895e-02
2959	7.626436e-01	8.491146e-01	6.659082e-02	8.323852e-02	4.360356e-01	3.355360e-01	3.643806e-02	9.694197e-02
25447	3.887860e-01	6.187238e-01	5.116322e-02	6.395403e-02	3.350160e-01	2.991875e-01	8.499307e-01	5.042140e-01
29219	8.595760e-01	5.267941e-01	3.209561e-02	4.011951e-02	2.101615e-01	2.081816e-01	6.239643e-01	7.196807e-01
30811	9.058030e-01	3.016319e-01	4.875208e-02	6.094010e-02	3.192278e-01	2.812656e-01	7.622425e-01	1.795445e-01
31393	5.655415e-01	5.257919e-01	4.400514e-02	5.500643e-02	2.881450e-01	2.834655e-01	5.971264e-02	6.631152e-01
31015	3.922154e-01	8.991496e-01	2.058510e-02	2.573138e-02	1.347909e-01	9.415085e-02	5.052543e-01	3.105602e-01
2456	2.613407e-01	9.003385e-01	2.828144e-02	3.535180e-02	1.851864e-01	1.760398e-01	1.049844e-01	6.236334e-01
4468	2.061980e-01	9.668675e-02	3.292024e-02	4.115030e-02	2.155612e-01	2.153351e-01	2.591097e-01	7.374492e-01
3458	6.505427e-01	9.165470e-01	2.200815e-02	2.751019e-02	1.441090e-01	1.385510e-01	2.051716e-02	6.929134e-01
287	8.372364e-01	6.667743e-01	2.458074e-02	3.072593e-02	1.609543e-01	1.177097e-01	2.527987e-01	4.417057e-02
16745	9.556950e-01	6.601021e-01	4.278140e-02	5.347675e-02	2.801320e-01	7.734519e-02	8.011022e-01	1.432158e-01
9920	6.466251e-01	6.909064e-01	3.383427e-02	4.229284e-02	2.215463e-01	9.712387e-02	6.123737e-01	1.673447e-01
20390	2.331964e-01	3.722595e-01	2.157409e-02	2.696762e-02	1.412668e-01	1.308482e-01	7.703549e-01	9.386873e-01
28418	7.349608e-01	8.922756e-01	2.243120e-02	2.803901e-02	1.468792e-01	1.334352e-01	6.178127e-02	8.158110e-01
31125	8.590313e-02	7.755991e-01	2.117436e-02	2.646795e-02	1.386494e-01	1.377022e-01	8.539568e-01	7.009376e-01
29883	6.708207e-01	8.545206e-01	4.307888e-02	5.384860e-02	2.820798e-01	2.805350e-01	9.922015e-01	7.791855e-01
12621	8.516391e-02	4.363400e-02	3.895396e-02	4.869246e-02	2.550700e-01	2.547431e-01	7.466033e-01	5.769850e-01
29899	9.076894e-01	7.753361e-01	5.264336e-02	6.580421e-02	3.447079e-01	2.225031e-01	7.797198e-01	4.831635e-01
546	8.850952e-01	9.688555e-01	2.276339e-02	2.845423e-02	1.490543e-01	8.405945e-02	6.601246e-01	4.384483e-01
29677	3.435392e-01	1.161678e-01	7.943231e-02	9.929039e-02	5.201216e-01	5.108559e-01	7.133651e-01	2.415013e-02
14183	5.572510e-02	3.900298e-01	2.108165e-02	2.635206e-02	1.380423e-01	1.375041e-01	4.975576e-01	1.407265e-02
17492	3.242379e-01	8.563805e-01	4.254422e-02	5.318028e-02	2.785789e-01	1.044308e-01	9.126406e-01	1.474638e-01
13810	3.180478e-01	3.116090e-01	7.193995e-02	8.992494e-02	4.710617e-01	2.630883e-01	5.311183e-01	4.326305e-01
26539	7.661606e-01	2.520959e-01	2.494066e-02	3.117583e-02	1.633111e-01	4.671114e-02	3.028941e-01	3.509938e-01
16526	6.031438e-01	8.881077e-01	2.549620e-02	3.187025e-02	1.669487e-01	1.651725e-01	6.264084e-01	2.622946e-01
25346	4.710697e-01	5.353154e-01	3.334618e-02	4.168272e-02	2.183503e-01	2.143220e-01	5.481146e-01	2.529484e-01
25375	8.622201e-01	1.548808e-01	6.685461e-02	8.356826e-02	4.377630e-01	2.994478e-01	1.408697e-01	9.512091e-01
5066	6.597831e-01	3.715041e-01	7.090852e-02	8.863565e-02	4.643079e-01	4.334713e-01	1.547387e-01	5.172669e-01
15184	5.549440e-01	7.516516e-01	3.054990e-02	3.818738e-02	2.000403e-01	9.027852e-02	7.642726e-01	2.381714e-01
14623	6.266510e-01	4.653172e-01	5.558011e-02	6.947514e-02	3.639377e-01	2.248918e-01	4.021320e-01	3.750475e-02
19833	4.968718e-01	2.261160e-01	3.620048e-02	4.525060e-02	2.370402e-01	2.354401e-01	3.159158e-01	7.234968e-01
27578	8.143698e-01	7.044483e-01	2.497090e-02	3.121363e-02	1.635091e-01	9.634331e-02	4.946308e-01	3.843356e-01
2168	6.843425e-01	4.611086e-01	2.578846e-02	3.223558e-02	1.688625e-01	1.266482e-01	2.478895e-01	6.668597e-01
491	1.104959e-01	2.037444e-01	2.077335e-02	2.596669e-02	1.360236e-01	3.558683e-02	8.327395e-01	7.635475e-01
24088	4.026611e-01	4.849239e-01	4.372270e-02	5.465338e-02	2.862956e-01	2.289217e-01	5.322575e-01	2.715182e-01
6002	9.444015e-01	9.092338e-02	2.063710e-02	2.579637e-02	1.351314e-01	1.344505e-01	8.889191e-01	6.884543e-01
13848	9.101123e-01	4.116462e-01	4.014647e-02	5.018308e-02	2.628784e-01	2.562043e-01	3.766742e-01	5.339943e-01
23448	5.242399e-01	3.836533e-01	5.615399e-02	7.019248e-02	3.676954e-01	2.054415e-01	7.299646e-01	8.297973e-01
20988	1.504731e-01	8.343650e-01	2.397992e-02	2.997490e-02	1.570201e-01	1.224062e-01	8.255737e-01	6.087372e-01
26890	1.711301e-01	5.861234e-01	2.161401e-02	2.701751e-02	1.415282e-01	1.404155e-01	1.814269e-01	5.422523e-01
32375	4.797783e-01	6.778125e-02	2.081049e-02	2.601312e-02	1.362668e-01	1.297660e-01	5.640891e-01	5.615770e-01
24734	4.021420e-01	7.007428e-01	3.106957e-02	3.883696e-02	2.034430e-01	1.457667e-01	5.244113e-01	8.168020e-01
14811	8.845977e-01	2.449263e-01	4.106845e-02	5.133556e-02	2.689155e-01	2.172429e-01	1.789726e-01	6.797645e-01
19502	1.350521e-01	4.137806e-01	4.352229e-02	5.440286e-02	2.849833e-01	2.545439e-01	2.887685e-01	6.912786e-02
28894	2.544924e-01	6.464290e-01	2.055636e-02	2.569544e-02	1.346027e-01	6.551680e-02	9.191361e-01	1.872858e-01
21761	9.462639e-01	8.674549e-01	5.550725e-02	6.938406e-02	3.634606e-01	1.549551e-01	2.673799e-01	7.229909e-01
25409	6.134435e-01	5.447805e-01	2.658845e-02	3.323556e-02	1.741007e-01	5.761371e-02	3.298584e-01	8.845702e-01
30392	1.885811e-01	9.220156e-01	3.513149e-02	4.391436e-02	2.300404e-01	1.764804e-01	1.600583e-01	8.067691e-01
24584	3.948152e-01	3.008028e-01	2.248380e-02	2.810476e-02	1.472236e-01	1.469635e-01	1.242577e-01	9.214043e-01
1841	3.458064e-01	3.731991e-01	4.242867e-02	5.303584e-02	2.778223e-01	1.207854e-01	9.126082e-01	5.954884e-01
12892	8.022724e-01	9.306896e-01	5.092980e-02	6.366225e-02	3.334875e-01	1.556240e-01	5.049260e-01	7.910293e-02
23874	1.742010e-01	7.358249e-01	2.317863e-02	2.897329e-02	1.517733e-01	1.487522e-01	5.378212e-01	2.691704e-01
29884	1.412041e-01	4.873208e-01	2.961212e-02	3.701516e-02	1.938997e-01	1.390170e-01	3.794614e-01	2.585308e-01
23410	4.858786e-01	6.359929e-01	2.500562e-02	3.125702e-02	1.637364e-01	5.404025e-02	9.555031e-03	8.520277e-01
15314	1.770576e-01	3.278393e-01	2.975185e-02	3.718982e-02	1.948147e-01	1.944609e-01	8.882018e-01	3.397291e-01
6785	4.021993e-01	3.503262e-02	3.272188e-02	4.090235e-02	2.142624e-01	6.926224e-02	3.331025e-01	2.265880e-01
15093	8.421956e-01	7.734140e-01	2.279960e-02	2.849950e-02	1.492914e-01	1.373879e-01	5.726389e-01	8.930587e-01
15277	7.557284e-02	4.102535e-01	4.614884e-02	5.768605e-02	3.021819e-01	1.269034e-01	6.493230e-01	2.760001e-01
22565	2.205125e-01	5.558785e-01	6.406460e-02	8.008075e-02	4.194940e-01	3.111212e-01	5.328584e-01	4.719926e-01
13276	2.141710e-01	7.993194e-01	2.350643e-02	2.938303e-02	1.539197e-01	1.334767e-01	7.374806e-01	7.740768e-01
24314	7.405922e-01	5.394761e-01	2.361946e-02	2.952432e-02	1.546598e-01	1.458707e-01	6.758900e-01	5.138108e-01
23624	9.445332e-02	2.578376e-01	2.131511e-02	2.664389e-02	1.395710e-01	1.341176e-01	8.941304e-01	4.857420e-02
1970	7.717309e-01	1.134870e-01	2.786504e-02	3.483129e-02	1.824598e-01	1.496279e-01	9.821540e-01	6.313898e-01
26478	6.640877e-01	9.477925e-02	5.375514e-02	6.719393e-02	3.519878e-01	2.713183e-01	5.552052e-01	7.976612e-01
16416	1.589207e-01	1.105376e-01	2.790040e-02	3.487550e-02	1.826914e-01	1.431413e-01	8.083138e-01	6.241748e-01
18677	7.089582e-01	1.197594e-01	2.673589e-02	3.341987e-02	1.750662e-01	1.703769e-01	4.309883e-01	9.407899e-01
23371	7.285530e-02	8.655869e-01	2.180725e-02	2.725907e-02	1.427935e-01	1.266014e-01	3.298238e-01	3.425300e-01
32712	5.786204e-01	2.330305e-01	2.783758e-02	3.479698e-02	1.822800e-01	1.303093e-01	8.240876e-01	1.987122e-01
2975	7.125204e-01	5.603653e-02	2.197605e-02	2.747006e-02	1.438988e-01	8.163095e-02	1.113839e-01	4.261545e-01
23926	8.571503e-01	7.043698e-02	4.447783e-02	5.559728e-02	2.912401e-01	2.912046e-01	8.409125e-01	7.952970e-01
936	7.840711e-01	7.658877e-01	2.940334e-02	3.675417e-02	1.925326e-01	1.843290e-01	4.689853e-01	5.382167e-01
20563	5.663484e-01	9.013634e-01	2.882287e-02	3.602859e-02	1.887317e-01	1.576847e-01	8.349701e-01	6.147514e-01
