19152	8.406640e-01	1.535511e-01	2.658109e-02	3.322637e-02	1.740526e-01	1.483736e-01	2.528553e-01	7.250428e-01
2787	8.134395e-01	6.108023e-01	2.412599e-02	3.015749e-02	1.579766e-01	1.136963e-01	6.085448e-01	1.286389e-01
20594	2.569855e-01	7.499189e-02	2.081888e-02	2.602359e-02	1.363217e-01	1.205141e-01	8.075566e-02	9.386970e-01
7405	6.540647e-01	2.127828e-01	2.578544e-02	3.223180e-02	1.688427e-01	6.640764e-02	8.602074e-01	9.591689e-01
19625	6.745888e-01	2.487404e-01	2.367826e-02	2.959782e-02	1.550449e-01	1.308299e-01	8.029310e-01	3.984444e-01
9962	8.809305e-01	4.731094e-01	3.805981e-02	4.757476e-02	2.492150e-01	2.196388e-01	2.075614e-01	3.404147e-01
1468	5.366576e-02	6.873839e-01	2.174071e-02	2.717589e-02	1.423578e-01	1.384614e-01	4.878047e-01	2.881798e-01
29961	2.342601e-01	7.039912e-01	3.692734e-02	4.615918e-02	2.417997e-01	8.142258e-02	6.665062e-01	4.855867e-01
15879	8.628877e-01	5.480441e-01	5.076150e-02	6.345188e-02	3.323855e-01	2.268665e-01	5.353721e-01	9.809117e-01
9082	3.017635e-01	7.700233e-01	3.177968e-02	3.972459e-02	2.080928e-01	2.076493e-01	7.650075e-01	6.040088e-01
11787	8.485682e-02	1.390657e-01	6.974648e-02	8.718310e-02	4.566989e-01	1.676903e-01	2.881291e-01	2.152314e-01
265	5.213463e-01	6.614265e-01	2.109439e-02	2.636799e-02	1.381258e-01	7.841323e-02	4.793124e-01	8.064293e-01
23379	7.086458e-01	2.253978e-01	3.529282e-02	4.411602e-02	2.310968e-01	6.695513e-02	9.954203e-02	8.025741e-01
23943	8.395699e-02	4.767193e-01	2.879211e-02	3.599013e-02	1.885303e-01	1.446448e-01	7.439306e-01	4.370398e-01
3077	4.646516e-01	6.950819e-01	2.735184e-02	3.418979e-02	1.790994e-01	1.216992e-01	9.637933e-01	7.710240e-01
25286	7.084191e-01	8.919184e-01	2.876366e-02	3.595458e-02	1.883440e-01	1.423257e-01	7.530372e-01	3.319746e-01
18842	6.888195e-01	5.063356e-01	2.230739e-02	2.788424e-02	1.460685e-01	9.760087e-02	5.376692e-01	5.054032e-01
2693	4.602881e-01	4.370843e-01	4.009189e-02	5.011486e-02	2.625211e-01	2.411483e-01	8.503290e-01	4.751947e-01
19705	5.591554e-02	8.915174e-01	3.210864e-02	4.013580e-02	2.102469e-01	1.471269e-01	7.399221e-01	6.053508e-01
25651	7.626319e-01	2.694584e-01	3.301539e-02	4.126923e-02	2.161842e-01	1.697439e-01	1.181205e-01	6.609459e-01
19254	2.936312e-01	1.247378e-01	4.998632e-02	6.248290e-02	3.273097e-01	3.265653e-01	4.800448e-01	2.585377e-01
17361	3.336709e-01	3.236647e-01	4.610992e-02	5.763741e-02	3.019271e-01	2.662668e-01	5.204972e-01	2.739921e-01
16158	3.260261e-01	6.740169e-01	3.917013e-02	4.896266e-02	2.564854e-01	2.001842e-01	8.185766e-01	5.653629e-01
7057	3.869902e-01	2.728917e-01	6.478195e-02	8.097744e-02	4.241912e-01	1.340121e-01	3.211545e-01	7.107686e-01
32098	2.852194e-01	7.944155e-01	2.337334e-02	2.921667e-02	1.530482e-01	8.869587e-02	3.425907e-01	1.854059e-01
14365	1.261960e-01	2.778794e-01	2.304705e-02	2.880881e-02	1.509117e-01	6.743701e-02	1.911716e-01	6.194434e-01
1603	5.068176e-01	8.723078e-01	2.558887e-02	3.198609e-02	1.675555e-01	5.290849e-02	1.482757e-01	8.964719e-01
32196	9.501589e-01	3.578241e-01	3.410609e-02	4.263261e-02	2.233261e-01	2.095389e-01	3.740079e-01	6.570315e-01
5921	8.347775e-01	8.314502e-01	2.829670e-02	3.537087e-02	1.852863e-01	1.844719e-01	5.022515e-01	7.127847e-01
27070	3.980941e-01	1.114737e-01	2.400573e-02	3.000716e-02	1.571891e-01	1.570492e-01	2.650494e-01	2.520484e-01
9275	7.807482e-01	6.194657e-01	2.335489e-02	2.919362e-02	1.529275e-01	1.057743e-01	5.793794e-01	4.784945e-01
1759	8.321015e-01	2.147025e-01	2.107242e-02	2.634052e-02	1.379819e-01	1.311521e-01	5.108217e-01	3.338277e-01
2770	9.413907e-01	2.371329e-01	2.328859e-02	2.911074e-02	1.524933e-01	1.403500e-01	1.362050e-01	7.692439e-02
12845	5.995604e-01	9.091963e-01	5.921623e-02	7.402028e-02	3.877469e-01	2.480471e-01	9.579746e-01	4.264004e-01
13659	4.152339e-01	6.663474e-01	4.429543e-02	5.536928e-02	2.900458e-01	2.134982e-01	4.884954e-01	8.884037e-01
28628	8.651906e-01	8.948753e-01	6.851471e-02	8.564338e-02	4.486332e-01	4.022748e-01	4.263379e-01	2.747592e-01
8580	2.424047e-01	5.260084e-01	3.473041e-02	4.341302e-02	2.274142e-01	2.151669e-01	8.317217e-01	9.902932e-02
24853	7.923757e-01	6.959455e-01	2.854025e-02	3.567531e-02	1.868811e-01	5.288140e-02	5.428696e-01	7.885929e-01
18861	7.403515e-01	9.259669e-01	3.925215e-02	4.906519e-02	2.570225e-01	1.264781e-01	9.926777e-01	1.186865e-01
23000	4.334200e-01	6.150163e-01	3.136114e-02	3.920143e-02	2.053523e-01	1.521030e-01	8.753347e-01	1.996950e-01
10187	3.442616e-01	5.864210e-01	3.395228e-02	4.244035e-02	2.223190e-01	1.573263e-01	6.117735e-01	7.680319e-01
1896	4.098339e-01	9.349798e-01	4.287950e-02	5.359937e-02	2.807743e-01	2.451867e-01	9.676780e-01	1.485515e-01
18672	6.441279e-01	2.884983e-01	3.333046e-02	4.166308e-02	2.182474e-01	2.030849e-01	5.097787e-01	6.124452e-03
20241	7.702874e-02	7.830853e-01	2.552647e-02	3.190809e-02	1.671469e-01	9.921332e-02	6.262099e-01	1.157779e-01
21550	6.108388e-01	4.443153e-01	2.183909e-02	2.729886e-02	1.430020e-01	1.352099e-01	8.409354e-01	6.669594e-01
2987	5.299746e-02	5.579935e-01	3.457226e-02	4.321533e-02	2.263786e-01	1.125317e-01	1.530336e-01	2.668456e-01
26939	9.164841e-01	7.127842e-01	7.777039e-02	9.721298e-02	5.092393e-01	4.662531e-01	3.034492e-01	5.756832e-01
15141	4.064345e-01	7.541181e-01	3.022449e-02	3.778061e-02	1.979095e-01	1.977090e-01	2.796528e-01	2.075436e-01
15991	8.424325e-01	6.792832e-02	2.468579e-02	3.085724e-02	1.616422e-01	1.556355e-01	8.513125e-01	5.205929e-01
27218	7.866184e-01	8.940515e-01	2.918397e-02	3.647996e-02	1.910962e-01	1.891073e-01	4.124135e-01	9.208286e-01
10344	7.262695e-02	6.427301e-01	2.475071e-02	3.093839e-02	1.620673e-01	1.240272e-01	6.586381e-01	1.195120e-01
11962	6.177918e-01	5.145514e-01	3.423740e-02	4.279675e-02	2.241860e-01	7.874369e-02	7.647076e-01	8.892678e-01
19400	4.200561e-01	4.693587e-02	2.679304e-02	3.349130e-02	1.754404e-01	1.168321e-01	1.133949e-01	8.462895e-01
17667	5.324428e-01	4.362269e-01	2.084105e-02	2.605132e-02	1.364669e-01	8.927389e-02	6.104380e-01	7.943919e-02
32403	6.553784e-01	6.368416e-02	3.546179e-02	4.432724e-02	2.322033e-01	2.317965e-01	9.443796e-01	7.462641e-02
22375	4.198094e-02	1.758962e-01	2.054907e-02	2.568633e-02	1.345550e-01	1.155526e-01	3.629851e-01	8.546955e-02
25719	1.730602e-01	3.892294e-01	2.792130e-02	3.490162e-02	1.828282e-01	1.738259e-01	9.051068e-01	2.482486e-01
2098	3.363407e-01	8.695013e-02	2.615860e-02	3.269825e-02	1.712861e-01	8.385774e-02	3.598240e-01	6.856300e-01
209	1.670900e-01	8.512970e-01	4.579333e-02	5.724166e-02	2.998540e-01	7.894075e-02	9.299370e-01	7.218836e-01
16104	7.321571e-01	4.201663e-01	4.776224e-02	5.970280e-02	3.127464e-01	1.246970e-01	3.766236e-02	7.894880e-02
22965	1.440240e-01	4.752697e-01	3.983292e-02	4.979115e-02	2.608254e-01	1.684608e-01	6.544446e-01	3.997357e-01
124	5.621507e-01	8.115277e-01	2.810408e-02	3.513011e-02	1.840251e-01	1.807314e-01	7.418400e-01	4.337707e-01
21896	7.421681e-01	7.311330e-01	2.121636e-02	2.652045e-02	1.389244e-01	1.044104e-01	2.321089e-01	8.803963e-01
23355	5.485850e-01	3.575418e-01	6.256836e-02	7.821045e-02	4.096967e-01	1.966140e-01	1.117364e-01	9.406013e-01
22135	2.623717e-01	3.939281e-01	4.462616e-02	5.578270e-02	2.922114e-01	2.428599e-01	2.230257e-01	1.578679e-01
23654	5.437145e-01	4.656394e-01	3.194865e-02	3.993581e-02	2.091992e-01	7.013981e-02	1.800259e-02	1.504433e-01
14530	8.401944e-01	7.709430e-01	2.486346e-02	3.107933e-02	1.628056e-01	1.011708e-01	3.122937e-03	8.162886e-01
13977	6.799563e-01	1.436646e-01	2.661792e-02	3.327239e-02	1.742937e-01	1.379472e-01	5.583302e-01	3.811139e-01
24622	1.677689e-01	6.232018e-01	3.154128e-02	3.942660e-02	2.065318e-01	1.993050e-01	7.995985e-02	2.496908e-01
22953	6.649720e-01	9.049201e-01	2.195740e-02	2.744675e-02	1.437767e-01	1.175940e-01	5.271846e-01	9.594275e-01
30848	9.577442e-01	9.099222e-01	2.835223e-02	3.544029e-02	1.856500e-01	7.466185e-02	4.938692e-01	7.829426e-01
28243	9.359125e-01	4.338258e-01	2.138566e-02	2.673207e-02	1.400330e-01	1.332983e-01	9.726401e-01	2.901135e-01
20927	7.718780e-01	7.486856e-01	2.944362e-02	3.680452e-02	1.927963e-01	1.766270e-01	3.314053e-01	8.641925e-01
25089	4.985446e-02	4.427460e-01	2.179843e-02	2.724803e-02	1.427358e-01	1.406022e-01	3.666024e-01	2.493041e-01
