20217	5.850028e-01	6.972966e-02	6.156630e-02	7.695788e-02	4.031352e-01	3.961172e-01	8.678494e-01	1.730223e-01
26813	2.831168e-01	3.806824e-01	2.632852e-02	3.291065e-02	1.723987e-01	1.697110e-01	1.246925e-01	5.259320e-01
30992	2.604557e-01	8.560911e-01	2.347434e-02	2.934293e-02	1.537096e-01	1.000551e-01	7.963675e-01	3.306295e-01
24447	2.530688e-01	9.723736e-01	2.236218e-02	2.795273e-02	1.464272e-01	8.713031e-02	6.438843e-01	6.285166e-01
822	9.397283e-01	3.814431e-01	3.226079e-02	4.032598e-02	2.112431e-01	1.399749e-01	8.912033e-02	9.064700e-02
19436	4.048398e-01	2.284747e-01	3.497630e-02	4.372037e-02	2.290243e-01	1.604080e-01	9.356473e-01	3.626771e-01
23770	2.620582e-01	5.987439e-01	4.434403e-02	5.543003e-02	2.903640e-01	2.710144e-01	2.145244e-01	6.427582e-01
32723	8.205566e-01	6.871245e-01	2.195926e-02	2.744908e-02	1.437889e-01	1.338942e-01	1.125391e-01	9.616831e-01
19323	7.436515e-01	3.780586e-01	2.936166e-02	3.670208e-02	1.922597e-01	1.813459e-01	8.442830e-02	1.331199e-02
22776	8.135138e-01	1.466495e-01	3.410459e-02	4.263073e-02	2.233163e-01	1.862619e-01	2.315069e-01	7.372080e-01
1280	4.365315e-01	8.543132e-01	5.122220e-02	6.402775e-02	3.354022e-01	3.300207e-01	3.218064e-01	1.308207e-02
5143	8.041575e-01	5.409213e-01	5.508455e-02	6.885569e-02	3.606928e-01	3.605774e-01	4.450217e-01	8.002530e-01
18050	8.876008e-02	4.825655e-01	6.191348e-02	7.739185e-02	4.054085e-01	1.126899e-01	9.693925e-01	4.078881e-02
760	2.878269e-01	1.929853e-01	2.355283e-02	2.944103e-02	1.542235e-01	1.441843e-01	3.084807e-02	5.832504e-01
3295	2.912282e-01	2.266343e-01	2.313182e-02	2.891478e-02	1.514668e-01	1.463185e-01	5.906124e-01	2.469660e-01
5364	4.055523e-01	7.669741e-01	2.412093e-02	3.015116e-02	1.579434e-01	1.471183e-01	7.845844e-01	8.571714e-01
15821	7.223609e-01	2.526640e-01	2.626568e-02	3.283210e-02	1.719873e-01	1.487632e-01	2.962224e-01	3.755975e-01
9352	1.076044e-01	6.831358e-01	2.556814e-02	3.196017e-02	1.674198e-01	1.632595e-01	7.850598e-01	8.223845e-01
18091	2.008837e-01	2.003304e-01	3.296627e-02	4.120784e-02	2.158626e-01	1.706461e-01	4.494711e-01	9.747686e-01
22661	3.515625e-01	7.031547e-01	2.294477e-02	2.868096e-02	1.502420e-01	1.459668e-01	5.212079e-01	1.555289e-01
1737	6.999455e-01	7.857745e-01	6.248223e-02	7.810278e-02	4.091326e-01	3.205481e-01	2.843336e-01	2.878686e-01
18565	6.627388e-01	2.890306e-01	2.728830e-02	3.411038e-02	1.786834e-01	1.619493e-01	4.529802e-01	3.170579e-01
15573	6.892308e-02	3.082593e-01	4.580603e-02	5.725754e-02	2.999372e-01	2.999371e-01	4.204328e-01	7.352103e-01
16834	5.835548e-02	7.648035e-02	3.944582e-02	4.930727e-02	2.582906e-01	2.462409e-01	3.818346e-02	1.619162e-01
12108	2.671722e-01	5.251863e-01	5.513314e-02	6.891642e-02	3.610109e-01	1.847808e-01	1.551302e-01	1.510838e-01
4634	5.421986e-01	6.024575e-01	2.474067e-02	3.092583e-02	1.620015e-01	1.335174e-01	8.408157e-01	3.122827e-01
24698	3.284923e-01	9.017023e-01	2.887793e-02	3.609741e-02	1.890922e-01	5.060160e-02	7.733532e-01	2.908212e-01
7031	9.376446e-01	9.106836e-01	3.127000e-02	3.908750e-02	2.047555e-01	1.803207e-01	3.775365e-01	6.137695e-01
9996	1.682819e-01	5.273208e-01	2.498842e-02	3.123553e-02	1.636238e-01	8.861212e-02	7.149678e-01	5.513871e-01
18040	8.772468e-02	4.384309e-01	5.134903e-02	6.418629e-02	3.362327e-01	1.286640e-01	1.863908e-01	4.464914e-01
30961	5.282976e-01	4.175704e-01	4.164283e-02	5.205354e-02	2.726766e-01	9.031310e-02	5.386843e-01	5.913930e-01
31942	6.318290e-01	2.553388e-01	2.644760e-02	3.305949e-02	1.731784e-01	1.716020e-01	6.273636e-01	1.262478e-01
28554	3.659561e-01	3.996223e-01	2.998726e-02	3.748407e-02	1.963561e-01	1.012769e-01	1.085728e-01	6.526373e-01
2169	5.076582e-01	4.430709e-01	3.049445e-02	3.811806e-02	1.996772e-01	5.654016e-02	6.901384e-01	4.652682e-01
18676	1.394177e-01	1.250752e-01	2.182161e-02	2.727701e-02	1.428876e-01	1.122709e-01	3.867348e-01	5.618824e-01
14617	4.343258e-01	6.243188e-01	4.152037e-02	5.190047e-02	2.718748e-01	1.150157e-01	4.614204e-01	7.419729e-01
3714	1.389337e-01	7.537617e-01	3.546811e-02	4.433514e-02	2.322447e-01	7.530154e-02	9.951372e-01	2.046457e-01
22646	1.075661e-01	8.341321e-01	2.673626e-02	3.342032e-02	1.750686e-01	1.384640e-01	7.953263e-01	6.458783e-01
8431	8.346115e-01	8.339798e-01	6.835925e-02	8.544906e-02	4.476153e-01	2.594444e-01	1.832819e-02	9.983161e-01
28054	3.105193e-01	6.513458e-02	5.878925e-02	7.348657e-02	3.849511e-01	1.668562e-01	7.542323e-01	8.546847e-02
30819	9.938528e-02	3.680861e-01	2.365855e-02	2.957318e-02	1.549158e-01	4.880526e-02	2.174736e-01	1.977173e-01
14560	8.187595e-01	9.400107e-01	2.995450e-02	3.744312e-02	1.961416e-01	1.436962e-01	6.122065e-01	2.762039e-01
172	5.720004e-01	5.009618e-01	5.158231e-02	6.447788e-02	3.377602e-01	1.919677e-01	4.212480e-03	3.058826e-01
4121	7.105944e-01	5.201371e-02	4.637280e-02	5.796600e-02	3.036484e-01	2.946542e-01	5.462996e-01	3.603511e-01
19417	5.436808e-02	6.003091e-01	2.072893e-02	2.591117e-02	1.357327e-01	5.717563e-02	8.933509e-02	3.437851e-01
3286	2.552716e-01	7.440989e-01	2.264916e-02	2.831145e-02	1.483063e-01	1.477327e-01	4.044250e-01	1.633168e-01
24587	4.952835e-01	4.941771e-01	2.330391e-02	2.912988e-02	1.525936e-01	1.498066e-01	1.087158e-01	7.223022e-01
25279	6.467718e-01	8.950584e-01	7.729282e-02	9.661602e-02	5.061122e-01	3.961796e-01	9.423601e-01	2.812190e-03
24166	8.530244e-01	2.887416e-01	6.102079e-02	7.627599e-02	3.995632e-01	3.861480e-01	7.233907e-01	1.129716e-02
24444	6.345115e-01	1.204096e-01	2.153037e-02	2.691296e-02	1.409805e-01	1.321402e-01	9.061799e-01	2.348798e-01
31389	5.085627e-01	7.914390e-01	3.295102e-02	4.118877e-02	2.157627e-01	1.216560e-01	5.463859e-01	5.652886e-01
12432	7.960252e-01	3.348887e-01	2.153664e-02	2.692080e-02	1.410216e-01	6.082679e-02	3.958761e-01	1.008807e-01
23836	6.470550e-01	4.418689e-01	2.179881e-02	2.724852e-02	1.427383e-01	4.025130e-02	5.486262e-01	1.691830e-01
6065	1.906529e-01	3.865694e-02	2.527184e-02	3.158980e-02	1.654796e-01	6.262634e-02	4.261520e-02	3.716458e-03
10209	7.919272e-01	2.614638e-01	6.232788e-02	7.790985e-02	4.081220e-01	3.182430e-01	6.268803e-01	2.008567e-01
32355	2.200044e-01	6.814076e-01	2.937248e-02	3.671560e-02	1.923305e-01	1.008195e-01	4.663093e-01	7.396217e-01
5102	1.874547e-01	4.006891e-01	2.055083e-02	2.568853e-02	1.345665e-01	5.015085e-02	3.298344e-01	3.101950e-01
1449	8.940376e-01	5.927550e-01	4.671653e-02	5.839566e-02	3.058991e-01	1.617802e-01	7.867487e-01	9.772883e-01
3714	6.927557e-01	3.854021e-01	3.705713e-02	4.632141e-02	2.426495e-01	1.990730e-01	8.412169e-01	3.174895e-01
30333	8.574421e-01	6.759173e-01	2.741308e-02	3.426635e-02	1.795004e-01	6.024529e-02	4.956411e-01	7.135498e-01
22157	4.936528e-01	1.723403e-01	2.591203e-02	3.239004e-02	1.696716e-01	1.569271e-01	9.520854e-01	4.826370e-01
4170	2.895074e-01	8.765401e-01	2.132164e-02	2.665205e-02	1.396137e-01	1.057165e-01	1.702900e-01	7.846475e-01
19201	6.045232e-01	3.445560e-01	2.638933e-02	3.298666e-02	1.727969e-01	1.433266e-01	2.666604e-01	2.990489e-01
6100	5.535081e-01	7.010512e-01	2.286668e-02	2.858335e-02	1.497307e-01	8.731344e-02	5.167509e-02	9.462376e-01
19715	6.561202e-02	6.685116e-01	3.558334e-02	4.447918e-02	2.329992e-01	2.313412e-01	8.834128e-01	6.005815e-01
15944	1.205440e-01	3.137304e-01	2.428329e-02	3.035412e-02	1.590066e-01	1.432627e-01	3.745305e-01	6.519307e-01
3593	4.651438e-01	3.306369e-01	2.392131e-02	2.990164e-02	1.566364e-01	1.165604e-01	3.094729e-01	4.293359e-01
1219	3.718802e-01	5.535824e-01	4.004710e-02	5.005888e-02	2.622278e-01	1.450038e-01	1.702374e-01	5.119967e-01
9358	4.912043e-01	4.573090e-02	2.340838e-02	2.926048e-02	1.532777e-01	8.568049e-02	8.598453e-01	3.327902e-01
1427	5.769714e-01	2.562978e-01	3.984926e-02	4.981158e-02	2.609323e-01	2.513547e-01	6.185496e-01	5.905269e-01
7154	8.223918e-01	4.657218e-01	3.609737e-02	4.512171e-02	2.363650e-01	2.331755e-01	9.716724e-01	9.117988e-01
4481	1.976121e-01	5.678972e-01	2.234971e-02	2.793714e-02	1.463456e-01	1.203521e-01	8.981584e-01	1.668369e-01
12787	3.467014e-01	6.114539e-01	3.639570e-02	4.549463e-02	2.383185e-01	2.306575e-01	1.447225e-01	2.848985e-01
8896	2.064835e-01	8.042135e-01	4.816890e-02	6.021113e-02	3.154092e-01	2.865320e-01	4.633626e-01	3.442441e-01
2014	2.969102e-01	7.167787e-01	3.243380e-02	4.054225e-02	2.123760e-01	2.112137e-01	2.219701e-01	8.416894e-01
8810	2.045659e-01	4.401108e-01	6.860228e-02	8.575286e-02	4.492067e-01	2.618231e-01	6.467835e-01	9.156193e-01
17735	5.874454e-01	1.982018e-01	2.495809e-02	3.119762e-02	1.634252e-01	9.506800e-02	9.865716e-02	4.811069e-01
