30101	7.764937e-01	6.458596e-01	2.169008e-02	2.711260e-02	1.420263e-01	7.356140e-02	7.545120e-01	2.151177e-02
2127	1.974903e-01	2.659617e-01	2.718662e-02	3.398327e-02	1.780176e-01	1.323619e-01	2.601761e-01	1.418927e-01
14983	7.054369e-01	6.158255e-01	2.177095e-02	2.721368e-02	1.425558e-01	1.424671e-01	4.133304e-01	3.175094e-01
1207	7.492668e-02	3.793101e-01	3.299942e-02	4.124928e-02	2.160797e-01	2.079216e-01	1.734467e-01	9.243459e-01
20622	2.022595e-01	4.104102e-01	7.808880e-02	9.761099e-02	5.113242e-01	4.906725e-01	2.458493e-02	6.684099e-01
29010	5.202792e-01	4.428726e-01	2.252059e-02	2.815073e-02	1.474645e-01	6.576763e-02	4.996515e-01	7.951511e-01
28230	4.571970e-01	7.868039e-02	3.860622e-02	4.825778e-02	2.527929e-01	2.437614e-01	8.323595e-02	8.760519e-01
31655	2.786320e-01	1.079874e-01	4.646264e-02	5.807830e-02	3.042366e-01	1.255132e-01	3.087961e-01	6.502447e-01
27237	5.965667e-01	8.820323e-01	4.051918e-02	5.064897e-02	2.653190e-01	1.588606e-01	9.478346e-01	1.121147e-01
9004	6.804462e-01	4.808509e-01	4.865632e-02	6.082040e-02	3.186008e-01	2.051266e-01	6.857108e-02	1.290712e-01
28245	1.826822e-01	1.947389e-01	4.037963e-02	5.047454e-02	2.644052e-01	2.592001e-01	8.511993e-01	9.338892e-01
18083	2.141228e-01	6.414355e-01	2.540570e-02	3.175713e-02	1.663561e-01	9.208327e-02	7.142364e-01	3.770072e-01
24018	7.991208e-01	6.850187e-02	2.630804e-02	3.288506e-02	1.722647e-01	8.058696e-02	4.026227e-01	8.406831e-01
32427	1.657013e-01	1.175553e-01	3.507827e-02	4.384784e-02	2.296920e-01	2.020635e-01	9.635028e-01	8.001888e-01
13783	7.397399e-01	3.056350e-01	7.561291e-02	9.451613e-02	4.951121e-01	4.928437e-01	8.783260e-01	8.310352e-01
20583	5.645492e-01	9.404872e-01	2.347035e-02	2.933794e-02	1.536835e-01	1.526524e-01	2.798282e-01	4.819535e-03
13665	6.733360e-01	5.754051e-01	2.745552e-02	3.431939e-02	1.797783e-01	8.261056e-02	2.342699e-01	3.226876e-02
29132	7.661010e-01	7.130943e-01	2.207966e-02	2.759957e-02	1.445773e-01	9.793511e-02	1.025382e-01	2.125545e-01
13692	9.258938e-01	3.487160e-01	2.395373e-02	2.994217e-02	1.568487e-01	1.568104e-01	2.159254e-02	5.951256e-01
2641	9.353575e-01	1.865631e-01	2.466043e-02	3.082554e-02	1.614761e-01	1.457908e-01	1.538437e-01	5.626635e-01
16706	5.581793e-01	4.178675e-01	6.947377e-02	8.684222e-02	4.549132e-01	3.125175e-01	4.238164e-01	1.918483e-01
21191	1.580214e-01	6.038688e-01	6.452669e-02	8.065836e-02	4.225197e-01	3.886475e-01	1.658294e-01	6.988912e-01
17271	8.624799e-01	6.686083e-01	3.434284e-02	4.292855e-02	2.248764e-01	1.399254e-01	4.365245e-01	5.662626e-02
27927	2.482231e-01	2.556490e-01	2.131509e-02	2.664387e-02	1.395709e-01	6.229494e-02	7.143087e-01	2.166124e-02
7282	3.194235e-02	5.068173e-01	2.936899e-02	3.671123e-02	1.923077e-01	5.096865e-02	7.051177e-01	7.304953e-01
9810	1.073360e-01	2.638259e-01	2.253323e-02	2.816654e-02	1.475472e-01	1.378293e-01	5.768843e-01	6.741040e-01
7040	4.032534e-01	2.448392e-01	5.543041e-02	6.928801e-02	3.629575e-01	1.933052e-01	3.675200e-01	3.638940e-01
19262	2.522956e-01	7.582857e-01	2.364109e-02	2.955136e-02	1.548015e-01	1.540915e-01	9.440525e-01	6.527143e-01
26995	5.506662e-01	7.155582e-02	5.088779e-02	6.360973e-02	3.332124e-01	1.422732e-01	1.943194e-01	4.242424e-01
10114	4.305412e-01	4.497968e-01	4.625849e-02	5.782311e-02	3.028999e-01	2.878553e-01	7.525392e-01	6.660075e-01
9781	9.486327e-02	3.383839e-01	3.496608e-02	4.370760e-02	2.289574e-01	2.178162e-01	5.285807e-01	7.347621e-01
10313	2.039883e-01	1.194936e-01	2.446825e-02	3.058532e-02	1.602177e-01	1.275707e-01	3.715573e-01	6.856106e-01
28129	5.625420e-01	2.574366e-01	5.629324e-02	7.036655e-02	3.686072e-01	3.584977e-01	6.415557e-01	2.593152e-01
3980	4.449039e-01	2.248701e-01	5.172563e-02	6.465704e-02	3.386986e-01	1.595105e-01	7.713016e-01	4.097445e-02
6828	7.957917e-01	2.622230e-01	4.109337e-02	5.136671e-02	2.690787e-01	2.686255e-01	2.932626e-02	9.808912e-01
9271	8.298245e-01	7.367509e-01	2.641875e-02	3.302344e-02	1.729896e-01	1.007200e-01	4.400743e-01	8.283511e-01
22360	8.350149e-01	3.873706e-01	4.188997e-02	5.236246e-02	2.742948e-01	1.879499e-01	8.474518e-01	2.585350e-01
12669	9.691318e-01	8.346986e-01	2.594811e-02	3.243514e-02	1.699079e-01	4.482339e-02	4.961502e-01	2.262224e-01
29868	6.962086e-02	1.575563e-01	2.232649e-02	2.790811e-02	1.461935e-01	1.004515e-01	2.540731e-01	2.593765e-01
9661	5.583742e-01	6.747624e-01	5.316921e-02	6.646152e-02	3.481512e-01	1.555599e-01	8.531370e-01	7.740427e-02
18813	1.794161e-01	3.289357e-01	2.176825e-02	2.721032e-02	1.425382e-01	1.212039e-01	8.836564e-01	3.810570e-01
10476	5.152108e-01	7.544731e-01	2.311237e-02	2.889046e-02	1.513394e-01	1.257295e-01	7.713856e-01	5.552977e-01
13306	9.184743e-01	5.202490e-01	2.087612e-02	2.609515e-02	1.366965e-01	1.247334e-01	7.700988e-01	6.875938e-01
20523	6.531004e-01	6.332253e-01	3.963240e-02	4.954050e-02	2.595123e-01	2.540600e-01	4.066304e-01	2.011808e-01
605	2.939022e-01	5.925479e-01	2.396612e-02	2.995765e-02	1.569298e-01	4.542560e-02	4.139382e-01	6.891231e-01
8927	2.437572e-01	8.475787e-01	2.589647e-02	3.237059e-02	1.695697e-01	1.660772e-01	2.237980e-01	6.756506e-01
18995	5.218700e-01	6.106445e-01	6.134288e-02	7.667860e-02	4.016722e-01	1.937185e-01	6.609202e-01	1.444276e-01
29764	3.084228e-01	1.008273e-01	3.024944e-02	3.781180e-02	1.980728e-01	1.135860e-01	4.373655e-01	3.011135e-01
27593	7.063671e-01	1.558730e-01	7.676335e-02	9.595419e-02	5.026452e-01	2.115338e-01	5.745851e-01	9.133416e-01
25187	1.242246e-01	9.198911e-01	4.328218e-02	5.410272e-02	2.834110e-01	1.472484e-01	9.430483e-01	5.755719e-01
30676	8.038421e-01	5.204278e-01	2.219589e-02	2.774487e-02	1.453384e-01	1.201561e-01	1.512264e-01	8.828275e-01
23354	3.062086e-01	4.091145e-01	2.296491e-02	2.870614e-02	1.503739e-01	4.301296e-02	7.345443e-01	3.778130e-01
2957	9.431527e-01	6.031595e-01	3.123230e-02	3.904037e-02	2.045086e-01	1.269350e-01	2.846044e-01	5.869347e-01
23110	9.183117e-01	6.300062e-01	2.325672e-02	2.907090e-02	1.522846e-01	1.519984e-01	8.360232e-01	3.748708e-02
21258	3.324765e-01	7.305868e-01	2.600357e-02	3.250447e-02	1.702710e-01	1.576403e-01	2.585664e-02	7.054271e-01
15986	5.840658e-01	7.188636e-01	3.245670e-02	4.057088e-02	2.125260e-01	7.826445e-02	2.509370e-01	1.813557e-01
17811	6.434814e-01	8.909066e-01	3.693671e-02	4.617089e-02	2.418610e-01	1.980262e-01	3.191395e-01	5.230474e-01
10601	2.654246e-01	3.671140e-01	3.132720e-02	3.915900e-02	2.051300e-01	1.534339e-01	1.183059e-01	2.013832e-01
3162	3.778795e-01	7.601654e-01	3.484963e-02	4.356204e-02	2.281949e-01	1.827437e-01	6.133250e-02	1.456700e-01
32552	8.526553e-01	4.183732e-01	2.908923e-02	3.636154e-02	1.904758e-01	5.885931e-02	8.600344e-01	2.027021e-01
9727	1.053117e-01	1.760845e-01	2.874840e-02	3.593550e-02	1.882441e-01	9.924763e-02	4.551213e-02	4.443280e-01
31253	7.399665e-01	5.325880e-01	4.061693e-02	5.077116e-02	2.659590e-01	2.659251e-01	8.432273e-01	6.919235e-01
9010	8.488126e-01	8.550894e-01	2.104283e-02	2.630354e-02	1.377882e-01	1.033215e-01	1.602163e-01	2.563234e-01
21396	8.968820e-01	4.249002e-01	2.137669e-02	2.672087e-02	1.399742e-01	1.343227e-01	6.472422e-02	8.876117e-01
1855	4.121408e-01	9.489784e-01	3.525903e-02	4.407379e-02	2.308756e-01	1.695987e-01	1.130213e-01	6.369155e-01
17388	4.573789e-01	3.167612e-01	2.386787e-02	2.983484e-02	1.562864e-01	8.757485e-02	7.756482e-01	7.257395e-01
13518	4.610001e-01	6.461395e-01	6.809186e-02	8.511482e-02	4.458644e-01	2.663864e-01	6.715670e-01	4.006226e-01
2505	6.567151e-01	9.594070e-01	3.108315e-02	3.885394e-02	2.035320e-01	1.959493e-01	1.343143e-01	6.182403e-01
27951	9.033182e-01	6.970571e-01	4.816696e-02	6.020870e-02	3.153965e-01	1.623992e-01	4.163906e-01	8.519369e-01
28240	2.283247e-01	5.207047e-01	2.480539e-02	3.100674e-02	1.624253e-01	1.263069e-01	7.827193e-01	6.442356e-01
28954	5.236946e-01	8.066374e-01	2.153457e-02	2.691821e-02	1.410080e-01	4.029871e-02	6.230217e-01	1.630536e-01
15424	9.950846e-02	8.622690e-01	2.162083e-02	2.702603e-02	1.415728e-01	1.023411e-01	2.715826e-01	6.125582e-02
