5929	4.495780e-01	7.826308e-01	3.764191e-02	4.705239e-02	2.464787e-01	9.165540e-02	1.734081e-01	9.378328e-01
1477	3.360776e-01	2.005512e-01	4.525945e-02	5.657431e-02	2.963582e-01	2.723853e-01	4.944129e-01	3.647829e-01
6426	8.593781e-01	4.956970e-01	2.647413e-02	3.309266e-02	1.733522e-01	1.066741e-01	3.107374e-01	8.273110e-02
16593	5.572003e-01	6.972507e-01	5.309432e-02	6.636789e-02	3.476608e-01	1.192771e-01	5.038541e-01	3.784441e-01
11992	8.112261e-01	9.358638e-01	3.749186e-02	4.686482e-02	2.454961e-01	1.396539e-01	6.878007e-02	3.228652e-01
17321	8.574901e-01	7.531479e-01	2.489364e-02	3.111705e-02	1.630032e-01	1.582551e-01	2.247247e-01	2.792545e-01
32699	3.400313e-01	3.365173e-01	6.725792e-02	8.407240e-02	4.404038e-01	4.399352e-01	5.392396e-01	2.360285e-01
27960	5.963690e-01	5.318053e-01	2.201387e-02	2.751734e-02	1.441465e-01	1.181035e-01	9.718636e-01	4.075565e-01
22958	5.214807e-01	1.695948e-01	2.289437e-02	2.861796e-02	1.499120e-01	1.077282e-01	6.795625e-01	8.712899e-01
32531	4.173478e-01	8.087741e-01	7.173768e-02	8.967210e-02	4.697372e-01	2.803483e-01	2.488674e-01	4.180876e-01
26188	1.406876e-01	5.625054e-01	3.957513e-02	4.946891e-02	2.591373e-01	2.035351e-01	3.866598e-01	7.521216e-01
10479	7.708171e-01	4.343323e-01	5.868543e-02	7.335679e-02	3.842713e-01	3.068464e-01	4.545094e-02	9.213081e-01
23373	6.259565e-01	8.182011e-01	2.082743e-02	2.603429e-02	1.363777e-01	1.307147e-01	1.669557e-01	3.680206e-01
21977	4.239612e-02	4.525001e-01	4.111522e-02	5.139403e-02	2.692218e-01	1.654571e-01	3.315593e-01	7.917658e-03
30065	3.268826e-01	7.573205e-01	4.349062e-02	5.436327e-02	2.847759e-01	2.841377e-01	9.710970e-01	4.827651e-01
26635	7.586624e-01	2.912066e-01	5.062081e-02	6.327601e-02	3.314643e-01	1.016505e-01	6.724351e-01	1.384887e-01
27093	8.541016e-01	5.812419e-01	2.918424e-02	3.648030e-02	1.910979e-01	9.822528e-02	8.068294e-01	7.200384e-01
8999	8.045445e-01	2.652494e-01	2.230126e-02	2.787657e-02	1.460283e-01	4.401806e-02	8.552683e-01	9.163866e-01
30244	3.102321e-01	9.493027e-02	3.880178e-02	4.850223e-02	2.540735e-01	2.217441e-01	6.138608e-02	3.603541e-01
13092	6.050487e-01	7.483565e-01	5.146064e-02	6.432580e-02	3.369635e-01	3.359653e-01	5.917919e-01	4.385329e-02
15542	2.916965e-01	3.856670e-01	2.890661e-02	3.613326e-02	1.892800e-01	1.818451e-01	2.871302e-01	1.882648e-01
30089	3.655940e-01	7.262565e-01	2.655220e-02	3.319025e-02	1.738634e-01	1.737573e-01	8.357939e-01	9.863540e-01
6761	8.579174e-01	8.596095e-01	2.623503e-02	3.279378e-02	1.717866e-01	1.591135e-01	4.200710e-01	6.943267e-02
29757	5.559368e-01	3.070014e-01	7.442685e-02	9.303357e-02	4.873459e-01	4.233363e-01	5.078465e-01	2.556800e-01
21326	7.236138e-01	6.549643e-01	2.140782e-02	2.675977e-02	1.401780e-01	5.854171e-02	7.151319e-01	4.189424e-01
21122	3.898656e-01	2.313044e-01	4.367123e-02	5.458904e-02	2.859585e-01	1.758183e-01	2.616094e-01	1.636482e-01
7757	7.346281e-01	7.708961e-01	4.460553e-02	5.575692e-02	2.920763e-01	2.644099e-01	6.043066e-01	3.830919e-01
8494	7.098257e-01	5.610839e-01	4.118551e-02	5.148188e-02	2.696821e-01	7.616031e-02	7.639585e-02	2.669095e-01
31087	1.530099e-01	8.505602e-02	2.781686e-02	3.477108e-02	1.821444e-01	1.492146e-01	1.003767e-01	4.030986e-01
7538	7.945607e-02	8.059525e-01	3.057371e-02	3.821714e-02	2.001962e-01	1.628224e-01	7.144992e-01	6.721970e-01
19385	1.462218e-01	6.918449e-01	4.773255e-02	5.966568e-02	3.125520e-01	2.730675e-01	4.812610e-01	3.996238e-01
21599	9.145817e-01	6.445170e-01	5.345836e-02	6.682295e-02	3.500445e-01	2.673277e-01	4.734575e-01	4.946666e-01
19486	2.265789e-01	6.078725e-01	2.055069e-02	2.568836e-02	1.345656e-01	1.315393e-01	2.332769e-01	1.155706e-02
25600	3.721743e-01	5.172362e-01	4.363634e-02	5.454543e-02	2.857301e-01	1.121184e-01	4.716066e-01	8.139308e-01
19620	9.153149e-01	3.731521e-01	7.130632e-02	8.913290e-02	4.669127e-01	4.269690e-01	6.638773e-01	8.907066e-01
32710	3.831907e-01	3.875798e-01	3.432129e-02	4.290162e-02	2.247353e-01	9.804390e-02	8.235893e-01	4.289179e-01
31902	1.880162e-01	9.078042e-01	2.741268e-02	3.426584e-02	1.794978e-01	1.252896e-01	7.442383e-01	2.912868e-01
7157	7.972068e-01	7.294605e-01	2.846676e-02	3.558345e-02	1.863999e-01	1.781719e-01	1.272925e-01	3.258713e-01
23160	5.923672e-01	3.630047e-01	2.771934e-02	3.464917e-02	1.815058e-01	1.098807e-01	7.671383e-01	4.129040e-01
18533	4.886180e-01	8.641108e-01	2.893908e-02	3.617384e-02	1.894926e-01	1.841071e-01	1.618388e-01	5.980352e-01
14680	7.878349e-01	1.375500e-01	3.410732e-02	4.263415e-02	2.233342e-01	1.272482e-01	2.436558e-02	4.490112e-01
10965	3.922925e-01	9.543785e-01	2.301666e-02	2.877082e-02	1.507127e-01	1.491408e-01	3.255644e-01	7.480752e-01
17274	6.076506e-01	2.272505e-01	4.826583e-02	6.033229e-02	3.160439e-01	2.963956e-01	4.386356e-01	5.309288e-01
21829	2.546753e-01	6.547062e-01	2.479823e-02	3.099779e-02	1.623784e-01	1.413605e-01	9.375672e-01	9.794134e-01
24250	2.764084e-01	2.028615e-01	2.392424e-02	2.990530e-02	1.566556e-01	9.165695e-02	2.493280e-01	2.616211e-01
18472	6.388612e-01	4.419056e-01	2.931825e-02	3.664781e-02	1.919755e-01	1.858411e-01	6.604085e-01	1.374076e-01
21668	7.444234e-01	6.132092e-01	3.452754e-02	4.315943e-02	2.260858e-01	1.529810e-01	5.701855e-01	7.972351e-01
29785	3.663074e-01	1.281101e-01	4.917674e-02	6.147092e-02	3.220085e-01	2.691581e-01	4.459061e-01	7.267247e-01
21415	2.237027e-01	8.689935e-02	4.086384e-02	5.107980e-02	2.675758e-01	2.122246e-01	2.509735e-01	7.066406e-01
19933	5.881116e-01	8.667983e-01	5.126869e-02	6.408587e-02	3.357066e-01	2.941027e-01	3.561962e-01	9.088793e-01
84	4.568615e-01	5.169588e-01	3.631778e-02	4.539722e-02	2.378082e-01	1.581249e-01	9.498277e-02	2.515819e-01
5596	2.646551e-01	5.067799e-01	3.523490e-02	4.404362e-02	2.307176e-01	2.257128e-01	4.682185e-01	7.632526e-01
16594	6.894216e-01	2.098652e-01	2.857795e-02	3.572244e-02	1.871280e-01	8.996506e-02	3.424210e-01	5.521679e-01
27771	2.372966e-01	3.521153e-01	3.784382e-02	4.730477e-02	2.478007e-01	1.672668e-01	3.552886e-01	6.895328e-01
4154	4.244943e-01	1.841543e-01	2.091685e-02	2.614606e-02	1.369632e-01	6.637928e-02	2.192803e-01	6.779223e-01
14193	5.787484e-01	1.530836e-01	2.167364e-02	2.709205e-02	1.419187e-01	5.303504e-02	9.674303e-01	9.799150e-01
6738	9.265871e-01	4.533256e-01	3.955876e-02	4.944845e-02	2.590301e-01	8.382015e-02	1.876340e-01	4.289158e-01
16781	4.796055e-01	2.240518e-01	2.936175e-02	3.670218e-02	1.922603e-01	1.896472e-01	5.194965e-02	7.263746e-01
2930	2.804209e-01	9.445630e-01	2.971997e-02	3.714996e-02	1.946059e-01	5.100765e-02	1.352822e-01	5.873670e-01
14685	3.079202e-01	2.434265e-01	3.109209e-02	3.886511e-02	2.035905e-01	1.230492e-01	1.512871e-01	8.575756e-01
12440	5.112034e-01	6.586980e-01	4.182975e-02	5.228718e-02	2.739005e-01	2.486309e-01	4.196586e-02	7.931900e-01
20896	5.579474e-01	4.557756e-01	6.025841e-02	7.532301e-02	3.945711e-01	1.874718e-01	8.895531e-01	8.514329e-01
804	1.068961e-01	2.569121e-01	2.942876e-02	3.678595e-02	1.926991e-01	1.807260e-01	1.636476e-01	9.642361e-01
10011	5.411178e-01	2.442390e-01	2.440972e-02	3.051215e-02	1.598345e-01	1.542919e-01	4.774038e-01	3.844643e-01
12266	9.461650e-01	1.803653e-01	2.335237e-02	2.919046e-02	1.529109e-01	8.297267e-02	5.236480e-01	3.273189e-01
13868	2.026058e-01	8.025092e-01	5.570140e-02	6.962675e-02	3.647319e-01	3.364437e-01	8.772630e-01	8.726566e-01
24169	6.799047e-01	5.223990e-01	2.410209e-02	3.012762e-02	1.578201e-01	1.577139e-01	4.000537e-02	9.483795e-01
32052	5.404671e-02	9.682420e-01	2.278857e-02	2.848571e-02	1.492192e-01	1.119900e-01	4.922357e-01	6.876682e-01
22251	8.216974e-01	5.637751e-01	4.900854e-02	6.126068e-02	3.209072e-01	1.774958e-01	6.140874e-01	3.711598e-01
9654	4.135608e-01	6.214685e-01	5.719612e-02	7.149515e-02	3.745193e-01	2.145052e-01	1.949298e-01	5.100473e-01
32310	1.010188e-01	4.041550e-01	2.081822e-02	2.602278e-02	1.363174e-01	1.022922e-01	7.927391e-02	1.118194e-01
25706	3.558529e-01	6.495270e-01	4.602025e-02	5.752531e-02	3.013399e-01	2.808339e-01	7.784942e-01	3.711298e-01
26223	6.911097e-02	4.191916e-01	3.399733e-02	4.249666e-02	2.226140e-01	1.833464e-01	3.993402e-01	1.341458e-02
31328	6.841088e-01	9.561899e-02	5.662912e-02	7.078640e-02	3.708066e-01	3.039854e-01	4.696480e-01	9.242225e-01
15066	8.494759e-01	6.367294e-01	2.329429e-02	2.911786e-02	1.525306e-01	9.927806e-02	8.416675e-01	8.719917e-01
23900	9.621079e-01	2.119513e-01	2.525809e-02	3.157261e-02	1.653896e-01	1.166206e-01	1.306646e-01	5.078651e-01
1913	6.045042e-01	4.181870e-01	2.060058e-02	2.575073e-02	1.348923e-01	1.040862e-01	4.457937e-01	4.019315e-01
