19636	2.870361e-01	8.248881e-02	3.251137e-02	4.063922e-02	2.128840e-01	8.264366e-02	8.561690e-01	8.637410e-01
22333	4.174541e-02	7.901302e-01	3.833148e-02	4.791435e-02	2.509939e-01	2.216884e-01	2.164059e-01	1.346981e-01
10760	3.760625e-01	2.684280e-01	5.291164e-02	6.613955e-02	3.464646e-01	2.531525e-01	1.432104e-01	4.645337e-01
17908	3.345653e-01	3.928682e-01	2.405472e-02	3.006840e-02	1.575100e-01	1.540990e-01	2.503096e-01	7.050980e-01
25447	4.918828e-01	2.026499e-01	2.055882e-02	2.569853e-02	1.346188e-01	1.313617e-01	3.566439e-01	8.537731e-01
6511	2.604614e-01	6.318289e-01	3.579036e-02	4.473795e-02	2.343547e-01	1.185687e-01	9.351963e-01	4.960919e-01
8436	1.727366e-01	1.337477e-01	3.708771e-02	4.635964e-02	2.428497e-01	2.089481e-01	5.089358e-01	4.520319e-01
2727	5.278535e-01	8.160697e-01	3.577032e-02	4.471290e-02	2.342235e-01	1.859476e-01	8.463555e-01	9.599992e-01
1281	5.523748e-01	9.600458e-02	3.569950e-02	4.462438e-02	2.337598e-01	2.179192e-01	3.447381e-01	6.693853e-01
20352	9.543840e-01	4.039733e-01	3.897462e-02	4.871828e-02	2.552052e-01	2.552052e-01	8.432451e-01	9.364379e-01
30677	5.072879e-01	3.747925e-01	2.916580e-02	3.645725e-02	1.909772e-01	1.346675e-01	7.839351e-01	5.229559e-01
4908	4.070675e-01	5.593085e-01	6.960182e-02	8.700228e-02	4.557517e-01	4.381905e-01	8.264985e-01	8.342563e-01
25495	6.044629e-01	6.678648e-01	2.555033e-02	3.193792e-02	1.673032e-01	4.831270e-02	6.843705e-01	7.469457e-01
12086	6.358638e-01	2.849435e-01	4.021025e-02	5.026281e-02	2.632961e-01	1.667767e-01	1.202750e-01	9.467937e-01
28596	4.928851e-01	9.327649e-01	2.160508e-02	2.700635e-02	1.414697e-01	1.081170e-01	8.904647e-01	6.369650e-01
17163	5.453930e-01	7.134359e-01	4.601942e-02	5.752428e-02	3.013345e-01	1.339748e-01	5.768910e-01	7.915991e-01
13684	2.122113e-01	2.075416e-01	2.525172e-02	3.156466e-02	1.653479e-01	1.648735e-01	4.304286e-01	2.736739e-01
9172	6.101000e-01	4.562383e-01	4.033890e-02	5.042362e-02	2.641385e-01	1.459433e-01	8.235453e-01	2.698851e-01
200	7.560553e-01	6.441220e-01	2.105276e-02	2.631595e-02	1.378531e-01	1.319711e-01	3.114332e-01	5.745386e-01
21850	3.600883e-01	5.809635e-02	2.867781e-02	3.584727e-02	1.877819e-01	1.691874e-01	4.863660e-01	5.212330e-01
16936	5.855833e-01	8.624583e-01	6.923518e-02	8.654397e-02	4.533509e-01	4.440386e-01	9.869988e-01	7.498729e-01
6857	7.715315e-01	2.666939e-01	6.092186e-02	7.615232e-02	3.989154e-01	1.754251e-01	8.778701e-01	1.154063e-01
16637	4.184942e-01	8.494635e-01	4.164753e-02	5.205942e-02	2.727074e-01	7.168751e-02	6.723333e-01	1.237222e-01
247	1.431436e-01	8.276060e-01	3.898733e-02	4.873417e-02	2.552884e-01	2.259966e-01	3.818623e-01	5.215188e-01
21424	6.896319e-01	2.312756e-01	2.130309e-02	2.662886e-02	1.394923e-01	1.391266e-01	7.193132e-01	4.238281e-01
21653	7.383843e-01	4.070586e-02	2.088288e-02	2.610359e-02	1.367407e-01	1.034018e-01	9.101123e-01	5.225859e-01
362	9.322997e-01	8.616042e-01	6.200675e-02	7.750844e-02	4.060193e-01	3.430658e-01	4.453685e-01	8.570649e-01
10704	5.978387e-01	7.067711e-01	3.017964e-02	3.772455e-02	1.976158e-01	1.326422e-01	6.462665e-02	4.653169e-01
23003	5.758014e-01	6.498762e-01	4.616890e-02	5.771112e-02	3.023132e-01	1.252197e-01	8.455273e-01	1.190918e-02
29160	6.572078e-01	8.681491e-01	3.124712e-02	3.905891e-02	2.046057e-01	1.654354e-01	3.638937e-01	4.391631e-01
22295	7.037145e-01	9.210880e-01	5.541759e-02	6.927199e-02	3.628735e-01	2.725006e-01	8.099782e-01	4.722554e-01
8273	9.491254e-01	6.773682e-01	4.805742e-02	6.007178e-02	3.146793e-01	1.928045e-01	4.997142e-01	7.924200e-01
24388	6.582324e-01	5.173610e-01	2.216836e-02	2.771045e-02	1.451581e-01	1.087889e-01	8.036382e-01	5.404475e-01
7951	6.549778e-02	1.588868e-01	4.677159e-02	5.846449e-02	3.062596e-01	3.043957e-01	3.516249e-01	7.691807e-01
20894	1.442576e-01	3.202209e-01	3.306661e-02	4.133326e-02	2.165197e-01	8.716274e-02	3.742093e-01	6.345091e-01
19750	4.945622e-01	5.991949e-01	3.094266e-02	3.867832e-02	2.026120e-01	1.325273e-01	3.255938e-01	1.595392e-01
27983	8.143476e-02	5.007162e-01	3.996093e-02	4.995117e-02	2.616636e-01	1.606187e-01	5.017999e-01	1.348308e-01
31329	1.610042e-01	2.055043e-01	3.537835e-02	4.422293e-02	2.316569e-01	1.707623e-01	8.889600e-01	3.626655e-01
5026	2.615025e-01	3.281012e-01	2.532855e-02	3.166068e-02	1.658509e-01	4.778796e-02	9.622012e-01	9.159424e-01
8134	9.223321e-01	4.750383e-01	6.400356e-02	8.000445e-02	4.190943e-01	4.172105e-01	7.124846e-01	3.714049e-01
7618	3.752901e-01	6.748666e-01	3.988517e-02	4.985647e-02	2.611675e-01	2.608197e-01	4.861854e-01	2.092152e-01
27118	6.813331e-01	8.074330e-01	4.485058e-02	5.606323e-02	2.936809e-01	2.903997e-01	9.226334e-01	8.095916e-01
12007	7.971319e-02	3.283805e-01	2.600077e-02	3.250096e-02	1.702526e-01	1.193495e-01	8.260969e-01	4.179691e-03
25949	8.354781e-01	1.892525e-01	2.176105e-02	2.720131e-02	1.424910e-01	6.088752e-02	5.704041e-01	5.118084e-01
16699	3.004636e-01	2.939095e-01	2.176167e-02	2.720209e-02	1.424951e-01	1.420955e-01	4.251356e-01	5.369884e-01
21273	6.968517e-01	7.017964e-01	2.998863e-02	3.748579e-02	1.963651e-01	1.700643e-01	7.252443e-01	5.166667e-01
16603	2.622288e-01	6.507084e-02	2.603288e-02	3.254110e-02	1.704629e-01	6.746654e-02	7.002138e-02	8.736624e-01
1689	1.971940e-01	4.006196e-01	3.515824e-02	4.394780e-02	2.302156e-01	9.464385e-02	6.072521e-01	3.222471e-01
7824	3.260074e-01	5.372248e-01	2.116276e-02	2.645345e-02	1.385734e-01	1.099845e-01	5.639539e-01	1.494666e-01
24779	8.681897e-01	8.836536e-01	6.484256e-02	8.105320e-02	4.245881e-01	2.199712e-01	7.622431e-01	3.454140e-01
6946	7.845699e-01	8.624334e-01	2.309986e-02	2.887482e-02	1.512575e-01	9.397660e-02	6.295409e-01	4.377145e-01
11369	3.476015e-01	7.461497e-01	5.222919e-02	6.528648e-02	3.419959e-01	1.597150e-01	4.819915e-01	8.568930e-01
12942	3.251291e-01	2.132750e-01	3.851865e-02	4.814831e-02	2.522195e-01	2.419731e-01	8.483034e-01	6.073877e-01
7169	7.355287e-01	4.099738e-01	2.785330e-02	3.481663e-02	1.823830e-01	1.820537e-01	7.598421e-02	9.146105e-01
24771	8.484803e-01	5.712690e-01	4.433870e-02	5.542337e-02	2.903291e-01	1.473409e-01	7.553063e-02	1.532940e-01
10255	5.229505e-01	6.499398e-01	3.024075e-02	3.780094e-02	1.980160e-01	1.307031e-01	9.834198e-01	4.368271e-01
3288	9.235892e-02	2.750660e-01	2.854919e-02	3.568648e-02	1.869396e-01	1.710470e-01	3.527481e-01	7.506465e-01
31852	1.147095e-01	7.183785e-01	5.216022e-02	6.520027e-02	3.415443e-01	2.929897e-01	1.052300e-01	1.202652e-01
23988	8.864303e-01	4.181200e-01	2.787190e-02	3.483988e-02	1.825048e-01	1.537618e-01	2.654676e-01	9.709113e-01
19394	4.027888e-01	1.303011e-01	3.942135e-02	4.927669e-02	2.581304e-01	2.537553e-01	3.270576e-01	4.124522e-01
19369	7.678462e-01	9.131221e-01	2.280468e-02	2.850585e-02	1.493247e-01	1.491601e-01	9.215699e-01	3.382306e-01
6670	8.033402e-01	6.157955e-01	4.049969e-02	5.062461e-02	2.651913e-01	1.615590e-01	3.626969e-03	7.088428e-02
31409	1.736369e-01	9.134176e-01	5.902282e-02	7.377852e-02	3.864805e-01	2.548787e-01	4.163608e-01	3.195116e-01
3162	1.442975e-01	4.091329e-01	3.522984e-02	4.403730e-02	2.306844e-01	1.444842e-01	2.298783e-01	5.066492e-01
28517	6.176321e-01	5.561572e-01	6.331345e-02	7.914181e-02	4.145755e-01	2.919189e-01	4.177905e-01	9.375944e-01
4761	3.169806e-01	4.378152e-01	2.848956e-02	3.561195e-02	1.865492e-01	1.498382e-01	6.826742e-02	5.401238e-01
24571	8.720470e-01	2.135826e-01	2.607902e-02	3.259877e-02	1.707650e-01	7.104665e-02	9.251100e-01	8.328767e-01
32579	5.573366e-01	3.768837e-01	5.094615e-02	6.368269e-02	3.335946e-01	2.133745e-01	8.094278e-01	3.095757e-01
4752	2.530758e-01	9.045266e-01	2.679664e-02	3.349579e-02	1.754640e-01	1.630502e-01	3.869421e-01	2.683152e-05
19513	7.639504e-01	6.045980e-01	2.197072e-02	2.746340e-02	1.438639e-01	1.333855e-01	6.118452e-02	6.862315e-01
6679	7.757754e-01	6.707527e-01	2.947258e-02	3.684073e-02	1.929860e-01	1.852731e-01	9.177468e-01	5.137000e-01
22838	2.420291e-01	1.033203e-01	3.157879e-02	3.947349e-02	2.067774e-01	1.793368e-01	3.559036e-01	7.396761e-01
