10666	2.552114e-01	1.994556e-01	2.325337e-02	2.906671e-02	1.522627e-01	1.384544e-01	7.632388e-01	3.005409e-01
4655	6.748308e-01	2.643503e-01	2.348121e-02	2.935151e-02	1.537546e-01	7.762132e-02	6.231242e-01	4.202167e-01
11155	8.376073e-01	8.289189e-01	4.741170e-02	5.926462e-02	3.104510e-01	1.269434e-01	3.093828e-01	9.758185e-01
31334	7.232264e-01	5.375588e-01	5.147883e-02	6.434854e-02	3.370826e-01	3.284563e-01	2.583670e-01	9.944979e-01
1573	7.973897e-01	5.130589e-01	2.922784e-02	3.653480e-02	1.913835e-01	1.896197e-01	2.041651e-01	9.812593e-01
31154	8.911545e-01	2.011068e-01	2.682680e-02	3.353350e-02	1.756615e-01	1.683456e-01	6.183072e-01	9.527457e-01
23136	7.501788e-01	4.426719e-01	3.094096e-02	3.867620e-02	2.026009e-01	2.025750e-01	8.483172e-01	3.410583e-01
7034	5.981144e-01	1.112067e-01	3.866265e-02	4.832832e-02	2.531625e-01	1.507707e-01	8.555555e-01	8.245910e-02
27503	9.375971e-01	5.284385e-01	2.579367e-02	3.224209e-02	1.688965e-01	7.768994e-02	2.590286e-01	6.612724e-01
21114	2.639101e-01	2.481266e-01	2.125976e-02	2.657470e-02	1.392086e-01	9.392398e-02	1.039208e-01	1.523585e-01
1816	6.055534e-01	2.407120e-01	7.194610e-02	8.993263e-02	4.711020e-01	2.737178e-01	2.133906e-02	8.775253e-01
29031	6.331145e-01	5.887814e-01	2.340108e-02	2.925135e-02	1.532299e-01	1.173392e-01	5.086255e-01	6.631638e-01
27403	4.146043e-01	1.628820e-01	4.965838e-02	6.207298e-02	3.251623e-01	2.801998e-01	4.012957e-01	6.733525e-01
5721	2.579908e-01	9.459295e-01	2.745949e-02	3.432437e-02	1.798043e-01	5.450558e-02	6.586688e-02	4.228549e-01
2121	3.531844e-01	8.019793e-02	4.174289e-02	5.217861e-02	2.733318e-01	2.662388e-01	8.061533e-01	3.846061e-01
32322	7.981050e-01	9.257437e-01	2.842774e-02	3.553467e-02	1.861444e-01	1.191472e-01	1.703111e-01	1.008966e-01
1448	1.122700e-01	1.393365e-01	2.961361e-02	3.701701e-02	1.939094e-01	1.497442e-01	7.094220e-01	3.726904e-01
14300	1.517284e-01	5.346143e-01	5.082605e-02	6.353256e-02	3.328082e-01	3.246609e-01	8.961826e-02	1.475174e-01
20240	3.786586e-01	9.038185e-01	3.806290e-02	4.757862e-02	2.492352e-01	8.283886e-02	7.537314e-01	5.198931e-01
23338	7.571716e-01	1.363722e-01	2.107367e-02	2.634209e-02	1.379901e-01	1.115512e-01	4.728503e-01	1.236475e-01
23969	2.855616e-01	1.114750e-01	7.890717e-02	9.863396e-02	5.166829e-01	2.173546e-01	4.101200e-01	3.377638e-01
19907	7.221792e-01	7.228034e-01	3.226729e-02	4.033412e-02	2.112857e-01	1.002039e-01	2.354892e-01	1.151771e-01
31279	1.977918e-01	3.886343e-01	2.201631e-02	2.752038e-02	1.441624e-01	9.036454e-02	4.704107e-01	2.716067e-01
12373	3.074144e-01	9.470246e-01	2.532713e-02	3.165891e-02	1.658416e-01	9.067290e-02	8.218648e-01	1.990325e-01
10594	5.855302e-01	7.959533e-01	2.617006e-02	3.271257e-02	1.713611e-01	1.704951e-01	9.268808e-01	2.368482e-02
25124	2.090594e-01	7.357776e-02	2.132614e-02	2.665767e-02	1.396432e-01	6.454537e-02	9.819772e-01	3.436806e-02
26562	8.502569e-01	6.958988e-01	2.437219e-02	3.046524e-02	1.595887e-01	1.087398e-01	7.374069e-01	6.798634e-01
16065	2.391451e-01	5.619880e-01	2.377877e-02	2.972347e-02	1.557030e-01	1.551552e-01	1.031031e-01	7.014833e-01
26711	4.003008e-01	6.161714e-01	3.730161e-02	4.662701e-02	2.442503e-01	8.305890e-02	8.243365e-01	1.247474e-01
31517	7.655485e-01	3.511293e-01	4.093645e-02	5.117057e-02	2.680513e-01	1.640861e-01	9.629350e-01	1.738292e-01
15817	3.125459e-01	2.458340e-01	2.672654e-02	3.340818e-02	1.750050e-01	1.517084e-01	5.046790e-01	9.878032e-02
15844	1.419765e-01	6.381735e-01	5.928403e-02	7.410504e-02	3.881909e-01	1.168342e-01	3.161881e-01	8.471569e-01
5579	6.571767e-01	6.245529e-01	3.581674e-02	4.477092e-02	2.345274e-01	2.050936e-01	1.833391e-01	2.128408e-01
9218	8.238284e-01	5.909690e-01	5.212957e-02	6.516196e-02	3.413436e-01	2.158517e-01	3.939586e-01	1.173000e-01
31180	8.488735e-01	1.517966e-01	3.164146e-02	3.955183e-02	2.071878e-01	7.205295e-02	6.221273e-01	4.751531e-01
20522	4.872994e-01	2.966794e-01	2.657023e-02	3.321279e-02	1.739815e-01	1.636111e-01	7.703389e-02	8.696810e-01
13679	7.056209e-01	3.096033e-01	3.996323e-02	4.995404e-02	2.616786e-01	1.587329e-01	4.836507e-01	7.973742e-01
15025	3.056217e-02	6.395503e-01	2.117050e-02	2.646312e-02	1.386241e-01	5.976684e-02	3.530233e-01	4.462552e-01
7639	6.277324e-01	3.490629e-01	3.937277e-02	4.921596e-02	2.578123e-01	2.131419e-01	3.515310e-01	8.835251e-01
20910	8.399559e-01	2.535428e-01	5.702662e-02	7.128327e-02	3.734094e-01	2.602640e-01	1.588774e-01	2.725715e-02
8956	3.397534e-01	1.485168e-01	2.411218e-02	3.014023e-02	1.578862e-01	1.441692e-01	1.744633e-01	8.137479e-01
21072	4.629919e-01	3.950952e-01	2.689453e-02	3.361817e-02	1.761050e-01	5.912887e-02	7.735870e-01	9.783318e-01
7632	1.953073e-01	1.297359e-01	2.642023e-02	3.302529e-02	1.729992e-01	1.608137e-01	3.130247e-01	9.180219e-01
6283	9.476027e-01	7.927201e-01	2.114276e-02	2.642846e-02	1.384425e-01	1.356611e-01	8.150911e-01	7.798352e-01
6459	3.907588e-01	5.785844e-01	2.761326e-02	3.451657e-02	1.808112e-01	9.575076e-02	3.678420e-01	6.516239e-01
17299	8.850653e-01	3.167537e-01	2.075504e-02	2.594379e-02	1.359036e-01	8.238923e-02	6.899788e-01	9.553263e-01
9525	5.207059e-01	4.271162e-01	7.686887e-02	9.608609e-02	5.033362e-01	3.661381e-01	8.172643e-01	8.476049e-01
12607	4.905530e-01	7.778198e-02	5.372330e-02	6.715412e-02	3.517793e-01	3.038738e-01	5.364057e-01	2.362698e-02
10488	1.356445e-01	4.733127e-01	2.101903e-02	2.627379e-02	1.376323e-01	1.211271e-01	6.011003e-01	8.581465e-01
26464	5.870160e-01	6.947388e-01	2.595683e-02	3.244603e-02	1.699649e-01	6.316141e-02	4.012934e-01	3.323713e-01
19471	7.051336e-01	7.804793e-01	5.094649e-02	6.368312e-02	3.335969e-01	3.334095e-01	5.920737e-01	3.685808e-01
20711	7.176297e-01	2.294158e-01	2.998291e-02	3.747864e-02	1.963276e-01	1.766615e-01	7.161000e-02	9.555730e-01
18527	2.561003e-01	4.668023e-01	4.950188e-02	6.187735e-02	3.241375e-01	2.282270e-01	4.723963e-01	4.039914e-02
3559	8.786977e-01	4.607857e-01	4.740036e-02	5.925045e-02	3.103768e-01	8.199299e-02	4.377797e-01	2.513352e-01
24498	5.360987e-01	7.663925e-01	3.326406e-02	4.158008e-02	2.178126e-01	1.952464e-01	1.648717e-01	4.266666e-01
8046	6.891109e-01	8.888398e-01	2.170842e-02	2.713552e-02	1.421464e-01	1.094273e-01	9.983473e-01	7.568947e-01
18308	8.736638e-01	6.479176e-01	3.481113e-02	4.351392e-02	2.279428e-01	1.648391e-01	8.039395e-01	5.011445e-02
5003	6.302792e-01	7.842951e-01	4.876334e-02	6.095418e-02	3.193016e-01	1.917101e-01	3.029564e-01	2.917799e-01
5696	8.795043e-02	9.490230e-01	4.521681e-02	5.652102e-02	2.960790e-01	8.767219e-02	2.049279e-01	2.139822e-01
15468	6.420745e-01	7.181607e-01	5.879069e-02	7.348836e-02	3.849605e-01	3.819866e-01	6.435048e-01	1.610340e-01
11453	9.170212e-01	8.202726e-01	3.261802e-02	4.077252e-02	2.135823e-01	2.065237e-01	3.771922e-01	1.119074e-01
26063	7.773247e-01	3.491870e-02	2.654135e-02	3.317669e-02	1.737924e-01	7.180628e-02	9.542377e-01	7.944817e-01
24636	9.437250e-01	8.944099e-01	3.517409e-02	4.396761e-02	2.303194e-01	1.609951e-01	4.119532e-01	6.783641e-01
22795	3.154161e-01	5.174878e-01	7.572582e-02	9.465728e-02	4.958515e-01	3.702077e-01	8.587457e-01	9.492706e-01
25181	4.274788e-01	4.881590e-01	6.473686e-02	8.092108e-02	4.238960e-01	3.177278e-01	2.160722e-01	7.146220e-01
30514	8.317490e-01	3.698375e-01	2.098791e-02	2.623489e-02	1.374285e-01	1.348947e-01	8.775618e-01	4.524929e-01
11179	9.711222e-01	8.473650e-01	2.228018e-02	2.785023e-02	1.458903e-01	4.297430e-02	2.772051e-01	2.186132e-01
4063	6.778059e-01	4.494038e-01	2.283940e-02	2.854925e-02	1.495520e-01	1.103467e-01	2.052847e-01	8.408008e-01
8944	1.690377e-01	9.469905e-02	2.309252e-02	2.886566e-02	1.512095e-01	1.279650e-01	8.264933e-01	9.225559e-01
19877	7.032654e-01	1.031443e-01	7.640855e-02	9.551069e-02	5.003220e-01	2.075378e-01	1.797484e-01	7.941568e-01
27779	2.445063e-01	7.177298e-01	2.931741e-02	3.664676e-02	1.919699e-01	1.801705e-01	9.293793e-01	7.822255e-01
1531	9.002251e-01	6.120330e-01	2.756341e-02	3.445426e-02	1.804848e-01	1.316066e-01	1.321579e-01	1.771928e-01
8134	7.888593e-01	6.782816e-01	6.841726e-02	8.552158e-02	4.479952e-01	4.223335e-01	8.140632e-01	2.064734e-01
1813	5.346151e-01	6.384895e-01	5.946305e-02	7.432882e-02	3.893631e-01	3.659828e-01	8.402100e-02	3.824085e-01
6880	5.941565e-02	2.765352e-01	3.155483e-02	3.944353e-02	2.066205e-01	2.065534e-01	5.872954e-01	8.606806e-01
6798	9.683423e-01	5.140642e-01	2.718523e-02	3.398154e-02	1.780085e-01	8.994290e-02	9.475929e-02	7.014987e-01
