27853	6.300536e-01	7.101872e-01	2.793079e-02	3.491348e-02	1.828903e-01	1.638680e-01	5.071230e-01	2.658625e-02
13567	8.663953e-01	5.166862e-02	3.622291e-02	4.527863e-02	2.371870e-01	1.590362e-01	6.776458e-01	3.257395e-01
16255	8.227581e-01	3.155897e-01	5.256702e-02	6.570878e-02	3.442080e-01	2.096304e-01	3.966365e-01	7.305777e-01
7708	6.571689e-01	2.329035e-01	4.012015e-02	5.015019e-02	2.627061e-01	1.660264e-01	1.724097e-01	8.154791e-01
16081	9.135209e-01	6.234139e-01	3.909142e-02	4.886427e-02	2.559700e-01	2.300785e-01	2.609193e-01	6.653817e-01
30243	3.451817e-01	5.472272e-01	2.883432e-02	3.604290e-02	1.888067e-01	5.598328e-02	8.459660e-01	1.134726e-01
3417	6.482589e-01	6.524685e-01	2.675287e-02	3.344109e-02	1.751774e-01	1.579071e-01	6.899301e-01	6.126245e-01
19478	3.620610e-01	1.439730e-01	3.374313e-02	4.217891e-02	2.209495e-01	1.322718e-01	9.439680e-01	9.658362e-02
26108	9.026201e-01	8.707056e-01	5.294552e-02	6.618190e-02	3.466864e-01	1.940005e-01	1.267317e-01	9.091846e-01
12106	3.103427e-01	6.414121e-01	5.203202e-02	6.504003e-02	3.407049e-01	3.048716e-01	6.784524e-01	7.814764e-02
11288	5.985808e-01	3.744569e-01	2.221197e-02	2.776497e-02	1.454436e-01	1.227803e-01	5.999968e-01	6.219502e-01
834	7.505733e-01	8.517533e-01	2.884726e-02	3.605907e-02	1.888914e-01	1.797374e-01	4.820636e-01	3.502008e-01
26558	2.927084e-01	5.505407e-01	3.954086e-02	4.942607e-02	2.589129e-01	2.571023e-01	2.644430e-01	5.196564e-01
8286	4.801395e-01	3.092200e-01	2.730975e-02	3.413718e-02	1.788238e-01	1.723093e-01	3.852287e-02	1.184701e-01
7848	4.643455e-01	2.246782e-01	7.846121e-02	9.807651e-02	5.137628e-01	5.056136e-01	2.555895e-01	2.167599e-01
11112	1.697513e-01	2.722728e-01	4.076376e-02	5.095471e-02	2.669205e-01	1.483184e-01	2.313074e-01	8.257806e-01
27097	5.944211e-01	7.730987e-01	5.790526e-02	7.238157e-02	3.791627e-01	2.796445e-01	4.461964e-01	9.327596e-01
20049	5.878690e-01	8.464888e-02	4.341062e-02	5.426328e-02	2.842521e-01	1.349980e-01	5.552673e-01	7.734475e-01
18144	4.156767e-01	7.005116e-01	2.576546e-02	3.220683e-02	1.687119e-01	1.271590e-01	8.084935e-01	2.422955e-01
26834	8.329825e-01	1.800240e-01	3.638808e-02	4.548510e-02	2.382686e-01	2.283028e-01	7.093210e-02	7.930238e-01
8705	7.802244e-01	1.330080e-01	2.849647e-02	3.562058e-02	1.865944e-01	6.710416e-02	9.142393e-01	5.372488e-01
672	5.207873e-01	6.529611e-01	7.673429e-02	9.591787e-02	5.024550e-01	4.935634e-01	7.147688e-01	8.685798e-01
16944	6.368145e-01	5.170104e-01	3.158849e-02	3.948562e-02	2.068410e-01	2.053511e-01	5.571417e-01	2.651740e-01
28892	7.502774e-02	5.825520e-01	3.132882e-02	3.916103e-02	2.051406e-01	1.714607e-01	2.263717e-01	3.703250e-01
24330	3.140272e-01	2.851960e-01	7.037916e-02	8.797395e-02	4.608417e-01	2.151959e-01	4.768641e-01	9.365724e-01
13764	5.320005e-01	8.143304e-01	4.974529e-02	6.218161e-02	3.257314e-01	3.105079e-01	7.762850e-01	1.784618e-03
31973	3.859955e-01	8.625142e-01	2.490763e-02	3.113454e-02	1.630948e-01	6.438315e-02	2.080814e-01	7.717814e-01
27133	5.062835e-01	4.676739e-01	6.556329e-02	8.195411e-02	4.293074e-01	3.834013e-01	1.616662e-01	2.639577e-01
5968	8.607450e-01	6.958214e-01	2.169677e-02	2.712097e-02	1.420701e-01	1.389209e-01	2.052781e-01	8.119957e-01
18753	1.924169e-01	1.835383e-01	7.169172e-02	8.961465e-02	4.694363e-01	1.438408e-01	8.121589e-01	6.005365e-01
5227	7.870457e-02	9.632768e-02	3.453503e-02	4.316878e-02	2.261348e-01	2.240858e-01	2.584124e-01	9.614672e-01
7807	6.741706e-02	4.213678e-01	3.824329e-02	4.780412e-02	2.504165e-01	2.334317e-01	9.270011e-01	5.005405e-01
28938	6.176160e-01	6.387006e-01	2.619350e-02	3.274187e-02	1.715146e-01	1.547549e-01	3.396966e-01	6.357963e-01
22741	2.851665e-01	1.989548e-01	4.116185e-02	5.145232e-02	2.695272e-01	8.222456e-02	7.658359e-01	5.680545e-01
29235	7.800451e-01	4.515307e-01	2.372550e-02	2.965687e-02	1.553542e-01	1.116108e-01	4.188880e-02	7.241216e-01
10215	7.725192e-01	6.067516e-01	3.754944e-02	4.693679e-02	2.458731e-01	2.452034e-01	2.522747e-02	5.798301e-01
31504	5.567779e-01	3.775017e-01	3.139983e-02	3.924979e-02	2.056056e-01	1.996554e-01	9.270602e-01	9.989850e-01
26531	8.149713e-01	4.353075e-01	7.372849e-02	9.216061e-02	4.827730e-01	2.765967e-01	2.748047e-01	9.184019e-01
19220	3.592091e-01	8.240292e-02	2.091875e-02	2.614844e-02	1.369757e-01	1.329378e-01	1.498431e-01	6.213660e-01
20845	4.964683e-01	8.802581e-01	2.514856e-02	3.143569e-02	1.646723e-01	1.646565e-01	2.510080e-01	7.225184e-01
25100	2.336415e-01	7.629175e-01	3.090628e-02	3.863285e-02	2.023739e-01	1.676282e-01	6.795439e-01	7.286054e-01
14359	8.291515e-01	8.771258e-01	4.112624e-02	5.140780e-02	2.692940e-01	1.591362e-01	8.301273e-01	1.520407e-01
12902	7.123626e-01	4.631829e-01	3.228175e-02	4.035219e-02	2.113804e-01	2.061237e-01	4.371995e-01	9.985973e-01
31981	7.464185e-01	6.659070e-02	2.065862e-02	2.582328e-02	1.352723e-01	8.535876e-02	1.556413e-01	9.783596e-01
20617	1.335110e-01	6.844958e-01	4.111729e-02	5.139661e-02	2.692354e-01	2.691449e-01	1.020554e-01	3.398527e-01
11254	8.750674e-01	6.037039e-01	2.445495e-02	3.056868e-02	1.601306e-01	1.528676e-01	1.831344e-02	4.644179e-01
7101	7.034221e-01	5.521394e-01	2.809580e-02	3.511975e-02	1.839709e-01	1.504652e-01	9.655034e-01	4.673870e-01
22658	1.031831e-01	7.654945e-01	2.651737e-02	3.314671e-02	1.736353e-01	1.510825e-01	2.812195e-01	2.491538e-02
29482	3.259845e-01	5.113087e-01	3.464030e-02	4.330038e-02	2.268242e-01	1.649784e-01	2.995925e-01	5.206862e-02
28873	1.315661e-01	7.700684e-01	2.099838e-02	2.624798e-02	1.374971e-01	1.093220e-01	1.743692e-01	7.446668e-01
9485	3.933863e-01	8.169571e-01	3.168357e-02	3.960447e-02	2.074636e-01	6.722264e-02	9.517484e-01	1.653164e-01
333	9.004856e-01	1.787116e-01	4.917408e-02	6.146760e-02	3.219911e-01	3.108511e-01	8.270138e-01	1.046581e-01
11528	2.961672e-02	2.720626e-01	2.560122e-02	3.200152e-02	1.676364e-01	4.401783e-02	8.597926e-01	5.450727e-02
21476	3.774056e-01	5.001707e-01	2.597975e-02	3.247469e-02	1.701150e-01	1.353193e-01	7.322995e-01	2.097062e-01
32596	7.429454e-01	6.154750e-01	2.278849e-02	2.848561e-02	1.492187e-01	5.999631e-02	5.227417e-01	9.443371e-01
27221	1.801919e-01	9.722724e-01	2.173797e-02	2.717246e-02	1.423399e-01	5.775212e-02	6.715288e-01	4.052932e-01
5985	9.516710e-01	7.545381e-01	4.367129e-02	5.458912e-02	2.859590e-01	9.623513e-02	2.498942e-01	1.608174e-01
2644	2.615418e-01	7.378964e-01	2.535840e-02	3.169799e-02	1.660464e-01	1.597078e-01	5.325151e-01	9.559877e-01
15100	6.729667e-02	7.069899e-01	4.484555e-02	5.605694e-02	2.936480e-01	1.236764e-01	2.741462e-02	5.791010e-02
17077	1.528010e-01	3.876434e-01	2.276025e-02	2.845031e-02	1.490337e-01	1.487938e-01	4.854324e-01	9.428221e-01
17389	9.301616e-01	2.217925e-01	2.168772e-02	2.710965e-02	1.420109e-01	7.523687e-02	9.434180e-01	6.337031e-01
2376	3.433089e-01	4.393845e-01	6.655709e-02	8.319636e-02	4.358148e-01	2.969177e-01	5.624951e-02	9.796946e-01
29953	6.602522e-01	1.383547e-01	4.175020e-02	5.218775e-02	2.733796e-01	2.691745e-01	9.397882e-01	4.414599e-01
19592	8.456086e-02	1.603489e-01	2.500213e-02	3.125266e-02	1.637135e-01	6.330645e-02	3.539956e-02	7.969133e-01
10770	2.685804e-01	4.920770e-01	2.559928e-02	3.199910e-02	1.676237e-01	1.510446e-01	9.371264e-01	8.895141e-02
4597	8.028923e-01	9.018058e-01	3.358481e-02	4.198101e-02	2.199128e-01	1.269168e-01	2.629561e-01	4.990055e-01
16195	3.637214e-01	7.388423e-01	3.702469e-02	4.628086e-02	2.424371e-01	2.151686e-01	6.943333e-01	3.457577e-01
9697	9.214061e-01	4.589310e-01	2.756759e-02	3.445948e-02	1.805121e-01	1.689636e-01	6.393101e-02	7.248468e-02
7761	5.211382e-01	3.104212e-01	2.329531e-02	2.911914e-02	1.525373e-01	1.368919e-01	9.544671e-01	6.766696e-01
22772	2.293377e-01	6.943821e-01	7.136313e-02	8.920392e-02	4.672847e-01	2.291659e-01	1.882645e-02	8.115928e-01
3127	3.656832e-01	2.575997e-01	4.849762e-02	6.062203e-02	3.175617e-01	2.955662e-01	8.570758e-01	8.036887e-01
28655	3.438771e-01	3.554340e-01	2.516365e-02	3.145456e-02	1.647712e-01	8.615688e-02	6.156303e-01	7.235487e-01
22442	2.510564e-01	9.469495e-01	4.257335e-02	5.321669e-02	2.787696e-01	1.036003e-01	6.281299e-01	2.857725e-01
20635	4.254856e-01	5.897243e-01	4.456100e-02	5.570125e-02	2.917847e-01	9.009025e-02	2.614009e-01	4.454542e-01
14208	8.636284e-01	7.701389e-01	4.774678e-02	5.968348e-02	3.126452e-01	3.029470e-01	7.056191e-01	9.812892e-01
5489	6.525706e-01	3.987514e-01	6.139801e-02	7.674751e-02	4.020332e-01	3.249818e-01	7.910804e-02	4.217462e-01
5567	1.299412e-01	5.651290e-02	4.689830e-02	5.862288e-02	3.070893e-01	1.736922e-01	9.312853e-01	6.376808e-01
20505	8.747565e-01	2.602373e-01	2.321911e-02	2.902389e-02	1.520384e-01	1.299941e-01	2.669671e-01	4.368550e-01
17591	3.311450e-01	9.335362e-01	3.494937e-02	4.368672e-02	2.288480e-01	6.863108e-02	7.392197e-01	1.505552e-01
17102	5.587213e-01	7.184981e-01	2.292609e-02	2.865761e-02	1.501197e-01	1.008921e-01	2.222218e-01	8.548092e-01
