11176	4.384517e-02	2.340956e-01	2.240250e-02	2.800312e-02	1.466912e-01	1.303438e-01	7.509342e-01	7.543226e-01
12504	6.487525e-01	5.045114e-01	6.003561e-02	7.504451e-02	3.931123e-01	3.233492e-01	1.285673e-02	1.862536e-02
26420	3.030656e-01	3.217037e-01	6.405072e-02	8.006341e-02	4.194032e-01	3.787545e-01	2.891573e-02	7.390065e-01
1809	5.076635e-01	5.781327e-01	3.222405e-02	4.028007e-02	2.110026e-01	7.094313e-02	4.928730e-01	3.775038e-01
16282	1.912212e-01	3.808802e-01	5.165557e-02	6.456947e-02	3.382399e-01	1.716988e-01	5.007215e-01	5.458109e-01
15841	5.945507e-01	4.881114e-02	2.303896e-02	2.879870e-02	1.508587e-01	8.263149e-02	6.981958e-01	5.231595e-02
19289	7.167199e-01	1.087587e-01	6.770441e-02	8.463051e-02	4.433274e-01	4.394204e-01	1.834328e-01	1.533311e-01
5445	7.178322e-01	7.946666e-01	2.074222e-02	2.592778e-02	1.358197e-01	1.352843e-01	5.968711e-01	4.801670e-01
18935	4.399956e-01	7.627154e-01	2.473394e-02	3.091743e-02	1.619575e-01	1.189988e-01	9.537463e-01	3.809435e-01
29721	8.824405e-01	6.839438e-01	5.783978e-02	7.229973e-02	3.787340e-01	1.342178e-01	1.183720e-01	3.445873e-01
12606	3.372570e-01	6.069781e-01	2.665188e-02	3.331485e-02	1.745161e-01	1.607257e-01	7.096644e-02	6.264859e-01
26475	5.709734e-01	4.415988e-01	7.632920e-02	9.541150e-02	4.998024e-01	3.468947e-01	9.498873e-01	9.387332e-01
24427	5.260117e-01	3.184236e-01	5.108494e-02	6.385617e-02	3.345034e-01	2.964260e-01	8.162906e-01	7.164278e-01
26248	1.904757e-01	9.054805e-01	4.883916e-02	6.104895e-02	3.197981e-01	3.193556e-01	1.875893e-01	6.753841e-01
25477	2.724062e-01	9.709302e-01	2.187429e-02	2.734287e-02	1.432325e-01	7.038014e-02	2.440161e-01	1.796418e-01
12242	8.329875e-01	8.609060e-01	4.102446e-02	5.128057e-02	2.686275e-01	2.569043e-01	8.129507e-01	3.055724e-01
21373	3.822635e-01	1.645971e-01	2.783705e-02	3.479631e-02	1.822766e-01	1.366861e-01	5.643564e-01	8.426694e-01
872	3.451017e-01	7.693677e-02	4.001369e-02	5.001711e-02	2.620090e-01	1.919324e-01	2.843315e-01	2.168134e-01
22349	2.473898e-01	8.041662e-01	3.900329e-02	4.875411e-02	2.553929e-01	1.630112e-01	7.052258e-01	9.455030e-01
32286	1.975716e-01	1.823238e-01	6.331830e-02	7.914788e-02	4.146072e-01	3.578135e-01	3.018303e-03	8.239890e-01
25145	2.903616e-02	5.285087e-01	2.140761e-02	2.675951e-02	1.401767e-01	1.392882e-01	1.927141e-01	2.938245e-01
8762	9.342438e-01	6.127081e-01	2.691119e-02	3.363899e-02	1.762141e-01	1.725948e-01	9.456526e-02	6.213766e-01
4566	3.653242e-01	3.231830e-01	3.211641e-02	4.014551e-02	2.102977e-01	1.616474e-01	2.941338e-01	7.462606e-01
31531	9.609701e-01	4.305563e-01	2.228259e-02	2.785324e-02	1.459061e-01	1.313770e-01	4.121107e-01	4.014315e-01
21789	2.896283e-01	9.160655e-01	2.250794e-02	2.813493e-02	1.473816e-01	8.547122e-02	7.991773e-01	6.743390e-01
7040	4.551930e-01	2.229034e-01	6.352958e-02	7.941198e-02	4.159907e-01	3.608169e-01	2.613419e-01	3.290700e-01
18694	6.737280e-01	6.201229e-01	5.778714e-02	7.223393e-02	3.783893e-01	3.611258e-01	9.864758e-01	4.165820e-01
20715	4.738959e-01	7.040099e-01	2.076375e-02	2.595469e-02	1.359607e-01	8.617255e-02	4.652623e-01	4.102431e-01
13086	1.427787e-01	1.439531e-01	2.378234e-02	2.972793e-02	1.557264e-01	1.014399e-01	5.023184e-01	8.441265e-02
3308	8.796098e-01	7.882125e-02	4.722770e-02	5.903463e-02	3.092463e-01	2.638683e-01	8.027206e-01	7.416839e-01
10241	6.255231e-01	6.402668e-01	2.601326e-02	3.251658e-02	1.703344e-01	1.469912e-01	3.145430e-01	3.641094e-01
17207	6.355116e-01	2.065716e-01	2.804876e-02	3.506095e-02	1.836628e-01	1.431738e-01	1.293161e-01	5.303770e-02
26636	4.050256e-01	3.527722e-01	2.365811e-02	2.957264e-02	1.549129e-01	1.509959e-01	3.678377e-01	1.883611e-01
14425	6.421816e-01	3.677530e-01	2.173566e-02	2.716957e-02	1.423247e-01	1.421707e-01	4.951671e-02	4.287689e-02
22711	1.175241e-01	5.720336e-01	5.158283e-02	6.447854e-02	3.377636e-01	1.986898e-01	2.379636e-01	5.021953e-01
23643	6.153968e-01	7.697875e-01	2.985805e-02	3.732256e-02	1.955100e-01	1.730410e-01	8.408211e-01	6.779926e-01
2459	6.463628e-01	1.659144e-01	2.647046e-02	3.308807e-02	1.733281e-01	5.040256e-02	3.241286e-01	4.052431e-01
29735	4.463424e-01	5.456216e-01	3.065990e-02	3.832487e-02	2.007605e-01	6.373213e-02	4.660201e-01	7.861758e-01
25695	3.287953e-01	1.598027e-01	2.422092e-02	3.027616e-02	1.585982e-01	7.622297e-02	2.403605e-01	6.288313e-01
28179	7.788223e-01	9.056655e-01	6.461415e-02	8.076769e-02	4.230925e-01	1.942905e-01	9.858458e-01	7.208303e-01
11363	3.802062e-01	7.914511e-01	4.140965e-02	5.176207e-02	2.711498e-01	2.676666e-01	5.757953e-01	3.429031e-01
23972	7.626777e-01	2.074830e-01	3.080133e-02	3.850167e-02	2.016867e-01	1.766251e-01	8.472600e-01	4.662241e-02
29041	7.646665e-01	5.155315e-01	2.197237e-02	2.746546e-02	1.438747e-01	8.573204e-02	3.423212e-01	9.963458e-01
30143	4.348869e-01	6.367083e-01	3.478733e-02	4.348416e-02	2.277869e-01	1.454041e-01	4.257833e-02	5.279602e-01
29044	7.983053e-01	4.715914e-02	2.640570e-02	3.300713e-02	1.729041e-01	1.694158e-01	4.603456e-01	1.435351e-01
30253	2.389446e-01	3.817392e-01	2.346867e-02	2.933584e-02	1.536725e-01	1.467910e-01	5.728601e-01	5.485372e-01
31809	3.556096e-02	5.949236e-01	3.377553e-02	4.221941e-02	2.211617e-01	2.110919e-01	6.573318e-01	8.363884e-01
29980	2.781555e-01	8.676871e-01	3.473773e-02	4.342217e-02	2.274621e-01	1.342305e-01	3.808238e-01	2.940359e-01
5231	1.108842e-01	3.944554e-01	2.618037e-02	3.272546e-02	1.714286e-01	1.488331e-01	3.104059e-01	1.847311e-01
16865	2.312268e-01	2.898064e-01	2.130231e-02	2.662789e-02	1.394872e-01	1.282867e-01	5.349373e-01	9.522437e-01
5735	7.894803e-01	1.944566e-01	2.390180e-02	2.987725e-02	1.565086e-01	1.174896e-01	9.266718e-01	1.467084e-01
4751	7.434056e-01	8.403503e-01	3.820187e-02	4.775234e-02	2.501453e-01	2.266903e-01	3.876570e-02	6.039611e-01
8744	9.161876e-01	7.588874e-01	4.922990e-02	6.153737e-02	3.223566e-01	3.127801e-01	6.815982e-01	3.312752e-01
11308	5.188888e-01	4.997333e-01	4.534633e-02	5.668292e-02	2.969271e-01	2.356992e-01	2.318678e-01	1.776277e-02
9625	2.337527e-01	8.460745e-01	2.089729e-02	2.612161e-02	1.368351e-01	4.470238e-02	2.277465e-01	2.835236e-02
25916	7.472889e-01	7.873893e-01	2.203588e-02	2.754485e-02	1.442906e-01	9.122123e-02	5.405950e-02	9.067714e-01
28589	9.470758e-01	5.261297e-01	2.264482e-02	2.830602e-02	1.482779e-01	1.434991e-01	8.845394e-01	6.352256e-01
16165	2.855021e-01	4.745631e-01	2.158769e-02	2.698461e-02	1.413558e-01	6.163995e-02	2.599746e-01	5.630108e-01
28737	6.570398e-01	9.486825e-01	4.083232e-02	5.104040e-02	2.673694e-01	1.394954e-01	5.318593e-01	3.174724e-01
17797	1.198106e-01	9.069977e-01	2.201922e-02	2.752402e-02	1.441815e-01	1.439984e-01	5.136638e-01	5.902853e-01
19733	4.693024e-01	3.355827e-01	5.718172e-02	7.147715e-02	3.744250e-01	3.562690e-01	4.201318e-01	2.830336e-01
16243	7.828193e-01	7.835166e-01	3.230722e-02	4.038402e-02	2.115472e-01	1.682668e-01	3.619921e-01	7.923384e-01
11643	4.008367e-01	2.495760e-01	5.815640e-02	7.269550e-02	3.808072e-01	2.526669e-01	3.914443e-01	7.122439e-01
31953	1.297876e-01	1.196559e-01	2.980638e-02	3.725798e-02	1.951717e-01	1.072280e-01	7.379117e-01	7.982919e-01
27627	6.762116e-02	6.783689e-01	4.183076e-02	5.228845e-02	2.739072e-01	2.724021e-01	6.007072e-01	5.803856e-01
23756	6.219298e-01	9.530095e-02	2.563125e-02	3.203907e-02	1.678330e-01	5.874079e-02	4.295809e-01	4.509562e-01
17802	5.728094e-02	9.586557e-01	2.697892e-02	3.372365e-02	1.766575e-01	1.578222e-01	1.977703e-01	9.906783e-01
10745	5.456599e-01	6.725580e-01	2.401426e-02	3.001782e-02	1.572450e-01	6.310561e-02	2.787998e-01	6.356909e-01
26243	4.188772e-01	1.079624e-01	2.733169e-02	3.416461e-02	1.789675e-01	1.634565e-01	3.913618e-01	1.432846e-01
4781	5.816983e-01	2.370329e-01	3.113889e-02	3.892362e-02	2.038970e-01	1.071107e-01	1.220349e-01	2.793661e-01
15505	5.853244e-01	7.692864e-01	2.080717e-02	2.600896e-02	1.362450e-01	8.219313e-02	9.917731e-01	1.169328e-01
5023	8.871614e-01	1.620949e-01	4.246554e-02	5.308192e-02	2.780637e-01	8.134246e-02	6.780094e-01	2.524352e-01
12826	7.752464e-01	6.680662e-01	2.389419e-02	2.986774e-02	1.564588e-01	1.161376e-01	2.582928e-01	8.557596e-01
13131	8.878605e-01	8.558797e-01	2.669016e-02	3.336270e-02	1.747667e-01	1.100910e-01	4.795400e-01	6.861634e-01
7885	4.270215e-01	9.161779e-01	2.513963e-02	3.142454e-02	1.646139e-01	7.034662e-02	1.944816e-01	3.082333e-01
1902	9.251901e-01	9.278445e-01	2.485246e-02	3.106557e-02	1.627335e-01	6.879225e-02	2.986690e-01	3.370583e-01
