20886	8.174430e-01	2.167961e-01	3.474196e-02	4.342745e-02	2.274898e-01	1.400525e-01	5.721083e-01	9.861842e-01
17513	4.166486e-01	6.102536e-01	3.825279e-02	4.781599e-02	2.504787e-01	1.073570e-01	4.448726e-01	5.742571e-01
24826	2.931189e-01	8.721519e-01	2.471146e-02	3.088933e-02	1.618103e-01	4.636889e-02	9.014761e-01	1.814912e-01
30240	9.293626e-01	6.785563e-01	3.014862e-02	3.768578e-02	1.974127e-01	1.889962e-01	3.478193e-01	3.150551e-01
30173	3.213756e-01	3.755947e-01	3.539754e-02	4.424692e-02	2.317825e-01	2.316515e-01	3.103967e-02	6.441811e-01
29853	3.726427e-01	6.415616e-01	3.547055e-02	4.433819e-02	2.322606e-01	2.245105e-01	5.715803e-01	3.997120e-02
9200	9.260568e-01	6.188731e-01	2.723470e-02	3.404337e-02	1.783324e-01	1.711961e-01	2.333656e-01	3.436446e-01
26013	2.045432e-01	8.428486e-02	4.557190e-02	5.696488e-02	2.984041e-01	2.021063e-01	7.996764e-02	8.784081e-01
24241	8.735334e-01	1.193422e-01	2.563248e-02	3.204060e-02	1.678411e-01	1.528008e-01	9.089078e-01	3.725877e-01
14347	1.859991e-01	6.983798e-01	4.433922e-02	5.542403e-02	2.903325e-01	2.903317e-01	7.324968e-01	7.696837e-01
18112	5.847684e-01	6.453257e-01	7.914492e-02	9.893116e-02	5.182397e-01	1.780090e-01	7.927867e-01	5.627714e-01
16171	7.056343e-01	9.172113e-01	3.551998e-02	4.439998e-02	2.325843e-01	1.989962e-01	8.670178e-01	5.869178e-01
17670	7.032480e-01	8.663907e-01	4.291979e-02	5.364973e-02	2.810381e-01	8.284279e-02	8.507031e-02	5.410895e-01
31959	9.632723e-01	2.981502e-01	2.111828e-02	2.639785e-02	1.382822e-01	8.013257e-02	2.423629e-01	9.076347e-01
13365	6.478878e-01	8.691776e-01	3.314058e-02	4.142573e-02	2.170040e-01	5.878922e-02	4.850989e-01	9.700711e-01
7565	8.572845e-01	2.365943e-01	2.839592e-02	3.549490e-02	1.859361e-01	1.767995e-01	5.816518e-01	5.252576e-01
25014	3.934403e-01	9.100841e-01	2.571201e-02	3.214001e-02	1.683618e-01	1.557321e-01	3.770850e-01	7.480072e-01
28225	4.050838e-01	4.080796e-01	2.768704e-02	3.460880e-02	1.812943e-01	1.471985e-01	3.829866e-01	8.237109e-01
21913	4.440428e-01	2.432121e-01	6.978206e-02	8.722758e-02	4.569319e-01	4.478449e-01	8.149013e-01	9.269036e-01
29395	9.499611e-01	9.547032e-01	4.445642e-02	5.557053e-02	2.911000e-01	2.106521e-01	3.508020e-01	6.737422e-01
24117	3.546054e-01	5.863919e-01	4.375956e-02	5.469945e-02	2.865369e-01	2.723503e-01	2.311509e-02	7.800822e-02
6172	7.683903e-01	7.906486e-01	2.403020e-02	3.003775e-02	1.573494e-01	1.520407e-01	3.905794e-01	2.176493e-01
29614	5.132859e-01	7.232201e-01	3.124644e-02	3.905805e-02	2.046012e-01	2.038663e-01	9.914151e-02	6.415901e-01
22406	6.264619e-01	2.437445e-01	2.236835e-02	2.796044e-02	1.464676e-01	1.442238e-01	3.528229e-01	5.344599e-01
32419	6.025364e-01	7.563226e-01	6.620781e-02	8.275977e-02	4.335277e-01	4.083878e-01	9.562519e-01	9.574124e-02
17806	1.745838e-01	2.070777e-01	3.255848e-02	4.069811e-02	2.131925e-01	2.094155e-01	6.618768e-01	4.065210e-01
15088	9.322031e-01	4.318397e-02	3.659817e-02	4.574771e-02	2.396443e-01	1.800247e-01	2.141327e-01	1.154365e-01
26732	1.151047e-01	7.737492e-01	2.328059e-02	2.910074e-02	1.524410e-01	9.684313e-02	2.709502e-01	6.476894e-01
2015	6.782631e-01	5.781136e-01	4.285618e-02	5.357022e-02	2.806216e-01	2.292896e-01	2.567708e-01	5.343225e-01
31046	5.652023e-01	9.155076e-02	2.407984e-02	3.009980e-02	1.576744e-01	1.549388e-01	8.139395e-01	2.804353e-01
1469	3.168877e-01	9.433370e-02	2.293497e-02	2.866871e-02	1.501778e-01	1.385287e-01	6.657744e-01	3.747682e-01
5084	7.219641e-01	1.369067e-01	7.827109e-02	9.783886e-02	5.125179e-01	4.162172e-01	6.766457e-02	9.313689e-01
11062	4.552315e-01	9.141911e-01	3.703086e-02	4.628858e-02	2.424775e-01	1.937816e-01	6.625117e-01	8.211542e-01
9779	4.674569e-01	6.251638e-01	2.518218e-02	3.147773e-02	1.648925e-01	1.293437e-01	7.964566e-02	9.296845e-01
30158	5.425659e-01	3.612162e-01	5.206667e-02	6.508334e-02	3.409317e-01	1.312145e-01	4.291863e-01	1.657752e-01
20108	2.672028e-01	7.653860e-01	4.026923e-02	5.033654e-02	2.636823e-01	1.826597e-01	9.157574e-01	6.697272e-01
13491	9.501005e-01	3.655337e-01	3.480028e-02	4.350035e-02	2.278717e-01	1.492475e-01	3.159256e-01	7.117879e-01
8617	2.655432e-01	8.978832e-01	2.443351e-02	3.054189e-02	1.599902e-01	1.596638e-01	8.844581e-01	5.741542e-01
11478	1.448578e-01	5.590573e-01	2.408370e-02	3.010462e-02	1.576997e-01	4.814975e-02	6.598661e-01	2.187979e-01
9200	5.656732e-01	2.316848e-01	6.827583e-02	8.534479e-02	4.470691e-01	2.549208e-01	6.082698e-01	3.649995e-01
12723	4.976088e-01	9.360395e-01	2.224136e-02	2.780170e-02	1.456361e-01	9.659340e-02	2.766310e-01	3.942188e-02
4932	4.042103e-01	1.443689e-01	4.653606e-02	5.817007e-02	3.047174e-01	1.934680e-01	2.958722e-01	9.136908e-01
3879	1.975980e-01	3.554061e-01	2.973559e-02	3.716949e-02	1.947082e-01	1.095424e-01	3.320719e-02	4.080046e-01
7792	7.749658e-01	6.454060e-01	2.499615e-02	3.124519e-02	1.636744e-01	1.072681e-01	9.320360e-01	4.606366e-01
23582	2.196355e-01	5.904889e-01	2.610002e-02	3.262502e-02	1.709025e-01	1.708502e-01	3.842345e-01	4.765948e-01
5536	1.305675e-01	4.600677e-01	4.233635e-02	5.292043e-02	2.772177e-01	9.380820e-02	5.233830e-01	6.009980e-01
11489	9.443064e-01	2.104051e-01	3.795985e-02	4.744981e-02	2.485605e-01	1.797552e-01	4.397665e-02	8.460421e-01
23250	1.372848e-01	1.490091e-01	4.342629e-02	5.428286e-02	2.843546e-01	2.785200e-01	6.461636e-01	3.110419e-01
16166	7.613584e-01	8.633768e-01	5.004689e-02	6.255862e-02	3.277063e-01	3.206138e-01	3.585507e-02	8.025416e-01
16813	2.635020e-01	2.767029e-01	3.755854e-02	4.694817e-02	2.459327e-01	1.445304e-01	2.780944e-01	7.215074e-01
8	8.329713e-01	1.350557e-01	3.252338e-02	4.065423e-02	2.129626e-01	1.426416e-01	3.527373e-01	9.584541e-02
23817	6.459646e-01	1.621984e-01	3.833876e-02	4.792346e-02	2.510416e-01	1.723534e-01	8.890028e-01	8.979427e-01
19506	8.444525e-01	6.525879e-01	4.799055e-02	5.998819e-02	3.142414e-01	2.098286e-01	7.947430e-01	5.222188e-01
5587	7.892930e-01	1.655547e-01	2.963495e-02	3.704369e-02	1.940492e-01	7.711760e-02	1.915660e-01	4.159214e-01
12999	7.101362e-01	3.422155e-01	2.446442e-02	3.058052e-02	1.601926e-01	1.540709e-01	5.488370e-01	5.667897e-01
7880	5.544164e-01	9.494129e-01	2.096277e-02	2.620346e-02	1.372639e-01	1.337956e-01	6.701751e-01	3.940985e-01
14455	8.723225e-01	4.577465e-01	5.757822e-02	7.197278e-02	3.770213e-01	3.165764e-01	4.424941e-02	8.491483e-01
8850	3.638915e-01	3.495368e-01	3.466161e-02	4.332701e-02	2.269637e-01	1.921136e-01	9.287651e-01	3.386832e-01
10446	2.573562e-01	2.177937e-01	3.651246e-02	4.564057e-02	2.390830e-01	2.310071e-01	8.382711e-01	7.738421e-01
5626	5.233615e-01	4.689502e-01	4.045455e-02	5.056819e-02	2.648958e-01	9.451450e-02	2.494139e-01	1.212898e-01
11856	6.180635e-01	3.316491e-01	4.978307e-02	6.222884e-02	3.259788e-01	3.235501e-01	7.407916e-02	4.318068e-01
29966	7.607270e-01	7.096172e-01	2.230329e-02	2.787911e-02	1.460416e-01	1.375341e-01	5.109896e-01	9.172303e-01
19020	7.197058e-01	4.171478e-01	6.557981e-02	8.197477e-02	4.294156e-01	1.610863e-01	3.200159e-01	8.912466e-01
16517	5.805299e-01	9.538652e-01	2.265309e-02	2.831636e-02	1.483321e-01	7.491667e-02	3.182418e-01	1.717740e-01
25686	5.161122e-01	5.410758e-01	5.828822e-02	7.286027e-02	3.816703e-01	3.769206e-01	1.600913e-01	5.159680e-02
3098	8.034044e-01	8.637160e-02	2.396640e-02	2.995800e-02	1.569316e-01	1.561045e-01	9.907160e-01	5.858549e-01
10094	8.653724e-01	1.727803e-01	2.191907e-02	2.739884e-02	1.435257e-01	1.225066e-01	9.515959e-01	5.226819e-01
12282	6.320601e-02	4.113249e-01	3.267193e-02	4.083992e-02	2.139353e-01	1.144472e-01	3.537551e-02	3.848848e-01
31455	6.320582e-01	5.485239e-01	4.201791e-02	5.252238e-02	2.751326e-01	2.397674e-01	7.287457e-01	2.103799e-01
6328	8.338739e-01	5.512824e-01	2.231972e-02	2.789965e-02	1.461492e-01	1.459993e-01	6.481254e-01	9.336669e-01
31074	6.036107e-01	7.165145e-02	3.357652e-02	4.197065e-02	2.198585e-01	1.570888e-01	3.116871e-02	6.395723e-01
13270	3.744970e-01	2.714557e-01	2.841934e-02	3.552417e-02	1.860894e-01	1.586292e-01	4.724879e-01	6.720606e-01
20369	6.259423e-01	4.251963e-01	2.408761e-02	3.010951e-02	1.577253e-01	9.248104e-02	8.089877e-01	1.828780e-01
22502	8.185508e-01	8.732811e-01	3.607477e-02	4.509346e-02	2.362170e-01	1.004365e-01	2.301275e-01	7.011710e-01
29644	9.876239e-02	2.459795e-01	2.587263e-02	3.234078e-02	1.694136e-01	6.271670e-02	9.570712e-01	5.305836e-01
25302	7.372420e-01	3.386518e-01	3.260948e-02	4.076185e-02	2.135264e-01	1.609811e-01	4.160020e-01	7.459202e-01
31401	7.321101e-01	5.459783e-01	2.156991e-02	2.696238e-02	1.412394e-01	4.479301e-02	9.874114e-01	8.226641e-01
469	9.397486e-01	3.037989e-01	2.340334e-02	2.925418e-02	1.532447e-01	4.624729e-02	8.759803e-01	8.001540e-01
10738	4.618884e-01	7.413898e-01	3.768808e-02	4.711011e-02	2.467810e-01	2.466398e-01	1.705191e-01	9.428497e-01
19703	8.608006e-01	3.174390e-02	2.100320e-02	2.625400e-02	1.375286e-01	4.825061e-02	7.488437e-02	5.616710e-01
