32598	7.715945e-01	4.108970e-01	3.036885e-02	3.796106e-02	1.988548e-01	6.424518e-02	3.518242e-01	7.653723e-01
412	8.433828e-01	9.354362e-01	2.250807e-02	2.813509e-02	1.473825e-01	1.180275e-01	8.301139e-01	8.000890e-01
22190	5.030787e-01	7.585060e-01	3.013143e-02	3.766429e-02	1.973001e-01	1.644153e-01	8.289873e-01	8.239272e-01
16112	3.260903e-01	1.853847e-01	5.484572e-02	6.855715e-02	3.591289e-01	1.925984e-01	4.086754e-01	3.928972e-02
9619	8.193776e-02	8.741093e-01	4.365713e-02	5.457142e-02	2.858662e-01	1.201888e-01	3.597167e-01	4.166821e-01
32465	2.435071e-01	8.283337e-01	2.691992e-02	3.364990e-02	1.762712e-01	4.946680e-02	3.407068e-01	1.751724e-01
23554	6.933588e-01	1.660496e-01	2.498591e-02	3.123238e-02	1.636073e-01	1.108795e-01	5.374789e-01	7.118837e-01
31558	1.262556e-01	6.780931e-01	5.402023e-02	6.752529e-02	3.537237e-01	2.905970e-01	9.588982e-01	8.661597e-01
27899	2.307894e-01	4.610991e-01	6.474187e-02	8.092733e-02	4.239287e-01	4.157401e-01	5.861852e-01	9.604239e-01
1935	4.361110e-01	1.902104e-01	2.962892e-02	3.703616e-02	1.940097e-01	1.938162e-01	6.658261e-01	2.396041e-01
29098	8.236325e-01	7.183726e-01	2.896596e-02	3.620745e-02	1.896687e-01	1.504728e-01	8.588406e-01	9.876307e-01
1157	9.140355e-01	1.925934e-01	2.152163e-02	2.690204e-02	1.409233e-01	1.409171e-01	4.317262e-01	1.762831e-01
18071	8.771848e-01	2.529538e-01	3.207379e-02	4.009224e-02	2.100187e-01	7.328942e-02	5.928363e-02	1.101742e-01
15165	5.528280e-01	4.317731e-01	4.661241e-02	5.826552e-02	3.052174e-01	2.469720e-01	8.171493e-01	2.019544e-02
5344	1.425949e-01	4.506827e-01	2.327728e-02	2.909660e-02	1.524193e-01	1.012569e-01	2.199995e-01	2.859026e-01
20706	2.161717e-01	7.740608e-01	2.323363e-02	2.904204e-02	1.521335e-01	1.513477e-01	1.753115e-01	1.192188e-01
23539	3.390053e-01	1.062643e-01	4.331725e-02	5.414657e-02	2.836407e-01	2.711710e-01	8.733313e-01	8.473145e-01
18089	5.253212e-01	9.231101e-02	6.036263e-02	7.545328e-02	3.952535e-01	3.820479e-01	4.939146e-01	9.806242e-02
949	6.426192e-01	7.110207e-01	2.279324e-02	2.849155e-02	1.492498e-01	6.148300e-02	9.471077e-01	4.478037e-01
27049	7.228444e-01	2.095305e-01	2.904644e-02	3.630805e-02	1.901956e-01	1.416279e-01	2.724859e-01	6.979157e-02
17817	4.724737e-01	1.560246e-01	2.574288e-02	3.217860e-02	1.685640e-01	1.381919e-01	3.601351e-02	4.777656e-01
26172	2.656748e-01	6.464078e-01	7.104998e-02	8.881248e-02	4.652342e-01	2.035632e-01	9.560768e-01	1.361509e-01
3115	2.822518e-01	3.991092e-01	4.209781e-02	5.262226e-02	2.756558e-01	2.739224e-01	5.570030e-01	8.225913e-01
29913	6.006712e-01	5.840991e-01	2.202680e-02	2.753349e-02	1.442311e-01	1.366985e-01	9.539047e-01	5.606073e-01
12840	5.037970e-01	8.118988e-01	2.164752e-02	2.705940e-02	1.417476e-01	1.121140e-01	3.756838e-01	6.033285e-02
12590	4.863966e-01	7.122566e-01	2.587192e-02	3.233990e-02	1.694089e-01	1.636376e-01	7.065438e-01	9.515848e-01
2388	8.234318e-01	3.099148e-01	2.609051e-02	3.261314e-02	1.708402e-01	1.416336e-01	1.083785e-01	1.740949e-01
26129	4.498257e-01	8.858375e-01	2.178019e-02	2.722524e-02	1.426163e-01	1.407302e-01	9.491145e-02	8.095446e-01
2457	7.046063e-01	1.394398e-01	2.692497e-02	3.365622e-02	1.763043e-01	6.157202e-02	1.240152e-01	1.453703e-01
13601	4.341811e-01	4.221994e-01	4.085018e-02	5.106272e-02	2.674863e-01	2.402234e-01	6.972946e-01	4.096580e-01
19165	5.031861e-01	6.417947e-01	4.771115e-02	5.963894e-02	3.124119e-01	1.639467e-01	7.143860e-01	9.080392e-01
22604	8.023728e-01	8.744875e-01	2.339204e-02	2.924005e-02	1.531707e-01	1.354221e-01	6.238201e-01	5.646708e-01
25549	4.489846e-01	5.745990e-01	2.063463e-02	2.579328e-02	1.351152e-01	5.348445e-02	4.236348e-01	5.156970e-01
19991	7.195230e-01	3.093153e-01	2.310053e-02	2.887566e-02	1.512619e-01	1.510174e-01	3.004490e-01	9.042995e-02
27017	5.848403e-01	6.927436e-01	3.058670e-02	3.823338e-02	2.002813e-01	1.759384e-01	4.547429e-01	4.122225e-01
14230	3.908357e-01	6.996235e-01	2.568972e-02	3.211214e-02	1.682159e-01	5.844300e-02	1.389469e-01	8.641076e-01
23346	7.260539e-01	5.020872e-01	3.900788e-02	4.875984e-02	2.554230e-01	1.749914e-01	1.013444e-01	5.723761e-02
372	5.199235e-02	2.810349e-01	3.712366e-02	4.640457e-02	2.430851e-01	1.776058e-01	7.307049e-01	2.220077e-01
31286	1.939955e-01	2.306363e-01	6.653351e-02	8.316688e-02	4.356604e-01	3.187948e-01	3.213345e-01	7.921033e-01
16276	5.685051e-01	3.779688e-01	2.199800e-02	2.749750e-02	1.440426e-01	8.311938e-02	6.242909e-01	7.472679e-01
28390	6.173931e-01	1.979405e-01	7.394035e-02	9.242544e-02	4.841603e-01	4.228068e-01	5.569393e-01	8.627146e-01
27646	7.476035e-01	5.589824e-01	3.011095e-02	3.763868e-02	1.971660e-01	1.649046e-01	5.497106e-01	8.437587e-01
16572	9.310939e-01	6.671395e-01	2.691685e-02	3.364606e-02	1.762511e-01	1.024195e-01	5.815539e-01	7.310872e-02
15331	5.461422e-01	7.387432e-01	2.084336e-02	2.605420e-02	1.364820e-01	9.501331e-02	9.364288e-01	4.090787e-01
31483	4.316585e-01	6.883426e-01	2.189797e-02	2.737246e-02	1.433875e-01	6.768029e-02	9.777148e-01	3.885222e-01
13629	9.682939e-01	7.814059e-01	2.245984e-02	2.807480e-02	1.470667e-01	7.804746e-02	1.366498e-01	8.204654e-01
16390	5.103322e-01	3.133332e-01	3.458030e-02	4.322537e-02	2.264312e-01	1.238438e-01	2.779574e-01	8.057116e-02
17406	9.215590e-01	5.817576e-01	2.497780e-02	3.122225e-02	1.635542e-01	1.598715e-01	6.675039e-01	7.782163e-01
22654	6.418430e-01	2.820139e-01	2.990946e-02	3.738682e-02	1.958467e-01	1.045033e-01	5.321945e-01	3.241718e-01
29587	3.305872e-01	5.467736e-01	3.285953e-02	4.107441e-02	2.151637e-01	5.624343e-02	3.270986e-02	2.342294e-01
6712	1.029416e-01	4.982635e-01	4.488701e-02	5.610877e-02	2.939195e-01	2.279688e-01	5.281346e-01	5.793222e-01
14692	6.151724e-02	5.064759e-01	2.206832e-02	2.758540e-02	1.445030e-01	1.299874e-01	2.980473e-01	3.748377e-01
31200	7.482140e-01	7.237988e-01	3.141968e-02	3.927460e-02	2.057356e-01	1.942424e-01	1.675413e-01	5.664972e-01
15618	3.321007e-01	9.105618e-01	3.550618e-02	4.438272e-02	2.324939e-01	2.319538e-01	8.712437e-01	8.336729e-01
19824	2.135636e-01	5.821762e-01	6.902984e-02	8.628730e-02	4.520063e-01	4.385282e-01	1.664588e-01	7.798717e-01
20337	3.624973e-01	3.507989e-01	5.161264e-02	6.451579e-02	3.379587e-01	2.433271e-01	1.199049e-01	6.336757e-01
15236	3.282320e-01	6.890820e-01	7.130522e-02	8.913153e-02	4.669055e-01	4.064279e-01	6.599991e-01	3.769585e-01
28017	8.017581e-01	2.351929e-01	4.066131e-02	5.082663e-02	2.662496e-01	1.213982e-01	6.216027e-01	6.771080e-01
6750	5.941684e-01	8.911045e-01	4.320752e-02	5.400940e-02	2.829221e-01	1.115294e-01	1.709570e-01	1.763303e-01
6704	9.221547e-02	2.022502e-01	2.778815e-02	3.473519e-02	1.819564e-01	1.062229e-01	4.624924e-02	5.128893e-02
10992	6.809746e-01	7.834425e-02	3.279738e-02	4.099672e-02	2.147567e-01	1.491487e-01	6.746663e-02	2.168670e-01
24495	8.130682e-01	9.565246e-01	2.734801e-02	3.418502e-02	1.790744e-01	1.430620e-01	6.612042e-01	7.234159e-01
1023	5.458029e-01	7.087306e-01	2.646618e-02	3.308273e-02	1.733001e-01	1.564989e-01	4.191457e-01	9.055008e-02
15587	7.538056e-01	3.598498e-01	2.404730e-02	3.005913e-02	1.574614e-01	4.121095e-02	3.845432e-01	6.391523e-01
7973	2.128059e-01	1.246852e-01	4.713941e-02	5.892426e-02	3.086681e-01	1.161337e-01	8.310108e-01	1.593062e-01
20842	6.989110e-01	3.383742e-01	2.988171e-02	3.735214e-02	1.956650e-01	1.512203e-01	4.603561e-01	7.268006e-01
2384	4.565544e-01	8.068470e-01	7.313478e-02	9.141848e-02	4.788854e-01	1.804947e-01	2.534938e-01	6.206631e-01
2352	2.467304e-01	2.033653e-01	5.067695e-02	6.334618e-02	3.318319e-01	3.317056e-01	2.592303e-01	9.729202e-01
550	3.683720e-01	7.894467e-01	7.217172e-02	9.021465e-02	4.725793e-01	4.221317e-01	1.717977e-02	4.973938e-01
12513	1.487684e-01	7.317876e-02	5.889586e-02	7.361982e-02	3.856492e-01	3.616041e-01	7.328510e-01	8.022428e-01
18569	6.039193e-02	9.520393e-01	3.204462e-02	4.005577e-02	2.098277e-01	2.062654e-01	3.446306e-01	3.157722e-02
