16892	8.566744e-01	6.978679e-01	3.961589e-02	4.951987e-02	2.594042e-01	2.583527e-01	2.494662e-01	7.117627e-01
21537	3.073744e-01	9.165750e-01	5.654173e-02	7.067716e-02	3.702344e-01	3.616384e-01	2.857830e-02	8.354036e-01
9623	9.145085e-01	3.330527e-01	3.993430e-02	4.991787e-02	2.614892e-01	2.304838e-01	8.758902e-01	6.586224e-01
29920	2.126310e-01	5.245747e-01	2.452957e-02	3.066196e-02	1.606192e-01	1.298275e-01	9.119779e-01	5.679183e-01
20929	4.180560e-01	4.182039e-02	2.290500e-02	2.863125e-02	1.499816e-01	1.486733e-01	2.545146e-01	8.581239e-01
17674	2.324753e-01	5.974978e-01	4.586392e-02	5.732990e-02	3.003162e-01	3.002973e-01	6.610454e-01	6.198022e-01
5761	7.933152e-01	4.578671e-01	6.797385e-02	8.496732e-02	4.450917e-01	4.210576e-01	5.648322e-01	9.940039e-01
9083	2.173631e-01	7.687343e-01	2.135636e-02	2.669545e-02	1.398411e-01	1.390270e-01	5.858701e-01	1.406315e-01
13040	5.198790e-01	1.708600e-01	2.442790e-02	3.053488e-02	1.599535e-01	1.598830e-01	1.789300e-01	9.990645e-01
10472	3.215680e-01	2.799043e-01	5.484311e-02	6.855389e-02	3.591119e-01	3.110754e-01	7.423739e-01	9.562471e-01
10181	3.517999e-01	6.407050e-01	6.249978e-02	7.812472e-02	4.092476e-01	3.312310e-01	6.283183e-01	3.309956e-03
29248	5.827788e-01	8.493618e-01	6.920636e-02	8.650795e-02	4.531622e-01	4.012355e-01	8.514299e-01	6.038743e-01
20065	6.340437e-01	8.235569e-01	3.709559e-02	4.636949e-02	2.429014e-01	1.419813e-01	2.906201e-01	4.895303e-02
10771	3.747102e-01	8.759823e-01	5.507422e-02	6.884278e-02	3.606251e-01	2.855315e-01	4.131308e-01	8.515515e-01
18737	2.156574e-01	2.857970e-01	2.888375e-02	3.610468e-02	1.891303e-01	1.788890e-01	2.540433e-01	4.088967e-01
25350	8.921830e-01	5.654744e-01	6.117899e-02	7.647374e-02	4.005991e-01	3.884091e-01	6.857678e-01	7.246450e-01
7724	9.675137e-01	8.429223e-01	2.059057e-02	2.573821e-02	1.348267e-01	4.122642e-02	5.339288e-01	3.246640e-01
28258	1.718576e-01	3.587356e-01	3.322918e-02	4.153648e-02	2.175842e-01	2.101603e-01	2.442653e-01	5.096399e-01
18448	8.555823e-01	1.377166e-01	2.221567e-02	2.776958e-02	1.454678e-01	5.866743e-02	3.831225e-01	1.666380e-01
10892	7.050110e-01	1.224044e-01	2.371006e-02	2.963758e-02	1.552531e-01	4.236331e-02	1.195467e-01	6.669274e-01
2797	6.894370e-01	6.222316e-01	2.794747e-02	3.493434e-02	1.829996e-01	1.170848e-01	7.415081e-01	3.924540e-01
6320	4.707683e-01	6.592246e-01	3.633433e-02	4.541791e-02	2.379166e-01	2.379163e-01	1.700452e-01	7.817344e-01
32110	4.684579e-01	7.674236e-01	2.083881e-02	2.604852e-02	1.364522e-01	1.038247e-01	5.370543e-01	8.338642e-01
7589	4.670083e-01	9.183726e-01	3.798165e-02	4.747706e-02	2.487033e-01	1.336208e-01	6.119513e-01	6.641460e-02
29993	6.500522e-01	5.568880e-01	6.362894e-02	7.953618e-02	4.166413e-01	4.004664e-01	5.510662e-02	4.644196e-01
23069	2.388168e-01	7.431007e-01	2.290500e-02	2.863125e-02	1.499816e-01	7.627382e-02	3.668889e-01	6.603431e-01
9435	2.866831e-01	2.078931e-01	2.512050e-02	3.140063e-02	1.644887e-01	1.313267e-01	2.661537e-01	4.147657e-02
862	6.559968e-01	2.445111e-01	2.191785e-02	2.739731e-02	1.435177e-01	1.387641e-01	3.728883e-01	6.539627e-01
6535	1.479738e-01	7.661285e-01	4.433894e-02	5.542368e-02	2.903307e-01	1.310974e-01	1.862875e-01	1.401183e-01
3547	1.781747e-01	9.201750e-01	4.494987e-02	5.618733e-02	2.943310e-01	1.351722e-01	5.115763e-01	3.198237e-01
3698	4.855439e-01	1.317841e-01	4.402378e-02	5.502973e-02	2.882670e-01	1.645394e-01	4.705262e-01	9.915605e-01
3222	1.350545e-01	4.602928e-01	2.333103e-02	2.916379e-02	1.527712e-01	1.251682e-01	6.602618e-01	4.603469e-01
30779	8.016505e-01	2.255298e-01	2.703212e-02	3.379014e-02	1.770059e-01	1.683719e-01	2.236930e-01	7.049164e-01
19664	8.200175e-02	1.061433e-01	2.317190e-02	2.896488e-02	1.517293e-01	1.301018e-01	4.736455e-01	6.782584e-01
13275	8.243011e-01	3.348297e-01	5.728399e-02	7.160498e-02	3.750947e-01	1.419778e-01	4.832159e-01	9.001721e-01
16526	7.424809e-01	4.143264e-01	2.987764e-02	3.734705e-02	1.956383e-01	1.935448e-01	6.783972e-01	8.123246e-01
1166	5.049164e-01	7.141628e-01	3.504011e-02	4.380014e-02	2.294421e-01	2.292361e-01	6.003233e-01	9.219469e-01
17563	2.303998e-01	1.324353e-01	2.630354e-02	3.287943e-02	1.722352e-01	7.511619e-02	8.710448e-01	3.806964e-01
1573	3.430950e-01	4.782731e-01	6.084938e-02	7.606172e-02	3.984408e-01	3.480001e-01	2.443994e-01	6.822537e-01
23237	2.212232e-01	9.498528e-01	2.343754e-02	2.929692e-02	1.534686e-01	4.952404e-02	8.946022e-01	2.000283e-01
25162	5.486214e-01	3.253966e-01	2.407953e-02	3.009941e-02	1.576724e-01	7.409614e-02	6.350197e-01	2.729654e-01
15970	2.153700e-01	6.824990e-01	3.022475e-02	3.778094e-02	1.979112e-01	1.926350e-01	3.064279e-01	7.578544e-02
22305	9.356878e-01	8.250235e-01	5.771827e-02	7.214783e-02	3.779383e-01	1.198984e-01	8.931548e-02	3.142843e-01
32074	6.760148e-01	4.259905e-01	2.924854e-02	3.656067e-02	1.915190e-01	6.479551e-02	7.196434e-01	3.500855e-01
21749	3.558587e-01	1.356062e-01	6.747538e-02	8.434422e-02	4.418277e-01	2.394420e-01	2.619698e-01	8.805634e-01
27077	4.623610e-01	2.566686e-01	5.126122e-02	6.407652e-02	3.356577e-01	1.398734e-01	6.100448e-01	4.584642e-01
13241	5.540647e-01	2.114630e-01	3.112098e-02	3.890122e-02	2.037797e-01	1.568940e-01	4.043364e-01	3.500443e-01
1187	2.306603e-01	3.905453e-01	4.194012e-02	5.242515e-02	2.746232e-01	2.032236e-01	8.999544e-02	7.378978e-01
6990	7.473222e-01	5.235580e-01	3.505519e-02	4.381899e-02	2.295408e-01	1.138611e-01	8.695406e-01	6.740789e-01
27836	6.231864e-01	7.361612e-01	3.060888e-02	3.826110e-02	2.004265e-01	1.996688e-01	2.852716e-01	6.082108e-01
21675	4.121024e-01	7.223261e-01	5.432840e-02	6.791050e-02	3.557415e-01	3.479440e-01	2.564474e-01	9.982798e-01
21957	5.940068e-02	1.614677e-01	2.316884e-02	2.896105e-02	1.517092e-01	8.348686e-02	9.887193e-01	8.436789e-02
11520	9.286948e-01	6.552613e-01	2.173455e-02	2.716819e-02	1.423175e-01	4.140273e-02	9.394157e-01	7.413179e-01
21809	1.264966e-01	9.424174e-01	5.179686e-02	6.474608e-02	3.391650e-01	2.195179e-01	4.014456e-01	2.430679e-01
13876	6.998328e-01	4.110736e-01	2.669294e-02	3.336617e-02	1.747849e-01	1.291196e-01	3.667856e-01	9.018098e-01
21855	4.309419e-01	8.761780e-01	2.203917e-02	2.754897e-02	1.443122e-01	4.466869e-02	7.019578e-01	7.669565e-01
13775	3.198531e-01	3.904369e-01	7.369729e-02	9.212161e-02	4.825687e-01	3.277250e-01	6.115584e-02	8.286307e-02
31318	1.842468e-01	5.191120e-01	2.742064e-02	3.427580e-02	1.795499e-01	1.128803e-01	5.602584e-01	8.950430e-01
19448	6.020054e-01	3.773842e-01	3.424927e-02	4.281159e-02	2.242637e-01	1.598074e-01	9.937238e-02	6.933098e-01
31773	6.774473e-01	9.276815e-01	2.250958e-02	2.813697e-02	1.473924e-01	1.461406e-01	1.428149e-01	1.772519e-01
30080	9.571436e-01	6.707168e-01	3.195015e-02	3.993769e-02	2.092091e-01	1.800566e-01	2.124754e-01	8.963987e-01
841	3.895724e-01	4.461250e-01	2.084741e-02	2.605927e-02	1.365085e-01	9.086306e-02	9.425681e-01	6.913496e-01
2623	4.967132e-01	5.202585e-01	2.464425e-02	3.080531e-02	1.613701e-01	4.226806e-02	9.439046e-01	6.132766e-01
5443	7.345121e-01	5.565124e-02	2.509379e-02	3.136724e-02	1.643138e-01	1.392799e-01	4.245442e-01	1.670651e-01
18201	7.468382e-01	6.356936e-01	4.373914e-02	5.467392e-02	2.864032e-01	2.235353e-01	9.104589e-01	3.283168e-01
1074	3.434749e-01	6.654405e-02	2.159907e-02	2.699884e-02	1.414304e-01	1.105341e-01	5.469945e-01	3.641238e-02
1116	5.988138e-01	4.336889e-01	2.087049e-02	2.608811e-02	1.366596e-01	1.366531e-01	9.740928e-01	7.588800e-01
11419	2.815013e-01	1.685061e-01	2.852576e-02	3.565721e-02	1.867863e-01	5.908389e-02	7.437054e-01	7.627613e-01
23371	5.460372e-01	9.098719e-01	5.777126e-02	7.221408e-02	3.782853e-01	1.465741e-01	2.200419e-01	2.061456e-02
26230	5.927957e-01	1.268918e-01	6.712172e-02	8.390215e-02	4.395120e-01	1.746832e-01	1.010172e-01	6.951663e-01
