30539	6.023972e-01	7.325147e-01	2.412990e-02	3.016238e-02	1.580022e-01	1.005160e-01	1.907755e-02	6.801848e-02
17822	1.629198e-01	8.588789e-02	3.044830e-02	3.806038e-02	1.993750e-01	1.919870e-01	1.417868e-02	5.457799e-01
23858	8.291093e-01	2.560520e-01	2.357662e-02	2.947077e-02	1.543793e-01	1.147916e-01	5.103923e-01	4.665563e-01
12654	2.157078e-01	1.607385e-01	4.271214e-02	5.339018e-02	2.796784e-01	1.112992e-01	5.720692e-01	7.348893e-01
26266	7.508718e-01	9.042017e-01	2.132384e-02	2.665480e-02	1.396282e-01	1.382391e-01	7.203266e-02	2.638921e-02
28965	1.294659e-01	4.776324e-01	6.363368e-02	7.954211e-02	4.166724e-01	1.337812e-01	6.682589e-01	8.573526e-01
14012	8.642873e-01	8.170201e-01	7.801159e-02	9.751449e-02	5.108187e-01	4.398659e-01	5.521244e-01	8.781680e-02
12734	8.971579e-01	6.880462e-01	7.103011e-02	8.878764e-02	4.651040e-01	4.465510e-01	5.812682e-01	1.672522e-01
17485	4.516367e-01	1.161934e-01	3.222026e-02	4.027533e-02	2.109778e-01	2.097874e-01	8.819427e-01	8.803261e-01
6302	8.416720e-01	9.218802e-01	2.521340e-02	3.151674e-02	1.650969e-01	1.634813e-01	2.310680e-01	5.425447e-01
25878	2.578119e-01	1.901181e-01	4.614770e-02	5.768463e-02	3.021744e-01	2.750244e-01	1.819582e-01	8.727689e-01
8082	2.036793e-01	5.321071e-01	6.569348e-02	8.211685e-02	4.301599e-01	4.197054e-01	6.557974e-01	2.869890e-01
25055	2.166192e-01	2.364664e-01	2.658140e-02	3.322676e-02	1.740546e-01	8.777983e-02	6.207378e-01	7.153567e-01
19873	6.338103e-01	6.795836e-01	3.030739e-02	3.788424e-02	1.984523e-01	1.809736e-01	8.653702e-02	5.294385e-01
1311	3.107440e-01	8.283456e-01	4.161779e-02	5.202224e-02	2.725126e-01	2.725070e-01	9.360821e-02	1.731964e-01
25370	6.637542e-01	7.227548e-01	4.669747e-02	5.837184e-02	3.057743e-01	2.489189e-01	3.911787e-01	1.652127e-01
43	4.182589e-01	5.170884e-01	3.642075e-02	4.552593e-02	2.384825e-01	7.366722e-02	5.848684e-01	4.527074e-01
24376	6.262189e-01	6.134394e-01	5.283457e-02	6.604322e-02	3.459600e-01	3.061836e-01	2.564802e-01	2.286766e-01
19449	1.756300e-01	2.067435e-01	3.017773e-02	3.772217e-02	1.976033e-01	1.280012e-01	9.239113e-01	4.505657e-01
14625	8.106188e-01	7.304523e-01	6.782693e-02	8.478366e-02	4.441297e-01	3.785113e-01	8.159290e-01	2.429001e-01
15813	3.160411e-01	7.459354e-01	4.408445e-02	5.510557e-02	2.886643e-01	8.599509e-02	1.817961e-01	1.978018e-01
806	8.282357e-01	1.847258e-01	2.553641e-02	3.192052e-02	1.672120e-01	1.181882e-01	8.203151e-01	4.032146e-01
9849	5.980496e-01	4.548557e-01	4.672064e-02	5.840080e-02	3.059260e-01	1.425895e-01	8.328418e-01	4.284260e-01
27688	7.490424e-01	3.385882e-01	2.426315e-02	3.032893e-02	1.588747e-01	1.585702e-01	7.176492e-01	7.982650e-01
22217	8.888772e-01	1.145326e-01	2.855801e-02	3.569751e-02	1.869974e-01	1.111371e-01	8.229330e-01	5.001898e-01
13514	5.256065e-01	5.015062e-01	2.813944e-02	3.517430e-02	1.842566e-01	1.842167e-01	5.049788e-01	5.773063e-01
12619	5.115407e-01	3.032732e-01	5.957146e-02	7.446433e-02	3.900730e-01	2.128390e-01	4.327378e-01	7.882905e-01
17580	2.061796e-01	7.488520e-01	2.157662e-02	2.697077e-02	1.412833e-01	1.031262e-01	5.624179e-01	7.381880e-01
2729	3.434786e-01	4.387722e-01	2.559606e-02	3.199507e-02	1.676026e-01	1.561968e-01	3.760017e-01	7.418955e-01
12344	6.995383e-01	5.634505e-01	2.636878e-02	3.296098e-02	1.726624e-01	1.458054e-01	4.244220e-01	8.459613e-01
28835	3.767498e-01	4.258703e-01	2.221795e-02	2.777244e-02	1.454828e-01	1.444083e-01	4.631971e-01	1.505350e-01
18279	7.293102e-01	1.617073e-01	7.142117e-02	8.927647e-02	4.676647e-01	2.452184e-01	7.378797e-01	7.315800e-01
11631	4.850335e-01	4.104341e-01	2.637393e-02	3.296741e-02	1.726961e-01	1.726959e-01	8.956211e-01	8.958799e-01
14313	2.622238e-01	3.536228e-01	4.234411e-02	5.293014e-02	2.772686e-01	9.219074e-02	6.172913e-01	6.355281e-01
32311	6.126656e-01	5.489993e-01	2.059050e-02	2.573812e-02	1.348262e-01	4.461532e-02	9.228175e-01	8.424987e-01
15571	6.135947e-01	1.444501e-01	3.977677e-02	4.972096e-02	2.604576e-01	1.352623e-01	2.008463e-01	1.580881e-01
2538	7.167741e-01	9.552805e-01	4.354871e-02	5.443589e-02	2.851563e-01	2.641905e-01	2.737366e-01	6.264754e-01
32104	2.729423e-01	7.842730e-01	2.559367e-02	3.199209e-02	1.675869e-01	6.268476e-02	3.761881e-01	3.045433e-01
18080	4.045490e-01	3.825544e-01	3.545513e-02	4.431891e-02	2.321596e-01	2.262376e-01	2.873979e-01	8.830788e-01
5270	2.040135e-01	2.928111e-02	2.224141e-02	2.780177e-02	1.456364e-01	7.061446e-02	7.593829e-01	7.604067e-01
28779	9.178737e-01	5.788640e-02	4.752174e-02	5.940217e-02	3.111716e-01	2.988883e-01	8.271207e-01	1.378326e-01
4140	3.921861e-01	1.214776e-01	4.866755e-02	6.083444e-02	3.186744e-01	2.082978e-01	4.440605e-01	4.835791e-01
623	5.055951e-01	6.656792e-02	3.423569e-02	4.279461e-02	2.241748e-01	2.093771e-01	5.894888e-01	3.035041e-01
8258	2.497427e-01	7.159141e-01	3.271590e-02	4.089488e-02	2.142232e-01	5.575337e-02	4.003546e-01	2.868201e-01
10174	4.425546e-01	2.506311e-01	5.385145e-02	6.731431e-02	3.526185e-01	2.915427e-01	4.460457e-01	6.257930e-02
1589	5.425797e-01	8.095490e-01	5.691307e-02	7.114134e-02	3.726659e-01	2.393636e-01	3.968784e-01	3.815178e-01
5898	7.089819e-01	9.473872e-02	5.305451e-02	6.631814e-02	3.474001e-01	9.083120e-02	2.384232e-01	5.926274e-01
7611	3.436374e-01	8.972464e-01	2.658011e-02	3.322513e-02	1.740461e-01	8.308173e-02	2.064501e-01	3.796082e-01
26476	9.153990e-01	5.606812e-01	5.662785e-02	7.078481e-02	3.707983e-01	2.831803e-01	3.521522e-01	8.487810e-01
27218	4.830322e-02	5.223805e-01	4.352774e-02	5.440967e-02	2.850189e-01	1.807777e-01	1.777959e-01	1.040569e-03
19852	2.828708e-01	4.384471e-01	2.748990e-02	3.436237e-02	1.800034e-01	1.798698e-01	3.318339e-01	2.017683e-01
8293	5.248790e-01	6.107734e-01	2.525612e-02	3.157015e-02	1.653767e-01	7.377158e-02	8.100005e-02	6.379187e-01
20802	5.345010e-02	2.729473e-01	4.192486e-02	5.240607e-02	2.745233e-01	9.298843e-02	8.929314e-01	1.827850e-01
17394	6.054533e-01	9.338586e-01	5.300181e-02	6.625226e-02	3.470550e-01	1.794777e-01	1.264617e-02	8.224431e-01
8930	3.501975e-01	8.584022e-01	2.414889e-02	3.018612e-02	1.581266e-01	9.362228e-02	1.829619e-01	4.042750e-03
507	4.535466e-01	8.418707e-01	2.568561e-02	3.210702e-02	1.681890e-01	1.670550e-01	7.939861e-01	5.917900e-01
12779	7.905776e-01	9.266502e-01	2.732026e-02	3.415032e-02	1.788926e-01	1.420469e-01	4.744050e-01	9.188613e-02
13965	3.396158e-01	9.522726e-01	2.695944e-02	3.369930e-02	1.765300e-01	1.169779e-01	3.670644e-01	7.589575e-01
8412	8.101697e-01	5.657336e-01	3.879494e-02	4.849367e-02	2.540287e-01	1.543071e-01	1.484344e-01	6.052405e-01
1312	6.514163e-01	3.451801e-01	4.087047e-02	5.108809e-02	2.676192e-01	7.616649e-02	1.010373e-01	8.308341e-01
29442	5.203451e-01	7.544159e-01	2.415446e-02	3.019307e-02	1.581630e-01	1.398960e-01	3.452291e-01	9.445829e-01
24623	5.313063e-01	8.962936e-01	2.559419e-02	3.199274e-02	1.675903e-01	1.323613e-01	8.851306e-01	6.668592e-01
3624	3.101883e-01	3.373290e-01	2.752917e-02	3.441146e-02	1.802605e-01	1.594150e-01	8.605772e-01	1.566243e-01
26673	1.608475e-01	3.105658e-01	3.860532e-02	4.825665e-02	2.527870e-01	9.233635e-02	4.313682e-01	7.747117e-01
18640	2.239502e-01	6.449574e-01	3.673007e-02	4.591259e-02	2.405079e-01	2.220987e-01	8.525282e-01	5.413725e-01
22914	9.033410e-01	2.544134e-01	5.833699e-02	7.292124e-02	3.819897e-01	3.810716e-01	5.553396e-01	5.373436e-01
18564	1.635101e-01	3.741428e-01	2.643129e-02	3.303911e-02	1.730716e-01	7.703408e-02	5.613947e-01	9.579906e-02
15714	5.287653e-01	1.084669e-01	3.376178e-02	4.220223e-02	2.210716e-01	1.610780e-01	7.145124e-01	7.119135e-01
24400	3.772525e-01	7.742858e-01	3.345457e-02	4.181822e-02	2.190600e-01	1.674025e-01	4.546552e-01	4.897966e-01
28318	6.494868e-01	4.084848e-01	4.272867e-02	5.341084e-02	2.797867e-01	1.412056e-01	5.878194e-01	1.923856e-01
16675	7.702689e-01	5.534630e-01	2.656739e-02	3.320923e-02	1.739628e-01	1.732545e-01	8.476583e-01	9.050908e-01
31638	4.027796e-01	7.383365e-01	2.718531e-02	3.398164e-02	1.780090e-01	1.628811e-01	1.880284e-01	8.020553e-01
17734	3.057587e-01	4.613949e-01	2.287636e-02	2.859544e-02	1.497940e-01	1.434636e-01	7.933931e-01	6.087939e-01
