18517	2.663797e-01	2.218833e-01	3.481798e-02	4.352247e-02	2.279876e-01	2.178426e-01	2.992960e-01	9.157101e-01
7042	3.087257e-01	4.172332e-01	3.415929e-02	4.269912e-02	2.236745e-01	1.404068e-01	9.770211e-01	5.693970e-01
2105	5.390651e-01	2.973262e-01	6.777308e-02	8.471635e-02	4.437771e-01	4.017841e-01	8.643547e-03	3.983630e-01
705	8.269592e-01	1.558181e-01	4.806787e-02	6.008483e-02	3.147476e-01	1.540352e-01	2.076597e-01	8.678549e-02
21713	9.006311e-01	8.135563e-01	3.386297e-02	4.232871e-02	2.217342e-01	1.275403e-01	8.329915e-01	3.197983e-01
22505	3.728801e-01	4.627283e-02	2.876624e-02	3.595780e-02	1.883609e-01	9.049504e-02	1.282084e-01	2.879928e-01
23048	8.390133e-01	7.600193e-01	4.094317e-02	5.117896e-02	2.680952e-01	2.680918e-01	8.997689e-01	2.795824e-01
24740	2.698824e-01	8.309059e-01	2.205155e-02	2.756444e-02	1.443932e-01	1.145447e-01	4.078958e-01	6.530405e-01
10310	7.220683e-01	8.303933e-01	4.165251e-02	5.206564e-02	2.727400e-01	1.501159e-01	1.556748e-01	7.408724e-01
32432	9.067001e-02	5.548551e-01	2.228455e-02	2.785569e-02	1.459189e-01	1.266114e-01	5.761742e-01	4.157080e-01
9286	9.435408e-02	4.998054e-01	2.332417e-02	2.915521e-02	1.527263e-01	1.225772e-01	7.863419e-01	6.351006e-01
21871	8.546318e-01	5.080878e-02	2.135878e-02	2.669847e-02	1.398569e-01	8.402341e-02	4.059026e-01	6.460454e-01
5393	3.993774e-01	8.450417e-01	2.593796e-02	3.242244e-02	1.698413e-01	1.662080e-01	4.950323e-01	8.280991e-01
31058	2.871171e-01	6.404326e-01	3.800412e-02	4.750514e-02	2.488504e-01	2.162756e-01	6.154615e-01	4.811069e-01
9356	6.639182e-01	4.339948e-01	5.847986e-02	7.309982e-02	3.829252e-01	3.685894e-01	7.934662e-01	2.952239e-01
20561	4.864402e-01	8.561089e-01	5.006237e-02	6.257797e-02	3.278076e-01	2.284331e-01	6.401660e-01	7.402154e-01
16961	7.563600e-01	5.088633e-01	2.212500e-02	2.765625e-02	1.448741e-01	1.314747e-01	4.436985e-01	5.498283e-01
19795	7.005205e-01	9.066355e-01	3.482937e-02	4.353671e-02	2.280621e-01	2.211716e-01	7.461980e-01	7.066061e-01
5013	4.890091e-02	6.342322e-01	2.111400e-02	2.639250e-02	1.382542e-01	1.312566e-01	1.599238e-01	2.984613e-01
23177	2.485661e-01	5.778299e-01	3.090996e-02	3.863745e-02	2.023979e-01	1.136183e-01	2.246802e-01	1.219766e-01
24220	2.125922e-01	7.140456e-01	4.768660e-02	5.960825e-02	3.122511e-01	2.869902e-01	1.990957e-01	6.136126e-01
4291	3.528183e-01	8.679699e-01	5.734909e-02	7.168636e-02	3.755209e-01	3.462588e-01	8.727013e-01	7.137837e-01
19474	4.377558e-01	2.206332e-01	3.199287e-02	3.999109e-02	2.094888e-01	2.086033e-01	2.369267e-01	3.478835e-01
16414	2.486709e-01	9.297509e-01	3.059498e-02	3.824372e-02	2.003354e-01	1.995046e-01	6.451332e-01	1.470037e-01
9078	1.840569e-01	3.402665e-01	2.783946e-02	3.479932e-02	1.822923e-01	1.019429e-01	6.426974e-01	6.210162e-01
25834	5.472306e-01	9.145725e-01	2.342688e-02	2.928360e-02	1.533988e-01	1.117179e-01	7.340682e-01	9.959285e-01
23968	5.130277e-01	6.132499e-01	2.338717e-02	2.923396e-02	1.531388e-01	1.425188e-01	7.795279e-03	5.322310e-01
17351	5.334209e-01	8.055586e-01	4.239449e-02	5.299312e-02	2.775985e-01	2.658766e-01	7.222771e-01	9.194897e-01
27819	4.157744e-01	4.615065e-01	2.064413e-02	2.580517e-02	1.351775e-01	1.229803e-01	6.949975e-03	3.229271e-01
15698	7.885644e-01	1.950509e-01	3.792266e-02	4.740333e-02	2.483170e-01	2.321799e-01	7.793050e-03	4.429328e-02
24580	2.437737e-01	6.277639e-01	3.207871e-02	4.009838e-02	2.100509e-01	2.097108e-01	6.735821e-02	3.577431e-01
29688	3.024556e-01	2.726210e-01	4.350538e-02	5.438172e-02	2.848725e-01	1.868640e-01	2.955889e-02	1.595171e-01
14452	5.942184e-01	5.524903e-01	2.186709e-02	2.733386e-02	1.431854e-01	1.427911e-01	9.093989e-01	1.665206e-01
7314	8.306972e-01	4.296101e-01	4.000649e-02	5.000811e-02	2.619619e-01	1.522838e-01	7.955860e-02	1.696117e-01
6609	3.305914e-01	9.582372e-01	2.171038e-02	2.713797e-02	1.421592e-01	5.123927e-02	6.836997e-01	3.420596e-01
21245	7.064290e-01	8.437707e-02	5.521147e-02	6.901434e-02	3.615238e-01	3.597065e-01	7.744010e-01	8.197253e-01
10458	8.108122e-01	5.015646e-01	3.174307e-02	3.967883e-02	2.078531e-01	2.076444e-01	2.625406e-01	6.621405e-01
27518	8.512004e-01	2.183124e-01	3.604545e-02	4.505681e-02	2.360250e-01	1.329131e-01	3.148272e-01	3.285703e-01
7960	3.689937e-01	1.815058e-01	4.440452e-02	5.550565e-02	2.907601e-01	1.291816e-01	4.153492e-01	8.371606e-01
16223	7.626109e-01	5.566862e-01	2.514591e-02	3.143239e-02	1.646550e-01	5.639716e-02	3.322829e-01	1.286963e-01
1564	3.532196e-01	6.005392e-01	2.722979e-02	3.403723e-02	1.783002e-01	1.054463e-01	4.648275e-01	1.561126e-01
5346	5.627033e-01	4.624868e-01	6.276857e-02	7.846072e-02	4.110076e-01	2.853755e-01	2.604377e-01	4.868780e-01
6841	6.744689e-01	7.623505e-01	2.711817e-02	3.389771e-02	1.775694e-01	1.775552e-01	7.490410e-01	6.061683e-01
19735	5.780176e-01	6.580862e-01	2.368710e-02	2.960887e-02	1.551027e-01	4.758028e-02	4.456168e-01	8.838057e-01
19724	4.832970e-01	6.220518e-01	2.659426e-02	3.324282e-02	1.741388e-01	1.134643e-01	1.094085e-01	9.612086e-01
24295	3.832590e-01	5.025085e-01	4.160413e-02	5.200517e-02	2.724232e-01	2.683666e-01	3.859035e-01	3.642673e-01
7707	9.454282e-02	5.944221e-01	2.229118e-02	2.786397e-02	1.459623e-01	1.332156e-01	2.002012e-01	6.797720e-01
29299	9.413890e-01	4.365943e-01	2.336101e-02	2.920126e-02	1.529675e-01	1.414315e-01	7.668996e-01	2.202536e-01
20551	2.691919e-01	3.315586e-01	3.169054e-02	3.961317e-02	2.075091e-01	1.620067e-01	4.187101e-01	5.709982e-01
4814	2.088480e-01	8.978373e-02	3.544989e-02	4.431236e-02	2.321253e-01	2.305645e-01	3.113089e-02	4.269152e-02
22455	8.982366e-02	3.447997e-01	4.375500e-02	5.469375e-02	2.865071e-01	2.435055e-01	2.190159e-01	8.419402e-01
24515	5.853509e-01	2.120712e-01	2.349400e-02	2.936751e-02	1.538384e-01	1.301628e-01	7.705430e-01	8.329890e-02
29401	3.849320e-01	2.584720e-01	3.415969e-02	4.269961e-02	2.236771e-01	1.933797e-01	6.320821e-01	6.458900e-01
7971	7.224986e-02	7.826742e-01	7.054312e-02	8.817890e-02	4.619153e-01	4.279754e-01	9.262502e-01	1.198651e-01
26636	6.923878e-01	5.939396e-01	3.723429e-02	4.654286e-02	2.438095e-01	2.016108e-01	6.964007e-01	4.135058e-01
28617	8.285170e-01	3.805925e-01	3.447875e-02	4.309844e-02	2.257663e-01	9.888733e-02	8.481878e-01	5.198359e-01
13081	8.408736e-01	2.970979e-01	5.797458e-02	7.246823e-02	3.796167e-01	3.343604e-01	6.394447e-01	2.321109e-01
5167	6.186196e-01	3.742693e-01	2.658525e-02	3.323157e-02	1.740798e-01	1.146947e-01	1.247212e-01	6.710436e-01
25961	4.174708e-02	5.209316e-01	2.593594e-02	3.241992e-02	1.698281e-01	1.694359e-01	1.934337e-01	1.610979e-01
3842	9.608954e-01	2.551356e-01	2.958550e-02	3.698188e-02	1.937254e-01	1.929481e-01	2.992451e-01	3.000710e-01
23389	9.351019e-01	7.584518e-01	2.191112e-02	2.738890e-02	1.434737e-01	1.296970e-01	7.472378e-01	6.438304e-01
12119	8.020618e-01	7.033922e-01	4.744556e-02	5.930695e-02	3.106728e-01	3.100549e-01	3.517659e-01	2.180964e-01
4259	8.027128e-01	9.027407e-01	3.876864e-02	4.846080e-02	2.538565e-01	2.511337e-01	2.547320e-01	7.913401e-01
7020	4.711866e-02	4.142888e-01	3.309647e-02	4.137059e-02	2.167152e-01	6.766043e-02	4.267676e-01	6.876594e-01
4087	3.601117e-01	5.607419e-01	3.516654e-02	4.395818e-02	2.302700e-01	8.383646e-02	5.442441e-01	3.724955e-02
4516	7.905173e-01	7.671209e-01	3.487370e-02	4.359212e-02	2.283524e-01	2.240285e-01	4.211943e-01	5.800086e-01
28862	4.817246e-01	4.725691e-02	3.565183e-02	4.456479e-02	2.334476e-01	8.016026e-02	3.406774e-01	3.728261e-01
26053	7.563988e-01	1.466343e-01	3.065256e-02	3.831569e-02	2.007125e-01	1.689996e-01	5.108012e-01	4.735023e-01
26938	2.754483e-01	1.156467e-01	6.284268e-02	7.855336e-02	4.114929e-01	4.093379e-01	3.692194e-01	5.190249e-01
32086	1.718859e-01	8.865918e-01	3.599207e-02	4.499008e-02	2.356755e-01	1.467796e-01	7.731654e-01	6.568059e-01
3005	6.344088e-01	4.221923e-02	2.644868e-02	3.306085e-02	1.731855e-01	1.421923e-01	2.044146e-01	2.034472e-01
17174	4.456549e-01	6.585074e-01	2.104087e-02	2.630109e-02	1.377753e-01	9.397404e-02	5.616417e-01	9.542312e-01
12165	4.415011e-01	3.938380e-01	3.965989e-02	4.957486e-02	2.596923e-01	1.696870e-01	7.956721e-01	5.586364e-01
