8570	1.465059e-01	6.618295e-01	2.806549e-02	3.508186e-02	1.837724e-01	1.837724e-01	1.678112e-01	6.032671e-01
19320	1.369824e-01	7.595503e-01	7.523316e-02	9.404145e-02	4.926256e-01	4.239436e-01	5.993307e-01	6.032797e-01
14312	3.393575e-01	9.316109e-01	4.664664e-02	5.830830e-02	3.054415e-01	3.051888e-01	5.843066e-01	7.446193e-01
8481	3.135256e-01	7.531459e-02	6.261666e-02	7.827082e-02	4.100129e-01	3.980843e-01	5.855703e-01	5.636362e-01
8024	1.334220e-01	9.125043e-01	6.986544e-02	8.733180e-02	4.574778e-01	4.559968e-01	9.006879e-01	7.865185e-01
21078	5.194989e-01	6.835734e-01	5.755295e-02	7.194119e-02	3.768558e-01	1.054915e-01	5.955429e-01	4.885396e-01
9375	5.682514e-02	8.591482e-01	2.852801e-02	3.566001e-02	1.868009e-01	5.430203e-02	4.467736e-01	5.284345e-02
9329	4.094837e-01	5.753495e-02	2.776931e-02	3.471163e-02	1.818330e-01	5.678260e-02	5.246666e-01	5.661736e-01
4723	8.405628e-01	3.066910e-01	4.338472e-02	5.423090e-02	2.840825e-01	1.468406e-01	8.384906e-01	2.279830e-01
2736	2.093353e-01	1.081407e-01	4.264401e-02	5.330501e-02	2.792323e-01	2.146587e-01	6.966834e-02	2.863804e-01
26254	6.373853e-01	8.471999e-01	7.053201e-02	8.816502e-02	4.618425e-01	3.386655e-01	8.329034e-01	2.497299e-01
4780	7.096269e-01	4.123493e-01	2.921990e-02	3.652488e-02	1.913315e-01	1.865690e-01	9.777757e-01	3.584827e-01
11898	1.333097e-01	3.305556e-01	2.802782e-02	3.503478e-02	1.835258e-01	1.284555e-01	5.381154e-01	6.717607e-01
13736	7.232401e-01	3.272833e-01	3.732563e-02	4.665704e-02	2.444077e-01	1.684846e-01	5.192903e-01	5.458280e-01
8043	5.392165e-01	4.203919e-01	2.466890e-02	3.083613e-02	1.615316e-01	1.317255e-01	3.189686e-01	3.564174e-01
13276	6.935689e-01	1.095231e-01	2.876956e-02	3.596195e-02	1.883826e-01	1.872041e-01	8.293794e-01	2.401647e-01
24023	6.094025e-01	4.085084e-02	2.349790e-02	2.937237e-02	1.538639e-01	1.268789e-01	1.591377e-01	1.320252e-02
13660	4.543741e-01	8.721917e-01	5.626343e-02	7.032928e-02	3.684121e-01	2.718157e-01	7.040289e-01	5.860273e-02
30420	8.820907e-01	7.919544e-01	4.783693e-02	5.979617e-02	3.132355e-01	1.117650e-01	9.378529e-01	3.738368e-01
5580	2.821799e-01	7.281090e-01	6.238764e-02	7.798455e-02	4.085133e-01	4.013150e-01	4.946031e-01	5.149455e-01
31910	6.290293e-01	4.119810e-01	2.718702e-02	3.398378e-02	1.780202e-01	1.779601e-01	5.684399e-01	8.701163e-01
6212	5.141095e-01	4.677955e-01	4.215238e-02	5.269047e-02	2.760131e-01	1.037993e-01	9.740895e-01	7.276516e-01
4570	6.128814e-01	1.273538e-01	2.187048e-02	2.733810e-02	1.432075e-01	9.079654e-02	2.632841e-02	3.547003e-01
31355	7.905465e-01	5.550187e-01	3.487014e-02	4.358768e-02	2.283291e-01	1.904335e-01	7.331112e-01	4.414947e-02
13174	2.774508e-01	3.891455e-01	2.556961e-02	3.196201e-02	1.674294e-01	1.399616e-01	8.706120e-01	3.992148e-01
25905	4.187782e-01	5.758915e-01	2.630669e-02	3.288336e-02	1.722558e-01	1.018198e-01	4.279738e-01	2.572138e-02
27699	2.561588e-01	1.725003e-01	2.173845e-02	2.717306e-02	1.423430e-01	1.420374e-01	6.946393e-01	1.818873e-01
28963	1.672757e-01	5.933827e-01	2.819124e-02	3.523905e-02	1.845958e-01	1.821900e-01	2.563695e-01	6.512611e-02
6887	7.382432e-01	2.266893e-01	2.131854e-02	2.664817e-02	1.395935e-01	1.156502e-01	9.858497e-01	5.251008e-01
29874	5.972125e-01	5.031521e-01	4.628449e-02	5.785561e-02	3.030701e-01	1.144212e-01	9.249236e-02	1.084275e-01
18458	5.298819e-01	7.558239e-01	2.690713e-02	3.363391e-02	1.761874e-01	1.299218e-01	5.696290e-01	3.883396e-01
17571	7.863763e-01	8.704352e-01	2.413898e-02	3.017372e-02	1.580616e-01	1.067170e-01	3.194885e-01	2.752376e-01
10442	4.922269e-01	6.203002e-01	2.769854e-02	3.462317e-02	1.813696e-01	1.065056e-01	3.715231e-01	5.523596e-01
5884	8.832433e-01	1.659012e-01	3.524098e-02	4.405123e-02	2.307574e-01	1.913593e-01	9.542696e-01	6.581843e-01
8704	4.088146e-01	8.986067e-01	2.572221e-02	3.215277e-02	1.684287e-01	1.644541e-01	3.657553e-01	8.909876e-01
12471	5.001949e-01	9.378522e-01	3.441914e-02	4.302392e-02	2.253760e-01	1.654407e-01	9.691861e-01	3.596503e-01
14588	7.323500e-01	7.863538e-01	3.179365e-02	3.974207e-02	2.081843e-01	1.424828e-01	5.350020e-01	4.977652e-01
30962	2.496151e-01	4.805758e-01	3.548716e-02	4.435895e-02	2.323694e-01	1.697181e-01	1.870156e-01	2.539880e-01
9030	2.981015e-01	2.392813e-01	7.201718e-02	9.002147e-02	4.715674e-01	4.616019e-01	8.116886e-01	6.448773e-01
28065	6.768223e-02	9.688260e-02	2.446859e-02	3.058573e-02	1.602199e-01	1.575703e-01	5.457558e-01	2.433608e-02
3338	4.781076e-02	9.649718e-01	2.273821e-02	2.842276e-02	1.488894e-01	1.478955e-01	8.160811e-01	2.546804e-01
25123	7.573815e-01	6.840682e-01	4.570536e-02	5.713170e-02	2.992780e-01	2.522017e-01	1.613716e-01	6.147584e-02
32602	9.295166e-01	8.426404e-01	2.971179e-02	3.713974e-02	1.945524e-01	1.232630e-01	8.476477e-01	3.282180e-01
22325	8.281993e-02	2.714805e-01	2.766478e-02	3.458098e-02	1.811486e-01	9.349735e-02	1.563676e-01	3.467630e-01
6151	1.405189e-01	3.973127e-01	2.978005e-02	3.722506e-02	1.949993e-01	8.270668e-02	7.984452e-01	6.869013e-01
23713	4.147140e-01	7.005282e-01	2.394672e-02	2.993340e-02	1.568028e-01	4.741662e-02	7.792745e-01	7.716176e-01
24744	9.374298e-01	9.366274e-01	2.711495e-02	3.389368e-02	1.775482e-01	9.151752e-02	9.146695e-01	3.999385e-01
10170	2.802285e-01	9.332708e-01	2.521313e-02	3.151641e-02	1.650952e-01	1.614321e-01	7.361602e-01	2.309664e-01
12911	7.999512e-01	6.304151e-01	2.704193e-02	3.380241e-02	1.770701e-01	1.765293e-01	2.047523e-01	9.352976e-01
30197	2.301482e-01	2.039461e-01	2.730630e-02	3.413288e-02	1.788013e-01	5.747602e-02	7.838462e-02	6.470868e-01
31575	1.633427e-01	2.880106e-01	3.975153e-02	4.968942e-02	2.602924e-01	1.657113e-01	2.862087e-01	3.920084e-01
17006	2.346589e-01	3.447745e-01	5.734943e-02	7.168679e-02	3.755232e-01	1.952625e-01	8.290789e-01	6.794596e-01
2824	5.758122e-01	2.423523e-01	2.184292e-02	2.730365e-02	1.430271e-01	1.414284e-01	4.374940e-01	6.742150e-01
21891	7.589672e-01	3.372491e-01	2.548062e-02	3.185077e-02	1.668467e-01	1.592056e-01	1.767085e-02	1.710602e-01
30802	5.186968e-01	1.829533e-01	3.817264e-02	4.771580e-02	2.499539e-01	2.498642e-01	3.715566e-01	9.460426e-01
19877	6.861566e-01	4.778534e-01	3.829406e-02	4.786758e-02	2.507489e-01	1.099048e-01	8.653561e-01	3.953301e-01
11133	3.546817e-01	1.874374e-01	2.349075e-02	2.936343e-02	1.538170e-01	4.274915e-02	1.220515e-01	6.278688e-01
23255	9.167360e-01	5.499083e-01	2.403314e-02	3.004143e-02	1.573686e-01	1.427578e-01	4.737686e-01	1.704373e-01
28872	6.645452e-01	5.203621e-01	2.330862e-02	2.913578e-02	1.526245e-01	1.067641e-01	7.218281e-01	9.676820e-01
1955	4.698410e-01	9.410532e-01	2.096574e-02	2.620718e-02	1.372833e-01	5.427852e-02	6.728597e-01	7.359236e-01
16638	1.949050e-01	4.234939e-01	2.966637e-02	3.708296e-02	1.942549e-01	1.405181e-01	4.334175e-01	9.086597e-01
24507	4.247022e-01	4.874817e-01	5.064557e-02	6.330696e-02	3.316264e-01	3.136257e-01	4.826037e-01	2.332695e-01
20814	5.697831e-01	6.768603e-01	2.606272e-02	3.257840e-02	1.706583e-01	1.702233e-01	4.206430e-01	9.475139e-01
15238	5.711936e-01	7.876402e-01	4.821286e-02	6.026608e-02	3.156971e-01	2.464052e-01	5.027049e-01	9.536291e-01
11261	9.499825e-02	1.794876e-01	2.559394e-02	3.199243e-02	1.675888e-01	1.348753e-01	3.370595e-01	8.552391e-01
9838	4.914832e-02	1.714217e-01	3.000508e-02	3.750635e-02	1.964728e-01	1.405121e-01	3.753649e-01	2.172958e-01
29542	6.361504e-01	3.610342e-01	3.330853e-02	4.163567e-02	2.181038e-01	2.135491e-01	1.161030e-02	3.783022e-01
12217	3.794181e-01	3.790272e-01	5.751071e-02	7.188838e-02	3.765792e-01	3.526021e-01	5.022586e-01	6.888923e-01
28521	5.666524e-01	5.836655e-02	4.236614e-02	5.295767e-02	2.774128e-01	1.581199e-01	3.037559e-01	3.644076e-02
244	8.200514e-01	4.253282e-01	2.634308e-02	3.292885e-02	1.724941e-01	1.690418e-01	6.449085e-01	9.624409e-01
19949	1.053692e-01	3.708705e-01	3.167045e-02	3.958806e-02	2.073776e-01	1.738168e-01	3.665196e-01	1.018695e-01
27695	3.614064e-01	2.944803e-01	4.320821e-02	5.401027e-02	2.829267e-01	1.062673e-01	7.803426e-01	8.555562e-01
27357	2.204463e-01	5.648582e-01	3.001097e-02	3.751371e-02	1.965114e-01	6.263334e-02	2.029096e-01	8.058324e-01
541	4.667856e-01	7.722019e-01	2.184101e-02	2.730126e-02	1.430146e-01	1.309719e-01	9.248500e-01	1.998504e-01
9883	4.980054e-01	4.888361e-02	4.109804e-02	5.137255e-02	2.691093e-01	9.355986e-02	2.180938e-01	1.284044e-01
25299	1.812150e-01	4.794917e-01	4.823305e-02	6.029131e-02	3.158293e-01	2.810314e-01	8.441900e-01	2.881452e-01
24762	6.471982e-01	6.308177e-01	2.150336e-02	2.687920e-02	1.408037e-01	1.032463e-01	8.013928e-01	2.951119e-01
4547	4.199220e-01	8.250409e-01	3.006683e-02	3.758354e-02	1.968772e-01	9.189109e-02	3.630115e-01	4.705225e-01
