12056	1.448462e-01	8.702039e-01	5.677451e-02	7.096814e-02	3.717586e-01	3.658688e-01	8.492397e-01	6.427873e-01
28181	8.691523e-01	9.567942e-01	3.360891e-02	4.201114e-02	2.200706e-01	1.014488e-01	1.445884e-02	6.516807e-01
16207	2.943134e-01	1.358560e-01	2.568931e-02	3.211164e-02	1.682132e-01	1.646116e-01	5.272554e-01	4.203083e-01
24492	9.621293e-01	6.539878e-01	2.131028e-02	2.663785e-02	1.395394e-01	6.896905e-02	8.506602e-01	9.935195e-01
27796	5.534071e-02	5.630704e-01	4.651071e-02	5.813838e-02	3.045514e-01	2.802282e-01	8.560280e-01	1.956228e-01
30984	7.679573e-01	3.873808e-01	2.899478e-02	3.624347e-02	1.898574e-01	8.209290e-02	3.660625e-01	5.425063e-01
27853	4.327276e-01	8.828905e-01	6.193327e-02	7.741659e-02	4.055381e-01	3.520633e-01	4.730503e-01	4.198358e-01
25240	2.497321e-01	8.327332e-01	7.491561e-02	9.364452e-02	4.905463e-01	4.387741e-01	4.766149e-01	3.134814e-01
10677	7.116572e-01	4.237301e-01	4.084902e-02	5.106127e-02	2.674787e-01	2.478415e-01	1.854479e-01	1.855610e-01
19233	1.792631e-01	7.102641e-01	2.946152e-02	3.682690e-02	1.929136e-01	1.511427e-01	6.936690e-01	6.474911e-01
13076	8.375401e-01	5.227447e-01	2.679152e-02	3.348940e-02	1.754304e-01	7.066932e-02	4.221722e-01	1.982081e-01
9265	3.478213e-01	4.433887e-01	5.497993e-02	6.872491e-02	3.600077e-01	3.555995e-01	3.425629e-01	5.346849e-01
7141	8.271874e-01	6.866991e-01	4.750147e-02	5.937683e-02	3.110389e-01	2.726557e-01	1.992809e-01	5.411134e-01
11238	7.916697e-01	4.393929e-01	3.862041e-02	4.827551e-02	2.528858e-01	1.289856e-01	8.442293e-01	6.716585e-01
24537	1.947451e-01	3.014927e-01	2.224425e-02	2.780531e-02	1.456550e-01	1.451724e-01	5.883060e-01	5.123455e-01
13707	6.435754e-01	2.821736e-02	2.361182e-02	2.951477e-02	1.546098e-01	1.538650e-01	4.217845e-01	4.345009e-02
19241	7.244192e-01	7.391314e-01	2.681275e-02	3.351593e-02	1.755695e-01	4.922172e-02	4.253843e-02	5.230614e-01
26058	5.449278e-01	7.367703e-02	5.958088e-02	7.447611e-02	3.901347e-01	3.406788e-01	2.314627e-01	3.233462e-01
29418	6.235178e-01	1.209185e-01	2.546085e-02	3.182607e-02	1.667173e-01	1.576008e-01	7.834816e-01	2.858923e-01
13278	6.635139e-01	1.272822e-01	3.669980e-02	4.587475e-02	2.403097e-01	1.363532e-01	2.960116e-01	1.585940e-01
32533	3.547209e-01	1.835419e-01	3.849583e-02	4.811978e-02	2.520701e-01	2.403298e-01	9.268482e-01	9.774822e-01
29443	5.566872e-01	8.214129e-01	3.154831e-02	3.943538e-02	2.065778e-01	1.980645e-01	3.615847e-01	6.760896e-01
21296	9.604792e-02	6.258521e-01	2.134533e-02	2.668166e-02	1.397689e-01	1.394809e-01	9.453187e-01	6.443946e-01
25646	9.023601e-01	7.391740e-01	2.272376e-02	2.840469e-02	1.487948e-01	1.379515e-01	3.724882e-01	7.065056e-01
10560	2.207775e-01	3.726107e-01	2.483373e-02	3.104217e-02	1.626109e-01	1.404830e-01	9.437562e-01	1.653976e-01
7800	2.821154e-01	1.802657e-01	5.352352e-02	6.690440e-02	3.504712e-01	2.080840e-01	5.242556e-02	5.454823e-01
4458	7.928468e-01	8.757525e-01	4.881188e-02	6.101484e-02	3.196194e-01	1.741696e-01	9.404645e-01	1.682361e-01
716	8.643781e-01	7.646166e-01	3.713104e-02	4.641380e-02	2.431335e-01	1.549843e-01	3.202112e-02	7.185346e-01
11968	5.243667e-01	5.563929e-01	2.457508e-02	3.071885e-02	1.609173e-01	1.256430e-01	3.697667e-02	6.336584e-01
3534	4.854062e-01	7.504324e-01	3.447158e-02	4.308948e-02	2.257194e-01	1.800100e-01	8.540096e-01	7.057427e-01
28046	8.841681e-01	4.986136e-01	2.148274e-02	2.685342e-02	1.406686e-01	6.679781e-02	9.526139e-01	7.845372e-01
24932	6.652652e-01	2.897068e-01	3.399092e-02	4.248865e-02	2.225720e-01	2.179336e-01	5.731095e-01	8.268146e-01
9892	4.363420e-02	3.461888e-01	2.550365e-02	3.187957e-02	1.669975e-01	9.077764e-02	8.507531e-01	3.437382e-01
24414	9.547651e-01	9.036781e-01	3.168069e-02	3.960087e-02	2.074447e-01	9.153897e-02	9.970241e-01	4.508559e-01
25370	4.439513e-01	7.055165e-01	2.559852e-02	3.199815e-02	1.676187e-01	7.384505e-02	6.049811e-01	7.184274e-01
26194	8.115184e-01	5.481343e-02	2.903866e-02	3.629833e-02	1.901447e-01	1.807465e-01	7.205494e-01	4.320669e-02
23747	4.010329e-01	5.272195e-01	2.574576e-02	3.218220e-02	1.685829e-01	6.841196e-02	5.487714e-01	7.044128e-01
19492	2.761563e-01	3.415774e-01	5.945799e-02	7.432249e-02	3.893300e-01	3.886770e-01	7.063309e-02	9.132616e-01
5831	7.904362e-01	9.370776e-01	2.322869e-02	2.903587e-02	1.521011e-01	1.413395e-01	9.105824e-01	3.692633e-01
11872	8.305585e-01	2.247115e-01	2.674888e-02	3.343611e-02	1.751513e-01	1.445414e-01	9.042235e-01	6.271525e-01
1910	6.464275e-01	1.593096e-01	3.110539e-02	3.888173e-02	2.036776e-01	1.430136e-01	8.949151e-01	9.148975e-01
2581	5.200208e-01	1.664817e-01	2.720789e-02	3.400986e-02	1.781568e-01	1.312569e-01	6.966722e-01	4.879454e-01
15324	1.545305e-01	2.461887e-01	3.328032e-02	4.160040e-02	2.179190e-01	1.500981e-01	1.267082e-01	7.840628e-01
9817	4.860714e-01	3.654051e-01	2.534104e-02	3.167630e-02	1.659328e-01	1.368558e-01	2.363031e-01	4.902753e-01
12548	8.841343e-01	3.913505e-01	3.426350e-02	4.282937e-02	2.243569e-01	2.107314e-01	7.596241e-01	1.067371e-01
11619	6.052630e-01	6.946313e-01	3.204281e-02	4.005352e-02	2.098158e-01	2.032553e-01	2.396604e-01	8.667207e-01
5935	1.946793e-01	1.610252e-01	2.134075e-02	2.667594e-02	1.397389e-01	8.688485e-02	1.316695e-01	4.873855e-01
17459	5.340620e-02	2.269169e-01	5.302967e-02	6.628709e-02	3.472375e-01	3.456234e-01	4.992970e-01	5.956877e-01
20499	6.882671e-01	9.071959e-01	4.891091e-02	6.113864e-02	3.202679e-01	8.696950e-02	3.532762e-01	3.334223e-01
2820	5.966166e-01	7.926291e-01	2.313426e-02	2.891783e-02	1.514828e-01	1.421889e-01	7.418713e-02	5.746153e-01
22760	5.288536e-01	4.104802e-01	6.987457e-02	8.734321e-02	4.575376e-01	3.748111e-01	4.765931e-01	1.350895e-01
24279	4.756509e-01	4.506491e-01	3.071826e-02	3.839782e-02	2.011427e-01	1.682874e-01	3.971527e-01	3.146251e-02
8243	2.372890e-01	2.564951e-01	6.161834e-02	7.702292e-02	4.034759e-01	2.824846e-01	6.698943e-01	2.064858e-01
2229	9.458754e-01	9.850737e-02	2.993744e-02	3.742180e-02	1.960299e-01	1.667286e-01	1.248675e-01	5.969365e-01
20696	7.959221e-02	2.941402e-01	4.895974e-02	6.119967e-02	3.205876e-01	1.483137e-01	9.393272e-01	4.398351e-02
30440	3.480991e-01	8.271094e-02	2.198131e-02	2.747664e-02	1.439333e-01	1.199602e-01	2.463658e-01	3.968412e-01
3653	3.623587e-01	6.338685e-01	2.157950e-02	2.697437e-02	1.413022e-01	1.120610e-01	8.244478e-01	2.810698e-01
4337	8.966338e-01	2.663708e-01	2.504053e-02	3.130066e-02	1.639650e-01	1.501596e-01	6.841978e-02	5.118977e-01
10088	5.388101e-01	6.479685e-01	2.166145e-02	2.707681e-02	1.418388e-01	6.982309e-02	1.446868e-01	8.404213e-01
22076	9.417053e-01	2.522243e-01	2.111202e-02	2.639003e-02	1.382412e-01	1.370295e-01	7.688375e-01	7.600833e-01
27368	2.147496e-01	1.302654e-01	3.114453e-02	3.893067e-02	2.039339e-01	1.854357e-01	4.763069e-01	7.676787e-01
27771	7.253359e-02	7.646339e-01	3.870141e-02	4.837677e-02	2.534163e-01	1.808640e-01	9.461647e-01	7.385004e-01
48	8.757805e-02	8.209959e-02	4.149188e-02	5.186485e-02	2.716882e-01	1.199699e-01	3.058032e-01	2.774940e-01
19633	2.198434e-01	7.030222e-01	2.055301e-02	2.569126e-02	1.345808e-01	1.004665e-01	4.015899e-01	2.183438e-01
14988	4.017750e-01	4.186459e-01	2.390464e-02	2.988080e-02	1.565272e-01	1.549326e-01	1.466164e-01	7.683893e-01
13424	1.320838e-01	1.313404e-01	3.194056e-02	3.992570e-02	2.091463e-01	1.994345e-01	6.251095e-01	2.726898e-01
5641	3.463925e-01	3.145075e-01	3.602434e-02	4.503043e-02	2.358868e-01	1.331975e-01	2.586483e-01	4.281494e-01
2199	2.296527e-01	1.710526e-01	2.694621e-02	3.368277e-02	1.764434e-01	7.844479e-02	8.439206e-01	3.195615e-01
24746	8.194375e-01	1.164780e-01	2.510946e-02	3.138682e-02	1.644163e-01	1.523617e-01	8.811964e-01	2.610499e-01
4887	1.257899e-01	3.588977e-01	2.058326e-02	2.572908e-02	1.347789e-01	1.263127e-01	8.582529e-01	4.387136e-02
5908	9.587265e-01	3.837243e-01	3.267648e-02	4.084560e-02	2.139651e-01	1.920430e-01	6.711916e-01	7.612983e-01
14572	9.114361e-01	9.098932e-01	2.178308e-02	2.722885e-02	1.426353e-01	1.268716e-01	9.510236e-01	8.023688e-01
11956	9.275962e-01	3.355701e-01	2.549891e-02	3.187364e-02	1.669665e-01	1.307796e-01	1.316204e-01	9.631244e-02
12314	6.380225e-01	3.387199e-01	3.319227e-02	4.149033e-02	2.173424e-01	1.333315e-01	4.625391e-01	7.666058e-01
19874	3.464431e-01	7.733237e-01	6.281647e-02	7.852059e-02	4.113213e-01	1.844092e-01	1.513887e-01	7.193925e-01
