4013	2.921915e-01	4.670305e-01	2.413326e-02	3.016658e-02	1.580242e-01	9.933019e-02	9.566621e-01	6.880612e-01
31273	7.160020e-01	5.797370e-01	2.721349e-02	3.401687e-02	1.781935e-01	1.765736e-01	5.467739e-01	3.981366e-01
25345	4.508128e-01	4.495378e-01	5.686390e-02	7.107987e-02	3.723439e-01	3.285073e-01	5.078310e-01	3.831284e-01
24670	9.594855e-01	2.018482e-01	3.340679e-02	4.175849e-02	2.187471e-01	8.356033e-02	7.851887e-01	6.199650e-01
3174	2.273276e-01	5.573079e-01	6.034790e-02	7.543488e-02	3.951571e-01	3.112405e-01	8.751780e-01	7.063794e-01
31029	2.645160e-01	1.203419e-01	3.565153e-02	4.456441e-02	2.334457e-01	2.317275e-01	6.903932e-03	4.494527e-01
17354	2.166084e-01	1.604487e-01	3.751697e-02	4.689621e-02	2.456605e-01	2.388953e-01	6.208870e-01	2.332907e-01
27109	6.719956e-01	5.713116e-01	4.225566e-02	5.281958e-02	2.766894e-01	2.639795e-01	9.701689e-01	9.067492e-01
23655	1.150329e-01	4.060331e-01	2.130688e-02	2.663359e-02	1.395171e-01	1.385809e-01	4.474717e-01	8.728360e-01
25521	7.101326e-02	5.363718e-02	3.296254e-02	4.120318e-02	2.158382e-01	1.404199e-01	5.569002e-01	4.643356e-01
24775	1.621346e-01	8.810750e-01	3.543047e-02	4.428808e-02	2.319981e-01	9.158852e-02	9.563974e-01	5.184488e-01
12716	3.658501e-01	6.799110e-01	4.757536e-02	5.946920e-02	3.115227e-01	3.102066e-01	5.409610e-01	6.189415e-02
24297	4.730204e-01	1.670568e-01	7.647527e-02	9.559409e-02	5.007589e-01	2.945412e-01	9.656766e-01	5.825510e-01
21770	5.573259e-01	5.228331e-01	7.880806e-02	9.851007e-02	5.160339e-01	4.348922e-01	8.820451e-01	3.082051e-01
22106	5.624343e-01	8.443401e-01	2.250110e-02	2.812637e-02	1.473368e-01	1.223799e-01	2.738290e-02	4.647916e-01
9182	7.241813e-01	3.015552e-01	2.784771e-02	3.480964e-02	1.823464e-01	1.468626e-01	4.595978e-01	7.210533e-01
20968	1.459899e-01	9.353508e-01	2.394027e-02	2.992534e-02	1.567605e-01	1.256578e-01	4.529614e-01	9.910799e-01
14053	9.546701e-01	3.971984e-01	2.484988e-02	3.106236e-02	1.627167e-01	1.527340e-01	8.771263e-01	1.291054e-01
21001	2.022813e-01	8.815015e-01	2.262756e-02	2.828445e-02	1.481649e-01	1.093887e-01	3.488414e-01	2.192289e-01
2167	7.831659e-01	2.092593e-01	3.210751e-02	4.013438e-02	2.102395e-01	2.010372e-01	6.339870e-01	7.816728e-02
18823	4.121732e-02	9.853379e-02	2.450831e-02	3.063538e-02	1.604800e-01	1.337413e-01	3.341236e-02	7.739526e-01
5973	2.149536e-01	3.677422e-02	3.113802e-02	3.892252e-02	2.038913e-01	1.323307e-01	5.169812e-01	6.365346e-01
2597	2.605885e-01	3.817232e-01	3.668589e-02	4.585736e-02	2.402186e-01	1.324798e-01	6.590769e-02	1.379413e-01
30836	7.346747e-01	1.170877e-01	2.894201e-02	3.617751e-02	1.895118e-01	1.722655e-01	3.180387e-01	7.840160e-02
28817	5.989613e-01	8.974255e-01	2.056252e-02	2.570315e-02	1.346431e-01	1.314589e-01	3.087551e-01	6.766028e-03
4667	4.706606e-01	7.109184e-01	4.047332e-02	5.059165e-02	2.650186e-01	2.587240e-01	3.350131e-01	1.166011e-01
5210	9.184219e-01	8.857291e-02	2.362376e-02	2.952970e-02	1.546880e-01	1.139716e-01	2.087491e-01	3.271855e-01
10484	7.639508e-01	8.805550e-01	4.868608e-02	6.085760e-02	3.187957e-01	1.618920e-01	9.439104e-02	6.014401e-01
32401	5.552458e-01	7.529010e-02	4.819672e-02	6.024590e-02	3.155914e-01	1.857304e-01	9.677666e-01	5.483751e-01
2980	1.453576e-01	7.742319e-01	2.228970e-02	2.786213e-02	1.459526e-01	1.413534e-01	4.108825e-01	7.844115e-01
8101	8.487966e-01	1.779429e-01	6.852940e-02	8.566175e-02	4.487294e-01	3.169644e-01	4.327082e-01	8.176655e-01
21331	2.898664e-01	6.415234e-01	2.573717e-02	3.217146e-02	1.685266e-01	1.681649e-01	9.917623e-01	5.763184e-01
26566	9.685790e-01	9.333860e-01	3.112672e-02	3.890839e-02	2.038172e-01	1.409600e-01	2.833648e-01	8.565542e-02
11482	3.980232e-01	9.451704e-01	3.591313e-02	4.489141e-02	2.351586e-01	2.329510e-01	1.023281e-01	6.905549e-01
14198	8.314277e-01	6.651515e-01	3.101786e-02	3.877232e-02	2.031044e-01	1.231547e-01	3.256573e-01	6.686833e-01
16526	3.298582e-02	4.070616e-01	2.423840e-02	3.029800e-02	1.587127e-01	1.277863e-01	9.782693e-01	2.710471e-01
23009	4.160295e-01	5.250864e-02	2.492597e-02	3.115746e-02	1.632148e-01	1.215339e-01	1.755192e-01	1.913216e-01
31606	6.566406e-02	9.186574e-01	5.828481e-02	7.285601e-02	3.816480e-01	2.007179e-01	3.021421e-01	9.805676e-01
31091	7.106919e-01	9.002119e-01	3.174937e-02	3.968672e-02	2.078944e-01	2.069297e-01	1.427926e-01	9.037476e-01
25451	9.094870e-01	5.002699e-01	2.949442e-02	3.686803e-02	1.931290e-01	1.357969e-01	1.047158e-01	1.258969e-01
4125	6.669053e-01	9.647761e-01	2.102820e-02	2.628525e-02	1.376923e-01	1.075567e-01	2.886828e-01	6.549305e-01
23390	6.343222e-01	8.608875e-01	4.611045e-02	5.763806e-02	3.019305e-01	1.240424e-01	1.491288e-01	9.875830e-01
30504	8.975576e-01	3.152917e-01	2.653612e-02	3.317015e-02	1.737581e-01	1.701524e-01	3.750096e-01	6.031315e-01
17078	6.972540e-01	7.713616e-01	4.003776e-02	5.004721e-02	2.621667e-01	7.227537e-02	1.099830e-01	3.795058e-01
17126	6.328455e-01	2.893337e-01	2.541722e-02	3.177152e-02	1.664315e-01	1.574719e-01	4.454419e-01	4.741283e-01
20943	5.887847e-01	6.714960e-01	6.601337e-02	8.251672e-02	4.322545e-01	3.637673e-01	6.041703e-02	3.749711e-02
1656	3.248493e-01	8.757064e-02	4.461905e-02	5.577381e-02	2.921648e-01	2.724707e-01	2.214876e-01	2.617985e-01
31135	3.827533e-01	5.274717e-01	2.790607e-02	3.488259e-02	1.827285e-01	1.807170e-01	1.768478e-01	2.792667e-01
1524	8.770344e-02	8.285513e-01	2.258974e-02	2.823718e-02	1.479173e-01	1.055037e-01	6.420994e-01	2.927385e-01
29361	5.111724e-01	3.868185e-01	2.332775e-02	2.915969e-02	1.527498e-01	1.241562e-01	7.199002e-01	1.956145e-01
23549	9.151641e-02	5.375415e-01	2.966738e-02	3.708423e-02	1.942616e-01	1.925699e-01	7.308881e-01	4.137375e-01
14257	2.870956e-01	5.223175e-01	2.282470e-02	2.853087e-02	1.494558e-01	1.471704e-01	1.751747e-01	2.424724e-01
16365	3.367912e-01	9.113251e-01	5.314764e-02	6.643455e-02	3.480099e-01	2.428464e-01	3.917290e-01	7.284031e-01
27928	4.565755e-01	5.968409e-01	3.487023e-02	4.358778e-02	2.283297e-01	1.760119e-01	7.309199e-01	6.762184e-01
10291	1.845141e-01	2.911388e-01	3.318064e-02	4.147580e-02	2.172663e-01	2.096542e-01	2.502784e-02	2.137367e-01
8096	5.080223e-01	5.846137e-01	3.098632e-02	3.873290e-02	2.028979e-01	1.185892e-01	8.567463e-02	5.714305e-01
22509	2.652421e-01	9.179461e-01	6.110875e-02	7.638594e-02	4.001392e-01	4.000517e-01	1.621923e-01	3.346823e-01
11361	7.735845e-01	1.355161e-01	2.721698e-02	3.402122e-02	1.782163e-01	1.580667e-01	3.134699e-01	9.310410e-01
14870	4.424371e-01	6.312025e-01	2.810789e-02	3.513486e-02	1.840500e-01	7.092649e-02	1.127769e-01	1.632830e-01
7114	4.819743e-01	3.372615e-01	2.392152e-02	2.990191e-02	1.566378e-01	1.099557e-01	5.164251e-01	1.228067e-01
10536	8.622260e-01	8.455450e-01	2.065118e-02	2.581398e-02	1.352236e-01	1.245128e-01	9.911912e-01	7.190192e-01
29127	3.536291e-01	3.590720e-01	2.273387e-02	2.841733e-02	1.488610e-01	1.140983e-01	5.945025e-01	4.752706e-01
24410	9.733882e-01	3.469395e-01	2.169142e-02	2.711428e-02	1.420351e-01	8.293151e-02	3.896002e-02	4.563490e-01
27289	4.097892e-02	8.499210e-01	3.628722e-02	4.535903e-02	2.376082e-01	6.923716e-02	8.816798e-01	7.578790e-01
9171	2.945989e-01	8.181003e-01	3.121195e-02	3.901493e-02	2.043753e-01	2.027346e-01	8.498991e-01	7.646870e-01
17088	5.942917e-01	4.563002e-01	2.304735e-02	2.880918e-02	1.509137e-01	1.078070e-01	6.268497e-01	4.900295e-01
26636	5.897933e-01	2.775040e-01	2.167204e-02	2.709005e-02	1.419082e-01	6.246349e-02	1.405348e-01	2.442757e-01
19202	5.331235e-01	6.860293e-01	2.799969e-02	3.499961e-02	1.833415e-01	1.183408e-01	2.130652e-01	4.794589e-01
31478	2.974932e-01	4.050696e-01	3.684770e-02	4.605962e-02	2.412781e-01	2.256486e-01	5.612560e-01	2.884798e-01
29245	6.355031e-01	6.161230e-01	2.056573e-02	2.570716e-02	1.346641e-01	6.721722e-02	7.030421e-01	5.215236e-01
32169	8.835962e-01	2.441699e-01	4.300872e-02	5.376091e-02	2.816205e-01	2.043783e-01	5.497424e-01	6.938150e-01
2689	9.253687e-01	2.861405e-01	2.270697e-02	2.838371e-02	1.486849e-01	1.392266e-01	5.536120e-01	2.903939e-01
27829	1.163062e-01	7.248406e-01	2.902188e-02	3.627735e-02	1.900348e-01	1.320410e-01	3.091065e-01	3.364404e-01
29677	3.827159e-01	4.448213e-01	2.547549e-02	3.184437e-02	1.668131e-01	8.250979e-02	2.637219e-01	3.874530e-01
29591	9.156299e-01	6.905013e-01	2.179084e-02	2.723855e-02	1.426861e-01	1.230133e-01	8.577158e-01	2.737503e-01
23175	5.857519e-01	7.583600e-01	2.117506e-02	2.646883e-02	1.386540e-01	5.180342e-02	3.692738e-01	1.594886e-01
26881	4.035161e-01	4.288990e-01	2.713199e-02	3.391499e-02	1.776599e-01	1.706088e-01	9.188345e-01	5.270772e-01
25367	8.706968e-01	9.345339e-02	2.639753e-02	3.299691e-02	1.728506e-01	1.645701e-01	8.798351e-01	8.266017e-01
11831	2.361795e-01	4.568644e-01	4.585792e-02	5.732240e-02	3.002769e-01	2.352940e-01	7.356227e-01	6.577324e-02
30334	6.992894e-01	4.293542e-01	3.967331e-02	4.959164e-02	2.597802e-01	1.514027e-01	8.360873e-01	8.571671e-01
