860	7.137511e-01	3.427172e-01	2.452460e-02	3.065575e-02	1.605867e-01	4.181686e-02	3.479495e-01	8.394824e-01
16260	4.014542e-01	7.035429e-01	2.135833e-02	2.669791e-02	1.398540e-01	1.167945e-01	5.609247e-01	3.469525e-01
30901	2.687461e-01	8.714299e-01	2.938860e-02	3.673575e-02	1.924361e-01	1.533060e-01	7.953913e-01	3.089437e-01
3378	8.966651e-01	6.322739e-01	3.038485e-02	3.798106e-02	1.989595e-01	1.311478e-01	4.980091e-02	2.246342e-01
3971	3.203177e-01	7.134981e-01	7.291833e-02	9.114791e-02	4.774681e-01	3.945322e-01	1.811364e-01	7.184945e-01
26075	9.901243e-02	5.435265e-01	4.627725e-02	5.784656e-02	3.030227e-01	1.289509e-01	5.380504e-01	4.598547e-01
10811	7.000602e-01	8.980719e-01	2.700836e-02	3.376045e-02	1.768503e-01	1.737983e-01	3.855853e-01	6.760294e-01
23769	1.403298e-01	2.534203e-01	5.933319e-02	7.416649e-02	3.885128e-01	3.621298e-01	3.250370e-01	9.751548e-01
28978	5.614879e-01	4.236001e-01	6.963883e-02	8.704854e-02	4.559940e-01	4.123534e-01	1.766145e-01	2.865816e-02
20124	3.635130e-02	8.130477e-01	2.738532e-02	3.423165e-02	1.793187e-01	1.522813e-01	7.832727e-01	7.926935e-01
24003	5.587809e-01	9.320360e-01	2.323835e-02	2.904793e-02	1.521643e-01	4.378213e-02	8.899552e-01	6.116571e-01
30158	2.900804e-01	5.580493e-01	2.716848e-02	3.396060e-02	1.778988e-01	1.742181e-01	1.820093e-01	2.067979e-01
22525	1.598134e-01	8.114236e-01	7.199280e-02	8.999100e-02	4.714078e-01	3.902434e-01	6.230399e-01	4.509538e-01
20411	9.560494e-01	4.506655e-01	2.379090e-02	2.973862e-02	1.557824e-01	1.543499e-01	2.994384e-01	2.879487e-01
17785	2.335501e-01	6.356231e-01	3.036495e-02	3.795619e-02	1.988293e-01	1.911390e-01	9.855666e-01	4.818522e-01
18629	6.193264e-01	9.401242e-01	2.132491e-02	2.665613e-02	1.396352e-01	1.343034e-01	7.846483e-01	9.310758e-01
22512	5.246990e-01	1.368979e-01	4.337028e-02	5.421285e-02	2.839879e-01	2.839209e-01	1.063142e-01	7.852348e-01
2714	7.497910e-01	7.022967e-02	2.715390e-02	3.394237e-02	1.778033e-01	1.411648e-01	1.958005e-02	8.696848e-01
19161	6.616657e-01	5.087156e-01	5.263684e-02	6.579605e-02	3.446652e-01	3.190242e-01	4.159111e-01	3.120218e-01
20798	3.005236e-01	1.309086e-01	2.224362e-02	2.780453e-02	1.456509e-01	1.414135e-01	8.756737e-02	9.355230e-01
13477	5.040752e-01	2.271908e-01	4.503114e-02	5.628892e-02	2.948632e-01	2.850071e-01	1.057537e-02	1.685492e-01
21294	5.077533e-01	3.244191e-01	2.361194e-02	2.951493e-02	1.546106e-01	1.522491e-01	5.067660e-01	9.972782e-01
31362	8.246189e-01	3.176539e-01	2.732921e-02	3.416151e-02	1.789512e-01	1.020723e-01	6.166357e-01	8.282646e-01
22351	9.312947e-01	8.620550e-01	6.278978e-02	7.848722e-02	4.111465e-01	2.504805e-01	4.920725e-01	8.494444e-01
11697	6.403866e-01	2.043965e-01	6.456724e-02	8.070905e-02	4.227853e-01	3.424980e-01	8.354364e-01	4.443183e-01
26460	7.160788e-01	1.262003e-01	6.094454e-02	7.618067e-02	3.990639e-01	2.214307e-01	5.698960e-01	3.123120e-01
19741	7.547677e-01	2.346092e-01	2.928669e-02	3.660836e-02	1.917688e-01	1.625101e-01	5.547900e-01	4.700555e-01
1527	6.655434e-01	7.799654e-01	3.902642e-02	4.878302e-02	2.555444e-01	1.627574e-01	5.084369e-01	1.135585e-01
28141	9.235817e-01	2.836685e-01	6.742981e-02	8.428726e-02	4.415293e-01	3.225112e-01	2.609664e-02	6.384617e-01
30788	9.394991e-01	1.211438e-01	2.235239e-02	2.794049e-02	1.463631e-01	7.654369e-02	3.221849e-01	7.696798e-01
23992	8.555306e-01	7.293833e-01	3.380596e-02	4.225745e-02	2.213609e-01	1.359251e-01	1.576205e-01	4.749996e-01
7098	8.529228e-01	4.862865e-01	3.591780e-02	4.489725e-02	2.351892e-01	1.789932e-01	6.247914e-01	5.330156e-01
7733	3.158775e-01	6.910066e-02	4.209326e-02	5.261657e-02	2.756260e-01	2.047633e-01	2.550246e-01	2.772411e-01
19408	5.358471e-01	7.638182e-01	2.769967e-02	3.462459e-02	1.813770e-01	1.785311e-01	1.605464e-01	9.756686e-01
22752	2.371771e-01	7.307409e-01	3.919406e-02	4.899257e-02	2.566421e-01	2.546713e-01	9.657521e-02	8.889883e-01
21905	6.373494e-01	9.629337e-01	2.205278e-02	2.756597e-02	1.444012e-01	1.422385e-01	1.939131e-02	2.456243e-01
19650	2.044861e-01	6.069796e-01	2.348268e-02	2.935335e-02	1.537642e-01	1.213546e-01	2.354635e-01	8.521118e-01
23990	6.354463e-01	8.423951e-02	2.719595e-02	3.399493e-02	1.780786e-01	1.557022e-01	9.524648e-01	6.054063e-01
20812	1.248414e-01	6.334804e-01	4.973442e-02	6.216803e-02	3.256602e-01	3.223509e-01	6.741207e-02	2.826262e-01
19035	5.661025e-01	5.804890e-01	4.348954e-02	5.436192e-02	2.847688e-01	2.006306e-01	4.456955e-01	3.547120e-01
24144	4.671962e-01	9.003645e-02	3.792966e-02	4.741207e-02	2.483628e-01	1.990533e-01	6.837222e-01	3.622476e-01
3779	9.566230e-01	6.084752e-01	2.454399e-02	3.067999e-02	1.607137e-01	1.577422e-01	7.180160e-01	2.291175e-01
5305	8.843844e-01	9.619804e-01	3.375639e-02	4.219549e-02	2.210363e-01	1.668742e-01	2.315505e-01	2.096785e-01
16095	9.849990e-02	1.278877e-01	2.973273e-02	3.716591e-02	1.946895e-01	1.437201e-01	1.211996e-01	5.941048e-01
22105	4.221018e-01	2.146218e-01	2.863774e-02	3.579717e-02	1.875194e-01	1.533936e-01	1.491542e-01	7.714991e-01
26794	2.813731e-01	4.313752e-01	2.169128e-02	2.711410e-02	1.420341e-01	9.682720e-02	7.822680e-01	9.351485e-01
14705	9.221678e-01	3.779922e-01	7.031838e-02	8.789797e-02	4.604436e-01	4.362195e-01	1.921353e-01	7.820616e-01
2495	8.533355e-01	4.237847e-01	2.095788e-02	2.619735e-02	1.372319e-01	1.370816e-01	7.477320e-04	6.067438e-01
16361	4.636822e-01	6.488544e-01	5.632812e-02	7.041014e-02	3.688356e-01	2.329803e-01	9.679846e-01	3.248488e-01
1925	2.406161e-01	1.017010e-01	5.042383e-02	6.302979e-02	3.301745e-01	3.293724e-01	8.750790e-01	7.865059e-01
28519	3.747758e-02	5.322519e-01	3.779662e-02	4.724577e-02	2.474917e-01	1.800916e-01	9.911062e-01	9.413329e-01
28007	1.420806e-01	9.605352e-01	2.786174e-02	3.482717e-02	1.824382e-01	1.733018e-01	8.536666e-01	2.988471e-01
8392	2.799430e-01	7.462439e-02	2.093333e-02	2.616667e-02	1.370711e-01	1.360300e-01	9.813148e-01	4.341394e-01
9408	4.577066e-02	1.000626e-01	4.413875e-02	5.517344e-02	2.890199e-01	2.212934e-01	5.198756e-01	6.709929e-01
4263	2.728687e-01	3.381099e-01	4.176421e-02	5.220526e-02	2.734714e-01	1.480266e-01	6.460675e-01	8.785862e-01
28953	3.295285e-01	5.415555e-01	2.290002e-02	2.862503e-02	1.499490e-01	4.695003e-02	4.331178e-01	2.706293e-01
31700	3.833468e-01	3.295867e-01	5.610598e-02	7.013248e-02	3.673811e-01	3.403098e-01	5.381269e-01	4.477605e-01
23213	8.496529e-01	3.092141e-01	4.374705e-02	5.468382e-02	2.864550e-01	1.813863e-01	5.438820e-01	3.555991e-01
12065	8.930562e-01	4.367967e-01	4.414140e-02	5.517676e-02	2.890372e-01	1.542736e-01	2.109465e-01	4.657550e-01
28956	2.851460e-01	9.271827e-01	3.416307e-02	4.270384e-02	2.236992e-01	1.702921e-01	5.887716e-02	5.627800e-01
3552	1.158296e-01	9.030348e-01	2.617817e-02	3.272271e-02	1.714142e-01	1.419175e-01	9.271222e-02	2.439777e-01
22024	7.885742e-01	7.983861e-01	5.658740e-02	7.073425e-02	3.705334e-01	2.152966e-01	7.436072e-01	4.243054e-01
20852	5.302536e-01	8.720688e-01	5.538352e-02	6.922940e-02	3.626504e-01	2.024581e-01	6.283495e-01	7.007036e-01
28750	3.709752e-01	9.572763e-01	2.870850e-02	3.588563e-02	1.879828e-01	1.771481e-01	4.715374e-01	6.650009e-01
7465	3.170466e-01	2.255286e-01	5.380200e-02	6.725250e-02	3.522947e-01	2.535378e-01	7.108028e-01	5.597136e-01
8190	7.147933e-01	5.021620e-01	2.857876e-02	3.572345e-02	1.871333e-01	1.337116e-01	2.469600e-01	7.597349e-01
4253	8.549699e-01	1.853237e-01	2.520408e-02	3.150510e-02	1.650359e-01	4.900400e-02	2.463618e-01	3.718824e-01
13780	2.198217e-01	9.092328e-01	2.615905e-02	3.269881e-02	1.712891e-01	1.492858e-01	5.703841e-01	9.196505e-01
5314	6.964320e-01	4.238926e-01	3.165115e-02	3.956394e-02	2.072513e-01	1.066982e-01	2.118080e-02	2.655142e-01
11664	4.388116e-01	1.663238e-01	4.355093e-02	5.443867e-02	2.851708e-01	1.582470e-01	9.332740e-01	1.588938e-01
