17589	5.056384e-01	4.971952e-01	4.805595e-02	6.006994e-02	3.146696e-01	1.665721e-01	5.137852e-01	1.811931e-01
14160	1.552144e-01	4.472617e-02	2.257419e-02	2.821774e-02	1.478155e-01	1.458431e-01	1.573802e-02	3.699063e-01
11740	3.996611e-01	4.239053e-02	2.057454e-02	2.571817e-02	1.347217e-01	1.180550e-01	7.335481e-01	7.226256e-01
20714	8.055372e-01	7.662666e-01	4.139150e-02	5.173938e-02	2.710309e-01	1.877932e-01	5.433621e-01	9.668358e-01
23340	2.286281e-01	7.198356e-02	2.953675e-02	3.692093e-02	1.934062e-01	1.933887e-01	7.583402e-01	2.281473e-01
24137	3.021826e-01	2.110634e-01	2.372509e-02	2.965637e-02	1.553515e-01	6.713100e-02	5.316265e-01	9.640822e-01
14582	3.482521e-01	7.448972e-01	2.590954e-02	3.238692e-02	1.696553e-01	1.242148e-01	8.242999e-01	3.718850e-01
12770	4.472443e-01	2.486661e-01	3.881544e-02	4.851931e-02	2.541629e-01	2.277859e-01	3.967910e-01	3.619568e-01
27638	6.014890e-01	4.972002e-01	5.741847e-02	7.177308e-02	3.759752e-01	1.976816e-01	3.302368e-01	6.253332e-01
10396	4.962453e-01	1.569994e-01	2.761350e-02	3.451687e-02	1.808128e-01	6.081813e-02	5.796239e-01	7.723914e-01
32748	6.280874e-01	8.377494e-01	2.239192e-02	2.798991e-02	1.466220e-01	4.662941e-02	6.299095e-01	5.085543e-01
19725	4.136980e-01	4.215617e-01	6.121256e-02	7.651570e-02	4.008189e-01	2.011688e-01	6.278985e-01	3.925703e-02
18093	5.699037e-01	2.559112e-01	2.766978e-02	3.458723e-02	1.811813e-01	1.150725e-01	1.424117e-01	1.274019e-01
14904	4.321127e-01	6.165806e-01	3.092155e-02	3.865194e-02	2.024738e-01	1.322796e-01	8.375322e-02	2.859028e-02
1188	7.871193e-01	6.125302e-01	2.300644e-02	2.875805e-02	1.506458e-01	4.174483e-02	6.106111e-01	6.269573e-01
9555	9.286439e-02	2.370764e-01	2.805548e-02	3.506936e-02	1.837069e-01	8.693673e-02	5.837486e-01	2.744726e-01
29757	9.673163e-01	6.197907e-01	2.222674e-02	2.778342e-02	1.455403e-01	1.246341e-01	5.130245e-01	7.772855e-01
19050	8.229536e-01	8.306370e-01	6.417117e-02	8.021396e-02	4.201918e-01	2.962027e-01	7.907285e-01	9.664812e-02
12461	1.616601e-01	8.338281e-02	2.190169e-02	2.737711e-02	1.434119e-01	1.051050e-01	6.338485e-01	6.649322e-02
15912	5.477514e-01	9.235052e-01	2.243139e-02	2.803924e-02	1.468804e-01	8.174623e-02	3.805601e-01	7.465713e-01
10653	6.281027e-01	7.866016e-01	2.532477e-02	3.165597e-02	1.658262e-01	1.439992e-01	7.913987e-01	9.058352e-01
4218	7.384923e-01	8.829828e-01	2.268408e-02	2.835509e-02	1.485350e-01	1.108116e-01	2.267034e-01	8.332279e-01
13136	6.584905e-01	1.608944e-01	2.990635e-02	3.738294e-02	1.958263e-01	1.765758e-01	7.064123e-01	1.584408e-01
24904	6.131327e-02	8.382840e-01	5.295044e-02	6.618805e-02	3.467186e-01	3.411517e-01	3.552666e-01	8.482235e-01
24976	4.634194e-01	7.640917e-01	2.276935e-02	2.846169e-02	1.490934e-01	1.411612e-01	3.217315e-01	8.892746e-01
26424	9.594423e-01	3.278911e-01	3.187277e-02	3.984096e-02	2.087024e-01	1.775734e-01	9.692686e-03	9.801972e-01
2461	8.984124e-01	4.105342e-01	7.066507e-02	8.833134e-02	4.627138e-01	1.990042e-01	3.183722e-01	9.254534e-01
30470	8.702429e-01	9.224136e-01	4.779284e-02	5.974105e-02	3.129468e-01	9.964660e-02	6.489130e-01	7.514902e-01
16008	6.870940e-01	5.535932e-01	5.154264e-02	6.442830e-02	3.375004e-01	3.019239e-01	8.748774e-01	6.213386e-02
4670	9.389718e-01	9.598505e-01	2.142927e-02	2.678659e-02	1.403185e-01	7.557636e-02	4.683187e-01	1.912816e-01
23950	5.585800e-01	1.780884e-01	5.002428e-02	6.253035e-02	3.275582e-01	3.193799e-01	6.250354e-01	4.843519e-01
30543	4.361649e-01	1.225231e-01	6.122746e-02	7.653432e-02	4.009164e-01	4.004772e-01	5.699050e-01	7.004370e-01
19870	2.012116e-01	8.558920e-01	3.311600e-02	4.139499e-02	2.168430e-01	1.994925e-01	1.392254e-02	4.682092e-01
8723	4.591767e-01	4.633388e-01	2.242364e-02	2.802955e-02	1.468297e-01	4.066637e-02	1.800210e-01	4.189285e-01
1573	1.931420e-01	2.806708e-01	3.342307e-02	4.177884e-02	2.188538e-01	2.166716e-01	5.473785e-01	4.758384e-01
16671	1.679321e-01	1.937006e-01	4.705344e-02	5.881680e-02	3.081052e-01	1.769475e-01	1.578687e-01	1.478057e-01
16045	3.430257e-01	3.373533e-01	2.683543e-02	3.354428e-02	1.757180e-01	1.190836e-01	1.350278e-01	1.056754e-01
6997	4.578510e-01	2.955545e-01	2.424543e-02	3.030678e-02	1.587587e-01	1.546057e-01	5.720489e-01	5.874326e-01
32686	7.620906e-01	3.100903e-01	6.439299e-02	8.049123e-02	4.216443e-01	1.523980e-01	1.736639e-01	8.493404e-01
1848	2.429368e-01	4.063903e-01	3.710648e-02	4.638310e-02	2.429727e-01	2.429406e-01	5.095730e-01	5.214751e-01
6739	5.576183e-02	7.633139e-01	3.002635e-02	3.753294e-02	1.966121e-01	1.960854e-01	4.768495e-01	1.122658e-01
3864	4.815757e-01	8.308132e-01	4.248584e-02	5.310729e-02	2.781966e-01	2.517175e-01	2.953866e-01	8.811360e-01
29660	5.981761e-01	6.776068e-01	7.851173e-02	9.813966e-02	5.140936e-01	2.400655e-01	6.177173e-01	9.282689e-01
6949	3.775910e-01	9.452354e-02	5.593940e-02	6.992425e-02	3.662903e-01	3.139281e-01	5.550571e-01	9.499611e-01
6183	3.213951e-01	8.371321e-01	2.731097e-02	3.413872e-02	1.788318e-01	1.765431e-01	6.794895e-01	2.742091e-01
10723	7.563680e-01	1.471242e-01	2.116135e-02	2.645169e-02	1.385642e-01	1.132856e-01	2.268826e-01	7.462642e-01
30364	6.480335e-02	5.911242e-01	3.609648e-02	4.512059e-02	2.363592e-01	1.398157e-01	3.209571e-01	2.014208e-01
29644	9.273629e-01	3.528170e-01	2.633837e-02	3.292297e-02	1.724633e-01	1.375020e-01	8.696432e-01	8.860497e-01
25041	1.766963e-01	7.190342e-01	2.136853e-02	2.671067e-02	1.399208e-01	1.326529e-01	9.628140e-01	5.581627e-01
29167	2.830055e-01	7.330320e-01	6.766818e-02	8.458522e-02	4.430902e-01	2.151201e-01	1.079957e-01	2.868357e-01
28146	4.822451e-01	7.071436e-01	5.302625e-02	6.628282e-02	3.472151e-01	1.073956e-01	7.342598e-01	6.381212e-01
27451	8.262653e-01	5.242757e-01	3.476507e-02	4.345634e-02	2.276411e-01	2.193227e-01	3.300230e-01	5.773497e-01
4616	8.833266e-02	3.830053e-01	3.541889e-02	4.427361e-02	2.319224e-01	2.071202e-01	8.634011e-01	3.311458e-01
17597	6.229848e-01	2.136332e-01	3.135055e-02	3.918819e-02	2.052829e-01	1.826934e-01	9.032707e-01	9.990641e-01
26479	8.184791e-01	4.659143e-02	3.292304e-02	4.115380e-02	2.155796e-01	2.113967e-01	6.446377e-01	8.691086e-01
6209	5.931018e-01	9.387547e-01	2.758563e-02	3.448204e-02	1.806303e-01	1.017919e-01	1.158872e-01	9.951687e-01
20106	8.098015e-01	4.377459e-01	3.291650e-02	4.114563e-02	2.155368e-01	1.218623e-01	7.289908e-01	4.079316e-02
12741	9.487168e-01	2.066241e-01	2.223104e-02	2.778880e-02	1.455685e-01	1.455641e-01	7.379269e-02	3.773754e-01
17584	2.062067e-01	9.802036e-02	2.379068e-02	2.973835e-02	1.557810e-01	1.483322e-01	5.480693e-01	5.547955e-01
18628	7.667812e-01	7.528186e-01	4.332405e-02	5.415507e-02	2.836852e-01	1.928665e-01	8.871766e-01	7.521256e-01
11704	1.332671e-01	3.271388e-01	2.264517e-02	2.830646e-02	1.482802e-01	8.677580e-02	2.259807e-01	2.409451e-01
15110	9.127264e-01	1.391664e-01	3.168657e-02	3.960822e-02	2.074832e-01	2.074787e-01	5.509402e-01	1.901271e-01
1448	7.009540e-01	2.157057e-01	2.625369e-02	3.281711e-02	1.719087e-01	8.933542e-02	1.468654e-01	8.739386e-01
2900	8.641732e-01	7.591416e-01	5.706255e-02	7.132819e-02	3.736447e-01	3.013903e-01	9.293497e-01	4.128596e-01
21379	2.317045e-01	1.660231e-01	6.697623e-02	8.372029e-02	4.385593e-01	3.672540e-01	3.312230e-01	6.617022e-01
28320	3.348549e-01	6.420579e-01	3.098269e-02	3.872836e-02	2.028742e-01	7.671020e-02	8.192187e-02	2.829094e-01
25642	3.734517e-01	8.983684e-01	5.979955e-02	7.474943e-02	3.915665e-01	3.873700e-01	5.335249e-01	5.554436e-02
14501	8.028426e-01	3.819559e-01	4.698539e-02	5.873174e-02	3.076596e-01	1.013481e-01	8.155285e-01	9.244453e-01
13331	6.506406e-01	3.725365e-01	2.917449e-02	3.646812e-02	1.910341e-01	1.294573e-01	3.681146e-01	7.733029e-01
6796	3.933675e-01	1.950732e-01	5.575981e-02	6.969976e-02	3.651144e-01	3.589590e-01	2.619326e-01	2.803892e-01
19103	3.961651e-02	1.378980e-01	2.773442e-02	3.466803e-02	1.816046e-01	1.058139e-01	3.386653e-01	6.540585e-01
23585	3.745534e-01	4.948500e-01	2.132412e-02	2.665515e-02	1.396300e-01	1.393585e-01	3.680383e-01	3.367308e-01
5919	1.788759e-01	4.670619e-01	3.750504e-02	4.688130e-02	2.455824e-01	1.709887e-01	1.232314e-01	4.650817e-01
6545	2.800698e-01	8.345793e-01	2.737516e-02	3.421895e-02	1.792521e-01	1.464995e-01	3.713281e-01	7.023750e-01
12839	5.041173e-01	6.425497e-01	3.483087e-02	4.353859e-02	2.280720e-01	2.144931e-01	4.271462e-01	8.532648e-01
30593	5.820062e-01	3.862245e-01	3.506510e-02	4.383137e-02	2.296057e-01	1.223148e-01	7.039529e-01	7.102804e-01
3021	2.842995e-01	4.360920e-01	3.401727e-02	4.252159e-02	2.227445e-01	5.857912e-02	9.640891e-01	4.264527e-01
7755	5.427226e-01	6.012728e-01	4.568933e-02	5.711166e-02	2.991730e-01	8.165542e-02	8.008499e-01	9.480211e-01
12033	7.014726e-01	1.547603e-01	4.583813e-02	5.729766e-02	3.001474e-01	2.960194e-01	5.738766e-01	3.223003e-01
24987	1.645793e-01	9.662879e-01	2.296150e-02	2.870188e-02	1.503516e-01	9.482891e-02	9.185568e-01	1.783793e-01
29091	4.471827e-01	5.627452e-01	2.683796e-02	3.354745e-02	1.757345e-01	1.492286e-01	5.248548e-01	8.187367e-01
