13240	8.491774e-01	3.077415e-01	5.483732e-02	6.854665e-02	3.590739e-01	2.679280e-01	9.340995e-02	9.982341e-01
9350	1.330806e-01	8.554387e-01	5.831553e-02	7.289441e-02	3.818492e-01	2.951952e-01	9.824822e-01	2.120005e-01
1058	7.262080e-01	9.142166e-01	2.509412e-02	3.136765e-02	1.643159e-01	5.047363e-02	4.403781e-01	4.772549e-01
27503	7.034668e-01	9.360893e-01	2.471514e-02	3.089393e-02	1.618344e-01	1.360512e-01	5.638484e-01	7.287974e-01
30983	5.118624e-01	1.887295e-01	2.857709e-02	3.572137e-02	1.871224e-01	1.667134e-01	8.560317e-01	5.254385e-01
4340	8.077548e-01	6.439672e-01	2.953451e-02	3.691814e-02	1.933915e-01	1.914504e-01	5.528131e-01	5.932432e-01
20292	3.809128e-01	1.755325e-01	2.242066e-02	2.802583e-02	1.468102e-01	7.853699e-02	8.404192e-01	1.287708e-01
29238	1.390462e-01	5.129220e-02	2.740992e-02	3.426240e-02	1.794797e-01	1.584952e-01	2.446490e-01	4.890009e-01
8901	5.133246e-01	5.095846e-01	3.984473e-02	4.980591e-02	2.609026e-01	2.578443e-01	3.353171e-01	2.916353e-01
32411	8.979738e-01	2.575160e-01	2.169088e-02	2.711360e-02	1.420316e-01	9.662369e-02	5.686002e-01	8.262517e-01
29134	7.830055e-01	8.173680e-01	5.325434e-02	6.656792e-02	3.487086e-01	1.618187e-01	8.856928e-01	4.197571e-01
25305	6.817669e-01	2.322194e-01	2.160917e-02	2.701147e-02	1.414965e-01	1.405673e-01	9.485230e-01	8.728991e-01
15645	9.510773e-01	2.358702e-01	4.261976e-02	5.327470e-02	2.790735e-01	2.064558e-01	5.348818e-01	8.755428e-01
587	1.909175e-01	9.420286e-01	3.662976e-02	4.578719e-02	2.398511e-01	1.369997e-01	9.777191e-01	5.204090e-01
13049	8.315926e-01	1.659883e-01	3.192354e-02	3.990443e-02	2.090349e-01	2.081822e-01	7.201627e-01	8.942606e-01
25428	5.024094e-01	8.550128e-01	4.925556e-02	6.156945e-02	3.225247e-01	1.111965e-01	6.841288e-01	8.028693e-01
25105	7.828445e-01	3.523812e-01	2.835338e-02	3.544173e-02	1.856575e-01	1.818273e-01	4.393520e-01	1.784620e-01
2315	4.693751e-01	4.606887e-01	3.431692e-02	4.289615e-02	2.247067e-01	1.000601e-01	7.882895e-01	5.081514e-01
12632	5.041151e-01	7.373934e-01	3.083204e-02	3.854005e-02	2.018877e-01	1.141330e-01	8.488241e-01	3.521484e-01
17022	5.444888e-02	3.489104e-01	2.939733e-02	3.674666e-02	1.924932e-01	1.374858e-01	7.526632e-01	1.253307e-01
26080	5.957202e-01	7.135717e-02	2.608005e-02	3.260006e-02	1.707718e-01	6.245791e-02	8.828712e-01	3.393487e-01
24072	8.595002e-01	2.252783e-01	3.052536e-02	3.815669e-02	1.998796e-01	1.244458e-01	2.281170e-02	8.799274e-01
10760	3.443704e-01	6.606218e-01	3.233483e-02	4.041853e-02	2.117279e-01	1.058622e-01	3.429857e-01	2.928913e-01
22745	5.335459e-01	9.392394e-01	4.893787e-02	6.117234e-02	3.204444e-01	1.503288e-01	6.720594e-01	4.479208e-01
20011	7.646627e-01	9.345886e-01	4.190621e-02	5.238277e-02	2.744012e-01	2.442098e-01	4.114992e-01	7.659594e-01
30978	4.181328e-01	2.687459e-01	2.088567e-02	2.610709e-02	1.367591e-01	8.589229e-02	5.869658e-01	2.723774e-01
13750	3.202512e-01	1.323762e-01	7.204882e-02	9.006103e-02	4.717746e-01	1.387130e-01	6.961210e-01	4.308613e-01
2038	6.335455e-01	3.978783e-01	2.455402e-02	3.069253e-02	1.607794e-01	1.592832e-01	9.500877e-01	5.836035e-01
28879	4.375895e-01	6.832339e-01	6.515170e-02	8.143962e-02	4.266123e-01	4.255847e-01	5.631774e-02	5.007639e-01
13015	1.335497e-01	4.136473e-01	3.781686e-02	4.727108e-02	2.476242e-01	1.478074e-01	2.119868e-01	6.684088e-01
17938	8.797491e-01	1.712468e-01	3.376756e-02	4.220944e-02	2.211094e-01	1.335727e-01	9.310843e-01	5.856402e-01
16158	2.825320e-01	9.686354e-01	2.137324e-02	2.671656e-02	1.399517e-01	1.300608e-01	4.732742e-01	3.958596e-01
6093	2.277071e-01	9.281788e-01	3.040300e-02	3.800375e-02	1.990784e-01	1.715509e-01	6.625359e-01	8.728453e-01
28778	4.338198e-01	1.735199e-01	2.133292e-02	2.666615e-02	1.396877e-01	9.405938e-02	9.023527e-01	4.213775e-01
31671	8.495718e-01	4.119803e-01	4.565295e-02	5.706619e-02	2.989348e-01	1.234439e-01	4.644110e-01	5.721659e-01
17963	7.719386e-01	3.967044e-01	2.581479e-02	3.226849e-02	1.690348e-01	7.005814e-02	2.507583e-01	1.228490e-01
17994	7.098903e-01	7.149060e-01	7.168915e-02	8.961144e-02	4.694194e-01	4.554814e-01	1.473608e-02	9.432596e-01
28969	7.123257e-01	5.580478e-01	2.400271e-02	3.000339e-02	1.571694e-01	1.431551e-01	1.619676e-01	7.392252e-01
6113	7.113432e-02	6.693371e-01	5.193195e-02	6.491494e-02	3.400496e-01	2.376690e-01	8.686063e-01	8.026330e-01
31184	6.418654e-01	6.231074e-01	6.255436e-02	7.819295e-02	4.096050e-01	1.761774e-01	5.364917e-01	2.503754e-01
22232	6.978458e-01	1.990567e-01	2.444070e-02	3.055087e-02	1.600373e-01	1.565014e-01	4.027584e-01	2.659655e-01
3539	3.986126e-01	8.139318e-02	4.611262e-02	5.764077e-02	3.019447e-01	2.521213e-01	2.300671e-02	9.409281e-01
8154	7.893677e-01	5.841900e-01	3.091316e-02	3.864145e-02	2.024189e-01	6.490140e-02	6.371744e-01	7.513963e-01
11856	3.861750e-01	5.983867e-01	4.082339e-02	5.102924e-02	2.673109e-01	2.612263e-01	4.128840e-01	2.159891e-01
9481	8.750915e-02	2.708806e-01	5.978320e-02	7.472900e-02	3.914594e-01	3.907700e-01	8.922459e-01	8.393775e-01
14326	5.661361e-01	3.529083e-01	2.401455e-02	3.001819e-02	1.572469e-01	9.313279e-02	8.778359e-01	2.887743e-01
11174	1.632827e-01	3.703703e-01	2.523956e-02	3.154945e-02	1.652682e-01	1.652538e-01	1.922646e-01	9.506062e-01
10331	7.812033e-01	7.641299e-02	3.327312e-02	4.159140e-02	2.178719e-01	2.175281e-01	6.456245e-01	3.381261e-01
22091	9.428324e-01	6.605020e-01	2.221647e-02	2.777058e-02	1.454731e-01	5.469152e-02	3.402480e-01	8.661577e-01
31210	2.210686e-01	8.259036e-01	2.511351e-02	3.139189e-02	1.644429e-01	1.603676e-01	4.016631e-02	1.181070e-01
20190	1.927058e-01	7.522435e-01	2.156839e-02	2.696048e-02	1.412295e-01	6.276477e-02	1.406110e-01	2.196321e-01
23668	9.253743e-01	7.492371e-01	2.392200e-02	2.990250e-02	1.566409e-01	4.859894e-02	8.074397e-01	9.103407e-02
16422	6.109528e-01	6.684803e-01	2.073812e-02	2.592265e-02	1.357929e-01	1.243771e-01	9.579855e-01	1.006708e-02
5872	2.533568e-01	1.893022e-01	2.709847e-02	3.387309e-02	1.774404e-01	1.648944e-01	5.956998e-01	7.629087e-01
28647	2.195229e-01	3.952323e-01	2.135438e-02	2.669298e-02	1.398282e-01	4.602827e-02	9.542967e-01	6.047424e-01
15932	2.840684e-01	9.366764e-02	2.241892e-02	2.802365e-02	1.467987e-01	1.448827e-01	5.267734e-01	2.363462e-01
21845	2.638264e-01	6.772554e-01	3.713692e-02	4.642116e-02	2.431720e-01	2.372804e-01	7.072672e-03	1.416611e-01
26331	5.328733e-01	4.120887e-02	3.471853e-02	4.339817e-02	2.273364e-01	7.523989e-02	9.734348e-01	7.265532e-01
20525	9.430237e-01	4.629376e-01	2.094412e-02	2.618015e-02	1.371418e-01	9.983533e-02	8.419006e-01	9.779305e-01
26223	4.734041e-01	7.626221e-01	3.065780e-02	3.832226e-02	2.007468e-01	1.545137e-01	8.865595e-01	5.651826e-01
938	3.044210e-01	8.971157e-01	5.165239e-02	6.456549e-02	3.382191e-01	1.719899e-01	3.094852e-01	6.199609e-01
281	6.674224e-01	8.951704e-01	2.188962e-02	2.736203e-02	1.433329e-01	8.036389e-02	4.619435e-01	3.606609e-01
31317	8.195921e-01	2.289876e-01	2.921363e-02	3.651703e-02	1.912904e-01	1.177412e-01	1.530014e-01	5.767480e-01
30031	8.488523e-01	6.893584e-01	2.927231e-02	3.659039e-02	1.916746e-01	9.293026e-02	9.378222e-01	7.337518e-01
4830	7.422663e-02	7.707009e-01	4.921704e-02	6.152129e-02	3.222724e-01	3.187448e-01	3.014777e-01	3.812326e-02
28818	4.130756e-01	4.855312e-01	7.776016e-02	9.720021e-02	5.091723e-01	1.664012e-01	7.027645e-01	5.271676e-01
27066	7.167334e-01	7.685000e-02	3.700195e-02	4.625244e-02	2.422882e-01	2.346123e-01	3.129237e-01	2.237839e-01
25960	3.932581e-01	7.379097e-01	2.730920e-02	3.413650e-02	1.788202e-01	1.164280e-01	3.204049e-01	6.559958e-01
3434	9.247190e-01	7.007610e-01	4.396345e-02	5.495431e-02	2.878720e-01	2.692276e-01	5.112648e-01	5.984931e-01
5903	6.808696e-01	3.464449e-02	2.278889e-02	2.848612e-02	1.492213e-01	4.777295e-02	1.025154e-02	7.661816e-01
9164	6.393262e-01	2.998996e-01	3.105843e-02	3.882303e-02	2.033701e-01	6.268744e-02	8.084494e-01	4.870028e-02
10209	1.315631e-01	7.088174e-01	2.913993e-02	3.642492e-02	1.908078e-01	8.757300e-02	4.148848e-01	2.094603e-01
20740	1.529799e-01	5.002888e-01	4.390806e-02	5.488507e-02	2.875093e-01	2.317190e-01	7.203144e-01	3.561704e-01
23787	3.783456e-01	8.673462e-01	2.846574e-02	3.558217e-02	1.863932e-01	1.797482e-01	8.630202e-01	5.247905e-01
5658	7.713154e-01	5.489163e-01	2.596151e-02	3.245189e-02	1.699956e-01	1.208292e-01	9.086817e-02	4.538827e-02
