21585	2.816976e-01	5.118498e-01	7.829949e-02	9.787436e-02	5.127038e-01	2.810565e-01	4.043649e-01	5.964662e-01
3373	2.769319e-01	7.904677e-01	6.024731e-02	7.530914e-02	3.944985e-01	3.782063e-01	8.200128e-01	8.030463e-01
31341	4.294467e-01	4.771860e-01	2.985381e-02	3.731726e-02	1.954823e-01	1.911722e-01	5.066838e-01	9.659643e-01
16090	7.127462e-01	3.008614e-01	5.423543e-02	6.779429e-02	3.551328e-01	1.071291e-01	6.531407e-01	5.364611e-01
2196	1.841543e-01	9.453682e-01	3.284254e-02	4.105317e-02	2.150524e-01	1.029107e-01	3.853811e-01	2.571371e-01
20223	8.375457e-01	6.209722e-02	2.510109e-02	3.137636e-02	1.643615e-01	1.121727e-01	6.521491e-01	4.557376e-01
22721	9.502332e-01	6.275367e-01	2.693563e-02	3.366954e-02	1.763741e-01	1.460403e-01	7.710448e-01	1.805484e-01
1140	4.791423e-01	8.817523e-01	3.352035e-02	4.190043e-02	2.194907e-01	8.037655e-02	6.990004e-01	8.618806e-01
21404	8.458093e-01	4.105191e-01	3.350900e-02	4.188625e-02	2.194164e-01	9.542106e-02	8.057988e-01	7.533770e-01
3500	3.837979e-01	5.786483e-01	5.787747e-02	7.234683e-02	3.789807e-01	2.969221e-01	8.655858e-01	8.680884e-02
8844	9.276295e-01	9.077689e-02	2.250311e-02	2.812889e-02	1.473500e-01	1.363136e-01	8.871421e-02	4.916817e-01
9740	5.073120e-01	6.961812e-01	2.519041e-02	3.148801e-02	1.649464e-01	1.345808e-01	5.617579e-01	2.595356e-01
25368	3.691598e-01	6.648356e-01	2.814447e-02	3.518058e-02	1.842895e-01	1.318704e-01	5.645797e-01	1.871802e-01
28891	6.308590e-02	7.495710e-01	3.399218e-02	4.249023e-02	2.225803e-01	1.503371e-01	4.692578e-01	5.879191e-01
6053	8.569028e-01	5.322118e-01	7.515816e-02	9.394770e-02	4.921344e-01	1.923408e-01	9.926555e-01	3.782605e-01
23310	2.618354e-01	2.912582e-01	6.361682e-02	7.952102e-02	4.165619e-01	3.213287e-01	7.989893e-01	2.614121e-01
14476	2.261657e-01	9.201845e-01	5.020049e-02	6.275061e-02	3.287120e-01	2.675084e-01	8.999641e-01	2.641111e-01
11317	6.537382e-01	4.878436e-01	6.715275e-02	8.394093e-02	4.397151e-01	1.460094e-01	3.358475e-02	4.290178e-01
19184	6.317612e-01	9.384738e-01	2.127799e-02	2.659748e-02	1.393279e-01	8.705123e-02	8.388692e-01	8.210182e-01
5585	6.303918e-01	6.986204e-01	3.546241e-02	4.432801e-02	2.322073e-01	2.181070e-01	7.604969e-01	9.505135e-01
28318	3.288065e-02	2.274632e-01	2.948394e-02	3.685492e-02	1.930604e-01	1.279338e-01	3.679552e-01	2.503573e-01
7177	5.108012e-01	6.236542e-01	2.833291e-02	3.541613e-02	1.855234e-01	1.119013e-01	6.545444e-01	5.802224e-01
7286	8.744227e-01	7.918279e-01	3.403174e-02	4.253967e-02	2.228393e-01	2.214669e-01	5.564202e-01	3.336759e-01
25694	7.036351e-01	1.281132e-01	2.634434e-02	3.293043e-02	1.725023e-01	1.582553e-01	9.520634e-01	6.254050e-01
834	6.965314e-01	5.829919e-01	3.131129e-02	3.913911e-02	2.050258e-01	5.861973e-02	4.994151e-01	6.243055e-01
22294	5.540201e-01	4.945315e-01	3.194932e-02	3.993665e-02	2.092037e-01	2.015362e-01	9.902758e-01	4.693917e-01
26203	7.739096e-02	2.975025e-01	3.128693e-02	3.910867e-02	2.048664e-01	1.870778e-01	5.525682e-01	5.390947e-01
19597	7.872693e-01	1.446583e-01	4.953899e-02	6.192373e-02	3.243805e-01	1.830420e-01	9.050031e-01	5.258452e-02
18125	1.990397e-01	7.850993e-01	2.863704e-02	3.579631e-02	1.875149e-01	1.482324e-01	7.589547e-01	6.100731e-01
17622	2.760705e-01	2.012016e-01	2.512262e-02	3.140328e-02	1.645025e-01	1.186362e-01	6.632151e-01	8.604221e-01
30733	7.782979e-01	6.190644e-01	5.593316e-02	6.991645e-02	3.662494e-01	3.649033e-01	8.661817e-01	5.884811e-01
26344	2.030675e-01	9.126320e-02	2.461116e-02	3.076394e-02	1.611535e-01	6.829404e-02	6.370200e-01	8.312185e-01
6149	8.780932e-01	6.826691e-01	7.852350e-02	9.815437e-02	5.141706e-01	4.740445e-01	4.722742e-02	7.423452e-01
27059	5.521152e-01	6.620665e-01	4.112381e-02	5.140477e-02	2.692781e-01	1.421910e-01	2.652382e-01	1.273808e-01
28636	7.536079e-01	5.772860e-01	2.300094e-02	2.875117e-02	1.506098e-01	1.099699e-01	2.663917e-01	2.487417e-01
17729	1.226021e-01	2.045741e-01	4.582781e-02	5.728476e-02	3.000798e-01	9.593934e-02	8.268921e-01	9.963892e-01
460	3.849441e-01	2.331047e-01	2.788548e-02	3.485684e-02	1.825937e-01	5.904627e-02	2.290977e-01	4.040169e-01
25966	9.406065e-01	5.615978e-01	2.694901e-02	3.368626e-02	1.764617e-01	1.757908e-01	7.499655e-01	8.177104e-01
10966	5.404165e-01	8.023988e-01	2.263047e-02	2.828809e-02	1.481840e-01	1.124075e-01	6.128812e-01	3.692820e-01
27640	7.684561e-01	4.232025e-01	7.904254e-02	9.880317e-02	5.175693e-01	4.560697e-01	2.105729e-01	7.968024e-01
6487	4.208946e-01	2.189919e-01	7.514265e-02	9.392832e-02	4.920329e-01	2.042995e-01	3.590238e-01	7.971273e-01
15837	1.987712e-01	6.522080e-01	3.851099e-02	4.813874e-02	2.521694e-01	2.521692e-01	5.452674e-01	1.944206e-01
4835	3.278630e-01	8.980833e-01	2.144404e-02	2.680504e-02	1.404152e-01	1.306559e-01	8.805173e-01	4.988668e-01
23893	9.034530e-01	3.629312e-01	2.133721e-02	2.667151e-02	1.397157e-01	1.286085e-01	9.124616e-01	2.214589e-01
28148	4.641059e-01	9.634386e-01	2.522642e-02	3.153303e-02	1.651822e-01	1.074274e-01	9.019251e-01	9.031905e-01
19782	8.897709e-01	8.816573e-01	7.659292e-02	9.574115e-02	5.015293e-01	4.514795e-01	4.853383e-01	1.229231e-01
32442	7.827666e-01	8.957956e-01	6.221753e-02	7.777192e-02	4.073995e-01	2.307502e-01	8.595658e-01	9.533854e-01
26420	5.216486e-01	4.297808e-01	2.345953e-02	2.932441e-02	1.536126e-01	7.949783e-02	1.862807e-01	1.626111e-01
23232	3.744444e-01	9.168959e-01	2.381133e-02	2.976416e-02	1.559162e-01	1.404470e-01	4.910125e-01	5.343373e-01
28006	4.935458e-01	7.117650e-02	3.240738e-02	4.050922e-02	2.122030e-01	1.193606e-01	2.841482e-01	6.725152e-01
14201	5.056575e-01	3.533424e-01	5.445224e-02	6.806530e-02	3.565524e-01	3.517380e-01	9.243586e-01	8.779603e-01
26128	3.363225e-01	8.232108e-01	6.031673e-02	7.539592e-02	3.949530e-01	1.410528e-01	6.825975e-01	8.460361e-01
22205	2.020252e-01	5.110050e-01	2.631476e-02	3.289345e-02	1.723087e-01	1.586372e-01	8.528324e-01	9.149237e-01
16399	3.287857e-01	2.344618e-01	2.520555e-02	3.150693e-02	1.650455e-01	6.914003e-02	9.477474e-02	4.757457e-01
16767	8.230764e-01	2.008780e-01	3.129588e-02	3.911985e-02	2.049249e-01	1.835437e-01	9.888119e-01	1.468667e-01
6218	6.014719e-01	1.640550e-01	3.528468e-02	4.410585e-02	2.310435e-01	2.028134e-01	1.029124e-01	1.560817e-01
12519	1.462940e-01	9.583855e-01	2.310053e-02	2.887566e-02	1.512619e-01	1.512541e-01	4.427453e-01	6.356225e-01
9521	1.651576e-01	3.586447e-01	6.028735e-02	7.535918e-02	3.947606e-01	1.735081e-01	4.668776e-01	1.121804e-01
11582	2.078508e-01	7.159507e-01	3.312507e-02	4.140633e-02	2.169024e-01	2.033435e-01	4.020610e-01	2.950105e-01
22435	2.618144e-01	3.945508e-01	7.551603e-02	9.439504e-02	4.944778e-01	1.900617e-01	6.102447e-01	6.363000e-02
12650	3.896635e-01	8.369029e-01	3.301575e-02	4.126968e-02	2.161866e-01	1.112539e-01	4.471751e-01	2.289734e-01
15615	5.909724e-01	3.512815e-01	5.314078e-02	6.642598e-02	3.479650e-01	3.364810e-01	4.235240e-01	7.797097e-01
12576	9.697619e-01	5.057120e-01	3.156007e-02	3.945009e-02	2.066549e-01	2.049044e-01	3.354261e-01	4.450133e-01
11813	4.711016e-01	1.441250e-01	6.719092e-02	8.398866e-02	4.399651e-01	1.975576e-01	1.737876e-01	5.591466e-01
8828	3.756386e-01	1.414716e-01	4.019767e-02	5.024708e-02	2.632137e-01	2.175233e-01	5.474708e-01	6.543132e-01
12401	8.548010e-01	2.548514e-01	2.084403e-02	2.605504e-02	1.364864e-01	1.196262e-01	2.180727e-01	8.515045e-01
25118	8.458100e-01	1.058858e-01	3.639873e-02	4.549841e-02	2.383383e-01	2.311851e-01	5.586889e-01	3.200353e-01
14959	8.330286e-01	4.954968e-01	2.181976e-02	2.727470e-02	1.428754e-01	1.009353e-01	9.162049e-01	2.504124e-01
19825	9.219595e-01	4.314175e-01	3.632111e-02	4.540139e-02	2.378301e-01	1.633564e-01	9.489681e-01	9.743089e-02
20147	7.990087e-01	8.566045e-02	4.535757e-02	5.669696e-02	2.970006e-01	2.870871e-01	8.822157e-01	7.386286e-02
17577	3.222820e-01	6.955433e-01	2.820524e-02	3.525655e-02	1.846875e-01	1.469791e-01	8.744775e-01	8.307798e-01
372	4.630702e-02	6.426542e-01	3.544395e-02	4.430494e-02	2.320865e-01	2.241799e-01	4.026831e-01	1.837526e-01
