21062	1.958280e-01	9.411380e-01	2.092202e-02	2.615252e-02	1.369970e-01	1.079546e-01	2.581325e-02	6.907206e-01
24714	6.717106e-01	5.882516e-01	3.870870e-02	4.838587e-02	2.534640e-01	2.534536e-01	7.246982e-01	1.501440e-01
23414	7.623284e-01	5.148882e-01	3.007662e-02	3.759578e-02	1.969413e-01	7.849931e-02	1.638506e-01	9.832350e-01
3550	3.249146e-01	5.658075e-01	2.997478e-02	3.746848e-02	1.962744e-01	1.597527e-01	9.442105e-01	4.164148e-01
12528	5.909384e-01	4.601909e-01	2.322080e-02	2.902600e-02	1.520494e-01	1.277637e-01	6.142291e-01	5.485195e-01
24495	1.007928e-01	6.194830e-01	2.151238e-02	2.689047e-02	1.408627e-01	8.841019e-02	2.825596e-01	8.971446e-01
9746	7.538716e-01	3.412741e-01	5.760333e-02	7.200416e-02	3.771857e-01	3.679922e-01	1.813088e-01	4.159611e-01
13488	5.124707e-01	2.412984e-01	3.943013e-02	4.928766e-02	2.581879e-01	2.344292e-01	2.756864e-01	9.663130e-01
13801	8.652998e-01	8.149492e-01	7.230431e-02	9.038038e-02	4.734475e-01	3.198425e-01	7.032161e-01	2.516958e-01
28277	9.677905e-01	4.834939e-01	2.760490e-02	3.450612e-02	1.807564e-01	1.047638e-01	2.804907e-01	5.786006e-01
5343	9.294613e-01	8.410609e-01	5.735415e-02	7.169269e-02	3.755541e-01	3.554837e-01	1.030247e-01	8.735034e-01
17898	4.899047e-01	4.276479e-01	2.209755e-02	2.762194e-02	1.446944e-01	1.228869e-01	5.661616e-01	5.172675e-01
16731	2.977476e-01	8.054545e-01	2.522341e-02	3.152927e-02	1.651625e-01	1.643904e-01	7.991023e-01	9.242849e-01
13258	5.320571e-02	7.563956e-01	4.283797e-02	5.354746e-02	2.805024e-01	2.645281e-01	4.514999e-01	1.379455e-01
12641	5.489256e-01	8.984702e-01	2.225092e-02	2.781366e-02	1.456987e-01	8.831363e-02	3.119077e-01	4.458730e-01
4705	2.807890e-01	2.619450e-01	2.057283e-02	2.571604e-02	1.347106e-01	1.310965e-01	6.034915e-01	7.111716e-01
30066	9.060317e-01	5.578030e-01	5.718779e-02	7.148473e-02	3.744647e-01	1.460536e-01	5.046010e-01	9.441209e-01
21047	8.717228e-01	9.244962e-01	2.162440e-02	2.703050e-02	1.415963e-01	1.406809e-01	2.145746e-01	7.986392e-01
27469	4.960028e-02	3.108076e-01	4.800893e-02	6.001117e-02	3.143617e-01	1.974304e-01	3.276441e-01	2.441285e-01
9832	2.396990e-01	6.977695e-01	7.119395e-02	8.899244e-02	4.661769e-01	1.462584e-01	3.447898e-01	9.838270e-01
7736	5.075307e-01	8.777963e-01	3.987914e-02	4.984893e-02	2.611280e-01	1.438925e-01	5.201737e-02	5.410137e-01
4865	3.950332e-01	6.744805e-01	2.448368e-02	3.060460e-02	1.603188e-01	5.487750e-02	7.333587e-01	3.312836e-02
6007	3.127135e-01	4.924002e-01	7.146283e-02	8.932854e-02	4.679375e-01	4.089727e-01	9.978740e-01	1.289205e-01
5650	4.017251e-01	1.884916e-01	3.245869e-02	4.057337e-02	2.125390e-01	1.275605e-01	1.714482e-01	5.721860e-01
6269	6.811880e-01	9.270510e-01	5.513138e-02	6.891422e-02	3.609994e-01	1.417271e-01	9.714480e-01	9.914605e-01
928	5.111020e-01	6.973328e-01	3.874690e-02	4.843363e-02	2.537141e-01	7.136132e-02	8.717014e-01	5.192377e-02
22938	5.317639e-01	3.503047e-01	2.905100e-02	3.631375e-02	1.902255e-01	1.893082e-01	5.555038e-01	3.230853e-01
8168	2.362075e-01	9.200664e-01	4.449891e-02	5.562364e-02	2.913782e-01	1.545437e-01	8.400502e-02	7.152154e-01
23384	1.621484e-01	2.620225e-01	4.717336e-02	5.896670e-02	3.088904e-01	2.477448e-01	9.297348e-01	2.251132e-01
30347	8.875632e-01	3.891437e-01	2.183534e-02	2.729418e-02	1.429775e-01	5.409177e-02	8.725976e-01	5.324443e-01
465	9.306327e-01	1.078346e-01	4.843511e-02	6.054389e-02	3.171523e-01	2.338402e-01	4.250163e-01	6.192518e-01
21352	3.793900e-01	1.417360e-01	4.997306e-02	6.246633e-02	3.272228e-01	2.954270e-01	7.312662e-01	3.192555e-01
17300	8.505229e-01	2.600799e-01	3.922513e-02	4.903142e-02	2.568456e-01	1.522962e-01	4.393752e-01	9.951877e-01
11367	2.440248e-01	9.593888e-01	2.116329e-02	2.645412e-02	1.385769e-01	7.446901e-02	7.048914e-01	4.926047e-02
7414	6.308887e-01	7.164465e-01	2.807337e-02	3.509171e-02	1.838240e-01	1.829209e-01	4.098735e-01	5.864470e-01
7541	7.098240e-01	9.620806e-01	2.602042e-02	3.252552e-02	1.703813e-01	1.470690e-01	8.454535e-01	5.761970e-01
6265	4.793080e-01	5.902545e-01	2.203987e-02	2.754983e-02	1.443167e-01	5.491804e-02	9.828409e-01	4.129861e-02
3003	3.325167e-01	1.192692e-01	3.151909e-02	3.939887e-02	2.063865e-01	1.721829e-01	1.192037e-01	6.693334e-01
22662	4.129278e-01	6.441467e-01	3.254385e-02	4.067981e-02	2.130966e-01	6.854702e-02	7.099742e-01	3.775080e-01
27299	1.399581e-01	6.790539e-02	3.650841e-02	4.563551e-02	2.390565e-01	2.327779e-01	6.421572e-01	2.097801e-01
17942	8.233342e-01	9.536812e-01	3.692808e-02	4.616011e-02	2.418045e-01	1.667881e-01	1.076983e-01	3.524544e-01
2670	2.548995e-01	1.719177e-01	3.163609e-02	3.954511e-02	2.071526e-01	1.745004e-01	2.518764e-01	6.879167e-01
32399	6.012646e-01	2.383433e-01	3.318668e-02	4.148334e-02	2.173058e-01	7.934074e-02	9.645149e-01	8.425062e-01
23080	7.725382e-01	8.138445e-01	4.951138e-02	6.188923e-02	3.241998e-01	1.974925e-01	6.504066e-01	1.385788e-01
23101	1.738827e-01	7.154520e-01	4.808007e-02	6.010009e-02	3.148276e-01	1.119276e-01	6.991595e-01	7.885241e-01
25742	3.352516e-01	8.133547e-01	2.564063e-02	3.205078e-02	1.678944e-01	1.675052e-01	6.400446e-01	1.069118e-01
26700	7.331049e-01	1.433147e-01	4.067963e-02	5.084954e-02	2.663696e-01	2.626399e-01	2.244257e-01	3.214849e-01
14596	1.084901e-01	1.023149e-01	2.816677e-02	3.520847e-02	1.844356e-01	1.612078e-01	7.558425e-01	1.262858e-01
1248	8.186223e-01	5.392953e-01	4.537500e-02	5.671875e-02	2.971148e-01	1.140295e-01	8.263237e-01	8.599187e-01
7606	5.714942e-01	6.381373e-01	7.942181e-02	9.927726e-02	5.200527e-01	3.356790e-01	4.207446e-01	2.459152e-02
4909	3.255903e-01	9.036683e-01	2.287432e-02	2.859290e-02	1.497807e-01	6.635061e-02	4.240946e-01	9.410483e-01
12855	9.476200e-01	5.182956e-01	2.713074e-02	3.391342e-02	1.776517e-01	1.502625e-01	5.084479e-01	9.978375e-01
24023	1.089204e-01	4.993974e-01	2.744909e-02	3.431136e-02	1.797362e-01	5.941558e-02	5.419903e-01	6.975291e-02
4138	9.259549e-01	4.103001e-01	2.664578e-02	3.330722e-02	1.744761e-01	1.056023e-01	4.937459e-01	8.375588e-01
9315	4.690192e-01	6.249504e-01	2.982870e-02	3.728588e-02	1.953179e-01	1.953156e-01	1.538871e-01	1.199404e-01
15938	7.042972e-01	7.231140e-01	2.325426e-02	2.906782e-02	1.522685e-01	1.502800e-01	5.189018e-01	3.825085e-01
12710	3.037937e-01	3.242747e-01	2.077344e-02	2.596680e-02	1.360241e-01	7.966716e-02	6.092053e-01	4.957964e-01
13177	7.026867e-01	3.410084e-01	2.551627e-02	3.189534e-02	1.670802e-01	1.341871e-01	2.562991e-02	2.146281e-01
11367	4.861673e-01	3.060672e-01	2.119874e-02	2.649843e-02	1.388090e-01	1.190967e-01	9.841067e-01	2.673605e-01
19594	8.201862e-01	3.872477e-01	2.153679e-02	2.692098e-02	1.410225e-01	1.407441e-01	8.158789e-01	2.764830e-01
26597	6.181437e-01	5.751395e-01	3.235618e-02	4.044522e-02	2.118677e-01	2.053323e-01	3.118111e-02	1.851781e-01
27806	8.711417e-01	6.600644e-01	2.169674e-02	2.712092e-02	1.420699e-01	9.262692e-02	3.844895e-01	5.393638e-01
23039	3.947079e-02	8.098570e-01	2.925024e-02	3.656280e-02	1.915301e-01	1.539129e-01	4.630660e-01	4.432877e-01
1396	2.086601e-01	6.040021e-01	3.210857e-02	4.013572e-02	2.102464e-01	8.399237e-02	2.142781e-01	7.372333e-01
27239	8.970987e-01	4.752589e-01	3.489519e-02	4.361899e-02	2.284931e-01	2.243546e-01	7.910899e-01	2.287206e-01
9237	6.816070e-01	5.539216e-02	3.758197e-02	4.697747e-02	2.460862e-01	2.347807e-01	2.929483e-01	2.819838e-01
11526	1.265895e-01	4.281703e-01	3.837464e-02	4.796829e-02	2.512765e-01	2.387869e-01	5.017590e-02	1.723473e-01
7421	1.362637e-01	9.035403e-01	2.797981e-02	3.497477e-02	1.832114e-01	1.272767e-01	6.087097e-01	2.212312e-01
20673	9.078339e-01	3.677438e-01	3.131905e-02	3.914881e-02	2.050766e-01	6.490572e-02	6.562770e-01	1.234926e-01
29588	7.193637e-01	8.004692e-01	2.159951e-02	2.699939e-02	1.414333e-01	8.521131e-02	4.876187e-01	5.578042e-01
14716	4.348133e-01	2.970996e-01	4.662792e-02	5.828489e-02	3.053189e-01	2.880159e-01	2.600173e-01	3.225016e-01
19086	6.006616e-01	3.845209e-01	2.808005e-02	3.510006e-02	1.838677e-01	1.833623e-01	4.277533e-01	8.976345e-01
27006	4.318395e-01	7.285962e-02	4.703670e-02	5.879588e-02	3.079956e-01	3.018916e-01	5.889355e-02	7.526421e-02
17412	1.851753e-01	6.592014e-01	3.636884e-02	4.546105e-02	2.381426e-01	2.273244e-01	3.905087e-01	8.964048e-01
1805	5.733916e-01	6.568925e-02	2.197266e-02	2.746582e-02	1.438766e-01	6.141272e-02	1.666895e-01	2.955660e-04
