15314	7.512999e-01	1.620209e-01	2.227633e-02	2.784541e-02	1.458650e-01	7.301243e-02	3.362066e-01	5.954995e-01
6633	8.928222e-01	8.852337e-01	7.681123e-02	9.601404e-02	5.029587e-01	3.892794e-01	3.423004e-01	9.498747e-01
15784	4.107170e-01	6.542003e-01	5.919454e-02	7.399318e-02	3.876050e-01	3.343301e-01	8.461204e-02	7.087483e-01
8442	5.750322e-01	4.389814e-01	2.134763e-02	2.668454e-02	1.397840e-01	1.066760e-01	4.630050e-01	1.653252e-01
14360	6.495203e-01	4.654456e-01	3.239242e-02	4.049052e-02	2.121050e-01	9.069790e-02	9.797743e-01	4.270155e-02
29729	9.601441e-02	1.435453e-01	4.658573e-02	5.823217e-02	3.050427e-01	1.613223e-01	5.435273e-01	8.145306e-01
14977	9.037622e-01	5.203907e-01	2.206025e-02	2.757531e-02	1.444501e-01	1.258827e-01	2.333052e-02	5.676517e-01
26344	8.541877e-01	7.539849e-01	3.332796e-02	4.165995e-02	2.182310e-01	2.015794e-01	4.763018e-01	4.414867e-01
12217	8.528547e-02	8.071475e-01	5.869881e-02	7.337351e-02	3.843589e-01	3.360028e-01	9.801522e-01	3.747485e-01
20888	6.620723e-02	2.890463e-01	4.160609e-02	5.200762e-02	2.724361e-01	8.539561e-02	3.609234e-01	8.654945e-01
18280	1.471460e-01	3.738328e-01	3.508151e-02	4.385188e-02	2.297132e-01	1.824417e-01	7.706800e-01	2.417022e-01
23845	3.449199e-01	7.800202e-01	3.756461e-02	4.695576e-02	2.459725e-01	1.472821e-01	2.864726e-01	8.690551e-01
18876	4.045999e-01	1.248723e-01	6.086941e-02	7.608677e-02	3.985720e-01	2.719981e-01	2.588267e-01	7.704738e-01
4777	4.667049e-01	1.510490e-01	2.535049e-02	3.168811e-02	1.659946e-01	9.047390e-02	9.857746e-01	9.257181e-01
19950	4.292539e-01	7.217930e-01	2.210318e-02	2.762898e-02	1.447313e-01	6.906266e-02	1.274271e-01	6.844664e-01
21239	2.690451e-01	7.456876e-01	3.210070e-02	4.012588e-02	2.101949e-01	1.973344e-01	6.027468e-01	1.453013e-01
21386	7.437483e-01	9.043482e-01	2.694323e-02	3.367904e-02	1.764238e-01	1.764202e-01	5.120019e-01	6.320230e-01
31702	3.499574e-01	2.836841e-01	4.094829e-02	5.118537e-02	2.681288e-01	2.679365e-01	1.618512e-02	9.057705e-01
11544	5.136767e-01	3.616357e-01	2.509919e-02	3.137398e-02	1.643491e-01	1.626868e-01	8.765216e-01	4.561958e-01
31263	1.032036e-01	6.934878e-01	2.376651e-02	2.970814e-02	1.556228e-01	1.481223e-01	3.262128e-01	3.481558e-02
28394	5.557683e-01	5.946967e-02	4.915728e-02	6.144659e-02	3.218811e-01	3.216712e-01	4.299072e-01	7.898603e-01
15095	9.713268e-02	4.466743e-01	2.430780e-02	3.038475e-02	1.591671e-01	6.915652e-02	7.598020e-01	6.559914e-01
28517	7.092006e-01	3.082567e-01	2.444463e-02	3.055579e-02	1.600631e-01	1.087473e-01	6.767940e-01	6.848084e-01
23567	3.581644e-01	6.189095e-01	2.150539e-02	2.688174e-02	1.408170e-01	8.607546e-02	2.472754e-01	9.186060e-01
3082	6.529001e-01	8.931169e-01	2.671534e-02	3.339417e-02	1.749316e-01	1.534280e-01	1.090913e-01	7.561717e-01
21203	2.442760e-01	8.375737e-01	3.015261e-02	3.769076e-02	1.974388e-01	8.825576e-02	7.435993e-02	7.509240e-01
29240	6.137753e-01	4.690688e-01	2.148249e-02	2.685311e-02	1.406670e-01	5.358280e-02	3.994104e-01	7.869038e-01
7247	6.355801e-01	3.361165e-01	2.373880e-02	2.967350e-02	1.554413e-01	8.838791e-02	1.300345e-01	4.836976e-01
3286	6.812877e-01	7.966855e-01	2.927726e-02	3.659657e-02	1.917070e-01	1.243248e-01	8.420782e-01	1.531765e-01
3606	5.499735e-01	7.493639e-01	3.515036e-02	4.393796e-02	2.301640e-01	1.881862e-01	6.476101e-01	2.106262e-01
17267	8.840847e-01	2.934995e-01	2.793508e-02	3.491885e-02	1.829185e-01	1.530418e-01	4.292679e-01	1.749955e-01
4862	8.017689e-01	7.733189e-02	2.061151e-02	2.576439e-02	1.349639e-01	5.111582e-02	5.201747e-01	5.717376e-01
27512	6.741574e-01	2.245118e-01	4.311940e-02	5.389926e-02	2.823452e-01	2.796556e-01	3.121295e-01	8.206310e-01
30667	2.775511e-01	1.583229e-01	4.646322e-02	5.807903e-02	3.042405e-01	1.108274e-01	2.447059e-01	1.090521e-01
27785	7.511325e-01	2.326198e-01	2.532221e-02	3.165276e-02	1.658094e-01	4.457741e-02	5.146035e-01	5.793104e-01
12202	4.284053e-01	3.282121e-01	6.971104e-02	8.713880e-02	4.564668e-01	2.941700e-01	3.144449e-01	9.270459e-01
19794	8.039001e-01	4.019412e-01	2.368377e-02	2.960471e-02	1.550810e-01	1.017455e-01	4.377425e-01	8.883129e-01
672	1.487465e-01	7.795209e-01	2.166429e-02	2.708037e-02	1.418574e-01	7.457593e-02	9.402177e-01	8.346206e-01
25343	7.228625e-01	6.327086e-01	2.216063e-02	2.770079e-02	1.451075e-01	1.214233e-01	1.340568e-01	2.342376e-01
8692	1.923284e-01	8.447591e-02	6.011734e-02	7.514667e-02	3.936474e-01	3.708006e-01	2.746503e-01	6.923391e-01
3013	2.361330e-01	4.938592e-01	2.769446e-02	3.461808e-02	1.813429e-01	1.813422e-01	3.542472e-02	7.081271e-01
9818	2.285830e-01	6.780988e-01	4.171903e-02	5.214879e-02	2.731756e-01	1.811498e-01	8.439774e-02	7.875184e-02
5123	6.676808e-01	1.526352e-01	3.161233e-02	3.951542e-02	2.069971e-01	2.050743e-01	9.147705e-01	8.097673e-01
27841	6.992189e-01	9.097412e-02	4.255162e-02	5.318952e-02	2.786273e-01	2.451412e-01	7.058799e-02	6.623132e-01
8727	8.265950e-01	6.914413e-01	2.544835e-02	3.181044e-02	1.666354e-01	1.394798e-01	9.056218e-01	3.314872e-01
18111	5.800393e-01	5.307933e-01	3.563686e-02	4.454608e-02	2.333496e-01	1.350702e-01	2.994454e-01	7.035118e-01
30682	8.949761e-02	6.253820e-01	2.458358e-02	3.072947e-02	1.609729e-01	1.033686e-01	6.971779e-01	2.747424e-01
13157	3.655651e-01	1.534842e-01	2.983482e-02	3.729353e-02	1.953580e-01	1.276682e-01	6.551477e-01	2.872079e-01
22442	5.946807e-01	1.087622e-01	2.707388e-02	3.384235e-02	1.772793e-01	1.730175e-01	8.779383e-01	7.644110e-01
2892	6.259427e-01	9.123145e-02	2.164200e-02	2.705250e-02	1.417115e-01	8.316848e-02	8.582233e-01	8.296489e-01
10527	1.795447e-01	8.873519e-01	2.656212e-02	3.320265e-02	1.739284e-01	7.943496e-02	8.896270e-01	4.899631e-01
26782	7.510437e-01	6.719635e-01	3.587054e-02	4.483817e-02	2.348797e-01	1.804372e-01	6.400941e-01	9.207092e-02
480	2.183503e-01	9.012384e-01	4.100909e-02	5.126136e-02	2.685269e-01	2.339758e-01	4.238152e-01	1.288384e-01
21227	7.663954e-01	4.806866e-01	3.822879e-02	4.778599e-02	2.503215e-01	2.477903e-01	8.841067e-01	8.526607e-01
19714	9.078249e-01	1.645733e-01	2.373496e-02	2.966870e-02	1.554161e-01	1.483992e-01	2.174490e-01	3.241173e-01
7977	7.214322e-02	4.126210e-01	4.183226e-02	5.229033e-02	2.739170e-01	2.364482e-01	4.104799e-01	7.729391e-01
18198	8.156309e-01	9.212374e-01	5.243844e-02	6.554805e-02	3.433661e-01	3.314725e-01	8.411690e-01	6.035256e-01
20347	5.348708e-01	2.352644e-01	6.401731e-02	8.002164e-02	4.191844e-01	1.562121e-01	5.622321e-01	1.542649e-01
12085	2.976068e-01	9.517528e-01	2.439042e-02	3.048803e-02	1.597081e-01	5.510309e-02	9.247648e-01	5.305979e-01
27463	4.757885e-01	5.434055e-01	2.735558e-02	3.419448e-02	1.791239e-01	1.550447e-01	1.553587e-01	6.909833e-01
6053	5.816018e-01	2.113411e-01	2.507460e-02	3.134325e-02	1.641881e-01	1.318111e-01	1.343363e-01	5.642020e-01
4592	7.439191e-02	6.837434e-01	2.457784e-02	3.072230e-02	1.609353e-01	1.515519e-01	5.686625e-01	7.002441e-01
16826	7.481644e-01	7.686520e-01	5.847864e-02	7.309830e-02	3.829172e-01	3.446842e-01	2.219373e-01	7.159375e-01
18192	3.368596e-01	1.137885e-01	2.322345e-02	2.902931e-02	1.520668e-01	8.701094e-02	8.488307e-02	3.411478e-02
21568	3.363088e-01	3.828668e-01	4.297593e-02	5.371991e-02	2.814057e-01	9.332985e-02	9.239341e-01	2.884345e-01
30857	5.184681e-01	3.009410e-01	3.212700e-02	4.015875e-02	2.103671e-01	1.470046e-01	1.539277e-01	6.494035e-01
11297	5.071617e-01	8.061376e-01	5.318560e-02	6.648200e-02	3.482585e-01	1.081244e-01	3.138169e-01	4.971397e-01
32357	9.555189e-01	5.928456e-01	3.156386e-02	3.945482e-02	2.066796e-01	7.366251e-02	3.160702e-01	6.143562e-01
13728	2.453337e-01	4.109698e-01	4.193972e-02	5.242466e-02	2.746207e-01	1.755836e-01	3.092516e-01	8.331199e-01
14799	4.389593e-01	9.097177e-02	2.282487e-02	2.853109e-02	1.494569e-01	1.007225e-01	1.333702e-01	8.131346e-01
26951	1.719958e-01	8.281942e-01	4.533901e-02	5.667376e-02	2.968791e-01	1.370397e-01	9.914146e-01	3.803002e-01
3334	7.584692e-01	2.907671e-01	2.059978e-02	2.574973e-02	1.348871e-01	4.458995e-02	1.851640e-01	8.853230e-01
9746	3.592210e-01	4.451835e-01	6.910020e-02	8.637526e-02	4.524671e-01	3.593595e-01	1.192059e-01	2.763235e-01
9613	7.545549e-01	3.778801e-01	7.297827e-02	9.122284e-02	4.778606e-01	2.131834e-01	4.221781e-01	2.520776e-01
31738	7.890572e-01	3.478943e-01	3.714713e-02	4.643391e-02	2.432388e-01	1.364393e-01	9.392038e-03	5.579538e-01
6964	7.004195e-01	7.513139e-01	3.390713e-02	4.238392e-02	2.220234e-01	1.988459e-01	7.398597e-01	1.834132e-02
7180	9.407809e-01	6.524432e-01	2.942766e-02	3.678458e-02	1.926919e-01	1.015765e-01	1.561308e-01	6.050282e-02
29809	5.395648e-01	6.146416e-01	3.634280e-02	4.542850e-02	2.379721e-01	2.323696e-01	3.769025e-01	8.397951e-01
