21436	2.840387e-01	3.286932e-01	2.547099e-02	3.183874e-02	1.667837e-01	7.436322e-02	6.495881e-01	9.918400e-01
5855	5.777994e-01	5.897502e-01	3.080953e-02	3.851191e-02	2.017403e-01	1.405855e-01	6.882032e-01	3.220769e-01
14216	7.490828e-01	7.811317e-01	2.362292e-02	2.952865e-02	1.546825e-01	1.170796e-01	3.061713e-02	5.343959e-01
9359	4.226386e-01	2.044716e-01	5.147369e-02	6.434211e-02	3.370489e-01	9.979874e-02	6.294588e-01	7.044955e-02
4091	7.114491e-01	3.625599e-01	6.098684e-02	7.623355e-02	3.993409e-01	3.008236e-01	5.965882e-01	4.369149e-01
21581	4.648651e-01	5.061543e-01	2.404070e-02	3.005087e-02	1.574181e-01	8.519906e-02	4.324677e-01	7.865842e-01
16993	9.168979e-01	6.193251e-02	2.368788e-02	2.960985e-02	1.551079e-01	1.519595e-01	2.324943e-01	7.361959e-01
4993	8.608383e-01	1.480292e-01	2.147306e-02	2.684132e-02	1.406052e-01	1.353683e-01	8.810858e-01	1.194995e-01
30627	2.055014e-01	9.080820e-01	4.639284e-02	5.799105e-02	3.037796e-01	2.803914e-01	1.284609e-01	1.533908e-01
25984	3.633404e-01	1.442991e-01	7.464141e-02	9.330177e-02	4.887508e-01	4.574743e-01	2.029997e-01	1.081667e-02
21776	4.839967e-01	9.438766e-01	2.588685e-02	3.235856e-02	1.695067e-01	1.642614e-01	9.928643e-01	5.093625e-01
4212	2.157613e-01	2.549113e-01	2.586857e-02	3.233571e-02	1.693870e-01	1.350294e-01	5.006734e-01	1.210633e-02
20798	2.573448e-01	6.160552e-01	5.795623e-02	7.244528e-02	3.794965e-01	3.236746e-01	4.459221e-02	8.147914e-01
26025	8.935563e-01	3.317489e-01	2.225275e-02	2.781593e-02	1.457106e-01	9.218499e-02	7.018883e-01	3.220871e-01
23727	4.661400e-01	3.171086e-01	6.901345e-02	8.626681e-02	4.518990e-01	1.810280e-01	7.238084e-02	2.841117e-01
29305	9.535198e-01	1.213169e-01	2.578547e-02	3.223184e-02	1.688429e-01	5.284737e-02	3.602241e-01	7.458345e-01
10038	3.451254e-01	3.874038e-01	3.870218e-02	4.837773e-02	2.534213e-01	1.094673e-01	6.485732e-01	9.185081e-01
9636	5.586830e-01	7.441243e-01	2.610930e-02	3.263662e-02	1.709633e-01	5.906132e-02	2.220092e-01	3.762776e-02
12214	6.592793e-01	6.881222e-01	2.608552e-02	3.260690e-02	1.708076e-01	6.750597e-02	6.676257e-01	1.698227e-01
32604	7.045912e-01	1.978096e-01	2.408740e-02	3.010925e-02	1.577239e-01	1.097972e-01	6.743163e-01	8.623890e-01
24769	5.076163e-01	6.439043e-01	7.294935e-02	9.118669e-02	4.776712e-01	4.112133e-01	4.505333e-01	7.223041e-01
17652	7.823472e-01	3.012717e-01	4.444944e-02	5.556181e-02	2.910543e-01	2.849304e-01	7.956745e-01	9.320469e-01
945	6.204843e-01	1.250789e-01	4.447187e-02	5.558983e-02	2.912011e-01	1.709627e-01	7.988975e-01	9.973210e-01
612	8.769140e-01	2.748476e-01	3.545240e-02	4.431550e-02	2.321418e-01	1.169457e-01	1.651201e-01	4.512540e-01
976	8.095192e-01	7.265277e-01	4.111394e-02	5.139243e-02	2.692134e-01	1.729727e-01	6.895745e-02	2.415900e-01
16976	1.043418e-01	2.953832e-01	3.060922e-02	3.826152e-02	2.004287e-01	1.971785e-01	4.604525e-01	8.985020e-01
23696	8.644874e-01	9.405387e-01	3.130670e-02	3.913337e-02	2.049958e-01	1.121307e-01	9.302912e-01	7.253140e-01
21093	4.914208e-01	1.399847e-01	3.560667e-02	4.450834e-02	2.331519e-01	2.331208e-01	5.106150e-01	3.724378e-01
31240	1.332115e-01	3.469251e-01	4.955983e-02	6.194979e-02	3.245170e-01	2.825019e-01	4.335495e-01	6.936672e-01
23344	6.766598e-01	7.389561e-01	3.166757e-02	3.958446e-02	2.073588e-01	1.064029e-01	6.169468e-03	1.122807e-01
30323	9.543270e-01	4.398966e-01	3.240247e-02	4.050308e-02	2.121708e-01	1.769288e-01	3.667744e-01	5.232199e-01
15311	7.347737e-01	2.149894e-01	3.438128e-02	4.297660e-02	2.251281e-01	2.136917e-01	6.592594e-01	2.979583e-01
12591	9.619297e-02	2.390988e-01	2.268539e-02	2.835673e-02	1.485436e-01	6.507302e-02	2.557562e-01	7.057947e-01
24204	6.422166e-01	7.978437e-01	4.662581e-02	5.828226e-02	3.053051e-01	2.973140e-01	9.971827e-03	4.471116e-01
8674	8.847199e-01	8.754230e-01	7.144600e-02	8.930750e-02	4.678273e-01	1.306577e-01	3.692295e-01	4.374780e-01
22437	8.860466e-02	4.825314e-01	3.149391e-02	3.936739e-02	2.062216e-01	1.971369e-01	8.520044e-01	7.721655e-01
10517	7.354639e-01	5.009349e-01	3.288633e-02	4.110791e-02	2.153392e-01	8.825386e-02	5.488863e-02	2.744047e-01
20268	6.681233e-01	5.889643e-01	2.834404e-02	3.543005e-02	1.855963e-01	1.359391e-01	6.721046e-01	6.782257e-01
14172	3.769566e-01	4.485345e-01	3.558238e-02	4.447797e-02	2.329929e-01	1.748783e-01	4.511911e-01	2.736056e-02
6852	4.846037e-01	4.951693e-01	2.492971e-02	3.116214e-02	1.632394e-01	1.112604e-01	1.354993e-01	8.626860e-01
3729	6.558190e-02	9.664625e-01	2.565998e-02	3.207497e-02	1.680211e-01	1.603110e-01	8.107069e-01	8.850127e-01
20906	4.321468e-01	3.841253e-01	2.094403e-02	2.618004e-02	1.371412e-01	1.215083e-01	3.079207e-01	9.950962e-01
16497	3.209348e-01	5.486956e-01	3.186630e-02	3.983287e-02	2.086600e-01	9.242699e-02	8.418670e-01	1.445050e-01
21100	9.429570e-01	9.196595e-01	2.433910e-02	3.042387e-02	1.593720e-01	1.588725e-01	9.389105e-01	9.050863e-01
15294	6.926302e-01	5.409541e-01	3.308052e-02	4.135065e-02	2.166107e-01	6.075383e-02	2.943599e-01	5.544707e-01
25932	6.926790e-01	8.453354e-01	2.159138e-02	2.698923e-02	1.413800e-01	1.412047e-01	9.176876e-01	7.117529e-01
28857	5.923378e-01	2.573911e-01	4.484373e-02	5.605466e-02	2.936361e-01	2.821263e-01	1.150451e-02	9.846404e-01
5943	4.031394e-01	3.526218e-01	3.297630e-02	4.122038e-02	2.159283e-01	2.015181e-01	4.045186e-01	1.214703e-01
17600	8.881771e-01	4.096552e-01	3.696579e-02	4.620724e-02	2.420515e-01	8.911590e-02	9.220907e-01	4.759956e-01
14124	7.640429e-01	5.773607e-01	2.804991e-02	3.506239e-02	1.836704e-01	1.836667e-01	3.783986e-01	4.192350e-01
18549	5.136141e-01	8.346186e-01	2.794552e-02	3.493190e-02	1.829868e-01	9.434746e-02	9.416272e-01	1.677032e-02
23514	1.652420e-01	8.186433e-02	2.336242e-02	2.920302e-02	1.529768e-01	1.526753e-01	9.342776e-01	9.702008e-01
914	2.803964e-01	1.151515e-01	2.227771e-02	2.784714e-02	1.458741e-01	1.003819e-01	5.911259e-01	4.084971e-01
15802	1.359347e-01	2.522523e-01	2.253985e-02	2.817482e-02	1.475906e-01	1.092720e-01	6.787707e-01	3.130891e-01
3432	7.059553e-02	1.131068e-01	4.644502e-02	5.805627e-02	3.041213e-01	2.368540e-01	5.669581e-02	6.335975e-01
1587	7.818869e-01	4.651007e-01	6.740770e-02	8.425962e-02	4.413846e-01	3.643055e-01	7.886426e-01	7.610661e-01
18939	9.072881e-01	7.546402e-01	3.955687e-02	4.944609e-02	2.590178e-01	2.572913e-01	7.361061e-01	4.314713e-01
23126	6.440187e-01	1.480682e-01	2.292378e-02	2.865473e-02	1.501046e-01	1.062511e-01	3.484784e-01	3.463575e-01
8422	6.850741e-01	7.052390e-01	2.425402e-02	3.031752e-02	1.588149e-01	8.640887e-02	1.360690e-01	9.939635e-01
20006	3.782518e-01	6.160224e-01	7.251996e-02	9.064995e-02	4.748595e-01	2.565592e-01	8.276961e-01	3.211445e-01
25920	6.927319e-01	4.953309e-01	2.471881e-02	3.089851e-02	1.618584e-01	6.468553e-02	8.164490e-02	5.426217e-01
8767	1.347758e-01	6.515366e-02	2.725984e-02	3.407480e-02	1.784970e-01	1.346261e-01	4.209629e-01	6.888944e-01
24397	8.724835e-01	2.100138e-01	2.127366e-02	2.659208e-02	1.392996e-01	1.390274e-01	2.753777e-01	2.205201e-01
20005	4.607936e-01	6.945016e-02	2.117524e-02	2.646905e-02	1.386552e-01	1.255863e-01	9.869304e-01	9.682510e-01
11746	6.234651e-02	6.487253e-01	2.219144e-02	2.773930e-02	1.453092e-01	1.452999e-01	7.708601e-01	2.041221e-01
17147	9.272085e-02	7.771519e-01	2.414071e-02	3.017589e-02	1.580730e-01	1.257779e-01	5.045837e-02	2.044875e-01
3965	7.340004e-01	9.444360e-01	4.053362e-02	5.066703e-02	2.654135e-01	2.646159e-01	4.488634e-02	9.269786e-02
29137	9.223353e-01	3.680793e-01	5.646846e-02	7.058557e-02	3.697546e-01	3.282791e-01	1.652363e-01	4.188957e-01
25242	9.439341e-01	5.748941e-01	3.839180e-02	4.798975e-02	2.513889e-01	1.548401e-01	4.916014e-03	3.164486e-02
1547	1.554735e-01	5.424437e-01	2.064906e-02	2.581133e-02	1.352097e-01	6.373852e-02	4.821489e-01	8.701889e-01
19386	4.124662e-01	3.751184e-02	2.552081e-02	3.190101e-02	1.671098e-01	1.469185e-01	7.815916e-01	6.294777e-01
7919	5.085720e-02	2.340831e-01	2.118990e-02	2.648738e-02	1.387512e-01	1.025556e-01	1.076238e-01	7.804349e-01
19635	2.846258e-01	8.815205e-01	2.660306e-02	3.325382e-02	1.741964e-01	1.612845e-01	4.794802e-01	3.460468e-02
28071	6.135189e-01	5.355782e-01	6.366133e-02	7.957667e-02	4.168534e-01	4.165759e-01	6.184216e-01	4.309425e-01
2118	5.383854e-01	8.620648e-01	2.696355e-02	3.370444e-02	1.765569e-01	1.196456e-01	7.588001e-02	1.696241e-01
