2013	7.800123e-01	1.924838e-01	5.690691e-02	7.113364e-02	3.726256e-01	2.073966e-01	1.049976e-01	8.272391e-01
15294	8.741511e-01	3.578338e-01	3.917401e-02	4.896752e-02	2.565108e-01	2.304415e-01	2.089856e-01	2.008953e-01
32441	2.830713e-01	2.121018e-01	5.664361e-02	7.080451e-02	3.709014e-01	3.603498e-01	7.109387e-01	3.126289e-02
8655	5.635438e-01	6.233232e-01	2.218023e-02	2.772529e-02	1.452358e-01	1.126225e-01	5.460887e-01	9.458047e-01
22649	8.957242e-01	2.996493e-01	2.883639e-02	3.604549e-02	1.888203e-01	9.170235e-02	3.107339e-01	7.682238e-01
27934	6.106294e-01	5.213907e-01	3.168641e-02	3.960801e-02	2.074821e-01	1.305729e-01	3.767223e-01	5.156901e-01
1449	2.935999e-01	6.658744e-01	6.576696e-02	8.220870e-02	4.306410e-01	2.849435e-01	4.916179e-01	3.657424e-01
348	7.210104e-02	4.033260e-01	4.444731e-02	5.555914e-02	2.910403e-01	2.485355e-01	8.078944e-01	1.537797e-01
26364	9.274911e-01	7.621091e-01	2.378484e-02	2.973105e-02	1.557427e-01	1.371308e-01	7.643905e-01	4.363173e-01
3700	5.802996e-01	3.109721e-01	2.088953e-02	2.611191e-02	1.367843e-01	1.064686e-01	5.972147e-01	4.305002e-01
30759	7.142477e-01	3.410071e-01	3.259146e-02	4.073933e-02	2.134084e-01	1.051831e-01	9.495752e-01	8.547978e-01
22688	1.187842e-01	8.302552e-01	2.106316e-02	2.632894e-02	1.379212e-01	9.867131e-02	5.423995e-01	4.660531e-01
29691	2.994368e-01	4.449175e-01	3.882484e-02	4.853105e-02	2.542244e-01	1.763639e-01	5.847654e-01	4.918877e-01
30289	9.035388e-01	2.622746e-01	2.086532e-02	2.608165e-02	1.366258e-01	1.185785e-01	2.991626e-01	7.603894e-01
32010	3.578530e-01	9.061413e-01	2.806066e-02	3.507583e-02	1.837408e-01	1.505626e-01	9.203183e-01	6.085318e-02
14822	4.733038e-01	2.943846e-01	2.740073e-02	3.425091e-02	1.794195e-01	1.668234e-01	4.407253e-01	8.029112e-02
11389	4.610242e-01	1.133789e-01	3.821609e-02	4.777011e-02	2.502384e-01	1.517888e-01	1.575683e-01	8.419015e-03
31652	8.061255e-01	4.502635e-01	2.280784e-02	2.850979e-02	1.493454e-01	1.251246e-01	7.334413e-01	6.389971e-01
177	1.553697e-01	7.792813e-01	2.259012e-02	2.823765e-02	1.479198e-01	1.357056e-01	6.590098e-02	6.842420e-01
12199	8.330879e-01	8.852687e-01	2.164814e-02	2.706018e-02	1.417517e-01	1.310117e-01	6.909468e-01	8.958171e-01
17850	2.034623e-01	2.889786e-01	5.245479e-02	6.556849e-02	3.434732e-01	2.557729e-01	4.224150e-01	4.251352e-01
24631	6.895865e-01	1.850628e-01	7.657665e-02	9.572081e-02	5.014227e-01	4.754272e-01	2.054866e-01	1.635747e-01
10570	2.651788e-01	2.930686e-01	4.888181e-02	6.110226e-02	3.200773e-01	3.074532e-01	1.972317e-01	1.424741e-01
77	1.715221e-01	6.240932e-01	2.912907e-02	3.641134e-02	1.907367e-01	1.641655e-01	1.432429e-01	4.821768e-01
685	2.080076e-01	4.876420e-01	2.555900e-02	3.194875e-02	1.673599e-01	1.220825e-01	7.957984e-01	9.102023e-01
3913	8.374995e-01	6.579477e-01	2.750278e-02	3.437848e-02	1.800878e-01	1.773716e-01	7.916410e-01	2.208592e-02
20773	4.589146e-01	9.050627e-01	4.001842e-02	5.002303e-02	2.620400e-01	2.359352e-01	6.440064e-01	8.830376e-01
22515	3.345247e-01	6.194433e-02	3.742456e-02	4.678070e-02	2.450554e-01	2.448532e-01	9.039605e-01	3.769954e-01
10827	9.268874e-02	2.237489e-01	3.858457e-02	4.823071e-02	2.526512e-01	2.166249e-01	3.277102e-01	2.591695e-02
7396	2.729364e-01	5.142578e-01	3.098634e-02	3.873293e-02	2.028981e-01	1.672025e-01	1.402926e-01	4.507448e-01
29692	6.135095e-01	4.079512e-01	7.159094e-02	8.948867e-02	4.687764e-01	3.565954e-01	7.008243e-01	6.786197e-01
17324	6.342086e-01	1.458357e-01	3.185584e-02	3.981980e-02	2.085916e-01	1.176594e-01	9.454841e-01	1.455956e-03
32454	5.632578e-01	8.602276e-01	2.401199e-02	3.001499e-02	1.572301e-01	1.499924e-01	9.358358e-01	5.769384e-01
16680	8.053767e-01	8.453787e-01	2.276339e-02	2.845423e-02	1.490543e-01	5.342311e-02	3.020468e-01	4.551544e-01
20672	8.162939e-01	3.510477e-01	4.382474e-02	5.478093e-02	2.869637e-01	2.225941e-01	4.489161e-01	1.345733e-01
18397	3.583109e-01	7.049554e-01	3.055020e-02	3.818775e-02	2.000422e-01	1.069007e-01	6.101168e-01	2.112730e-01
12476	1.359947e-01	2.216808e-01	2.256743e-02	2.820929e-02	1.477712e-01	1.395818e-01	3.220868e-03	8.092625e-01
9070	3.518824e-01	2.237361e-01	3.103908e-02	3.879885e-02	2.032434e-01	1.300352e-01	5.040138e-01	2.640696e-01
19603	5.213931e-01	8.877344e-01	2.419671e-02	3.024589e-02	1.584397e-01	9.652511e-02	7.953286e-01	8.622155e-01
21110	3.336624e-01	4.186146e-01	3.343124e-02	4.178905e-02	2.189072e-01	2.188287e-01	9.630980e-01	9.637079e-02
8401	1.729043e-01	3.945045e-01	7.068980e-02	8.836225e-02	4.628757e-01	2.085142e-01	7.197009e-01	7.641901e-01
4032	6.114934e-01	8.447717e-01	2.406398e-02	3.007997e-02	1.575706e-01	1.450841e-01	5.936954e-01	7.080522e-01
6121	4.694309e-02	5.947759e-01	2.976408e-02	3.720510e-02	1.948947e-01	1.361564e-01	1.060756e-01	3.015432e-01
7671	5.355727e-01	5.696824e-02	3.882087e-02	4.852609e-02	2.541984e-01	1.982244e-01	3.292326e-02	5.773757e-02
24817	5.305896e-01	4.545553e-01	2.910316e-02	3.637895e-02	1.905671e-01	9.762882e-02	8.818972e-01	6.551977e-01
10212	2.888109e-01	4.293132e-02	2.633001e-02	3.291252e-02	1.724085e-01	1.425758e-01	6.313840e-01	8.426028e-01
15670	8.025892e-01	3.009107e-01	2.143756e-02	2.679695e-02	1.403728e-01	9.415601e-02	2.682481e-01	7.847672e-01
3350	6.076393e-01	2.193162e-01	2.069019e-02	2.586273e-02	1.354790e-01	1.306218e-01	1.988428e-01	1.042414e-01
2720	8.936340e-01	6.285892e-01	6.224946e-02	7.781182e-02	4.076085e-01	3.199860e-01	2.835827e-01	6.890772e-01
6392	8.301760e-01	2.101032e-01	2.755623e-02	3.444528e-02	1.804377e-01	9.823431e-02	4.755055e-01	5.316663e-01
20588	1.119299e-01	5.953243e-01	2.524557e-02	3.155696e-02	1.653076e-01	1.114442e-01	8.559676e-01	2.453910e-02
8109	1.731486e-01	3.317697e-01	2.793684e-02	3.492106e-02	1.829300e-01	1.463966e-01	1.497353e-02	1.388555e-01
2657	7.083288e-01	9.476787e-01	2.736330e-02	3.420412e-02	1.791744e-01	1.316421e-01	4.971607e-01	4.105927e-01
27127	8.713226e-01	6.960159e-01	2.301253e-02	2.876566e-02	1.506857e-01	1.467249e-01	4.091504e-01	6.690444e-01
12962	4.993421e-01	1.677387e-01	5.960781e-02	7.450976e-02	3.903110e-01	3.283042e-01	6.116760e-01	8.895358e-02
31706	1.601723e-01	2.499125e-01	2.894903e-02	3.618629e-02	1.895578e-01	5.222185e-02	9.159238e-01	1.549230e-01
24534	2.064249e-01	6.873203e-01	2.597429e-02	3.246786e-02	1.700792e-01	1.693958e-01	1.436259e-01	7.318551e-01
1963	7.865295e-01	7.148697e-01	2.495616e-02	3.119519e-02	1.634125e-01	7.950205e-02	8.988701e-01	5.987882e-01
14278	5.023112e-01	9.146977e-01	2.623470e-02	3.279337e-02	1.717844e-01	1.599887e-01	2.807392e-01	3.059320e-01
19271	7.242169e-01	6.511627e-01	4.064096e-02	5.080121e-02	2.661164e-01	2.348849e-01	2.545438e-01	6.823628e-01
17399	2.240476e-01	3.491191e-01	3.014885e-02	3.768606e-02	1.974142e-01	1.328473e-01	2.973931e-01	9.560398e-01
13185	2.550748e-01	6.805018e-01	2.921181e-02	3.651477e-02	1.912785e-01	9.929157e-02	9.641255e-01	7.046470e-01
30210	7.208582e-01	4.490112e-01	6.682981e-02	8.353727e-02	4.376006e-01	2.593175e-01	2.715445e-01	6.264467e-01
23255	6.926176e-01	8.106681e-01	7.216772e-02	9.020964e-02	4.725531e-01	2.706433e-01	4.621665e-02	9.063656e-01
5820	5.177686e-01	6.390629e-01	5.100022e-02	6.375028e-02	3.339487e-01	1.854002e-01	6.441453e-01	8.992970e-01
25853	5.487568e-02	3.345819e-01	2.380994e-02	2.976243e-02	1.559071e-01	7.711679e-02	6.881036e-01	9.891549e-01
10431	4.173822e-01	7.515936e-01	3.363196e-02	4.203995e-02	2.202215e-01	9.256766e-02	7.150656e-01	1.433470e-01
12770	1.508165e-01	1.478324e-01	2.466827e-02	3.083534e-02	1.615275e-01	7.645786e-02	1.892404e-01	8.719150e-01
19383	8.305461e-01	6.185021e-01	2.382978e-02	2.978722e-02	1.560370e-01	1.219051e-01	7.817331e-01	2.437781e-01
25922	7.500686e-01	9.636724e-01	2.437360e-02	3.046700e-02	1.595980e-01	1.127924e-01	6.244498e-01	2.417477e-01
31557	1.979476e-01	1.604239e-01	3.626779e-02	4.533473e-02	2.374809e-01	9.255139e-02	1.202986e-01	3.455000e-01
7029	8.204749e-01	5.412305e-01	2.595684e-02	3.244605e-02	1.699650e-01	9.557203e-02	8.092391e-01	4.420598e-01
27668	5.980118e-01	9.272529e-01	6.289258e-02	7.861572e-02	4.118196e-01	4.107212e-01	4.393707e-01	3.643946e-01
17148	3.955966e-01	7.991325e-01	3.306428e-02	4.133034e-02	2.165044e-01	6.622195e-02	2.303992e-01	5.588392e-01
18598	8.598790e-01	8.596770e-02	3.800143e-02	4.750178e-02	2.488328e-01	2.210068e-01	8.469859e-01	6.439602e-01
20097	3.771537e-01	5.606872e-01	2.279397e-02	2.849246e-02	1.492546e-01	1.077422e-01	4.891492e-01	4.731850e-01
24533	5.090046e-01	5.161866e-01	2.347354e-02	2.934192e-02	1.537044e-01	6.667706e-02	9.104490e-01	3.443550e-01
27394	2.632311e-01	8.986920e-01	5.130597e-02	6.413246e-02	3.359507e-01	2.769332e-01	9.470428e-01	2.626529e-01
5985	2.499339e-01	5.298240e-01	2.892614e-02	3.615767e-02	1.894079e-01	5.749079e-02	3.222493e-01	8.492553e-01
17283	9.532010e-01	8.075281e-02	2.210771e-02	2.763464e-02	1.447609e-01	1.233280e-01	4.484726e-01	1.356396e-01
23119	5.744106e-01	4.846321e-01	4.029945e-02	5.037431e-02	2.638802e-01	2.281158e-01	3.049637e-01	2.375657e-01
