13744	5.704088e-01	6.975565e-01	6.243185e-02	7.803981e-02	4.088028e-01	1.156395e-01	8.699337e-01	7.315764e-01
14974	3.508192e-01	6.923657e-02	4.238460e-02	5.298075e-02	2.775337e-01	2.487113e-01	1.850323e-02	8.746409e-01
18069	3.246038e-01	8.292183e-01	2.337912e-02	2.922389e-02	1.530861e-01	6.813400e-02	5.007504e-01	8.994329e-01
3533	9.739806e-02	1.321297e-01	4.469181e-02	5.586476e-02	2.926413e-01	1.116129e-01	8.820566e-01	3.110354e-01
19502	5.702480e-01	3.837274e-01	3.869397e-02	4.836746e-02	2.533675e-01	2.383729e-01	1.092259e-01	7.012494e-01
1444	8.066581e-01	8.126191e-01	5.404818e-02	6.756022e-02	3.539066e-01	9.178686e-02	4.452623e-01	7.769462e-01
2481	1.350384e-01	5.716026e-01	3.813981e-02	4.767477e-02	2.497389e-01	1.724275e-01	8.718432e-01	5.723080e-01
31769	8.372364e-01	6.516017e-01	2.157614e-02	2.697018e-02	1.412802e-01	1.094894e-01	5.772052e-01	5.737835e-01
8856	9.654091e-01	5.433806e-02	2.168751e-02	2.710939e-02	1.420095e-01	1.409225e-01	9.159951e-01	2.018120e-01
2762	5.428333e-01	2.349951e-01	6.069264e-02	7.586581e-02	3.974145e-01	2.563952e-01	4.046477e-01	1.669044e-02
30234	9.319077e-01	4.307420e-01	2.686607e-02	3.358258e-02	1.759186e-01	1.752231e-01	9.770695e-01	4.037805e-01
24230	7.051798e-01	1.288203e-01	3.326375e-02	4.157968e-02	2.178105e-01	1.807808e-01	3.023148e-01	7.857279e-01
518	8.925497e-01	1.646745e-01	4.818358e-02	6.022948e-02	3.155053e-01	3.117617e-01	9.593402e-01	4.186821e-01
15756	4.181634e-01	6.937549e-01	4.279340e-02	5.349175e-02	2.802105e-01	1.342372e-01	7.678770e-01	1.935458e-02
17658	1.866428e-01	3.557120e-01	6.532762e-02	8.165953e-02	4.277643e-01	3.268131e-01	5.577556e-01	9.906241e-01
7740	3.493917e-01	2.950978e-01	4.946478e-02	6.183097e-02	3.238946e-01	2.891749e-01	8.543795e-01	9.748554e-01
20151	2.779232e-01	5.997123e-01	3.078828e-02	3.848535e-02	2.016012e-01	1.980909e-01	2.432753e-01	1.538805e-02
6972	2.833782e-01	9.118240e-01	4.180530e-02	5.225662e-02	2.737404e-01	1.179442e-01	6.523524e-01	9.568093e-01
9809	8.109751e-01	1.956731e-01	5.325547e-02	6.656934e-02	3.487160e-01	2.475104e-01	2.632310e-01	6.265140e-01
24328	3.834513e-01	8.600636e-01	2.753015e-02	3.441269e-02	1.802670e-01	1.061902e-01	6.178270e-01	4.912988e-01
27919	4.619995e-01	1.406489e-01	7.533119e-02	9.416399e-02	4.932675e-01	2.143884e-01	9.319928e-02	3.685281e-01
20152	3.154413e-01	3.458468e-01	3.013689e-02	3.767112e-02	1.973359e-01	6.197572e-02	6.393849e-01	3.004075e-01
30742	8.379353e-01	6.863921e-01	3.350726e-02	4.188407e-02	2.194050e-01	1.045458e-01	2.650460e-01	8.561220e-01
12630	7.864150e-02	7.060001e-02	6.126766e-02	7.658458e-02	4.011797e-01	4.011626e-01	2.675774e-01	2.639292e-01
29571	4.570978e-01	3.217583e-01	2.617684e-02	3.272105e-02	1.714055e-01	1.677780e-01	3.031013e-01	1.006129e-01
6781	6.528750e-01	3.697613e-01	4.958540e-02	6.198174e-02	3.246844e-01	3.227669e-01	8.448244e-01	1.424987e-01
12908	2.475041e-01	1.756342e-01	5.481285e-02	6.851607e-02	3.589137e-01	1.578049e-01	5.045663e-01	4.392560e-01
17588	2.144327e-01	8.480621e-01	4.925565e-02	6.156956e-02	3.225252e-01	1.126338e-01	1.654490e-02	3.438661e-01
30310	4.647950e-01	4.424157e-01	5.794506e-02	7.243133e-02	3.794234e-01	3.561506e-01	5.870278e-01	2.102557e-01
13096	4.511711e-01	7.933532e-01	2.611109e-02	3.263887e-02	1.709750e-01	1.481461e-01	8.558608e-01	1.999303e-01
16549	5.202884e-01	6.890428e-01	2.580424e-02	3.225531e-02	1.689658e-01	1.205037e-01	3.468729e-01	8.387416e-01
31723	1.705389e-01	8.646361e-01	2.671993e-02	3.339991e-02	1.749617e-01	7.706325e-02	5.610945e-01	4.049468e-01
3063	5.695864e-01	3.074036e-01	4.150970e-02	5.188713e-02	2.718049e-01	1.014458e-01	4.654216e-01	9.807457e-01
5291	1.186248e-01	7.015232e-01	2.142315e-02	2.677893e-02	1.402784e-01	1.396276e-01	4.568694e-01	5.334437e-01
1705	8.486322e-01	1.220062e-01	2.196790e-02	2.745988e-02	1.438455e-01	1.155444e-01	3.405757e-01	9.421040e-01
4734	8.678291e-01	2.134867e-01	2.182009e-02	2.727511e-02	1.428776e-01	9.902344e-02	1.357544e-01	2.846244e-01
11309	1.837544e-01	1.031596e-01	2.163124e-02	2.703905e-02	1.416410e-01	9.386200e-02	2.529025e-01	9.310840e-02
30830	3.650638e-01	2.404764e-01	2.924978e-02	3.656223e-02	1.915271e-01	1.392424e-01	7.156365e-02	6.241500e-01
28374	7.963064e-02	6.248797e-01	3.925543e-02	4.906929e-02	2.570439e-01	9.620748e-02	2.182919e-01	7.288031e-01
20067	6.667716e-01	2.656470e-01	4.674762e-02	5.843452e-02	3.061027e-01	2.681129e-01	1.899562e-01	3.466679e-01
28152	2.084833e-01	5.569845e-01	2.483114e-02	3.103893e-02	1.625939e-01	1.429276e-01	2.667703e-01	6.274599e-01
26144	9.358079e-01	7.271021e-01	3.121690e-02	3.902113e-02	2.044078e-01	1.774609e-01	5.922944e-01	4.140399e-01
9315	1.747692e-01	1.983231e-01	2.538015e-02	3.172519e-02	1.661888e-01	1.602061e-01	9.464845e-01	9.980102e-01
30740	3.854327e-01	8.866820e-02	4.762963e-02	5.953704e-02	3.118781e-01	1.495146e-01	4.938236e-01	1.029120e-01
2674	5.612329e-01	1.190355e-01	4.803037e-02	6.003796e-02	3.145021e-01	1.613236e-01	2.478910e-01	5.257535e-01
27839	7.335116e-01	5.851296e-01	2.871404e-02	3.589255e-02	1.880191e-01	1.795185e-01	6.799085e-01	2.616150e-01
22756	8.642903e-01	3.048892e-01	2.181387e-02	2.726734e-02	1.428369e-01	9.958391e-02	7.445951e-01	8.443716e-01
24004	3.577519e-01	3.922335e-01	3.018757e-02	3.773446e-02	1.976678e-01	1.676087e-01	1.222877e-01	8.470728e-01
5772	1.580265e-01	3.355493e-02	2.082917e-02	2.603646e-02	1.363891e-01	4.843504e-02	3.415034e-01	9.499962e-01
17390	7.870723e-01	8.365760e-01	2.709421e-02	3.386777e-02	1.774125e-01	9.186919e-02	2.072688e-01	8.881973e-02
30112	6.967611e-01	5.496344e-01	4.972472e-02	6.215590e-02	3.255967e-01	1.907748e-01	9.759660e-01	8.590621e-01
25100	6.296466e-01	4.256018e-01	3.447412e-02	4.309265e-02	2.257360e-01	2.226443e-01	7.690469e-01	1.267033e-01
32058	4.647456e-02	5.777600e-01	4.976439e-02	6.220548e-02	3.258564e-01	3.256511e-01	7.201214e-01	9.467309e-01
23408	5.441745e-01	8.517000e-01	5.669336e-02	7.086670e-02	3.712273e-01	2.273460e-01	1.678528e-01	3.287070e-01
6310	1.380716e-01	1.875287e-01	2.101910e-02	2.627388e-02	1.376328e-01	9.630463e-02	1.751171e-01	6.247674e-01
14508	3.215324e-01	5.424155e-01	5.288518e-02	6.610647e-02	3.462913e-01	2.324625e-01	6.503980e-01	5.848194e-01
1120	2.937060e-02	3.032729e-01	2.123082e-02	2.653853e-02	1.390191e-01	1.239661e-01	2.867325e-01	6.543820e-01
8852	1.040620e-01	5.097603e-01	6.257236e-02	7.821544e-02	4.097228e-01	1.916129e-01	7.136916e-01	6.801758e-01
8511	4.858623e-01	6.113716e-01	2.627765e-02	3.284706e-02	1.720656e-01	1.665344e-01	5.088785e-01	1.459669e-01
18951	5.951442e-01	8.129042e-01	3.313944e-02	4.142430e-02	2.169966e-01	5.909659e-02	5.093446e-01	8.482845e-01
21940	2.497807e-01	3.343045e-01	3.040464e-02	3.800580e-02	1.990891e-01	1.275268e-01	1.483020e-01	6.904052e-01
30741	7.449712e-01	4.092127e-01	2.345206e-02	2.931507e-02	1.535637e-01	6.227300e-02	2.937052e-01	3.794371e-01
8095	4.851248e-01	6.817442e-02	2.324231e-02	2.905288e-02	1.521903e-01	1.487343e-01	9.110431e-01	7.963320e-01
11483	9.326769e-01	2.755865e-01	3.709092e-02	4.636365e-02	2.428708e-01	8.791773e-02	8.822849e-03	1.212141e-01
28141	4.130396e-01	2.038296e-01	2.091589e-02	2.614486e-02	1.369569e-01	1.032083e-01	9.526189e-01	2.122245e-01
23173	5.016030e-01	3.959438e-01	3.037690e-02	3.797112e-02	1.989074e-01	5.882246e-02	4.632162e-01	2.171430e-01
2577	5.566742e-02	1.758640e-01	2.091031e-02	2.613789e-02	1.369204e-01	1.174647e-01	1.333469e-01	4.045978e-02
20483	9.608728e-01	4.392205e-01	2.143196e-02	2.678995e-02	1.403362e-01	1.173856e-01	1.828233e-01	4.234625e-01
5488	6.402685e-02	6.851417e-01	2.535217e-02	3.169021e-02	1.660056e-01	1.584560e-01	4.772359e-02	2.558523e-01
14708	6.386307e-01	8.855768e-01	2.111159e-02	2.638949e-02	1.382384e-01	1.279549e-01	5.204084e-01	2.120956e-01
27519	1.575516e-01	2.637660e-01	3.644989e-02	4.556237e-02	2.386733e-01	7.944008e-02	4.223388e-01	5.049614e-01
794	7.289088e-01	2.888736e-01	4.111152e-02	5.138940e-02	2.691976e-01	2.687267e-01	2.302389e-01	7.878686e-01
16182	7.107448e-01	8.473661e-01	3.576801e-02	4.471001e-02	2.342084e-01	6.228615e-02	8.471117e-01	2.246191e-01
24539	8.344809e-01	4.912174e-01	4.142701e-02	5.178376e-02	2.712634e-01	2.612719e-01	6.077502e-01	4.567641e-01
7544	1.185881e-01	3.607794e-01	6.197740e-02	7.747175e-02	4.058271e-01	1.052891e-01	4.956593e-01	5.470995e-01
6221	1.545827e-01	7.219556e-01	3.988568e-02	4.985710e-02	2.611708e-01	2.605716e-01	8.014418e-01	9.145627e-03
7986	9.143193e-01	2.373499e-01	2.246423e-02	2.808029e-02	1.470954e-01	5.582657e-02	8.135423e-01	8.046155e-01
24793	8.512097e-02	7.777980e-01	6.555539e-02	8.194424e-02	4.292557e-01	1.868675e-01	2.982464e-02	8.439317e-01
13346	2.773804e-01	7.735332e-01	3.043878e-02	3.804848e-02	1.993127e-01	1.387204e-01	8.749597e-01	8.402253e-01
23586	8.467839e-01	2.672251e-01	3.148538e-02	3.935672e-02	2.061657e-01	2.043756e-01	4.254986e-01	7.115695e-01
26724	3.771961e-01	7.591464e-01	2.403939e-02	3.004923e-02	1.574095e-01	1.025343e-01	8.074491e-01	4.357228e-01
28162	8.715020e-01	9.291407e-01	3.389711e-02	4.237139e-02	2.219578e-01	1.387952e-01	3.990779e-01	6.551622e-01
5142	3.370209e-01	6.085822e-01	5.397947e-02	6.747433e-02	3.534567e-01	2.068620e-01	8.481880e-01	7.297006e-01
12682	4.842064e-01	7.359521e-01	5.019941e-02	6.274926e-02	3.287049e-01	3.153845e-01	4.449040e-01	6.755435e-01
27896	2.123072e-01	4.229953e-01	2.712626e-02	3.390782e-02	1.776223e-01	1.584197e-01	8.968781e-01	5.657607e-01
27790	3.424290e-01	1.965376e-01	2.762350e-02	3.452937e-02	1.808782e-01	8.386975e-02	9.486077e-01	2.616375e-01
