7749	7.043700e-01	3.037237e-01	2.928058e-02	3.660072e-02	1.917288e-01	1.144716e-01	3.544853e-01	9.552127e-01
15623	5.443505e-01	8.233928e-01	4.759652e-02	5.949565e-02	3.116613e-01	3.116087e-01	6.697616e-01	6.513710e-01
1970	8.479887e-01	6.353955e-02	2.148550e-02	2.685688e-02	1.406867e-01	1.214527e-01	4.099601e-01	1.761645e-01
7474	8.408364e-01	5.891873e-01	2.500429e-02	3.125536e-02	1.637277e-01	1.637256e-01	2.706783e-01	6.769148e-01
15582	3.765971e-01	4.433341e-01	4.948065e-02	6.185081e-02	3.239985e-01	1.994961e-01	8.887154e-01	9.131814e-01
25783	1.302999e-01	5.461457e-01	2.749701e-02	3.437126e-02	1.800500e-01	1.533503e-01	2.863464e-01	8.509162e-01
28332	1.324285e-01	6.958110e-01	3.302509e-02	4.128136e-02	2.162477e-01	2.154152e-01	8.668676e-01	8.043289e-01
20805	2.887775e-01	5.958332e-01	2.658413e-02	3.323017e-02	1.740725e-01	1.722807e-01	1.238014e-01	7.628176e-01
9105	4.479064e-02	7.080681e-01	4.017090e-02	5.021363e-02	2.630384e-01	2.498970e-01	5.700518e-01	1.778666e-02
26122	8.072289e-01	6.657750e-01	2.225308e-02	2.781635e-02	1.457128e-01	6.440695e-02	6.242073e-01	5.049269e-01
20608	4.184531e-01	2.183520e-01	3.087284e-02	3.859105e-02	2.021549e-01	1.763585e-01	5.873108e-01	4.136481e-01
4297	2.282453e-01	8.114585e-01	2.394898e-02	2.993623e-02	1.568176e-01	1.557324e-01	5.092368e-01	8.178883e-01
12915	9.421927e-01	5.936174e-01	3.104076e-02	3.880095e-02	2.032544e-01	1.310991e-01	5.450128e-01	2.186834e-02
6149	6.133148e-01	6.113345e-01	2.660898e-02	3.326122e-02	1.742352e-01	1.540790e-01	2.406646e-02	8.280975e-01
8332	2.774235e-01	7.077140e-02	5.087653e-02	6.359567e-02	3.331388e-01	1.232720e-01	9.052014e-02	6.904001e-01
6463	8.912753e-01	5.390701e-01	2.918068e-02	3.647585e-02	1.910746e-01	1.673544e-01	4.894370e-01	4.094408e-01
18805	4.923810e-01	5.576244e-01	3.273097e-02	4.091372e-02	2.143219e-01	1.667522e-01	3.273973e-01	1.393795e-01
12832	2.187121e-01	3.543003e-01	2.477410e-02	3.096763e-02	1.622204e-01	6.867019e-02	2.034523e-01	6.553403e-01
7181	6.671200e-01	8.404095e-01	4.491498e-02	5.614372e-02	2.941026e-01	2.337364e-01	6.101440e-01	6.998590e-01
26694	9.439210e-01	3.849274e-01	2.747483e-02	3.434353e-02	1.799047e-01	1.741530e-01	8.118304e-01	9.189889e-01
24159	2.358285e-01	4.821966e-01	5.865454e-02	7.331817e-02	3.840690e-01	1.832292e-01	8.770009e-01	4.649915e-01
20814	5.930816e-01	8.566875e-01	3.259890e-02	4.074863e-02	2.134571e-01	2.091638e-01	5.463345e-01	7.586986e-01
31387	8.297013e-01	2.348437e-01	3.659114e-02	4.573893e-02	2.395982e-01	2.394019e-01	2.627194e-01	7.144642e-01
12045	4.687428e-01	2.361010e-01	2.083759e-02	2.604699e-02	1.364442e-01	1.187333e-01	5.335763e-01	6.847602e-01
16158	8.875659e-01	7.601811e-01	6.072553e-02	7.590691e-02	3.976298e-01	1.532677e-01	7.723628e-01	3.802589e-01
13036	1.978078e-01	7.414700e-01	2.339313e-02	2.924141e-02	1.531779e-01	1.186146e-01	1.421353e-01	5.095909e-01
16228	3.419784e-01	5.751595e-02	4.112060e-02	5.140075e-02	2.692570e-01	1.794796e-01	3.520057e-01	6.840305e-01
14197	7.370043e-01	2.965764e-01	5.385543e-02	6.731929e-02	3.526445e-01	2.183553e-01	4.991619e-01	2.916529e-01
5261	3.480994e-01	1.777714e-01	4.944980e-02	6.181225e-02	3.237965e-01	3.223714e-01	4.152869e-01	1.884353e-01
17163	5.719916e-01	9.876966e-02	2.753256e-02	3.441570e-02	1.802828e-01	7.699435e-02	9.291199e-01	1.624674e-02
9457	9.618846e-01	2.757593e-01	3.659117e-02	4.573896e-02	2.395984e-01	7.783709e-02	5.827418e-01	3.791127e-01
10065	7.195610e-01	2.344445e-01	4.022879e-02	5.028598e-02	2.634175e-01	9.101247e-02	1.968835e-02	1.198197e-01
8789	8.931236e-01	5.756668e-02	2.882687e-02	3.603359e-02	1.887579e-01	1.126358e-01	5.716350e-01	4.842900e-02
174	4.069814e-01	9.467569e-01	3.543255e-02	4.429069e-02	2.320118e-01	1.920098e-01	9.155160e-02	5.249784e-01
22066	3.005504e-01	6.546273e-01	2.365837e-02	2.957296e-02	1.549146e-01	5.700873e-02	4.406550e-01	3.549278e-01
23602	8.092243e-01	8.953761e-01	3.250607e-02	4.063258e-02	2.128492e-01	8.548747e-02	5.010916e-01	6.878223e-01
13484	8.305439e-01	7.500429e-01	6.271115e-02	7.838893e-02	4.106316e-01	3.224411e-01	1.474553e-01	3.189696e-01
3118	7.545195e-01	1.214950e-01	3.282434e-02	4.103043e-02	2.149333e-01	2.130334e-01	1.093565e-01	2.427506e-01
21573	3.049728e-01	3.469812e-01	7.506938e-02	9.383672e-02	4.915531e-01	4.911099e-01	4.927968e-01	5.480397e-01
10522	5.283212e-01	3.556022e-01	3.023712e-02	3.779640e-02	1.979922e-01	1.975527e-01	1.296234e-01	5.888206e-01
22149	1.144765e-01	3.628662e-01	3.912686e-02	4.890857e-02	2.562021e-01	2.166856e-01	7.585906e-01	9.807048e-01
10894	6.271376e-02	5.450961e-02	3.445056e-02	4.306320e-02	2.255817e-01	1.789563e-01	4.376227e-01	2.361234e-01
5244	6.555348e-01	6.816636e-01	3.249488e-02	4.061860e-02	2.127760e-01	2.126377e-01	5.676365e-01	8.956877e-01
14322	5.620688e-01	4.925715e-01	2.230193e-02	2.787742e-02	1.460327e-01	1.454546e-01	3.630757e-01	5.892778e-01
10182	1.031150e-01	6.179320e-01	5.507208e-02	6.884010e-02	3.606111e-01	2.445663e-01	5.844567e-01	3.741897e-02
17366	8.091874e-01	3.192010e-01	7.196208e-02	8.995261e-02	4.712066e-01	4.711601e-01	9.172687e-01	3.317053e-01
13102	6.814664e-01	7.957402e-01	2.638358e-02	3.297948e-02	1.727593e-01	1.205828e-01	7.022373e-01	1.699093e-01
20428	9.733603e-01	1.390743e-01	2.138911e-02	2.673639e-02	1.400556e-01	4.930619e-02	7.062253e-01	2.122615e-03
19599	9.426005e-01	5.399205e-01	4.561010e-02	5.701262e-02	2.986542e-01	8.813100e-02	9.520878e-01	4.607859e-01
7284	4.545886e-01	3.251865e-01	3.315834e-02	4.144792e-02	2.171203e-01	2.148646e-01	5.135492e-01	3.346707e-01
553	1.786937e-01	7.744257e-01	3.065756e-02	3.832195e-02	2.007452e-01	1.977878e-01	5.917222e-01	8.399797e-01
4680	1.132495e-01	4.511743e-01	5.107737e-02	6.384671e-02	3.344538e-01	3.285982e-01	9.925498e-02	4.946386e-01
2776	7.068805e-01	7.218013e-01	3.353266e-02	4.191583e-02	2.195714e-01	1.499607e-01	4.943149e-01	1.703704e-01
7352	7.301226e-01	7.466409e-01	2.738567e-02	3.423209e-02	1.793209e-01	6.733229e-02	3.779168e-01	6.132548e-01
32160	6.032909e-01	8.000848e-01	4.398328e-02	5.497910e-02	2.880018e-01	2.817425e-01	8.018860e-01	9.394432e-01
28494	5.577555e-01	2.446867e-01	2.920789e-02	3.650986e-02	1.912528e-01	1.338547e-01	4.371816e-01	3.247040e-01
16452	8.439041e-01	9.657535e-01	2.858228e-02	3.572785e-02	1.871563e-01	1.866337e-01	4.291510e-01	7.662283e-01
16845	4.892471e-01	2.901370e-01	2.395208e-02	2.994010e-02	1.568379e-01	1.546655e-01	2.245773e-01	5.744782e-01
23663	2.835665e-01	8.869080e-01	2.248711e-02	2.810889e-02	1.472453e-01	9.348929e-02	7.352654e-01	1.885194e-01
4446	8.810714e-01	9.051957e-01	7.495504e-02	9.369380e-02	4.908044e-01	4.760441e-01	1.071022e-01	2.164142e-01
29575	7.892686e-01	7.860763e-01	2.361574e-02	2.951968e-02	1.546355e-01	1.170859e-01	9.133989e-01	6.267107e-01
14674	7.694743e-01	5.263083e-01	3.926476e-02	4.908095e-02	2.571050e-01	1.371612e-01	9.062401e-04	9.995905e-01
31393	2.329170e-01	9.331903e-01	2.672550e-02	3.340688e-02	1.749982e-01	1.212948e-01	5.116218e-02	3.970286e-01
29529	7.544467e-02	3.470946e-01	2.607581e-02	3.259477e-02	1.707440e-01	1.356373e-01	1.509510e-01	6.546776e-01
12018	9.607650e-01	8.527896e-02	2.374442e-02	2.968053e-02	1.554781e-01	7.851161e-02	7.959383e-01	2.427513e-01
25712	4.073021e-01	3.542151e-01	2.124184e-02	2.655230e-02	1.390912e-01	1.319901e-01	8.893209e-01	1.882414e-01
11026	8.359453e-01	4.199287e-01	2.108068e-02	2.635085e-02	1.380360e-01	1.368920e-01	3.730619e-01	3.565246e-01
23776	4.851758e-01	1.542822e-01	2.183202e-02	2.729002e-02	1.429557e-01	1.103672e-01	6.337464e-02	5.839812e-01
10671	3.223618e-01	8.325847e-01	5.568957e-02	6.961196e-02	3.646544e-01	3.583762e-01	1.008620e-01	8.194190e-01
9942	1.861889e-01	2.293276e-01	3.811673e-02	4.764591e-02	2.495878e-01	2.089435e-01	1.572129e-01	6.040442e-01
26060	4.703702e-01	4.872227e-01	2.090855e-02	2.613569e-02	1.369089e-01	1.335387e-01	5.295949e-02	9.292668e-01
18179	4.718708e-01	9.260309e-01	3.468804e-02	4.336005e-02	2.271368e-01	1.681340e-01	5.337640e-01	9.760140e-02
12550	5.697523e-01	5.923091e-01	3.839394e-02	4.799243e-02	2.514029e-01	1.441998e-01	6.324390e-01	1.075971e-02
24023	6.563993e-01	2.213125e-01	2.549706e-02	3.187133e-02	1.669544e-01	1.201677e-01	4.243570e-01	8.394857e-01
