15732	8.908857e-01	9.397586e-01	2.553034e-02	3.191292e-02	1.671723e-01	1.513479e-01	2.463473e-03	9.174155e-03
8315	4.843131e-01	9.141238e-01	2.073655e-02	2.592069e-02	1.357826e-01	7.194908e-02	4.953506e-01	4.316067e-01
16606	5.502432e-01	8.238641e-01	3.251509e-02	4.064386e-02	2.129083e-01	8.111364e-02	9.490539e-01	3.875828e-01
11617	7.783594e-01	1.272977e-01	4.470311e-02	5.587889e-02	2.927153e-01	2.314385e-01	1.534038e-01	2.263540e-02
30388	9.540348e-02	8.233479e-01	4.966359e-02	6.207949e-02	3.251964e-01	1.124095e-01	7.643346e-01	6.526182e-02
520	9.393763e-02	8.731104e-01	2.515487e-02	3.144359e-02	1.647137e-01	1.640569e-01	9.220677e-01	4.058791e-01
1488	5.340351e-01	1.303691e-01	3.722613e-02	4.653267e-02	2.437561e-01	1.353031e-01	7.010930e-01	3.691168e-01
1919	3.009949e-01	2.104222e-01	2.358793e-02	2.948491e-02	1.544534e-01	4.692228e-02	2.916510e-01	7.859262e-02
29419	8.788742e-01	2.376219e-01	6.594714e-02	8.243393e-02	4.318208e-01	2.160496e-01	2.359581e-01	3.122831e-01
6102	4.441460e-01	9.495144e-01	2.762643e-02	3.453304e-02	1.808974e-01	7.510105e-02	6.679021e-01	9.182923e-01
17971	2.927085e-01	6.577624e-01	4.920508e-02	6.150635e-02	3.221941e-01	2.557323e-01	7.485743e-02	4.523224e-01
18805	8.471226e-01	3.531546e-01	4.077752e-02	5.097190e-02	2.670106e-01	2.274175e-01	7.930642e-02	2.475218e-01
20779	3.614582e-01	1.571996e-01	4.683793e-02	5.854741e-02	3.066940e-01	2.301900e-01	9.294872e-01	9.804106e-01
4520	7.976109e-01	2.706014e-01	2.258808e-02	2.823510e-02	1.479064e-01	1.390772e-01	5.853515e-01	2.744082e-01
14689	1.348265e-01	3.467022e-01	2.852683e-02	3.565854e-02	1.867933e-01	1.385360e-01	5.455574e-01	8.133380e-01
20866	8.289999e-01	7.741923e-01	2.262406e-02	2.828008e-02	1.481420e-01	7.529058e-02	7.121865e-01	8.990174e-01
30499	2.661004e-02	7.009793e-01	2.258343e-02	2.822929e-02	1.478760e-01	4.447024e-02	6.091998e-01	4.161846e-01
16198	4.030635e-01	3.807700e-01	2.436656e-02	3.045820e-02	1.595519e-01	8.019402e-02	8.332671e-01	3.266165e-01
17234	4.749843e-01	3.908976e-01	4.281668e-02	5.352085e-02	2.803629e-01	1.094983e-01	8.145945e-01	2.808555e-01
9845	9.383092e-01	5.156208e-01	2.751140e-02	3.438925e-02	1.801442e-01	1.291676e-01	8.097597e-01	3.340827e-01
30659	5.141350e-01	6.299091e-01	4.144792e-02	5.180991e-02	2.714004e-01	1.824238e-01	1.018473e-01	2.903681e-02
22337	3.005965e-01	3.789715e-01	3.219977e-02	4.024971e-02	2.108436e-01	1.795407e-01	8.412942e-01	5.034566e-01
15278	7.414212e-01	3.137530e-01	3.717415e-02	4.646769e-02	2.434158e-01	1.292897e-01	5.091648e-01	6.032900e-02
24774	7.866149e-01	2.987969e-01	3.784626e-02	4.730782e-02	2.478167e-01	1.836905e-01	1.011910e-01	3.116480e-01
32308	8.590419e-01	7.728155e-02	2.457633e-02	3.072042e-02	1.609255e-01	1.076343e-01	5.568726e-01	7.568073e-01
17828	4.328506e-01	4.734059e-01	2.195273e-02	2.744091e-02	1.437461e-01	1.207952e-01	2.684252e-01	1.119847e-02
817	6.227922e-01	9.468998e-02	2.168558e-02	2.710697e-02	1.419968e-01	4.314859e-02	9.075307e-01	1.640659e-01
27632	2.606776e-01	4.301270e-01	5.769606e-02	7.212008e-02	3.777929e-01	2.280460e-01	7.325133e-01	4.480090e-01
14714	4.416569e-01	5.770325e-01	3.454467e-02	4.318083e-02	2.261979e-01	2.170896e-01	9.862536e-01	3.703896e-01
25836	6.546693e-01	3.878056e-01	4.321341e-02	5.401676e-02	2.829607e-01	9.678333e-02	6.668744e-01	8.551697e-02
27969	2.128834e-01	8.888107e-01	3.287715e-02	4.109644e-02	2.152791e-01	1.791725e-01	3.398474e-01	8.504609e-01
2157	4.651679e-01	2.641039e-01	2.895195e-02	3.618993e-02	1.895769e-01	1.521759e-01	2.747080e-01	3.077110e-01
12825	5.994918e-01	4.672864e-01	2.149791e-02	2.687239e-02	1.407680e-01	9.491177e-02	9.130321e-01	4.325700e-01
5212	6.700285e-01	4.850460e-01	2.417271e-02	3.021589e-02	1.582825e-01	1.187627e-01	1.710567e-01	6.742970e-01
1042	1.263873e-01	8.944694e-01	4.501092e-02	5.626365e-02	2.947308e-01	1.156613e-01	7.983751e-01	4.298021e-01
6047	6.922236e-01	6.264776e-01	3.358961e-02	4.198701e-02	2.199442e-01	2.168875e-01	5.698570e-01	3.536086e-01
7257	5.845615e-01	1.088012e-01	4.332833e-02	5.416041e-02	2.837132e-01	1.901920e-01	1.276257e-01	4.211504e-01
7984	1.881880e-01	3.915968e-01	4.040259e-02	5.050323e-02	2.645555e-01	8.718481e-02	6.311056e-01	3.321315e-01
16729	6.962699e-01	2.867393e-01	5.110216e-02	6.387770e-02	3.346162e-01	3.326863e-01	8.379841e-01	8.433030e-01
20294	8.363715e-02	4.064306e-01	6.650065e-02	8.312582e-02	4.354453e-01	1.535394e-01	6.404787e-01	9.601818e-01
9406	4.550968e-01	3.313905e-01	3.442437e-02	4.303046e-02	2.254102e-01	1.522103e-01	4.982485e-01	9.096602e-01
27004	7.972206e-01	6.230185e-01	2.216989e-02	2.771236e-02	1.451681e-01	1.450112e-01	8.550405e-01	1.069116e-01
29122	8.575576e-01	8.897866e-01	5.687427e-02	7.109284e-02	3.724119e-01	3.186408e-01	6.477114e-01	5.428801e-01
19649	8.741924e-01	5.596919e-01	2.427473e-02	3.034342e-02	1.589506e-01	1.137776e-01	8.530807e-01	4.963355e-01
6933	7.354937e-01	8.112958e-01	2.942032e-02	3.677540e-02	1.926438e-01	9.584625e-02	5.559823e-01	5.033288e-01
32550	7.760585e-01	5.091866e-01	5.201598e-02	6.501997e-02	3.405998e-01	9.476322e-02	4.531641e-02	3.619123e-02
23832	5.504244e-01	9.564458e-01	3.077831e-02	3.847288e-02	2.015359e-01	1.404510e-01	9.926154e-02	2.329782e-01
7583	4.192037e-01	9.390251e-01	2.201459e-02	2.751824e-02	1.441512e-01	8.205735e-02	2.750715e-01	6.340186e-01
2690	9.284008e-01	4.425650e-01	2.300363e-02	2.875454e-02	1.506274e-01	1.413954e-01	2.140233e-01	1.755922e-01
7754	1.040904e-01	2.071010e-01	5.335698e-02	6.669622e-02	3.493807e-01	3.481597e-01	2.004388e-01	1.933868e-02
19557	1.658074e-01	2.849706e-01	2.123733e-02	2.654667e-02	1.390617e-01	1.157463e-01	9.428227e-01	2.008131e-01
30485	9.216512e-01	6.111155e-01	7.500790e-02	9.375988e-02	4.911506e-01	4.667960e-01	4.015587e-01	9.662986e-01
5780	5.105629e-01	3.422555e-01	2.785965e-02	3.482456e-02	1.824246e-01	1.796607e-01	9.503727e-01	8.603485e-01
24376	2.752582e-01	7.226021e-01	2.796316e-02	3.495395e-02	1.831023e-01	9.377077e-02	9.044083e-03	3.767587e-01
11444	5.933452e-01	9.380902e-01	2.269659e-02	2.837073e-02	1.486169e-01	6.571432e-02	7.377308e-02	3.356817e-01
23951	7.042070e-01	4.394833e-01	5.388970e-02	6.736213e-02	3.528689e-01	3.366266e-01	2.209832e-01	2.518118e-01
12370	9.226137e-01	1.449763e-01	2.463396e-02	3.079244e-02	1.613028e-01	1.488576e-01	9.990571e-01	8.182685e-03
13114	3.321135e-01	8.037403e-01	2.347517e-02	2.934396e-02	1.537151e-01	1.438756e-01	7.521296e-01	8.522977e-01
11000	6.229985e-01	3.721362e-01	2.801411e-02	3.501763e-02	1.834359e-01	7.657615e-02	5.547009e-01	7.956354e-01
7503	4.887729e-02	3.464994e-01	4.478276e-02	5.597845e-02	2.932368e-01	2.108346e-01	4.266402e-01	7.262623e-01
13892	8.886588e-01	4.307208e-01	3.098879e-02	3.873599e-02	2.029141e-01	1.939521e-01	5.900885e-01	7.531806e-01
26156	7.698097e-01	7.404068e-01	3.372618e-02	4.215772e-02	2.208385e-01	1.877834e-01	3.471421e-01	4.489405e-01
10227	1.565166e-01	7.317810e-01	2.136982e-02	2.671228e-02	1.399293e-01	7.178740e-02	9.345229e-01	3.041114e-01
30686	4.584191e-01	8.220778e-01	2.068340e-02	2.585425e-02	1.354346e-01	1.228933e-01	7.648104e-01	8.255103e-01
9251	3.398565e-01	7.076606e-02	4.815249e-02	6.019061e-02	3.153017e-01	2.759130e-01	2.593776e-01	9.196855e-01
18738	6.645991e-01	7.563112e-01	7.650469e-02	9.563086e-02	5.009515e-01	4.794932e-01	4.850096e-01	3.961168e-01
28723	4.089985e-02	7.431473e-01	2.092285e-02	2.615357e-02	1.370025e-01	1.215710e-01	5.684447e-01	5.817923e-01
17490	7.536501e-01	2.122499e-01	5.071024e-02	6.338780e-02	3.320499e-01	3.320492e-01	9.240171e-02	9.124922e-01
3382	3.762630e-01	4.960005e-01	6.084925e-02	7.606157e-02	3.984400e-01	3.370393e-01	3.713471e-01	2.132372e-01
8481	8.165936e-01	7.179967e-01	4.366384e-02	5.457980e-02	2.859102e-01	1.750632e-01	7.176150e-01	3.320495e-01
4420	1.743684e-01	5.997157e-01	3.600453e-02	4.500566e-02	2.357571e-01	2.255981e-01	6.819550e-01	1.714408e-01
8120	9.459632e-01	9.347107e-01	2.767150e-02	3.458938e-02	1.811926e-01	6.811265e-02	3.255522e-01	4.720542e-01
30337	7.958724e-01	7.002775e-02	3.637281e-02	4.546601e-02	2.381686e-01	2.352390e-01	7.680982e-01	1.834573e-01
