4599	9.165306e-01	3.507641e-01	6.806846e-02	8.508557e-02	4.457112e-01	3.320142e-01	9.906033e-01	7.219363e-01
12248	1.418430e-01	8.496042e-01	3.023722e-02	3.779652e-02	1.979928e-01	1.792809e-01	1.656070e-01	4.987336e-01
20381	6.284037e-01	4.810000e-01	2.989271e-02	3.736588e-02	1.957370e-01	1.117011e-01	5.579507e-01	2.916944e-01
6511	5.955171e-01	6.514368e-01	2.411276e-02	3.014096e-02	1.578900e-01	6.691615e-02	5.659828e-01	2.291908e-01
21048	6.941269e-01	1.286877e-01	2.847712e-02	3.559640e-02	1.864677e-01	1.708873e-01	5.863390e-01	6.700472e-01
11401	5.369557e-01	2.542617e-01	2.120262e-02	2.650327e-02	1.388344e-01	1.295277e-01	2.037407e-02	1.794244e-01
14549	6.502884e-02	2.166887e-01	2.564439e-02	3.205549e-02	1.679191e-01	1.123170e-01	3.640727e-01	5.739154e-01
8374	3.089265e-01	3.986506e-01	3.789011e-02	4.736264e-02	2.481038e-01	2.073586e-01	8.469770e-01	5.343021e-04
22849	6.895032e-01	7.106506e-01	6.313620e-02	7.892025e-02	4.134148e-01	3.027898e-01	1.133166e-01	9.698678e-01
16053	9.746026e-01	3.388704e-01	2.296011e-02	2.870013e-02	1.503424e-01	5.987654e-02	4.668560e-01	7.842389e-01
11956	5.145598e-01	8.770540e-01	2.409680e-02	3.012100e-02	1.577855e-01	1.050972e-01	7.538964e-01	6.917764e-01
13075	7.948815e-01	2.131472e-01	2.283357e-02	2.854196e-02	1.495139e-01	1.319206e-01	2.488688e-01	2.994042e-01
19533	7.457849e-01	6.837717e-01	2.198304e-02	2.747881e-02	1.439446e-01	1.436566e-01	8.819067e-01	6.551809e-01
7264	5.151985e-01	6.508885e-01	5.356181e-02	6.695226e-02	3.507219e-01	3.220034e-01	2.739466e-02	2.814059e-01
9537	4.371183e-01	9.276745e-01	2.299228e-02	2.874035e-02	1.505531e-01	1.460686e-01	9.565814e-01	7.618179e-01
28025	3.581697e-01	2.886906e-01	4.411791e-02	5.514739e-02	2.888834e-01	2.816275e-01	1.783808e-01	6.745546e-01
3082	8.079101e-01	6.650447e-01	3.894874e-02	4.868592e-02	2.550357e-01	1.417802e-01	4.988295e-01	6.931811e-01
27563	5.541813e-01	9.263026e-01	3.329627e-02	4.162034e-02	2.180235e-01	2.177757e-01	6.718684e-01	5.754604e-01
29218	6.334722e-01	5.516292e-01	2.931669e-02	3.664587e-02	1.919652e-01	5.359084e-02	6.451168e-01	4.092218e-01
14137	3.511189e-01	8.426154e-01	3.492462e-02	4.365577e-02	2.286859e-01	1.754783e-01	1.061192e-01	8.825811e-02
6494	1.186065e-01	2.108949e-01	2.298922e-02	2.873652e-02	1.505330e-01	1.279312e-01	8.672660e-01	4.994591e-01
19672	6.025047e-01	2.205751e-01	4.137324e-02	5.171655e-02	2.709113e-01	2.709094e-01	2.071621e-01	9.819195e-01
6467	7.823670e-01	3.322514e-01	2.342295e-02	2.927868e-02	1.533731e-01	1.167900e-01	5.391670e-01	6.312451e-01
17162	8.121971e-01	3.618493e-01	2.763914e-02	3.454892e-02	1.809806e-01	6.750296e-02	9.253452e-01	3.529152e-01
12291	2.981814e-01	2.239013e-01	2.115579e-02	2.644473e-02	1.385278e-01	1.299973e-01	4.522546e-01	3.419427e-01
19628	2.902047e-01	2.985163e-01	7.592444e-02	9.490555e-02	4.971521e-01	1.360019e-01	6.563233e-01	9.526578e-01
12909	7.536188e-01	1.357155e-01	3.263153e-02	4.078942e-02	2.136708e-01	1.895388e-01	6.560451e-01	4.111059e-01
15568	4.711731e-01	8.458357e-01	3.176615e-02	3.970769e-02	2.080043e-01	2.036668e-01	4.753653e-01	2.532242e-01
8665	7.004124e-01	4.043888e-01	2.304176e-02	2.880219e-02	1.508771e-01	1.483041e-01	8.083685e-01	5.475368e-01
23276	4.630653e-01	5.340091e-01	2.331552e-02	2.914440e-02	1.526696e-01	1.459026e-01	7.678118e-01	1.910636e-01
7183	4.594796e-02	3.677375e-01	3.090840e-02	3.863551e-02	2.023878e-01	1.687389e-01	9.117507e-01	9.141968e-01
23579	5.182262e-01	5.677578e-01	5.734971e-02	7.168713e-02	3.755250e-01	1.442179e-01	6.422133e-01	7.969831e-01
13544	1.549765e-01	7.391587e-01	2.529601e-02	3.162001e-02	1.656379e-01	1.643169e-01	7.620760e-01	1.789434e-01
32215	4.996710e-01	3.890096e-01	4.364460e-02	5.455575e-02	2.857841e-01	2.676281e-01	2.499330e-02	4.904824e-01
10240	4.866057e-01	9.646182e-01	2.136075e-02	2.670094e-02	1.398699e-01	7.766750e-02	3.980304e-01	2.676290e-01
30895	6.063203e-01	5.237654e-01	3.235069e-02	4.043837e-02	2.118318e-01	1.092341e-01	4.402357e-01	9.768226e-02
20888	4.932634e-01	3.133059e-01	2.700513e-02	3.375642e-02	1.768292e-01	7.045435e-02	9.520272e-01	8.075703e-01
2565	4.124901e-02	1.123861e-01	2.626156e-02	3.282695e-02	1.719603e-01	5.378088e-02	8.045760e-01	8.007140e-01
27940	4.628085e-01	1.232772e-01	7.575936e-02	9.469920e-02	4.960711e-01	2.060155e-01	2.373230e-01	4.242830e-01
675	4.114943e-01	2.471053e-01	2.240712e-02	2.800890e-02	1.467214e-01	4.054115e-02	9.739644e-01	8.246414e-01
17220	8.588068e-01	7.629100e-02	3.263954e-02	4.079943e-02	2.137232e-01	1.348109e-01	9.171147e-01	5.684053e-01
12722	8.228643e-01	8.102161e-01	2.177279e-02	2.721599e-02	1.425679e-01	1.348499e-01	4.056782e-01	7.747498e-02
9938	7.769391e-01	7.232810e-02	3.975087e-02	4.968859e-02	2.602881e-01	7.705363e-02	1.067000e-01	8.935994e-01
22467	4.004879e-01	4.832726e-01	3.791994e-02	4.739993e-02	2.482992e-01	2.031517e-01	2.330271e-01	5.914265e-01
19008	7.923994e-01	9.263714e-01	3.353203e-02	4.191504e-02	2.195672e-01	1.375839e-01	4.089309e-01	5.163339e-01
1052	2.597406e-01	6.537115e-01	6.293940e-02	7.867425e-02	4.121262e-01	2.898841e-01	5.789887e-01	6.250347e-01
22419	5.569107e-01	4.511504e-01	2.207373e-02	2.759216e-02	1.445384e-01	1.440211e-01	1.222541e-01	6.429368e-01
5464	1.254358e-01	2.982233e-01	2.903046e-02	3.628808e-02	1.900910e-01	1.480175e-01	6.773510e-01	7.760027e-01
19671	7.619543e-01	5.035022e-01	6.224612e-02	7.780765e-02	4.075866e-01	3.316331e-01	1.631215e-01	5.176189e-01
15868	8.666990e-01	9.131152e-01	3.522046e-02	4.402558e-02	2.306230e-01	2.087247e-01	2.110370e-01	5.743359e-01
16368	1.621867e-01	5.668960e-02	4.771509e-02	5.964386e-02	3.124377e-01	2.612680e-01	8.820166e-01	7.988765e-01
19603	5.765398e-01	9.394975e-02	2.250947e-02	2.813684e-02	1.473917e-01	5.891399e-02	3.633243e-01	8.900327e-01
19327	4.338795e-01	2.150075e-01	2.097422e-02	2.621778e-02	1.373389e-01	7.749115e-02	8.040658e-01	1.692572e-01
32529	6.970990e-01	2.190857e-01	2.699100e-02	3.373874e-02	1.767366e-01	1.610844e-01	5.576671e-01	3.037060e-01
15748	4.111027e-02	5.340755e-01	2.198135e-02	2.747668e-02	1.439335e-01	1.415988e-01	4.758046e-01	8.208007e-01
27375	9.197250e-01	5.654912e-01	2.759542e-02	3.449427e-02	1.806944e-01	1.211107e-01	4.253377e-01	5.846566e-01
6565	7.928706e-01	5.576188e-01	2.820161e-02	3.525201e-02	1.846637e-01	1.694430e-01	2.169273e-01	9.126596e-01
28935	7.535046e-01	8.403405e-01	4.397585e-02	5.496981e-02	2.879532e-01	1.336277e-01	3.743582e-01	2.487700e-01
8909	5.736625e-01	2.926004e-01	4.354656e-02	5.443320e-02	2.851422e-01	1.563564e-01	8.371532e-01	2.165620e-01
10800	5.536562e-01	7.095917e-01	3.469485e-02	4.336856e-02	2.271813e-01	8.950466e-02	9.334869e-01	2.837386e-01
4661	2.140476e-01	3.968674e-01	2.920447e-02	3.650559e-02	1.912304e-01	5.027062e-02	7.563583e-02	7.239291e-01
3519	8.936381e-01	1.211618e-01	3.532691e-02	4.415864e-02	2.313201e-01	1.092276e-01	7.709956e-01	1.097060e-01
4839	4.978043e-01	7.565042e-01	6.085931e-02	7.607414e-02	3.985058e-01	3.000320e-01	3.425583e-01	6.920463e-01
16256	5.590424e-01	8.036883e-01	4.912298e-02	6.140373e-02	3.216565e-01	3.200102e-01	1.275527e-01	2.003875e-01
32324	9.116959e-01	1.872356e-01	2.367159e-02	2.958949e-02	1.550012e-01	1.480298e-01	9.277944e-02	9.991821e-01
30652	9.114945e-02	5.740619e-01	3.004427e-02	3.755534e-02	1.967294e-01	1.506261e-01	6.991336e-01	1.443697e-01
29615	2.577038e-01	4.918504e-01	2.726845e-02	3.408557e-02	1.785534e-01	1.742408e-01	6.472151e-01	8.608743e-01
14225	8.201491e-01	7.768869e-01	2.137180e-02	2.671475e-02	1.399422e-01	1.191100e-01	8.293447e-01	5.909443e-01
19107	1.809781e-01	6.728648e-01	3.092887e-02	3.866109e-02	2.025218e-01	1.643652e-01	9.407165e-01	2.556522e-01
13405	6.289145e-01	4.053785e-01	2.440032e-02	3.050040e-02	1.597729e-01	7.681886e-02	6.020751e-01	9.592633e-01
6899	6.578878e-01	7.410015e-02	3.824773e-02	4.780966e-02	2.504455e-01	2.389352e-01	1.821306e-01	4.401089e-02
16511	9.488522e-02	8.003633e-01	5.211973e-02	6.514967e-02	3.412792e-01	3.205748e-01	6.834178e-01	3.213818e-01
10825	2.463993e-01	9.041178e-01	2.650965e-02	3.313707e-02	1.735848e-01	1.527901e-01	1.920320e-02	5.702165e-01
6181	8.863912e-01	2.194589e-01	2.272276e-02	2.840345e-02	1.487883e-01	8.730024e-02	4.414556e-01	5.770471e-01
26501	7.845528e-01	6.193181e-01	2.296740e-02	2.870925e-02	1.503902e-01	4.099597e-02	9.182882e-01	8.035296e-01
16560	8.034197e-01	4.179620e-01	2.798300e-02	3.497875e-02	1.832322e-01	8.328776e-02	9.743178e-01	2.959362e-01
16230	4.653660e-01	2.149574e-01	2.900872e-02	3.626090e-02	1.899487e-01	9.463789e-02	9.604729e-03	3.295006e-01
32390	1.304512e-01	4.230041e-01	3.781430e-02	4.726787e-02	2.476074e-01	1.553249e-01	7.606480e-01	9.811794e-01
