14496	3.936231e-01	8.264973e-01	3.066136e-02	3.832670e-02	2.007701e-01	8.784001e-02	9.321360e-01	2.494209e-01
19240	3.793910e-01	5.631658e-01	3.214680e-02	4.018350e-02	2.104967e-01	1.574601e-01	3.676710e-02	7.718294e-01
8568	9.373027e-01	3.587200e-01	2.729536e-02	3.411920e-02	1.787296e-01	1.312181e-01	4.196237e-01	3.364215e-01
7690	4.057772e-01	7.895065e-01	3.421458e-02	4.276822e-02	2.240365e-01	2.021950e-01	1.155797e-01	5.658604e-01
5138	9.025731e-01	1.318404e-01	4.739862e-02	5.924828e-02	3.103655e-01	1.354640e-01	9.079199e-01	1.101650e-01
15514	6.618341e-01	1.822189e-01	2.520120e-02	3.150150e-02	1.650171e-01	1.563813e-01	6.720897e-01	9.106492e-01
5457	7.187701e-01	3.958431e-01	2.196151e-02	2.745189e-02	1.438036e-01	8.811155e-02	9.787379e-01	9.264423e-01
12909	3.675061e-02	2.928149e-01	2.072387e-02	2.590484e-02	1.356996e-01	1.147802e-01	5.626528e-01	6.663783e-01
28687	5.744800e-01	1.220537e-01	3.019297e-02	3.774122e-02	1.977031e-01	1.161610e-01	1.903447e-01	9.243233e-01
24840	5.064353e-01	7.715980e-01	2.159462e-02	2.699327e-02	1.414012e-01	1.377240e-01	2.398439e-01	8.818378e-01
27230	6.593530e-01	4.541351e-01	2.145481e-02	2.681851e-02	1.404858e-01	1.130422e-01	1.990999e-02	7.980850e-02
24245	1.815621e-01	8.489610e-01	2.338024e-02	2.922529e-02	1.530934e-01	1.003641e-01	8.210881e-03	2.480407e-01
13269	8.721592e-01	5.313137e-01	2.674815e-02	3.343518e-02	1.751464e-01	4.807347e-02	4.435644e-01	3.184573e-01
9811	8.443208e-01	9.303508e-01	3.467480e-02	4.334350e-02	2.270501e-01	1.448273e-01	8.330909e-01	5.662124e-01
31287	8.336897e-01	6.642966e-01	3.858333e-02	4.822916e-02	2.526430e-01	2.283442e-01	3.484204e-01	1.804752e-01
11590	1.853775e-01	4.937054e-01	2.938682e-02	3.673352e-02	1.924244e-01	1.109258e-01	4.960211e-01	9.769576e-01
5171	3.821034e-01	1.605138e-01	3.010684e-02	3.763355e-02	1.971391e-01	1.737174e-01	7.934529e-01	6.503590e-01
24584	2.895610e-01	3.473006e-01	2.736584e-02	3.420730e-02	1.791911e-01	5.978628e-02	5.682823e-01	9.983818e-01
22913	3.561587e-01	9.460449e-01	2.624592e-02	3.280740e-02	1.718579e-01	5.381900e-02	7.630601e-01	3.517310e-01
11881	6.942530e-01	2.467886e-01	2.386196e-02	2.982745e-02	1.562477e-01	9.253922e-02	2.100514e-01	3.249340e-01
20716	1.396392e-01	6.665744e-01	2.172445e-02	2.715557e-02	1.422514e-01	1.305286e-01	5.693475e-01	2.860396e-01
28512	1.846078e-01	2.806149e-01	2.770960e-02	3.463700e-02	1.814420e-01	1.467625e-01	6.681527e-01	1.984037e-01
24015	1.991797e-01	7.492938e-01	3.012343e-02	3.765429e-02	1.972478e-01	1.627363e-01	4.458656e-01	3.665740e-01
28449	5.161947e-01	9.154552e-01	2.509835e-02	3.137294e-02	1.643436e-01	1.078667e-01	4.103837e-01	6.708877e-01
18772	2.783135e-01	1.907483e-01	5.144760e-02	6.430951e-02	3.368781e-01	2.131250e-01	7.911881e-01	4.666196e-02
5705	7.425395e-01	6.293826e-01	6.450286e-02	8.062858e-02	4.223638e-01	2.135930e-01	1.011965e-01	3.846974e-01
17707	5.835585e-01	8.687417e-01	4.537153e-02	5.671441e-02	2.970920e-01	2.650843e-01	5.456211e-01	4.286445e-01
15844	1.113601e-01	2.576554e-01	7.258102e-02	9.072627e-02	4.752594e-01	4.751219e-01	5.711115e-01	8.969560e-01
23976	2.491145e-01	8.756168e-01	5.995771e-02	7.494713e-02	3.926021e-01	2.736273e-01	7.692640e-01	3.298278e-01
12282	4.754227e-01	1.964228e-01	2.293761e-02	2.867201e-02	1.501951e-01	8.763194e-02	5.366665e-01	8.652713e-01
12267	1.199909e-01	8.324392e-01	2.258956e-02	2.823695e-02	1.479161e-01	1.281459e-01	9.859990e-01	3.497857e-01
25918	4.583151e-01	8.195494e-01	2.231537e-02	2.789421e-02	1.461207e-01	4.518517e-02	7.600482e-02	5.974312e-01
30915	1.506457e-01	1.735701e-01	6.547480e-02	8.184350e-02	4.287279e-01	3.050934e-01	4.129173e-02	2.553419e-01
9158	1.336742e-01	5.033607e-01	2.382066e-02	2.977582e-02	1.559773e-01	9.963339e-02	3.247276e-01	6.749520e-01
13342	7.213210e-01	7.559356e-01	6.478607e-02	8.098258e-02	4.242182e-01	2.256175e-01	9.157497e-01	4.247576e-01
28825	3.975182e-01	7.282903e-01	2.720429e-02	3.400537e-02	1.781333e-01	5.027763e-02	1.579092e-01	9.716526e-01
7076	7.107086e-01	1.854038e-01	2.195567e-02	2.744459e-02	1.437654e-01	6.435618e-02	8.900300e-01	8.264957e-01
23714	6.628455e-01	9.692791e-01	2.897783e-02	3.622229e-02	1.897464e-01	1.358755e-01	2.247884e-01	3.770211e-01
23851	4.916093e-01	5.412547e-01	7.002534e-02	8.753167e-02	4.585248e-01	4.199044e-01	1.552981e-01	6.227345e-01
30109	5.510109e-01	6.768837e-01	2.079317e-02	2.599147e-02	1.361534e-01	1.132799e-01	2.388756e-01	9.121118e-02
6378	9.376784e-01	3.273167e-01	3.012045e-02	3.765056e-02	1.972282e-01	5.326990e-02	3.245111e-02	7.066650e-01
20497	6.651703e-01	3.383590e-01	2.767864e-02	3.459830e-02	1.812393e-01	1.812393e-01	4.639055e-01	4.371739e-02
18704	8.722854e-01	4.355154e-01	5.685527e-02	7.106908e-02	3.722874e-01	1.043933e-01	2.336372e-02	4.201065e-01
1499	3.568219e-01	8.026937e-01	2.470142e-02	3.087677e-02	1.617445e-01	9.619463e-02	9.993393e-01	2.881460e-01
21628	7.099491e-01	5.452203e-01	5.944201e-02	7.430251e-02	3.892253e-01	3.890204e-01	7.137547e-01	4.875543e-01
403	5.744925e-01	3.615377e-01	7.759469e-02	9.699336e-02	5.080888e-01	2.789081e-01	9.908179e-01	2.687894e-01
12120	3.879025e-01	8.824551e-01	4.223910e-02	5.279887e-02	2.765809e-01	2.714866e-01	2.947854e-01	4.631673e-01
5289	1.653254e-01	6.801330e-01	2.916806e-02	3.646008e-02	1.909920e-01	8.924929e-02	7.991317e-02	1.121261e-01
1714	8.210975e-01	7.451921e-01	2.542508e-02	3.178135e-02	1.664830e-01	1.217365e-01	5.111001e-01	2.831295e-02
22507	7.971168e-02	1.242897e-01	6.642633e-02	8.303292e-02	4.349586e-01	3.794719e-01	3.000599e-01	4.797447e-01
8594	2.479442e-01	9.841623e-02	2.447518e-02	3.059397e-02	1.602631e-01	1.567234e-01	2.262021e-01	6.398021e-01
2173	7.923126e-01	7.158588e-01	2.157774e-02	2.697217e-02	1.412907e-01	5.785243e-02	4.351067e-01	2.019683e-01
30619	4.453908e-01	7.694437e-02	4.402361e-02	5.502952e-02	2.882659e-01	2.296981e-01	4.055569e-01	9.265803e-01
17595	4.642073e-01	3.373716e-01	3.918670e-02	4.898338e-02	2.565939e-01	1.324543e-01	3.638637e-01	2.694638e-01
31168	8.375264e-01	3.986536e-01	2.817198e-02	3.521498e-02	1.844697e-01	1.401376e-01	6.064572e-02	6.708488e-01
6624	4.439669e-01	9.077421e-01	3.045655e-02	3.807068e-02	1.994290e-01	7.863302e-02	8.878503e-01	2.617831e-01
17796	5.069921e-01	4.405658e-01	6.013127e-02	7.516409e-02	3.937386e-01	3.280689e-01	8.709870e-02	6.664242e-01
27720	7.584435e-01	1.019020e-01	4.656210e-02	5.820262e-02	3.048879e-01	2.789248e-01	3.453486e-01	5.732582e-01
25253	1.091703e-01	9.220499e-01	4.259498e-02	5.324373e-02	2.789113e-01	2.572047e-01	5.950466e-01	5.328092e-01
4202	8.017074e-01	5.354326e-01	2.644038e-02	3.305047e-02	1.731312e-01	1.487723e-01	8.432471e-03	8.275083e-01
31418	3.079396e-01	2.833824e-01	4.898078e-02	6.122598e-02	3.207254e-01	1.640316e-01	2.350135e-01	8.709915e-01
23976	1.175792e-01	3.516515e-01	2.192877e-02	2.741097e-02	1.435893e-01	1.018565e-01	7.711181e-01	2.208835e-01
30961	2.074921e-01	5.392907e-01	3.539348e-02	4.424185e-02	2.317560e-01	1.462754e-01	4.890374e-01	4.101788e-01
32049	3.199935e-01	1.239109e-01	3.324499e-02	4.155624e-02	2.176877e-01	2.049425e-01	4.568666e-01	7.635310e-01
30855	7.154359e-02	4.441440e-01	2.208260e-02	2.760324e-02	1.445965e-01	1.327879e-01	2.460573e-01	3.230308e-01
65	1.746741e-01	7.708717e-02	3.345490e-02	4.181863e-02	2.190622e-01	1.985705e-01	6.430132e-01	2.734941e-01
29636	6.766608e-01	9.190453e-01	2.894919e-02	3.618648e-02	1.895588e-01	1.434858e-01	2.938527e-01	1.641624e-01
16051	9.307607e-01	6.267299e-01	3.547751e-02	4.434689e-02	2.323062e-01	1.286477e-01	1.442190e-01	3.481162e-01
21211	9.015512e-01	8.886724e-01	3.233592e-02	4.041990e-02	2.117351e-01	1.818584e-01	9.098994e-01	2.744013e-01
18060	9.435153e-01	8.225211e-01	2.716941e-02	3.396177e-02	1.779049e-01	6.384077e-02	8.758379e-01	2.103848e-01
7568	4.942921e-01	6.705067e-01	2.196356e-02	2.745445e-02	1.438170e-01	1.076385e-01	6.050993e-01	5.744568e-01
29224	4.222285e-01	7.332388e-01	2.380077e-02	2.975097e-02	1.558471e-01	4.742644e-02	5.046405e-01	7.335673e-01
21153	2.558113e-01	3.346360e-01	2.078132e-02	2.597665e-02	1.360757e-01	9.997773e-02	2.604771e-02	2.428008e-01
25645	6.302460e-01	7.031360e-01	3.410912e-02	4.263640e-02	2.233460e-01	6.462532e-02	9.781553e-01	7.516673e-01
4256	1.222880e-01	4.317036e-01	2.822775e-02	3.528468e-02	1.848348e-01	1.577464e-01	9.729241e-01	6.256158e-01
20605	4.882768e-01	6.358439e-01	2.109415e-02	2.636769e-02	1.381242e-01	1.298889e-01	3.973871e-01	4.251711e-01
7714	3.907523e-01	9.194289e-02	5.503441e-02	6.879301e-02	3.603644e-01	3.603426e-01	8.891632e-01	6.264739e-01
