32607	1.138787e-01	8.999858e-01	7.616677e-02	9.520846e-02	4.987388e-01	4.987345e-01	5.703246e-01	8.410676e-01
5862	8.788081e-01	3.297202e-01	5.657127e-02	7.071409e-02	3.704278e-01	3.364628e-01	1.909567e-01	1.743999e-01
11403	5.877226e-01	4.689238e-01	2.571955e-02	3.214944e-02	1.684112e-01	1.520692e-01	9.206555e-01	6.548971e-01
30498	3.044978e-01	9.214989e-01	2.867386e-02	3.584232e-02	1.877560e-01	9.909539e-02	9.244902e-01	7.153113e-01
1814	3.387213e-01	7.940027e-01	2.313372e-02	2.891715e-02	1.514792e-01	1.514775e-01	2.620955e-01	2.508340e-01
14357	8.358543e-01	8.610725e-01	3.439245e-02	4.299057e-02	2.252013e-01	9.332280e-02	6.646499e-01	6.518824e-02
28763	7.032892e-01	7.247343e-01	2.401254e-02	3.001568e-02	1.572338e-01	6.571066e-02	2.135585e-01	3.104340e-02
16953	8.978476e-01	8.532391e-01	3.527184e-02	4.408980e-02	2.309595e-01	2.262224e-01	6.944689e-01	2.812570e-02
17886	6.446942e-01	6.417260e-01	5.178674e-02	6.473342e-02	3.390987e-01	2.226811e-01	7.233513e-01	1.095478e-01
2471	2.389736e-01	2.276904e-01	6.560214e-02	8.200268e-02	4.295618e-01	3.996010e-01	1.346987e-01	7.240439e-01
24610	4.466394e-01	9.182903e-01	3.676769e-02	4.595961e-02	2.407543e-01	1.067769e-01	1.366727e-01	4.984697e-01
6	8.827041e-01	9.247981e-01	3.854489e-02	4.818112e-02	2.523914e-01	2.257623e-01	5.382600e-02	7.117752e-01
23466	4.534162e-01	7.949847e-01	6.259444e-02	7.824306e-02	4.098674e-01	3.915926e-01	6.313687e-01	7.822893e-01
23493	2.872686e-01	4.896449e-02	4.463586e-02	5.579482e-02	2.922749e-01	2.919121e-01	5.518325e-01	5.486057e-01
22716	2.015491e-01	3.317543e-01	4.509536e-02	5.636920e-02	2.952837e-01	2.879896e-01	6.391602e-01	2.254143e-01
16955	2.012729e-01	9.043513e-02	2.847218e-02	3.559022e-02	1.864354e-01	1.427181e-01	4.272820e-01	5.681526e-01
17946	6.982031e-01	4.522462e-01	4.184032e-02	5.230040e-02	2.739697e-01	1.114564e-01	7.700067e-01	8.032556e-01
12607	3.399783e-01	1.295118e-01	2.450034e-02	3.062543e-02	1.604279e-01	1.055941e-01	2.521074e-01	6.034281e-01
19900	7.473382e-01	9.686497e-01	2.894059e-02	3.617573e-02	1.895025e-01	6.215932e-02	6.164885e-01	1.098219e-01
30449	7.823452e-01	4.582141e-01	5.827857e-02	7.284822e-02	3.816072e-01	3.385152e-01	1.648710e-01	5.095162e-01
118	9.112398e-02	6.142439e-01	2.830453e-02	3.538067e-02	1.853377e-01	1.530564e-01	7.773201e-01	3.259549e-01
9023	3.540475e-01	6.596100e-01	6.987673e-02	8.734591e-02	4.575517e-01	2.245423e-01	9.583911e-01	5.270629e-01
16230	2.705793e-01	4.534467e-01	7.267809e-02	9.084761e-02	4.758950e-01	4.360542e-01	7.890114e-01	4.036507e-01
29390	5.500658e-01	1.766902e-01	2.173472e-02	2.716840e-02	1.423186e-01	1.303995e-01	3.558779e-01	6.252616e-01
17430	1.086706e-01	2.648616e-01	2.391150e-02	2.988938e-02	1.565721e-01	1.078659e-01	1.061678e-01	8.643359e-01
25719	2.179398e-01	8.404540e-01	7.422886e-02	9.278608e-02	4.860494e-01	1.643070e-01	3.965326e-01	2.187593e-01
24753	9.014976e-01	1.094615e-01	5.925914e-02	7.407393e-02	3.880280e-01	3.859926e-01	7.152908e-02	7.327883e-01
26025	5.688334e-01	6.198672e-01	2.343722e-02	2.929653e-02	1.534666e-01	6.758302e-02	7.098911e-01	1.958142e-01
9239	7.362314e-01	5.538860e-01	3.756634e-02	4.695792e-02	2.459838e-01	1.493941e-01	7.832673e-01	6.296162e-02
10874	7.907353e-01	2.778201e-01	3.006866e-02	3.758583e-02	1.968891e-01	1.953063e-01	1.634137e-01	5.611097e-01
8144	8.172374e-01	5.253249e-01	2.085548e-02	2.606935e-02	1.365613e-01	9.765926e-02	1.342833e-01	9.008849e-01
2845	3.683165e-01	3.289154e-01	5.685807e-02	7.107259e-02	3.723058e-01	3.550332e-01	2.674121e-01	6.542827e-01
25606	6.637620e-01	5.707405e-02	2.446995e-02	3.058743e-02	1.602288e-01	1.538015e-01	2.159481e-01	1.670409e-01
781	3.726268e-01	5.692038e-01	4.337181e-02	5.421477e-02	2.839980e-01	2.830786e-01	2.727993e-01	8.398358e-01
22691	8.521778e-01	1.199332e-01	2.073696e-02	2.592120e-02	1.357853e-01	7.963972e-02	2.292916e-01	6.517568e-01
15229	4.948829e-01	4.878865e-01	7.588113e-02	9.485141e-02	4.968684e-01	4.574833e-01	7.464630e-01	5.649742e-01
21193	1.436458e-01	6.646821e-01	2.110899e-02	2.638624e-02	1.382214e-01	1.382182e-01	9.757213e-01	1.311198e-01
26257	3.201970e-01	3.777073e-01	5.372312e-02	6.715390e-02	3.517781e-01	3.411993e-01	9.090241e-01	8.194268e-01
24230	7.751272e-01	6.850923e-01	3.956704e-02	4.945880e-02	2.590843e-01	6.917467e-02	7.223334e-01	8.110931e-01
18243	2.232834e-01	7.248832e-01	3.006032e-02	3.757540e-02	1.968345e-01	1.924978e-01	5.468876e-01	5.019844e-01
19573	3.763783e-01	8.884243e-01	2.286232e-02	2.857790e-02	1.497021e-01	9.227030e-02	3.722764e-01	7.235769e-01
11232	1.002129e-01	7.655398e-01	4.584880e-02	5.731100e-02	3.002173e-01	2.336192e-01	9.276614e-01	5.206106e-01
15233	3.025388e-01	2.627692e-01	4.636796e-02	5.795995e-02	3.036167e-01	1.315554e-01	2.383287e-01	2.584067e-01
23512	2.217465e-01	3.851522e-01	2.271269e-02	2.839086e-02	1.487223e-01	1.483182e-01	6.036224e-01	3.753694e-01
29608	5.347496e-01	9.389298e-01	2.792531e-02	3.490663e-02	1.828545e-01	1.826054e-01	5.363691e-01	1.875933e-01
9498	8.427217e-01	5.849847e-01	4.538540e-02	5.673174e-02	2.971829e-01	1.341274e-01	8.687617e-01	1.342841e-01
16358	8.933232e-01	6.294158e-01	4.122762e-02	5.153453e-02	2.699578e-01	1.147683e-01	5.540622e-01	5.515242e-01
10309	9.174966e-01	5.402516e-01	2.632001e-02	3.290002e-02	1.723430e-01	1.429781e-01	1.090052e-01	8.934627e-01
21948	1.516366e-01	1.234136e-01	4.279382e-02	5.349228e-02	2.802133e-01	2.246582e-01	8.620524e-01	8.092301e-01
1860	3.953332e-01	3.769076e-01	5.696322e-02	7.120402e-02	3.729943e-01	2.247095e-01	7.586226e-01	3.461337e-01
25472	4.608517e-01	4.304488e-01	2.520951e-02	3.151189e-02	1.650715e-01	1.191487e-01	2.971274e-01	4.676453e-01
10677	4.533021e-01	2.226357e-01	2.731390e-02	3.414238e-02	1.788510e-01	6.844036e-02	8.739648e-01	9.402475e-01
24903	8.327026e-01	4.803211e-01	3.450600e-02	4.313250e-02	2.259447e-01	1.931326e-01	9.966034e-01	4.609829e-01
1910	5.388875e-01	1.427353e-01	2.238178e-02	2.797723e-02	1.465556e-01	6.282231e-02	6.061903e-01	1.366692e-01
471	4.440891e-01	5.498826e-01	2.736588e-02	3.420734e-02	1.791913e-01	1.550609e-01	1.812583e-01	7.832999e-01
30787	8.518086e-01	6.311356e-01	3.798770e-02	4.748462e-02	2.487429e-01	2.485854e-01	7.499388e-01	1.376877e-01
14089	5.291271e-01	3.828867e-01	4.104092e-02	5.130114e-02	2.687353e-01	2.604677e-01	2.390219e-01	1.685783e-01
16226	4.356156e-01	3.825000e-01	2.463998e-02	3.079997e-02	1.613422e-01	1.548758e-01	2.773532e-01	3.830552e-01
7873	8.198705e-01	3.414063e-01	3.075525e-02	3.844406e-02	2.013849e-01	6.589687e-02	7.338538e-02	3.578423e-01
16701	4.284242e-01	1.842144e-01	3.051299e-02	3.814124e-02	1.997986e-01	1.440458e-01	3.321351e-02	6.934050e-01
1104	6.432007e-01	4.613072e-01	3.274056e-02	4.092570e-02	2.143847e-01	1.514714e-01	4.355115e-02	4.801154e-01
5169	7.897959e-01	3.525960e-01	2.859496e-02	3.574370e-02	1.872394e-01	1.814807e-01	4.930700e-01	9.778719e-01
1202	5.726060e-01	9.634926e-02	2.436313e-02	3.045391e-02	1.595294e-01	1.158541e-01	2.643879e-01	6.735742e-01
22720	3.082074e-01	6.269676e-01	2.446004e-02	3.057505e-02	1.601640e-01	1.561876e-01	1.294889e-01	6.970594e-01
18479	7.681988e-01	1.154992e-01	2.960708e-02	3.700885e-02	1.938667e-01	9.949421e-02	6.884759e-02	6.940413e-01
26905	6.780674e-01	3.284204e-01	2.207813e-02	2.759766e-02	1.445672e-01	9.875268e-02	3.133195e-01	5.499942e-01
22306	2.730565e-02	3.823193e-01	2.338312e-02	2.922890e-02	1.531123e-01	1.514710e-01	6.692265e-01	3.722517e-01
12712	5.145325e-01	3.254962e-01	2.223160e-02	2.778950e-02	1.455722e-01	7.865802e-02	2.788264e-01	1.042979e-01
7553	1.160607e-01	1.965900e-01	2.144691e-02	2.680863e-02	1.404340e-01	4.782614e-02	4.708970e-01	2.139197e-01
31075	5.226847e-01	2.193973e-01	3.851212e-02	4.814015e-02	2.521767e-01	2.169681e-01	6.887149e-01	4.931140e-01
16218	4.505869e-01	3.130914e-01	2.064658e-02	2.580823e-02	1.351935e-01	4.409033e-02	5.314285e-01	4.688520e-01
