18125	6.280203e-01	4.859188e-01	3.706771e-02	4.633463e-02	2.427188e-01	6.678256e-02	4.760429e-01	6.040103e-01
27178	8.698790e-01	2.852025e-01	3.644122e-02	4.555153e-02	2.386165e-01	1.262943e-01	4.165150e-01	6.889643e-01
20581	4.926970e-01	1.364037e-01	2.961086e-02	3.701358e-02	1.938915e-01	1.252736e-01	2.134188e-01	2.334839e-01
26609	8.121773e-01	6.623178e-01	4.702561e-02	5.878201e-02	3.079230e-01	2.171115e-01	7.677006e-01	4.668184e-01
30543	8.603864e-01	7.538844e-01	2.462094e-02	3.077617e-02	1.612175e-01	1.445872e-01	1.300351e-01	3.737707e-01
27777	2.319617e-01	3.485370e-01	4.234141e-02	5.292676e-02	2.772509e-01	1.162678e-01	4.598627e-01	7.474167e-01
12751	6.244284e-01	8.131902e-01	5.322054e-02	6.652568e-02	3.484873e-01	1.213926e-01	9.170133e-01	7.582599e-01
7208	2.326636e-01	4.637569e-01	2.078776e-02	2.598470e-02	1.361179e-01	3.939823e-02	4.241322e-01	9.579205e-01
2896	6.965183e-01	1.299545e-01	6.209428e-02	7.761785e-02	4.065924e-01	4.037464e-01	4.559817e-01	8.137203e-01
22037	4.607418e-01	1.149174e-01	3.276257e-02	4.095321e-02	2.145288e-01	1.651642e-01	8.881723e-01	5.656311e-01
19360	3.509776e-01	3.704510e-01	6.055006e-02	7.568758e-02	3.964809e-01	3.454291e-01	2.123450e-01	7.510261e-01
20554	3.565773e-01	3.630301e-02	2.375503e-02	2.969379e-02	1.555476e-01	5.967953e-02	5.285283e-01	9.024993e-01
2011	3.967957e-01	7.093459e-01	3.704509e-02	4.630637e-02	2.425707e-01	1.912450e-01	3.226233e-01	8.935881e-01
24627	3.497675e-01	1.952923e-01	2.946662e-02	3.683327e-02	1.929470e-01	1.606938e-01	8.720271e-02	3.793578e-01
26797	7.100255e-01	3.032642e-01	2.389571e-02	2.986963e-02	1.564687e-01	1.378351e-01	9.096948e-01	5.703299e-01
16883	1.046165e-01	9.139613e-01	2.684131e-02	3.355163e-02	1.757565e-01	1.725383e-01	1.089907e-01	7.369196e-01
30661	7.393380e-01	6.510850e-01	7.137893e-02	8.922366e-02	4.673881e-01	3.384376e-01	3.501140e-01	1.655101e-01
31503	5.543790e-01	4.225895e-01	4.645871e-02	5.807338e-02	3.042109e-01	2.954372e-01	9.239010e-01	4.644416e-01
25342	3.058220e-01	6.636272e-01	2.780861e-02	3.476076e-02	1.820903e-01	7.360596e-02	1.334881e-01	6.635337e-01
26308	3.232786e-01	6.357227e-02	3.998544e-02	4.998180e-02	2.618240e-01	1.840410e-01	8.363628e-01	2.002463e-01
6627	8.203645e-01	3.531079e-01	2.573389e-02	3.216736e-02	1.685051e-01	7.782353e-02	5.582076e-01	9.448448e-01
12892	2.751352e-01	4.777447e-01	7.603441e-02	9.504302e-02	4.978722e-01	1.603721e-01	4.971557e-01	8.082752e-01
30335	9.205445e-01	7.945871e-01	4.153665e-02	5.192081e-02	2.719813e-01	2.302768e-01	2.232805e-01	6.658313e-01
32468	9.221055e-01	2.660273e-01	2.143844e-02	2.679805e-02	1.403786e-01	5.453417e-02	1.419883e-01	3.673797e-02
28916	3.738235e-01	1.240039e-01	2.257975e-02	2.822469e-02	1.478518e-01	1.477745e-01	8.535674e-01	7.702722e-01
19962	2.416097e-01	9.673811e-01	2.399956e-02	2.999945e-02	1.571487e-01	1.415389e-01	9.554168e-01	7.772127e-01
10741	3.454482e-01	7.870773e-01	4.523715e-02	5.654643e-02	2.962121e-01	8.993658e-02	2.832183e-01	1.827210e-01
26247	3.314231e-01	2.445471e-01	2.262544e-02	2.828180e-02	1.481510e-01	1.025058e-01	3.590111e-01	6.062573e-01
8266	7.634722e-01	8.488550e-01	5.173069e-02	6.466337e-02	3.387318e-01	3.291955e-01	7.601081e-01	8.166796e-01
22546	5.778394e-01	7.423181e-01	5.390423e-02	6.738028e-02	3.529640e-01	3.527747e-01	5.705726e-01	3.681398e-01
956	9.005586e-01	5.323310e-01	2.090475e-02	2.613093e-02	1.368840e-01	1.263947e-01	8.732150e-01	3.377378e-01
14721	7.147395e-01	5.145049e-01	2.577906e-02	3.222382e-02	1.688009e-01	1.584817e-01	5.319022e-01	8.235002e-01
9999	9.329129e-01	9.061535e-01	2.057848e-02	2.572310e-02	1.347475e-01	9.918840e-02	3.952570e-01	5.163893e-01
25694	8.201808e-01	9.154496e-01	4.241931e-02	5.302414e-02	2.777610e-01	1.267895e-01	4.755245e-01	4.461064e-01
18147	6.903878e-01	6.683870e-01	3.326650e-02	4.158312e-02	2.178285e-01	1.044094e-01	8.110851e-01	8.069108e-01
10490	7.868390e-01	1.787180e-01	5.054091e-02	6.317614e-02	3.309411e-01	3.305684e-01	4.163577e-01	5.093958e-01
9003	6.893402e-01	4.509121e-01	4.126678e-02	5.158348e-02	2.702143e-01	9.473050e-02	5.098890e-01	1.254561e-01
14380	7.417420e-01	5.275477e-01	2.717815e-02	3.397269e-02	1.779621e-01	1.772722e-01	5.348291e-02	2.098273e-01
15614	5.565589e-01	9.302217e-01	2.806709e-02	3.508386e-02	1.837829e-01	1.766567e-01	3.595349e-01	2.621528e-01
19908	9.619875e-01	6.065764e-01	2.585166e-02	3.231457e-02	1.692763e-01	1.692682e-01	3.014504e-01	5.108114e-01
2350	1.995698e-01	4.323439e-01	3.288314e-02	4.110392e-02	2.153183e-01	1.794622e-01	4.304705e-01	1.074416e-01
24169	5.803332e-01	5.672531e-01	2.413690e-02	3.017113e-02	1.580481e-01	1.487839e-01	2.335034e-01	7.753066e-01
22321	1.880272e-01	1.423455e-01	3.183111e-02	3.978889e-02	2.084296e-01	1.257267e-01	4.342392e-01	7.121413e-01
7484	5.125438e-01	7.359223e-02	2.871663e-02	3.589579e-02	1.880360e-01	1.795704e-01	3.803569e-01	7.955171e-01
16022	5.191958e-01	1.590967e-01	2.480120e-02	3.100150e-02	1.623979e-01	1.091558e-01	1.085462e-01	9.772884e-01
17141	3.343679e-01	4.132247e-01	3.205327e-02	4.006659e-02	2.098843e-01	7.293572e-02	3.015692e-01	2.922653e-01
6648	1.493844e-01	5.881879e-02	4.076780e-02	5.095975e-02	2.669469e-01	1.561561e-01	3.330728e-01	7.140793e-02
13668	1.261486e-01	4.970872e-01	2.314094e-02	2.892617e-02	1.515265e-01	1.375606e-01	4.622203e-01	4.681428e-01
2635	8.679983e-01	5.883643e-01	3.110918e-02	3.888648e-02	2.037025e-01	1.472882e-01	9.682389e-01	3.645743e-01
19846	6.967859e-02	4.524499e-01	2.638528e-02	3.298160e-02	1.727704e-01	1.661940e-01	2.918158e-01	7.241642e-01
27554	6.418646e-01	8.874697e-01	2.839775e-02	3.549718e-02	1.859480e-01	1.572465e-01	6.173197e-01	4.013956e-01
915	2.107716e-01	8.717700e-01	3.708327e-02	4.635409e-02	2.428207e-01	2.428207e-01	2.441405e-01	4.793275e-01
17731	9.467934e-02	2.876966e-01	6.972592e-02	8.715740e-02	4.565643e-01	3.505515e-01	1.603111e-01	9.732547e-01
9529	3.225487e-01	3.134775e-01	4.199329e-02	5.249162e-02	2.749714e-01	1.235288e-01	8.094644e-01	9.641105e-01
20139	3.096894e-01	7.529588e-01	4.543839e-02	5.679798e-02	2.975299e-01	1.872091e-01	6.080619e-01	6.019921e-01
19157	9.272739e-01	5.989550e-01	2.586528e-02	3.233161e-02	1.693655e-01	1.433816e-01	6.405066e-01	3.689963e-01
7134	1.741738e-01	9.660290e-02	2.578504e-02	3.223129e-02	1.688400e-01	1.428091e-01	3.097148e-01	9.568208e-01
537	9.465476e-02	7.897281e-02	2.488833e-02	3.111041e-02	1.629684e-01	1.227228e-01	3.442919e-01	3.400393e-01
20244	6.363953e-02	7.650263e-01	4.840793e-02	6.050991e-02	3.169744e-01	2.707252e-01	9.249353e-02	6.627437e-02
33	6.906060e-01	5.565363e-01	5.586252e-02	6.982815e-02	3.657869e-01	1.399081e-01	1.060888e-01	6.290140e-01
32254	8.137742e-01	7.661933e-01	2.728696e-02	3.410870e-02	1.786746e-01	1.654420e-01	1.616181e-01	5.179277e-01
31860	6.100795e-01	5.664930e-02	3.737120e-02	4.671400e-02	2.447060e-01	2.446228e-01	6.730815e-01	5.055718e-01
17443	6.047341e-01	6.051309e-01	4.826423e-02	6.033029e-02	3.160334e-01	2.245904e-01	2.765042e-01	3.432946e-01
28270	4.863691e-01	8.368099e-02	2.120737e-02	2.650922e-02	1.388656e-01	1.358595e-01	8.594732e-01	6.180691e-01
19890	4.937305e-01	6.501949e-01	4.097335e-02	5.121668e-02	2.682928e-01	1.614769e-01	6.596850e-01	8.329472e-01
29937	3.813039e-01	9.476377e-02	2.267423e-02	2.834279e-02	1.484705e-01	7.886278e-02	8.245850e-01	9.265626e-01
4782	9.189452e-01	7.194897e-01	6.232096e-02	7.790120e-02	4.080767e-01	2.263779e-01	2.655398e-01	2.846644e-01
30850	2.585911e-01	4.156961e-01	2.524887e-02	3.156109e-02	1.653292e-01	1.302929e-01	4.112538e-01	2.341576e-01
21652	9.735681e-01	2.797861e-01	2.367047e-02	2.958809e-02	1.549939e-01	1.396518e-01	8.524373e-01	4.615317e-01
10617	7.286587e-01	9.111070e-01	4.271054e-02	5.338817e-02	2.796679e-01	2.786837e-01	5.527253e-01	7.400588e-01
16385	7.862660e-01	4.306409e-01	2.414779e-02	3.018474e-02	1.581194e-01	1.575842e-01	1.978136e-01	7.524251e-01
21226	6.546332e-01	2.939748e-01	2.928519e-02	3.660649e-02	1.917590e-01	1.805444e-01	3.852149e-01	3.192791e-01
22190	2.824923e-01	6.082504e-01	5.402394e-02	6.752992e-02	3.537479e-01	3.505615e-01	9.921077e-01	9.507904e-01
22625	4.189394e-01	6.185925e-01	5.496309e-02	6.870387e-02	3.598975e-01	3.582483e-01	9.684731e-01	9.719279e-01
13629	4.113403e-01	1.595612e-01	3.954547e-02	4.943184e-02	2.589432e-01	9.530667e-02	8.670918e-01	5.271969e-01
24511	7.532528e-01	3.414234e-01	5.260401e-02	6.575501e-02	3.444502e-01	1.037767e-01	9.430540e-01	4.025075e-01
359	6.109696e-01	2.025301e-01	3.626299e-02	4.532874e-02	2.374495e-01	2.159769e-01	1.242969e-01	1.970735e-01
8771	6.316234e-01	3.992585e-01	3.900196e-02	4.875245e-02	2.553842e-01	2.545692e-01	2.054213e-01	1.664638e-01
