26251	2.713626e-01	8.652728e-01	6.321602e-02	7.902003e-02	4.139375e-01	4.113926e-01	5.231336e-01	3.879657e-01
5776	9.499785e-01	4.302891e-01	2.230478e-02	2.788098e-02	1.460514e-01	8.795055e-02	4.696071e-02	4.793282e-01
2920	3.550922e-01	3.015214e-01	3.667238e-02	4.584047e-02	2.401302e-01	7.568898e-02	4.911643e-01	3.383185e-01
19198	4.435935e-01	4.811642e-01	4.017429e-02	5.021786e-02	2.630606e-01	2.133567e-01	6.057351e-01	6.371590e-01
15388	2.936576e-01	5.016100e-01	2.305968e-02	2.882460e-02	1.509944e-01	6.881426e-02	2.994165e-01	5.147649e-01
32282	3.345819e-02	7.736152e-01	3.198379e-02	3.997973e-02	2.094293e-01	2.003658e-01	4.723106e-01	7.338157e-01
7675	7.657949e-01	9.641409e-01	2.723127e-02	3.403908e-02	1.783099e-01	7.711061e-02	9.480251e-01	6.926020e-01
7603	3.402947e-01	1.140850e-01	7.669915e-02	9.587393e-02	5.022248e-01	3.409480e-01	6.711231e-01	8.686327e-01
3689	2.730823e-01	7.076658e-01	2.068214e-02	2.585268e-02	1.354263e-01	1.341142e-01	4.630097e-01	3.631994e-01
1638	6.621254e-01	6.479018e-01	4.521129e-02	5.651411e-02	2.960428e-01	2.880395e-01	7.255466e-01	1.836093e-01
129	4.469316e-01	2.162933e-01	3.721643e-02	4.652053e-02	2.436926e-01	1.936385e-01	9.747450e-01	4.740268e-01
31634	6.778750e-01	1.962552e-01	2.799683e-02	3.499603e-02	1.833228e-01	1.237868e-01	8.176008e-01	6.374878e-01
22867	6.914169e-01	1.022656e-01	2.861093e-02	3.576366e-02	1.873439e-01	1.780641e-01	9.566054e-01	5.604240e-01
6059	3.942984e-01	5.412588e-01	2.204413e-02	2.755516e-02	1.443446e-01	5.731042e-02	6.241179e-01	3.215281e-02
25345	8.289173e-01	6.635252e-01	2.092450e-02	2.615562e-02	1.370133e-01	1.064872e-01	8.710495e-01	5.724361e-01
32476	1.253435e-01	5.857057e-01	2.774592e-02	3.468240e-02	1.816798e-01	1.528837e-01	2.361078e-01	3.588010e-01
9734	9.275563e-01	2.936973e-01	2.712088e-02	3.390110e-02	1.775871e-01	1.643372e-01	8.472091e-01	7.572882e-01
14192	1.514977e-01	5.541198e-01	2.432998e-02	3.041247e-02	1.593123e-01	1.028454e-01	3.259242e-01	6.344299e-02
25303	4.849364e-01	2.678216e-01	4.988487e-02	6.235609e-02	3.266453e-01	3.036946e-01	7.995614e-01	4.252808e-01
30870	5.915936e-01	6.317741e-01	7.079609e-02	8.849512e-02	4.635717e-01	4.553873e-01	7.816147e-01	7.788030e-01
18666	8.703505e-01	2.982595e-01	2.619995e-02	3.274994e-02	1.715569e-01	1.629815e-01	6.179922e-01	3.081338e-01
31047	2.311466e-01	2.897658e-01	3.485230e-02	4.356537e-02	2.282123e-01	9.431249e-02	2.103817e-01	3.675725e-01
10373	6.004621e-01	1.971001e-01	5.794556e-02	7.243194e-02	3.794266e-01	2.266527e-01	5.703791e-01	3.305038e-01
22361	9.247299e-02	8.954863e-01	5.002032e-02	6.252540e-02	3.275323e-01	1.392750e-01	8.528764e-01	1.424338e-01
15611	3.023995e-01	5.369365e-01	2.192968e-02	2.741210e-02	1.435952e-01	1.315949e-01	4.080092e-01	5.107847e-01
26288	1.364194e-01	4.377687e-01	4.878994e-02	6.098742e-02	3.194758e-01	1.999932e-01	4.131406e-01	3.666683e-01
6762	3.304441e-01	7.680612e-01	2.844291e-02	3.555364e-02	1.862438e-01	6.512921e-02	8.581671e-01	4.061790e-02
482	4.092742e-01	4.562047e-01	2.203738e-02	2.754672e-02	1.443004e-01	9.902214e-02	2.496987e-02	8.967382e-01
27543	2.678500e-01	2.502639e-01	3.201999e-02	4.002499e-02	2.096664e-01	1.344713e-01	1.502189e-01	2.913322e-01
16211	3.594680e-01	5.564828e-01	2.524774e-02	3.155968e-02	1.653218e-01	1.000933e-01	5.542114e-01	7.573546e-01
24176	5.376274e-02	3.902821e-01	4.743038e-02	5.928798e-02	3.105734e-01	3.094070e-01	4.056611e-01	7.594055e-01
6843	8.298595e-02	4.329621e-01	2.437973e-02	3.047466e-02	1.596381e-01	9.634993e-02	2.165280e-01	3.210707e-01
11377	8.434686e-01	8.371915e-01	6.871903e-02	8.589879e-02	4.499712e-01	2.238978e-01	6.279565e-01	5.615571e-01
7833	2.329839e-01	6.280356e-02	3.246311e-02	4.057889e-02	2.125680e-01	2.035014e-01	2.295817e-01	3.341117e-01
11199	6.870016e-01	9.069316e-01	2.487729e-02	3.109661e-02	1.628961e-01	1.545691e-01	3.118540e-01	7.918126e-01
12725	3.006730e-01	4.440922e-01	2.728675e-02	3.410843e-02	1.786732e-01	1.759392e-01	5.107405e-01	3.198260e-02
12553	8.478992e-01	2.808303e-01	2.174514e-02	2.718142e-02	1.423868e-01	1.337123e-01	5.999755e-01	9.166315e-01
27112	4.184479e-01	5.639692e-01	2.103050e-02	2.628812e-02	1.377074e-01	1.277542e-01	1.682997e-01	6.551458e-01
21911	9.172844e-01	6.822672e-01	2.403189e-02	3.003986e-02	1.573604e-01	1.436253e-01	1.650969e-02	1.244395e-01
14706	3.985470e-01	2.626154e-01	2.190786e-02	2.738482e-02	1.434523e-01	7.952895e-02	2.336300e-01	8.398311e-01
4861	1.113349e-01	3.064360e-02	2.106227e-02	2.632784e-02	1.379154e-01	9.410884e-02	2.916621e-01	9.385595e-01
3246	5.084435e-01	3.887209e-01	2.389644e-02	2.987055e-02	1.564735e-01	7.171474e-02	7.739242e-01	3.369387e-01
8456	2.374352e-01	1.397606e-01	2.130763e-02	2.663454e-02	1.395221e-01	1.116382e-01	9.084644e-01	3.973138e-01
6091	6.667648e-01	8.299803e-01	4.351140e-02	5.438924e-02	2.849119e-01	2.378807e-01	6.416218e-01	2.229508e-01
17026	5.342083e-01	9.661494e-01	2.331150e-02	2.913938e-02	1.526434e-01	1.490665e-01	3.666054e-01	9.951433e-01
14223	1.724316e-01	7.757302e-01	2.083826e-02	2.604782e-02	1.364486e-01	9.010194e-02	8.100222e-01	2.153721e-02
10158	7.427854e-01	6.608475e-01	2.168997e-02	2.711246e-02	1.420256e-01	7.102352e-02	6.546079e-01	5.647083e-01
1277	8.831365e-01	8.930316e-01	2.411422e-02	3.014277e-02	1.578995e-01	1.344052e-01	6.070249e-01	7.066751e-01
17654	1.148823e-01	2.345251e-01	3.511961e-02	4.389951e-02	2.299626e-01	1.756925e-01	5.156627e-01	6.191857e-01
22310	1.403957e-01	1.096737e-01	5.345293e-02	6.681616e-02	3.500089e-01	2.118084e-01	5.106366e-01	3.242106e-01
30463	4.272944e-01	5.184256e-02	3.288497e-02	4.110621e-02	2.153302e-01	2.053013e-01	8.262269e-01	7.908671e-01
31732	8.104022e-01	3.260923e-01	2.627853e-02	3.284817e-02	1.720714e-01	1.533226e-01	9.487166e-01	2.154203e-02
30734	4.222473e-01	1.518944e-01	3.961103e-02	4.951379e-02	2.593724e-01	2.069080e-01	2.298596e-01	5.066121e-01
19943	6.688142e-01	4.184800e-01	4.884485e-02	6.105607e-02	3.198353e-01	3.125153e-01	4.413345e-01	9.602583e-01
18027	3.100678e-01	5.754019e-02	2.659295e-02	3.324119e-02	1.741302e-01	7.092081e-02	3.323351e-02	2.289182e-01
22253	7.650297e-01	7.129977e-01	2.282695e-02	2.853368e-02	1.494705e-01	1.429867e-01	9.155117e-01	8.613316e-01
9514	8.181479e-01	4.278248e-01	2.726642e-02	3.408303e-02	1.785401e-01	1.679525e-01	7.608093e-01	3.512898e-01
3576	9.660159e-01	1.053508e-01	3.251249e-02	4.064062e-02	2.128913e-01	1.867639e-01	2.530641e-01	1.767408e-01
10163	5.503674e-01	2.726363e-01	2.165248e-02	2.706560e-02	1.417801e-01	1.376893e-01	6.961647e-01	7.040815e-01
5368	4.805732e-01	1.197710e-01	3.477941e-02	4.347426e-02	2.277350e-01	1.508233e-01	3.237363e-01	3.034473e-01
31518	9.065961e-01	7.213018e-01	2.093262e-02	2.616578e-02	1.370665e-01	1.338404e-01	2.827928e-01	7.939618e-01
3889	3.666959e-01	1.693793e-01	3.437881e-02	4.297351e-02	2.251119e-01	1.163861e-01	8.511136e-01	9.790159e-01
155	6.274059e-01	6.533870e-02	4.087108e-02	5.108885e-02	2.676232e-01	2.174094e-01	7.701706e-01	6.597605e-01
27892	6.310821e-01	2.618912e-01	2.448412e-02	3.060515e-02	1.603216e-01	5.019728e-02	7.871165e-01	8.674307e-01
22823	5.323398e-01	4.768245e-01	2.419028e-02	3.023785e-02	1.583976e-01	1.545127e-01	5.168888e-02	5.294696e-01
23780	1.993422e-01	4.789379e-01	6.661353e-02	8.326691e-02	4.361844e-01	1.744612e-01	1.313026e-02	5.981309e-01
21151	4.099848e-02	6.585307e-01	2.939284e-02	3.674105e-02	1.924639e-01	1.126896e-01	8.337872e-01	7.402452e-01
7001	1.730720e-01	6.523520e-01	2.533676e-02	3.167095e-02	1.659047e-01	1.655906e-01	2.313654e-02	4.258396e-02
12248	3.528265e-01	3.617868e-01	2.208321e-02	2.760401e-02	1.446005e-01	1.406877e-01	3.104472e-01	2.376183e-01
31244	9.407601e-01	8.253425e-01	2.795744e-02	3.494680e-02	1.830649e-01	1.690502e-01	6.380736e-01	4.428175e-02
24961	5.922269e-01	4.399696e-01	2.242286e-02	2.802858e-02	1.468246e-01	1.257737e-01	1.486914e-01	3.423968e-01
16886	6.901599e-02	6.092669e-01	2.774973e-02	3.468716e-02	1.817048e-01	1.648697e-01	3.335526e-01	6.388962e-01
8110	5.193129e-01	5.209394e-01	3.380833e-02	4.226041e-02	2.213764e-01	1.643538e-01	9.495651e-01	1.507160e-01
17115	3.617650e-01	8.234890e-01	4.274870e-02	5.343588e-02	2.799178e-01	1.561656e-01	9.399020e-01	7.582603e-01
23460	1.712722e-01	1.544407e-01	2.833035e-02	3.541294e-02	1.855067e-01	1.066919e-01	5.498708e-01	8.070188e-01
5339	1.092403e-01	7.252391e-01	3.212331e-02	4.015413e-02	2.103429e-01	9.474516e-02	3.453297e-02	9.249546e-01
32131	4.941267e-01	1.973896e-01	2.114509e-02	2.643137e-02	1.384578e-01	8.705544e-02	3.522943e-01	7.381564e-01
29240	5.590871e-01	8.619749e-01	2.185905e-02	2.732382e-02	1.431327e-01	3.795125e-02	5.648943e-01	8.095976e-01
