13967	5.907189e-01	5.488720e-01	4.916533e-02	6.145666e-02	3.219338e-01	3.164494e-01	4.719080e-01	4.198033e-01
21094	4.214679e-01	2.981611e-01	6.334833e-02	7.918541e-02	4.148039e-01	1.354608e-01	5.238292e-01	9.723565e-01
21	8.492964e-01	6.679541e-01	2.737903e-02	3.422379e-02	1.792775e-01	1.460499e-01	5.094465e-01	5.164120e-01
16146	1.718724e-01	2.947576e-01	6.951056e-02	8.688820e-02	4.551540e-01	3.707511e-01	4.597126e-01	8.661300e-01
14586	2.760804e-01	6.219661e-01	5.300321e-02	6.625401e-02	3.470642e-01	9.934390e-02	8.996513e-01	9.248014e-01
18983	7.287898e-01	1.729940e-01	2.739765e-02	3.424706e-02	1.793994e-01	1.671133e-01	8.872296e-01	2.577545e-01
3114	7.097225e-01	5.862833e-01	4.352217e-02	5.440271e-02	2.849825e-01	2.461850e-01	9.837225e-01	1.368705e-01
8803	2.281108e-01	6.649256e-01	2.683468e-02	3.354335e-02	1.757131e-01	8.903754e-02	9.477786e-01	7.135049e-01
23475	7.264381e-01	5.143761e-01	3.518673e-02	4.398341e-02	2.304021e-01	2.288508e-01	3.021408e-01	9.852486e-01
13076	3.512307e-01	2.862348e-01	2.264613e-02	2.830766e-02	1.482865e-01	1.433856e-01	8.058335e-01	3.369937e-01
18373	9.179246e-01	3.837865e-01	2.211665e-02	2.764581e-02	1.448195e-01	6.509330e-02	6.308491e-01	8.796932e-01
14795	6.071662e-01	9.278473e-01	2.797072e-02	3.496340e-02	1.831519e-01	1.206793e-01	2.794080e-01	2.525680e-01
31738	4.752582e-01	6.812629e-01	6.725598e-02	8.406997e-02	4.403911e-01	1.266392e-01	3.490808e-01	7.581191e-01
1483	8.298589e-01	4.343125e-01	4.482414e-02	5.603017e-02	2.935077e-01	2.612930e-01	3.038353e-01	6.432298e-02
2783	4.828681e-01	5.652621e-01	2.206458e-02	2.758072e-02	1.444785e-01	1.246884e-01	5.664732e-01	9.162334e-01
30597	3.611897e-01	1.811799e-01	2.550255e-02	3.187819e-02	1.669903e-01	1.534752e-01	9.689287e-01	5.499776e-01
29986	4.219944e-01	7.623466e-01	4.343959e-02	5.429948e-02	2.844417e-01	2.759831e-01	5.012910e-01	2.635446e-01
22127	4.813786e-01	5.075691e-01	3.025465e-02	3.781832e-02	1.981070e-01	1.936626e-01	8.135845e-01	8.300831e-01
8838	1.110302e-01	9.428269e-01	5.295575e-02	6.619468e-02	3.467534e-01	2.714973e-01	7.442072e-01	1.830593e-01
16715	5.839493e-02	3.060132e-01	2.133780e-02	2.667225e-02	1.397196e-01	9.204997e-02	7.698506e-01	8.919289e-01
2591	9.513483e-01	7.847931e-01	2.585240e-02	3.231551e-02	1.692811e-01	1.622628e-01	9.342158e-01	9.579816e-01
10666	4.209126e-01	5.740336e-01	4.239925e-02	5.299906e-02	2.776296e-01	2.747435e-01	7.182494e-01	1.501516e-01
15437	5.165546e-01	6.225979e-01	2.334742e-02	2.918428e-02	1.528786e-01	1.051879e-01	8.954447e-01	5.119619e-01
9147	3.639844e-01	9.095727e-01	2.094452e-02	2.618065e-02	1.371444e-01	1.210236e-01	3.914172e-01	5.636830e-01
31012	5.469379e-01	1.716938e-01	2.413046e-02	3.016308e-02	1.580059e-01	1.077714e-01	4.222526e-01	2.991830e-01
20591	7.710980e-01	2.958515e-01	6.326520e-02	7.908150e-02	4.142595e-01	2.636865e-01	4.281696e-01	2.746325e-01
21565	7.721821e-01	4.304721e-01	2.059228e-02	2.574036e-02	1.348380e-01	1.315705e-01	8.177197e-01	9.045357e-02
20757	1.421525e-01	5.455999e-01	2.284093e-02	2.855116e-02	1.495621e-01	8.006721e-02	3.803999e-02	4.385864e-01
1727	2.860019e-01	3.801017e-01	6.784315e-02	8.480393e-02	4.442359e-01	4.423213e-01	2.916567e-01	5.267199e-01
8249	5.553417e-01	8.834520e-01	3.166550e-02	3.958187e-02	2.073452e-01	7.033326e-02	1.182913e-01	7.138177e-01
870	4.587110e-01	8.314292e-01	3.852635e-02	4.815794e-02	2.522699e-01	1.476380e-01	2.954041e-02	8.115403e-01
8650	5.716756e-01	7.216817e-01	5.097242e-02	6.371552e-02	3.337666e-01	2.044936e-01	9.984715e-01	4.269278e-02
12900	8.019453e-01	9.078711e-01	3.870796e-02	4.838495e-02	2.534591e-01	1.204216e-01	8.176946e-01	7.989843e-01
22322	9.128527e-02	8.798085e-01	2.817456e-02	3.521820e-02	1.844866e-01	1.711238e-01	7.232445e-02	7.583842e-02
8040	7.827610e-01	6.406819e-01	6.180838e-02	7.726047e-02	4.047203e-01	3.440405e-01	6.142009e-01	3.412620e-01
13142	5.598835e-01	2.532662e-01	4.399571e-02	5.499463e-02	2.880832e-01	2.821099e-01	8.104149e-01	5.159103e-01
7443	3.431366e-01	7.263936e-01	2.127943e-02	2.659929e-02	1.393374e-01	1.028676e-01	6.955516e-01	2.876654e-01
26418	4.630740e-01	4.279051e-01	2.769876e-02	3.462345e-02	1.813711e-01	1.223282e-01	8.337534e-02	1.384746e-02
12671	6.377553e-01	1.865761e-01	3.024120e-02	3.780150e-02	1.980189e-01	1.978176e-01	2.940533e-01	5.954554e-01
7330	9.068256e-01	1.657537e-01	4.830921e-02	6.038651e-02	3.163279e-01	3.089446e-01	3.041618e-01	3.421689e-01
21473	9.459602e-02	6.787821e-01	3.179980e-02	3.974976e-02	2.082246e-01	1.816928e-01	7.057517e-01	5.154377e-01
7267	7.687695e-01	9.449058e-01	3.028020e-02	3.785026e-02	1.982743e-01	1.963270e-01	8.381330e-01	3.903886e-02
13700	4.530383e-01	2.800800e-01	2.160139e-02	2.700174e-02	1.414456e-01	7.809835e-02	8.235213e-01	1.996049e-01
4683	9.433386e-01	9.534205e-01	3.154860e-02	3.943575e-02	2.065798e-01	1.938384e-01	2.545032e-01	6.909594e-01
22737	3.521982e-01	4.939027e-01	4.381707e-02	5.477134e-02	2.869135e-01	8.403788e-02	3.304520e-01	6.634127e-01
18534	1.706691e-01	4.320819e-01	2.115588e-02	2.644485e-02	1.385284e-01	6.875295e-02	9.289597e-02	9.180698e-01
19525	1.702397e-01	9.453397e-01	2.818103e-02	3.522629e-02	1.845290e-01	1.412464e-01	5.175380e-01	4.511681e-01
10406	3.940330e-01	9.450315e-01	3.084268e-02	3.855335e-02	2.019574e-01	1.981405e-01	6.994716e-01	5.361195e-01
5608	9.515922e-01	4.082752e-01	4.461333e-02	5.576667e-02	2.921274e-01	1.541840e-01	1.631321e-02	8.555015e-01
7634	6.575000e-02	8.001392e-01	4.938029e-02	6.172536e-02	3.233414e-01	2.709335e-01	1.533582e-01	8.270477e-01
27545	9.088804e-01	6.028043e-01	2.165018e-02	2.706272e-02	1.417650e-01	1.412021e-01	9.258508e-01	1.736671e-01
31497	2.418297e-01	8.963950e-01	3.777700e-02	4.722125e-02	2.473632e-01	2.290325e-01	9.783253e-01	4.219023e-02
25623	1.357370e-01	6.581176e-01	2.403991e-02	3.004989e-02	1.574130e-01	8.049395e-02	9.399854e-01	7.366363e-01
16209	5.195078e-01	5.020026e-02	2.891973e-02	3.614966e-02	1.893659e-01	1.008333e-01	5.759908e-01	4.743968e-01
5706	4.155799e-01	4.803186e-01	2.101269e-02	2.626586e-02	1.375908e-01	1.043824e-01	3.169796e-01	4.053438e-01
4430	8.637096e-01	8.436172e-01	7.032146e-02	8.790182e-02	4.604638e-01	4.321602e-01	1.727397e-01	6.740244e-01
20828	1.867106e-01	4.895758e-01	3.898526e-02	4.873157e-02	2.552749e-01	2.438493e-01	1.657592e-01	2.710468e-02
4132	1.661180e-01	8.467713e-01	2.915018e-02	3.643773e-02	1.908750e-01	1.268771e-01	7.614749e-01	6.068065e-01
14635	4.975480e-01	2.411838e-01	4.759198e-02	5.948997e-02	3.116315e-01	1.133973e-01	8.978135e-01	5.976516e-01
2793	5.906669e-01	9.468727e-02	5.469043e-02	6.836304e-02	3.581121e-01	2.431413e-01	4.680043e-01	7.857612e-01
18344	8.074724e-01	1.793664e-01	2.874667e-02	3.593333e-02	1.882327e-01	1.666825e-01	5.718520e-02	7.058287e-01
8630	2.223987e-01	7.323728e-02	4.051271e-02	5.064088e-02	2.652766e-01	1.060641e-01	9.557935e-01	2.541356e-01
11783	3.846762e-01	3.544481e-01	2.077295e-02	2.596619e-02	1.360210e-01	6.377350e-02	3.170107e-01	8.819844e-01
21471	5.057057e-01	3.259087e-01	2.811523e-02	3.514403e-02	1.840981e-01	1.534444e-01	3.962823e-01	4.799801e-01
29405	3.222920e-01	1.221930e-01	4.146452e-02	5.183065e-02	2.715090e-01	2.538990e-01	1.577513e-01	2.725826e-01
7609	7.652899e-01	8.626342e-01	2.469691e-02	3.087114e-02	1.617150e-01	9.220184e-02	8.426514e-02	3.357335e-01
19568	4.647131e-01	4.669733e-01	3.776751e-02	4.720939e-02	2.473011e-01	1.235916e-01	7.677105e-01	1.399776e-01
12992	6.707563e-01	1.517122e-01	3.162843e-02	3.953553e-02	2.071024e-01	1.410574e-01	7.085910e-02	4.204271e-01
30364	4.470250e-01	9.162964e-01	5.293788e-02	6.617235e-02	3.466364e-01	3.095302e-01	5.047081e-01	9.953638e-01
28608	9.007688e-01	3.532316e-01	2.721890e-02	3.402362e-02	1.782289e-01	1.072116e-01	7.355903e-01	9.855462e-01
26627	8.786006e-01	2.065952e-01	2.137151e-02	2.671438e-02	1.399403e-01	7.744004e-02	4.325026e-01	4.386014e-01
23142	2.566978e-01	4.559408e-01	2.808187e-02	3.510234e-02	1.838796e-01	1.033135e-01	5.421783e-01	2.465624e-01
6987	1.578897e-01	4.064993e-02	2.136095e-02	2.670119e-02	1.398712e-01	1.355683e-01	2.888228e-01	1.704073e-01
31545	6.522123e-01	7.989211e-01	3.036051e-02	3.795064e-02	1.988001e-01	1.971689e-01	8.217009e-01	5.039670e-01
13418	2.558260e-01	5.906260e-01	2.548774e-02	3.185967e-02	1.668933e-01	1.579125e-01	2.562871e-01	3.164091e-03
31579	8.236330e-01	5.020659e-01	2.076676e-02	2.595845e-02	1.359804e-01	1.182088e-01	6.556970e-01	6.098735e-01
