14525	1.100773e-01	5.367522e-01	3.374623e-02	4.218279e-02	2.209698e-01	1.411082e-01	6.304539e-01	7.979404e-01
7486	1.013355e-01	8.983229e-01	3.949408e-02	4.936759e-02	2.586066e-01	2.477178e-01	7.876900e-01	3.882826e-01
3698	8.021718e-01	9.233624e-02	4.963031e-02	6.203788e-02	3.249785e-01	2.828554e-01	1.297566e-01	4.813242e-01
28942	1.015484e-01	4.195526e-01	3.233026e-02	4.041282e-02	2.116980e-01	1.633515e-01	6.640398e-01	3.778755e-01
2539	6.691449e-01	7.207101e-01	4.598560e-02	5.748200e-02	3.011130e-01	3.006058e-01	3.457421e-01	7.406324e-01
21890	4.196149e-01	4.979715e-01	2.338146e-02	2.922682e-02	1.531014e-01	3.965998e-02	9.710519e-01	9.158664e-01
27853	6.199015e-01	5.010384e-01	2.492512e-02	3.115640e-02	1.632093e-01	1.625180e-01	2.659535e-01	7.524029e-01
23736	5.665581e-01	4.209036e-01	3.213928e-02	4.017409e-02	2.104475e-01	1.177178e-01	8.828338e-01	4.377646e-01
22494	4.950916e-01	8.462327e-01	6.590185e-02	8.237731e-02	4.315243e-01	2.004617e-01	2.305939e-01	4.901673e-02
10440	3.026516e-01	5.268345e-01	3.076600e-02	3.845750e-02	2.014553e-01	1.988883e-01	8.613265e-02	9.359722e-01
24224	2.839140e-01	3.753247e-01	4.013329e-02	5.016661e-02	2.627921e-01	8.611188e-02	1.454461e-01	9.843036e-01
2679	8.201246e-01	5.360771e-01	2.063334e-02	2.579168e-02	1.351068e-01	9.014267e-02	5.461261e-01	5.933831e-01
10428	6.225128e-01	1.763259e-01	5.036380e-02	6.295475e-02	3.297814e-01	1.794936e-01	9.651070e-01	6.499164e-02
5924	4.660315e-01	7.842940e-01	2.227770e-02	2.784712e-02	1.458740e-01	7.247691e-02	8.881074e-02	6.323287e-01
1145	4.903976e-01	5.497192e-01	7.030438e-02	8.788047e-02	4.603520e-01	4.503726e-01	7.134629e-01	7.413941e-02
18560	6.247685e-01	9.506206e-01	2.205267e-02	2.756583e-02	1.444005e-01	1.420316e-01	4.185613e-01	4.742018e-01
11352	9.351227e-01	8.531692e-01	3.419479e-02	4.274349e-02	2.239069e-01	9.990127e-02	2.502671e-01	2.194185e-01
7632	5.492555e-01	9.349374e-01	3.237949e-02	4.047436e-02	2.120204e-01	1.811634e-01	1.094538e-03	3.508275e-01
14773	1.762737e-01	8.737250e-01	2.457563e-02	3.071954e-02	1.609208e-01	1.573542e-01	6.591870e-01	4.565008e-01
13309	2.146297e-01	3.604210e-02	2.954639e-02	3.693298e-02	1.934693e-01	1.551214e-01	5.643613e-02	6.993757e-02
12684	6.390227e-01	8.626400e-01	5.894294e-02	7.367868e-02	3.859575e-01	1.371104e-01	6.603399e-01	1.897666e-01
7271	3.104631e-01	4.263597e-01	2.111308e-02	2.639136e-02	1.382481e-01	1.330196e-01	6.819988e-02	9.467980e-02
14862	6.169452e-01	7.907900e-01	3.303595e-02	4.129493e-02	2.163189e-01	1.078248e-01	4.117352e-01	1.279413e-01
23099	3.971938e-01	3.019226e-01	5.810881e-02	7.263601e-02	3.804956e-01	3.185763e-01	1.732541e-01	2.290213e-01
11276	2.706933e-01	9.469692e-01	3.196019e-02	3.995024e-02	2.092748e-01	1.903258e-01	3.256929e-01	2.380698e-01
30321	9.285179e-01	4.677085e-01	2.849877e-02	3.562347e-02	1.866095e-01	1.668471e-01	7.847433e-02	3.462875e-01
14596	8.469077e-01	2.077715e-01	3.137878e-02	3.922348e-02	2.054678e-01	8.876277e-02	1.805145e-01	4.574011e-02
29507	2.641233e-01	7.659750e-01	3.311083e-02	4.138854e-02	2.168092e-01	1.948767e-01	3.215566e-01	3.734492e-01
26590	3.786274e-01	9.083032e-01	2.935170e-02	3.668962e-02	1.921945e-01	7.325461e-02	6.822747e-01	5.546346e-01
9320	4.161668e-01	2.180740e-01	2.288558e-02	2.860698e-02	1.498544e-01	9.679300e-02	3.499616e-01	9.368582e-01
5798	8.163879e-01	2.726886e-01	2.274394e-02	2.842992e-02	1.489270e-01	1.295590e-01	5.416038e-01	2.444245e-01
4086	8.745438e-01	5.602709e-01	2.636167e-02	3.295208e-02	1.726158e-01	1.725971e-01	7.789312e-01	1.044572e-01
5256	8.518445e-01	6.857976e-01	6.202923e-02	7.753654e-02	4.061665e-01	3.887548e-01	4.903610e-01	7.585825e-01
3394	5.504822e-01	3.338803e-01	2.420267e-02	3.025333e-02	1.584787e-01	1.572979e-01	3.158047e-01	9.147695e-02
11195	6.054497e-01	3.390058e-01	2.723702e-02	3.404627e-02	1.783476e-01	1.606736e-01	4.427846e-01	7.632721e-02
23096	3.124649e-01	4.971987e-01	2.587863e-02	3.234829e-02	1.694529e-01	6.484151e-02	1.595756e-01	8.985283e-01
30905	6.060907e-01	7.238160e-01	4.606084e-02	5.757605e-02	3.016056e-01	2.773493e-01	7.420650e-01	4.208689e-01
16006	9.301359e-01	9.331730e-01	4.782154e-02	5.977692e-02	3.131347e-01	1.993915e-01	1.704257e-01	6.465100e-01
19944	6.967660e-01	4.214162e-01	2.421049e-02	3.026312e-02	1.585299e-01	1.554655e-01	6.614232e-01	4.647650e-02
2486	5.901102e-01	1.626748e-01	2.437013e-02	3.046267e-02	1.595753e-01	7.624261e-02	6.253267e-01	9.208273e-01
1000	7.105273e-01	5.377918e-02	3.537215e-02	4.421518e-02	2.316163e-01	9.112248e-02	9.580860e-02	4.813212e-01
21060	9.301675e-01	7.978241e-01	4.270130e-02	5.337662e-02	2.796074e-01	2.197054e-01	6.676283e-01	1.915567e-01
13816	4.564790e-01	3.088736e-01	4.676047e-02	5.845058e-02	3.061868e-01	1.750719e-01	2.017906e-01	3.975774e-01
16850	3.352411e-01	6.933288e-01	3.564174e-02	4.455218e-02	2.333816e-01	2.302938e-01	7.880902e-01	4.535481e-01
27588	9.007143e-01	3.700579e-01	3.522412e-02	4.403015e-02	2.306470e-01	2.246951e-01	3.515848e-01	3.232097e-01
15969	7.964076e-01	6.143320e-01	6.241898e-02	7.802372e-02	4.087185e-01	1.564187e-01	3.074119e-02	5.775667e-04
24115	8.359200e-02	1.865326e-01	2.871039e-02	3.588799e-02	1.879952e-01	6.230547e-02	8.952928e-01	2.569178e-01
13926	6.406312e-01	5.384503e-02	3.110308e-02	3.887886e-02	2.036625e-01	1.999387e-01	4.355644e-01	7.735696e-01
78	3.377646e-01	4.497425e-01	3.791193e-02	4.738992e-02	2.482467e-01	8.449338e-02	4.484335e-01	7.659396e-01
23353	7.415706e-01	7.490369e-01	2.109773e-02	2.637216e-02	1.381476e-01	9.783772e-02	1.302413e-01	7.801115e-01
24660	7.991790e-01	7.757725e-01	2.691278e-02	3.364098e-02	1.762245e-01	8.779218e-02	9.727232e-01	3.656789e-01
24601	5.158693e-01	9.244257e-01	2.354408e-02	2.943010e-02	1.541663e-01	1.473395e-01	4.011531e-01	7.169624e-01
21064	9.956148e-02	1.078349e-01	3.289661e-02	4.112076e-02	2.154065e-01	6.212885e-02	1.507040e-01	8.623836e-01
4864	6.716199e-01	8.121886e-01	3.585022e-02	4.481277e-02	2.347467e-01	2.208849e-01	2.416169e-01	3.558167e-01
7494	7.490819e-01	3.824012e-01	3.796026e-02	4.745033e-02	2.485632e-01	1.573545e-01	9.997455e-01	5.502545e-01
16390	8.198767e-01	1.763216e-01	3.170010e-02	3.962513e-02	2.075718e-01	9.783917e-02	7.407452e-01	6.481461e-01
12981	9.538018e-01	4.295594e-01	4.484247e-02	5.605309e-02	2.936278e-01	1.472593e-01	5.676648e-01	9.196720e-01
12647	4.947250e-01	1.461116e-01	3.069939e-02	3.837424e-02	2.010192e-01	1.922296e-01	7.814909e-01	7.832573e-01
22527	3.717733e-01	9.498525e-01	2.091160e-02	2.613950e-02	1.369288e-01	1.157609e-01	2.691661e-01	2.400516e-01
13976	9.640990e-02	2.158142e-01	2.131563e-02	2.664453e-02	1.395744e-01	1.394065e-01	2.522238e-01	9.626203e-02
15216	8.433881e-01	7.902258e-01	4.258062e-02	5.322578e-02	2.788172e-01	1.867267e-01	2.038959e-01	4.391793e-01
25516	2.230096e-01	4.353090e-01	3.364964e-02	4.206205e-02	2.203373e-01	1.747784e-01	2.736087e-01	6.910579e-01
19789	5.974886e-01	6.572692e-01	2.135603e-02	2.669504e-02	1.398389e-01	1.023866e-01	5.169665e-01	5.316115e-01
30808	3.590075e-01	7.450435e-01	2.949534e-02	3.686917e-02	1.931350e-01	1.467656e-01	8.994502e-01	1.486073e-01
11910	3.568660e-02	6.710776e-01	2.833362e-02	3.541703e-02	1.855281e-01	1.723276e-01	9.070152e-01	5.542355e-01
5635	5.991746e-02	5.270966e-01	3.007223e-02	3.759029e-02	1.969125e-01	1.367132e-01	8.696715e-01	7.625372e-01
30496	4.262694e-01	8.513615e-01	4.622267e-02	5.777834e-02	3.026653e-01	2.048838e-01	4.078099e-01	3.988312e-01
29073	1.096504e-01	8.251945e-01	4.896528e-02	6.120660e-02	3.206239e-01	1.629149e-01	6.007840e-01	6.505921e-01
20088	2.393486e-01	5.205508e-01	3.382067e-02	4.227584e-02	2.214572e-01	1.665402e-01	6.115346e-01	5.736909e-01
10702	2.727394e-01	5.529512e-01	2.247808e-02	2.809759e-02	1.471861e-01	9.262820e-02	9.732398e-01	7.009552e-01
6514	3.494517e-01	1.123613e-01	5.978671e-02	7.473339e-02	3.914825e-01	2.707922e-01	6.327459e-01	5.564449e-01
4984	9.269750e-01	2.595823e-01	3.030258e-02	3.787823e-02	1.984208e-01	1.319244e-01	3.610436e-01	3.123762e-01
2234	6.583541e-01	6.670670e-01	3.514255e-02	4.392819e-02	2.301129e-01	1.908071e-01	7.458067e-01	3.169235e-01
19432	2.433153e-01	1.122062e-01	2.660206e-02	3.325257e-02	1.741899e-01	1.259599e-01	5.306070e-01	6.711006e-01
5905	8.251239e-01	3.329973e-01	2.225490e-02	2.781863e-02	1.457248e-01	1.265523e-01	5.965824e-01	7.255633e-02
5218	6.806935e-01	4.818800e-01	3.536497e-02	4.420621e-02	2.315693e-01	8.206155e-02	1.820020e-01	7.352807e-01
3805	9.018666e-02	3.179080e-01	2.416789e-02	3.020987e-02	1.582510e-01	1.558106e-01	7.092096e-01	3.840032e-01
