31291	1.260780e-01	7.184390e-01	2.266887e-02	2.833609e-02	1.484354e-01	1.235839e-01	1.439071e-01	4.615233e-02
31445	8.752379e-01	8.641643e-01	2.492163e-02	3.115204e-02	1.631865e-01	1.503856e-01	4.611280e-01	7.932742e-01
19996	7.505842e-01	2.478379e-01	4.410020e-02	5.512525e-02	2.887674e-01	2.816555e-01	5.399716e-01	6.190789e-01
24031	7.698271e-01	7.547642e-01	5.864216e-02	7.330270e-02	3.839880e-01	1.400092e-01	2.877091e-01	8.752892e-02
31525	8.591332e-01	6.120673e-01	2.359920e-02	2.949900e-02	1.545272e-01	1.376601e-01	9.366011e-02	7.347647e-02
8859	4.475600e-01	1.727585e-01	5.567199e-02	6.958999e-02	3.645393e-01	3.634620e-01	2.425590e-01	8.112747e-02
11053	2.684462e-01	8.471150e-01	3.475900e-02	4.344875e-02	2.276014e-01	2.161056e-01	9.985898e-03	4.709005e-01
25268	5.722592e-01	1.630137e-01	3.273275e-02	4.091593e-02	2.143335e-01	2.128246e-01	5.288452e-01	6.903916e-01
7610	5.260360e-01	1.435597e-01	2.615839e-02	3.269799e-02	1.712848e-01	6.824921e-02	9.375451e-01	9.188402e-01
7310	5.749732e-01	2.343488e-01	2.657160e-02	3.321451e-02	1.739905e-01	1.366272e-01	2.148824e-01	4.456327e-01
1878	4.530206e-01	9.959576e-02	2.535699e-02	3.169624e-02	1.660372e-01	1.602155e-01	9.201653e-01	3.534177e-01
13679	4.701211e-01	1.268923e-01	2.286921e-02	2.858652e-02	1.497472e-01	4.784334e-02	1.923446e-02	7.498775e-01
26242	8.876778e-02	2.846782e-02	2.168486e-02	2.710608e-02	1.419921e-01	1.398440e-01	4.031800e-01	9.331502e-01
24473	5.180723e-01	2.236370e-01	2.835940e-02	3.544924e-02	1.856969e-01	9.221363e-02	6.271870e-01	3.541276e-04
26315	4.388424e-01	8.790850e-01	2.207353e-02	2.759191e-02	1.445371e-01	6.757759e-02	5.979694e-01	9.949131e-01
23334	6.316625e-01	5.344332e-01	5.815411e-02	7.269264e-02	3.807922e-01	1.125087e-01	8.175884e-01	2.263358e-01
5517	9.082265e-01	9.314675e-02	2.575143e-02	3.218929e-02	1.686200e-01	1.591110e-01	5.470308e-01	6.198042e-01
2138	4.434051e-01	6.632312e-01	7.525279e-02	9.406599e-02	4.927541e-01	1.453110e-01	7.612197e-01	2.018513e-01
11810	2.553340e-01	1.043197e-01	4.635545e-02	5.794431e-02	3.035348e-01	3.007876e-01	9.373726e-01	3.002946e-01
4408	7.581520e-01	3.590355e-01	4.208118e-02	5.260147e-02	2.755469e-01	1.783580e-01	6.526968e-01	1.059854e-01
13785	9.584125e-01	9.061530e-01	2.515206e-02	3.144008e-02	1.646953e-01	7.223084e-02	1.644347e-01	2.876611e-01
14537	7.196909e-01	3.060959e-01	2.174645e-02	2.718307e-02	1.423954e-01	1.421162e-01	2.566341e-02	3.746507e-01
28830	6.555541e-01	9.254799e-01	3.257912e-02	4.072390e-02	2.133276e-01	5.849040e-02	5.054891e-01	9.111444e-01
4477	8.228803e-01	4.538223e-01	4.148080e-02	5.185100e-02	2.716157e-01	2.707951e-01	3.213847e-02	7.043887e-01
11680	7.429341e-01	4.773720e-01	4.226871e-02	5.283589e-02	2.767749e-01	1.007377e-01	5.711063e-01	9.620422e-01
4779	9.715173e-01	2.518655e-01	2.554586e-02	3.193233e-02	1.672739e-01	9.263147e-02	6.086870e-01	2.744293e-01
25866	5.162392e-01	8.798682e-01	3.937155e-02	4.921443e-02	2.578043e-01	1.987738e-01	4.202891e-01	5.547454e-01
11764	8.756119e-02	4.180875e-01	2.936181e-02	3.670226e-02	1.922607e-01	5.025512e-02	4.868350e-01	3.493001e-01
8536	4.743386e-01	5.335089e-01	2.583852e-02	3.229815e-02	1.691902e-01	1.224527e-01	9.847544e-01	7.938277e-01
5347	5.582582e-01	6.142897e-01	4.747084e-02	5.933855e-02	3.108383e-01	1.002491e-01	4.715231e-01	1.174832e-01
15058	4.734450e-01	4.488444e-01	5.727728e-02	7.159660e-02	3.750507e-01	1.887158e-01	2.818095e-01	4.251906e-01
1109	3.609719e-01	5.983754e-01	2.386926e-02	2.983657e-02	1.562955e-01	7.579322e-02	6.500114e-01	2.162676e-01
322	2.038471e-01	7.798566e-02	4.554284e-02	5.692855e-02	2.982138e-01	2.467045e-01	4.329419e-01	3.980365e-01
28396	2.717378e-01	2.550455e-01	4.708160e-02	5.885200e-02	3.082896e-01	2.306343e-01	3.878972e-01	7.572118e-01
13757	3.565934e-01	2.986202e-01	3.859015e-02	4.823769e-02	2.526877e-01	2.516570e-01	4.236031e-01	7.708417e-01
17144	9.522678e-02	1.290073e-01	2.225831e-02	2.782289e-02	1.457471e-01	1.337151e-01	2.955600e-01	9.495252e-01
22233	6.686638e-01	9.172200e-02	2.096958e-02	2.621198e-02	1.373085e-01	1.097457e-01	1.465797e-01	9.829847e-01
5483	2.159696e-01	5.094811e-01	2.763360e-02	3.454201e-02	1.809444e-01	4.817749e-02	3.595900e-01	7.571732e-01
23502	6.855834e-01	3.640593e-01	2.111380e-02	2.639225e-02	1.382528e-01	1.349740e-01	5.930771e-01	3.553730e-01
21650	1.300472e-01	1.589394e-01	6.424059e-02	8.030074e-02	4.206464e-01	2.685942e-01	7.865853e-01	1.435469e-01
27026	4.692255e-01	7.825585e-01	2.388282e-02	2.985353e-02	1.563844e-01	1.258798e-01	2.555349e-01	8.757471e-02
358	8.777967e-02	7.916050e-01	3.232795e-02	4.040993e-02	2.116829e-01	2.097447e-01	3.265578e-01	2.433420e-01
32151	4.144337e-01	3.836023e-01	4.273024e-02	5.341279e-02	2.797969e-01	2.265330e-01	2.141595e-01	8.372320e-01
23844	2.974955e-01	6.536031e-01	5.118221e-02	6.397776e-02	3.351403e-01	2.308610e-01	4.114009e-01	8.356393e-01
3560	5.569545e-01	4.085148e-01	3.246994e-02	4.058742e-02	2.126126e-01	1.102793e-01	4.962227e-01	3.059067e-01
24379	5.702904e-01	3.685668e-01	2.135391e-02	2.669239e-02	1.398251e-01	7.964810e-02	1.974059e-01	2.527602e-01
3824	9.579886e-01	3.087854e-01	2.093611e-02	2.617014e-02	1.370893e-01	1.326027e-01	2.350513e-01	9.905715e-01
18027	2.379271e-01	9.110784e-01	4.240410e-02	5.300512e-02	2.776614e-01	2.632383e-01	4.829276e-02	4.824389e-01
6546	3.179263e-01	9.101573e-01	2.878929e-02	3.598661e-02	1.885118e-01	1.858117e-01	7.864056e-01	9.256888e-01
31340	5.579135e-01	8.168306e-01	2.891378e-02	3.614223e-02	1.893270e-01	1.893160e-01	5.589844e-01	7.518740e-01
14566	3.537532e-02	2.164836e-01	3.744220e-02	4.680274e-02	2.451709e-01	2.411442e-01	1.731157e-01	9.079639e-01
6381	7.193975e-01	3.836598e-01	2.270190e-02	2.837737e-02	1.486517e-01	1.400996e-01	4.343632e-01	4.903649e-01
18513	8.690232e-01	9.174000e-01	5.298684e-02	6.623355e-02	3.469570e-01	1.462159e-01	9.541838e-01	8.546285e-01
16415	5.121106e-01	7.364670e-01	2.233463e-02	2.791829e-02	1.462468e-01	6.374306e-02	1.962722e-02	4.585238e-01
24876	8.143847e-01	5.832482e-01	3.252405e-02	4.065506e-02	2.129670e-01	2.018975e-01	5.710721e-03	7.567323e-01
27811	2.565802e-01	1.654336e-01	2.843155e-02	3.553943e-02	1.861693e-01	1.782769e-01	2.895772e-01	6.563107e-01
20799	5.875445e-01	4.092090e-01	2.905245e-02	3.631556e-02	1.902350e-01	1.606258e-01	2.826541e-01	4.938601e-01
12538	6.760779e-01	6.200291e-01	6.471545e-02	8.089431e-02	4.237557e-01	1.728143e-01	1.743344e-01	9.983007e-02
11545	7.274783e-01	4.329860e-01	2.724993e-02	3.406242e-02	1.784321e-01	1.754336e-01	2.568322e-01	4.593274e-01
5324	9.106183e-01	8.131063e-01	4.783908e-02	5.979885e-02	3.132495e-01	1.007813e-01	4.096837e-01	4.013317e-01
25024	3.393382e-01	4.408583e-01	3.540774e-02	4.425967e-02	2.318493e-01	6.721793e-02	7.149711e-01	6.122290e-01
7593	5.949693e-01	7.357030e-01	4.267674e-02	5.334593e-02	2.794467e-01	1.587083e-01	2.986831e-01	4.423621e-01
26506	6.991613e-01	2.918106e-01	3.287036e-02	4.108795e-02	2.152346e-01	1.032763e-01	7.617125e-01	5.794414e-01
22058	4.242278e-01	9.374839e-01	3.369720e-02	4.212151e-02	2.206488e-01	2.193789e-01	2.742236e-01	7.113581e-01
7500	8.483707e-01	8.744769e-01	2.190549e-02	2.738186e-02	1.434368e-01	7.398196e-02	9.193050e-01	7.710046e-01
29414	8.770939e-01	5.816331e-01	2.274945e-02	2.843682e-02	1.489631e-01	5.692906e-02	9.962676e-01	4.217002e-01
4232	3.701926e-01	5.505899e-01	3.578521e-02	4.473152e-02	2.343210e-01	1.771448e-01	8.341057e-01	3.894661e-01
28489	3.413494e-01	8.129860e-01	2.420105e-02	3.025131e-02	1.584681e-01	1.482658e-01	3.334703e-01	2.450864e-01
4458	9.085750e-01	5.769205e-01	2.302778e-02	2.878472e-02	1.507855e-01	4.640407e-02	5.366339e-01	4.106659e-01
5873	1.450767e-01	5.677404e-01	4.422549e-02	5.528186e-02	2.895878e-01	2.636458e-01	5.467128e-01	2.974274e-01
30949	1.965335e-01	5.817617e-01	2.250289e-02	2.812861e-02	1.473486e-01	4.028758e-02	5.918950e-01	2.539418e-01
21616	2.788417e-02	8.915085e-01	2.405290e-02	3.006612e-02	1.574980e-01	1.572384e-01	4.253601e-02	1.563563e-01
32335	9.162854e-01	7.673041e-01	3.286633e-02	4.108291e-02	2.152082e-01	1.663373e-01	1.390523e-01	8.467542e-02
19111	3.400496e-01	1.547772e-01	6.440429e-02	8.050536e-02	4.217183e-01	3.148138e-01	2.691457e-01	7.528633e-01
8705	9.169731e-01	4.607940e-01	2.176717e-02	2.720896e-02	1.425311e-01	1.182332e-01	8.943940e-01	2.890454e-01
14141	6.383103e-01	2.194432e-01	2.079135e-02	2.598918e-02	1.361414e-01	1.335693e-01	8.459975e-01	1.860284e-03
3264	5.846522e-02	5.966812e-01	2.289946e-02	2.862432e-02	1.499453e-01	1.288256e-01	1.326636e-01	2.624184e-01
25691	1.174130e-01	8.702822e-01	2.717057e-02	3.396322e-02	1.779125e-01	1.626827e-01	3.748953e-01	4.744620e-01
20756	2.394886e-01	5.561349e-01	3.116438e-02	3.895548e-02	2.040639e-01	9.036992e-02	5.858480e-01	8.964664e-01
