16320	8.679656e-01	6.636649e-01	2.312566e-02	2.890708e-02	1.514265e-01	9.155564e-02	5.575270e-01	1.934573e-02
7000	5.587750e-01	3.805116e-01	2.072309e-02	2.590386e-02	1.356944e-01	9.425383e-02	3.243530e-01	9.663971e-02
26072	8.115706e-01	2.862640e-01	2.216981e-02	2.771226e-02	1.451675e-01	1.300169e-01	6.741379e-01	8.572025e-01
3381	4.107857e-01	3.366613e-01	2.901116e-02	3.626395e-02	1.899646e-01	1.065513e-01	1.464973e-01	4.359065e-01
14394	9.468433e-01	2.934182e-01	3.518753e-02	4.398442e-02	2.304074e-01	9.554784e-02	3.087152e-01	1.684553e-01
32745	5.712432e-01	1.818112e-01	2.644960e-02	3.306200e-02	1.731916e-01	1.408826e-01	2.114989e-01	6.125924e-01
2925	8.097982e-01	7.299865e-01	2.254505e-02	2.818131e-02	1.476246e-01	1.055774e-01	9.306883e-01	1.274372e-01
13863	6.639982e-01	6.614905e-01	6.611867e-02	8.264834e-02	4.329441e-01	3.913090e-01	6.622988e-01	6.502115e-01
24810	6.648062e-01	5.138966e-01	5.712749e-02	7.140937e-02	3.740699e-01	3.366791e-01	4.913363e-01	9.533537e-01
13569	1.388897e-01	1.472972e-01	3.451619e-02	4.314524e-02	2.260115e-01	8.153603e-02	8.921285e-01	1.820939e-01
16313	3.365080e-01	3.221569e-01	2.836390e-02	3.545487e-02	1.857264e-01	5.942849e-02	9.244064e-01	8.664588e-01
30397	4.735602e-01	1.886361e-01	5.092086e-02	6.365108e-02	3.334290e-01	1.651559e-01	8.620977e-01	2.517377e-01
9391	6.743363e-01	7.782873e-01	7.234221e-02	9.042777e-02	4.736957e-01	2.261051e-01	4.171226e-01	5.167281e-01
3670	8.793312e-01	7.858086e-01	2.325209e-02	2.906512e-02	1.522544e-01	7.781062e-02	1.905262e-01	2.679782e-01
23264	7.693724e-01	3.539014e-01	3.241111e-02	4.051389e-02	2.122275e-01	2.112168e-01	1.115443e-01	6.536239e-01
20056	5.620530e-01	7.378851e-01	6.885722e-02	8.607153e-02	4.508760e-01	3.623191e-01	2.334408e-01	5.091089e-01
7731	7.297355e-01	8.293219e-01	4.748609e-02	5.935761e-02	3.109382e-01	1.521705e-01	8.576333e-01	7.883143e-01
17391	7.402854e-01	6.073419e-01	6.003690e-02	7.504613e-02	3.931207e-01	3.810726e-01	3.038294e-01	3.309437e-01
27974	5.063292e-01	7.561301e-01	2.226948e-02	2.783685e-02	1.458202e-01	1.002902e-01	8.000315e-01	3.891032e-01
1210	9.465353e-01	3.514399e-01	2.171077e-02	2.713846e-02	1.421618e-01	1.247242e-01	1.779024e-01	1.068712e-01
8346	8.293787e-01	5.435507e-01	3.945869e-02	4.932336e-02	2.583749e-01	7.082911e-02	1.111672e-01	8.862450e-01
26646	8.293832e-01	9.189459e-01	4.018382e-02	5.022978e-02	2.631230e-01	2.066115e-01	8.848132e-01	8.716240e-01
481	3.779928e-01	9.291894e-01	5.793468e-02	7.241835e-02	3.793554e-01	2.221404e-01	8.335836e-01	6.538025e-01
32393	7.190673e-01	2.123432e-01	2.296823e-02	2.871029e-02	1.503956e-01	1.500928e-01	4.756684e-01	5.066759e-01
25296	6.038315e-01	6.861546e-01	5.162195e-02	6.452744e-02	3.380198e-01	1.124924e-01	3.664186e-01	4.933085e-01
24305	8.284731e-02	9.564300e-01	2.080215e-02	2.600268e-02	1.362121e-01	1.169183e-01	9.359863e-01	2.362804e-01
22726	6.182526e-01	4.486149e-01	2.408044e-02	3.010055e-02	1.576784e-01	5.923872e-02	5.962473e-01	7.456928e-01
20240	7.567579e-01	2.720570e-01	3.125193e-02	3.906492e-02	2.046372e-01	1.921227e-01	5.052505e-01	1.491606e-01
13499	8.082612e-01	8.669635e-01	2.068231e-02	2.585289e-02	1.354274e-01	1.233806e-01	4.549135e-01	6.381253e-01
251	7.895183e-01	4.058187e-01	4.618238e-02	5.772798e-02	3.024015e-01	9.492122e-02	4.866560e-01	6.002150e-01
12846	2.051473e-01	7.769106e-01	2.810573e-02	3.513217e-02	1.840359e-01	1.034380e-01	3.782818e-01	4.800553e-01
27843	5.162188e-01	6.672570e-02	2.325533e-02	2.906917e-02	1.522756e-01	1.475984e-01	7.536830e-01	6.692932e-01
30945	9.879317e-02	2.256063e-01	4.820266e-02	6.025332e-02	3.156303e-01	2.567377e-01	1.900512e-01	2.609089e-01
22039	2.323164e-01	9.680412e-01	2.241220e-02	2.801525e-02	1.467547e-01	1.462647e-01	8.542666e-01	5.896799e-01
24247	3.401832e-02	3.702693e-01	2.358783e-02	2.948479e-02	1.544527e-01	9.232956e-02	9.671502e-01	3.886961e-01
31467	7.079689e-01	7.270999e-01	2.360857e-02	2.951072e-02	1.545886e-01	4.876659e-02	1.664547e-01	2.017605e-01
20406	3.292910e-01	4.061860e-01	2.749373e-02	3.436717e-02	1.800285e-01	1.162692e-01	5.631497e-01	8.965658e-01
3627	4.074135e-01	5.432369e-01	3.906901e-02	4.883626e-02	2.558233e-01	2.184285e-01	8.761425e-01	7.630903e-01
7003	7.658865e-01	4.881882e-01	5.685664e-02	7.107080e-02	3.722964e-01	2.947503e-01	4.895375e-01	1.676973e-01
6128	5.255341e-01	1.242641e-01	3.073783e-02	3.842229e-02	2.012708e-01	5.847009e-02	7.369580e-01	9.748816e-02
14011	6.005888e-01	9.145353e-01	7.200082e-02	9.000103e-02	4.714603e-01	3.660800e-01	9.371562e-01	8.199252e-01
872	1.127037e-01	3.456464e-01	3.018733e-02	3.773416e-02	1.976662e-01	1.935324e-01	2.595332e-01	1.357823e-01
20410	6.033103e-01	8.062641e-01	2.640614e-02	3.300768e-02	1.729070e-01	1.699524e-01	9.345817e-01	1.601494e-01
27403	1.486993e-01	6.256071e-01	2.483174e-02	3.103967e-02	1.625978e-01	1.278047e-01	1.407807e-01	3.717601e-01
1375	8.707344e-01	3.921789e-01	2.569636e-02	3.212045e-02	1.682594e-01	1.671181e-01	2.978376e-01	3.056162e-01
16874	9.494732e-01	8.809433e-01	5.455307e-02	6.819134e-02	3.572126e-01	3.539237e-01	7.818162e-01	7.198141e-02
1976	4.909789e-01	3.272934e-01	4.460388e-02	5.575485e-02	2.920655e-01	2.381720e-01	7.732627e-01	1.993635e-02
26895	6.935118e-01	2.812131e-01	4.411066e-02	5.513832e-02	2.888359e-01	1.794521e-01	8.945729e-01	9.280066e-01
23550	2.208448e-01	5.310765e-01	3.022746e-02	3.778433e-02	1.979289e-01	1.311687e-01	4.799318e-01	9.095697e-01
31801	7.506468e-01	1.636243e-01	3.395522e-02	4.244403e-02	2.223383e-01	1.833535e-01	4.528013e-01	1.851255e-01
11822	4.565061e-01	8.734740e-01	4.247663e-02	5.309579e-02	2.781363e-01	2.736700e-01	2.668275e-01	7.362945e-02
28329	6.625616e-01	3.803480e-02	2.587283e-02	3.234104e-02	1.694149e-01	1.667748e-01	7.596059e-01	3.210684e-01
16291	2.286494e-01	2.511494e-01	2.227136e-02	2.783919e-02	1.458325e-01	7.480135e-02	3.638374e-01	6.560982e-01
1692	2.872350e-01	9.632196e-01	2.885769e-02	3.607212e-02	1.889597e-01	6.818669e-02	5.852612e-02	8.066410e-01
3585	8.958159e-01	9.580231e-02	2.953396e-02	3.691745e-02	1.933879e-01	1.728015e-01	6.364807e-01	3.006865e-01
29130	5.860049e-02	5.003889e-01	5.272785e-02	6.590981e-02	3.452611e-01	3.174974e-01	8.867001e-01	9.694451e-02
17880	4.907059e-01	9.343587e-01	2.271833e-02	2.839791e-02	1.487592e-01	1.359278e-01	3.156347e-01	7.726694e-01
712	8.390480e-01	7.614455e-01	2.788772e-02	3.485965e-02	1.826084e-01	1.666389e-01	9.733591e-01	9.181127e-01
3800	8.572450e-01	6.071937e-01	2.226688e-02	2.783360e-02	1.458032e-01	1.285577e-01	8.136095e-01	1.677603e-01
27890	3.497114e-01	9.961121e-02	3.322628e-02	4.153286e-02	2.175652e-01	2.174971e-01	1.516829e-02	5.091395e-01
29503	3.664952e-01	7.490442e-01	2.149546e-02	2.686933e-02	1.407520e-01	1.151050e-01	9.616705e-01	3.307047e-01
5461	1.715455e-01	7.721815e-01	3.682527e-02	4.603159e-02	2.411313e-01	2.352331e-01	9.061653e-01	2.193258e-01
16755	8.129919e-01	2.263440e-01	3.264237e-02	4.080297e-02	2.137418e-01	2.137418e-01	7.450224e-01	2.196376e-01
5405	1.696469e-01	5.740847e-01	4.156458e-02	5.195573e-02	2.721642e-01	2.717750e-01	8.489061e-01	5.233547e-01
5976	4.550020e-01	5.084650e-01	2.108072e-02	2.635090e-02	1.380362e-01	1.364814e-01	1.398363e-02	8.670531e-01
873	8.083085e-01	1.218608e-01	2.104739e-02	2.630923e-02	1.378180e-01	1.252618e-01	7.246270e-01	9.176683e-02
1592	6.365905e-01	2.913599e-01	2.866801e-02	3.583501e-02	1.877177e-01	1.235226e-01	2.812012e-01	2.056323e-01
18175	3.017439e-01	3.394285e-01	2.520398e-02	3.150498e-02	1.650353e-01	1.641807e-01	2.225170e-02	2.658949e-01
318	8.954365e-01	3.458749e-01	2.576238e-02	3.220297e-02	1.686917e-01	5.343737e-02	4.071604e-01	2.885106e-01
28616	9.438905e-01	6.688812e-01	4.532971e-02	5.666213e-02	2.968182e-01	1.113153e-01	2.316633e-01	5.240632e-01
12453	2.342063e-01	3.587458e-01	3.116632e-02	3.895790e-02	2.040766e-01	1.731428e-01	1.685912e-01	6.864043e-01
6025	8.927580e-01	8.978604e-01	2.650535e-02	3.313168e-02	1.735566e-01	1.536181e-01	8.590169e-01	1.981577e-01
22284	1.743571e-01	3.479422e-01	2.894837e-02	3.618546e-02	1.895535e-01	7.253649e-02	2.938500e-01	9.236991e-01
32154	2.486235e-01	9.332931e-01	2.815429e-02	3.519287e-02	1.843539e-01	1.386534e-01	4.870305e-01	8.045454e-01
8438	3.162119e-01	7.284872e-01	2.086993e-02	2.608741e-02	1.366560e-01	1.207731e-01	3.774143e-01	9.877479e-01
11216	2.537362e-01	8.881580e-01	4.490686e-02	5.613358e-02	2.940494e-01	2.114264e-01	9.664230e-01	3.033260e-01
25569	1.412051e-01	9.419591e-01	5.016515e-02	6.270644e-02	3.284806e-01	3.278677e-01	8.341491e-01	2.366761e-01
