1391	1.608834e-01	7.653436e-01	5.737535e-02	7.171919e-02	3.756929e-01	1.916412e-01	1.603601e-01	7.533123e-01
4452	9.369459e-01	4.044244e-01	2.413308e-02	3.016636e-02	1.580231e-01	1.199446e-01	5.247789e-01	9.763348e-01
16421	7.644846e-01	8.101971e-01	3.306290e-02	4.132862e-02	2.164954e-01	2.149495e-01	6.129241e-01	2.231573e-01
17608	6.493095e-01	2.117341e-01	2.799038e-02	3.498798e-02	1.832806e-01	5.110910e-02	4.145628e-01	2.180940e-01
13902	4.536163e-01	7.477528e-01	2.105969e-02	2.632462e-02	1.378985e-01	1.358708e-01	7.853615e-01	1.770830e-01
19895	8.181599e-01	3.287314e-01	6.812068e-02	8.515085e-02	4.460532e-01	4.413580e-01	4.999191e-01	9.741336e-01
10383	7.633982e-01	1.860036e-01	7.501333e-02	9.376666e-02	4.911861e-01	4.118593e-01	8.446734e-01	2.193001e-01
5969	7.326325e-02	4.005736e-01	2.499501e-02	3.124376e-02	1.636669e-01	1.065059e-01	6.959815e-01	4.703573e-01
12074	8.864051e-01	3.843348e-01	4.857603e-02	6.072004e-02	3.180751e-01	1.414329e-01	9.640048e-01	4.684934e-01
17863	7.252172e-01	1.237797e-01	3.996225e-02	4.995281e-02	2.616722e-01	2.584986e-01	2.632978e-01	2.050385e-01
11440	1.837508e-01	5.903202e-01	2.196060e-02	2.745075e-02	1.437977e-01	6.148912e-02	8.764290e-01	1.489447e-01
23377	4.698602e-01	1.516127e-01	7.202720e-02	9.003400e-02	4.716330e-01	4.540133e-01	4.580731e-01	2.859959e-02
15041	5.259026e-02	3.815227e-01	2.156209e-02	2.695261e-02	1.411882e-01	1.210979e-01	4.873104e-01	9.444717e-01
17032	2.551098e-01	4.352995e-01	2.845339e-02	3.556674e-02	1.863124e-01	1.604301e-01	2.992615e-01	5.811699e-01
16423	7.486332e-01	2.847916e-01	3.942739e-02	4.928424e-02	2.581700e-01	2.280741e-01	7.039168e-01	7.627812e-01
6864	6.745019e-01	8.025127e-02	3.555740e-02	4.444675e-02	2.328293e-01	1.607290e-01	3.469160e-01	8.686023e-01
2571	2.264896e-01	9.096886e-01	5.994755e-02	7.493444e-02	3.925356e-01	1.447554e-01	2.437200e-01	4.730262e-01
20722	8.873688e-01	1.124296e-01	5.164655e-02	6.455819e-02	3.381808e-01	3.358548e-01	6.423102e-01	1.551267e-01
13272	2.389165e-01	1.884767e-01	3.291870e-02	4.114837e-02	2.155511e-01	1.936329e-01	3.359351e-02	5.850600e-01
10142	4.132062e-01	9.642861e-01	2.970805e-02	3.713506e-02	1.945278e-01	1.127363e-01	2.886422e-01	8.171434e-01
20000	6.557468e-02	5.388935e-01	4.193699e-02	5.242124e-02	2.746028e-01	2.744027e-01	5.195592e-01	1.543441e-01
20528	7.472367e-01	5.322378e-01	2.943576e-02	3.679470e-02	1.927449e-01	8.828539e-02	8.612422e-01	5.326927e-01
7584	7.810831e-01	4.333086e-02	2.747034e-02	3.433792e-02	1.798753e-01	1.791009e-01	4.156535e-01	7.888952e-01
21743	2.809154e-01	7.785918e-01	3.697640e-02	4.622050e-02	2.421209e-01	2.246892e-01	1.723309e-01	5.138159e-01
13679	7.366154e-01	9.541150e-01	3.743101e-02	4.678877e-02	2.450977e-01	1.579122e-01	5.640906e-01	7.739241e-01
31762	6.207355e-01	2.533527e-01	4.664377e-02	5.830471e-02	3.054226e-01	3.002202e-01	9.598189e-03	6.027583e-01
30053	5.399616e-01	5.454464e-01	2.428655e-02	3.035818e-02	1.590279e-01	6.982696e-02	7.773132e-01	8.159842e-01
29229	5.713704e-01	6.606948e-01	2.074915e-02	2.593644e-02	1.358651e-01	9.864142e-02	6.034358e-01	3.927063e-01
9018	1.175492e-01	5.921283e-01	2.745393e-02	3.431741e-02	1.797679e-01	1.061585e-01	4.667963e-01	1.510493e-01
31488	3.832953e-01	7.135646e-01	2.917995e-02	3.647493e-02	1.910698e-01	1.899294e-01	2.406807e-01	8.313365e-01
5882	5.588169e-01	1.204910e-01	3.133665e-02	3.917081e-02	2.051919e-01	7.123578e-02	9.261837e-01	8.684193e-01
1637	2.970515e-01	4.311356e-01	2.588882e-02	3.236102e-02	1.695196e-01	1.293582e-01	5.950362e-01	1.329441e-01
24456	5.825288e-01	4.418643e-01	3.606907e-02	4.508633e-02	2.361797e-01	2.203202e-01	2.735718e-01	6.594975e-01
3294	2.713305e-02	7.414194e-01	2.286449e-02	2.858061e-02	1.497163e-01	1.410133e-01	8.251658e-01	1.316874e-01
10634	7.687095e-02	6.459837e-01	2.926344e-02	3.657930e-02	1.916165e-01	1.671175e-01	6.539304e-01	1.386421e-01
28835	2.151015e-01	4.759534e-01	2.697788e-02	3.372234e-02	1.766507e-01	1.762582e-01	2.370751e-01	3.275267e-01
17409	2.310310e-01	2.866024e-01	3.532418e-02	4.415522e-02	2.313022e-01	1.495676e-01	8.983528e-01	5.827505e-01
2973	2.930280e-01	1.052242e-01	2.176889e-02	2.721111e-02	1.425423e-01	5.905471e-02	1.412240e-01	8.194500e-01
12351	5.651686e-01	9.422064e-01	3.439301e-02	4.299126e-02	2.252049e-01	1.543136e-01	2.473038e-01	8.022022e-01
11013	7.231402e-01	6.095015e-01	2.347821e-02	2.934777e-02	1.537350e-01	5.911740e-02	9.848007e-01	6.235098e-01
7169	9.607986e-01	6.025815e-01	4.152038e-02	5.190047e-02	2.718748e-01	2.617333e-01	5.471120e-02	1.901718e-01
7685	4.102399e-01	3.805678e-01	3.393937e-02	4.242421e-02	2.222344e-01	1.612805e-01	6.061426e-01	8.807755e-01
7967	8.259057e-01	7.384075e-01	2.534980e-02	3.168726e-02	1.659901e-01	4.626097e-02	9.951566e-01	9.357987e-01
8997	1.857391e-01	6.563468e-01	2.580994e-02	3.226243e-02	1.690031e-01	1.475058e-01	3.686201e-01	9.639685e-02
30888	6.187030e-01	9.229958e-02	3.538528e-02	4.423160e-02	2.317023e-01	2.134840e-01	2.824923e-01	8.119713e-02
18535	4.624714e-01	4.957553e-01	4.857942e-02	6.072427e-02	3.180973e-01	3.097728e-01	2.353799e-01	5.437093e-01
13934	8.233666e-01	9.231947e-01	2.136125e-02	2.670156e-02	1.398731e-01	5.514227e-02	4.926119e-02	9.663163e-01
25073	3.832477e-01	4.512628e-01	6.223522e-02	7.779402e-02	4.075152e-01	3.686607e-01	5.986880e-01	7.056984e-01
10140	3.279112e-01	6.564021e-01	2.293851e-02	2.867314e-02	1.502010e-01	4.142833e-02	7.886000e-02	8.029169e-01
18067	1.675662e-01	6.183275e-01	2.704859e-02	3.381074e-02	1.771138e-01	1.466047e-01	9.546608e-01	1.445927e-01
13347	3.116528e-01	5.522780e-01	3.150956e-02	3.938695e-02	2.063241e-01	1.011693e-01	8.286103e-01	1.097311e-01
12778	5.540761e-01	7.077923e-01	2.103831e-02	2.629789e-02	1.377585e-01	1.309370e-01	4.257454e-01	5.838967e-01
26724	1.371950e-01	3.377448e-01	7.538130e-02	9.422663e-02	4.935956e-01	3.231973e-01	8.978739e-01	1.293141e-01
11140	4.033473e-01	7.870604e-01	2.932380e-02	3.665476e-02	1.920118e-01	9.928883e-02	9.344750e-01	2.556866e-01
21899	6.578811e-01	9.499758e-01	2.079918e-02	2.599897e-02	1.361927e-01	1.308700e-01	6.632698e-01	3.203155e-01
12967	8.893127e-01	2.334630e-01	2.468589e-02	3.085736e-02	1.616428e-01	5.159728e-02	5.223833e-01	4.426532e-01
22970	3.668503e-01	1.219789e-01	2.406860e-02	3.008575e-02	1.576008e-01	8.484635e-02	3.876621e-01	2.393655e-01
29223	2.426191e-01	3.807524e-01	4.747019e-02	5.933774e-02	3.108341e-01	3.077269e-01	5.481503e-01	4.379540e-01
11956	4.209173e-01	2.884178e-01	3.594813e-02	4.493517e-02	2.353878e-01	1.978165e-01	2.409781e-01	8.419670e-01
4515	7.619834e-01	4.979271e-01	2.174871e-02	2.718589e-02	1.424102e-01	1.244829e-01	8.470579e-01	9.625631e-01
14925	7.406899e-01	8.737494e-01	5.188992e-02	6.486239e-02	3.397744e-01	1.594993e-01	5.889031e-02	1.581937e-01
21990	5.720725e-01	4.561051e-02	2.631095e-02	3.288869e-02	1.722837e-01	4.959067e-02	6.395851e-01	2.516565e-02
28482	8.824173e-01	2.724829e-01	2.265983e-02	2.832479e-02	1.483762e-01	1.482818e-01	4.565238e-01	6.817436e-01
14750	8.632581e-01	4.747061e-01	3.144727e-02	3.930909e-02	2.059162e-01	8.193958e-02	7.268648e-01	2.840729e-01
7665	7.704642e-01	7.637613e-01	3.200130e-02	4.000163e-02	2.095440e-01	6.142228e-02	2.984966e-01	7.873952e-01
11358	3.855609e-02	8.954614e-01	2.980689e-02	3.725862e-02	1.951751e-01	1.718653e-01	2.039151e-01	2.570172e-01
18161	2.893489e-02	4.650785e-01	2.441721e-02	3.052151e-02	1.598835e-01	1.523279e-01	8.385012e-01	1.346747e-01
24872	4.101151e-01	5.235902e-01	2.462012e-02	3.077515e-02	1.612121e-01	1.360936e-01	5.494786e-01	8.607156e-01
12316	5.300863e-01	2.166699e-01	7.287579e-02	9.109474e-02	4.771896e-01	3.267111e-01	8.695802e-01	6.773649e-01
1048	2.003624e-01	9.595728e-01	2.325053e-02	2.906317e-02	1.522441e-01	1.453638e-01	1.069949e-01	7.950455e-01
11938	2.360652e-01	5.151414e-01	4.041867e-02	5.052334e-02	2.646608e-01	1.184659e-01	4.137716e-01	6.591832e-01
1582	9.561766e-02	7.480891e-01	3.350217e-02	4.187772e-02	2.193717e-01	2.191415e-01	2.209126e-02	2.056752e-01
8978	5.174310e-01	7.911699e-01	2.225733e-02	2.782167e-02	1.457407e-01	1.437206e-01	7.913305e-01	2.107475e-01
27577	6.106030e-01	3.417083e-01	4.698943e-02	5.873678e-02	3.076860e-01	1.610700e-01	8.729419e-01	7.118594e-01
27672	3.537293e-01	3.662162e-01	2.167897e-02	2.709872e-02	1.419536e-01	1.125255e-01	5.022476e-01	7.415769e-01
11224	4.193061e-01	8.571983e-01	4.619924e-02	5.774905e-02	3.025119e-01	1.764063e-01	8.497743e-01	6.835923e-01
29981	5.315537e-01	9.388287e-01	2.605767e-02	3.257208e-02	1.706252e-01	1.523136e-01	4.428756e-01	7.180363e-01
