14668	1.744870e-01	7.035779e-01	3.797770e-02	4.747212e-02	2.486774e-01	2.117390e-01	6.434223e-01	3.739130e-01
31704	8.705383e-02	7.629774e-01	4.364846e-02	5.456057e-02	2.858094e-01	2.690941e-01	5.383631e-01	4.069713e-01
22629	8.047890e-02	5.198764e-01	2.575184e-02	3.218980e-02	1.686227e-01	1.042837e-01	1.073069e-01	1.920635e-03
4209	4.746474e-01	6.721448e-01	6.759968e-02	8.449960e-02	4.426416e-01	4.422274e-01	2.905358e-01	9.354949e-01
27215	5.280600e-01	2.269736e-01	3.491367e-02	4.364209e-02	2.286142e-01	1.893083e-01	9.109754e-01	5.032815e-02
23760	5.535169e-01	3.331682e-01	2.420512e-02	3.025640e-02	1.584947e-01	1.226578e-01	7.344202e-01	2.559789e-01
31381	4.954245e-01	5.482140e-01	5.502043e-02	6.877554e-02	3.602729e-01	2.254056e-01	9.557336e-01	8.628908e-01
7048	6.770079e-01	2.713975e-01	4.627523e-02	5.784404e-02	3.030095e-01	1.112321e-01	4.405822e-01	1.224121e-01
5677	6.119482e-02	5.611653e-01	4.015796e-02	5.019745e-02	2.629537e-01	2.230197e-01	3.419558e-01	1.754465e-02
23076	7.806097e-01	4.817059e-01	2.515320e-02	3.144150e-02	1.647028e-01	5.424201e-02	1.259462e-01	8.336657e-01
11123	6.361742e-01	5.912536e-02	2.764310e-02	3.455387e-02	1.810066e-01	5.175760e-02	6.176355e-02	6.733603e-01
19187	7.492641e-01	5.715173e-01	2.616199e-02	3.270248e-02	1.713083e-01	1.713061e-01	4.359614e-01	6.020464e-01
19068	2.030664e-01	8.578075e-01	2.757613e-02	3.447016e-02	1.805681e-01	1.116233e-01	9.319339e-01	2.922247e-01
26342	2.432495e-01	7.039346e-01	2.215235e-02	2.769044e-02	1.450532e-01	6.616951e-02	2.243839e-01	7.589197e-01
30090	7.045341e-01	3.438073e-01	2.153132e-02	2.691415e-02	1.409867e-01	1.378663e-01	2.676548e-01	9.420592e-01
18936	1.623115e-01	9.734601e-01	2.059414e-02	2.574267e-02	1.348501e-01	5.359807e-02	4.635403e-01	3.074578e-01
9953	8.830224e-01	1.225982e-01	2.165046e-02	2.706307e-02	1.417669e-01	8.286182e-02	2.717911e-01	3.929786e-01
13108	6.487162e-01	9.451446e-01	4.083346e-02	5.104182e-02	2.673768e-01	2.026315e-01	6.763438e-01	2.226058e-01
10373	8.378466e-01	1.115509e-01	2.465490e-02	3.081863e-02	1.614399e-01	7.963789e-02	4.175611e-01	9.298236e-01
25119	8.349227e-01	7.678317e-01	2.347984e-02	2.934981e-02	1.537457e-01	1.291695e-01	6.862631e-01	4.992030e-01
27277	2.731996e-01	6.205434e-01	7.348646e-02	9.185808e-02	4.811882e-01	4.802722e-01	8.618023e-01	1.799219e-02
12393	9.570173e-01	6.519281e-01	2.883572e-02	3.604465e-02	1.888158e-01	1.397778e-01	9.071840e-01	9.025262e-01
14725	7.772614e-01	8.971222e-01	6.811032e-02	8.513790e-02	4.459853e-01	4.210390e-01	2.380384e-01	8.805241e-01
13526	2.963084e-01	7.690862e-01	2.057689e-02	2.572111e-02	1.347371e-01	6.116559e-02	5.721050e-01	9.194329e-01
14999	9.262548e-01	8.011701e-01	3.151533e-02	3.939416e-02	2.063619e-01	1.509083e-01	6.078538e-01	2.314769e-01
10627	6.139967e-01	7.145299e-01	2.065112e-02	2.581390e-02	1.352232e-01	1.295042e-01	7.300957e-01	4.056196e-01
13976	7.018016e-01	2.233620e-01	2.977622e-02	3.722027e-02	1.949742e-01	5.199422e-02	7.662325e-01	8.972271e-01
14804	2.053292e-01	7.750625e-01	7.486170e-02	9.357712e-02	4.901932e-01	4.210252e-01	9.341132e-01	6.023848e-01
8190	4.696821e-01	8.389759e-02	3.035843e-02	3.794803e-02	1.987865e-01	1.968524e-01	9.572123e-01	8.295466e-01
8161	3.295729e-01	9.364037e-02	3.364567e-02	4.205708e-02	2.203113e-01	1.637201e-01	9.960355e-01	1.046570e-01
9994	5.415243e-01	1.392373e-01	4.660776e-02	5.825970e-02	3.051869e-01	2.971942e-01	3.960662e-01	9.981462e-01
31248	2.786830e-01	4.039897e-01	2.444786e-02	3.055983e-02	1.600842e-01	1.572687e-01	2.031398e-01	2.003401e-01
14319	1.914439e-01	3.699935e-01	4.402689e-02	5.503362e-02	2.882874e-01	1.361660e-01	3.993650e-01	4.686675e-01
3015	8.694313e-01	6.524998e-01	2.711055e-02	3.388819e-02	1.775195e-01	1.775191e-01	8.047434e-01	6.316072e-01
26391	9.382136e-01	9.602389e-01	3.308891e-02	4.136114e-02	2.166657e-01	2.166626e-01	1.579117e-02	3.146864e-01
31967	8.543838e-02	8.784809e-01	6.054113e-02	7.567642e-02	3.964224e-01	3.958744e-01	4.836525e-02	3.472423e-01
12090	2.103102e-01	4.634890e-01	2.336991e-02	2.921239e-02	1.530258e-01	7.018370e-02	5.464982e-01	6.759084e-01
21473	6.931027e-01	4.076416e-01	6.889087e-02	8.611359e-02	4.510964e-01	4.443927e-01	7.263383e-01	3.570969e-01
6686	9.668146e-01	3.521412e-01	3.421751e-02	4.277189e-02	2.240558e-01	1.137794e-01	9.886494e-01	2.157958e-01
6585	5.560986e-01	4.438658e-01	4.255918e-02	5.319898e-02	2.786768e-01	7.534360e-02	5.876769e-01	7.784489e-02
18848	3.107773e-01	2.368112e-01	7.582472e-02	9.478090e-02	4.964991e-01	1.695063e-01	9.870936e-01	9.427408e-01
18146	8.810519e-01	8.459651e-01	2.184881e-02	2.731102e-02	1.430657e-01	1.330365e-01	3.204813e-01	7.562850e-01
10234	7.277976e-01	6.755324e-01	2.983452e-02	3.729315e-02	1.953560e-01	1.277384e-01	5.439037e-01	3.664792e-01
30047	5.884211e-02	4.676271e-01	2.866301e-02	3.582876e-02	1.876849e-01	1.825785e-01	5.100386e-01	3.476750e-01
19286	1.416436e-01	1.168412e-01	3.809849e-02	4.762311e-02	2.494683e-01	2.239452e-01	4.153747e-01	7.060628e-01
11419	8.054771e-01	2.111561e-01	2.352525e-02	2.940656e-02	1.540430e-01	5.867136e-02	6.900855e-01	5.786762e-01
5602	9.115071e-01	6.030203e-01	3.136044e-02	3.920055e-02	2.053477e-01	1.005266e-01	1.394564e-01	4.766249e-01
12047	4.181281e-01	1.873049e-01	2.673767e-02	3.342209e-02	1.750779e-01	5.006248e-02	8.811203e-01	9.306242e-01
813	3.490782e-01	8.033270e-01	7.781205e-02	9.726506e-02	5.095121e-01	4.859487e-01	4.413356e-01	9.587354e-02
521	4.748573e-01	4.823223e-01	3.786631e-02	4.733289e-02	2.479480e-01	2.057697e-01	3.244728e-01	7.921929e-02
28553	7.544540e-01	7.079849e-01	3.711314e-02	4.639143e-02	2.430163e-01	2.256945e-01	4.911227e-01	7.313075e-01
3832	3.367987e-01	3.888955e-01	2.476174e-02	3.095218e-02	1.621395e-01	1.041996e-01	6.662896e-01	2.714944e-01
3982	6.374004e-01	6.916636e-01	2.713881e-02	3.392351e-02	1.777045e-01	1.411598e-01	2.067475e-02	2.913432e-01
1235	3.072247e-01	1.535197e-01	7.658332e-02	9.572915e-02	5.014664e-01	1.347736e-01	7.557452e-01	2.045743e-01
17473	4.665502e-01	3.740422e-01	6.003947e-02	7.504933e-02	3.931375e-01	3.085199e-01	9.429593e-01	6.014563e-01
29544	6.971395e-01	8.745095e-01	4.578953e-02	5.723691e-02	2.998291e-01	2.391890e-01	1.056898e-01	8.515890e-01
5710	5.156106e-01	9.548455e-01	2.295206e-02	2.869008e-02	1.502898e-01	1.233339e-01	7.795490e-02	2.195676e-02
16425	9.062148e-01	7.087544e-01	2.522948e-02	3.153684e-02	1.652022e-01	7.124255e-02	3.767197e-01	3.686238e-01
10778	3.915251e-01	6.284268e-01	2.202973e-02	2.753716e-02	1.442503e-01	8.435716e-02	6.363447e-01	5.576598e-01
3362	6.952216e-01	9.774474e-02	2.740150e-02	3.425188e-02	1.794246e-01	7.618944e-02	8.602296e-01	1.165229e-01
27840	3.102466e-01	4.025972e-02	3.305267e-02	4.131583e-02	2.164284e-01	1.683752e-01	2.692425e-01	4.415270e-01
5100	1.184443e-01	3.685266e-02	2.854466e-02	3.568082e-02	1.869100e-01	1.045678e-01	7.732103e-02	3.117999e-01
15525	1.277838e-01	5.187943e-01	2.421040e-02	3.026300e-02	1.585293e-01	7.632316e-02	6.278538e-01	4.454078e-01
2683	9.250140e-01	3.052865e-01	5.913562e-02	7.391952e-02	3.872191e-01	3.398069e-01	3.309823e-01	8.002600e-01
28660	6.206640e-01	3.314031e-01	3.269399e-02	4.086749e-02	2.140797e-01	1.655178e-01	8.691116e-01	2.950795e-01
10906	8.891375e-01	3.958788e-01	4.719215e-02	5.899019e-02	3.090135e-01	2.637779e-01	5.471178e-01	6.874620e-01
2511	5.593025e-01	6.510829e-01	2.182862e-02	2.728578e-02	1.429335e-01	7.688490e-02	2.490438e-01	9.882407e-01
14462	7.672176e-01	2.068422e-01	2.791749e-02	3.489686e-02	1.828033e-01	1.673327e-01	8.303149e-01	1.473289e-01
19092	5.546232e-01	8.578009e-01	2.339623e-02	2.924529e-02	1.531982e-01	1.493426e-01	3.240283e-01	3.462289e-01
28335	3.418844e-02	3.095826e-01	2.153986e-02	2.692482e-02	1.410427e-01	1.410251e-01	7.055898e-01	7.733703e-02
29551	5.515921e-01	7.627751e-01	2.945971e-02	3.682464e-02	1.929017e-01	1.908476e-01	7.641323e-01	7.850174e-01
9479	9.252493e-01	6.011179e-02	2.212210e-02	2.765262e-02	1.448551e-01	1.061280e-01	8.067501e-01	1.793049e-01
32282	1.938968e-01	2.605137e-01	2.500527e-02	3.125659e-02	1.637341e-01	1.579824e-01	7.398186e-01	2.366591e-01
