18230	3.958931e-01	6.473161e-02	3.329155e-02	4.161444e-02	2.179925e-01	1.600465e-01	7.780108e-01	3.456108e-01
15703	1.554075e-01	1.164037e-01	5.608663e-02	7.010829e-02	3.672544e-01	2.876196e-01	5.983644e-01	4.657131e-01
1680	6.037933e-01	1.144760e-01	2.624364e-02	3.280455e-02	1.718430e-01	1.515226e-01	3.699945e-01	8.283631e-02
31914	4.784557e-01	2.860109e-01	3.362360e-02	4.202950e-02	2.201668e-01	2.151883e-01	4.587480e-01	1.302939e-01
12012	2.937755e-01	3.810695e-01	2.561747e-02	3.202184e-02	1.677428e-01	7.053635e-02	6.955061e-01	2.179203e-01
24648	8.962061e-01	5.689290e-01	2.803968e-02	3.504960e-02	1.836034e-01	5.539045e-02	7.558788e-01	2.843180e-01
23311	9.643633e-01	7.449471e-01	2.084432e-02	2.605540e-02	1.364883e-01	1.088316e-01	6.352165e-01	8.171947e-01
15907	3.663942e-01	8.603822e-01	2.366338e-02	2.957922e-02	1.549474e-01	7.541531e-02	3.805579e-01	5.647732e-01
11521	3.315643e-01	5.537379e-01	3.190993e-02	3.988742e-02	2.089457e-01	1.839603e-01	4.508336e-02	9.697198e-01
29477	8.065785e-01	6.816662e-01	2.930757e-02	3.663447e-02	1.919055e-01	1.301295e-01	5.741114e-01	2.703216e-01
3549	9.365084e-02	6.564215e-01	7.166938e-02	8.958673e-02	4.692900e-01	4.103393e-01	1.527426e-01	6.613020e-01
5868	4.424472e-01	2.455416e-01	2.247894e-02	2.809867e-02	1.471917e-01	7.470923e-02	7.649626e-01	7.148744e-01
26367	5.973230e-01	6.263325e-01	2.293134e-02	2.866417e-02	1.501540e-01	1.153783e-01	6.847825e-01	6.525040e-01
4001	5.873513e-01	8.432513e-01	2.373777e-02	2.967222e-02	1.554346e-01	4.738509e-02	1.800406e-01	1.085096e-01
15715	6.451303e-01	8.462240e-01	5.671281e-02	7.089102e-02	3.713546e-01	1.092099e-01	1.797077e-01	3.423205e-01
26612	3.211786e-01	2.149515e-01	5.525039e-02	6.906299e-02	3.617787e-01	1.633437e-01	7.886690e-01	5.705230e-01
32313	3.997754e-01	1.348239e-01	5.619563e-02	7.024454e-02	3.679681e-01	1.030829e-01	8.463133e-01	4.782455e-01
17318	6.121645e-01	8.074558e-01	2.586013e-02	3.232517e-02	1.693318e-01	1.219604e-01	7.172825e-01	4.174188e-01
27108	7.873545e-01	6.123673e-01	2.095512e-02	2.619390e-02	1.372138e-01	1.368913e-01	1.447468e-03	4.658571e-01
1564	8.513701e-01	4.936646e-02	4.520711e-02	5.650889e-02	2.960155e-01	8.259475e-02	2.287128e-01	5.746849e-01
22721	6.469583e-01	7.106769e-01	7.696340e-02	9.620424e-02	5.039551e-01	2.437082e-01	1.728349e-01	6.849839e-02
18319	9.149615e-01	2.265780e-01	3.508621e-02	4.385777e-02	2.297440e-01	6.696430e-02	6.856395e-01	4.377714e-01
3202	8.212084e-01	9.021364e-01	3.264304e-02	4.080380e-02	2.137461e-01	2.130742e-01	5.434706e-01	4.193223e-01
26774	8.542002e-01	3.346283e-01	2.958219e-02	3.697774e-02	1.937037e-01	1.894091e-01	9.586773e-01	2.840574e-01
1631	9.144592e-01	5.175096e-01	3.531766e-02	4.414708e-02	2.312595e-01	2.086472e-01	2.456285e-01	6.770294e-01
29670	3.648959e-01	3.593628e-01	2.698727e-02	3.373409e-02	1.767122e-01	9.786977e-02	2.043700e-01	2.421802e-01
28453	8.165055e-01	5.131666e-01	3.510930e-02	4.388662e-02	2.298951e-01	2.290218e-01	6.588841e-01	1.189388e-01
12199	4.354607e-01	7.742669e-01	4.849056e-02	6.061320e-02	3.175154e-01	2.653800e-01	3.483012e-01	5.403146e-01
3459	5.518586e-01	4.751936e-01	7.175058e-02	8.968823e-02	4.698217e-01	3.045572e-01	1.900747e-01	3.642295e-01
27523	3.104583e-01	1.135453e-01	2.258551e-02	2.823189e-02	1.478896e-01	5.499344e-02	5.165174e-01	6.971206e-01
1758	6.692592e-01	5.993262e-01	2.954038e-02	3.692547e-02	1.934299e-01	1.552461e-01	3.715556e-01	6.449754e-01
12388	1.916191e-01	6.649863e-01	6.835868e-02	8.544835e-02	4.476116e-01	3.411185e-01	9.722789e-01	2.439079e-01
298	7.067380e-01	1.313391e-01	6.194186e-02	7.742732e-02	4.055943e-01	2.731409e-01	8.577656e-01	8.964157e-01
28733	5.941501e-01	3.838318e-01	2.932338e-02	3.665423e-02	1.920091e-01	1.389967e-01	6.107407e-01	4.243433e-01
28176	3.490480e-01	1.656515e-01	3.519157e-02	4.398946e-02	2.304338e-01	1.485865e-01	2.301956e-01	2.064001e-01
15579	5.793090e-01	5.562053e-01	3.060791e-02	3.825989e-02	2.004201e-01	1.966916e-01	4.954716e-01	9.510692e-01
133	6.282308e-01	4.981879e-02	4.652758e-02	5.815947e-02	3.046619e-01	2.298677e-01	2.411176e-01	4.759322e-01
29878	9.139253e-01	3.370929e-01	3.080611e-02	3.850764e-02	2.017179e-01	1.754909e-01	7.612528e-01	8.292567e-01
31683	2.683706e-01	2.847796e-01	3.549506e-02	4.436882e-02	2.324211e-01	1.833580e-01	3.794981e-01	8.402353e-01
16574	7.727849e-02	2.219389e-01	4.720808e-02	5.901010e-02	3.091178e-01	2.786679e-01	7.343473e-01	3.319448e-02
13850	4.776753e-01	6.639741e-01	2.239963e-02	2.799953e-02	1.466724e-01	6.188088e-02	3.760666e-01	2.634425e-01
891	5.551090e-01	7.592175e-01	2.266432e-02	2.833039e-02	1.484056e-01	1.251438e-01	7.791162e-01	3.807478e-01
8445	1.866031e-01	6.039571e-01	2.413122e-02	3.016402e-02	1.580108e-01	7.317297e-02	2.557488e-01	2.789208e-01
31356	2.283613e-01	5.613827e-01	2.306949e-02	2.883686e-02	1.510587e-01	1.508807e-01	3.234324e-02	7.150345e-01
31921	5.627206e-01	1.614552e-01	4.388040e-02	5.485050e-02	2.873282e-01	2.364831e-01	6.776604e-02	8.489022e-01
21279	5.632014e-02	9.697848e-01	2.785790e-02	3.482237e-02	1.824131e-01	1.440481e-01	6.206325e-01	1.724510e-01
4555	4.198158e-01	8.997185e-01	3.690240e-02	4.612800e-02	2.416363e-01	2.412936e-01	1.551458e-01	7.539750e-01
24827	3.641739e-01	7.926743e-01	2.213285e-02	2.766606e-02	1.449256e-01	6.200025e-02	4.857000e-01	9.748820e-01
17436	2.535746e-01	3.505019e-01	3.438944e-02	4.298680e-02	2.251815e-01	1.951567e-01	7.642762e-01	7.018002e-01
19018	3.420439e-01	3.785995e-02	2.748027e-02	3.435034e-02	1.799404e-01	7.894027e-02	8.524490e-01	1.140344e-01
183	3.028047e-01	6.358178e-01	2.500216e-02	3.125270e-02	1.637138e-01	1.028166e-01	9.786877e-01	6.803824e-01
7494	9.435603e-01	3.639050e-01	3.335826e-02	4.169782e-02	2.184293e-01	2.174201e-01	3.493562e-01	5.655574e-01
25382	1.247621e-01	5.411966e-01	5.426491e-02	6.783114e-02	3.553258e-01	3.224014e-01	7.427896e-01	7.775254e-01
17114	8.144662e-01	4.037568e-01	3.713509e-02	4.641887e-02	2.431600e-01	1.118189e-01	5.207935e-01	2.977741e-01
2468	4.682462e-01	1.243822e-01	3.823972e-02	4.779965e-02	2.503931e-01	2.268176e-01	8.414789e-02	4.944697e-01
4632	8.582621e-01	7.950642e-01	2.142223e-02	2.677779e-02	1.402725e-01	9.379686e-02	9.753500e-01	7.325842e-01
11267	3.877810e-01	1.793546e-01	2.092215e-02	2.615268e-02	1.369979e-01	1.107190e-01	3.469865e-01	5.835930e-04
7655	7.476428e-01	6.920326e-02	2.410723e-02	3.013404e-02	1.578538e-01	8.257479e-02	9.402598e-01	3.091750e-01
28292	6.987078e-02	5.068204e-01	2.233980e-02	2.792475e-02	1.462806e-01	4.083874e-02	3.216595e-01	2.343793e-01
14266	7.903485e-01	2.072837e-01	3.092950e-02	3.866188e-02	2.025259e-01	2.010827e-01	4.960848e-01	2.687099e-01
18273	6.551604e-01	7.998118e-01	3.014425e-02	3.768031e-02	1.973841e-01	1.973841e-01	8.338131e-01	7.599917e-01
25517	7.967282e-01	7.587919e-01	2.614137e-02	3.267671e-02	1.711733e-01	1.165454e-01	2.290552e-01	9.283605e-01
25830	7.626778e-01	2.416356e-01	2.911892e-02	3.639865e-02	1.906703e-01	1.060492e-01	4.511590e-01	9.563577e-01
18343	8.939429e-01	2.237537e-01	3.396605e-02	4.245757e-02	2.224092e-01	1.003454e-01	7.768787e-01	3.641946e-01
10556	5.883872e-01	5.184674e-01	2.073887e-02	2.592359e-02	1.357978e-01	1.184533e-01	6.766675e-01	2.083847e-01
19667	6.865828e-01	2.871214e-02	2.095919e-02	2.619898e-02	1.372404e-01	4.475572e-02	6.273554e-01	5.397879e-01
20958	2.673693e-01	4.376459e-01	2.502860e-02	3.128574e-02	1.638869e-01	1.478710e-01	3.203931e-01	7.533181e-01
14285	3.967771e-01	6.591376e-01	2.802418e-02	3.503022e-02	1.835019e-01	1.390644e-01	8.133987e-01	8.379718e-01
14705	9.395858e-01	6.233295e-01	4.246031e-02	5.307538e-02	2.780294e-01	1.842435e-01	1.471682e-01	7.855329e-01
17613	8.660625e-02	1.612896e-01	2.674847e-02	3.343558e-02	1.751485e-01	9.855337e-02	9.906482e-01	2.119476e-01
13688	4.210978e-01	1.966375e-01	4.876925e-02	6.096156e-02	3.193403e-01	1.716126e-01	5.440822e-01	8.032476e-01
1811	5.073557e-01	5.123946e-01	6.153110e-02	7.691388e-02	4.029047e-01	1.054603e-01	2.327788e-01	2.215104e-01
26449	2.192032e-01	2.833014e-01	2.896409e-02	3.620511e-02	1.896564e-01	1.752248e-01	1.092035e-01	8.218277e-02
21559	2.230566e-01	8.175345e-01	6.836662e-02	8.545827e-02	4.476636e-01	4.391202e-01	7.870813e-01	5.985341e-01
8306	6.595585e-01	2.830353e-01	4.745138e-02	5.931422e-02	3.107109e-01	1.017555e-01	5.600281e-01	1.011124e-01
17571	4.570046e-01	5.007651e-01	2.285995e-02	2.857493e-02	1.496866e-01	1.308451e-01	8.996497e-01	7.887671e-01
