2984	2.444919e-01	1.085456e-01	4.665348e-02	5.831685e-02	3.054863e-01	9.881544e-02	8.005814e-01	8.942398e-01
11647	3.686611e-01	4.526457e-01	2.538066e-02	3.172582e-02	1.661922e-01	1.461372e-01	2.648385e-01	2.908252e-01
27147	8.286217e-01	6.069593e-01	3.715204e-02	4.644005e-02	2.432710e-01	2.326545e-01	4.829605e-01	3.583518e-01
6303	2.079794e-01	8.478364e-01	5.160142e-02	6.450178e-02	3.378853e-01	1.864711e-01	9.741207e-01	3.599704e-02
10360	2.489340e-01	7.443640e-01	6.845462e-02	8.556827e-02	4.482398e-01	2.680782e-01	6.087761e-01	2.378547e-01
15649	6.017418e-01	1.602973e-01	5.581352e-02	6.976690e-02	3.654660e-01	2.108645e-01	8.240382e-01	2.471185e-02
1203	3.993649e-01	5.066917e-01	3.292954e-02	4.116193e-02	2.156221e-01	1.397612e-01	2.103687e-01	1.212739e-01
990	8.538531e-01	6.677743e-01	3.141710e-02	3.927137e-02	2.057187e-01	1.259069e-01	1.138364e-01	8.382638e-01
5527	8.746896e-01	5.826229e-02	3.372877e-02	4.216096e-02	2.208554e-01	1.978531e-01	3.724822e-02	9.013858e-01
30968	3.632477e-01	6.284376e-02	3.622620e-02	4.528275e-02	2.372086e-01	2.037110e-01	3.726996e-01	3.002400e-01
6668	1.678705e-01	5.281617e-01	7.187241e-02	8.984051e-02	4.706194e-01	2.352467e-01	1.710551e-01	2.819700e-01
26376	5.938534e-01	7.814245e-01	5.198420e-02	6.498025e-02	3.403917e-01	1.512723e-01	6.936949e-01	3.492688e-01
17452	4.612686e-01	3.956174e-01	2.420509e-02	3.025636e-02	1.584946e-01	5.674258e-02	4.895614e-01	9.843131e-01
1922	3.580914e-01	2.559866e-01	2.053792e-02	2.567240e-02	1.344820e-01	9.638732e-02	5.739417e-01	3.621760e-01
1734	6.521171e-01	7.203564e-01	5.914757e-02	7.393446e-02	3.872974e-01	3.168451e-01	4.227771e-01	5.442755e-01
29751	4.787445e-01	3.834474e-01	2.634891e-02	3.293613e-02	1.725322e-01	1.612913e-01	3.641394e-03	7.790477e-01
2329	7.838733e-01	8.494734e-01	2.189697e-02	2.737121e-02	1.433810e-01	4.261023e-02	2.497794e-01	6.847162e-01
29300	7.051708e-01	3.900376e-01	2.830788e-02	3.538485e-02	1.853596e-01	1.796786e-01	7.297059e-01	7.838049e-02
30474	1.441461e-01	3.582125e-01	6.299789e-02	7.874737e-02	4.125092e-01	3.739689e-01	9.206543e-01	3.615073e-01
15409	1.456425e-01	8.608701e-01	6.843170e-02	8.553962e-02	4.480897e-01	2.559228e-01	1.084508e-01	8.195250e-01
19894	1.382529e-01	4.073012e-01	2.633225e-02	3.291532e-02	1.724232e-01	8.216934e-02	8.993160e-01	4.262742e-01
8535	9.452586e-01	3.235544e-01	3.716768e-02	4.645960e-02	2.433734e-01	1.261434e-01	2.766273e-01	1.888091e-01
26257	7.212799e-01	9.664109e-01	2.307679e-02	2.884598e-02	1.511064e-01	1.031695e-01	5.118656e-01	3.984019e-01
1477	2.095969e-01	3.270646e-01	6.820532e-02	8.525665e-02	4.466074e-01	4.165430e-01	4.013973e-01	9.240895e-01
31465	7.746494e-01	9.471862e-02	2.663552e-02	3.329440e-02	1.744089e-01	1.671912e-01	6.418842e-01	6.014062e-01
32053	2.021364e-01	1.901011e-01	3.296786e-02	4.120982e-02	2.158730e-01	2.055571e-01	2.464341e-01	9.696584e-01
28273	6.075364e-01	4.246350e-01	2.314814e-02	2.893518e-02	1.515737e-01	9.162104e-02	5.514649e-01	9.502343e-01
27280	4.981850e-01	9.720224e-01	2.299659e-02	2.874574e-02	1.505813e-01	1.065151e-01	8.899186e-01	1.345501e-01
16036	8.158775e-01	4.917421e-01	4.587729e-02	5.734662e-02	3.004038e-01	2.313566e-01	8.267074e-01	2.127569e-02
2519	4.928684e-01	3.252523e-01	2.960417e-02	3.700521e-02	1.938476e-01	1.584513e-01	6.990446e-01	7.317412e-01
10754	1.932716e-01	1.078132e-01	2.082463e-02	2.603079e-02	1.363594e-01	7.953512e-02	1.478534e-01	6.027489e-01
8694	2.460225e-01	3.915154e-01	2.229382e-02	2.786728e-02	1.459796e-01	9.942125e-02	6.765598e-01	5.864518e-01
12255	5.660801e-01	1.407012e-01	2.465570e-02	3.081962e-02	1.614451e-01	1.267284e-01	5.289204e-01	5.418825e-01
2676	8.790761e-02	5.360403e-01	2.463093e-02	3.078866e-02	1.612829e-01	9.240495e-02	1.101546e-01	6.475834e-01
1260	5.718592e-02	3.489511e-01	2.899554e-02	3.624442e-02	1.898623e-01	1.882618e-01	7.790261e-01	9.016472e-01
4818	1.519491e-01	6.563952e-01	2.222409e-02	2.778011e-02	1.455230e-01	1.454696e-01	9.226917e-03	3.662219e-01
29900	3.433380e-01	5.839759e-01	3.014349e-02	3.767936e-02	1.973791e-01	1.578896e-01	9.812775e-01	4.118502e-01
5631	5.052908e-01	2.347262e-01	3.367582e-02	4.209477e-02	2.205087e-01	2.059186e-01	1.125054e-03	9.573699e-01
23770	4.804279e-01	2.894414e-01	2.249449e-02	2.811812e-02	1.472936e-01	7.213953e-02	7.797351e-01	7.542330e-01
24290	5.986359e-01	8.604793e-01	3.151901e-02	3.939876e-02	2.063860e-01	2.063777e-01	3.802846e-01	2.778332e-01
20989	3.086021e-01	2.355687e-01	5.616112e-02	7.020140e-02	3.677421e-01	3.639179e-01	2.656467e-01	8.792716e-01
30779	3.623735e-02	7.504558e-01	2.711057e-02	3.388821e-02	1.775196e-01	1.754916e-01	2.437574e-02	5.473847e-01
8640	5.182411e-01	6.328319e-01	2.825484e-02	3.531855e-02	1.850122e-01	7.879079e-02	2.827616e-02	3.858837e-01
14059	6.258342e-01	3.182150e-01	2.887216e-02	3.609020e-02	1.890545e-01	1.382241e-01	5.919670e-01	1.961084e-01
6710	5.097889e-01	5.038551e-01	2.752638e-02	3.440798e-02	1.802423e-01	1.728052e-01	8.775249e-01	2.427445e-01
12003	6.633960e-01	1.444522e-01	2.228582e-02	2.785728e-02	1.459272e-01	1.441768e-01	8.170143e-01	7.640336e-01
19499	3.052046e-01	7.940519e-01	4.646139e-02	5.807673e-02	3.042284e-01	2.917327e-01	7.320904e-01	7.178587e-02
28160	5.255019e-01	3.053355e-02	2.304004e-02	2.880006e-02	1.508659e-01	9.741669e-02	4.010220e-01	7.041647e-01
12456	3.478405e-01	4.002861e-01	2.994809e-02	3.743511e-02	1.960996e-01	1.147384e-01	6.203802e-02	7.135690e-02
29001	8.357260e-02	1.349969e-01	4.472186e-02	5.590232e-02	2.928380e-01	2.041118e-01	5.549694e-01	2.359484e-01
906	6.345321e-01	5.176018e-01	5.416993e-02	6.771241e-02	3.547038e-01	3.349390e-01	2.816176e-01	4.670354e-01
26325	7.308822e-01	2.922553e-01	2.387479e-02	2.984349e-02	1.563318e-01	1.546224e-01	9.199595e-01	7.827822e-02
22558	9.362515e-01	6.261355e-01	3.023082e-02	3.778853e-02	1.979510e-01	1.969830e-01	5.620771e-01	6.562596e-01
1372	2.596762e-01	3.218669e-01	2.137381e-02	2.671726e-02	1.399554e-01	7.594099e-02	7.281848e-01	8.113898e-01
10675	2.215136e-01	5.141989e-02	3.283135e-02	4.103919e-02	2.149792e-01	1.809262e-01	2.500028e-01	2.596057e-01
32205	4.074286e-01	4.131838e-01	5.401137e-02	6.751421e-02	3.536656e-01	2.379647e-01	4.867084e-01	9.778176e-01
21297	4.777117e-01	4.463393e-01	3.049038e-02	3.811298e-02	1.996505e-01	5.592938e-02	8.522465e-01	7.332280e-01
25651	9.316211e-01	5.459418e-01	5.316055e-02	6.645069e-02	3.480945e-01	3.480673e-01	6.983637e-01	5.963731e-01
24024	4.620014e-01	5.791175e-01	3.415265e-02	4.269081e-02	2.236310e-01	1.187420e-01	8.007045e-01	2.027150e-01
6527	1.650126e-01	4.775928e-01	4.876365e-02	6.095456e-02	3.193036e-01	1.572603e-01	2.071914e-01	8.268818e-01
19453	7.474422e-01	9.051879e-01	6.364270e-02	7.955337e-02	4.167314e-01	1.509217e-01	9.517001e-01	9.099466e-01
5777	2.049102e-01	6.120067e-01	4.007322e-02	5.009152e-02	2.623988e-01	1.472709e-01	2.657287e-01	9.620668e-01
4037	3.489178e-01	9.200613e-01	5.067613e-02	6.334517e-02	3.318265e-01	3.126586e-01	3.745544e-01	6.258917e-01
10850	5.390237e-01	9.522425e-02	2.281676e-02	2.852095e-02	1.494038e-01	1.396732e-01	9.851205e-01	2.733144e-02
30312	7.364573e-01	5.199920e-01	5.305228e-02	6.631534e-02	3.473855e-01	3.055087e-01	9.087592e-01	9.254175e-01
19627	8.864629e-01	7.060966e-01	4.331510e-02	5.414388e-02	2.836266e-01	2.822870e-01	4.254064e-01	6.776141e-01
6428	8.502199e-01	2.615526e-01	2.260260e-02	2.825325e-02	1.480015e-01	6.938945e-02	3.500719e-01	6.872893e-01
8522	8.388450e-01	1.559894e-01	6.172280e-02	7.715349e-02	4.041599e-01	3.590742e-01	6.478054e-01	6.788382e-01
8570	5.264032e-01	1.360865e-01	2.724391e-02	3.405489e-02	1.783927e-01	1.425035e-01	5.036450e-03	3.808847e-01
1583	9.811337e-02	2.585733e-01	6.876236e-02	8.595295e-02	4.502549e-01	2.340874e-01	3.556837e-01	7.387775e-01
10017	1.579176e-01	6.909276e-01	2.706774e-02	3.383468e-02	1.772392e-01	1.341386e-01	3.099262e-01	7.060497e-01
4040	4.145870e-01	7.694752e-01	2.258276e-02	2.822845e-02	1.478716e-01	1.445335e-01	7.632553e-01	7.308561e-01
1220	7.060021e-02	4.293066e-01	3.128235e-02	3.910293e-02	2.048363e-01	2.007868e-01	8.844613e-01	6.885221e-01
2948	2.622483e-01	5.504292e-01	3.081330e-02	3.851663e-02	2.017650e-01	6.808369e-02	3.779046e-01	8.608538e-01
2804	8.543871e-01	8.597345e-01	2.604663e-02	3.255828e-02	1.705529e-01	1.215088e-01	5.832394e-01	8.755966e-01
16865	9.500918e-02	6.372290e-01	4.680473e-02	5.850592e-02	3.064767e-01	1.043289e-01	9.353748e-02	5.111497e-02
26854	6.446075e-01	3.856153e-01	4.389712e-02	5.487140e-02	2.874377e-01	1.861077e-01	3.450609e-01	8.694432e-01
19177	3.754370e-01	7.424952e-01	2.808232e-02	3.510290e-02	1.838826e-01	1.076212e-01	6.440975e-01	8.616486e-01
2216	3.266549e-01	9.164160e-02	3.505035e-02	4.381293e-02	2.295091e-01	9.830679e-02	4.633351e-01	5.272565e-01
