25854	8.662921e-01	3.533883e-01	4.658794e-02	5.823492e-02	3.050571e-01	7.915410e-02	7.495936e-01	7.104285e-01
12460	3.281408e-01	6.278474e-01	2.397377e-02	2.996722e-02	1.569799e-01	1.555057e-01	7.623654e-01	6.922484e-01
6033	5.162358e-02	4.819039e-01	2.897019e-02	3.621273e-02	1.896963e-01	1.505052e-01	3.184314e-01	1.057532e-01
2238	8.309273e-01	3.546757e-01	2.901072e-02	3.626339e-02	1.899617e-01	5.325936e-02	7.726580e-01	4.220500e-02
754	7.229053e-01	3.189256e-01	5.408489e-02	6.760612e-02	3.541470e-01	2.329497e-01	5.156597e-01	6.725675e-01
6827	5.284957e-01	9.384941e-01	2.372617e-02	2.965771e-02	1.553586e-01	1.464990e-01	9.840911e-01	4.129320e-01
1684	1.355175e-01	5.995105e-01	4.758548e-02	5.948185e-02	3.115890e-01	3.078774e-01	3.633176e-01	8.732203e-01
4659	7.510684e-01	5.697586e-01	2.886327e-02	3.607909e-02	1.889963e-01	1.269130e-01	3.508661e-02	5.982223e-01
19840	9.396855e-01	9.131131e-01	4.332334e-02	5.415418e-02	2.836806e-01	2.823382e-01	3.525761e-01	6.625913e-01
24609	4.530982e-01	8.340940e-02	2.514357e-02	3.142946e-02	1.646397e-01	9.230804e-02	2.616335e-01	2.640156e-01
9494	2.923039e-01	6.309931e-01	2.146195e-02	2.682744e-02	1.405325e-01	7.342884e-02	5.543201e-02	8.006704e-02
22443	6.179059e-01	1.329187e-01	4.155948e-02	5.194935e-02	2.721309e-01	2.691323e-01	6.364771e-01	8.270102e-01
16257	9.060453e-01	8.783514e-01	2.088054e-02	2.610068e-02	1.367255e-01	1.166722e-01	7.962558e-01	8.128616e-01
27604	4.105168e-01	5.340799e-01	5.840277e-02	7.300347e-02	3.824205e-01	3.225924e-01	4.220846e-01	8.905066e-01
30079	5.051141e-01	6.273074e-01	2.936016e-02	3.670020e-02	1.922499e-01	1.911864e-01	6.252009e-01	9.922411e-01
15411	1.973004e-01	3.592295e-02	3.202087e-02	4.002609e-02	2.096722e-01	2.096642e-01	8.687353e-01	1.780269e-01
18087	4.991500e-01	3.030737e-01	4.164520e-02	5.205651e-02	2.726922e-01	1.055824e-01	2.488544e-01	7.340438e-01
11480	9.089355e-02	1.234892e-01	2.687338e-02	3.359173e-02	1.759665e-01	6.407555e-02	4.619301e-01	3.225179e-01
12470	2.629426e-01	7.721134e-01	2.308349e-02	2.885437e-02	1.511504e-01	1.350199e-01	6.524416e-01	1.691138e-02
17647	3.355326e-01	7.789612e-01	4.496158e-02	5.620197e-02	2.944077e-01	2.934541e-01	2.309537e-01	6.316697e-01
17975	3.867437e-01	1.949231e-01	2.258553e-02	2.823192e-02	1.478897e-01	1.016464e-01	9.140994e-02	2.830932e-01
30364	8.061149e-01	8.823100e-01	4.067255e-02	5.084069e-02	2.663232e-01	8.695699e-02	2.271107e-01	4.771274e-01
7215	9.037740e-01	7.710216e-01	2.068234e-02	2.585293e-02	1.354277e-01	9.882544e-02	5.891778e-01	3.586991e-01
30388	5.089165e-01	8.091063e-01	4.449036e-02	5.561295e-02	2.913222e-01	1.190425e-01	4.113137e-01	1.958969e-01
1062	3.060860e-01	1.882074e-01	2.150538e-02	2.688172e-02	1.408169e-01	8.438684e-02	3.587549e-01	5.842383e-01
27191	4.405393e-01	4.043978e-01	6.044341e-02	7.555426e-02	3.957825e-01	3.090635e-01	4.209938e-01	9.058511e-01
31556	8.553163e-01	6.913655e-01	3.272183e-02	4.090229e-02	2.142620e-01	2.085117e-01	7.701126e-01	2.430605e-01
6339	1.940080e-01	7.206755e-01	3.055808e-02	3.819759e-02	2.000938e-01	6.996449e-02	6.235974e-01	9.873555e-01
17241	4.074497e-01	6.347591e-01	6.922639e-02	8.653299e-02	4.532933e-01	1.617337e-01	5.083727e-01	1.864518e-01
31445	4.256613e-01	2.228536e-01	5.435173e-02	6.793966e-02	3.558943e-01	3.454363e-01	7.876000e-01	9.479091e-01
2116	1.627498e-01	9.494673e-01	2.184083e-02	2.730104e-02	1.430134e-01	1.395226e-01	3.684313e-01	7.200556e-01
7120	2.470390e-01	1.927333e-01	7.459629e-02	9.324536e-02	4.884554e-01	4.044836e-01	7.592087e-01	5.119467e-01
10988	4.576190e-01	8.454212e-01	4.032442e-02	5.040552e-02	2.640436e-01	2.515383e-01	1.331538e-01	9.413520e-01
21799	7.116641e-01	7.271331e-01	3.321847e-02	4.152309e-02	2.175140e-01	9.537433e-02	9.450816e-01	8.773221e-01
16314	6.368837e-02	5.590200e-01	3.070108e-02	3.837635e-02	2.010302e-01	1.434178e-01	6.583378e-01	5.582057e-01
23418	6.671768e-01	1.249000e-01	2.305348e-02	2.881685e-02	1.509539e-01	1.507037e-01	9.747301e-01	1.705521e-01
23142	8.253459e-01	5.464035e-01	3.059722e-02	3.824652e-02	2.003501e-01	1.031128e-01	5.273013e-02	3.668228e-01
21778	5.602897e-01	5.070288e-01	3.762895e-02	4.703619e-02	2.463938e-01	2.450243e-01	6.317319e-02	9.331202e-01
12530	1.225035e-01	3.240998e-01	2.171501e-02	2.714376e-02	1.421895e-01	1.237892e-01	7.111797e-01	4.538387e-01
13771	6.814948e-02	5.176241e-01	2.694972e-02	3.368715e-02	1.764663e-01	1.203074e-01	3.888815e-01	5.857738e-02
29811	8.516603e-01	2.068635e-01	2.302384e-02	2.877980e-02	1.507598e-01	1.131495e-01	7.473740e-01	5.588085e-01
15446	4.124407e-01	7.192339e-01	3.626732e-02	4.533415e-02	2.374779e-01	1.960030e-01	3.218148e-01	6.563590e-01
18732	1.290147e-01	1.647801e-01	2.536592e-02	3.170740e-02	1.660956e-01	1.455924e-01	2.507968e-01	6.021873e-01
28336	1.848312e-01	4.861453e-01	3.823833e-02	4.779791e-02	2.503840e-01	8.747807e-02	4.263323e-01	9.772531e-01
30361	7.525609e-01	5.129398e-02	3.799616e-02	4.749520e-02	2.487983e-01	1.637875e-01	2.819327e-01	6.725551e-01
14929	1.339214e-01	7.690754e-01	6.536973e-02	8.171217e-02	4.280400e-01	4.265996e-01	2.044456e-01	5.225844e-01
16952	3.525953e-02	5.366206e-01	2.089729e-02	2.612161e-02	1.368351e-01	1.092825e-01	6.139801e-01	3.785547e-01
6031	3.934182e-01	3.434428e-01	3.976077e-02	4.970097e-02	2.603529e-01	1.773707e-01	2.470785e-01	1.276275e-01
11552	3.203816e-01	4.090965e-01	3.312474e-02	4.140593e-02	2.169003e-01	1.779710e-01	9.532213e-01	3.343559e-01
28526	5.902198e-01	4.408916e-01	2.550890e-02	3.188612e-02	1.670319e-01	4.760927e-02	5.767305e-01	5.286091e-01
6043	4.838622e-01	3.440890e-01	2.225474e-02	2.781842e-02	1.457237e-01	1.322496e-01	1.675203e-01	4.551793e-01
29898	2.154430e-01	3.357693e-01	2.929166e-02	3.661458e-02	1.918014e-01	1.527288e-01	3.009567e-02	6.341103e-01
31147	3.713139e-01	4.044558e-01	3.336427e-02	4.170534e-02	2.184688e-01	9.804414e-02	1.388974e-01	6.782980e-01
30977	8.715397e-01	2.359582e-01	2.877601e-02	3.597002e-02	1.884249e-01	1.531218e-01	8.835421e-01	1.862610e-01
14763	1.618612e-01	2.902349e-01	5.486864e-02	6.858580e-02	3.592790e-01	1.536047e-01	9.500848e-01	8.584266e-01
29527	3.400135e-01	1.126989e-01	4.257190e-02	5.321488e-02	2.787601e-01	2.590985e-01	2.476870e-01	7.500627e-01
31381	8.935445e-01	1.836204e-01	4.610094e-02	5.762617e-02	3.018682e-01	1.751444e-01	3.948235e-01	9.967144e-02
11494	8.734373e-01	8.365068e-01	2.421270e-02	3.026587e-02	1.585444e-01	1.390011e-01	1.294230e-01	4.532631e-01
689	8.737684e-02	6.743198e-01	4.250671e-02	5.313338e-02	2.783333e-01	2.349787e-01	1.712274e-02	6.505422e-01
10715	5.362390e-01	4.169994e-01	2.540339e-02	3.175424e-02	1.663410e-01	1.395237e-01	6.573101e-01	4.313791e-01
12180	9.234288e-01	4.770045e-01	4.528340e-02	5.660425e-02	2.965150e-01	2.216653e-01	8.518996e-02	2.378924e-01
5427	7.411378e-01	1.397631e-01	3.469409e-02	4.336761e-02	2.271764e-01	1.171327e-01	7.113810e-01	9.440823e-01
17774	8.340581e-02	7.280639e-01	3.548561e-02	4.435701e-02	2.323592e-01	2.275445e-01	7.049441e-01	1.633801e-01
8638	4.455829e-01	6.729968e-01	2.711327e-02	3.389159e-02	1.775373e-01	1.771482e-01	9.120111e-02	4.205503e-01
19935	2.938592e-01	2.667673e-01	2.920147e-02	3.650184e-02	1.912108e-01	1.814180e-01	4.188999e-01	6.825607e-01
1367	9.599555e-01	3.933900e-01	2.600661e-02	3.250826e-02	1.702909e-01	8.891044e-02	4.569766e-01	7.126803e-01
6474	3.888273e-01	9.229701e-01	3.034359e-02	3.792948e-02	1.986893e-01	1.618365e-01	4.572599e-01	5.237909e-01
13341	4.859813e-02	9.238055e-02	2.277957e-02	2.847447e-02	1.491603e-01	5.321469e-02	1.662639e-01	4.893023e-01
8019	3.324840e-01	8.636845e-01	2.426207e-02	3.032758e-02	1.588676e-01	7.077839e-02	8.687384e-01	7.966058e-02
17315	6.431169e-01	6.344910e-01	2.618115e-02	3.272644e-02	1.714338e-01	1.605413e-01	2.127935e-01	4.324798e-01
2950	1.803498e-01	5.240295e-01	3.396350e-02	4.245437e-02	2.223925e-01	1.464382e-01	9.938176e-01	3.820829e-01
4945	4.644080e-01	4.462232e-01	2.507165e-02	3.133956e-02	1.641687e-01	5.212770e-02	8.932166e-01	4.953057e-01
17002	1.942821e-01	8.834809e-01	5.348906e-02	6.686133e-02	3.502456e-01	3.056075e-01	9.770252e-01	2.639577e-01
13983	3.281896e-01	7.227123e-01	7.939224e-02	9.924030e-02	5.198591e-01	1.628491e-01	9.524187e-01	4.964261e-01
11656	7.940864e-01	5.028563e-01	4.260798e-02	5.325998e-02	2.789964e-01	2.763703e-01	8.539854e-01	8.964797e-01
15850	5.898628e-01	4.051171e-01	2.351411e-02	2.939264e-02	1.539701e-01	9.698521e-02	5.123686e-01	5.101742e-01
9220	8.971184e-01	9.718571e-01	2.457242e-02	3.071552e-02	1.608998e-01	1.339211e-01	9.257999e-01	9.687765e-01
13270	2.199853e-01	5.843389e-01	3.062618e-02	3.828272e-02	2.005397e-01	1.019361e-01	1.378473e-01	4.693119e-01
2620	1.183001e-01	3.719401e-01	3.373983e-02	4.217479e-02	2.209279e-01	1.803861e-01	7.938278e-02	9.658057e-01
