27162	1.527405e-01	7.091962e-01	3.809423e-02	4.761779e-02	2.494404e-01	2.195971e-01	6.568377e-01	9.883490e-02
6096	1.232935e-01	3.842397e-01	2.415152e-02	3.018941e-02	1.581438e-01	1.011728e-01	9.426450e-01	9.511326e-01
13823	2.929796e-01	5.960267e-01	3.057418e-02	3.821773e-02	2.001993e-01	5.366315e-02	9.614207e-01	4.458977e-01
8546	4.954184e-01	4.653276e-01	2.536327e-02	3.170409e-02	1.660783e-01	5.195912e-02	1.342060e-01	6.597302e-01
31710	5.233329e-01	1.939067e-01	3.074728e-02	3.843410e-02	2.013327e-01	1.575733e-01	2.834566e-01	1.751617e-01
21176	3.435372e-01	5.870136e-01	4.533176e-02	5.666471e-02	2.968317e-01	2.870223e-01	1.541795e-02	6.493239e-01
16130	7.166872e-01	9.102881e-01	3.002257e-02	3.752821e-02	1.965873e-01	1.715031e-01	6.677372e-01	9.299832e-01
12037	9.978778e-02	5.566148e-01	6.191830e-02	7.739787e-02	4.054400e-01	3.627215e-01	4.541214e-01	8.428637e-02
21847	6.760946e-01	4.806874e-01	2.499815e-02	3.124768e-02	1.636875e-01	1.067912e-01	2.423269e-02	4.635334e-02
11508	7.161100e-01	8.059951e-02	4.851768e-02	6.064709e-02	3.176930e-01	1.000021e-01	3.086282e-01	8.035591e-01
4241	3.798971e-01	1.994708e-01	6.702705e-02	8.378382e-02	4.388921e-01	3.430537e-01	6.179136e-01	5.737044e-01
24323	7.395506e-01	7.602296e-01	4.842277e-02	6.052846e-02	3.170715e-01	2.117287e-01	3.977870e-02	6.644731e-01
29211	2.745209e-01	1.160860e-01	4.448106e-02	5.560133e-02	2.912613e-01	2.761019e-01	2.097322e-01	2.070358e-01
464	9.597066e-01	9.520008e-01	3.978537e-02	4.973171e-02	2.605140e-01	2.440652e-01	7.786135e-01	9.237244e-01
6321	8.249813e-01	3.898428e-01	5.333492e-02	6.666866e-02	3.492363e-01	1.886871e-01	5.326163e-01	3.679251e-01
8312	9.237449e-01	1.572898e-01	2.649004e-02	3.311255e-02	1.734564e-01	6.774934e-02	7.360096e-01	8.502063e-03
5438	2.088352e-01	1.252895e-01	5.211076e-02	6.513845e-02	3.412205e-01	2.101065e-01	4.930635e-01	9.759143e-01
7167	4.101961e-01	8.796665e-01	2.794385e-02	3.492981e-02	1.829759e-01	9.290116e-02	7.445345e-01	7.016385e-01
29973	5.788804e-01	5.791245e-02	3.742049e-02	4.677562e-02	2.450288e-01	2.450192e-01	1.089467e-02	7.975447e-01
26341	7.411817e-01	4.949289e-01	2.179910e-02	2.724887e-02	1.427402e-01	1.038357e-01	5.128850e-01	3.009934e-01
2740	7.071718e-01	4.942603e-01	2.213142e-02	2.766428e-02	1.449162e-01	1.061296e-01	6.326931e-01	9.993637e-01
6381	3.923513e-01	3.269339e-01	2.286198e-02	2.857748e-02	1.496999e-01	3.942823e-02	1.464283e-02	2.684750e-01
20353	6.583361e-01	6.100691e-01	2.112360e-02	2.640450e-02	1.383170e-01	5.201735e-02	5.592305e-01	5.559334e-01
28464	2.181013e-01	5.790160e-01	6.276902e-02	7.846128e-02	4.110106e-01	3.313850e-01	3.786515e-01	3.614134e-01
26700	7.234127e-01	5.784555e-01	2.479269e-02	3.099087e-02	1.623422e-01	4.920043e-02	7.716799e-01	8.259534e-01
25434	8.435864e-01	7.429535e-02	5.827710e-02	7.284637e-02	3.815975e-01	2.005778e-01	2.129941e-01	6.282050e-01
3827	5.654005e-01	6.761003e-01	2.526618e-02	3.158272e-02	1.654425e-01	1.641434e-01	1.663782e-01	6.378445e-01
18726	1.679836e-01	1.966165e-01	2.110178e-02	2.637722e-02	1.381741e-01	1.311711e-01	8.893401e-01	9.510415e-01
32366	6.217965e-01	5.810047e-01	3.964883e-02	4.956104e-02	2.596199e-01	2.238892e-01	4.237475e-01	6.109385e-01
27065	8.171321e-01	1.165287e-01	3.224295e-02	4.030368e-02	2.111263e-01	7.605468e-02	7.985469e-01	5.952547e-01
13621	1.341000e-01	9.010460e-01	5.242694e-02	6.553368e-02	3.432908e-01	3.194858e-01	4.548857e-01	2.789789e-01
17042	7.602632e-01	2.187054e-01	3.998696e-02	4.998370e-02	2.618340e-01	2.580897e-01	8.036429e-01	3.424104e-01
9906	3.390383e-01	4.515877e-01	3.254008e-02	4.067510e-02	2.130720e-01	1.088605e-01	1.836996e-02	9.362720e-01
8205	2.875556e-01	5.082040e-01	2.925688e-02	3.657111e-02	1.915736e-01	1.892607e-01	1.782033e-01	5.942059e-01
8337	3.065231e-01	3.684200e-01	3.595713e-02	4.494641e-02	2.354467e-01	2.354432e-01	3.107972e-01	9.487389e-02
26263	4.871381e-01	7.640715e-01	3.507007e-02	4.383758e-02	2.296382e-01	1.788956e-01	1.423934e-01	9.357335e-01
17363	7.449974e-01	4.060084e-02	2.314050e-02	2.892563e-02	1.515236e-01	1.505264e-01	1.400815e-02	8.784051e-02
6866	7.390752e-01	9.553724e-01	3.337315e-02	4.171643e-02	2.185268e-01	1.942037e-01	4.272891e-01	7.494303e-01
17569	4.635772e-01	9.145524e-01	2.324971e-02	2.906213e-02	1.522387e-01	7.475036e-02	7.795594e-01	9.582718e-01
11384	8.420603e-02	7.182834e-01	2.139410e-02	2.674263e-02	1.400883e-01	1.338098e-01	3.110920e-01	7.649029e-01
3495	4.759644e-01	4.792284e-01	2.072405e-02	2.590506e-02	1.357008e-01	9.914478e-02	5.871202e-01	5.004465e-01
15680	9.073877e-01	3.868668e-01	7.529358e-02	9.411698e-02	4.930212e-01	2.169526e-01	7.693189e-01	1.005077e-01
31094	7.459753e-01	2.589640e-01	3.313380e-02	4.141725e-02	2.169596e-01	7.804843e-02	1.652938e-01	2.025311e-01
28283	5.265503e-01	7.973923e-01	2.953495e-02	3.691869e-02	1.933944e-01	1.404322e-01	3.916299e-01	8.730976e-01
12713	5.469776e-01	2.407046e-01	3.848407e-02	4.810509e-02	2.519931e-01	1.740623e-01	2.367152e-01	8.311922e-01
6585	6.141801e-01	2.671918e-01	3.635845e-02	4.544806e-02	2.380745e-01	2.309803e-01	2.458382e-01	9.189738e-01
30736	3.063678e-01	2.478236e-01	3.267058e-02	4.083823e-02	2.139265e-01	1.541710e-01	2.336950e-01	3.638033e-01
10027	2.275282e-01	2.619444e-01	3.454752e-02	4.318440e-02	2.262166e-01	2.241779e-01	2.512141e-01	7.874418e-01
21652	2.660865e-01	2.803528e-01	5.188114e-02	6.485142e-02	3.397169e-01	9.417452e-02	3.643338e-01	6.273695e-01
24952	3.566312e-01	9.047998e-01	5.569435e-02	6.961794e-02	3.646857e-01	3.052295e-01	7.054357e-01	1.150074e-01
14478	8.354329e-01	3.023739e-01	2.246968e-02	2.808711e-02	1.471311e-01	1.462780e-01	9.031975e-01	6.016290e-01
19186	6.201507e-01	7.752275e-02	2.412357e-02	3.015446e-02	1.579608e-01	1.282072e-01	9.832251e-01	1.485231e-01
7131	5.570253e-01	3.413109e-01	2.374700e-02	2.968375e-02	1.554950e-01	1.396140e-01	1.787486e-01	8.959534e-01
31183	8.547892e-01	4.790448e-01	3.170404e-02	3.963005e-02	2.075975e-01	2.047847e-01	7.298723e-01	8.674633e-01
23002	1.403163e-01	4.435630e-01	4.587388e-02	5.734235e-02	3.003814e-01	2.993006e-01	6.338205e-01	4.249190e-02
14039	5.361810e-01	9.377385e-01	2.459274e-02	3.074092e-02	1.610329e-01	1.531053e-01	5.451289e-01	6.491700e-01
25130	8.537706e-01	3.417261e-01	3.510022e-02	4.387528e-02	2.298357e-01	1.609229e-01	1.796618e-01	9.747148e-01
8059	4.511914e-01	9.491645e-01	2.618952e-02	3.273690e-02	1.714886e-01	1.706939e-01	1.834618e-01	4.436404e-01
27469	4.339706e-01	2.642223e-01	2.806886e-02	3.508608e-02	1.837945e-01	9.120377e-02	4.132157e-01	4.811133e-01
23427	7.252611e-02	4.370736e-01	6.321011e-02	7.901264e-02	4.138988e-01	2.044671e-01	6.313665e-01	5.503214e-01
1642	3.404455e-01	3.482507e-01	2.446599e-02	3.058248e-02	1.602029e-01	4.598579e-02	1.986792e-01	7.343547e-01
27269	4.691834e-02	5.348158e-01	2.798204e-02	3.497755e-02	1.832260e-01	1.135729e-01	7.254904e-01	6.918496e-01
8151	5.952446e-01	1.465708e-01	2.158065e-02	2.697581e-02	1.413098e-01	1.365439e-01	9.318321e-02	8.345919e-01
18223	1.679013e-01	7.676397e-02	4.729776e-02	5.912220e-02	3.097050e-01	2.636903e-01	7.642693e-01	9.724273e-01
7874	1.208184e-01	1.837575e-01	4.894799e-02	6.118499e-02	3.205107e-01	1.238303e-01	5.730200e-01	8.263494e-01
9094	2.449876e-01	3.857510e-01	6.063098e-02	7.578873e-02	3.970107e-01	2.890555e-01	3.687393e-01	4.520147e-01
28829	7.293279e-01	3.797352e-01	2.236074e-02	2.795092e-02	1.464178e-01	1.409513e-01	1.552834e-01	6.226343e-01
3745	1.542091e-01	3.180724e-01	3.223515e-02	4.029394e-02	2.110753e-01	2.110376e-01	2.989672e-02	4.541470e-01
15755	3.067717e-01	8.711921e-01	2.469391e-02	3.086738e-02	1.616953e-01	1.436952e-01	5.017346e-01	8.662391e-01
31774	5.894139e-01	8.230232e-01	4.034918e-02	5.043647e-02	2.642058e-01	2.472898e-01	4.470848e-01	9.707898e-01
7054	8.874435e-01	8.161773e-01	3.072534e-02	3.840667e-02	2.011890e-01	1.953402e-01	6.439036e-01	8.400603e-01
5739	3.533607e-01	5.142764e-01	2.163071e-02	2.703839e-02	1.416376e-01	3.908226e-02	8.215469e-01	8.010017e-01
23712	4.263918e-01	2.305961e-01	2.711718e-02	3.389648e-02	1.775629e-01	7.411489e-02	5.783190e-01	4.013049e-01
4524	3.810905e-01	7.341051e-01	2.163036e-02	2.703795e-02	1.416353e-01	9.242755e-02	1.971211e-01	7.694027e-01
14517	2.514328e-01	1.840764e-01	2.491101e-02	3.113876e-02	1.631169e-01	7.434105e-02	4.697236e-01	7.942640e-01
2213	6.239676e-01	1.195282e-01	3.518000e-02	4.397500e-02	2.303581e-01	9.461077e-02	6.907216e-01	3.978939e-01
2448	5.971335e-01	4.627518e-01	4.287104e-02	5.358880e-02	2.807189e-01	2.711594e-01	2.343732e-01	8.641297e-02
