1935	4.091831e-01	6.599791e-01	4.772510e-02	5.965637e-02	3.125032e-01	1.522305e-01	1.757581e-01	8.615898e-01
18674	2.011533e-01	2.780121e-01	4.476674e-02	5.595843e-02	2.931319e-01	2.486518e-01	8.569758e-01	1.868194e-01
6784	4.352040e-01	7.936224e-01	2.090603e-02	2.613254e-02	1.368924e-01	8.476123e-02	4.833291e-02	7.166450e-01
5685	4.456193e-01	3.629574e-01	2.993711e-02	3.742139e-02	1.960277e-01	1.194882e-01	2.241346e-01	6.340679e-01
31434	7.496668e-01	3.830005e-01	2.539982e-02	3.174978e-02	1.663176e-01	1.438704e-01	5.238765e-01	2.500243e-01
17041	2.570193e-01	4.935781e-01	2.788180e-02	3.485225e-02	1.825696e-01	1.616639e-01	9.269573e-02	5.891496e-02
9188	1.008195e-01	6.523656e-01	2.063897e-02	2.579871e-02	1.351437e-01	8.934702e-02	9.767575e-01	6.117585e-01
9620	5.167758e-01	2.850512e-01	3.887332e-02	4.859165e-02	2.545419e-01	1.989018e-01	3.126842e-01	8.475295e-01
12163	5.276854e-01	2.356873e-01	2.637935e-02	3.297419e-02	1.727316e-01	6.302528e-02	7.722743e-01	8.815706e-01
17250	8.513755e-01	5.629240e-01	2.383280e-02	2.979100e-02	1.560568e-01	5.564204e-02	1.896201e-01	6.794127e-01
9187	6.412547e-01	3.495978e-01	7.140264e-02	8.925330e-02	4.675434e-01	3.598810e-01	7.559003e-01	2.572800e-01
14285	7.428309e-01	4.308763e-01	2.355603e-02	2.944504e-02	1.542445e-01	1.478291e-01	4.784424e-01	6.213618e-01
29546	2.659937e-01	5.539833e-01	4.219742e-02	5.274677e-02	2.763080e-01	2.763079e-01	5.477319e-02	8.931643e-01
18690	6.441254e-01	6.805422e-01	4.792545e-02	5.990682e-02	3.138151e-01	1.689769e-01	3.570500e-02	9.190708e-01
363	7.155267e-02	2.355936e-01	2.221195e-02	2.776494e-02	1.454435e-01	1.262575e-01	1.778809e-01	2.126648e-01
15411	6.185920e-01	6.205320e-01	3.159695e-02	3.949619e-02	2.068963e-01	7.388182e-02	6.101036e-01	4.378690e-01
17420	8.132567e-01	1.734797e-01	2.332408e-02	2.915511e-02	1.527257e-01	1.515303e-01	7.556616e-01	6.739309e-01
32528	8.633822e-01	9.007934e-01	2.704077e-02	3.380096e-02	1.770625e-01	1.751847e-01	2.718894e-01	5.169710e-01
24479	4.493331e-01	7.328452e-01	3.805494e-02	4.756868e-02	2.491832e-01	2.490406e-01	9.097215e-02	8.785044e-01
960	1.975014e-01	1.995401e-01	4.688548e-02	5.860685e-02	3.070054e-01	2.564395e-01	7.641061e-01	2.231927e-01
31574	1.744228e-01	3.037988e-01	2.092354e-02	2.615442e-02	1.370070e-01	1.349317e-01	8.664462e-01	4.007525e-01
28640	3.336480e-01	8.145219e-01	3.672224e-02	4.590280e-02	2.404567e-01	2.335421e-01	1.260041e-01	4.697789e-01
17452	5.413000e-01	5.804900e-01	2.104499e-02	2.630624e-02	1.378023e-01	1.377877e-01	8.954795e-01	8.031543e-01
16210	5.755334e-01	3.754587e-01	2.336598e-02	2.920747e-02	1.530001e-01	8.491985e-02	2.159828e-01	6.550872e-01
14862	1.127814e-01	1.768384e-01	2.420130e-02	3.025163e-02	1.584698e-01	1.584498e-01	6.737651e-01	6.244621e-02
12763	1.938808e-01	5.210040e-01	2.404923e-02	3.006154e-02	1.574740e-01	8.502022e-02	7.720555e-01	3.973500e-01
27965	1.347123e-01	6.113826e-01	7.680144e-02	9.600181e-02	5.028947e-01	2.861027e-01	4.717561e-01	2.741024e-01
27899	4.940174e-01	1.378649e-01	2.578451e-02	3.223064e-02	1.688366e-01	1.651092e-01	7.815614e-01	5.231563e-01
31062	1.954898e-01	8.253384e-01	2.199615e-02	2.749519e-02	1.440305e-01	1.227481e-01	5.258857e-01	8.732577e-01
17913	7.099041e-01	3.541315e-01	2.381828e-02	2.977284e-02	1.559617e-01	1.420978e-01	9.281009e-01	2.533628e-01
22373	5.039319e-01	9.275284e-01	5.443289e-02	6.804112e-02	3.564257e-01	1.131569e-01	9.655504e-01	9.357434e-01
28476	6.837706e-02	8.700510e-01	3.642210e-02	4.552763e-02	2.384914e-01	1.791679e-01	5.264707e-01	1.634368e-01
2164	8.815093e-01	2.955025e-01	2.928550e-02	3.660688e-02	1.917610e-01	1.809723e-01	7.164428e-01	1.209394e-01
18338	3.720656e-01	2.256950e-01	3.934692e-02	4.918365e-02	2.576430e-01	1.818436e-01	9.007949e-01	7.204412e-01
18111	6.831866e-01	2.507159e-01	2.177633e-02	2.722041e-02	1.425910e-01	4.041350e-02	5.829781e-01	3.553142e-01
6453	4.123674e-01	1.971020e-01	5.326548e-02	6.658185e-02	3.487815e-01	2.563840e-01	4.622521e-01	3.925914e-01
14055	7.483683e-01	7.816755e-02	2.548387e-02	3.185484e-02	1.668680e-01	8.287226e-02	1.215988e-01	2.315530e-01
5599	7.424793e-01	9.418593e-01	3.040545e-02	3.800682e-02	1.990944e-01	1.547933e-01	2.386400e-01	6.193016e-01
265	7.823251e-01	3.046391e-01	5.588780e-02	6.985975e-02	3.659525e-01	2.742096e-01	5.836169e-01	4.590152e-01
12344	4.668950e-02	3.052723e-01	3.196071e-02	3.995089e-02	2.092783e-01	9.649574e-02	8.749416e-01	2.270294e-03
27169	9.377704e-01	5.439224e-01	3.278482e-02	4.098102e-02	2.146745e-01	1.029142e-01	4.096344e-01	1.892720e-02
71	8.345286e-01	9.047931e-01	2.126764e-02	2.658456e-02	1.392602e-01	1.205314e-01	9.384139e-01	7.018060e-01
18248	6.631399e-01	2.166305e-01	2.471383e-02	3.089229e-02	1.618258e-01	1.618128e-01	3.598399e-01	5.880464e-01
21752	6.637773e-01	7.168336e-01	2.529525e-02	3.161906e-02	1.656329e-01	1.058457e-01	3.376011e-01	7.838849e-01
7740	7.960350e-01	5.931478e-01	2.061920e-02	2.577400e-02	1.350142e-01	1.349739e-01	1.175553e-01	9.897746e-01
15507	2.927788e-02	4.154985e-01	2.729661e-02	3.412076e-02	1.787378e-01	4.822297e-02	1.639412e-01	7.218747e-01
18860	3.967054e-01	6.408102e-02	2.563347e-02	3.204184e-02	1.678476e-01	1.586801e-01	3.592578e-02	9.213072e-01
6720	6.672724e-01	7.970358e-01	3.551513e-02	4.439391e-02	2.325525e-01	1.472269e-01	3.913526e-01	5.279122e-01
27019	7.690893e-01	4.198727e-01	3.335514e-02	4.169392e-02	2.184089e-01	6.195225e-02	3.563828e-01	2.597037e-01
4203	3.376878e-01	9.252114e-01	3.752229e-02	4.690287e-02	2.456954e-01	2.443139e-01	7.422601e-01	5.612822e-01
29276	5.809942e-01	4.674661e-01	5.082449e-02	6.353062e-02	3.327980e-01	3.327889e-01	1.730481e-01	1.832005e-01
28882	1.870753e-01	5.466196e-02	2.123570e-02	2.654463e-02	1.390510e-01	1.149806e-01	7.024587e-01	6.150716e-01
5722	5.453783e-01	7.063373e-01	3.341472e-02	4.176840e-02	2.187991e-01	2.066283e-01	9.456375e-01	6.568118e-01
3053	2.933844e-01	3.501565e-01	2.613339e-02	3.266674e-02	1.711211e-01	1.711176e-01	7.408545e-01	3.373912e-01
9445	3.655004e-01	1.408608e-01	4.351963e-02	5.439954e-02	2.849659e-01	1.618422e-01	6.542945e-01	8.883073e-01
3791	8.632251e-01	6.286179e-01	4.663945e-02	5.829932e-02	3.053944e-01	2.725547e-01	6.760256e-01	1.416561e-01
30925	8.003764e-02	7.159016e-02	4.252640e-02	5.315800e-02	2.784622e-01	2.248285e-01	6.962866e-01	8.437298e-01
5943	9.020585e-01	6.533944e-01	2.740660e-02	3.425825e-02	1.794580e-01	5.558027e-02	3.645340e-01	5.577438e-01
239	5.868725e-01	6.926283e-02	2.422126e-02	3.027657e-02	1.586004e-01	1.585730e-01	6.462346e-01	6.032342e-01
15546	2.041775e-01	7.184769e-01	2.355183e-02	2.943979e-02	1.542170e-01	1.099554e-01	8.368485e-01	3.498937e-01
3679	3.330918e-01	2.988251e-01	2.123578e-02	2.654473e-02	1.390516e-01	1.357246e-01	7.863273e-01	1.478977e-01
11466	2.162546e-01	9.368770e-01	2.359645e-02	2.949556e-02	1.545092e-01	1.492804e-01	6.930622e-01	4.825679e-01
29832	5.901878e-01	2.151087e-01	5.809955e-02	7.262444e-02	3.804350e-01	3.075767e-01	4.138835e-01	9.035411e-01
9510	3.572562e-01	7.175446e-01	4.397275e-02	5.496593e-02	2.879329e-01	2.860612e-01	2.331367e-01	1.341107e-01
24264	9.274774e-01	8.799819e-01	2.283521e-02	2.854401e-02	1.495246e-01	1.196643e-01	7.011561e-01	4.875799e-02
3283	4.313278e-01	2.891541e-01	2.952921e-02	3.691151e-02	1.933568e-01	1.432173e-01	7.286208e-01	7.492161e-01
19060	8.756703e-01	7.640766e-01	2.257650e-02	2.822062e-02	1.478305e-01	8.828082e-02	7.195586e-01	6.319863e-01
21762	2.849261e-01	4.623984e-01	2.912908e-02	3.641135e-02	1.907368e-01	7.383096e-02	8.028358e-01	8.553886e-01
18195	2.056235e-01	6.023143e-01	2.866506e-02	3.583133e-02	1.876984e-01	1.046524e-01	1.806924e-01	9.972821e-01
13365	1.266726e-01	3.740486e-01	6.931570e-02	8.664462e-02	4.538781e-01	1.490328e-01	4.095193e-01	5.068287e-01
13066	1.140840e-01	4.711955e-01	2.778677e-02	3.473346e-02	1.819473e-01	1.819138e-01	1.510748e-01	4.998961e-01
20581	7.540501e-02	5.185894e-01	2.060323e-02	2.575404e-02	1.349096e-01	8.225481e-02	7.524657e-01	6.933494e-01
9490	7.031535e-01	4.618497e-01	3.109733e-02	3.887166e-02	2.036248e-01	1.696698e-01	4.349417e-01	3.302203e-01
14797	6.753268e-01	4.381168e-01	2.166816e-02	2.708521e-02	1.418828e-01	1.404415e-01	5.911282e-01	3.706242e-01
