9331	6.948017e-01	4.993063e-01	2.232227e-02	2.790284e-02	1.461659e-01	1.458872e-01	1.167883e-01	5.639460e-01
16792	2.601171e-01	8.715385e-01	2.541731e-02	3.177164e-02	1.664321e-01	1.149598e-01	9.663702e-01	5.816979e-01
9380	6.883098e-01	8.261581e-01	2.674464e-02	3.343081e-02	1.751235e-01	8.083568e-02	8.074687e-01	3.369986e-01
19538	3.281263e-01	8.777215e-01	3.534122e-02	4.417653e-02	2.314138e-01	1.660060e-01	9.784803e-01	7.789534e-01
31813	8.151293e-01	3.109289e-01	2.659761e-02	3.324701e-02	1.741607e-01	8.272133e-02	4.652225e-01	1.400884e-02
13899	6.201903e-01	3.175007e-01	3.895062e-02	4.868828e-02	2.550481e-01	2.454393e-01	4.347388e-01	4.666822e-01
27344	1.031077e-01	9.018514e-01	5.766903e-02	7.208629e-02	3.776159e-01	2.754398e-01	6.001935e-01	9.035500e-01
5930	2.536109e-01	3.644701e-01	2.855660e-02	3.569574e-02	1.869881e-01	1.103377e-01	8.926720e-01	1.523382e-01
10941	8.561778e-01	2.837133e-01	7.263516e-02	9.079395e-02	4.756139e-01	3.703267e-01	5.154200e-01	4.977126e-01
7492	6.442153e-01	2.329342e-01	2.951737e-02	3.689672e-02	1.932793e-01	1.622989e-01	6.562054e-01	1.244382e-01
25825	7.875174e-02	7.816119e-01	5.994135e-02	7.492668e-02	3.924950e-01	3.778409e-01	9.770855e-01	3.131435e-01
17960	8.959172e-01	5.856117e-01	3.018180e-02	3.772725e-02	1.976300e-01	1.976125e-01	4.401033e-01	4.151118e-01
17083	9.240924e-01	2.938732e-01	2.996643e-02	3.745803e-02	1.962197e-01	5.216340e-02	6.089123e-01	8.973820e-01
10395	3.253791e-01	3.877072e-01	2.064507e-02	2.580633e-02	1.351836e-01	1.349550e-01	5.970901e-01	8.572478e-02
30795	1.869626e-01	8.054082e-01	4.222108e-02	5.277635e-02	2.764630e-01	2.328231e-01	1.208313e-01	6.765396e-01
26666	7.229835e-01	5.649909e-01	6.723696e-02	8.404620e-02	4.402666e-01	4.299289e-01	1.873553e-01	7.748838e-01
2218	7.477238e-01	3.177525e-01	5.028768e-02	6.285960e-02	3.292829e-01	3.225465e-01	6.894113e-01	8.794001e-01
19725	7.092886e-02	8.488191e-01	2.162312e-02	2.702889e-02	1.415878e-01	9.299727e-02	1.588279e-01	5.227711e-01
11238	5.549547e-01	3.176145e-01	4.592523e-02	5.740653e-02	3.007177e-01	2.685411e-01	5.278873e-01	6.789492e-01
21686	7.540776e-01	6.272776e-01	3.744850e-02	4.681063e-02	2.452122e-01	2.389384e-01	7.185627e-01	9.422639e-01
18944	5.074083e-01	6.491194e-01	2.894257e-02	3.617821e-02	1.895155e-01	1.812543e-01	5.312995e-01	9.777041e-01
11942	3.111860e-01	5.782057e-01	2.339003e-02	2.923754e-02	1.531576e-01	1.300937e-01	4.193427e-01	1.089045e-01
15911	3.758891e-01	8.212733e-01	5.426416e-02	6.783020e-02	3.553209e-01	1.651426e-01	1.317335e-01	9.958476e-01
22194	9.049495e-01	3.908925e-01	3.187902e-02	3.984877e-02	2.087433e-01	1.057817e-01	2.295981e-01	7.441415e-01
7576	2.853640e-01	4.880235e-01	3.068480e-02	3.835600e-02	2.009236e-01	1.992397e-01	5.849754e-01	4.524331e-01
7474	8.065093e-01	9.565236e-01	2.665595e-02	3.331994e-02	1.745428e-01	1.494847e-01	6.720569e-01	8.910223e-01
28895	4.901886e-01	5.092008e-01	6.573037e-02	8.216297e-02	4.304015e-01	2.702959e-01	3.082319e-01	1.892394e-01
31800	4.459033e-02	1.719186e-01	2.815029e-02	3.518786e-02	1.843277e-01	1.843138e-01	4.332679e-01	2.181876e-01
12004	8.519194e-01	1.425358e-01	6.333944e-02	7.917430e-02	4.147457e-01	3.904653e-01	7.503495e-01	5.053563e-01
23570	2.046068e-01	3.649828e-01	2.428912e-02	3.036140e-02	1.590448e-01	1.464090e-01	7.286116e-01	2.825022e-01
7741	6.810408e-01	8.716397e-01	6.697624e-02	8.372030e-02	4.385594e-01	2.381044e-01	2.716360e-02	9.227803e-01
11506	9.097304e-01	6.411265e-02	5.034616e-02	6.293270e-02	3.296659e-01	2.537511e-01	7.506722e-01	4.277899e-01
16293	2.871547e-01	4.073043e-01	4.429086e-02	5.536357e-02	2.900158e-01	1.305906e-01	2.227273e-01	1.048561e-01
11904	5.473363e-01	1.531315e-01	3.423705e-02	4.279631e-02	2.241837e-01	1.627574e-01	5.648423e-01	4.748999e-01
15245	6.370017e-01	1.136362e-01	3.209026e-02	4.011283e-02	2.101265e-01	6.099501e-02	3.627055e-01	4.780631e-01
23617	8.972751e-01	5.420147e-01	4.088068e-02	5.110086e-02	2.676861e-01	2.029007e-01	9.844081e-01	9.345039e-01
1756	5.682973e-01	6.166320e-01	3.526831e-02	4.408539e-02	2.309364e-01	1.959089e-01	7.059524e-02	8.640366e-01
31063	2.810567e-01	6.166809e-01	4.664369e-02	5.830462e-02	3.054222e-01	1.450115e-01	1.266702e-01	5.307618e-01
13313	2.982741e-01	2.057917e-01	6.067948e-02	7.584935e-02	3.973283e-01	1.087236e-01	2.233034e-01	2.575178e-01
23752	7.079590e-02	3.976968e-01	4.814323e-02	6.017903e-02	3.152411e-01	1.538340e-01	5.349488e-01	1.498024e-01
29176	5.811253e-01	5.309301e-01	4.645917e-02	5.807396e-02	3.042139e-01	1.593158e-01	4.943776e-02	9.821633e-01
20733	2.440964e-01	6.420526e-01	2.555685e-02	3.194606e-02	1.673458e-01	1.309191e-01	3.900824e-01	7.848630e-01
3821	4.914953e-01	5.833506e-01	2.141216e-02	2.676519e-02	1.402065e-01	1.392564e-01	8.716346e-01	3.396167e-01
13326	3.245176e-01	7.930074e-01	2.677596e-02	3.346995e-02	1.753286e-01	1.711242e-01	5.298427e-01	5.582662e-01
30178	1.440127e-01	3.442461e-01	4.764678e-02	5.955848e-02	3.119904e-01	2.610611e-01	6.333956e-01	2.773262e-01
23881	9.319828e-01	4.329476e-01	2.839828e-02	3.549784e-02	1.859515e-01	1.857988e-01	5.057055e-01	2.411438e-01
22992	7.358033e-01	8.245237e-01	2.058505e-02	2.573131e-02	1.347906e-01	1.107992e-01	7.373543e-01	9.189022e-01
27116	4.310910e-01	2.533481e-01	3.283607e-02	4.104509e-02	2.150101e-01	2.120385e-01	9.376180e-01	3.234875e-01
16833	6.339816e-01	6.198531e-01	2.596842e-02	3.246053e-02	1.700408e-01	8.705054e-02	2.585767e-01	4.881662e-01
1266	5.894023e-01	3.733593e-01	2.296264e-02	2.870330e-02	1.503590e-01	1.394251e-01	9.861302e-01	3.862687e-01
13196	6.215032e-02	4.712365e-01	2.589006e-02	3.236257e-02	1.695277e-01	1.077974e-01	2.899900e-02	1.381039e-01
9174	5.097374e-01	1.476801e-01	2.320894e-02	2.901118e-02	1.519718e-01	5.523834e-02	1.554949e-01	5.883914e-01
15896	7.022288e-01	3.518113e-01	2.798212e-02	3.497765e-02	1.832265e-01	1.486753e-01	7.028941e-01	1.825715e-01
28827	1.417983e-01	1.668340e-01	3.522766e-02	4.403458e-02	2.306702e-01	1.251404e-01	8.669783e-01	7.994503e-01
5001	4.450139e-01	1.484600e-01	7.702841e-02	9.628551e-02	5.043808e-01	4.543916e-01	9.784500e-01	2.183196e-01
11865	6.865024e-01	6.933260e-01	2.878463e-02	3.598079e-02	1.884813e-01	1.068787e-01	8.438593e-01	1.899987e-01
29439	7.978363e-01	7.885771e-01	2.865225e-02	3.581531e-02	1.876145e-01	1.876141e-01	1.441345e-01	2.618265e-01
20060	8.219065e-01	6.800316e-01	2.540548e-02	3.175685e-02	1.663547e-01	1.479440e-01	9.422979e-01	4.444823e-01
18088	5.739113e-01	2.449799e-01	3.463618e-02	4.329522e-02	2.267972e-01	2.229509e-01	1.892768e-01	3.146069e-01
14199	2.374504e-01	1.952015e-01	7.004311e-02	8.755388e-02	4.586412e-01	1.364094e-01	6.715156e-01	9.956578e-01
10126	7.411431e-01	1.518105e-01	3.753430e-02	4.691787e-02	2.457740e-01	2.089948e-01	5.146652e-01	5.767314e-01
26204	4.827762e-01	9.006389e-01	3.718578e-02	4.648223e-02	2.434919e-01	7.561115e-02	1.936649e-02	1.474459e-01
13173	3.702520e-01	8.397230e-02	5.245971e-02	6.557464e-02	3.435054e-01	2.169142e-01	2.698838e-01	9.857221e-01
9476	9.014613e-02	6.996123e-01	2.719507e-02	3.399383e-02	1.780729e-01	1.778357e-01	2.592122e-01	9.751542e-01
24055	6.003921e-01	7.507145e-01	6.451911e-02	8.064888e-02	4.224701e-01	4.121059e-01	3.425651e-01	6.378203e-01
14937	9.655580e-01	3.943814e-01	2.151172e-02	2.688965e-02	1.408584e-01	1.169721e-01	4.961080e-01	6.943379e-01
8032	2.863746e-01	1.349178e-01	2.896300e-02	3.620375e-02	1.896493e-01	6.656433e-02	3.490683e-01	5.136051e-01
22992	2.017059e-01	5.843322e-01	4.602947e-02	5.753683e-02	3.014002e-01	2.029151e-01	3.974817e-01	7.107569e-01
22287	3.632399e-01	2.699038e-01	4.471053e-02	5.588816e-02	2.927639e-01	8.833434e-02	3.573197e-01	5.548472e-01
14141	6.557068e-01	7.281313e-01	3.299476e-02	4.124345e-02	2.160492e-01	1.439096e-01	2.080348e-01	2.180734e-01
29055	8.281890e-01	7.579070e-01	4.419659e-02	5.524574e-02	2.893986e-01	8.539125e-02	1.011289e-02	5.265902e-01
28058	9.488376e-01	5.826166e-01	2.783961e-02	3.479952e-02	1.822934e-01	1.336243e-01	8.457352e-01	8.404075e-01
19552	9.156104e-01	1.945692e-01	2.455268e-02	3.069085e-02	1.607706e-01	6.862711e-02	7.351510e-01	6.078640e-01
18227	9.413601e-01	6.595571e-01	2.435898e-02	3.044873e-02	1.595022e-01	1.211786e-01	8.409648e-01	7.525900e-01
18525	7.824611e-01	5.472248e-01	2.726337e-02	3.407921e-02	1.785201e-01	8.866852e-02	2.949769e-01	2.927771e-02
32307	5.480971e-01	9.214355e-01	6.129873e-02	7.662341e-02	4.013831e-01	3.849224e-01	6.847474e-02	2.730503e-01
8608	4.142686e-01	8.028066e-01	4.314320e-02	5.392900e-02	2.825010e-01	1.118760e-01	5.008036e-01	9.453305e-01
16097	9.238308e-01	9.160446e-01	2.099914e-02	2.624892e-02	1.375020e-01	1.098750e-01	5.945834e-01	6.505770e-01
