1073	8.093085e-01	7.006387e-01	3.053707e-02	3.817134e-02	1.999563e-01	1.987375e-01	2.678244e-01	9.180877e-01
3754	9.527623e-01	7.580430e-01	4.133871e-02	5.167339e-02	2.706852e-01	1.859679e-01	7.445479e-01	3.100018e-01
4582	7.879138e-01	4.695782e-01	2.061305e-02	2.576631e-02	1.349739e-01	6.746310e-02	7.871120e-01	2.836251e-01
370	6.733696e-01	7.255260e-01	5.456615e-02	6.820769e-02	3.572983e-01	3.393332e-01	6.487882e-01	5.089007e-01
21263	5.270484e-01	9.304189e-01	3.934674e-02	4.918343e-02	2.576418e-01	1.150111e-01	5.079772e-01	2.366866e-02
10660	3.413785e-01	1.624914e-01	5.742881e-02	7.178601e-02	3.760430e-01	2.354476e-01	2.175665e-01	7.331964e-01
26795	7.542510e-01	6.777889e-02	3.691406e-02	4.614257e-02	2.417127e-01	1.342097e-01	2.542098e-01	9.238586e-01
3716	4.203783e-01	2.189583e-01	2.604872e-02	3.256089e-02	1.705666e-01	1.565865e-01	9.990043e-01	2.350918e-01
19780	6.870283e-01	5.183939e-01	2.680932e-02	3.351165e-02	1.755470e-01	1.010155e-01	6.761330e-01	4.225785e-01
7846	2.413538e-01	8.770147e-01	2.723027e-02	3.403784e-02	1.783034e-01	1.431315e-01	6.590822e-01	7.745900e-01
6408	4.467947e-01	9.059284e-01	3.920166e-02	4.900208e-02	2.566919e-01	2.533455e-01	7.434477e-01	9.633624e-02
14579	1.653990e-01	4.554710e-01	3.555541e-02	4.444426e-02	2.328163e-01	6.229727e-02	3.365683e-01	2.617017e-01
16308	8.677250e-01	7.885731e-01	3.697701e-02	4.622126e-02	2.421249e-01	2.251127e-01	1.450246e-02	6.952473e-01
4157	1.812094e-01	8.975826e-02	3.295801e-02	4.119751e-02	2.158085e-01	1.147602e-01	5.229495e-01	1.370177e-01
29162	8.541236e-01	5.380003e-01	2.675786e-02	3.344733e-02	1.752101e-01	1.673398e-01	6.603006e-01	4.594667e-01
16563	6.987775e-01	9.354994e-01	2.299773e-02	2.874716e-02	1.505888e-01	1.319483e-01	5.351717e-01	1.919720e-01
14634	5.884373e-01	2.611554e-01	2.362576e-02	2.953220e-02	1.547011e-01	7.942664e-02	6.498254e-01	5.659731e-01
7560	8.597311e-02	9.643373e-01	2.596029e-02	3.245036e-02	1.699876e-01	1.466829e-01	4.554527e-01	2.649970e-03
19623	2.179600e-01	7.337743e-01	4.686953e-02	5.858691e-02	3.069009e-01	2.506431e-01	4.761991e-01	8.097296e-01
10868	2.056574e-01	4.901904e-02	2.542726e-02	3.178408e-02	1.664973e-01	1.439241e-01	1.838043e-01	8.616348e-01
10150	4.019259e-01	9.064453e-01	2.380760e-02	2.975950e-02	1.558918e-01	1.412015e-01	6.494177e-01	2.558441e-01
8131	8.349054e-01	5.672029e-02	3.337194e-02	4.171492e-02	2.185189e-01	2.081259e-01	6.197796e-01	2.943166e-01
19941	4.446914e-01	3.077124e-01	3.049286e-02	3.811608e-02	1.996668e-01	1.615388e-01	5.358007e-01	8.771852e-01
11984	8.569059e-01	2.236428e-01	3.317137e-02	4.146421e-02	2.172056e-01	1.788411e-01	2.679200e-01	5.817608e-01
3079	8.718883e-02	6.924047e-01	7.319102e-02	9.148878e-02	4.792537e-01	4.689340e-01	8.442006e-02	4.424102e-01
30031	4.717357e-01	6.065654e-01	4.974299e-02	6.217874e-02	3.257163e-01	1.117604e-01	2.149460e-01	6.943320e-01
32186	5.332519e-01	3.823990e-01	2.765857e-02	3.457321e-02	1.811079e-01	1.744428e-01	6.415644e-02	7.644625e-01
2011	1.331701e-01	9.293901e-01	5.043185e-02	6.303981e-02	3.302269e-01	2.604402e-01	6.985979e-01	7.444345e-01
23407	5.906746e-01	7.088974e-01	4.857356e-02	6.071695e-02	3.180589e-01	2.436734e-01	4.995601e-01	8.931934e-02
19845	4.818111e-01	9.603764e-01	2.200911e-02	2.751138e-02	1.441153e-01	7.835600e-02	9.679414e-01	5.028521e-01
14924	6.121357e-01	4.288000e-01	3.189213e-02	3.986516e-02	2.088292e-01	1.409504e-01	9.878546e-01	5.165747e-01
27435	5.567728e-01	1.869503e-01	4.730052e-02	5.912565e-02	3.097230e-01	2.372421e-01	7.837657e-01	4.620260e-01
29031	7.074313e-01	6.136053e-01	3.168242e-02	3.960303e-02	2.074560e-01	1.895730e-01	3.018850e-01	1.344385e-01
14070	3.769210e-01	7.611745e-01	2.636951e-02	3.296188e-02	1.726671e-01	6.699875e-02	4.003079e-01	8.757289e-01
5405	1.737405e-01	7.299583e-01	2.421943e-02	3.027429e-02	1.585884e-01	1.025497e-01	3.036270e-01	8.097586e-01
17214	4.602045e-01	9.313781e-01	2.770763e-02	3.463454e-02	1.814291e-01	4.868363e-02	7.268436e-01	8.823615e-01
31006	2.812494e-01	3.989948e-02	2.354495e-02	2.943118e-02	1.541719e-01	5.207085e-02	6.256993e-01	5.339546e-01
19787	8.827315e-01	5.115791e-01	2.616879e-02	3.271098e-02	1.713528e-01	1.607559e-01	8.181006e-01	6.438803e-01
5891	5.096034e-01	7.026800e-01	2.479036e-02	3.098795e-02	1.623269e-01	1.368485e-01	9.969623e-01	4.485757e-01
1553	8.296584e-01	5.955369e-01	5.045622e-02	6.307028e-02	3.303866e-01	2.941015e-01	1.327509e-01	5.667286e-01
14544	7.498710e-01	4.675447e-01	4.383765e-02	5.479706e-02	2.870482e-01	2.192940e-01	5.160528e-01	9.482039e-01
23675	6.036688e-01	9.245114e-01	5.217993e-02	6.522491e-02	3.416734e-01	3.415518e-01	7.525266e-01	2.184541e-01
1443	2.347622e-01	8.284574e-01	3.087497e-02	3.859371e-02	2.021688e-01	1.963909e-01	3.246893e-01	3.080591e-02
4167	8.307424e-02	5.835459e-01	7.467973e-02	9.334966e-02	4.890017e-01	2.106117e-01	7.703715e-01	8.683894e-01
22211	1.056596e-01	5.221179e-02	2.759391e-02	3.449239e-02	1.806845e-01	1.583020e-01	5.894971e-01	1.397767e-01
9713	7.735392e-01	8.987291e-01	7.906377e-02	9.882971e-02	5.177083e-01	2.456951e-01	5.247430e-01	4.444930e-01
16863	4.847866e-01	4.486574e-01	2.140178e-02	2.675223e-02	1.401385e-01	5.081160e-02	5.906106e-01	2.779043e-01
19937	2.475192e-01	2.219188e-01	2.844314e-02	3.555392e-02	1.862452e-01	1.398913e-01	4.158806e-01	9.893797e-01
23485	4.206141e-01	7.505523e-01	4.568384e-02	5.710480e-02	2.991371e-01	2.895052e-01	9.465557e-02	1.514469e-01
12606	9.537520e-01	5.124010e-01	2.237675e-02	2.797093e-02	1.465226e-01	5.086262e-02	8.348111e-01	6.112539e-01
15863	5.242634e-02	8.849727e-01	2.182948e-02	2.728684e-02	1.429391e-01	1.332893e-01	3.056202e-01	7.790891e-03
3344	6.487336e-01	3.378416e-01	2.658672e-02	3.323341e-02	1.740895e-01	1.531608e-01	8.373050e-01	4.561010e-01
8496	9.260667e-01	5.933504e-02	3.518801e-02	4.398502e-02	2.304106e-01	7.214432e-02	9.224755e-01	3.476273e-01
30680	6.441732e-01	4.076726e-01	2.998907e-02	3.748634e-02	1.963680e-01	1.444921e-01	6.550849e-01	1.762644e-02
10952	4.341474e-01	1.061483e-01	6.252950e-02	7.816188e-02	4.094422e-01	4.062612e-01	8.385824e-01	1.059163e-01
5794	7.710613e-02	9.026266e-01	2.373963e-02	2.967454e-02	1.554467e-01	4.942684e-02	9.279077e-01	6.302663e-01
21055	5.055990e-01	5.473829e-01	2.810228e-02	3.512784e-02	1.840133e-01	1.660053e-01	4.008042e-01	4.055449e-01
16765	7.198221e-01	1.711680e-01	2.402720e-02	3.003400e-02	1.573298e-01	1.448241e-01	8.032419e-01	1.493588e-02
30284	3.966125e-02	3.699604e-01	2.787357e-02	3.484196e-02	1.825157e-01	9.834945e-02	3.772933e-01	4.230026e-01
2577	7.239391e-01	2.407573e-01	2.337632e-02	2.922040e-02	1.530678e-01	4.100865e-02	2.315390e-01	9.114396e-02
29506	5.148599e-01	7.602530e-01	2.693449e-02	3.366811e-02	1.763666e-01	1.682411e-01	2.252286e-01	9.516015e-01
13453	4.970421e-01	7.886553e-01	2.316863e-02	2.896079e-02	1.517078e-01	1.263010e-01	8.659628e-01	7.059178e-01
24212	7.215986e-02	1.068722e-01	5.522484e-02	6.903105e-02	3.616114e-01	3.240268e-01	6.896708e-01	7.794519e-01
12896	1.903676e-01	6.873658e-01	2.552779e-02	3.190973e-02	1.671555e-01	1.331287e-01	3.569522e-01	3.563277e-01
10839	1.113769e-01	3.957560e-01	3.514808e-02	4.393511e-02	2.301491e-01	2.203284e-01	5.980319e-01	9.996316e-01
30862	7.448904e-01	1.194087e-01	5.087632e-02	6.359540e-02	3.331374e-01	1.029664e-01	4.349605e-01	8.429486e-01
10782	7.882949e-01	1.148484e-01	3.435017e-02	4.293771e-02	2.249244e-01	1.831673e-01	4.557497e-01	4.287069e-02
8295	8.649414e-01	3.342043e-02	2.750468e-02	3.438085e-02	1.801002e-01	1.177656e-01	7.239194e-01	1.794119e-01
11987	3.252163e-01	2.815161e-01	4.016984e-02	5.021229e-02	2.630315e-01	1.633725e-01	9.693146e-01	3.089562e-02
13264	7.113536e-02	2.888693e-01	4.024113e-02	5.030141e-02	2.634983e-01	2.118801e-01	7.609253e-01	4.947817e-01
1734	3.760827e-02	5.547936e-01	2.673281e-02	3.341601e-02	1.750460e-01	1.532575e-01	5.291096e-01	7.809585e-01
20759	3.295305e-01	8.837872e-01	2.636805e-02	3.296007e-02	1.726576e-01	1.274238e-01	1.884412e-01	6.090832e-01
18531	6.850311e-01	3.846880e-01	3.861714e-02	4.827143e-02	2.528644e-01	1.934569e-01	4.499595e-01	5.493822e-01
27072	1.841522e-01	2.465586e-01	3.494823e-02	4.368528e-02	2.288404e-01	2.015653e-01	5.920990e-01	5.868042e-01
