17804	1.993571e-01	9.351130e-01	4.397722e-02	5.497152e-02	2.879621e-01	1.713295e-01	2.242482e-01	3.378622e-01
5142	2.919798e-01	4.988162e-01	4.446402e-02	5.558003e-02	2.911497e-01	1.433261e-01	4.572420e-01	3.150812e-01
17324	5.855267e-01	3.723052e-01	6.812855e-02	8.516068e-02	4.461047e-01	4.458801e-01	7.345681e-01	8.390729e-01
13992	7.860697e-01	7.364979e-01	7.924464e-02	9.905580e-02	5.188927e-01	3.077559e-01	5.962910e-01	7.896036e-01
1234	6.830434e-01	3.596962e-02	2.062555e-02	2.578194e-02	1.350558e-01	7.867515e-02	5.696298e-01	7.474918e-01
30857	4.690132e-02	5.787454e-01	2.739330e-02	3.424162e-02	1.793709e-01	1.793350e-01	4.340637e-01	4.967996e-01
14308	5.274464e-01	8.315870e-01	2.462400e-02	3.078000e-02	1.612375e-01	1.574819e-01	5.015456e-01	6.248485e-01
2537	1.429338e-01	7.964101e-01	2.570574e-02	3.213218e-02	1.683208e-01	7.856397e-02	2.796422e-01	7.507955e-01
30040	7.599258e-01	5.891018e-01	4.269286e-02	5.336608e-02	2.795522e-01	1.128802e-01	9.883807e-01	7.945633e-01
27850	2.288739e-01	4.452924e-01	2.881050e-02	3.601313e-02	1.886507e-01	1.066250e-01	3.411391e-02	5.943879e-01
16028	4.599711e-01	5.476493e-01	3.661045e-02	4.576307e-02	2.397247e-01	1.008634e-01	3.730032e-01	4.770969e-01
2270	4.268049e-01	1.955876e-01	6.868175e-02	8.585218e-02	4.497270e-01	4.409465e-01	4.626957e-02	4.607332e-02
29791	1.270572e-01	9.288759e-01	2.671202e-02	3.339003e-02	1.749099e-01	1.726580e-01	9.275044e-01	7.262800e-01
2707	2.385847e-01	1.020073e-01	2.845386e-02	3.556733e-02	1.863154e-01	1.834265e-01	5.956543e-01	1.661024e-01
9465	6.199516e-01	8.471940e-01	2.514978e-02	3.143723e-02	1.646804e-01	1.411809e-01	4.822416e-01	7.244807e-01
26924	7.351097e-01	8.948926e-01	5.624494e-02	7.030617e-02	3.682910e-01	3.163902e-01	1.994650e-01	2.009429e-01
31531	1.902775e-01	3.049728e-01	2.484682e-02	3.105853e-02	1.626966e-01	9.231928e-02	1.938690e-01	7.108324e-01
21451	2.262282e-01	1.944626e-01	3.273044e-02	4.091305e-02	2.143184e-01	2.137991e-01	5.697396e-01	3.610689e-01
18682	9.560372e-01	2.375928e-01	2.764338e-02	3.455423e-02	1.810084e-01	1.523941e-01	3.313700e-01	9.234389e-01
6159	3.139287e-01	8.819552e-02	5.416898e-02	6.771123e-02	3.546977e-01	3.428406e-01	4.763782e-01	1.878192e-02
29873	7.034129e-01	2.001005e-01	2.226716e-02	2.783394e-02	1.458050e-01	1.303913e-01	8.693848e-01	8.080775e-01
29428	2.289332e-01	3.189173e-01	2.514446e-02	3.143058e-02	1.646455e-01	1.640925e-01	3.092154e-01	6.552503e-01
11262	7.593255e-01	3.556458e-02	2.866069e-02	3.582586e-02	1.876697e-01	6.517307e-02	9.526715e-01	4.951006e-01
1158	6.822945e-01	3.315670e-01	2.928733e-02	3.660916e-02	1.917730e-01	1.916969e-01	9.330012e-01	6.907747e-01
9461	2.976205e-01	2.632843e-01	7.064261e-02	8.830326e-02	4.625667e-01	4.148434e-01	4.853483e-02	1.541950e-01
29680	1.011582e-01	5.059500e-01	3.743605e-02	4.679506e-02	2.451307e-01	1.708698e-01	9.831042e-01	4.249173e-02
26162	3.950660e-01	8.719483e-01	2.497489e-02	3.121861e-02	1.635352e-01	6.920323e-02	7.282751e-01	7.379886e-01
598	4.185201e-01	2.865531e-01	6.267085e-02	7.833856e-02	4.103678e-01	1.413198e-01	6.611788e-01	5.673256e-01
8676	1.116462e-01	6.975702e-01	5.203652e-02	6.504565e-02	3.407343e-01	2.816737e-01	8.555595e-01	5.277402e-01
17419	8.441749e-01	7.640488e-01	2.375717e-02	2.969646e-02	1.555616e-01	1.529127e-01	7.910525e-01	1.025936e-01
18719	7.798761e-01	1.143303e-01	2.296567e-02	2.870708e-02	1.503788e-01	1.451173e-01	8.417419e-01	5.900541e-02
11764	2.920437e-01	7.876773e-01	3.332555e-02	4.165694e-02	2.182152e-01	1.829707e-01	5.919950e-01	5.866695e-01
7624	2.136635e-01	1.377033e-01	2.661067e-02	3.326334e-02	1.742463e-01	1.428162e-01	1.549327e-01	9.166556e-01
8069	7.273643e-01	7.731838e-01	2.184137e-02	2.730171e-02	1.430169e-01	1.408212e-01	7.240836e-01	2.196796e-01
16962	8.582196e-01	9.958773e-02	3.943961e-02	4.929952e-02	2.582500e-01	1.968023e-01	1.867945e-01	1.504824e-01
26448	1.976695e-01	2.316791e-01	2.750254e-02	3.437818e-02	1.800862e-01	1.752035e-01	4.583480e-01	3.767967e-02
25508	2.661835e-01	4.883174e-01	4.899747e-02	6.124683e-02	3.208347e-01	9.775059e-02	5.547439e-01	2.891437e-01
16621	2.707489e-01	1.681230e-01	4.963237e-02	6.204047e-02	3.249920e-01	2.192141e-01	8.998339e-01	2.158976e-01
5356	1.172202e-01	8.221031e-01	4.378121e-02	5.472651e-02	2.866787e-01	8.620587e-02	7.740666e-02	7.477281e-01
4351	4.788665e-01	8.281437e-02	2.309960e-02	2.887451e-02	1.512558e-01	1.026903e-01	1.766818e-01	3.085278e-01
22646	9.057207e-01	1.859554e-01	2.848121e-02	3.560152e-02	1.864945e-01	1.861632e-01	9.119261e-01	7.301804e-01
4308	6.431399e-01	1.201023e-01	7.806733e-02	9.758416e-02	5.111837e-01	5.036928e-01	7.448310e-02	1.466899e-01
12521	6.720030e-01	8.577914e-01	3.765462e-02	4.706828e-02	2.465619e-01	1.628003e-01	8.583614e-02	4.786681e-01
29005	7.508689e-01	4.946731e-01	3.449747e-02	4.312183e-02	2.258889e-01	2.254109e-01	9.443458e-01	4.146315e-01
30303	5.759359e-01	7.754363e-01	3.344588e-02	4.180735e-02	2.190031e-01	2.026386e-01	1.399797e-01	8.878396e-01
9620	7.652266e-01	2.736141e-01	5.393679e-02	6.742098e-02	3.531772e-01	2.217374e-01	7.211159e-01	7.962462e-01
16364	6.198672e-01	6.968565e-01	2.343575e-02	2.929469e-02	1.534569e-01	4.234370e-02	6.587796e-01	5.159538e-01
19986	3.351532e-01	5.227363e-01	3.894108e-02	4.867634e-02	2.549856e-01	2.523898e-01	2.121808e-01	9.107473e-01
16807	9.251512e-01	5.060273e-01	3.912476e-02	4.890596e-02	2.561884e-01	2.061581e-01	6.492000e-01	9.705724e-01
26737	1.886140e-01	1.169288e-01	2.301063e-02	2.876329e-02	1.506733e-01	1.173730e-01	9.169101e-01	7.054981e-01
3405	5.235035e-01	5.859263e-01	3.155351e-02	3.944188e-02	2.066119e-01	7.701140e-02	4.374742e-01	1.648032e-01
11533	5.581062e-01	1.802721e-01	3.103881e-02	3.879851e-02	2.032416e-01	1.912214e-01	1.770474e-01	9.425223e-01
7273	8.195406e-01	9.293370e-01	3.427072e-02	4.283840e-02	2.244041e-01	1.709022e-01	2.909612e-01	5.026353e-01
22358	6.348415e-01	4.967676e-01	2.861950e-02	3.577438e-02	1.874000e-01	5.744880e-02	1.329372e-01	1.467129e-01
25332	5.188504e-01	4.831477e-01	2.340340e-02	2.925425e-02	1.532451e-01	1.518843e-01	4.532115e-01	3.117247e-01
9390	9.638706e-01	7.232548e-01	3.900525e-02	4.875657e-02	2.554058e-01	1.899693e-01	8.139229e-01	1.412201e-01
23212	3.207090e-01	1.488392e-01	2.461792e-02	3.077240e-02	1.611978e-01	7.749636e-02	7.956859e-01	7.915061e-01
18769	4.840756e-01	3.901640e-01	2.383080e-02	2.978850e-02	1.560437e-01	1.514589e-01	2.501098e-01	9.947981e-01
11573	7.278025e-01	5.455374e-01	3.949523e-02	4.936904e-02	2.586142e-01	6.971818e-02	9.102841e-01	4.166338e-01
18265	8.672754e-01	7.082074e-01	5.160842e-02	6.451053e-02	3.379312e-01	2.841729e-01	4.706607e-01	7.959398e-01
30994	1.415852e-01	2.661313e-01	5.885395e-02	7.356744e-02	3.853748e-01	3.488630e-01	5.462764e-01	6.704315e-01
10543	8.856578e-01	4.514061e-01	2.213450e-02	2.766812e-02	1.449364e-01	1.406499e-01	3.662763e-01	1.437457e-02
23262	4.304640e-01	8.549378e-01	2.063484e-02	2.579355e-02	1.351166e-01	1.349698e-01	8.408860e-01	7.005133e-01
16338	6.617674e-01	6.061326e-01	2.228756e-02	2.785945e-02	1.459386e-01	8.319584e-02	2.820447e-01	9.541569e-01
7582	6.607432e-01	2.291616e-01	3.659073e-02	4.573841e-02	2.395955e-01	2.227835e-01	7.438129e-01	9.199167e-01
8620	3.703325e-01	3.735839e-01	2.723439e-02	3.404299e-02	1.783304e-01	1.153050e-01	1.516211e-01	9.965944e-01
21036	8.391909e-01	8.742915e-01	3.011770e-02	3.764712e-02	1.972102e-01	1.967618e-01	7.974474e-01	2.847931e-01
6583	1.259436e-01	5.334815e-02	3.518360e-02	4.397950e-02	2.303817e-01	1.206645e-01	1.011705e-01	3.717397e-01
9374	9.230973e-01	5.853864e-01	2.729659e-02	3.412074e-02	1.787377e-01	1.785218e-01	1.856840e-01	8.655784e-01
10946	2.592842e-01	4.068974e-01	4.149606e-02	5.187008e-02	2.717156e-01	2.715901e-01	8.125589e-01	2.645291e-01
5164	5.645936e-01	6.047570e-01	3.412911e-02	4.266138e-02	2.234769e-01	9.667636e-02	9.470185e-01	1.182609e-02
8612	7.577202e-01	1.785847e-01	2.682792e-02	3.353490e-02	1.756688e-01	1.640654e-01	9.642979e-01	5.954538e-01
20996	7.858134e-02	7.890968e-02	3.521742e-02	4.402177e-02	2.306031e-01	1.785062e-01	6.054954e-01	2.149387e-01
12728	5.178666e-01	1.696811e-01	2.877795e-02	3.597244e-02	1.884376e-01	1.869656e-01	1.928000e-01	8.794651e-01
