5460	2.372499e-01	8.309416e-02	2.405627e-02	3.007034e-02	1.575201e-01	9.298050e-02	4.986830e-01	1.880207e-01
39	1.905767e-01	1.873229e-01	3.062349e-02	3.827936e-02	2.005221e-01	1.599253e-01	7.035364e-01	5.003775e-01
20813	3.585021e-01	5.113257e-01	4.692683e-02	5.865853e-02	3.072761e-01	2.942511e-01	7.458960e-01	3.358036e-01
26584	6.159890e-02	1.178006e-01	4.304005e-02	5.380007e-02	2.818256e-01	1.641993e-01	5.687616e-01	1.165294e-01
3391	3.651674e-01	3.974874e-01	2.525636e-02	3.157045e-02	1.653783e-01	9.122949e-02	6.392356e-01	2.267946e-01
8610	2.183121e-01	2.907783e-01	2.213112e-02	2.766390e-02	1.449142e-01	1.404387e-01	2.713664e-01	6.777289e-01
22681	5.440739e-01	4.457710e-01	6.681493e-02	8.351867e-02	4.375032e-01	4.190521e-01	9.195358e-01	2.711209e-01
4731	6.516595e-01	6.432233e-01	2.318595e-02	2.898244e-02	1.518213e-01	9.557240e-02	9.937709e-01	2.791170e-01
27764	8.918435e-01	4.310488e-01	2.084916e-02	2.606145e-02	1.365200e-01	6.133601e-02	7.699970e-01	7.173078e-01
27773	4.172102e-01	3.245393e-01	3.429588e-02	4.286985e-02	2.245689e-01	2.188680e-01	4.152590e-02	5.001331e-02
13061	4.159023e-01	1.334020e-01	5.018736e-02	6.273420e-02	3.286261e-01	1.226355e-01	3.023649e-02	5.737212e-01
29208	9.052717e-01	6.985763e-01	3.074356e-02	3.842945e-02	2.013083e-01	9.409233e-02	9.880356e-01	2.064205e-01
17586	7.506962e-01	5.154346e-01	3.061093e-02	3.826366e-02	2.004399e-01	1.731931e-01	7.872559e-01	2.415924e-01
9519	1.371707e-01	1.279770e-01	5.882320e-02	7.352900e-02	3.851734e-01	2.807138e-01	5.190468e-01	9.601541e-01
1149	2.245187e-01	5.431277e-01	7.013603e-02	8.767004e-02	4.592496e-01	2.802383e-01	2.515455e-01	4.329150e-01
19404	9.119604e-01	2.469061e-01	2.651866e-02	3.314833e-02	1.736438e-01	4.519091e-02	3.633188e-01	1.272558e-01
28466	6.386337e-01	1.842015e-01	5.089659e-02	6.362073e-02	3.332701e-01	3.262061e-01	5.270256e-02	4.972479e-02
22524	7.717280e-01	8.818768e-01	4.695098e-02	5.868873e-02	3.074343e-01	8.762797e-02	9.590139e-01	4.331617e-01
4726	4.691717e-01	8.469725e-01	2.617734e-02	3.272168e-02	1.714088e-01	1.596300e-01	9.617775e-01	1.317723e-01
14916	8.932785e-01	1.864048e-01	2.213193e-02	2.766491e-02	1.449195e-01	1.440182e-01	5.795075e-01	9.256410e-01
4756	5.562287e-01	5.264941e-01	2.476667e-02	3.095834e-02	1.621718e-01	1.293736e-01	9.033499e-01	1.123035e-01
6518	8.359206e-01	6.754066e-02	4.576424e-02	5.720530e-02	2.996635e-01	2.323309e-01	4.182760e-01	7.241658e-01
11188	4.760160e-01	4.469735e-01	2.109563e-02	2.636954e-02	1.381339e-01	1.366578e-01	4.726579e-01	8.537277e-01
15104	6.588738e-01	2.448847e-01	2.500136e-02	3.125170e-02	1.637085e-01	1.486994e-01	5.693877e-01	1.383308e-01
27733	3.774264e-01	9.596107e-01	2.954083e-02	3.692604e-02	1.934329e-01	1.142911e-01	3.499463e-01	5.531579e-01
16173	3.533393e-01	6.572514e-01	6.455689e-02	8.069611e-02	4.227175e-01	2.465646e-01	9.960667e-01	5.638698e-02
3022	6.512216e-01	7.953518e-01	3.487278e-02	4.359097e-02	2.283464e-01	5.998727e-02	7.063886e-01	7.734453e-01
32690	3.438752e-01	1.166765e-01	2.168346e-02	2.710432e-02	1.419829e-01	4.452831e-02	6.804214e-01	3.483080e-01
15660	2.712299e-01	6.282281e-01	6.013407e-02	7.516759e-02	3.937570e-01	3.512915e-01	2.773320e-01	5.109056e-01
18177	1.852575e-01	9.090845e-01	5.324158e-02	6.655198e-02	3.486251e-01	3.483907e-01	2.901748e-01	5.002976e-01
25351	2.723014e-01	1.300219e-01	4.138960e-02	5.173700e-02	2.710185e-01	2.705921e-01	3.260839e-01	2.879992e-01
11922	3.146470e-01	4.877505e-01	5.720881e-02	7.151102e-02	3.746024e-01	1.343347e-01	6.190399e-01	7.602711e-01
1890	5.697074e-01	3.049328e-01	6.448477e-02	8.060596e-02	4.222452e-01	3.595013e-01	4.166660e-01	9.146856e-01
4090	8.576186e-01	9.241186e-01	3.731815e-02	4.664769e-02	2.443587e-01	1.685458e-01	2.065792e-01	7.275614e-01
19745	7.340487e-01	3.806562e-01	3.910789e-02	4.888486e-02	2.560779e-01	2.543527e-01	4.633670e-01	7.684098e-01
30916	7.828764e-01	7.626111e-01	2.792905e-02	3.491131e-02	1.828790e-01	1.760688e-01	7.037456e-01	8.591218e-01
493	6.318988e-01	5.067979e-01	4.046780e-02	5.058475e-02	2.649825e-01	2.424059e-01	7.303188e-01	3.870904e-01
19533	8.267902e-01	4.446936e-01	3.338999e-02	4.173749e-02	2.186372e-01	1.300704e-01	4.556151e-02	7.850131e-01
7986	1.944420e-01	6.248887e-01	5.364428e-02	6.705535e-02	3.512619e-01	3.263974e-01	6.384668e-01	1.090907e-01
23817	7.850932e-01	6.328485e-01	4.489172e-02	5.611465e-02	2.939503e-01	2.725169e-01	2.305005e-01	5.200581e-02
24075	5.225154e-01	7.938464e-01	7.624618e-02	9.530772e-02	4.992588e-01	4.850057e-01	4.866632e-01	7.009788e-01
13937	9.037763e-01	1.132685e-01	3.393348e-02	4.241685e-02	2.221959e-01	6.903852e-02	2.822704e-01	8.457532e-01
12201	5.884074e-01	7.645179e-01	3.476081e-02	4.345101e-02	2.276133e-01	1.718091e-01	5.031443e-01	7.055731e-01
16330	1.681288e-01	8.640095e-02	2.531310e-02	3.164137e-02	1.657498e-01	5.056830e-02	3.164848e-01	1.414117e-01
28358	7.289568e-01	8.220603e-01	3.304516e-02	4.130646e-02	2.163792e-01	1.262421e-01	9.233408e-01	9.754656e-02
13427	6.848176e-01	6.905458e-01	3.121820e-02	3.902275e-02	2.044163e-01	1.023579e-01	2.328058e-01	8.333338e-01
32106	3.034294e-01	7.871216e-01	3.472220e-02	4.340275e-02	2.273604e-01	1.913428e-01	8.297806e-01	6.283832e-01
8636	3.253290e-02	5.963634e-01	2.711231e-02	3.389039e-02	1.775310e-01	1.758554e-01	8.823645e-01	7.770205e-01
4597	9.184525e-01	9.227086e-01	3.957828e-02	4.947285e-02	2.591580e-01	6.866804e-02	9.836616e-01	4.206637e-01
6947	5.413542e-02	4.932693e-02	2.208893e-02	2.761117e-02	1.446380e-01	6.931465e-02	3.630617e-01	1.562337e-01
8382	2.655692e-01	4.624865e-01	2.540623e-02	3.175779e-02	1.663596e-01	8.981141e-02	2.062120e-01	8.779185e-01
20206	4.290988e-01	5.315637e-01	3.723637e-02	4.654546e-02	2.438232e-01	2.283663e-01	9.519732e-01	2.001918e-01
16564	3.668139e-01	2.162944e-01	4.368798e-02	5.460997e-02	2.860682e-01	2.084777e-01	9.094946e-01	3.462382e-01
30647	9.129996e-01	6.455447e-01	2.908031e-02	3.635038e-02	1.904174e-01	1.667578e-01	6.620461e-01	5.956718e-02
22361	5.837283e-01	5.535922e-01	3.101874e-02	3.877342e-02	2.031102e-01	1.565715e-01	7.726096e-01	2.407509e-01
17582	8.427805e-01	5.389215e-01	4.077851e-02	5.097314e-02	2.670170e-01	2.670170e-01	9.950197e-01	4.926775e-01
8944	4.986532e-01	8.516692e-02	2.857149e-02	3.571437e-02	1.870857e-01	1.302146e-01	3.108028e-01	5.077858e-01
21618	1.626999e-01	2.437023e-01	2.536106e-02	3.170132e-02	1.660638e-01	6.076305e-02	1.346923e-01	2.751039e-01
13291	2.679085e-01	2.660333e-01	4.600348e-02	5.750435e-02	3.012301e-01	1.824037e-01	1.225133e-01	3.788338e-01
30950	5.683198e-01	2.184172e-01	2.451641e-02	3.064552e-02	1.605331e-01	1.177924e-01	2.617688e-01	1.859014e-01
7403	7.045808e-01	9.110692e-01	3.448847e-02	4.311059e-02	2.258300e-01	1.036300e-01	9.900297e-01	8.557203e-01
17679	5.248794e-02	5.055036e-01	2.778594e-02	3.473243e-02	1.819419e-01	4.918132e-02	4.193476e-01	1.597055e-01
23574	5.749373e-01	9.305577e-02	2.198042e-02	2.747553e-02	1.439275e-01	1.160533e-01	6.538373e-01	9.605639e-01
6565	7.543760e-01	1.193273e-01	7.537569e-02	9.421961e-02	4.935588e-01	4.079229e-01	2.274995e-01	3.109002e-01
29683	7.159101e-01	2.742983e-01	2.628617e-02	3.285771e-02	1.721214e-01	1.116738e-01	2.092110e-01	4.948609e-01
28198	3.376525e-01	7.193188e-01	2.600187e-02	3.250234e-02	1.702598e-01	1.684570e-01	7.313625e-01	8.345318e-01
31507	6.173312e-01	5.832370e-01	3.164296e-02	3.955370e-02	2.071976e-01	1.364877e-01	2.159798e-03	4.031178e-01
22983	3.282535e-01	7.735710e-02	3.162396e-02	3.952995e-02	2.070732e-01	1.286685e-01	1.491437e-01	9.844053e-01
25975	8.205049e-01	1.680774e-01	7.211597e-02	9.014496e-02	4.722143e-01	2.314894e-01	5.568796e-01	9.799017e-01
926	4.043104e-01	5.815711e-01	2.101574e-02	2.626967e-02	1.376107e-01	5.168966e-02	4.258932e-01	3.196831e-01
15574	7.461520e-01	6.627566e-01	3.164801e-02	3.956002e-02	2.072307e-01	1.974806e-01	5.739453e-01	2.118740e-02
11974	1.197645e-01	5.475480e-01	5.459539e-02	6.824423e-02	3.574897e-01	9.334087e-02	3.694238e-01	6.419506e-01
