1882	8.288922e-01	3.702633e-01	3.390901e-02	4.238626e-02	2.220357e-01	1.676996e-01	7.588209e-01	8.726657e-01
14990	3.464515e-01	2.761502e-01	2.358553e-02	2.948192e-02	1.544377e-01	1.537694e-01	4.017943e-01	9.963227e-01
11686	9.253177e-01	7.130371e-01	2.304443e-02	2.880553e-02	1.508945e-01	1.178710e-01	4.431403e-01	4.206232e-02
28930	6.414829e-01	8.822095e-01	2.613036e-02	3.266296e-02	1.711012e-01	1.491351e-01	2.805159e-01	9.010467e-01
8746	4.571920e-01	6.421537e-01	4.886547e-02	6.108184e-02	3.199703e-01	2.531365e-01	9.800271e-01	3.591213e-01
31426	1.098421e-01	7.047305e-01	3.626140e-02	4.532675e-02	2.374391e-01	2.289432e-01	3.461426e-01	1.539257e-01
24075	3.581494e-02	9.659410e-01	3.168682e-02	3.960852e-02	2.074848e-01	8.035305e-02	9.351850e-02	5.998030e-02
16209	7.472303e-01	8.017441e-01	2.526481e-02	3.158101e-02	1.654336e-01	1.049637e-01	5.279449e-01	2.826478e-01
5491	5.626237e-01	7.634015e-01	2.124430e-02	2.655538e-02	1.391073e-01	6.635753e-02	3.608520e-01	5.180053e-01
17639	9.124710e-01	5.970022e-01	2.056935e-02	2.571168e-02	1.346878e-01	1.226061e-01	1.156364e-01	5.904472e-02
22320	3.828626e-01	2.051964e-01	3.176811e-02	3.971013e-02	2.080171e-01	1.830770e-01	7.844016e-01	9.857388e-01
14242	7.114007e-01	9.034304e-01	2.476862e-02	3.096077e-02	1.621845e-01	1.341558e-01	8.748698e-01	2.851794e-01
13051	4.832332e-01	5.507314e-01	2.861445e-02	3.576807e-02	1.873670e-01	1.468311e-01	4.680347e-01	5.305350e-01
9155	8.174017e-01	2.117963e-01	5.231295e-02	6.539118e-02	3.425444e-01	3.232300e-01	3.493524e-01	7.407213e-01
29350	7.628977e-01	3.113024e-01	2.566893e-02	3.208617e-02	1.680798e-01	9.359986e-02	3.753176e-01	2.369737e-01
3588	7.585781e-01	3.554440e-01	3.175612e-02	3.969514e-02	2.079386e-01	1.795332e-01	8.336754e-01	5.528850e-01
8693	2.989945e-01	5.737041e-01	5.352330e-02	6.690413e-02	3.504697e-01	2.297202e-01	3.437330e-01	1.581419e-01
22893	8.156426e-01	8.402203e-01	2.096302e-02	2.620377e-02	1.372655e-01	1.204664e-01	5.125148e-01	7.334987e-01
8426	6.225272e-01	8.362115e-01	4.704129e-02	5.880161e-02	3.080256e-01	1.409502e-01	1.230131e-01	4.993419e-01
21500	5.682891e-01	4.170914e-01	2.531997e-02	3.164996e-02	1.657948e-01	7.883986e-02	7.797159e-01	1.894260e-01
1663	4.991447e-01	1.544897e-01	3.074831e-02	3.843538e-02	2.013394e-01	1.892107e-01	2.248925e-01	2.401062e-01
25770	2.868733e-01	1.991904e-01	2.255058e-02	2.818822e-02	1.476608e-01	1.433607e-01	4.259222e-02	2.759460e-01
26184	8.466479e-01	9.631022e-01	3.643723e-02	4.554654e-02	2.385904e-01	2.372855e-01	5.537297e-01	9.015068e-01
13713	3.893441e-01	7.897278e-01	6.579515e-02	8.224394e-02	4.308256e-01	2.620353e-01	4.839977e-01	7.081124e-01
5839	4.290075e-01	8.461399e-01	2.463361e-02	3.079202e-02	1.613005e-01	1.503020e-01	1.202754e-01	2.953224e-01
22101	7.001035e-01	6.139863e-01	3.068574e-02	3.835717e-02	2.009297e-01	1.912969e-01	7.801979e-01	4.147004e-02
24708	7.446567e-01	9.525912e-01	3.669892e-02	4.587365e-02	2.403039e-01	2.256207e-01	6.478881e-01	9.140697e-01
26615	6.658653e-02	4.472807e-01	4.462349e-02	5.577936e-02	2.921939e-01	2.024238e-01	1.090598e-01	9.103964e-02
18690	5.441228e-01	2.039169e-01	2.508120e-02	3.135149e-02	1.642313e-01	1.571942e-01	6.430574e-01	7.583991e-01
18436	5.152932e-01	3.292423e-01	2.135948e-02	2.669935e-02	1.398615e-01	8.464141e-02	3.262189e-01	7.130892e-01
23945	9.756706e-02	8.364972e-01	5.043853e-02	6.304816e-02	3.302707e-01	2.406673e-01	4.272738e-01	6.632909e-01
4940	3.837834e-01	8.741081e-02	3.559546e-02	4.449432e-02	2.330785e-01	2.300667e-01	2.221605e-02	3.934011e-01
28819	8.908226e-01	7.909476e-01	2.329326e-02	2.911657e-02	1.525239e-01	1.341507e-01	6.978609e-01	6.886697e-01
30307	6.390139e-01	2.796810e-01	3.616973e-02	4.521216e-02	2.368388e-01	1.534520e-01	4.003950e-01	9.727515e-01
32715	3.032457e-01	9.189072e-01	2.986270e-02	3.732838e-02	1.955405e-01	1.644560e-01	5.919637e-01	6.953487e-01
21000	8.438208e-01	4.601403e-01	7.788415e-02	9.735519e-02	5.099842e-01	4.730330e-01	6.767238e-01	5.285653e-02
29051	1.771729e-01	3.418723e-01	5.458088e-02	6.822610e-02	3.573948e-01	3.550787e-01	1.900361e-02	7.793343e-01
14813	5.539214e-01	6.715261e-01	3.071577e-02	3.839472e-02	2.011264e-01	5.272800e-02	5.462745e-01	7.865248e-01
31728	4.654186e-01	8.042277e-01	2.719881e-02	3.399851e-02	1.780974e-01	1.676842e-01	1.405753e-01	5.451368e-02
15207	9.626785e-01	3.833366e-01	2.204204e-02	2.755255e-02	1.443309e-01	9.443503e-02	1.970181e-01	1.296619e-01
7578	8.337620e-01	4.724835e-02	4.208408e-02	5.260510e-02	2.755659e-01	1.077854e-01	3.822822e-01	3.681217e-01
8658	2.238593e-01	1.060610e-01	3.854584e-02	4.818230e-02	2.523976e-01	1.976114e-01	6.861084e-01	3.501390e-01
29074	5.764249e-01	2.833181e-01	2.524168e-02	3.155210e-02	1.652821e-01	1.612994e-01	5.999917e-01	6.599270e-01
80	1.612390e-01	4.752569e-01	2.271911e-02	2.839889e-02	1.487644e-01	1.154282e-01	4.167753e-01	6.671331e-01
15427	6.566836e-01	7.202679e-01	3.317058e-02	4.146322e-02	2.172004e-01	2.061588e-01	8.261186e-01	7.255689e-01
26474	3.441396e-01	1.692413e-01	2.201627e-02	2.752033e-02	1.441622e-01	1.256331e-01	6.030379e-01	1.446488e-01
22716	8.818762e-01	7.622188e-02	2.382149e-02	2.977687e-02	1.559828e-01	1.383845e-01	8.773403e-01	6.775715e-01
21925	4.359086e-01	2.341201e-01	6.856213e-02	8.570266e-02	4.489438e-01	3.340623e-01	7.566717e-02	9.834674e-01
29086	4.619605e-01	1.005907e-01	6.383135e-02	7.978919e-02	4.179667e-01	3.757151e-01	3.287840e-01	6.179414e-01
3020	7.460309e-01	9.016915e-02	4.733993e-02	5.917491e-02	3.099811e-01	2.384875e-01	3.969647e-01	4.277290e-01
13589	6.873145e-01	1.435755e-01	2.099669e-02	2.624587e-02	1.374860e-01	4.815219e-02	7.542119e-01	5.982259e-01
30420	4.826295e-01	7.037248e-01	3.489285e-02	4.361606e-02	2.284778e-01	2.284727e-01	7.326264e-01	5.422837e-01
31404	2.337184e-01	6.533000e-01	2.789016e-02	3.486269e-02	1.826243e-01	1.761560e-01	6.887291e-01	5.130335e-01
27168	5.941105e-01	8.904448e-01	2.109800e-02	2.637250e-02	1.381494e-01	1.332300e-01	5.842261e-01	9.606309e-01
23230	4.862417e-01	9.209813e-01	5.796798e-02	7.245997e-02	3.795734e-01	3.528345e-01	2.315950e-01	4.052057e-01
13266	9.952632e-02	2.952533e-01	7.749230e-02	9.686537e-02	5.074184e-01	4.907855e-01	3.352735e-01	2.626975e-01
4563	8.703369e-01	2.304524e-01	3.072729e-02	3.840912e-02	2.012018e-01	1.995587e-01	5.936155e-01	2.544176e-01
21312	3.330597e-01	3.492248e-01	2.060192e-02	2.575239e-02	1.349010e-01	1.195430e-01	7.303060e-02	3.193948e-01
11285	7.898228e-02	1.148362e-01	6.557777e-02	8.197221e-02	4.294022e-01	2.606131e-01	5.590490e-01	8.329932e-01
868	8.638785e-01	3.268846e-01	2.505787e-02	3.132233e-02	1.640785e-01	1.616469e-01	3.991696e-01	9.896513e-01
9769	6.742360e-01	2.735277e-01	2.990065e-02	3.737582e-02	1.957890e-01	5.943306e-02	8.957102e-01	5.494222e-01
16338	1.505660e-01	6.977017e-02	5.044562e-02	6.305703e-02	3.303171e-01	2.422757e-01	5.278197e-01	7.608725e-01
18124	9.141429e-01	2.612831e-01	2.479905e-02	3.099881e-02	1.623838e-01	1.588626e-01	4.744131e-01	4.003062e-01
17192	2.456154e-01	7.046239e-01	2.751935e-02	3.439918e-02	1.801963e-01	1.801052e-01	7.993063e-01	4.973754e-01
17004	6.585659e-01	4.071642e-01	3.687379e-02	4.609224e-02	2.414490e-01	2.383519e-01	2.454703e-01	8.739803e-02
14332	2.061461e-01	7.663085e-01	2.657837e-02	3.322297e-02	1.740348e-01	1.628653e-01	1.161311e-01	1.426935e-01
18571	8.224464e-01	7.976612e-01	3.061601e-02	3.827001e-02	2.004731e-01	1.224030e-01	5.713400e-01	3.243115e-01
25735	5.058199e-02	8.202973e-01	2.419362e-02	3.024202e-02	1.584194e-01	1.073459e-01	2.640412e-01	1.411523e-02
21791	5.153133e-01	8.025102e-01	3.816119e-02	4.770148e-02	2.498789e-01	2.468528e-01	1.187301e-01	8.833462e-01
25330	2.618652e-01	3.946046e-01	7.376598e-02	9.220747e-02	4.830185e-01	4.281440e-01	7.490686e-01	9.873777e-01
14520	8.756224e-01	6.583509e-01	2.581969e-02	3.227461e-02	1.690669e-01	1.564837e-01	8.557246e-02	9.939379e-01
29227	1.408102e-01	9.222083e-01	3.762105e-02	4.702631e-02	2.463420e-01	1.824586e-01	8.278456e-01	2.375117e-01
