2578	1.690587e-01	9.418638e-01	2.149065e-02	2.686331e-02	1.407204e-01	5.902398e-02	6.903308e-01	6.365598e-01
19096	7.687405e-01	7.444081e-01	3.035814e-02	3.794767e-02	1.987846e-01	1.637164e-01	8.266402e-01	1.914778e-01
18490	7.605504e-01	9.373479e-01	3.086141e-02	3.857676e-02	2.020800e-01	1.027854e-01	9.986038e-01	2.783041e-01
12213	5.691981e-01	1.493018e-01	7.446187e-02	9.307733e-02	4.875752e-01	3.657970e-01	2.926856e-01	7.916697e-01
59	8.164687e-01	6.267125e-01	3.074034e-02	3.842543e-02	2.012873e-01	1.796199e-01	4.260046e-01	7.221222e-01
10767	7.954124e-01	1.764373e-01	2.308127e-02	2.885159e-02	1.511358e-01	6.070771e-02	1.330620e-01	8.316713e-01
13857	2.139167e-01	9.528555e-01	3.271340e-02	4.089175e-02	2.142068e-01	1.417177e-01	1.184625e-01	2.228594e-01
27661	9.507837e-01	2.226330e-01	3.444394e-02	4.305493e-02	2.255384e-01	1.323651e-01	6.462448e-01	9.923538e-01
1958	2.838037e-01	3.205636e-01	2.733065e-02	3.416331e-02	1.789606e-01	1.382893e-01	4.850922e-01	1.146711e-01
23321	9.161677e-01	8.610217e-02	5.587171e-02	6.983964e-02	3.658471e-01	3.657151e-01	5.740611e-01	8.749621e-01
6782	6.196294e-01	4.460892e-01	2.997099e-02	3.746373e-02	1.962496e-01	1.481955e-01	5.727959e-01	5.039009e-01
4284	7.668991e-01	8.200266e-01	3.361010e-02	4.201263e-02	2.200784e-01	1.233711e-01	2.875574e-01	8.175673e-01
23900	4.496149e-01	2.801650e-01	2.982315e-02	3.727893e-02	1.952815e-01	1.061701e-01	3.326948e-02	5.304936e-01
14922	3.655881e-02	6.252550e-01	3.030053e-02	3.787566e-02	1.984074e-01	1.968144e-01	4.548578e-02	6.712092e-01
27229	1.221723e-01	5.390024e-01	3.736721e-02	4.670902e-02	2.446799e-01	9.624070e-02	6.668233e-02	8.211421e-01
7076	7.274714e-01	7.938673e-01	3.623811e-02	4.529764e-02	2.372866e-01	2.248081e-01	6.653226e-01	7.591833e-01
31384	4.638983e-01	2.292649e-01	6.371297e-02	7.964121e-02	4.171915e-01	3.184439e-01	1.789770e-01	9.469195e-01
17143	7.999549e-02	7.368132e-01	2.057141e-02	2.571426e-02	1.347013e-01	9.803086e-02	2.866280e-01	9.860422e-01
12484	4.445486e-01	9.313838e-01	3.448026e-02	4.310032e-02	2.257762e-01	1.917576e-01	2.659258e-01	3.183832e-01
12896	3.552071e-01	2.447718e-01	3.825530e-02	4.781913e-02	2.504951e-01	2.484428e-01	2.315627e-01	9.354682e-02
3211	7.572369e-01	7.090468e-01	2.218012e-02	2.772515e-02	1.452351e-01	9.598310e-02	1.185785e-01	3.545299e-01
26943	6.866244e-01	1.534755e-01	2.159194e-02	2.698992e-02	1.413837e-01	5.361834e-02	8.082982e-01	8.925193e-01
15517	7.100549e-01	2.397995e-01	2.158306e-02	2.697883e-02	1.413256e-01	7.465576e-02	8.155489e-01	9.726697e-01
18158	5.699190e-01	3.424508e-01	2.174582e-02	2.718228e-02	1.423913e-01	8.682959e-02	1.669779e-01	7.441913e-01
13280	1.946028e-01	8.240732e-01	2.339579e-02	2.924474e-02	1.531953e-01	4.305891e-02	9.698465e-01	3.501926e-01
7934	6.576043e-02	3.515934e-01	3.243727e-02	4.054659e-02	2.123987e-01	9.479989e-02	5.533475e-01	5.757379e-01
13597	4.066782e-01	9.351804e-01	2.523861e-02	3.154826e-02	1.652620e-01	8.433972e-02	9.997989e-01	3.622674e-01
1647	7.772786e-01	1.848749e-01	2.424412e-02	3.030515e-02	1.587501e-01	1.160403e-01	2.310881e-01	3.429276e-01
23281	5.560924e-01	6.504177e-01	2.262491e-02	2.828114e-02	1.481476e-01	6.572978e-02	1.401721e-01	9.142284e-01
22855	8.993719e-01	7.626091e-01	2.074383e-02	2.592979e-02	1.358303e-01	3.726164e-02	5.591480e-01	9.614231e-01
24931	3.512982e-02	3.343758e-01	2.226723e-02	2.783404e-02	1.458055e-01	7.257669e-02	3.149427e-01	9.583049e-01
17277	7.533075e-01	2.119679e-01	2.162215e-02	2.702768e-02	1.415815e-01	1.402024e-01	4.922843e-01	6.499068e-01
6132	9.550791e-01	3.044056e-01	2.894271e-02	3.617839e-02	1.895164e-01	1.344449e-01	7.735862e-02	5.422007e-01
25408	6.410575e-01	6.999569e-01	4.919317e-02	6.149146e-02	3.221161e-01	3.212430e-01	1.343674e-01	7.749674e-01
2766	6.763378e-01	9.534897e-01	4.125562e-02	5.156952e-02	2.701411e-01	9.095922e-02	8.307999e-01	3.328585e-01
23917	4.949812e-01	7.988543e-01	2.964687e-02	3.705858e-02	1.941272e-01	5.306648e-02	5.185868e-01	3.657559e-01
28234	5.108714e-01	7.004628e-01	2.068930e-02	2.586163e-02	1.354732e-01	5.109503e-02	7.358920e-01	4.645032e-01
18385	5.820859e-01	2.373561e-01	2.075882e-02	2.594853e-02	1.359284e-01	1.294540e-01	4.881340e-01	6.824923e-01
3862	1.792712e-01	4.263925e-01	7.467753e-02	9.334691e-02	4.889873e-01	4.322164e-01	9.025609e-01	6.031433e-01
25419	5.975630e-01	8.589813e-01	5.547493e-02	6.934366e-02	3.632490e-01	1.934343e-01	1.589568e-01	3.140061e-01
19589	1.060113e-01	5.934037e-01	2.735405e-02	3.419256e-02	1.791139e-01	1.699489e-01	2.083788e-01	2.083723e-01
6719	8.011560e-01	8.132471e-01	2.773366e-02	3.466708e-02	1.815996e-01	1.809774e-01	9.438111e-02	6.514564e-01
19526	4.591278e-01	1.188892e-01	5.833942e-02	7.292427e-02	3.820056e-01	2.282129e-01	4.441518e-01	9.805556e-01
32392	7.586217e-01	5.003562e-01	3.000603e-02	3.750754e-02	1.964790e-01	1.139750e-01	7.848026e-01	1.302310e-01
19340	8.409184e-02	7.718116e-01	2.092960e-02	2.616200e-02	1.370467e-01	5.564719e-02	7.392553e-01	4.928200e-01
32303	3.125393e-01	5.687888e-01	2.258614e-02	2.823267e-02	1.478937e-01	1.478430e-01	3.949766e-01	3.999349e-01
27699	3.453414e-01	5.395809e-01	3.197560e-02	3.996950e-02	2.093757e-01	8.216177e-02	6.842167e-01	2.316986e-01
21230	8.146035e-01	9.558666e-02	2.199192e-02	2.748990e-02	1.440028e-01	1.378053e-01	9.391794e-01	8.334379e-01
31767	4.458174e-01	6.907744e-01	3.539437e-02	4.424297e-02	2.317618e-01	1.651767e-01	3.358656e-01	5.296238e-01
5722	5.908426e-01	6.052377e-01	2.403512e-02	3.004390e-02	1.573816e-01	1.456618e-01	9.622141e-01	5.386567e-01
16265	5.488823e-01	3.160575e-01	2.079997e-02	2.599996e-02	1.361979e-01	1.078261e-01	9.199595e-01	8.849848e-01
25103	7.400995e-01	6.266781e-01	2.979514e-02	3.724392e-02	1.950981e-01	1.949354e-01	6.043956e-01	9.528335e-01
17763	6.422660e-01	5.146994e-01	4.323307e-02	5.404134e-02	2.830895e-01	2.070719e-01	3.630218e-01	2.437670e-01
940	9.104576e-01	4.375309e-01	2.708416e-02	3.385521e-02	1.773467e-01	9.132070e-02	5.198218e-01	9.504331e-02
29152	9.205497e-01	8.839734e-01	3.594138e-02	4.492672e-02	2.353436e-01	1.858252e-01	7.492161e-01	9.033831e-02
14334	1.005652e-01	6.931284e-01	3.090856e-02	3.863570e-02	2.023888e-01	1.569417e-01	1.105555e-01	3.954928e-01
24165	2.445077e-01	1.969783e-01	3.080604e-02	3.850755e-02	2.017175e-01	1.922724e-01	5.726977e-01	3.227572e-01
32242	2.230128e-01	1.422473e-01	3.313654e-02	4.142068e-02	2.169776e-01	2.090817e-01	8.189138e-01	2.729482e-01
17935	4.556105e-01	4.515557e-01	3.053855e-02	3.817318e-02	1.999659e-01	1.611516e-01	6.274976e-01	4.664222e-01
22504	3.733398e-01	8.536458e-01	7.197911e-02	8.997389e-02	4.713181e-01	4.090624e-01	5.581681e-01	3.107699e-01
23253	8.731297e-01	7.215222e-01	2.827072e-02	3.533840e-02	1.851163e-01	1.785759e-01	4.277750e-01	1.901931e-01
24096	4.848400e-01	1.722851e-01	2.299423e-02	2.874279e-02	1.505659e-01	1.071892e-01	4.208753e-01	4.277449e-01
11604	9.131726e-01	6.546214e-01	2.078183e-02	2.597729e-02	1.360791e-01	8.117175e-02	1.942917e-03	2.021606e-01
10471	3.728005e-01	7.191500e-01	6.005452e-02	7.506815e-02	3.932361e-01	3.526997e-01	5.378200e-01	6.593609e-01
4803	8.798482e-01	5.976281e-01	5.765460e-02	7.206824e-02	3.775214e-01	2.945013e-01	4.770295e-01	2.450729e-01
12256	7.816542e-02	9.761760e-02	4.407615e-02	5.509519e-02	2.886099e-01	2.881073e-01	6.201815e-01	3.046526e-01
15631	6.275298e-01	2.323387e-01	7.119713e-02	8.899641e-02	4.661977e-01	1.405928e-01	5.530203e-01	8.958033e-01
29470	3.238586e-01	6.586374e-02	3.401892e-02	4.252364e-02	2.227553e-01	1.776211e-01	5.038929e-01	3.619818e-01
15721	5.399421e-01	5.931686e-01	2.497643e-02	3.122053e-02	1.635453e-01	8.450648e-02	2.340835e-01	7.678106e-01
19847	5.662559e-01	4.743136e-02	3.897176e-02	4.871470e-02	2.551865e-01	1.445778e-01	7.281927e-01	1.810060e-01
31036	7.903868e-01	4.351463e-01	2.060595e-02	2.575744e-02	1.349275e-01	3.518413e-02	6.683644e-01	4.612415e-01
18657	8.071284e-01	9.108426e-01	3.140444e-02	3.925555e-02	2.056358e-01	2.048773e-01	9.831575e-02	7.523545e-01
7224	8.944056e-01	8.165786e-01	3.186804e-02	3.983505e-02	2.086714e-01	1.825059e-01	1.423119e-02	2.612069e-01
14513	7.154282e-01	9.333104e-01	2.408076e-02	3.010095e-02	1.576805e-01	1.453838e-01	9.087703e-02	9.068300e-01
21799	9.665652e-01	1.654238e-01	2.832370e-02	3.540462e-02	1.854631e-01	5.427911e-02	7.718337e-01	6.786902e-01
14072	6.142649e-01	3.730042e-01	5.325306e-02	6.656633e-02	3.487002e-01	3.217932e-01	3.618077e-01	4.389208e-02
9811	3.084210e-01	8.759728e-01	2.098746e-02	2.623433e-02	1.374256e-01	1.311138e-01	6.787524e-01	6.898397e-01
24334	2.087874e-01	1.066603e-01	3.185671e-02	3.982089e-02	2.085973e-01	6.566995e-02	9.808151e-01	4.383281e-01
