14720	2.518554e-01	6.316237e-01	3.576625e-02	4.470781e-02	2.341968e-01	1.731978e-01	4.031930e-01	7.351080e-01
14435	4.256454e-01	1.361751e-01	2.131654e-02	2.664567e-02	1.395803e-01	8.556688e-02	1.834093e-02	5.944033e-01
845	6.567721e-01	7.129077e-01	2.881576e-02	3.601970e-02	1.886851e-01	1.565955e-01	2.140073e-01	3.219513e-01
31489	9.636622e-01	8.208741e-01	3.517114e-02	4.396393e-02	2.303001e-01	1.272620e-01	3.581572e-01	4.174595e-01
13385	5.625233e-01	3.572123e-01	2.129804e-02	2.662255e-02	1.394592e-01	9.865678e-02	7.719353e-01	2.488688e-01
13621	7.731707e-02	4.711601e-01	3.667909e-02	4.584886e-02	2.401741e-01	2.327660e-01	6.533051e-01	8.853833e-01
6255	3.155169e-01	3.689435e-02	2.915117e-02	3.643896e-02	1.908814e-01	1.810571e-01	8.253760e-01	1.267370e-01
32165	6.712617e-01	1.198159e-01	6.861183e-02	8.576479e-02	4.492692e-01	1.915908e-01	4.155192e-01	7.904796e-01
24462	3.601558e-01	3.116550e-01	5.747832e-02	7.184790e-02	3.763672e-01	1.299020e-01	2.089180e-01	5.024935e-01
28105	2.226137e-01	3.631106e-01	2.174946e-02	2.718682e-02	1.424151e-01	7.328160e-02	1.877599e-02	5.198638e-02
17576	5.039806e-02	6.512902e-01	2.418798e-02	3.023498e-02	1.583825e-01	1.478712e-01	3.699455e-01	2.231421e-01
27901	3.818676e-01	9.156892e-01	3.069769e-02	3.837212e-02	2.010080e-01	1.407179e-01	5.020452e-01	4.077609e-01
5584	4.674016e-01	1.639359e-01	4.604213e-02	5.755267e-02	3.014832e-01	2.053685e-01	4.120067e-01	9.352634e-01
17365	2.995220e-01	4.977299e-01	5.128940e-02	6.411175e-02	3.358422e-01	1.953310e-01	3.217734e-01	7.656438e-01
13226	3.508708e-01	4.403086e-01	5.671779e-02	7.089723e-02	3.713872e-01	9.640010e-02	1.944572e-01	6.510585e-01
10196	7.164116e-01	4.981505e-01	4.293078e-02	5.366348e-02	2.811101e-01	9.224228e-02	4.194426e-01	3.863799e-02
23747	8.730001e-02	1.725491e-01	6.280332e-02	7.850415e-02	4.112352e-01	3.857403e-01	2.746267e-02	4.577326e-02
13206	8.888521e-01	1.370287e-01	4.348946e-02	5.436183e-02	2.847683e-01	1.539584e-01	5.638971e-01	1.024970e-01
32037	3.954101e-02	8.060202e-01	3.135672e-02	3.919590e-02	2.053233e-01	1.033397e-01	2.562520e-01	1.339030e-01
18526	6.516156e-01	6.762221e-01	4.825585e-02	6.031981e-02	3.159786e-01	1.068215e-01	7.751274e-01	4.282773e-01
5391	7.255018e-01	2.507501e-01	4.406727e-02	5.508409e-02	2.885518e-01	2.802776e-01	3.030855e-01	4.908147e-01
7280	5.149215e-01	7.231986e-01	5.246892e-02	6.558615e-02	3.435657e-01	2.256414e-01	7.739790e-01	6.025271e-01
4564	3.580683e-01	1.048665e-01	7.892381e-02	9.865476e-02	5.167919e-01	4.351728e-01	2.809312e-01	3.217680e-01
22352	6.479846e-01	5.464944e-01	5.989514e-02	7.486892e-02	3.921924e-01	1.098205e-01	8.811190e-01	4.866770e-01
9116	1.358010e-01	7.246316e-01	2.907615e-02	3.634519e-02	1.903902e-01	1.535002e-01	4.415738e-01	3.368295e-01
19197	3.636091e-01	5.404358e-01	4.099295e-02	5.124119e-02	2.684212e-01	2.239486e-01	9.335243e-02	7.022251e-01
650	4.839140e-01	5.069456e-01	3.374133e-02	4.217667e-02	2.209377e-01	1.709537e-01	9.909335e-01	7.643061e-01
22123	8.070558e-01	4.713210e-01	3.365713e-02	4.207141e-02	2.203864e-01	2.203861e-01	6.012081e-03	3.961990e-01
27792	2.386044e-01	9.291746e-01	4.370912e-02	5.463640e-02	2.862066e-01	1.842807e-01	3.009163e-01	4.690491e-01
6619	1.714822e-01	6.809338e-01	2.350048e-02	2.937560e-02	1.538808e-01	1.330497e-01	2.490165e-01	9.617958e-01
31387	8.328271e-01	1.969695e-01	2.293800e-02	2.867250e-02	1.501977e-01	1.351350e-01	4.301356e-01	8.360313e-01
2640	4.049624e-01	8.483203e-01	3.517787e-02	4.397234e-02	2.303442e-01	8.029196e-02	5.699252e-01	8.241237e-01
7208	3.022241e-01	7.590480e-01	5.329622e-02	6.662027e-02	3.489828e-01	3.442638e-01	7.147224e-01	5.724108e-01
24350	4.973140e-01	2.555603e-01	3.408165e-02	4.260206e-02	2.231661e-01	2.231511e-01	9.075315e-01	4.898404e-01
5448	2.294946e-01	4.771195e-01	7.551973e-02	9.439966e-02	4.945020e-01	2.863290e-01	7.750232e-01	1.658395e-01
6087	2.161167e-01	4.152965e-01	2.553464e-02	3.191830e-02	1.672004e-01	8.482767e-02	2.470205e-01	5.385646e-01
16881	1.694192e-01	5.226400e-01	3.312032e-02	4.140040e-02	2.168714e-01	1.860912e-01	4.248983e-01	1.376470e-01
26764	6.413112e-01	8.570685e-01	2.300991e-02	2.876239e-02	1.506685e-01	1.495147e-01	8.983247e-01	2.635471e-01
7005	8.216774e-01	9.489033e-01	2.368758e-02	2.960948e-02	1.551059e-01	1.084589e-01	6.178139e-01	3.428936e-01
15343	9.153213e-01	7.935375e-01	5.159446e-02	6.449308e-02	3.378397e-01	3.348229e-01	2.078472e-01	7.284283e-01
29297	7.540312e-01	3.141339e-01	2.384880e-02	2.981100e-02	1.561616e-01	1.076184e-01	4.851577e-01	2.270829e-01
13632	1.657720e-01	6.209167e-01	3.106049e-02	3.882562e-02	2.033836e-01	1.742884e-01	6.353265e-01	2.543575e-01
17624	1.874091e-01	8.332975e-01	5.016078e-02	6.270098e-02	3.284520e-01	3.132080e-01	6.245255e-01	2.174637e-01
27965	4.476143e-01	8.085815e-01	2.979609e-02	3.724511e-02	1.951043e-01	1.943329e-01	5.568698e-01	2.242948e-01
1286	1.649459e-01	1.430146e-01	3.463253e-02	4.329066e-02	2.267733e-01	1.590415e-01	1.958903e-01	5.279028e-01
4159	3.385006e-01	8.459281e-01	6.684761e-02	8.355952e-02	4.377171e-01	3.789616e-01	8.598068e-01	4.768615e-01
7155	5.105066e-01	6.376263e-01	2.263653e-02	2.829567e-02	1.482237e-01	9.132681e-02	9.802802e-01	7.559558e-01
32134	3.157819e-01	1.470203e-01	2.057450e-02	2.571812e-02	1.347215e-01	1.345587e-01	4.810303e-01	3.530954e-01
12566	9.189924e-01	5.273840e-01	4.345972e-02	5.432465e-02	2.845736e-01	2.305443e-01	3.964576e-01	8.276781e-01
21665	8.687322e-01	4.442067e-01	2.763954e-02	3.454943e-02	1.809833e-01	1.356947e-01	2.772134e-01	3.026505e-01
6531	8.388575e-01	3.475449e-01	6.286999e-02	7.858749e-02	4.116717e-01	3.186604e-01	3.259161e-01	3.735307e-01
1581	5.749084e-01	3.791115e-01	2.445748e-02	3.057185e-02	1.601472e-01	1.584714e-01	2.530125e-01	1.928761e-01
216	8.004272e-01	9.018417e-01	2.887014e-02	3.608768e-02	1.890412e-01	1.857988e-01	8.325420e-01	4.839791e-01
32709	8.576622e-01	7.473539e-01	4.486035e-02	5.607544e-02	2.937449e-01	1.637506e-01	6.372809e-01	4.949011e-01
13544	2.765883e-01	1.030630e-01	5.028124e-02	6.285155e-02	3.292408e-01	2.435187e-01	1.053585e-01	4.214088e-01
19262	8.325268e-01	7.219886e-01	3.112905e-02	3.891131e-02	2.038325e-01	1.867558e-01	1.594155e-01	1.472980e-01
27477	6.124521e-01	1.234798e-01	2.767311e-02	3.459139e-02	1.812031e-01	1.811951e-01	9.753093e-01	9.554521e-01
12611	5.325136e-01	9.434050e-01	2.661802e-02	3.327253e-02	1.742944e-01	1.697021e-01	1.247950e-01	6.557228e-01
327	3.644696e-02	9.450109e-01	3.446598e-02	4.308247e-02	2.256827e-01	7.880846e-02	2.822313e-01	6.803918e-01
29589	6.086868e-01	4.823300e-01	3.468141e-02	4.335176e-02	2.270933e-01	1.082344e-01	5.597455e-01	4.326988e-01
23572	5.551602e-01	5.081920e-01	7.420066e-02	9.275082e-02	4.858648e-01	1.573027e-01	2.709350e-01	4.714721e-01
1250	3.320681e-01	6.356250e-01	6.892651e-02	8.615814e-02	4.513297e-01	3.053247e-01	7.092568e-01	4.133167e-01
15407	5.572343e-01	7.838676e-01	6.192714e-02	7.740893e-02	4.054980e-01	3.091624e-01	5.139831e-01	8.318561e-01
20498	5.591556e-01	6.755812e-01	5.890703e-02	7.363378e-02	3.857223e-01	1.783673e-01	9.300026e-01	8.750010e-01
27428	1.633616e-01	4.759522e-01	2.416302e-02	3.020377e-02	1.582191e-01	9.197504e-02	3.457682e-02	2.674266e-01
12623	8.719792e-01	6.221420e-01	2.279115e-02	2.848894e-02	1.492361e-01	1.092354e-01	4.598479e-01	9.375758e-02
631	5.493746e-02	5.847759e-01	3.387525e-02	4.234406e-02	2.218146e-01	1.167256e-01	2.006948e-01	8.865320e-02
10134	8.236136e-01	5.384474e-02	4.015457e-02	5.019322e-02	2.629315e-01	1.301358e-01	1.966393e-01	2.211098e-01
256	3.059238e-01	2.404649e-01	3.195297e-02	3.994121e-02	2.092276e-01	1.075863e-01	9.991562e-01	8.033767e-01
13862	7.677737e-01	1.998844e-01	4.831814e-02	6.039767e-02	3.163864e-01	2.438098e-01	3.273482e-01	3.375172e-01
21885	3.937963e-01	4.352393e-01	3.502880e-02	4.378600e-02	2.293680e-01	2.159649e-01	6.319450e-01	7.806811e-01
9333	8.752743e-01	2.643193e-01	2.640894e-02	3.301117e-02	1.729253e-01	5.169957e-02	7.513005e-01	7.608014e-01
25030	6.833728e-02	5.165018e-01	3.003754e-02	3.754693e-02	1.966854e-01	5.757529e-02	9.826776e-01	1.420366e-01
14473	7.736760e-01	7.595754e-01	3.876588e-02	4.845734e-02	2.538383e-01	7.566047e-02	8.853837e-01	3.683692e-01
21120	4.283481e-01	6.472125e-01	4.832185e-02	6.040231e-02	3.164107e-01	2.754012e-01	7.923693e-02	3.048924e-01
21854	4.471905e-02	3.155429e-01	3.124609e-02	3.905761e-02	2.045989e-01	1.169901e-01	6.549183e-01	7.118206e-01
888	2.052196e-01	1.519392e-01	2.310347e-02	2.887934e-02	1.512812e-01	7.792137e-02	5.840855e-01	5.831682e-01
