25592	7.467677e-02	1.098172e-01	5.926216e-02	7.407770e-02	3.880477e-01	2.607756e-01	5.769772e-01	9.305536e-01
26948	1.204319e-01	4.240724e-01	6.535579e-02	8.169473e-02	4.279487e-01	1.987439e-01	9.563415e-02	5.941459e-01
19410	8.055374e-01	3.473835e-01	3.903310e-02	4.879137e-02	2.555881e-01	2.431912e-01	3.241541e-01	4.945705e-02
29027	4.115585e-01	5.166179e-02	2.417408e-02	3.021760e-02	1.582915e-01	1.405669e-01	6.829618e-01	9.323199e-01
22573	3.779763e-01	3.382689e-01	3.061401e-02	3.826751e-02	2.004601e-01	1.965865e-01	2.925455e-01	8.398125e-01
1445	2.305840e-01	8.666464e-01	2.622199e-02	3.277749e-02	1.717012e-01	5.590071e-02	7.974190e-01	3.617246e-01
17922	3.114010e-01	6.469234e-01	6.804546e-02	8.505683e-02	4.455606e-01	3.049085e-01	3.987494e-01	9.051238e-01
801	7.891715e-01	3.816541e-02	2.941385e-02	3.676731e-02	1.926014e-01	1.646620e-01	4.565056e-01	7.066307e-01
16552	7.046176e-01	5.321404e-02	3.562218e-02	4.452772e-02	2.332535e-01	9.445531e-02	3.160409e-01	2.093991e-01
7409	5.441264e-01	1.448849e-01	4.214968e-02	5.268711e-02	2.759955e-01	2.714545e-01	7.735197e-01	3.822267e-01
1878	1.485476e-01	8.104391e-01	2.616895e-02	3.271118e-02	1.713539e-01	8.467693e-02	5.875746e-01	1.521039e-01
262	4.071580e-01	2.994286e-01	6.727082e-02	8.408853e-02	4.404883e-01	2.553501e-01	1.253191e-01	8.488707e-01
23937	3.536344e-01	7.724068e-01	2.448758e-02	3.060947e-02	1.603443e-01	1.459091e-01	4.543291e-01	6.981472e-01
5988	2.150116e-01	2.492290e-01	4.635409e-02	5.794261e-02	3.035258e-01	2.880019e-01	3.109109e-01	5.749166e-01
19755	2.973939e-01	5.275287e-01	6.083455e-02	7.604319e-02	3.983437e-01	1.644464e-01	7.496613e-01	1.388047e-01
8144	7.928030e-01	4.325816e-01	3.590780e-02	4.488476e-02	2.351237e-01	1.561388e-01	4.140583e-01	2.575547e-01
30050	7.478029e-01	1.943090e-01	2.320767e-02	2.900959e-02	1.519635e-01	1.470485e-01	5.337814e-01	9.586827e-01
18487	2.799199e-01	3.103213e-01	3.678716e-02	4.598395e-02	2.408818e-01	1.978416e-01	7.270555e-01	8.952553e-01
21938	1.342621e-01	2.733506e-01	2.383708e-02	2.979635e-02	1.560848e-01	1.322534e-01	3.458606e-01	1.854262e-01
18345	4.947462e-01	4.688984e-01	7.318858e-02	9.148573e-02	4.792377e-01	3.007766e-01	4.860629e-01	8.600012e-02
7838	4.377133e-01	6.041569e-01	2.272043e-02	2.840053e-02	1.487730e-01	7.580062e-02	6.612725e-01	5.486091e-01
32374	7.385343e-01	4.721234e-01	4.178207e-02	5.222759e-02	2.735884e-01	2.262884e-01	2.528437e-01	5.871766e-01
15460	6.685467e-01	2.546047e-01	3.871157e-02	4.838947e-02	2.534828e-01	2.532195e-01	7.019968e-01	4.479007e-01
5329	5.399518e-01	3.085304e-01	6.567284e-02	8.209105e-02	4.300247e-01	3.641383e-01	2.776510e-01	8.655229e-01
15891	5.006204e-01	5.915103e-01	3.758331e-02	4.697914e-02	2.460950e-01	8.500838e-02	9.322819e-01	1.834392e-01
13686	7.951611e-01	8.603058e-01	2.287715e-02	2.859644e-02	1.497993e-01	8.713122e-02	1.343207e-02	5.768963e-01
26918	1.624072e-01	2.143979e-01	4.940490e-02	6.175613e-02	3.235025e-01	3.047813e-01	1.610449e-01	7.776707e-01
29442	9.282820e-01	2.778499e-01	2.380850e-02	2.976063e-02	1.558977e-01	4.120596e-02	4.979261e-01	9.067508e-01
9028	3.872766e-01	5.714552e-01	4.138824e-02	5.173530e-02	2.710096e-01	2.555178e-01	9.564906e-01	4.365423e-01
18596	7.880193e-01	5.893959e-01	3.812644e-02	4.765805e-02	2.496513e-01	2.471682e-01	6.891023e-02	2.856039e-01
29825	9.143565e-01	8.581120e-01	5.522569e-02	6.903211e-02	3.616170e-01	1.736983e-01	7.569143e-01	7.107439e-02
13534	2.325549e-01	6.148290e-01	2.557862e-02	3.197327e-02	1.674884e-01	1.376221e-01	9.446891e-01	9.270662e-01
16935	5.862289e-01	8.171736e-01	7.151865e-02	8.939831e-02	4.683030e-01	3.217807e-01	7.147117e-01	6.328879e-01
10632	7.013217e-01	6.251575e-01	2.609056e-02	3.261320e-02	1.708406e-01	6.298750e-02	8.373904e-02	8.149059e-01
2364	4.370618e-01	4.478379e-01	2.582974e-02	3.228717e-02	1.691327e-01	1.622516e-01	8.938650e-01	2.275993e-01
9145	4.716950e-02	2.970264e-01	3.956528e-02	4.945660e-02	2.590728e-01	2.326897e-01	5.462896e-01	8.933754e-01
30399	6.862152e-01	1.175605e-01	3.120443e-02	3.900554e-02	2.043261e-01	5.496668e-02	2.563241e-01	9.513706e-01
10032	6.367857e-01	4.398331e-01	2.940477e-02	3.675597e-02	1.925420e-01	1.896613e-01	7.173782e-01	8.039478e-01
7074	1.216583e-01	7.026183e-01	3.345515e-02	4.181894e-02	2.190638e-01	1.147259e-01	3.135682e-01	8.547474e-01
12618	4.210215e-01	8.209035e-01	5.773745e-02	7.217181e-02	3.780639e-01	3.178251e-01	3.733534e-01	5.595258e-01
12900	6.624224e-01	6.479641e-01	3.455934e-02	4.319917e-02	2.262940e-01	2.256023e-01	9.737149e-01	1.274136e-03
32523	9.117095e-01	6.824319e-01	4.458337e-02	5.572921e-02	2.919312e-01	1.265487e-01	2.671500e-01	6.263414e-01
10553	1.597425e-01	9.039707e-01	2.545993e-02	3.182491e-02	1.667112e-01	1.566879e-01	3.613082e-01	6.205957e-01
32320	9.301531e-01	3.150536e-01	2.323154e-02	2.903942e-02	1.521197e-01	5.850226e-02	3.515302e-01	4.201960e-03
19254	9.208590e-01	1.804024e-01	4.688951e-02	5.861189e-02	3.070318e-01	1.213489e-01	4.206206e-01	4.379677e-03
23339	7.845983e-01	5.219997e-01	6.137268e-02	7.671585e-02	4.018674e-01	1.155341e-01	8.243274e-01	6.118433e-01
24945	5.463462e-02	7.265380e-01	2.647619e-02	3.309524e-02	1.733657e-01	1.732811e-01	3.834319e-01	7.057740e-01
18895	4.845667e-01	2.587925e-01	2.315935e-02	2.894919e-02	1.516471e-01	1.407323e-01	4.562315e-01	8.809223e-01
18523	8.934881e-01	5.145207e-01	2.950868e-02	3.688585e-02	1.932224e-01	9.055924e-02	2.249040e-01	2.639831e-01
24598	8.127805e-01	1.589039e-01	7.905272e-02	9.881589e-02	5.176360e-01	2.902031e-01	4.305942e-01	8.294249e-01
13180	6.790035e-01	3.312827e-01	5.927169e-02	7.408961e-02	3.881101e-01	3.772695e-01	4.829224e-01	1.004196e-01
7350	4.305382e-01	1.723742e-01	4.859736e-02	6.074670e-02	3.182148e-01	3.162246e-01	9.319536e-01	4.829750e-02
15861	4.477931e-01	9.103843e-01	6.296275e-02	7.870344e-02	4.122791e-01	3.684741e-01	8.512223e-02	6.522405e-01
5054	9.385959e-01	1.241013e-01	2.448766e-02	3.060957e-02	1.603448e-01	1.530556e-01	4.091880e-01	1.387374e-01
13740	5.803665e-01	2.262365e-01	7.779297e-02	9.724121e-02	5.093871e-01	5.092138e-01	3.125741e-01	3.131271e-01
21664	8.914170e-01	5.856108e-01	2.097321e-02	2.621651e-02	1.373322e-01	6.356165e-02	3.680852e-01	5.641132e-02
14446	6.099238e-01	3.581245e-01	4.183885e-02	5.229857e-02	2.739602e-01	1.699519e-01	7.518669e-02	3.639235e-01
3517	8.751186e-01	6.740399e-02	3.882763e-02	4.853454e-02	2.542427e-01	2.407857e-01	4.224337e-01	7.483646e-01
7502	2.240413e-01	4.370585e-01	2.198151e-02	2.747689e-02	1.439346e-01	3.801728e-02	1.664829e-01	6.967325e-01
7648	8.656138e-01	1.552956e-01	3.191265e-02	3.989082e-02	2.089636e-01	1.804604e-01	4.839815e-01	9.465857e-01
21573	2.030867e-01	4.577806e-01	2.090990e-02	2.613737e-02	1.369177e-01	1.363535e-01	2.840027e-01	7.519986e-01
3809	3.218649e-01	4.007721e-01	3.284254e-02	4.105318e-02	2.150525e-01	1.968080e-01	2.066329e-03	7.145357e-01
10564	7.558412e-01	9.694157e-02	4.404130e-02	5.505162e-02	2.883817e-01	2.873713e-01	9.350132e-01	3.990756e-01
27301	6.460200e-01	8.042804e-01	2.491834e-02	3.114793e-02	1.631649e-01	1.445251e-01	2.510132e-01	2.548980e-01
14142	6.493585e-01	5.842174e-01	2.679409e-02	3.349262e-02	1.754473e-01	7.844120e-02	1.282730e-01	8.476465e-01
28010	6.028981e-01	9.420058e-01	2.225080e-02	2.781350e-02	1.456979e-01	1.411305e-01	5.314514e-01	7.090530e-01
19878	1.317018e-01	4.728329e-01	2.828430e-02	3.535537e-02	1.852052e-01	1.714269e-01	8.162773e-01	7.281134e-01
18734	2.099592e-01	1.459057e-01	2.134034e-02	2.667543e-02	1.397362e-01	9.371636e-02	2.903915e-01	3.251355e-01
22970	1.734140e-01	7.435401e-01	2.945646e-02	3.682058e-02	1.928805e-01	5.125889e-02	4.403655e-01	3.876331e-01
5813	7.655488e-01	8.658229e-01	2.825284e-02	3.531605e-02	1.849991e-01	7.364381e-02	4.661691e-01	6.422873e-01
