8058	5.662015e-01	1.756144e-01	2.847641e-02	3.559551e-02	1.864631e-01	8.634608e-02	6.724142e-01	9.330928e-01
22340	2.842267e-01	1.564160e-01	2.331974e-02	2.914967e-02	1.526973e-01	1.446148e-01	2.884163e-01	6.617405e-01
9072	3.268036e-01	2.335571e-01	5.242944e-02	6.553680e-02	3.433071e-01	3.256837e-01	8.419338e-01	7.425529e-01
12527	1.168810e-01	2.819895e-01	4.486724e-02	5.608405e-02	2.937900e-01	2.735467e-01	9.283495e-01	9.443701e-01
25474	9.392861e-01	3.382495e-02	3.119209e-02	3.899011e-02	2.042453e-01	2.031972e-01	1.581627e-01	4.878418e-03
19076	4.802358e-01	9.284107e-01	3.268530e-02	4.085663e-02	2.140228e-01	1.908159e-01	3.066996e-01	4.106380e-01
77	1.559797e-01	9.145114e-01	6.161671e-02	7.702088e-02	4.034652e-01	3.190004e-01	5.791215e-01	2.381296e-01
6495	8.713514e-01	1.694718e-01	3.239261e-02	4.049076e-02	2.121063e-01	1.820238e-01	8.760244e-01	1.120239e-02
7811	4.850793e-01	2.359136e-01	5.225850e-02	6.532312e-02	3.421878e-01	2.382404e-01	2.085186e-01	2.207873e-01
6444	3.418155e-01	7.770829e-01	7.087845e-02	8.859807e-02	4.641110e-01	2.984116e-01	3.071217e-01	6.980585e-02
21341	5.769697e-01	7.115958e-01	3.024085e-02	3.780106e-02	1.980166e-01	1.943652e-01	8.896316e-01	6.843035e-02
8673	5.739001e-02	5.659161e-01	3.150834e-02	3.938542e-02	2.063161e-01	7.011023e-02	3.510451e-01	8.402681e-01
10817	4.519909e-01	4.611860e-01	4.257878e-02	5.322348e-02	2.788052e-01	1.357473e-01	5.954013e-01	6.459125e-01
11987	6.675477e-01	2.132142e-01	2.062986e-02	2.578732e-02	1.350840e-01	1.350732e-01	9.415665e-01	8.986802e-01
14229	1.115118e-01	1.893916e-01	4.158305e-02	5.197881e-02	2.722852e-01	1.258072e-01	7.377859e-01	9.083991e-01
5582	9.710780e-01	6.552442e-01	2.838061e-02	3.547576e-02	1.858358e-01	1.485613e-01	3.147136e-01	7.816252e-01
20131	9.310252e-01	7.671343e-01	2.073745e-02	2.592181e-02	1.357885e-01	8.468980e-02	5.160632e-01	7.751659e-01
9093	5.796128e-01	1.271586e-01	3.081591e-02	3.851989e-02	2.017821e-01	1.531243e-01	2.274045e-01	2.518547e-02
17228	2.461734e-01	6.769497e-01	4.517466e-02	5.646832e-02	2.958030e-01	2.764352e-01	9.277875e-01	4.433960e-01
6707	4.694748e-01	7.950005e-02	4.528696e-02	5.660871e-02	2.965383e-01	2.914029e-01	7.306081e-01	2.362695e-01
25013	9.161307e-02	6.743655e-01	2.546245e-02	3.182806e-02	1.667277e-01	1.300707e-01	2.674384e-01	2.006188e-01
20588	4.533466e-01	6.019812e-01	2.554319e-02	3.192898e-02	1.672564e-01	1.665661e-01	8.105923e-01	5.273073e-01
23937	1.551259e-01	6.816025e-02	2.639152e-02	3.298940e-02	1.728112e-01	1.157271e-01	6.720940e-01	2.051956e-01
9127	9.609133e-01	7.175810e-01	2.795427e-02	3.494284e-02	1.830441e-01	5.103317e-02	5.764361e-01	5.138550e-01
19534	6.646920e-02	3.111680e-01	5.852503e-02	7.315629e-02	3.832210e-01	1.400253e-01	2.370740e-03	1.742281e-01
2577	9.876161e-02	9.291928e-02	3.902992e-02	4.878739e-02	2.555673e-01	2.016912e-01	1.734163e-02	2.983653e-01
29459	8.631944e-01	3.698350e-01	4.344865e-02	5.431081e-02	2.845011e-01	1.985879e-01	7.691784e-02	7.568128e-01
160	7.084528e-01	2.264441e-01	2.829159e-02	3.536449e-02	1.852529e-01	1.518781e-01	7.441038e-01	1.091420e-01
18591	1.661387e-01	6.595349e-01	3.066809e-02	3.833511e-02	2.008141e-01	7.679261e-02	2.601794e-01	3.109924e-01
19827	9.114041e-01	6.166879e-01	2.113960e-02	2.642450e-02	1.384218e-01	1.174529e-01	3.584025e-02	1.653901e-01
11375	4.771867e-01	3.530204e-01	5.934687e-02	7.418359e-02	3.886024e-01	2.780049e-01	9.889491e-01	8.074530e-01
5831	7.777508e-01	8.224156e-02	2.187102e-02	2.733878e-02	1.432111e-01	8.465821e-02	5.637624e-02	1.845220e-02
16997	8.325716e-01	7.552882e-01	5.385583e-02	6.731979e-02	3.526472e-01	3.486751e-01	7.476832e-01	7.873002e-01
16709	9.422391e-01	5.005917e-01	4.056998e-02	5.071248e-02	2.656516e-01	2.223802e-01	9.571602e-01	3.236233e-01
30279	8.504435e-01	8.670137e-02	4.014580e-02	5.018225e-02	2.628741e-01	1.442854e-01	6.255541e-01	8.986856e-01
8156	6.351530e-01	6.050771e-01	2.819416e-02	3.524270e-02	1.846149e-01	1.802427e-01	6.473515e-02	5.478336e-01
4500	9.186826e-01	5.703393e-01	3.541286e-02	4.426608e-02	2.318829e-01	1.572353e-01	4.758550e-01	2.196631e-01
3339	4.775544e-01	8.054786e-01	7.513026e-02	9.391283e-02	4.919518e-01	4.445952e-01	4.344389e-01	7.313737e-01
24136	2.839907e-01	9.444654e-01	2.147430e-02	2.684288e-02	1.406134e-01	1.249094e-01	6.290152e-01	7.397656e-02
15797	3.659424e-01	3.530157e-01	2.901603e-02	3.627004e-02	1.899965e-01	1.531598e-01	6.646591e-01	7.876985e-01
23863	5.971779e-01	9.415270e-02	2.622911e-02	3.278639e-02	1.717478e-01	7.851630e-02	9.075302e-01	6.246803e-01
7087	3.927784e-01	1.933445e-01	4.156036e-02	5.195045e-02	2.721366e-01	2.702715e-01	7.237322e-03	9.542591e-01
14541	7.047583e-01	6.094663e-02	2.778274e-02	3.472843e-02	1.819210e-01	1.707140e-01	4.130573e-01	6.285660e-01
11897	1.252284e-01	4.095549e-01	2.086404e-02	2.608005e-02	1.366174e-01	5.152860e-02	6.876212e-01	2.523173e-01
12466	4.437892e-01	1.675700e-01	2.559380e-02	3.199225e-02	1.675878e-01	1.641291e-01	2.278727e-01	6.749552e-01
17749	4.126490e-01	5.325237e-01	6.857630e-02	8.572037e-02	4.490365e-01	4.348787e-01	6.634159e-01	3.434813e-01
29260	2.934850e-01	1.853101e-01	2.862168e-02	3.577710e-02	1.874143e-01	9.843296e-02	9.532101e-01	3.611856e-01
22117	9.394910e-02	8.116544e-01	2.201227e-02	2.751534e-02	1.441360e-01	6.226174e-02	9.271802e-01	3.654392e-01
26095	3.678069e-01	2.889580e-01	2.160187e-02	2.700234e-02	1.414487e-01	9.294393e-02	8.947283e-01	5.186232e-01
4050	5.737141e-01	2.253614e-01	4.795008e-02	5.993761e-02	3.139764e-01	2.312618e-01	3.593275e-01	5.213339e-01
8292	8.539891e-01	2.301811e-01	3.732460e-02	4.665575e-02	2.444009e-01	2.409827e-01	6.504353e-01	1.213854e-01
1013	7.722085e-01	6.379010e-01	3.419250e-02	4.274062e-02	2.238920e-01	1.541269e-01	5.056134e-01	6.834817e-01
6137	5.321311e-01	7.634268e-01	3.607972e-02	4.509965e-02	2.362494e-01	8.771396e-02	8.210501e-01	5.458372e-01
9355	7.305255e-01	4.208503e-01	3.232214e-02	4.040268e-02	2.116449e-01	2.031607e-01	8.354724e-01	2.305711e-01
1833	2.397463e-01	4.551156e-01	5.591480e-02	6.989350e-02	3.661292e-01	2.636745e-01	5.846231e-01	6.329691e-01
21139	2.265653e-01	8.713252e-01	2.450617e-02	3.063271e-02	1.604660e-01	1.575279e-01	9.089048e-01	5.082909e-01
13003	1.505882e-01	4.559712e-01	5.732565e-02	7.165706e-02	3.753674e-01	2.393906e-01	8.189009e-01	1.857736e-01
19724	2.752920e-01	7.714206e-01	2.351636e-02	2.939545e-02	1.539848e-01	8.560045e-02	7.264965e-01	4.957622e-01
24353	8.744297e-01	5.282608e-01	3.279440e-02	4.099300e-02	2.147372e-01	8.644328e-02	2.297043e-01	8.614430e-01
19310	6.700098e-02	2.891594e-02	2.094828e-02	2.618535e-02	1.371690e-01	1.156579e-01	6.472138e-01	3.902179e-01
21577	6.818281e-01	4.463391e-01	4.520843e-02	5.651054e-02	2.960241e-01	1.109218e-01	3.803117e-01	8.619594e-01
25543	9.791311e-02	9.213409e-01	4.105028e-02	5.131284e-02	2.687966e-01	2.683836e-01	5.545251e-01	3.082517e-01
32616	5.821342e-01	6.614592e-01	4.276774e-02	5.345968e-02	2.800425e-01	2.517937e-01	4.920800e-01	6.357593e-01
18312	6.599890e-01	1.570795e-01	2.459809e-02	3.074762e-02	1.610679e-01	1.604803e-01	3.796155e-01	2.054883e-01
29928	9.576074e-01	3.846393e-01	3.383066e-02	4.228832e-02	2.215226e-01	2.199032e-01	2.667498e-01	4.782753e-01
30595	3.178778e-02	8.696054e-01	3.022967e-02	3.778708e-02	1.979434e-01	1.471751e-01	7.033901e-01	6.214192e-01
28324	4.664528e-01	5.652305e-01	3.057764e-02	3.822206e-02	2.002219e-01	1.446446e-01	1.950265e-01	2.345303e-01
1995	5.283107e-02	2.711440e-01	2.624127e-02	3.280159e-02	1.718274e-01	1.597930e-01	6.158757e-01	1.008200e-01
19263	6.803831e-01	8.417037e-01	7.819500e-02	9.774375e-02	5.120196e-01	4.975787e-01	6.685547e-01	8.918330e-01
13893	7.794851e-01	7.871224e-01	3.274665e-02	4.093331e-02	2.144245e-01	1.670436e-01	3.547319e-01	8.582189e-02
