28672	3.634149e-01	1.562101e-01	4.511177e-02	5.638971e-02	2.953912e-01	1.503365e-01	6.138316e-01	7.806440e-02
2300	8.078263e-01	1.999770e-01	2.485685e-02	3.107106e-02	1.627622e-01	1.121954e-01	4.022754e-01	4.077560e-01
14093	7.174298e-01	4.051685e-01	6.906331e-02	8.632914e-02	4.522255e-01	4.282212e-01	4.413703e-01	7.093233e-01
4519	7.628639e-01	8.873198e-01	3.973714e-02	4.967143e-02	2.601982e-01	2.599452e-01	8.614132e-01	4.562545e-02
1625	5.523030e-01	9.111290e-01	5.692945e-02	7.116181e-02	3.727732e-01	2.512512e-01	1.393452e-01	5.856765e-01
18220	8.978939e-01	1.465585e-01	2.646689e-02	3.308361e-02	1.733048e-01	1.261340e-01	8.776600e-01	2.663497e-02
8180	2.485908e-01	4.393158e-01	4.504748e-02	5.630935e-02	2.949702e-01	2.949231e-01	9.627332e-01	3.547693e-01
28302	9.549589e-01	3.717574e-01	2.108530e-02	2.635662e-02	1.380662e-01	1.360670e-01	4.449056e-01	3.836411e-02
27603	1.874078e-01	2.902475e-01	6.758545e-02	8.448181e-02	4.425484e-01	3.991773e-01	8.376004e-01	6.589694e-01
30343	5.100742e-01	1.696756e-01	2.317832e-02	2.897290e-02	1.517713e-01	7.062804e-02	8.303848e-01	7.514447e-01
29736	8.026322e-01	5.092593e-02	4.205589e-02	5.256987e-02	2.753813e-01	2.207494e-01	8.125169e-01	2.161503e-01
2639	7.852758e-01	4.482661e-01	4.202787e-02	5.253483e-02	2.751978e-01	8.822129e-02	5.181900e-01	2.645046e-02
23716	8.435199e-01	2.485555e-01	2.985911e-02	3.732388e-02	1.955170e-01	1.896492e-01	7.944565e-02	1.607392e-01
32082	1.401810e-01	8.102238e-01	2.068471e-02	2.585589e-02	1.354432e-01	1.334348e-01	9.204099e-01	8.919591e-01
16326	9.312369e-01	3.170364e-01	2.952917e-02	3.691146e-02	1.933565e-01	1.160911e-01	5.784993e-01	7.848785e-01
14353	5.406527e-01	4.869038e-01	2.645664e-02	3.307081e-02	1.732377e-01	1.152981e-01	6.486653e-01	2.028794e-01
19250	4.065320e-01	9.728201e-01	2.346832e-02	2.933540e-02	1.536702e-01	1.398894e-01	4.172402e-01	7.601023e-01
20451	5.761287e-01	8.673590e-01	3.567881e-02	4.459851e-02	2.336243e-01	1.518374e-01	9.606517e-01	5.518310e-01
32448	2.644242e-01	5.026674e-01	2.070116e-02	2.587645e-02	1.355509e-01	1.353814e-01	3.959033e-01	1.698784e-01
21137	5.699870e-01	1.805295e-01	4.855421e-02	6.069276e-02	3.179322e-01	3.170581e-01	7.157739e-01	1.796063e-01
23476	7.209432e-01	8.726505e-01	2.882512e-02	3.603140e-02	1.887464e-01	1.551826e-01	6.915395e-01	7.964700e-01
8115	4.902417e-02	1.320034e-01	4.326794e-02	5.408493e-02	2.833178e-01	2.598930e-01	9.764193e-01	4.782902e-02
2206	1.658856e-01	6.409106e-01	5.675582e-02	7.094478e-02	3.716362e-01	2.292492e-01	7.152679e-01	3.765860e-01
18296	6.833429e-01	1.670206e-01	2.708114e-02	3.385142e-02	1.773269e-01	1.769452e-01	6.059983e-01	4.128510e-02
31909	8.666798e-01	8.973363e-01	2.960115e-02	3.700143e-02	1.938278e-01	1.900298e-01	1.683266e-01	1.796364e-01
31206	5.027670e-01	5.431427e-01	2.802766e-02	3.503458e-02	1.835247e-01	1.087654e-01	7.413849e-01	7.533741e-02
30787	7.251312e-01	7.917503e-01	5.176573e-02	6.470716e-02	3.389612e-01	1.347752e-01	3.116168e-01	1.413930e-01
1549	3.482579e-01	4.773575e-01	3.820480e-02	4.775600e-02	2.501644e-01	1.245823e-01	4.757184e-01	7.290448e-01
32390	8.901192e-01	8.328397e-01	2.102342e-02	2.627928e-02	1.376610e-01	1.359728e-01	5.571261e-01	4.401225e-01
14357	1.656096e-01	4.612240e-01	2.096508e-02	2.620636e-02	1.372790e-01	1.018199e-01	9.954601e-01	5.269576e-01
6351	7.513892e-01	1.615657e-01	2.492577e-02	3.115721e-02	1.632136e-01	1.556055e-01	1.347323e-01	7.205008e-01
11131	6.067358e-01	7.377152e-01	2.346829e-02	2.933536e-02	1.536700e-01	6.235445e-02	5.378134e-01	1.945304e-01
21195	4.028180e-01	3.844817e-01	2.310240e-02	2.887800e-02	1.512741e-01	1.473488e-01	9.019503e-01	7.960344e-01
31146	3.092222e-01	7.690861e-01	3.167984e-02	3.959980e-02	2.074391e-01	1.520187e-01	7.867753e-01	5.696397e-01
30814	9.364207e-01	2.083372e-01	4.151035e-02	5.188794e-02	2.718091e-01	2.285854e-01	4.852530e-01	1.813610e-01
26179	1.098071e-01	6.877167e-01	5.934527e-02	7.418159e-02	3.885919e-01	3.860024e-01	2.006752e-01	6.119620e-01
6305	5.391295e-01	3.231434e-01	2.902113e-02	3.627641e-02	1.900299e-01	4.939203e-02	9.446914e-01	3.680118e-01
25218	6.966463e-01	5.617690e-01	4.773832e-02	5.967291e-02	3.125898e-01	2.771078e-01	2.618133e-01	6.150036e-01
31402	1.025558e-01	8.149095e-02	2.926581e-02	3.658226e-02	1.916320e-01	1.328946e-01	8.453658e-01	8.222641e-01
6414	1.237610e-01	1.044751e-01	3.188878e-02	3.986097e-02	2.088072e-01	7.854941e-02	2.739866e-01	9.888136e-01
30727	5.120299e-01	1.350068e-01	2.218166e-02	2.772708e-02	1.452452e-01	7.643429e-02	5.680159e-01	2.922249e-01
26976	7.243403e-01	6.630402e-01	4.006531e-02	5.008164e-02	2.623470e-01	2.283981e-01	5.599489e-01	9.620434e-01
2269	8.741303e-01	6.610709e-01	5.622661e-02	7.028327e-02	3.681710e-01	1.366048e-01	3.881934e-01	7.591728e-01
14777	6.885641e-02	3.101484e-01	3.435052e-02	4.293815e-02	2.249267e-01	2.248329e-01	6.799254e-01	1.264200e-01
18406	1.371521e-01	9.541142e-01	3.982812e-02	4.978515e-02	2.607939e-01	1.218720e-01	5.812294e-01	6.187349e-01
32571	4.973051e-01	6.594162e-01	2.187621e-02	2.734526e-02	1.432451e-01	1.398940e-01	6.831925e-01	2.255219e-01
16843	4.955489e-01	9.291636e-01	3.393011e-02	4.241264e-02	2.221738e-01	2.120714e-01	3.513769e-01	2.460306e-01
976	8.132527e-01	2.299431e-01	2.891534e-02	3.614418e-02	1.893372e-01	1.408625e-01	9.162254e-01	5.313693e-01
19454	6.261532e-01	3.516345e-01	6.273356e-02	7.841695e-02	4.107784e-01	1.429639e-01	8.663770e-01	1.685627e-01
25650	4.848238e-01	9.770684e-02	3.599899e-02	4.499873e-02	2.357208e-01	2.264754e-01	5.101433e-01	1.721540e-01
6064	9.071371e-01	5.919944e-01	5.311347e-02	6.639183e-02	3.477862e-01	1.239941e-01	8.939106e-01	4.313522e-01
5820	6.186020e-01	7.887209e-01	2.184437e-02	2.730546e-02	1.430366e-01	1.226910e-01	6.382908e-01	7.256570e-01
32417	8.024792e-01	3.111180e-01	2.257625e-02	2.822031e-02	1.478289e-01	1.419448e-01	7.892234e-01	3.768804e-01
10695	4.994275e-01	8.161707e-01	5.061905e-02	6.327382e-02	3.314528e-01	3.029303e-01	2.037788e-01	5.763371e-01
22275	8.395597e-01	1.801541e-01	4.325874e-02	5.407343e-02	2.832576e-01	1.361716e-01	4.781429e-01	5.873031e-01
3766	6.399547e-01	7.209740e-02	2.603324e-02	3.254155e-02	1.704653e-01	1.463007e-01	7.770826e-01	2.144316e-01
6033	7.961558e-02	9.155413e-01	2.357183e-02	2.946479e-02	1.543480e-01	7.728901e-02	2.112131e-01	6.952333e-01
1287	4.668857e-01	4.888390e-01	3.583407e-02	4.479259e-02	2.346409e-01	1.562971e-01	3.234032e-01	9.219064e-02
3973	1.852348e-01	5.024038e-01	2.644726e-02	3.305907e-02	1.731762e-01	1.686883e-01	8.729596e-01	8.798498e-01
8413	5.481033e-01	7.389105e-01	2.278476e-02	2.848096e-02	1.491943e-01	6.545025e-02	9.785096e-01	4.954447e-01
13242	6.813070e-01	2.431650e-01	4.865518e-02	6.081897e-02	3.185934e-01	2.889353e-01	8.944037e-01	4.694839e-01
18500	8.225666e-01	4.654776e-01	2.120930e-02	2.651162e-02	1.388781e-01	1.162458e-01	4.853850e-01	6.692316e-01
29808	2.616394e-01	8.279751e-01	3.141494e-02	3.926868e-02	2.057046e-01	7.969465e-02	7.892249e-01	4.258208e-01
25477	2.164936e-01	7.545048e-01	6.127800e-02	7.659750e-02	4.012474e-01	3.651526e-01	8.899020e-01	1.626939e-01
21487	3.143410e-01	1.282612e-01	2.919900e-02	3.649875e-02	1.911946e-01	1.753716e-01	6.869414e-01	2.574728e-01
1224	8.988083e-01	4.943465e-01	4.339444e-02	5.424305e-02	2.841461e-01	2.416555e-01	4.715919e-01	8.478272e-01
6828	3.690359e-01	2.975949e-01	4.505863e-02	5.632329e-02	2.950432e-01	1.504525e-01	4.633657e-01	8.345585e-01
25644	6.302931e-01	5.108473e-01	7.693610e-02	9.617013e-02	5.037764e-01	3.563014e-01	1.066809e-02	1.850442e-02
31177	3.153457e-01	9.385690e-01	3.080868e-02	3.851085e-02	2.017348e-01	1.172627e-01	4.206808e-01	9.275033e-01
27716	8.356032e-01	5.953638e-01	2.116511e-02	2.645639e-02	1.385888e-01	1.275748e-01	1.214321e-01	9.891627e-01
25066	3.300310e-01	1.899677e-01	2.641888e-02	3.302360e-02	1.729904e-01	1.728032e-01	7.123384e-01	5.984863e-01
31350	3.026361e-01	8.639809e-01	2.161254e-02	2.701567e-02	1.415186e-01	9.303340e-02	7.979583e-01	9.366288e-01
17769	8.944084e-01	7.616772e-01	2.274171e-02	2.842714e-02	1.489124e-01	7.875669e-02	1.906179e-01	1.425407e-01
14057	2.259827e-01	2.150373e-01	2.288465e-02	2.860581e-02	1.498483e-01	8.360266e-02	6.340839e-01	5.510832e-01
18522	3.510001e-01	3.772912e-01	5.632558e-02	7.040698e-02	3.688190e-01	3.688183e-01	8.632818e-01	2.765214e-01
3643	6.356257e-01	1.191947e-01	5.208310e-02	6.510387e-02	3.410393e-01	2.499438e-01	9.920268e-01	2.928114e-01
2221	6.171014e-01	2.135120e-01	2.637853e-02	3.297317e-02	1.727262e-01	1.613235e-01	4.998724e-01	8.240070e-01
