12694	4.047969e-01	1.742566e-01	2.165782e-02	2.707228e-02	1.418151e-01	1.417863e-01	6.954347e-01	3.036712e-01
3919	3.859142e-01	6.284366e-01	2.989812e-02	3.737265e-02	1.957724e-01	1.043920e-01	7.585071e-01	5.476154e-01
16578	5.889054e-01	2.099503e-01	5.972543e-02	7.465679e-02	3.910812e-01	2.683479e-01	9.085657e-01	7.657269e-01
17619	8.342416e-01	2.869458e-01	2.429458e-02	3.036823e-02	1.590805e-01	5.039941e-02	5.482223e-01	3.941475e-01
10764	9.592034e-01	1.679442e-01	2.110122e-02	2.637653e-02	1.381705e-01	1.125885e-01	1.323123e-01	9.423179e-01
15361	3.386856e-01	1.399031e-01	3.196656e-02	3.995820e-02	2.093165e-01	1.113413e-01	8.146349e-01	2.395673e-01
5357	1.185297e-01	2.780323e-01	7.941494e-02	9.926868e-02	5.200078e-01	4.299557e-01	7.887580e-01	9.538571e-01
7120	5.075828e-01	6.943596e-01	3.679085e-02	4.598857e-02	2.409059e-01	2.409056e-01	2.200331e-02	3.668895e-01
21999	3.567880e-01	8.116162e-01	5.589867e-02	6.987334e-02	3.660236e-01	2.894606e-01	1.957148e-01	4.523381e-01
12132	8.756973e-01	6.074693e-01	5.251787e-02	6.564734e-02	3.438862e-01	3.011648e-01	9.661039e-01	6.424852e-01
22140	1.641166e-01	8.071705e-01	2.773671e-02	3.467089e-02	1.816196e-01	1.733213e-01	8.546884e-01	8.508851e-01
8219	2.290254e-01	5.712658e-02	4.100029e-02	5.125037e-02	2.684693e-01	2.229724e-01	7.026158e-01	2.252976e-01
7956	9.409283e-01	4.897658e-01	2.656536e-02	3.320670e-02	1.739496e-01	1.733710e-01	2.673142e-01	2.778814e-01
16204	9.696913e-01	5.706585e-01	2.972349e-02	3.715436e-02	1.946289e-01	1.480693e-01	6.443993e-01	7.893866e-01
9467	5.324266e-01	8.771308e-02	3.742222e-02	4.677777e-02	2.450401e-01	1.939404e-01	5.935066e-01	6.356037e-01
26333	5.008013e-01	2.527463e-01	4.004344e-02	5.005430e-02	2.622038e-01	1.151821e-01	4.153746e-01	5.082440e-01
1408	8.724276e-01	7.299140e-01	3.569811e-02	4.462264e-02	2.337507e-01	2.331060e-01	4.668068e-01	7.166783e-01
12767	7.859259e-01	1.296807e-01	2.669185e-02	3.336481e-02	1.747778e-01	1.155483e-01	5.476523e-02	5.198853e-01
6002	3.348365e-01	8.764091e-01	3.005960e-02	3.757450e-02	1.968298e-01	1.726065e-01	2.513355e-01	3.990134e-02
7561	3.886797e-01	6.636345e-01	2.228651e-02	2.785814e-02	1.459318e-01	1.320969e-01	2.013038e-01	5.294480e-01
30147	6.523323e-01	9.594706e-01	3.289232e-02	4.111540e-02	2.153784e-01	1.858338e-01	1.836447e-01	8.935802e-01
11023	8.262174e-01	9.530669e-01	2.524074e-02	3.155093e-02	1.652760e-01	1.605638e-01	6.228338e-02	2.070247e-02
1581	6.075674e-01	5.830717e-01	4.962084e-02	6.202605e-02	3.249165e-01	1.774326e-01	8.272665e-01	7.758422e-01
17838	2.342755e-01	4.017647e-01	2.382175e-02	2.977719e-02	1.559845e-01	1.011825e-01	5.646455e-02	2.555377e-01
16024	8.808771e-02	8.061014e-01	3.679138e-02	4.598923e-02	2.409094e-01	6.400514e-02	5.459816e-01	2.449696e-01
16685	1.801380e-01	5.601455e-01	2.465902e-02	3.082378e-02	1.614669e-01	1.148554e-01	3.988595e-01	8.396254e-01
24359	3.140352e-01	7.654321e-01	2.094706e-02	2.618383e-02	1.371610e-01	1.358318e-01	4.832390e-01	4.184564e-01
10528	3.638922e-02	9.443232e-01	3.422804e-02	4.278505e-02	2.241247e-01	1.707849e-01	5.997371e-01	3.394374e-01
10181	8.949836e-01	1.160111e-01	2.072035e-02	2.590044e-02	1.356766e-01	7.340166e-02	9.414194e-01	8.381572e-01
7923	1.165193e-01	1.228286e-01	2.956481e-02	3.695602e-02	1.935899e-01	1.397796e-01	2.622549e-01	9.155196e-01
27491	4.753174e-01	1.124902e-01	7.100956e-02	8.876195e-02	4.649695e-01	2.979695e-01	5.982056e-01	5.115767e-02
10806	9.499355e-01	5.398458e-01	2.815457e-02	3.519322e-02	1.843557e-01	1.836656e-01	1.970874e-01	7.893864e-01
13162	9.129749e-01	3.552773e-01	3.219409e-02	4.024261e-02	2.108064e-01	1.740104e-01	9.158870e-01	5.123815e-01
28220	5.471197e-01	3.321628e-01	2.824181e-02	3.530226e-02	1.849269e-01	1.841143e-01	3.867831e-02	2.265479e-01
14780	1.263791e-01	7.530697e-01	3.234485e-02	4.043107e-02	2.117936e-01	5.600794e-02	7.236175e-01	7.810955e-01
18952	6.416491e-01	9.129474e-02	4.454904e-02	5.568630e-02	2.917064e-01	2.915423e-01	4.498934e-01	1.308743e-01
24325	2.066354e-01	3.155068e-01	3.638945e-02	4.548681e-02	2.382776e-01	2.381258e-01	7.564136e-01	5.427139e-01
7503	7.581506e-01	5.324421e-01	3.036439e-02	3.795549e-02	1.988255e-01	5.955960e-02	1.776420e-03	4.342368e-01
3752	6.932634e-01	5.785885e-01	2.225845e-02	2.782307e-02	1.457480e-01	1.342775e-01	8.596027e-01	2.204232e-01
16944	9.354458e-02	4.743741e-01	3.474329e-02	4.342911e-02	2.274985e-01	1.003408e-01	2.131430e-01	1.828944e-01
14276	8.730230e-01	2.208015e-01	3.405554e-02	4.256943e-02	2.229952e-01	2.094908e-01	7.547530e-02	1.727879e-01
9412	3.098111e-01	9.289195e-01	3.614680e-02	4.518350e-02	2.366887e-01	2.002470e-01	7.175707e-01	3.415331e-01
24212	4.236123e-01	6.157938e-01	2.823346e-02	3.529183e-02	1.848723e-01	4.897906e-02	7.716949e-01	4.536081e-01
7446	3.919570e-01	5.693084e-01	3.912850e-02	4.891062e-02	2.562128e-01	9.412228e-02	7.346971e-01	4.405936e-01
23647	6.987423e-01	2.598547e-01	4.754488e-02	5.943110e-02	3.113231e-01	2.477655e-01	8.080960e-01	1.056427e-02
537	3.716329e-01	4.997693e-01	3.700411e-02	4.625514e-02	2.423023e-01	2.395003e-01	1.145834e-02	6.625244e-01
25592	6.740193e-01	6.767835e-01	4.590398e-02	5.737997e-02	3.005785e-01	2.992931e-01	4.017836e-01	1.045296e-01
16520	7.291919e-01	1.913188e-01	7.313602e-02	9.142003e-02	4.788935e-01	3.904749e-01	3.317441e-01	3.798344e-01
3006	3.348481e-02	6.979899e-01	2.139416e-02	2.674270e-02	1.400886e-01	1.226279e-01	3.789417e-01	3.952501e-01
28780	7.536671e-01	7.906603e-01	7.174528e-02	8.968160e-02	4.697870e-01	3.065071e-01	9.607799e-01	7.416605e-01
27449	8.161122e-01	6.184896e-01	2.061007e-02	2.576259e-02	1.349544e-01	1.227311e-01	5.813332e-01	6.311941e-01
8835	2.016158e-01	1.352049e-01	7.352284e-02	9.190355e-02	4.814264e-01	3.993175e-01	7.226601e-01	4.854181e-01
958	1.696826e-01	3.660952e-01	2.724819e-02	3.406024e-02	1.784207e-01	1.607902e-01	7.621132e-01	3.619356e-01
17036	6.539848e-01	4.062804e-01	2.249981e-02	2.812476e-02	1.473284e-01	9.568169e-02	5.228794e-01	4.606677e-03
31241	2.124545e-01	8.148978e-01	3.063420e-02	3.829275e-02	2.005922e-01	2.002384e-01	7.952064e-01	2.789068e-01
28210	7.981740e-01	8.491229e-01	2.233402e-02	2.791752e-02	1.462428e-01	7.865044e-02	7.679939e-01	9.899076e-01
11942	2.069113e-01	2.390504e-01	2.876447e-02	3.595559e-02	1.883493e-01	1.189283e-01	2.519130e-01	4.174533e-01
16644	3.236253e-01	3.544432e-01	3.088274e-02	3.860342e-02	2.022197e-01	1.939131e-01	5.740121e-01	4.787579e-02
8992	9.046344e-01	4.815071e-01	3.699114e-02	4.623892e-02	2.422174e-01	2.233456e-01	4.464333e-03	4.404038e-01
23025	1.351558e-01	6.835687e-01	2.747189e-02	3.433987e-02	1.798855e-01	1.507503e-01	8.451931e-01	7.677511e-01
24021	1.624109e-01	4.787763e-02	2.227117e-02	2.783896e-02	1.458313e-01	6.610410e-02	6.652875e-01	6.506936e-01
21502	3.518666e-01	4.874354e-02	2.226766e-02	2.783458e-02	1.458083e-01	8.682315e-02	6.076720e-01	7.724403e-01
10333	2.010619e-01	8.961317e-01	6.919084e-02	8.648854e-02	4.530605e-01	3.951354e-01	9.877223e-02	1.185436e-01
25923	9.223324e-01	1.883873e-01	2.719435e-02	3.399294e-02	1.780682e-01	1.780318e-01	8.804160e-01	1.229647e-01
28932	5.024602e-01	4.942548e-01	2.791686e-02	3.489608e-02	1.827992e-01	1.813511e-01	3.392905e-01	5.098408e-01
30310	4.094371e-01	3.955391e-01	6.669325e-02	8.336656e-02	4.367064e-01	1.770181e-01	7.173757e-01	8.926552e-01
6401	4.525053e-01	8.604518e-01	4.059168e-02	5.073960e-02	2.657937e-01	2.325623e-01	2.017105e-02	4.444342e-01
3872	5.620674e-01	4.067690e-01	3.872841e-02	4.841051e-02	2.535930e-01	2.518955e-01	3.181700e-01	9.341604e-01
11760	4.065968e-01	7.377384e-01	2.919366e-02	3.649208e-02	1.911597e-01	8.716244e-02	7.336119e-01	2.412101e-01
13390	6.769116e-02	2.002314e-01	5.433399e-02	6.791749e-02	3.557781e-01	3.553815e-01	5.359558e-01	4.634024e-01
245	2.653023e-01	3.264914e-01	3.958920e-02	4.948650e-02	2.592295e-01	2.348090e-01	3.511552e-02	6.906284e-02
19593	5.308230e-01	8.195867e-01	2.703462e-02	3.379327e-02	1.770223e-01	1.660092e-01	6.764680e-01	3.682705e-01
