2081	4.488039e-01	4.795924e-02	3.145691e-02	3.932114e-02	2.059794e-01	1.264885e-01	4.945957e-01	2.680736e-01
29290	1.813842e-01	5.455475e-01	2.849429e-02	3.561786e-02	1.865802e-01	1.573812e-01	2.279305e-01	5.616828e-01
18605	3.952147e-01	3.377827e-01	2.899604e-02	3.624505e-02	1.898656e-01	1.840894e-01	8.554619e-01	4.145441e-01
25019	3.884263e-01	8.242100e-01	3.271438e-02	4.089298e-02	2.142133e-01	1.833731e-01	8.283294e-01	9.208018e-01
22232	7.205278e-01	1.985267e-01	3.691140e-02	4.613925e-02	2.416953e-01	2.213392e-01	4.581828e-01	7.191490e-01
29655	4.209795e-01	7.846755e-01	6.759612e-02	8.449514e-02	4.426183e-01	3.183123e-01	2.323200e-01	1.621723e-01
16504	1.514365e-01	5.746002e-01	4.776267e-02	5.970334e-02	3.127492e-01	1.146227e-01	6.910768e-01	6.071758e-01
20582	8.955150e-01	2.297572e-01	5.299293e-02	6.624116e-02	3.469969e-01	3.159824e-01	6.026249e-02	3.659382e-01
20395	7.741370e-02	1.252867e-01	3.665435e-02	4.581793e-02	2.400121e-01	1.056675e-01	2.981956e-01	1.914699e-01
21150	2.950963e-01	4.310262e-01	2.541459e-02	3.176824e-02	1.664143e-01	1.419147e-01	2.512116e-01	3.109199e-01
29644	1.004753e-01	9.275697e-02	2.382957e-02	2.978696e-02	1.560357e-01	1.313876e-01	1.760805e-01	6.829073e-01
25962	6.095027e-01	3.822888e-01	2.811807e-02	3.514759e-02	1.841167e-01	1.487082e-01	5.421356e-01	4.111769e-01
12044	3.822111e-01	5.598694e-01	2.173820e-02	2.717275e-02	1.423414e-01	1.383335e-01	1.646014e-01	2.329337e-01
13132	8.819273e-01	8.255870e-01	2.347782e-02	2.934728e-02	1.537324e-01	4.857443e-02	6.036444e-01	4.768135e-01
14937	1.309367e-01	7.841581e-01	3.891408e-02	4.864260e-02	2.548088e-01	1.562443e-01	2.603103e-02	6.552817e-01
17942	3.381529e-01	2.455627e-01	3.009941e-02	3.762426e-02	1.970904e-01	1.792836e-01	6.744489e-01	6.923430e-01
28136	2.692171e-01	8.870888e-01	5.077435e-02	6.346794e-02	3.324697e-01	3.187027e-01	4.654814e-01	2.426674e-01
11336	4.573648e-01	3.875541e-01	2.224542e-02	2.780677e-02	1.456626e-01	6.203554e-02	6.789439e-01	8.219510e-01
2715	5.101238e-01	8.464033e-01	3.037870e-02	3.797338e-02	1.989193e-01	1.704445e-01	9.350247e-01	2.384816e-01
3248	3.822416e-01	7.330797e-01	4.285115e-02	5.356394e-02	2.805887e-01	2.071943e-01	2.448462e-01	1.500968e-01
2095	6.260438e-01	6.690728e-01	2.925506e-02	3.656883e-02	1.915617e-01	6.237960e-02	2.802358e-01	1.455071e-01
11574	5.864402e-01	6.016180e-01	5.034785e-02	6.293482e-02	3.296770e-01	2.675543e-01	5.628022e-01	5.997922e-01
26800	1.237051e-01	4.933719e-01	2.796862e-02	3.496077e-02	1.831381e-01	1.295423e-01	8.506952e-01	1.980976e-01
30342	8.255369e-01	5.451977e-01	5.489884e-02	6.862355e-02	3.594768e-01	1.441906e-01	7.862702e-01	8.856057e-01
24807	5.409014e-01	8.406515e-01	2.230802e-02	2.788503e-02	1.460726e-01	1.188541e-01	7.468348e-01	1.190418e-01
148	9.031931e-01	5.519732e-01	2.201396e-02	2.751745e-02	1.441471e-01	1.315357e-01	1.182894e-01	5.302354e-01
21289	4.722784e-01	2.738142e-01	5.285060e-02	6.606325e-02	3.460649e-01	1.929312e-01	6.727648e-01	9.090250e-01
16957	8.338738e-01	8.694799e-01	3.523138e-02	4.403923e-02	2.306945e-01	9.532826e-02	8.903417e-01	5.664310e-01
22830	7.583871e-01	5.791899e-01	4.432266e-02	5.540332e-02	2.902241e-01	1.051921e-01	3.281850e-01	3.149730e-01
27316	2.604878e-01	6.686905e-01	4.134914e-02	5.168643e-02	2.707535e-01	2.560648e-01	1.641993e-01	3.939824e-01
24576	7.901338e-01	1.556536e-01	2.721779e-02	3.402224e-02	1.782217e-01	1.574747e-01	2.604593e-01	2.098310e-01
12740	8.437107e-01	6.179815e-01	2.062511e-02	2.578138e-02	1.350529e-01	7.147673e-02	2.169202e-01	4.814694e-01
21081	5.253107e-01	6.697626e-01	2.881767e-02	3.602209e-02	1.886977e-01	1.744928e-01	3.108068e-01	5.676840e-01
15907	6.693700e-01	1.007942e-01	2.391143e-02	2.988928e-02	1.565716e-01	1.563079e-01	7.997121e-01	4.490075e-01
10063	8.923572e-01	1.556117e-01	2.732524e-02	3.415656e-02	1.789253e-01	7.483050e-02	8.136179e-02	7.665224e-01
27819	1.554914e-01	4.857125e-01	2.449811e-02	3.062263e-02	1.604132e-01	8.233134e-02	8.641987e-01	2.128585e-01
31062	2.153087e-01	6.657296e-01	2.146422e-02	2.683027e-02	1.405474e-01	1.323458e-01	2.565848e-01	4.782671e-01
4866	4.078574e-01	2.800109e-01	5.920232e-02	7.400290e-02	3.876559e-01	3.256794e-01	7.111392e-02	6.545784e-01
20241	3.172675e-01	5.039708e-01	2.064431e-02	2.580539e-02	1.351786e-01	1.259991e-01	9.924751e-01	4.143398e-01
19977	2.551361e-01	9.622344e-01	2.604983e-02	3.256228e-02	1.705739e-01	1.554564e-01	6.764760e-01	6.824803e-01
17153	9.233120e-01	4.600822e-01	3.917907e-02	4.897384e-02	2.565440e-01	2.061879e-01	5.910746e-01	7.534994e-01
19358	2.329887e-01	5.101086e-01	2.937446e-02	3.671808e-02	1.923435e-01	7.352611e-02	9.962800e-01	1.823181e-03
1650	8.416703e-01	2.247610e-01	2.333841e-02	2.917301e-02	1.528195e-01	1.520737e-01	6.710448e-01	6.905844e-02
757	9.051137e-01	9.288020e-01	2.237477e-02	2.796846e-02	1.465096e-01	6.676087e-02	9.035326e-01	8.650538e-01
26690	7.758076e-01	6.470451e-01	4.464901e-02	5.581127e-02	2.923611e-01	2.542601e-01	2.633464e-01	2.843344e-02
10309	7.559076e-01	3.991557e-01	2.289251e-02	2.861563e-02	1.498998e-01	1.315667e-01	8.625577e-01	3.765188e-01
10362	8.622428e-01	1.716016e-01	2.123210e-02	2.654013e-02	1.390275e-01	7.033388e-02	8.421648e-01	3.534500e-01
32275	7.448800e-01	3.122025e-01	2.352181e-02	2.940227e-02	1.540205e-01	1.297512e-01	3.193300e-01	8.398917e-01
3956	9.295299e-01	5.110829e-02	2.522220e-02	3.152775e-02	1.651546e-01	1.006781e-01	3.957878e-01	4.691743e-01
29742	7.467263e-01	8.408381e-01	4.377190e-02	5.471487e-02	2.866177e-01	2.470404e-01	9.790129e-01	2.220461e-01
1219	4.459404e-01	5.149377e-01	2.743466e-02	3.429333e-02	1.796418e-01	7.009003e-02	9.875636e-01	8.563171e-01
12758	3.086992e-01	2.077347e-01	2.327367e-02	2.909208e-02	1.523956e-01	4.088554e-02	6.310219e-01	1.391474e-01
22188	4.291274e-01	4.015370e-01	2.888719e-02	3.610899e-02	1.891529e-01	1.853315e-01	3.849744e-01	7.605436e-01
7155	5.109621e-02	8.944679e-01	3.639297e-02	4.549122e-02	2.383006e-01	1.888084e-01	6.152936e-02	5.041325e-01
25353	5.719795e-01	8.600432e-02	2.231535e-02	2.789418e-02	1.461205e-01	6.923105e-02	6.652030e-01	8.568476e-01
24283	7.273752e-01	5.425132e-01	2.959970e-02	3.699962e-02	1.938184e-01	1.786412e-01	6.347240e-01	7.182359e-01
13809	6.247832e-01	1.663019e-01	2.666077e-02	3.332597e-02	1.745743e-01	1.687815e-01	5.081790e-01	6.273677e-01
32214	5.235812e-01	6.331585e-01	2.226572e-02	2.783215e-02	1.457956e-01	5.549168e-02	5.947467e-01	7.838716e-01
3407	8.215161e-01	5.009943e-01	4.270448e-02	5.338060e-02	2.796283e-01	1.179997e-01	6.096555e-01	4.823735e-01
2368	4.212755e-01	1.753827e-01	2.472495e-02	3.090619e-02	1.618986e-01	1.437991e-01	1.340617e-01	7.590798e-01
17833	5.165992e-01	4.514145e-01	3.340489e-02	4.175611e-02	2.187347e-01	2.160242e-01	4.696697e-01	6.791717e-02
14923	7.015750e-01	3.590455e-01	3.177994e-02	3.972492e-02	2.080945e-01	1.088021e-01	6.405614e-01	2.512528e-01
15236	4.533739e-01	6.717738e-01	2.260806e-02	2.826008e-02	1.480372e-01	4.742505e-02	7.754624e-02	1.743100e-01
4114	9.888307e-02	7.525068e-01	3.086632e-02	3.858290e-02	2.021122e-01	2.004772e-01	4.428328e-01	9.068012e-02
6424	8.934219e-01	5.020443e-01	2.086024e-02	2.607531e-02	1.365926e-01	8.793398e-02	9.889672e-01	6.794242e-01
25639	1.204412e-01	3.803095e-01	6.983027e-02	8.728784e-02	4.572475e-01	3.164748e-01	5.847654e-01	5.974961e-02
25201	2.971307e-01	8.017058e-01	2.082696e-02	2.603370e-02	1.363746e-01	1.360187e-01	2.038505e-01	4.220612e-01
11760	4.790020e-02	2.978976e-01	3.060908e-02	3.826135e-02	2.004278e-01	1.991634e-01	2.412615e-01	8.549606e-01
20803	6.754868e-01	1.881444e-01	2.621185e-02	3.276482e-02	1.716348e-01	5.493102e-02	7.570751e-01	1.520855e-01
30205	1.969636e-01	6.986122e-01	3.126135e-02	3.907669e-02	2.046988e-01	5.723511e-02	3.203489e-01	4.145417e-01
30819	3.298167e-01	9.216150e-01	3.111193e-02	3.888991e-02	2.037204e-01	2.036000e-01	4.412075e-01	7.059634e-02
4069	3.734627e-01	8.926006e-01	2.078154e-02	2.597693e-02	1.360772e-01	1.296455e-01	7.397672e-01	5.500745e-01
32497	7.859190e-01	7.923424e-01	6.374754e-02	7.968442e-02	4.174179e-01	3.285987e-01	2.892105e-01	8.103998e-01
14856	1.685552e-01	2.067997e-01	2.862266e-02	3.577832e-02	1.874207e-01	1.762274e-01	1.576561e-02	8.086613e-01
8307	2.313717e-01	1.557198e-01	5.820946e-02	7.276182e-02	3.811546e-01	1.461160e-01	2.535920e-01	4.039349e-01
24747	8.672449e-01	9.497875e-01	2.925849e-02	3.657311e-02	1.915841e-01	1.897867e-01	5.950203e-01	6.701196e-01
23113	5.482259e-01	6.394109e-02	3.029506e-02	3.786882e-02	1.983716e-01	1.228589e-01	5.764252e-01	2.751200e-01
18000	8.160788e-01	7.213509e-01	4.439573e-02	5.549466e-02	2.907025e-01	2.574559e-01	8.675172e-01	3.393974e-01
19676	3.261298e-01	2.969881e-01	3.950955e-02	4.938694e-02	2.587079e-01	2.226765e-01	7.233116e-02	6.530196e-01
22069	5.608331e-01	2.518827e-01	2.647066e-02	3.308832e-02	1.733294e-01	9.496982e-02	6.907836e-01	7.564195e-01
