11716	1.281332e-01	9.036998e-01	3.174345e-02	3.967931e-02	2.078556e-01	7.337112e-02	6.400933e-01	8.003596e-01
14004	6.263804e-02	6.289129e-01	2.922130e-02	3.652662e-02	1.913406e-01	1.558954e-01	1.477611e-01	4.313945e-02
8412	6.911634e-01	7.805601e-01	4.625355e-02	5.781694e-02	3.028675e-01	2.621767e-01	9.745202e-01	5.536330e-01
20085	1.942473e-01	3.986342e-01	7.549581e-02	9.436976e-02	4.943454e-01	4.702642e-01	5.736516e-01	5.640415e-01
20430	5.044596e-01	8.589463e-01	5.842863e-02	7.303578e-02	3.825897e-01	3.638526e-01	7.091035e-01	8.683660e-02
16400	3.600388e-01	4.307762e-01	2.381199e-02	2.976499e-02	1.559205e-01	1.244220e-01	2.666720e-01	5.065936e-01
1352	8.614690e-01	9.107654e-02	2.502687e-02	3.128358e-02	1.638755e-01	1.194079e-01	4.228406e-01	9.066775e-01
26327	4.540471e-01	5.604237e-01	2.212043e-02	2.765054e-02	1.448443e-01	1.415915e-01	5.186770e-01	2.481997e-01
19313	9.274145e-01	5.755156e-01	3.091179e-02	3.863974e-02	2.024099e-01	2.008012e-01	6.110528e-01	9.604683e-01
23847	6.965618e-01	4.281273e-01	7.330560e-02	9.163200e-02	4.800039e-01	4.713276e-01	3.900650e-02	5.588551e-01
1460	1.221330e-01	1.962981e-01	4.428881e-02	5.536101e-02	2.900024e-01	1.289689e-01	4.734565e-01	6.716567e-01
17765	9.593287e-01	7.216744e-01	3.037878e-02	3.797348e-02	1.989198e-01	5.226520e-02	6.921859e-01	9.262067e-01
21650	5.164018e-01	7.354650e-01	4.461340e-02	5.576675e-02	2.921278e-01	2.857716e-01	2.839082e-01	6.669001e-01
13029	4.996521e-01	5.783835e-01	6.093313e-02	7.616641e-02	3.989892e-01	1.333181e-01	3.054968e-01	4.614834e-01
22814	7.764725e-01	7.380098e-01	2.601924e-02	3.252405e-02	1.703736e-01	7.569907e-02	6.958500e-01	7.838524e-01
11920	3.236582e-01	8.096077e-01	4.263722e-02	5.329653e-02	2.791879e-01	1.014091e-01	9.408975e-01	6.107942e-01
21355	3.106729e-01	5.373965e-01	2.313401e-02	2.891751e-02	1.514811e-01	1.098110e-01	1.097246e-01	2.044381e-01
23986	1.668891e-01	7.146763e-01	7.583078e-02	9.478848e-02	4.965388e-01	4.885132e-01	6.640815e-01	2.305635e-01
24214	7.147800e-01	2.267748e-01	2.132440e-02	2.665550e-02	1.396318e-01	1.049276e-01	2.712385e-01	6.638881e-01
21458	5.573344e-02	1.040757e-01	2.199078e-02	2.748848e-02	1.439953e-01	8.030244e-02	3.495067e-01	5.049601e-01
2835	3.534487e-01	7.035176e-01	2.778805e-02	3.473506e-02	1.819557e-01	1.768184e-01	3.732935e-01	7.136742e-01
23392	9.492934e-01	8.126433e-02	4.222056e-02	5.277570e-02	2.764596e-01	2.382647e-01	8.494521e-01	9.876496e-01
26902	5.634780e-01	6.599706e-01	2.577531e-02	3.221914e-02	1.687763e-01	9.100791e-02	4.561801e-01	2.677685e-01
24206	5.864869e-01	8.985257e-01	2.851628e-02	3.564535e-02	1.867241e-01	6.040114e-02	9.088883e-01	9.322230e-01
11960	5.095011e-01	4.456997e-01	2.734441e-02	3.418052e-02	1.790508e-01	1.766861e-01	3.059288e-01	3.858250e-01
28059	3.704055e-01	8.171248e-01	2.120604e-02	2.650755e-02	1.388568e-01	1.383336e-01	2.450659e-02	6.614153e-02
317	4.690540e-01	9.118930e-01	3.466794e-02	4.333493e-02	2.270051e-01	1.314956e-01	1.014268e-01	3.172469e-01
23847	6.277166e-01	4.850495e-01	3.049909e-02	3.812386e-02	1.997076e-01	1.828105e-01	2.452560e-01	1.119848e-01
5049	8.755355e-01	7.846296e-01	5.615803e-02	7.019754e-02	3.677219e-01	2.855566e-01	5.436906e-02	1.330385e-01
12349	7.804288e-01	1.018850e-01	3.583561e-02	4.479452e-02	2.346510e-01	2.247804e-01	1.463175e-02	5.928167e-01
10853	3.519085e-01	1.710038e-01	6.594041e-02	8.242551e-02	4.317768e-01	3.151760e-01	2.497687e-01	5.041914e-01
30868	8.967062e-01	6.255137e-01	4.309694e-02	5.387118e-02	2.821981e-01	2.580315e-01	8.303065e-01	4.722624e-01
21498	5.574609e-01	4.264986e-01	6.373657e-02	7.967071e-02	4.173461e-01	1.960509e-01	8.406570e-01	3.744300e-01
31027	1.421860e-01	8.050564e-01	3.566964e-02	4.458705e-02	2.335642e-01	1.651474e-01	2.322739e-01	3.803410e-01
30469	6.188550e-01	1.729944e-01	3.609228e-02	4.511536e-02	2.363317e-01	7.834767e-02	4.494867e-01	9.805235e-01
26411	7.280159e-01	5.523285e-01	3.608416e-02	4.510520e-02	2.362785e-01	2.151171e-01	9.122161e-01	7.840190e-01
31241	7.999334e-01	9.144400e-01	4.321487e-02	5.401859e-02	2.829703e-01	1.296286e-01	5.931821e-01	4.995677e-01
18548	4.712873e-01	9.880753e-02	2.923069e-02	3.653837e-02	1.914021e-01	1.527799e-01	6.174233e-01	1.736283e-01
20560	3.054846e-01	7.486794e-01	4.915928e-02	6.144909e-02	3.218942e-01	1.172994e-01	8.759022e-01	6.922539e-01
26170	7.825619e-01	1.835048e-01	2.060080e-02	2.575100e-02	1.348937e-01	6.801207e-02	7.054968e-01	6.103288e-02
26577	2.601769e-01	7.399150e-01	3.052848e-02	3.816060e-02	1.999000e-01	1.977049e-01	3.608447e-01	5.384765e-01
31191	5.445503e-01	3.749339e-01	2.782050e-02	3.477563e-02	1.821682e-01	1.815849e-01	7.562728e-01	2.124897e-01
29915	8.097401e-01	5.487356e-01	2.087391e-02	2.609239e-02	1.366820e-01	6.218418e-02	1.686383e-01	1.177951e-01
18198	1.113667e-01	4.978242e-01	4.672108e-02	5.840135e-02	3.059289e-01	1.783144e-01	3.659541e-01	5.127516e-01
16090	4.019905e-01	7.281935e-01	2.180967e-02	2.726209e-02	1.428094e-01	8.306312e-02	9.203345e-01	1.423036e-01
17425	7.957344e-01	5.724005e-01	2.906180e-02	3.632725e-02	1.902962e-01	1.590908e-01	2.361082e-01	5.931757e-01
3508	6.537869e-01	8.550770e-01	5.927866e-02	7.409833e-02	3.881558e-01	3.762864e-01	9.948027e-01	4.063560e-01
26504	3.458879e-01	2.766652e-01	2.709427e-02	3.386784e-02	1.774129e-01	6.163743e-02	3.487908e-02	2.640402e-01
7076	6.227872e-01	3.898881e-01	2.443484e-02	3.054355e-02	1.599990e-01	1.476891e-01	6.964148e-01	1.339544e-02
29717	2.120201e-01	2.916331e-01	2.234610e-02	2.793263e-02	1.463219e-01	1.251580e-01	3.838710e-01	9.318112e-03
1554	7.770838e-01	8.363177e-01	2.393929e-02	2.992411e-02	1.567541e-01	5.717491e-02	3.594660e-01	9.875253e-01
8796	2.383142e-01	2.563738e-01	4.032093e-02	5.040116e-02	2.640208e-01	1.122410e-01	7.380840e-01	4.545097e-01
11865	5.921287e-01	1.700103e-01	2.756877e-02	3.446096e-02	1.805198e-01	1.547451e-01	2.903521e-01	8.380194e-02
8164	2.829173e-01	5.610209e-01	2.751784e-02	3.439729e-02	1.801864e-01	1.788628e-01	7.334842e-01	2.138139e-01
28144	7.011838e-02	3.498359e-01	6.948048e-02	8.685060e-02	4.549571e-01	3.895869e-01	5.625414e-01	2.552953e-01
31796	3.436485e-02	7.254633e-01	2.963108e-02	3.703885e-02	1.940239e-01	1.458027e-01	7.716878e-01	5.688492e-01
7089	2.742512e-01	2.697629e-01	5.702075e-02	7.127594e-02	3.733710e-01	1.016662e-01	4.005152e-01	7.486442e-01
25168	2.139498e-01	5.015711e-01	3.351168e-02	4.188960e-02	2.194340e-01	6.536701e-02	3.633755e-04	8.211845e-02
23903	9.329106e-01	9.329812e-01	3.865406e-02	4.831757e-02	2.531062e-01	2.303379e-01	4.916214e-01	5.364574e-01
25927	4.882123e-01	3.422154e-01	3.578764e-02	4.473455e-02	2.343369e-01	2.139529e-01	8.123532e-01	6.128101e-01
17966	2.952729e-01	7.046817e-01	2.553464e-02	3.191830e-02	1.672004e-01	5.209250e-02	8.777749e-01	7.191322e-01
15493	1.372358e-01	9.543032e-01	3.779686e-02	4.724608e-02	2.474933e-01	1.483484e-01	4.255344e-01	4.413025e-01
24693	7.855566e-02	5.894074e-01	3.031197e-02	3.788997e-02	1.984823e-01	1.190128e-01	8.263331e-01	3.681589e-01
13319	7.291365e-01	8.868658e-01	6.174116e-02	7.717644e-02	4.042801e-01	2.979038e-01	8.407888e-01	7.907069e-01
9981	6.344441e-01	5.420990e-01	2.974450e-02	3.718063e-02	1.947665e-01	1.531790e-01	2.922219e-01	5.056015e-01
21305	6.515922e-01	3.434616e-01	2.764140e-02	3.455174e-02	1.809954e-01	1.507670e-01	5.518738e-01	3.482636e-01
22523	8.702472e-01	5.081182e-01	2.838072e-02	3.547590e-02	1.858365e-01	1.471779e-01	4.153195e-01	6.253972e-01
12132	5.755786e-01	5.164362e-02	2.334489e-02	2.918112e-02	1.528620e-01	9.010430e-02	7.794049e-01	7.107153e-03
30675	2.536869e-01	8.812670e-01	2.777445e-02	3.471806e-02	1.818666e-01	1.788057e-01	1.824979e-01	4.622532e-01
19715	9.692309e-01	2.361492e-01	3.121770e-02	3.902212e-02	2.044130e-01	1.732250e-01	3.229088e-01	2.752120e-01
1829	4.419147e-01	5.583195e-02	4.850574e-02	6.063218e-02	3.176149e-01	2.958869e-01	7.270563e-01	6.026936e-01
1701	5.030769e-01	1.992879e-01	2.532818e-02	3.166023e-02	1.658485e-01	1.015982e-01	2.205710e-01	9.551812e-01
21874	4.252422e-01	5.221559e-01	2.210082e-02	2.762603e-02	1.447158e-01	1.352277e-01	2.098310e-01	7.657275e-01
28533	7.895061e-01	4.190391e-01	3.545263e-02	4.431579e-02	2.321433e-01	9.553502e-02	3.492264e-01	4.802167e-01
