22269	7.755129e-01	5.836571e-01	5.133649e-02	6.417061e-02	3.361505e-01	2.696296e-01	4.908203e-01	9.634179e-01
13812	6.708283e-01	7.916121e-01	2.496127e-02	3.120158e-02	1.634460e-01	1.338150e-01	1.897147e-01	3.206669e-01
30147	5.077908e-01	4.039391e-01	7.780041e-02	9.725051e-02	5.094359e-01	4.571177e-01	5.325282e-01	2.140226e-01
30561	6.184903e-01	8.387616e-01	2.485134e-02	3.106418e-02	1.627262e-01	1.555552e-01	8.370363e-01	5.463821e-01
31125	5.854343e-01	8.527953e-01	3.044701e-02	3.805877e-02	1.993666e-01	8.050253e-02	1.273614e-02	3.020406e-01
15423	8.295177e-02	7.482084e-02	4.985394e-02	6.231742e-02	3.264428e-01	2.368969e-01	9.954056e-01	3.296098e-01
28265	3.608525e-01	5.543352e-01	2.280001e-02	2.850001e-02	1.492941e-01	1.186650e-01	6.895157e-01	2.974537e-01
29219	6.996584e-01	4.876682e-01	7.849552e-02	9.811940e-02	5.139874e-01	4.466690e-01	1.129543e-01	7.942808e-01
844	6.134946e-01	6.565865e-01	3.290922e-02	4.113653e-02	2.154891e-01	8.760581e-02	8.469288e-01	1.480085e-01
1458	3.192398e-01	6.343258e-01	2.784450e-02	3.480562e-02	1.823253e-01	1.814578e-01	3.898583e-01	3.724783e-01
16866	1.806480e-01	3.911847e-01	2.114859e-02	2.643573e-02	1.384806e-01	6.628225e-02	4.253347e-01	2.354689e-01
18313	8.357368e-01	3.386373e-01	2.362087e-02	2.952609e-02	1.546691e-01	9.187693e-02	8.664129e-01	6.057053e-01
26023	7.817927e-01	8.483196e-01	2.898580e-02	3.623225e-02	1.897986e-01	1.888123e-01	6.711038e-01	5.640857e-01
22138	2.764117e-01	3.687338e-01	5.686895e-02	7.108619e-02	3.723770e-01	3.720783e-01	9.224389e-01	1.892570e-01
7265	1.884922e-01	5.256706e-01	2.286902e-02	2.858628e-02	1.497460e-01	1.433542e-01	9.578440e-01	5.521681e-01
12867	2.314116e-01	2.912790e-01	3.424701e-02	4.280876e-02	2.242489e-01	2.153758e-01	1.967106e-01	5.215270e-01
3059	7.852174e-01	4.897500e-01	2.865953e-02	3.582442e-02	1.876622e-01	1.275277e-01	8.710398e-02	7.009358e-01
18243	1.754047e-01	8.556228e-01	2.318741e-02	2.898426e-02	1.518308e-01	1.495016e-01	1.889134e-01	3.134820e-01
29079	3.481314e-02	8.617203e-01	2.349479e-02	2.936848e-02	1.538435e-01	9.479554e-02	3.106853e-01	8.130982e-01
16639	6.311559e-01	2.990303e-01	5.960600e-02	7.450750e-02	3.902992e-01	2.419975e-01	5.337235e-02	4.887584e-01
2929	1.497029e-01	6.986114e-01	2.576442e-02	3.220553e-02	1.687050e-01	6.513784e-02	2.239846e-02	2.318415e-01
6598	2.608242e-01	7.066702e-01	5.934719e-02	7.418398e-02	3.886045e-01	3.785655e-01	5.699472e-01	4.214796e-01
15237	6.939946e-01	5.609670e-01	2.143715e-02	2.679644e-02	1.403701e-01	1.304448e-01	7.927514e-02	1.475662e-01
18781	7.298960e-01	3.448080e-01	2.241187e-02	2.801483e-02	1.467526e-01	5.504518e-02	1.218694e-01	7.389308e-01
12202	8.377032e-01	2.685505e-01	2.444077e-02	3.055097e-02	1.600378e-01	1.375325e-01	3.694847e-01	8.870488e-01
2243	1.729233e-01	9.256818e-01	3.200671e-02	4.000839e-02	2.095794e-01	1.862458e-01	7.300449e-01	4.096732e-01
23	3.561758e-01	8.139439e-01	2.480865e-02	3.101081e-02	1.624466e-01	1.256838e-01	7.270227e-01	3.512482e-01
20833	3.495644e-01	8.546649e-01	5.160782e-02	6.450978e-02	3.379272e-01	1.320095e-01	1.012387e-01	7.193486e-01
20074	4.756415e-01	4.528733e-02	4.022556e-02	5.028194e-02	2.633963e-01	2.542033e-01	5.756142e-01	3.095671e-02
30987	4.468580e-01	2.392565e-01	5.480877e-02	6.851096e-02	3.588870e-01	2.622880e-01	6.318659e-01	5.466578e-01
25627	3.800518e-01	7.226257e-01	3.335664e-02	4.169580e-02	2.184188e-01	2.040834e-01	3.782078e-02	2.291135e-01
12775	6.724924e-02	2.607942e-01	3.130684e-02	3.913356e-02	2.049967e-01	1.651788e-01	2.311435e-01	1.926443e-01
21464	7.972395e-01	4.495846e-01	3.562716e-02	4.453395e-02	2.332861e-01	2.084246e-01	8.697442e-01	9.987751e-01
3102	2.458510e-01	1.967923e-01	2.955250e-02	3.694063e-02	1.935093e-01	1.928122e-01	6.171949e-01	1.727167e-01
30029	8.183961e-02	1.964554e-01	4.131367e-02	5.164208e-02	2.705213e-01	7.841799e-02	1.161035e-01	9.478440e-01
24759	7.218942e-01	9.646827e-01	2.500874e-02	3.126092e-02	1.637568e-01	1.547740e-01	3.480530e-01	2.972539e-01
19789	5.835127e-01	3.624261e-01	2.205976e-02	2.757470e-02	1.444470e-01	1.264575e-01	1.438350e-01	5.664085e-02
9518	2.940145e-01	5.751246e-01	4.645716e-02	5.807145e-02	3.042008e-01	2.354435e-01	2.078739e-01	1.513343e-01
1166	3.780198e-01	2.141114e-01	2.245663e-02	2.807078e-02	1.470456e-01	1.055223e-01	4.871968e-01	6.944694e-01
25961	4.767548e-01	8.078157e-01	2.413079e-02	3.016349e-02	1.580081e-01	8.725392e-02	1.056995e-01	9.570536e-01
8094	2.115492e-01	8.136364e-01	3.963080e-02	4.953849e-02	2.595018e-01	1.902769e-01	2.971918e-01	5.094342e-01
2985	3.317709e-01	4.195853e-01	3.599749e-02	4.499686e-02	2.357110e-01	7.769595e-02	7.962131e-01	7.419150e-01
29081	9.640095e-01	7.968879e-01	3.082525e-02	3.853156e-02	2.018433e-01	1.689176e-01	5.421401e-01	4.584093e-01
20672	3.420238e-01	9.270764e-01	3.261067e-02	4.076333e-02	2.135341e-01	1.386802e-01	6.437006e-01	8.256848e-01
21987	6.450103e-01	6.043697e-01	4.857307e-02	6.071634e-02	3.180557e-01	1.240814e-01	1.877767e-01	4.479586e-01
28837	1.944859e-01	6.982704e-02	2.276966e-02	2.846207e-02	1.490954e-01	7.425114e-02	4.787284e-02	9.842927e-02
12534	7.075202e-01	1.979462e-01	2.161679e-02	2.702099e-02	1.415464e-01	1.136836e-01	9.057519e-01	2.805015e-01
3487	3.466393e-01	4.912623e-02	3.027598e-02	3.784497e-02	1.982466e-01	5.384355e-02	5.591882e-01	7.702196e-01
31855	9.468747e-01	1.645417e-01	2.895219e-02	3.619023e-02	1.895785e-01	1.079277e-01	6.415561e-01	9.483820e-01
17058	1.605486e-01	1.854851e-01	2.129316e-02	2.661644e-02	1.394273e-01	9.820394e-02	1.153750e-02	1.930023e-01
27214	1.320040e-01	4.102756e-01	2.424952e-02	3.031190e-02	1.587855e-01	1.290041e-01	9.612303e-01	7.914921e-01
23941	2.060734e-01	1.121513e-01	2.416966e-02	3.021207e-02	1.582625e-01	7.594976e-02	3.346037e-01	7.390237e-01
31264	6.132896e-01	2.077077e-01	3.463945e-02	4.329931e-02	2.268186e-01	2.261294e-01	6.339935e-01	9.176774e-01
27629	9.568767e-01	6.521798e-01	2.546789e-02	3.183486e-02	1.667633e-01	7.106121e-02	7.562350e-01	8.305206e-01
17720	4.402068e-01	5.726567e-01	2.194372e-02	2.742965e-02	1.436871e-01	5.591633e-02	9.240466e-01	2.229116e-01
17598	8.632702e-01	2.888317e-01	2.739663e-02	3.424578e-02	1.793927e-01	1.250727e-01	7.399953e-01	7.074178e-01
28543	3.596682e-01	3.682977e-01	5.805441e-02	7.256801e-02	3.801394e-01	3.042089e-01	1.624726e-01	8.742650e-01
7016	8.817490e-01	1.362521e-01	4.706471e-02	5.883089e-02	3.081790e-01	2.441522e-01	6.423824e-02	4.802093e-01
18794	1.284382e-01	3.614760e-01	2.497441e-02	3.121801e-02	1.635320e-01	1.528573e-01	8.862540e-02	2.227000e-01
12430	4.015017e-01	1.162356e-01	5.890871e-02	7.363589e-02	3.857333e-01	2.876621e-01	1.532397e-01	1.759470e-01
18781	5.865763e-01	1.028986e-01	5.518214e-02	6.897767e-02	3.613318e-01	1.392012e-01	2.256971e-01	8.927314e-01
21559	5.998276e-01	5.012138e-01	3.865772e-02	4.832215e-02	2.531301e-01	1.633517e-01	7.407277e-01	4.345293e-01
21116	1.906186e-01	2.626550e-01	4.367942e-02	5.459928e-02	2.860122e-01	2.085482e-01	1.043907e-01	4.213014e-01
21481	6.962831e-01	3.226224e-01	3.813160e-02	4.766451e-02	2.496852e-01	9.941315e-02	3.472321e-01	1.523925e-01
1374	6.339240e-01	7.694155e-01	2.476503e-02	3.095629e-02	1.621610e-01	1.511648e-01	8.655941e-01	7.794445e-02
1883	8.835656e-01	9.370152e-01	2.120335e-02	2.650418e-02	1.388392e-01	3.807336e-02	1.805026e-02	7.804987e-01
11809	1.451088e-01	5.009596e-01	2.159948e-02	2.699935e-02	1.414331e-01	1.379030e-01	5.089478e-01	4.643574e-01
188	1.055283e-01	9.084445e-01	4.128726e-02	5.160907e-02	2.703483e-01	1.239356e-01	8.884964e-01	6.431260e-01
28453	1.430399e-01	6.016084e-01	2.587840e-02	3.234800e-02	1.694514e-01	8.440922e-02	9.686123e-01	1.960569e-01
13470	9.072699e-01	4.927558e-01	4.035981e-02	5.044976e-02	2.642754e-01	1.247754e-01	5.267509e-01	1.713964e-01
