3615	8.540560e-01	8.672455e-01	3.269858e-02	4.087323e-02	2.141098e-01	1.205416e-01	1.567765e-01	1.102644e-01
22101	7.874536e-01	4.170582e-01	2.379604e-02	2.974505e-02	1.558161e-01	1.556654e-01	1.823677e-01	1.749183e-01
1921	1.652269e-01	7.247394e-01	4.522554e-02	5.653192e-02	2.961361e-01	2.197625e-01	6.140042e-01	8.798720e-01
31096	3.521315e-01	8.241224e-01	6.516087e-02	8.145109e-02	4.266724e-01	3.786980e-01	8.445155e-02	1.367780e-01
28459	8.412525e-01	4.396890e-01	2.531740e-02	3.164675e-02	1.657780e-01	1.543281e-01	5.530348e-02	5.625567e-01
14522	6.901877e-01	7.615255e-01	3.104855e-02	3.881069e-02	2.033054e-01	1.770951e-01	2.809800e-01	3.741041e-01
24814	3.368413e-01	8.959041e-01	2.766389e-02	3.457986e-02	1.811427e-01	7.367659e-02	7.156505e-01	5.918176e-01
14187	2.747476e-01	3.480016e-01	3.135961e-02	3.919951e-02	2.053422e-01	2.045891e-01	1.292734e-02	1.515970e-01
28247	3.736790e-01	4.868963e-01	2.586151e-02	3.232688e-02	1.693407e-01	1.659177e-01	7.773257e-01	6.388370e-01
1231	8.501258e-01	7.733665e-01	2.229962e-02	2.787453e-02	1.460176e-01	1.111330e-01	9.886924e-01	9.035126e-01
18085	7.461775e-01	6.981216e-02	5.302750e-02	6.628437e-02	3.472232e-01	2.706783e-01	7.803414e-01	7.859787e-01
25930	4.500151e-01	3.613712e-01	2.893649e-02	3.617061e-02	1.894757e-01	8.403992e-02	2.824904e-01	9.836715e-02
4881	4.770586e-01	6.801734e-01	5.321863e-02	6.652329e-02	3.484748e-01	3.057120e-01	1.305444e-01	3.207275e-01
29830	6.378402e-01	7.123932e-02	2.056303e-02	2.570379e-02	1.346464e-01	1.326605e-01	3.405637e-01	4.380081e-01
23599	2.998731e-01	1.657466e-01	2.397442e-02	2.996802e-02	1.569841e-01	1.427077e-01	9.772488e-01	2.949583e-01
596	4.813498e-01	3.383871e-01	2.810227e-02	3.512784e-02	1.840132e-01	1.019804e-01	7.794625e-01	3.804032e-01
12260	1.468419e-01	8.041514e-01	5.849967e-02	7.312459e-02	3.830549e-01	3.045604e-01	7.531101e-01	9.951662e-01
1515	4.417609e-01	5.498352e-02	2.288182e-02	2.860227e-02	1.498298e-01	1.481073e-01	5.233659e-01	3.556677e-01
31889	3.736410e-01	5.469201e-01	3.004270e-02	3.755337e-02	1.967191e-01	1.941810e-01	9.505368e-02	2.679227e-01
14309	4.778457e-01	4.112127e-01	2.108994e-02	2.636243e-02	1.380966e-01	1.362148e-01	6.924679e-01	5.606058e-02
17934	2.459724e-01	4.821195e-01	4.179043e-02	5.223804e-02	2.736431e-01	2.098602e-01	5.249759e-01	7.372227e-02
12424	8.453864e-01	2.129727e-01	5.913430e-02	7.391787e-02	3.872104e-01	1.328237e-01	8.562549e-01	6.279053e-01
31309	5.206070e-01	3.132656e-01	2.938415e-02	3.673019e-02	1.924070e-01	1.738250e-01	4.668688e-01	6.358781e-01
13802	2.808999e-01	7.869850e-01	2.635197e-02	3.293996e-02	1.725523e-01	1.060456e-01	8.506322e-01	3.903553e-01
9331	1.506508e-01	9.205127e-01	2.730440e-02	3.413050e-02	1.787888e-01	1.654009e-01	3.441071e-01	3.892997e-01
19249	1.043477e-01	5.890295e-01	3.182978e-02	3.978723e-02	2.084209e-01	2.082397e-01	7.807249e-02	4.077382e-02
30134	1.544711e-01	5.908012e-01	4.963975e-02	6.204968e-02	3.250403e-01	3.242071e-01	4.981741e-01	2.571517e-01
26636	1.941484e-01	9.421910e-01	3.980717e-02	4.975896e-02	2.606567e-01	1.261197e-01	9.130606e-01	2.189784e-01
6876	9.091969e-01	1.417340e-01	2.616495e-02	3.270619e-02	1.713277e-01	1.233865e-01	2.841316e-01	1.545511e-01
6539	7.662068e-01	2.163319e-01	2.526953e-02	3.158691e-02	1.654645e-01	1.558157e-01	6.476823e-01	3.384337e-01
124	6.942634e-01	6.627602e-01	5.803686e-02	7.254608e-02	3.800245e-01	3.733229e-01	4.009018e-01	3.088007e-03
19657	1.636181e-01	5.241731e-01	3.629919e-02	4.537399e-02	2.376865e-01	8.817810e-02	6.381786e-01	6.177124e-01
18950	7.458070e-01	8.637933e-01	7.756859e-02	9.696074e-02	5.079180e-01	1.684912e-01	8.463822e-01	2.231224e-01
31812	6.132007e-01	9.157566e-01	2.976312e-02	3.720391e-02	1.948885e-01	5.497756e-02	7.644375e-01	2.822411e-01
32613	7.431195e-01	2.835911e-01	5.467529e-02	6.834411e-02	3.580129e-01	1.562708e-01	2.882864e-02	7.185063e-02
24978	1.711824e-01	8.563468e-01	2.499582e-02	3.124478e-02	1.636723e-01	6.428452e-02	9.724932e-01	2.125845e-01
5578	5.720677e-01	9.398050e-01	2.275389e-02	2.844236e-02	1.489921e-01	1.123140e-01	4.858868e-01	5.994099e-01
29725	2.274754e-01	1.398357e-01	5.855287e-02	7.319109e-02	3.834033e-01	1.237633e-01	6.649302e-01	1.593554e-01
1816	7.928107e-01	1.160848e-01	2.381755e-02	2.977194e-02	1.559570e-01	1.160119e-01	9.341208e-01	8.341708e-01
13250	3.548505e-01	4.431703e-01	2.974406e-02	3.718008e-02	1.947637e-01	1.104849e-01	6.700288e-01	5.028000e-01
18651	1.976876e-01	1.344093e-01	2.601646e-02	3.252058e-02	1.703554e-01	1.658271e-01	4.341401e-02	9.416438e-01
20680	1.595899e-01	2.207852e-01	3.829491e-02	4.786864e-02	2.507545e-01	2.484465e-01	7.840452e-02	6.994532e-01
29031	4.045164e-01	1.505035e-01	2.276650e-02	2.845813e-02	1.490747e-01	1.436917e-01	8.401118e-01	5.160321e-01
2582	1.590878e-01	1.175638e-01	3.498278e-02	4.372848e-02	2.290667e-01	1.222340e-01	1.773122e-01	5.879669e-02
26941	1.325789e-01	3.365166e-01	2.488109e-02	3.110136e-02	1.629210e-01	6.155668e-02	3.629515e-01	5.412871e-01
25472	3.640156e-01	7.630388e-01	2.964479e-02	3.705599e-02	1.941137e-01	1.635806e-01	3.340016e-01	5.205671e-01
10725	5.918691e-01	3.880496e-01	2.202534e-02	2.753168e-02	1.442216e-01	1.442202e-01	5.099648e-01	9.841595e-01
4517	5.540407e-01	2.459758e-01	7.326865e-02	9.158582e-02	4.797620e-01	1.487505e-01	1.224572e-02	3.076388e-01
918	6.058119e-01	6.824068e-01	2.490079e-02	3.112599e-02	1.630500e-01	1.226209e-01	6.219623e-02	7.607702e-01
32348	4.623716e-01	8.565996e-01	3.433711e-02	4.292139e-02	2.248389e-01	1.439051e-01	9.816081e-01	8.433964e-01
17075	8.534288e-01	5.049922e-02	4.417002e-02	5.521253e-02	2.892246e-01	1.178751e-01	6.960068e-01	6.498471e-01
10920	7.107943e-01	1.296189e-01	4.606709e-02	5.758386e-02	3.016466e-01	2.968471e-01	3.141600e-01	8.532762e-01
14733	3.275715e-01	6.652112e-01	2.807788e-02	3.509735e-02	1.838535e-01	1.248302e-01	6.548364e-01	2.175995e-01
27211	7.326266e-01	1.914558e-01	2.245343e-02	2.806679e-02	1.470247e-01	5.146604e-02	5.154514e-01	7.410457e-01
8089	7.342379e-01	4.959414e-01	5.322160e-02	6.652700e-02	3.484942e-01	2.904302e-01	2.009799e-01	9.147673e-01
13178	1.618484e-01	4.746150e-01	2.252391e-02	2.815489e-02	1.474862e-01	1.020114e-01	6.109982e-01	4.225813e-01
9422	6.119295e-01	9.486778e-01	2.560059e-02	3.200074e-02	1.676323e-01	1.675082e-01	8.723611e-03	2.406669e-01
32633	1.951974e-01	6.851042e-01	2.849245e-02	3.561556e-02	1.865681e-01	1.127471e-01	4.153355e-01	4.335532e-01
4664	6.816557e-01	8.238334e-02	2.991698e-02	3.739622e-02	1.958959e-01	9.577216e-02	3.788416e-01	6.291600e-01
26375	4.462800e-02	5.771023e-02	2.177423e-02	2.721779e-02	1.425773e-01	1.299460e-01	5.006572e-01	7.485682e-01
31571	2.860719e-01	5.760433e-01	3.032708e-02	3.790885e-02	1.985812e-01	1.613048e-01	9.439311e-01	7.854007e-01
3405	6.933383e-01	2.969402e-01	2.449277e-02	3.061596e-02	1.603783e-01	1.598378e-01	1.785546e-01	2.092497e-01
16344	1.897326e-01	5.174873e-01	2.420767e-02	3.025958e-02	1.585114e-01	8.228039e-02	4.679565e-01	1.701391e-01
12991	2.739199e-01	6.830120e-01	2.771762e-02	3.464703e-02	1.814946e-01	1.814808e-01	8.536529e-01	2.454271e-01
8920	1.861228e-01	1.898798e-01	3.825159e-02	4.781448e-02	2.504708e-01	9.887045e-02	3.697912e-01	3.605229e-02
16271	3.679405e-01	1.815070e-01	2.756689e-02	3.445861e-02	1.805076e-01	1.499300e-01	3.446800e-01	6.752918e-01
6115	8.590675e-01	7.075639e-01	5.798542e-02	7.248178e-02	3.796876e-01	3.777347e-01	1.206515e-01	3.814862e-01
30439	8.654215e-02	5.923967e-02	3.158590e-02	3.948238e-02	2.068240e-01	5.367130e-02	6.355838e-01	2.409337e-01
7788	4.549737e-01	2.081065e-01	6.244601e-02	7.805751e-02	4.088955e-01	2.117105e-01	6.018523e-01	3.630460e-01
