22300	7.024812e-01	4.927781e-01	6.006451e-02	7.508064e-02	3.933015e-01	2.039216e-01	2.544379e-01	7.014042e-01
16748	6.541552e-01	7.595296e-01	2.278616e-02	2.848270e-02	1.492034e-01	1.334407e-01	8.603702e-01	8.470087e-01
8268	3.192888e-01	2.011342e-01	2.371882e-02	2.964853e-02	1.553105e-01	1.550208e-01	6.188491e-01	2.560902e-01
22339	5.461969e-01	2.142259e-01	2.258623e-02	2.823279e-02	1.478943e-01	1.402833e-01	6.087337e-01	4.967096e-01
30130	8.888120e-01	1.275151e-01	7.417221e-02	9.271526e-02	4.856785e-01	3.561430e-01	2.063375e-01	5.888314e-01
13982	9.165311e-01	8.170588e-01	2.889136e-02	3.611419e-02	1.891801e-01	1.829827e-01	9.795043e-01	7.821846e-01
8041	4.936588e-01	6.230108e-01	5.031810e-02	6.289763e-02	3.294821e-01	3.286372e-01	3.792680e-01	2.670304e-01
11505	3.035050e-01	1.051433e-01	2.192175e-02	2.740219e-02	1.435433e-01	6.928932e-02	8.323100e-02	3.737223e-01
5089	7.086949e-01	7.110914e-01	4.852002e-02	6.065002e-02	3.177083e-01	2.804961e-01	9.704165e-01	7.703230e-01
4637	3.782368e-01	1.751596e-01	4.223470e-02	5.279337e-02	2.765521e-01	1.312838e-01	7.987081e-03	1.402510e-01
9333	9.242113e-01	6.348178e-01	6.233109e-02	7.791387e-02	4.081430e-01	1.829609e-01	7.254730e-01	1.230147e-01
3171	7.776989e-01	5.349181e-01	7.837340e-02	9.796675e-02	5.131878e-01	3.445973e-01	6.888206e-01	4.305784e-01
13348	8.071570e-01	6.700053e-01	2.864252e-02	3.580315e-02	1.875508e-01	1.173083e-01	2.454766e-01	8.308731e-02
4395	2.256654e-01	5.805466e-01	3.067677e-02	3.834596e-02	2.008710e-01	1.069373e-01	9.024451e-02	9.745471e-01
13758	8.290975e-02	8.127222e-01	2.654775e-02	3.318469e-02	1.738343e-01	1.735422e-01	5.450060e-01	7.280746e-01
9189	4.557517e-01	8.980490e-01	3.780460e-02	4.725575e-02	2.475439e-01	1.214383e-01	2.838817e-01	7.609276e-01
8361	8.993025e-01	5.865617e-01	3.231198e-02	4.038997e-02	2.115783e-01	2.115521e-01	3.972047e-01	3.018249e-01
5361	4.409738e-01	6.213267e-01	3.231106e-02	4.038883e-02	2.115724e-01	8.489901e-02	2.107711e-01	8.815954e-01
27761	5.374929e-01	3.019565e-01	2.243745e-02	2.804681e-02	1.469200e-01	1.227643e-01	3.372489e-01	8.692765e-01
13061	6.252284e-01	3.766422e-01	3.750933e-02	4.688666e-02	2.456105e-01	7.426875e-02	4.693064e-01	1.523460e-02
10988	6.380056e-01	2.103163e-01	4.668200e-02	5.835250e-02	3.056730e-01	2.884322e-01	5.797221e-02	4.723691e-01
7802	4.965447e-01	7.677189e-01	4.067859e-02	5.084823e-02	2.663628e-01	2.608751e-01	1.671873e-01	5.184482e-02
28641	7.721346e-01	3.861392e-01	3.686180e-02	4.607725e-02	2.413705e-01	1.693774e-01	7.391071e-01	7.880657e-01
4822	3.045319e-01	8.180705e-01	4.080638e-02	5.100797e-02	2.671995e-01	2.650964e-01	7.869743e-01	8.090998e-01
24484	8.819681e-01	9.265443e-01	5.333802e-02	6.667252e-02	3.492565e-01	3.404897e-01	4.766974e-01	6.613104e-01
6358	8.784046e-01	4.680074e-01	3.704927e-02	4.631159e-02	2.425980e-01	1.954458e-01	8.708793e-01	2.010133e-01
30267	7.414791e-01	1.805635e-01	3.560390e-02	4.450487e-02	2.331338e-01	1.835340e-01	2.025323e-01	6.625588e-01
6747	8.800406e-01	3.622204e-02	2.312286e-02	2.890357e-02	1.514081e-01	1.505694e-01	4.282232e-01	8.704404e-01
26190	6.612299e-01	6.098297e-01	3.147294e-02	3.934117e-02	2.060843e-01	1.376779e-01	5.291977e-01	9.253180e-01
29359	3.205055e-01	3.813467e-01	3.029626e-02	3.787032e-02	1.983794e-01	1.575214e-01	4.462364e-01	6.194761e-01
24622	1.097578e-01	1.408365e-01	5.864090e-02	7.330112e-02	3.839797e-01	2.817987e-01	5.510489e-02	1.441869e-02
4424	2.888943e-02	7.241020e-01	2.170347e-02	2.712933e-02	1.421140e-01	6.185096e-02	7.555164e-01	4.472742e-01
19083	6.116131e-01	8.920749e-01	2.661903e-02	3.327379e-02	1.743010e-01	8.890025e-02	7.258016e-02	6.791294e-01
1876	8.831934e-01	2.933146e-01	2.150203e-02	2.687754e-02	1.407950e-01	1.383038e-01	8.071640e-01	5.041997e-01
27428	2.093094e-01	7.609253e-01	2.056189e-02	2.570237e-02	1.346390e-01	3.753813e-02	3.878661e-01	7.896756e-01
25023	7.410267e-01	9.137999e-01	5.165680e-02	6.457100e-02	3.382479e-01	3.308714e-01	9.530143e-01	1.610916e-01
18741	9.287524e-01	9.556038e-01	2.858169e-02	3.572711e-02	1.871524e-01	1.730187e-01	4.588654e-01	5.085723e-01
7454	2.355830e-01	4.090811e-01	4.526012e-02	5.657515e-02	2.963626e-01	2.741181e-01	6.848852e-01	2.574164e-01
28601	5.484946e-01	6.153825e-01	2.197382e-02	2.746728e-02	1.438842e-01	4.753459e-02	9.103497e-01	2.166588e-02
12540	9.574345e-01	4.555327e-01	2.510513e-02	3.138141e-02	1.643880e-01	1.395527e-01	5.197420e-01	7.202451e-01
18816	1.469854e-01	2.961845e-01	2.593837e-02	3.242296e-02	1.698440e-01	1.672566e-01	9.535144e-01	9.686701e-01
27888	5.666565e-02	9.244602e-01	3.072677e-02	3.840846e-02	2.011984e-01	1.429229e-01	7.881477e-03	3.359130e-02
2375	4.359393e-01	7.707590e-01	2.843093e-02	3.553867e-02	1.861653e-01	1.211589e-01	2.455537e-01	6.617087e-01
3286	8.372135e-01	3.038211e-01	2.141176e-02	2.676470e-02	1.402039e-01	1.324052e-01	7.232184e-01	5.111467e-01
3920	5.891521e-01	2.584545e-01	2.311848e-02	2.889810e-02	1.513795e-01	8.297649e-02	9.245446e-01	4.068964e-01
2448	6.455283e-02	2.778532e-01	2.100153e-02	2.625191e-02	1.375177e-01	1.242613e-01	7.281762e-01	5.173642e-01
23892	3.924723e-01	6.118663e-01	4.891075e-02	6.113843e-02	3.202668e-01	2.370097e-01	3.268745e-02	5.366364e-01
5657	2.120764e-01	4.683631e-01	5.896823e-02	7.371029e-02	3.861231e-01	2.822665e-01	1.983161e-01	4.294970e-01
17797	4.987333e-01	4.949201e-01	3.381446e-02	4.226807e-02	2.214165e-01	2.136618e-01	1.376747e-01	4.794333e-01
2739	3.750452e-01	8.345330e-01	2.182845e-02	2.728556e-02	1.429324e-01	1.306465e-01	3.802204e-01	9.177164e-01
10933	2.446918e-01	1.316475e-01	5.596247e-02	6.995309e-02	3.664414e-01	2.144307e-01	5.125443e-01	9.293092e-01
28841	6.457865e-02	1.554044e-01	3.075297e-02	3.844122e-02	2.013700e-01	1.450980e-01	4.037113e-01	1.712001e-01
6173	9.634301e-01	1.865428e-01	2.087289e-02	2.609111e-02	1.366754e-01	1.178115e-01	9.681948e-01	7.160861e-01
12015	6.215461e-01	5.097004e-01	3.197205e-02	3.996506e-02	2.093525e-01	2.085941e-01	7.987525e-02	7.035096e-01
19926	4.073075e-01	3.511046e-01	2.904024e-02	3.630030e-02	1.901550e-01	1.874325e-01	8.392273e-01	5.973827e-01
13499	4.624587e-01	8.228781e-01	4.426066e-02	5.532582e-02	2.898181e-01	2.772380e-01	4.392456e-01	1.135583e-01
7745	7.279415e-02	7.077813e-02	4.522497e-02	5.653121e-02	2.961324e-01	1.387688e-01	4.213851e-01	6.189419e-01
22000	6.848999e-01	2.110508e-01	2.248406e-02	2.810508e-02	1.472253e-01	1.104738e-01	8.947597e-01	7.713392e-01
4316	4.030561e-01	4.658461e-01	6.300891e-02	7.876113e-02	4.125813e-01	3.730300e-01	3.873723e-01	2.684612e-01
27640	1.526255e-01	2.332672e-01	2.360725e-02	2.950907e-02	1.545799e-01	6.782756e-02	2.417273e-01	4.226288e-01
25535	3.076762e-01	9.185347e-01	4.065335e-02	5.081669e-02	2.661975e-01	2.308353e-01	6.664727e-01	9.114338e-01
8970	9.750864e-01	9.213214e-01	2.148752e-02	2.685940e-02	1.406999e-01	1.391594e-01	6.907550e-01	2.766397e-01
2313	8.680401e-01	7.445435e-01	3.385229e-02	4.231537e-02	2.216643e-01	1.937106e-01	8.602815e-01	3.596130e-01
15884	2.675532e-01	6.466479e-01	5.385515e-02	6.731893e-02	3.526427e-01	3.441909e-01	9.117025e-01	2.778830e-01
21856	5.755167e-01	3.522450e-01	2.567900e-02	3.209875e-02	1.681457e-01	1.610259e-01	3.176894e-01	5.875131e-01
5735	4.977497e-01	4.044045e-01	6.520091e-02	8.150114e-02	4.269346e-01	1.886286e-01	8.323835e-01	6.604979e-01
24878	2.220790e-01	6.613766e-01	2.231344e-02	2.789180e-02	1.461081e-01	1.376236e-01	2.413771e-01	7.245846e-01
12052	6.680275e-01	7.923455e-01	3.124920e-02	3.906150e-02	2.046193e-01	7.620811e-02	7.808611e-01	6.286448e-01
272	5.220972e-02	5.801730e-01	2.815362e-02	3.519202e-02	1.843494e-01	5.219209e-02	1.756301e-01	1.600847e-01
