23075	8.029932e-01	1.234467e-01	3.530894e-02	4.413618e-02	2.312024e-01	2.301342e-01	5.302613e-01	7.439786e-01
24725	5.187485e-01	8.023768e-01	3.325352e-02	4.156690e-02	2.177435e-01	1.768329e-01	6.901519e-01	6.692655e-01
29979	1.031790e-01	8.380107e-01	2.936491e-02	3.670613e-02	1.922809e-01	1.522965e-01	4.519447e-01	3.885483e-01
18378	3.853042e-01	7.647357e-01	3.864667e-02	4.830834e-02	2.530578e-01	2.117281e-01	1.834322e-01	6.780095e-01
13425	2.834521e-01	6.024615e-01	5.960092e-02	7.450115e-02	3.902659e-01	3.774589e-01	9.785451e-01	7.086833e-01
16048	6.760738e-01	8.786389e-01	2.885829e-02	3.607286e-02	1.889636e-01	1.214951e-01	8.724954e-01	4.955534e-01
1524	8.989116e-01	5.236000e-02	2.288913e-02	2.861142e-02	1.498777e-01	1.486099e-01	2.036398e-01	9.149685e-01
27655	3.949740e-01	1.250531e-01	2.937854e-02	3.672318e-02	1.923702e-01	1.031640e-01	8.715018e-01	3.274917e-03
8782	8.765410e-01	4.542680e-01	3.733361e-02	4.666701e-02	2.444599e-01	2.407137e-01	6.329120e-01	1.504486e-01
14541	1.077890e-01	3.145377e-01	2.889818e-02	3.612272e-02	1.892248e-01	1.886908e-01	4.709936e-01	3.363452e-01
31539	4.938076e-02	7.603282e-01	3.641695e-02	4.552119e-02	2.384576e-01	1.375615e-01	2.925255e-01	7.163894e-01
20427	3.135140e-01	9.037403e-01	7.251445e-02	9.064307e-02	4.748235e-01	4.289244e-01	1.417207e-01	7.231068e-01
17966	2.196868e-01	5.835468e-01	3.253901e-02	4.067376e-02	2.130649e-01	1.263890e-01	3.677145e-01	3.569178e-01
5897	1.483011e-01	8.796021e-01	2.604123e-02	3.255154e-02	1.705176e-01	1.696081e-01	4.931754e-02	5.226205e-01
20844	8.993090e-01	6.162968e-01	2.642446e-02	3.303058e-02	1.730270e-01	1.503800e-01	3.104019e-01	9.841847e-01
31524	2.335599e-01	1.650347e-01	5.526986e-02	6.908732e-02	3.619062e-01	3.306590e-01	3.767979e-01	7.271858e-02
24768	4.507248e-01	8.795312e-02	4.710594e-02	5.888243e-02	3.084490e-01	2.684997e-01	1.023582e-01	3.529407e-01
28616	7.270899e-01	7.980498e-01	2.367997e-02	2.959996e-02	1.550561e-01	5.590715e-02	9.154565e-01	3.002267e-01
10489	9.375491e-01	2.684109e-01	2.985446e-02	3.731807e-02	1.954865e-01	1.924426e-01	1.797321e-01	3.771963e-01
26974	6.905710e-01	6.058787e-01	2.107199e-02	2.633999e-02	1.379791e-01	1.188184e-01	3.899369e-01	9.178396e-03
16738	6.716511e-01	3.015431e-01	3.567682e-02	4.459602e-02	2.336112e-01	2.328243e-01	2.994595e-01	4.816026e-01
10865	8.212239e-01	6.709037e-01	3.417994e-02	4.272493e-02	2.238097e-01	2.238094e-01	1.743927e-01	3.145934e-01
15074	3.446474e-01	2.402238e-01	3.579866e-02	4.474833e-02	2.344091e-01	1.037358e-01	2.493252e-03	8.342203e-02
23035	3.109530e-01	7.081190e-01	2.136162e-02	2.670202e-02	1.398756e-01	5.435160e-02	1.459534e-01	6.269557e-02
5409	7.385222e-01	7.220662e-01	2.623585e-02	3.279481e-02	1.717919e-01	1.059274e-01	7.726835e-01	9.702202e-01
558	5.918037e-01	1.019686e-01	3.074117e-02	3.842646e-02	2.012927e-01	1.863700e-01	4.917305e-01	4.066492e-01
18950	3.429946e-01	2.071743e-01	2.917186e-02	3.646483e-02	1.910169e-01	1.087145e-01	1.381994e-02	2.856352e-01
20334	9.493041e-01	7.485635e-01	2.865558e-02	3.581947e-02	1.876363e-01	1.706875e-01	2.436419e-01	2.651802e-01
23227	4.329328e-01	3.003102e-02	2.253605e-02	2.817007e-02	1.475657e-01	1.411046e-01	9.821792e-01	9.686226e-01
24300	2.205046e-01	8.723378e-01	2.959225e-02	3.699031e-02	1.937696e-01	1.613356e-01	2.017064e-01	1.662729e-01
10611	4.998708e-01	1.625768e-01	2.197411e-02	2.746764e-02	1.438861e-01	1.370830e-01	6.498798e-01	2.409373e-01
4215	7.546897e-01	4.110633e-01	2.461989e-02	3.077486e-02	1.612106e-01	8.123745e-02	9.132549e-01	7.830812e-01
16448	7.783135e-02	5.794249e-02	2.287400e-02	2.859250e-02	1.497786e-01	9.307706e-02	2.930066e-01	3.088253e-01
11000	3.669133e-01	3.177196e-01	3.739451e-02	4.674314e-02	2.448587e-01	1.144515e-01	2.667216e-01	7.188888e-01
4758	1.703834e-01	4.079013e-01	4.134342e-02	5.167928e-02	2.707161e-01	1.076014e-01	8.545746e-01	5.009167e-01
21990	1.431066e-01	6.414538e-01	6.313058e-02	7.891322e-02	4.133780e-01	3.089978e-01	9.052431e-01	7.184292e-01
30816	2.470912e-01	3.624464e-01	2.053671e-02	2.567089e-02	1.344741e-01	1.322883e-01	3.196967e-01	1.020266e-01
27746	5.916395e-01	3.408137e-01	2.270087e-02	2.837608e-02	1.486449e-01	1.209310e-01	6.477810e-01	2.024927e-02
30318	3.994420e-01	2.619640e-01	2.094279e-02	2.617848e-02	1.371330e-01	1.318052e-01	5.827285e-02	3.021901e-01
6656	7.025207e-02	5.041979e-01	3.127495e-02	3.909368e-02	2.047879e-01	1.987664e-01	1.715216e-01	8.516701e-01
12639	8.632195e-01	5.048966e-01	2.995315e-02	3.744144e-02	1.961328e-01	1.862958e-01	4.204967e-01	7.626740e-01
29908	7.446440e-01	1.489824e-01	4.374910e-02	5.468638e-02	2.864684e-01	1.023840e-01	6.297328e-01	7.241492e-01
25072	4.735628e-02	5.056738e-02	2.300680e-02	2.875850e-02	1.506481e-01	1.503305e-01	5.178748e-01	8.805251e-01
26747	1.147826e-01	4.726082e-01	3.395294e-02	4.244118e-02	2.223233e-01	1.751543e-01	8.857899e-01	3.137088e-01
17467	4.056405e-01	1.833088e-01	2.313661e-02	2.892077e-02	1.514982e-01	1.479035e-01	9.450110e-01	7.179514e-01
16774	3.482513e-01	4.560847e-01	2.966339e-02	3.707924e-02	1.942354e-01	1.384104e-01	6.079893e-01	8.225967e-01
2007	1.924049e-01	3.546275e-01	3.436269e-02	4.295337e-02	2.250064e-01	2.227131e-01	4.865029e-01	4.215680e-01
1733	4.020102e-02	8.723839e-01	2.215156e-02	2.768945e-02	1.450481e-01	6.172536e-02	3.384491e-01	9.201234e-01
12847	4.811759e-01	5.384562e-01	6.093951e-02	7.617439e-02	3.990310e-01	2.758950e-01	7.966213e-01	2.885033e-01
3946	3.272941e-01	6.634425e-01	2.342188e-02	2.927734e-02	1.533661e-01	1.527353e-01	2.093592e-01	5.217533e-01
3838	5.865515e-02	5.542296e-01	2.220231e-02	2.775289e-02	1.453804e-01	6.232005e-02	2.313001e-01	1.691110e-01
11207	5.898426e-01	5.067006e-01	3.278177e-02	4.097722e-02	2.146545e-01	1.975146e-01	3.536330e-02	5.329993e-01
2576	4.364953e-01	7.995424e-01	5.187587e-02	6.484484e-02	3.396824e-01	3.301650e-01	5.957933e-01	6.763124e-01
17839	9.341546e-01	9.365985e-01	3.789030e-02	4.736288e-02	2.481051e-01	2.204764e-01	9.412933e-01	8.665212e-01
9270	3.745077e-01	7.120692e-01	2.528693e-02	3.160866e-02	1.655784e-01	1.627045e-01	8.442574e-01	9.113321e-01
10724	8.566248e-01	5.425390e-01	2.330313e-02	2.912891e-02	1.525885e-01	1.187242e-01	4.571827e-01	4.097065e-01
1995	4.557936e-01	8.728733e-01	2.245029e-02	2.806287e-02	1.470042e-01	1.468157e-01	1.043909e-01	9.372500e-01
24129	1.149173e-01	7.122302e-01	2.136354e-02	2.670443e-02	1.398881e-01	1.155778e-01	9.664809e-01	1.716891e-02
26055	5.420555e-01	1.549455e-01	5.551373e-02	6.939216e-02	3.635030e-01	2.525568e-01	3.505169e-01	8.430631e-02
20890	9.167116e-01	3.571243e-01	3.356406e-02	4.195508e-02	2.197770e-01	1.702787e-01	8.767014e-01	6.138159e-01
10790	4.619097e-01	3.116557e-01	5.859932e-02	7.324915e-02	3.837074e-01	3.731144e-01	8.248866e-02	1.360641e-01
18978	1.010413e-01	3.915640e-01	6.251267e-02	7.814084e-02	4.093320e-01	3.675739e-01	8.553033e-01	7.892107e-01
14793	7.820931e-01	8.478026e-01	7.661404e-02	9.576755e-02	5.016675e-01	2.562664e-01	5.170374e-02	9.160438e-01
3417	4.890193e-01	6.435053e-01	4.662616e-02	5.828270e-02	3.053074e-01	2.638370e-01	7.296999e-01	9.900596e-01
3836	6.782692e-01	4.041042e-01	4.019218e-02	5.024022e-02	2.631777e-01	2.621787e-01	9.392810e-01	9.317593e-01
9975	6.079940e-01	7.141939e-01	2.416825e-02	3.021031e-02	1.582533e-01	7.381716e-02	4.447824e-01	1.462354e-01
18641	3.061540e-01	7.520986e-02	3.329265e-02	4.161581e-02	2.179998e-01	2.177136e-01	4.988815e-01	4.590662e-02
28158	8.754972e-01	3.384461e-01	2.361451e-02	2.951813e-02	1.546274e-01	1.277475e-01	3.350581e-01	5.670222e-01
12240	1.239399e-01	5.171931e-01	3.004006e-02	3.755008e-02	1.967019e-01	1.303722e-01	2.609208e-01	8.285992e-01
23226	2.506292e-01	4.930599e-01	3.129355e-02	3.911694e-02	2.049097e-01	1.848366e-01	9.329284e-01	3.648086e-02
28842	6.365463e-01	7.880253e-01	2.309275e-02	2.886594e-02	1.512110e-01	9.984932e-02	5.389274e-01	4.647986e-01
