27148	9.005868e-01	9.572626e-01	3.066507e-02	3.833134e-02	2.007944e-01	2.004745e-01	9.733704e-01	2.158572e-01
27400	2.613630e-01	9.199425e-02	2.226427e-02	2.783034e-02	1.457861e-01	1.434841e-01	3.591475e-01	7.632514e-01
31052	6.007923e-01	6.398608e-02	2.072097e-02	2.590121e-02	1.356806e-01	1.244886e-01	9.855981e-02	3.368685e-01
1187	4.128432e-01	3.135693e-01	6.022197e-02	7.527747e-02	3.943325e-01	1.349695e-01	3.552181e-02	1.142197e-01
7783	2.852592e-01	3.260211e-01	7.801079e-02	9.751349e-02	5.108135e-01	1.885428e-01	1.323882e-01	9.459341e-01
28035	5.806959e-02	1.732727e-01	4.242823e-02	5.303529e-02	2.778194e-01	2.398847e-01	5.151662e-01	5.421712e-02
10263	2.638001e-01	4.299783e-01	5.487443e-02	6.859304e-02	3.593169e-01	2.639970e-01	9.382512e-01	3.170126e-01
3786	7.573617e-01	4.913604e-01	4.217704e-02	5.272130e-02	2.761746e-01	1.970954e-01	1.416199e-01	9.803161e-01
7727	9.647663e-01	1.285611e-01	2.509485e-02	3.136856e-02	1.643207e-01	6.689926e-02	1.887522e-01	6.152411e-01
9913	4.188712e-01	4.277520e-01	2.731482e-02	3.414353e-02	1.788570e-01	8.979158e-02	4.085258e-01	2.034525e-01
20039	7.084050e-01	8.571270e-01	2.206523e-02	2.758153e-02	1.444828e-01	8.529285e-02	1.971514e-01	7.170638e-01
23404	2.865915e-01	9.442190e-01	2.549891e-02	3.187364e-02	1.669665e-01	1.605563e-01	8.456226e-01	8.222828e-01
3203	7.244956e-01	7.015958e-01	4.947498e-02	6.184372e-02	3.239614e-01	1.532018e-01	3.490218e-02	7.484593e-02
18634	6.652818e-01	2.274296e-01	4.293419e-02	5.366774e-02	2.811324e-01	2.446171e-01	5.176127e-01	7.979145e-01
16822	3.000094e-01	5.675251e-01	4.783650e-02	5.979562e-02	3.132326e-01	2.559998e-01	5.685696e-03	1.301897e-02
13077	5.619947e-01	4.576064e-01	3.660342e-02	4.575428e-02	2.396786e-01	2.110507e-01	2.766795e-01	3.135634e-01
1957	3.956274e-02	9.091886e-01	3.182018e-02	3.977522e-02	2.083580e-01	1.155218e-01	4.391601e-01	3.516820e-01
16426	8.495652e-01	3.189412e-01	2.519511e-02	3.149388e-02	1.649772e-01	1.609494e-01	8.258902e-01	4.029108e-01
10481	2.058908e-01	5.614373e-01	5.177700e-02	6.472125e-02	3.390350e-01	1.141191e-01	1.926644e-01	9.328646e-01
20022	7.695830e-01	5.374244e-01	2.280698e-02	2.850873e-02	1.493398e-01	9.264418e-02	4.418483e-01	3.838377e-01
32214	7.588563e-01	9.426055e-01	3.436385e-02	4.295481e-02	2.250139e-01	1.982889e-01	2.172702e-01	1.919080e-01
19736	7.303855e-01	3.633584e-02	2.827589e-02	3.534486e-02	1.851501e-01	1.501815e-01	1.292927e-01	4.772090e-01
31872	3.118949e-01	1.725956e-01	2.898960e-02	3.623700e-02	1.898234e-01	1.768693e-01	5.048913e-01	7.930959e-01
4789	5.009387e-02	3.540151e-01	3.434131e-02	4.292663e-02	2.248663e-01	2.068921e-01	7.067665e-01	3.206709e-01
20642	5.715070e-02	6.494021e-01	2.504755e-02	3.130944e-02	1.640110e-01	1.524426e-01	7.697481e-01	9.764640e-01
22497	5.042191e-02	4.135759e-01	3.760171e-02	4.700214e-02	2.462154e-01	2.353249e-01	7.157017e-01	4.383375e-01
17341	5.468301e-01	7.830410e-01	4.678683e-02	5.848354e-02	3.063595e-01	1.869526e-01	6.330038e-01	3.879034e-01
170	9.333395e-01	5.737879e-01	3.539298e-02	4.424123e-02	2.317527e-01	1.617575e-01	6.912075e-01	1.060927e-01
677	6.154868e-01	5.437223e-01	2.725691e-02	3.407114e-02	1.784778e-01	1.402418e-01	4.261626e-01	8.269097e-02
18481	8.733068e-01	9.178778e-01	2.206384e-02	2.757980e-02	1.444737e-01	1.308482e-01	2.902755e-01	1.953505e-01
19991	1.304966e-01	1.915768e-01	4.259437e-02	5.324296e-02	2.789072e-01	1.995290e-01	6.274473e-01	4.220620e-01
14966	5.924733e-01	2.784462e-01	4.547005e-02	5.683756e-02	2.977372e-01	2.975555e-01	4.832940e-02	3.752216e-01
21144	9.087628e-01	3.050799e-01	7.445994e-02	9.307493e-02	4.875626e-01	2.786993e-01	4.876398e-01	5.318553e-01
25849	3.417679e-01	6.962219e-01	2.788437e-02	3.485546e-02	1.825864e-01	1.752187e-01	4.379437e-01	7.115768e-01
7598	6.582118e-01	1.040247e-01	5.155767e-02	6.444709e-02	3.375988e-01	1.746436e-01	5.411251e-02	3.839332e-01
7289	9.214130e-01	3.786228e-01	3.275897e-02	4.094871e-02	2.145052e-01	8.226636e-02	6.573941e-01	7.405247e-01
29901	2.187024e-01	7.415760e-01	5.330182e-02	6.662727e-02	3.490195e-01	1.470679e-01	2.889495e-01	7.313300e-01
5572	5.072130e-01	6.776410e-01	2.170769e-02	2.713462e-02	1.421416e-01	1.421197e-01	2.626067e-01	4.426939e-01
32557	8.705277e-01	8.449763e-01	5.346390e-02	6.682987e-02	3.500808e-01	2.274388e-01	8.358920e-01	6.303661e-01
19855	1.553262e-01	5.517139e-01	7.224966e-02	9.031208e-02	4.730897e-01	3.170890e-01	4.354092e-01	5.177562e-01
27234	3.201099e-01	8.553764e-01	6.006251e-02	7.507814e-02	3.932884e-01	3.619870e-01	2.772982e-01	3.266486e-01
18103	2.374026e-01	8.786460e-01	2.259224e-02	2.824030e-02	1.479336e-01	1.100496e-01	8.051484e-01	1.499253e-01
7445	7.289292e-01	5.823972e-01	3.176962e-02	3.971203e-02	2.080270e-01	1.876905e-01	6.734195e-01	1.423695e-01
16812	1.033660e-01	7.238225e-01	5.981805e-02	7.477256e-02	3.916877e-01	1.720507e-01	6.001031e-01	2.675781e-01
30179	9.115293e-01	7.592359e-01	3.249874e-02	4.062342e-02	2.128012e-01	1.958715e-01	5.690379e-01	7.861880e-01
27051	9.254748e-01	6.157363e-01	2.613112e-02	3.266390e-02	1.711062e-01	5.720223e-02	5.272567e-01	8.935804e-01
7652	1.140365e-01	4.252662e-01	4.597450e-02	5.746812e-02	3.010403e-01	2.274197e-01	6.416637e-01	3.784984e-02
7131	1.762895e-01	4.146401e-01	4.045213e-02	5.056516e-02	2.648799e-01	2.642993e-01	2.434893e-01	3.694549e-01
28479	4.827499e-01	6.454144e-01	3.969668e-02	4.962085e-02	2.599332e-01	1.839284e-01	3.713187e-01	2.324375e-01
17471	2.637382e-01	6.165718e-01	2.235846e-02	2.794808e-02	1.464028e-01	9.329472e-02	4.940509e-01	1.249369e-01
32227	3.609320e-01	4.754671e-01	4.672304e-02	5.840380e-02	3.059417e-01	1.635069e-01	5.362107e-02	1.317860e-01
1557	5.865575e-01	7.347754e-01	2.572576e-02	3.215720e-02	1.684519e-01	9.876737e-02	9.744408e-01	7.247061e-01
8526	5.243065e-01	1.530249e-01	3.212696e-02	4.015870e-02	2.103668e-01	2.077265e-01	4.752919e-01	5.681863e-01
10966	1.124900e-01	8.269860e-01	2.195140e-02	2.743925e-02	1.437374e-01	1.323164e-01	9.340750e-01	4.869962e-01
19945	7.607449e-01	1.078033e-01	2.308364e-02	2.885455e-02	1.511513e-01	1.424845e-01	9.502215e-01	9.074641e-01
11790	4.547778e-01	1.989691e-01	3.292050e-02	4.115062e-02	2.155629e-01	1.161516e-01	9.712090e-01	3.987427e-01
32628	1.430714e-01	7.767571e-01	5.849682e-02	7.312102e-02	3.830363e-01	2.502486e-01	3.806953e-01	8.047472e-01
16427	9.535456e-01	7.307947e-01	2.401539e-02	3.001923e-02	1.572524e-01	7.906532e-02	9.006718e-02	4.481720e-01
18106	6.534917e-02	1.167327e-01	3.511870e-02	4.389838e-02	2.299567e-01	1.680774e-01	8.239298e-01	1.276717e-01
18162	9.332940e-01	9.518067e-01	2.400099e-02	3.000123e-02	1.571581e-01	1.571423e-01	9.215984e-01	3.362045e-02
3946	2.263448e-01	5.323769e-01	3.003657e-02	3.754572e-02	1.966790e-01	9.474000e-02	5.542686e-01	2.473341e-01
11636	9.493861e-01	2.584314e-01	2.276807e-02	2.846009e-02	1.490850e-01	6.139561e-02	1.584274e-01	1.905916e-01
12810	9.047916e-01	5.173385e-01	5.815897e-02	7.269871e-02	3.808240e-01	2.854363e-01	5.279426e-02	9.647282e-01
28331	7.421862e-01	2.406555e-01	2.078181e-02	2.597727e-02	1.360790e-01	1.167885e-01	5.474065e-01	3.804738e-01
14486	6.798082e-01	4.588876e-01	4.138044e-02	5.172555e-02	2.709585e-01	2.463709e-01	3.104268e-02	4.467129e-01
16938	3.840184e-02	4.582554e-02	2.818848e-02	3.523561e-02	1.845778e-01	1.745978e-01	4.317833e-01	7.847141e-01
3765	3.717895e-01	1.531499e-01	4.282364e-02	5.352955e-02	2.804085e-01	2.304732e-01	5.980702e-01	9.337956e-01
22120	3.145834e-01	1.131919e-01	2.598721e-02	3.248401e-02	1.701638e-01	1.200229e-01	3.001649e-01	6.566287e-02
17069	6.755194e-01	9.056137e-01	2.118567e-02	2.648209e-02	1.387235e-01	9.930802e-02	1.340602e-01	6.301259e-01
19631	6.411750e-01	8.327410e-01	3.022919e-02	3.778649e-02	1.979403e-01	7.324489e-02	2.556112e-02	4.917132e-01
32745	1.781277e-01	3.116423e-01	5.611289e-02	7.014111e-02	3.674263e-01	3.372752e-01	9.669392e-01	7.909358e-01
26766	2.712842e-01	2.170058e-01	3.571391e-02	4.464239e-02	2.338541e-01	2.290598e-01	9.341190e-01	1.593271e-01
4110	6.795138e-01	5.665392e-01	2.771292e-02	3.464115e-02	1.814638e-01	4.947548e-02	5.259229e-01	7.776840e-01
17082	7.162526e-01	8.019283e-01	4.102882e-02	5.128602e-02	2.686561e-01	2.451392e-01	8.638504e-03	9.323012e-01
8888	4.200294e-01	4.882475e-01	2.303887e-02	2.879858e-02	1.508581e-01	5.269157e-02	7.887528e-02	1.074760e-01
30506	2.400386e-01	6.247876e-01	3.832098e-02	4.790123e-02	2.509252e-01	1.753336e-01	3.791632e-01	9.044309e-01
31052	1.281926e-01	8.925560e-01	2.147806e-02	2.684758e-02	1.406380e-01	1.348231e-01	9.187598e-01	9.796222e-02
29299	6.710914e-01	3.783636e-01	4.603209e-02	5.754011e-02	3.014174e-01	2.879585e-01	2.301676e-01	6.343867e-03
23208	4.405060e-01	7.708468e-01	2.228217e-02	2.785271e-02	1.459033e-01	8.153326e-02	6.248817e-01	7.066103e-01
