25661	6.421016e-01	5.451483e-01	2.138525e-02	2.673156e-02	1.400303e-01	7.467505e-02	2.159532e-01	3.298045e-01
11981	2.306972e-01	5.668155e-01	4.110487e-02	5.138108e-02	2.691540e-01	1.851856e-01	3.830542e-03	7.243112e-02
6126	4.757561e-01	7.772613e-01	5.595247e-02	6.994059e-02	3.663759e-01	3.563291e-01	6.688163e-01	4.340766e-01
22668	1.671705e-01	6.562863e-01	3.045909e-02	3.807386e-02	1.994456e-01	1.993617e-01	5.633896e-01	6.032350e-01
31437	4.563937e-01	1.853158e-01	2.263440e-02	2.829300e-02	1.482097e-01	9.215607e-02	3.254244e-01	5.113457e-01
32069	6.879916e-01	8.890868e-01	2.702436e-02	3.378045e-02	1.769551e-01	1.728571e-01	6.806551e-01	4.000893e-01
19545	8.454469e-01	2.453488e-01	2.283154e-02	2.853942e-02	1.495005e-01	1.219831e-01	2.939660e-02	1.285249e-01
31337	9.248964e-02	5.304147e-01	2.540302e-02	3.175377e-02	1.663386e-01	1.368095e-01	3.767855e-02	4.614188e-01
27489	5.432549e-01	5.136554e-01	2.439377e-02	3.049221e-02	1.597300e-01	1.551585e-01	1.195833e-01	5.009700e-01
10420	2.856589e-01	6.203729e-02	5.509856e-02	6.887320e-02	3.607845e-01	3.316763e-01	7.566721e-01	3.098243e-01
28681	4.738708e-01	8.801161e-01	2.118351e-02	2.647939e-02	1.387093e-01	1.322895e-01	5.948008e-01	4.089314e-01
31330	9.287919e-01	9.375014e-01	2.373311e-02	2.966639e-02	1.554040e-01	1.433246e-01	8.842354e-01	9.785246e-01
17736	8.772958e-01	7.471702e-01	3.659198e-02	4.573997e-02	2.396037e-01	2.047086e-01	1.624695e-01	2.709051e-01
16898	4.096483e-02	2.649041e-01	2.583302e-02	3.229128e-02	1.691542e-01	1.641457e-01	3.372800e-01	3.952730e-01
27673	6.054095e-01	1.247326e-01	3.274790e-02	4.093488e-02	2.144328e-01	2.124865e-01	2.205529e-01	1.949198e-01
21659	9.154901e-01	3.535565e-01	3.731951e-02	4.664939e-02	2.443676e-01	2.372682e-01	2.217016e-01	6.557870e-01
31916	9.065085e-02	1.479398e-01	7.346581e-02	9.183226e-02	4.810530e-01	1.459192e-01	4.030653e-01	5.141195e-01
29418	6.009522e-01	5.788864e-01	4.947795e-02	6.184744e-02	3.239808e-01	2.905354e-01	5.677263e-01	5.814774e-02
31431	6.387273e-01	7.822812e-02	2.649433e-02	3.311791e-02	1.734845e-01	1.732550e-01	4.970942e-01	6.962422e-01
13112	4.387573e-02	6.777175e-01	2.376799e-02	2.970999e-02	1.556325e-01	9.968791e-02	9.991187e-01	2.792949e-01
18235	6.158844e-02	1.689471e-01	2.315708e-02	2.894635e-02	1.516322e-01	7.793987e-02	4.446267e-01	4.125283e-01
20447	5.262070e-01	2.383243e-01	7.243262e-02	9.054078e-02	4.742877e-01	4.714366e-01	4.072335e-01	2.191795e-01
7941	8.493227e-01	7.919397e-01	2.353723e-02	2.942154e-02	1.541214e-01	8.870105e-02	8.663723e-01	2.714585e-01
16808	3.692932e-01	3.009611e-01	2.152062e-02	2.690078e-02	1.409167e-01	7.679189e-02	5.498315e-01	6.169465e-01
24168	2.522072e-01	1.105496e-01	2.444098e-02	3.055123e-02	1.600392e-01	1.004511e-01	2.759283e-01	6.300860e-01
2528	3.070024e-01	8.580617e-01	2.717084e-02	3.396355e-02	1.779142e-01	6.763622e-02	4.265941e-02	6.735069e-01
19744	6.901732e-01	6.133389e-01	4.252016e-02	5.315020e-02	2.784213e-01	2.049626e-01	1.580932e-01	1.046510e-01
28116	6.443892e-01	7.018532e-01	6.060911e-02	7.576139e-02	3.968675e-01	3.223122e-01	1.631765e-01	8.520947e-01
11400	9.234417e-01	1.443755e-01	3.657757e-02	4.572196e-02	2.395094e-01	1.086183e-01	6.905238e-01	7.252158e-01
499	3.869878e-01	5.176676e-01	4.707399e-02	5.884249e-02	3.082397e-01	2.964879e-01	4.654055e-01	7.637122e-01
3810	6.396310e-01	4.022206e-01	2.269743e-02	2.837179e-02	1.486224e-01	1.473838e-01	4.590884e-01	1.893593e-02
12445	5.356874e-01	6.932502e-01	2.868380e-02	3.585475e-02	1.878211e-01	1.401029e-01	1.194848e-01	7.695344e-01
15622	5.046813e-01	9.497152e-01	2.139195e-02	2.673994e-02	1.400742e-01	1.310819e-01	3.850535e-02	8.713192e-01
18585	1.026617e-01	8.908426e-01	7.321284e-02	9.151605e-02	4.793965e-01	2.623440e-01	7.892043e-01	3.851152e-01
27205	6.458786e-01	7.783181e-01	2.159454e-02	2.699317e-02	1.414007e-01	1.127409e-01	3.222944e-01	3.924954e-01
21941	4.665319e-01	5.226877e-01	2.920418e-02	3.650523e-02	1.912285e-01	1.054151e-01	1.057008e-01	6.656953e-01
25612	1.653501e-01	2.229044e-01	5.186021e-02	6.482526e-02	3.395798e-01	3.394266e-01	8.048475e-01	7.246350e-01
12951	1.561709e-01	3.052205e-02	2.259341e-02	2.824177e-02	1.479413e-01	1.048708e-01	3.037803e-01	6.163729e-01
8645	8.385401e-01	1.839698e-01	4.966301e-02	6.207876e-02	3.251926e-01	1.980692e-01	6.462193e-01	1.143550e-01
13172	6.031513e-01	3.587773e-01	2.094319e-02	2.617899e-02	1.371357e-01	1.340358e-01	5.721141e-01	8.346947e-01
12054	7.460734e-01	5.775412e-01	3.030648e-02	3.788311e-02	1.984464e-01	1.097132e-01	9.761422e-01	1.215198e-01
3212	5.938429e-01	9.659023e-01	2.289122e-02	2.861403e-02	1.498914e-01	4.487683e-02	4.832437e-01	6.650571e-01
19561	9.487366e-01	7.077839e-01	3.507622e-02	4.384528e-02	2.296786e-01	1.564359e-01	1.342282e-02	7.567330e-01
13059	4.704853e-01	9.227568e-01	2.371712e-02	2.964640e-02	1.552994e-01	1.430834e-01	8.728115e-01	8.606765e-01
24571	4.835207e-01	5.727469e-01	2.847573e-02	3.559467e-02	1.864587e-01	7.926129e-02	9.070706e-01	5.081478e-01
22070	7.419233e-01	5.284018e-01	2.572367e-02	3.215458e-02	1.684382e-01	6.041182e-02	7.775764e-01	5.528156e-01
30413	7.305605e-01	5.110701e-01	2.316482e-02	2.895602e-02	1.516829e-01	1.316762e-01	8.365746e-01	8.953861e-01
24161	5.569880e-01	8.424932e-01	3.376423e-02	4.220529e-02	2.210877e-01	2.162838e-01	2.221912e-01	2.443240e-01
27463	1.543440e-01	8.116095e-01	2.894796e-02	3.618495e-02	1.895508e-01	1.764404e-01	5.816284e-01	1.430636e-01
21505	4.247014e-01	7.383720e-01	2.123211e-02	2.654014e-02	1.390276e-01	1.078110e-01	4.141842e-01	1.886726e-01
15774	8.627771e-01	5.254511e-01	3.202840e-02	4.003550e-02	2.097214e-01	7.185739e-02	4.028923e-01	1.707896e-01
12698	3.355787e-01	7.110107e-01	2.199382e-02	2.749228e-02	1.440152e-01	7.457689e-02	4.517272e-01	7.766214e-01
14038	3.292226e-01	2.996825e-01	2.083016e-02	2.603770e-02	1.363955e-01	1.342077e-01	5.233668e-01	9.371154e-01
26855	6.859232e-01	4.597679e-01	2.947834e-02	3.684793e-02	1.930237e-01	1.327030e-01	4.339570e-01	3.574524e-01
13327	2.041850e-01	8.448182e-01	4.310549e-02	5.388186e-02	2.822541e-01	2.478769e-01	8.721498e-01	3.970985e-01
22465	4.738783e-01	3.616271e-01	5.973334e-02	7.466668e-02	3.911330e-01	3.746521e-01	1.465460e-01	9.545027e-01
25412	1.615108e-01	5.521443e-01	3.006432e-02	3.758040e-02	1.968607e-01	1.756570e-01	8.398331e-01	6.326596e-01
232	1.660521e-01	4.609201e-01	3.048659e-02	3.810824e-02	1.996257e-01	1.679980e-01	5.131742e-02	2.856346e-01
3846	7.565690e-01	4.390242e-01	2.185826e-02	2.732282e-02	1.431275e-01	5.440723e-02	3.769352e-01	8.865357e-01
29490	4.055874e-01	9.215796e-01	2.424633e-02	3.030792e-02	1.587646e-01	1.578965e-01	4.489845e-01	1.977694e-01
28220	2.863266e-01	7.920819e-01	5.057541e-02	6.321926e-02	3.311670e-01	2.001587e-01	8.432553e-01	2.988823e-01
29885	4.080154e-01	8.721088e-01	2.306993e-02	2.883741e-02	1.510616e-01	8.125241e-02	9.477827e-01	5.200437e-01
30173	1.848703e-01	2.822518e-01	3.729439e-02	4.661799e-02	2.442031e-01	1.384033e-01	9.947715e-01	6.266745e-01
3211	3.320976e-01	6.807340e-01	2.163512e-02	2.704391e-02	1.416665e-01	1.246921e-01	7.230263e-01	4.801032e-01
1860	5.585680e-01	7.393105e-01	3.299297e-02	4.124121e-02	2.160374e-01	1.722916e-01	3.762065e-01	4.562522e-01
18665	5.030639e-01	5.177051e-01	2.146719e-02	2.683399e-02	1.405668e-01	1.029927e-01	8.692059e-01	4.898062e-01
8641	2.807580e-01	3.819996e-01	2.169554e-02	2.711943e-02	1.420621e-01	1.355059e-01	6.330287e-01	3.378842e-01
31779	4.901596e-01	6.452628e-01	2.363705e-02	2.954631e-02	1.547750e-01	1.547464e-01	8.720728e-01	4.112134e-01
8777	1.053874e-01	3.871386e-01	6.259357e-02	7.824196e-02	4.098617e-01	3.899455e-01	9.693269e-01	5.108229e-01
18527	9.575285e-01	2.747140e-01	2.387838e-02	2.984798e-02	1.563553e-01	1.528941e-01	6.796243e-01	3.743653e-01
8034	3.400403e-01	3.407759e-01	2.681702e-02	3.352127e-02	1.755974e-01	1.543597e-01	5.777973e-01	5.631365e-01
31960	7.819937e-01	5.006233e-01	2.813184e-02	3.516480e-02	1.842068e-01	1.800978e-01	9.404599e-01	5.178849e-01
1633	1.014100e-01	4.519720e-01	2.974855e-02	3.718568e-02	1.947930e-01	8.317996e-02	7.170612e-01	6.992527e-01
3185	9.507257e-01	6.515687e-01	2.636991e-02	3.296238e-02	1.726697e-01	1.287319e-01	4.177242e-01	9.849190e-01
1008	6.765058e-01	3.862722e-01	2.278126e-02	2.847658e-02	1.491714e-01	6.567201e-02	1.463371e-01	5.969494e-01
24197	3.928901e-01	9.667289e-02	6.042573e-02	7.553217e-02	3.956668e-01	3.275024e-01	5.790132e-01	2.846370e-01
11518	9.237615e-01	5.134597e-01	2.828931e-02	3.536164e-02	1.852380e-01	1.480966e-01	9.323808e-01	3.849453e-01
8944	5.466234e-01	4.457476e-01	4.868662e-02	6.085828e-02	3.187992e-01	3.152575e-01	2.860585e-01	8.074359e-01
