10545	7.749129e-01	5.948602e-01	2.641421e-02	3.301776e-02	1.729598e-01	1.519688e-01	9.195870e-01	1.126814e-01
23412	3.074387e-01	3.289305e-01	2.880294e-02	3.600367e-02	1.886012e-01	1.687644e-01	9.988578e-01	6.683928e-01
25502	3.270947e-01	5.209997e-01	6.093274e-02	7.616592e-02	3.989866e-01	3.629952e-01	1.975280e-01	3.540114e-01
12048	2.084392e-01	1.414797e-01	4.632333e-02	5.790416e-02	3.033244e-01	3.030491e-01	3.106315e-01	4.988121e-01
27998	3.859979e-01	6.064047e-01	6.538508e-02	8.173134e-02	4.281405e-01	4.029281e-01	3.153626e-01	1.874230e-01
14184	4.606246e-01	6.118369e-01	2.436975e-02	3.046219e-02	1.595727e-01	9.259656e-02	4.661508e-01	2.731256e-01
14883	7.275423e-02	4.012864e-02	3.875080e-02	4.843850e-02	2.537396e-01	2.479925e-01	3.021420e-01	4.925019e-01
15939	5.623462e-01	5.894811e-01	4.354594e-02	5.443242e-02	2.851381e-01	2.778591e-01	8.548180e-01	4.194355e-01
9414	5.260508e-01	2.958656e-01	2.343206e-02	2.929008e-02	1.534328e-01	9.267281e-02	6.404044e-01	4.795472e-02
23377	5.185468e-01	8.371212e-01	2.108934e-02	2.636168e-02	1.380927e-01	1.312873e-01	5.774196e-01	1.418592e-01
18607	7.059441e-01	7.918503e-01	4.341152e-02	5.426440e-02	2.842580e-01	1.770297e-01	8.542790e-01	7.441320e-02
15181	4.323057e-01	3.900821e-01	2.465613e-02	3.082016e-02	1.614480e-01	1.380740e-01	7.115983e-01	9.694707e-01
29810	4.086115e-01	6.569351e-01	2.261734e-02	2.827168e-02	1.480980e-01	1.288639e-01	9.864154e-01	8.163832e-01
27182	8.860279e-01	3.592522e-01	4.608393e-02	5.760491e-02	3.017568e-01	2.957815e-01	5.792434e-01	4.043992e-01
28636	1.068776e-01	1.180539e-01	2.063966e-02	2.579957e-02	1.351482e-01	1.347345e-01	2.039378e-01	4.769996e-02
8628	4.684707e-02	7.624879e-01	3.455298e-02	4.319123e-02	2.262524e-01	1.593646e-01	8.204595e-01	6.709769e-01
22556	2.446627e-01	7.337576e-01	3.140506e-02	3.925633e-02	2.056399e-01	2.027098e-01	4.707971e-01	1.778726e-01
11419	4.219229e-01	4.637963e-01	4.145560e-02	5.181950e-02	2.714506e-01	2.702466e-01	4.780505e-01	6.378808e-01
25166	6.422787e-01	3.988856e-01	7.143438e-02	8.929297e-02	4.677512e-01	3.763159e-01	5.784221e-01	9.952343e-01
19741	7.036605e-01	1.310953e-01	5.900613e-02	7.375766e-02	3.863712e-01	3.854095e-01	7.334785e-01	3.835860e-02
12802	6.577413e-01	8.585451e-01	2.071891e-02	2.589864e-02	1.356671e-01	1.234509e-01	5.257098e-01	4.312942e-01
15387	2.984793e-01	8.536741e-01	2.191073e-02	2.738841e-02	1.434711e-01	6.397866e-02	5.157563e-01	8.198293e-01
2312	9.458658e-01	7.308149e-01	3.504881e-02	4.381101e-02	2.294990e-01	2.240592e-01	8.210755e-01	5.987959e-01
4928	8.569569e-01	7.698322e-01	2.264433e-02	2.830541e-02	1.482747e-01	1.243556e-01	2.624049e-01	8.664803e-01
12209	8.762671e-01	9.426651e-01	3.044333e-02	3.805416e-02	1.993425e-01	1.974687e-01	4.442676e-01	1.717809e-01
20216	1.545341e-01	3.817599e-01	4.194249e-02	5.242812e-02	2.746388e-01	8.382414e-02	1.090482e-02	7.583427e-01
11408	3.473753e-01	1.136058e-01	2.298527e-02	2.873159e-02	1.505072e-01	4.565379e-02	2.155444e-01	5.246114e-01
8601	3.978746e-01	1.843412e-01	6.269361e-02	7.836702e-02	4.105168e-01	3.709109e-01	4.242662e-01	4.950054e-01
4471	3.881102e-01	9.134117e-01	2.462007e-02	3.077509e-02	1.612119e-01	8.924808e-02	1.576536e-03	2.222308e-01
28276	9.399146e-01	1.291934e-01	3.680638e-02	4.600798e-02	2.410076e-01	1.699323e-01	1.612496e-01	3.318287e-01
25611	1.316795e-01	7.490426e-01	2.613590e-02	3.266987e-02	1.711375e-01	1.663821e-01	3.559396e-01	4.341166e-01
30120	4.616381e-01	7.746878e-01	7.850030e-02	9.812537e-02	5.140187e-01	4.851209e-01	2.087320e-01	1.429880e-01
3962	8.639354e-01	5.787157e-01	3.275963e-02	4.094953e-02	2.145095e-01	1.103077e-01	6.181874e-01	1.735367e-01
7099	7.064905e-01	4.582271e-01	2.298007e-02	2.872509e-02	1.504731e-01	1.220264e-01	5.107433e-01	9.007342e-01
25685	5.667419e-01	9.487842e-01	3.274763e-02	4.093454e-02	2.144310e-01	1.896837e-01	1.037816e-01	4.331193e-01
16575	6.813574e-01	9.647878e-01	2.653646e-02	3.317058e-02	1.737603e-01	9.443134e-02	2.696756e-01	5.647617e-01
4094	8.057529e-01	5.232570e-01	2.372426e-02	2.965532e-02	1.553461e-01	1.038983e-01	7.113623e-01	8.642478e-01
5346	8.693827e-01	2.479292e-01	2.367641e-02	2.959551e-02	1.550327e-01	1.083430e-01	4.427286e-01	3.060830e-01
24245	7.308599e-01	5.622610e-01	2.900056e-02	3.625070e-02	1.898952e-01	1.669569e-01	1.722607e-01	4.175181e-01
9869	5.026174e-01	6.411305e-01	2.745100e-02	3.431375e-02	1.797487e-01	4.869667e-02	9.787809e-01	5.011297e-01
31408	6.631881e-01	4.780391e-01	2.655142e-02	3.318927e-02	1.738583e-01	1.655498e-01	2.456380e-01	6.427171e-01
9069	2.202624e-01	2.297958e-01	3.050761e-02	3.813452e-02	1.997634e-01	1.721853e-01	8.058276e-01	9.672586e-01
4750	7.727698e-01	2.743559e-01	3.541048e-02	4.426310e-02	2.318673e-01	8.840380e-02	6.114904e-01	1.937508e-01
22114	4.797185e-01	5.110343e-01	3.304356e-02	4.130444e-02	2.163687e-01	1.534104e-01	4.156346e-01	5.101370e-01
1412	1.080086e-01	4.687388e-01	4.763369e-02	5.954211e-02	3.119046e-01	2.545920e-01	3.209044e-01	6.633465e-01
30454	1.407200e-01	6.123412e-01	4.294563e-02	5.368203e-02	2.812073e-01	2.073602e-01	3.514869e-01	8.009241e-01
6097	1.038913e-01	8.481256e-01	2.846696e-02	3.558370e-02	1.864012e-01	1.493252e-01	2.609396e-01	3.942454e-01
23822	3.725435e-01	9.576669e-01	2.548646e-02	3.185808e-02	1.668850e-01	1.257349e-01	1.796585e-01	5.774859e-01
15885	6.760934e-01	3.352178e-01	2.925001e-02	3.656251e-02	1.915286e-01	1.276769e-01	6.871783e-01	7.932984e-01
2577	7.064610e-01	6.939726e-01	7.000813e-02	8.751017e-02	4.584122e-01	4.470791e-01	4.371332e-01	7.344108e-01
12088	2.087621e-01	9.337786e-01	2.654385e-02	3.317981e-02	1.738087e-01	1.463765e-01	7.233575e-01	2.575947e-01
5438	2.783305e-01	5.865612e-01	3.896249e-02	4.870311e-02	2.551258e-01	1.701977e-01	6.333239e-01	8.153388e-01
902	6.169157e-01	9.266100e-01	2.948760e-02	3.685950e-02	1.930843e-01	6.144518e-02	2.187124e-01	1.632675e-01
15621	3.842119e-01	3.826341e-01	3.133741e-02	3.917176e-02	2.051968e-01	6.673551e-02	8.734839e-01	1.481139e-01
15947	8.567190e-01	4.514179e-01	2.231056e-02	2.788820e-02	1.460892e-01	1.374860e-01	8.602869e-01	9.287474e-01
10654	8.347866e-01	6.248718e-01	4.871150e-02	6.088938e-02	3.189622e-01	2.682848e-01	1.001035e-01	1.133986e-01
25387	7.760857e-01	3.644755e-01	2.174808e-02	2.718509e-02	1.424061e-01	1.193366e-01	5.440928e-01	3.981433e-02
23519	4.062541e-01	7.596138e-01	2.664947e-02	3.331184e-02	1.745003e-01	4.772091e-02	8.749208e-01	1.463009e-02
22063	2.143614e-01	7.839328e-01	3.601858e-02	4.502323e-02	2.358491e-01	1.454592e-01	4.779441e-01	2.897664e-01
17077	4.185138e-01	2.766856e-01	6.214448e-02	7.768060e-02	4.069211e-01	3.790483e-01	7.774409e-01	5.394539e-01
10516	2.348994e-01	3.753861e-01	3.706002e-02	4.632502e-02	2.426684e-01	2.387513e-01	8.675176e-01	6.345549e-01
15767	7.794337e-01	4.776174e-01	2.876525e-02	3.595656e-02	1.883544e-01	8.897166e-02	7.271451e-01	4.077277e-01
6632	1.268698e-01	1.692716e-01	2.576048e-02	3.220060e-02	1.686792e-01	1.670922e-01	3.917309e-01	7.185871e-01
14944	3.597754e-01	9.910387e-02	4.884982e-02	6.106227e-02	3.198679e-01	1.074195e-01	9.624176e-02	6.642502e-01
3206	4.651072e-02	2.290810e-01	4.763833e-02	5.954791e-02	3.119351e-01	3.116602e-01	4.762145e-01	3.939681e-01
24005	6.367286e-01	2.368680e-01	2.545694e-02	3.182117e-02	1.666916e-01	1.004088e-01	9.725375e-01	1.878441e-01
17614	4.722669e-01	1.290033e-01	2.526577e-02	3.158222e-02	1.654399e-01	1.038515e-01	4.250811e-01	4.415040e-01
26118	4.737637e-01	8.734780e-01	4.286654e-02	5.358317e-02	2.806894e-01	2.084352e-01	2.130769e-01	6.145958e-01
18498	6.139262e-01	8.662865e-02	6.098855e-02	7.623569e-02	3.993521e-01	3.717456e-01	9.996613e-01	4.860470e-01
29993	2.784580e-01	7.336785e-01	2.294912e-02	2.868640e-02	1.502705e-01	7.092882e-02	4.768064e-01	9.936195e-01
4318	5.074793e-01	1.653983e-01	2.431006e-02	3.038758e-02	1.591819e-01	1.339218e-01	9.497490e-01	2.793070e-01
31661	9.209076e-01	4.684788e-01	3.772858e-02	4.716072e-02	2.470461e-01	1.975546e-01	8.723530e-01	4.748411e-01
2373	8.212870e-01	8.356957e-02	4.125593e-02	5.156992e-02	2.701432e-01	2.302612e-01	6.701270e-02	9.751984e-01
26076	2.023798e-01	5.165762e-01	3.532063e-02	4.415079e-02	2.312789e-01	1.870991e-01	8.249250e-01	8.677225e-02
14547	5.194150e-01	8.763398e-02	6.824202e-02	8.530252e-02	4.468477e-01	2.178945e-01	4.256722e-01	9.942161e-02
16041	7.176245e-01	4.141007e-01	2.359898e-02	2.949873e-02	1.545258e-01	1.353646e-01	9.476120e-01	1.164919e-01
