20013	5.555792e-01	5.632074e-01	2.497313e-02	3.121642e-02	1.635237e-01	9.072854e-02	6.791471e-01	3.602693e-02
3473	2.787465e-01	3.432955e-01	4.086017e-02	5.107521e-02	2.675517e-01	1.919572e-01	9.032772e-01	6.684782e-01
20956	8.321185e-01	7.585229e-01	6.559396e-02	8.199245e-02	4.295082e-01	1.664878e-01	1.084840e-01	6.125137e-01
5866	8.471150e-01	9.132082e-01	2.900940e-02	3.626175e-02	1.899531e-01	1.819515e-01	9.344735e-01	3.706288e-01
5014	4.393494e-01	2.107990e-01	5.687955e-02	7.109944e-02	3.724464e-01	2.129287e-01	5.668334e-01	9.673061e-01
4182	9.485357e-01	5.029681e-01	3.577798e-02	4.472248e-02	2.342737e-01	2.245471e-01	8.826235e-01	8.259747e-02
3600	6.603497e-01	7.208440e-01	4.266323e-02	5.332904e-02	2.793582e-01	2.636493e-01	4.528320e-02	9.603410e-01
9605	1.452391e-01	5.011852e-01	5.956393e-02	7.445491e-02	3.900237e-01	2.816160e-01	4.952369e-01	6.396456e-01
26124	6.087250e-01	4.308575e-01	2.560186e-02	3.200233e-02	1.676406e-01	9.453378e-02	8.175176e-01	1.597205e-01
18215	2.449923e-01	8.647081e-01	2.177197e-02	2.721496e-02	1.425625e-01	1.393225e-01	8.480678e-01	5.304323e-01
15120	6.068728e-01	9.366338e-01	3.387684e-02	4.234605e-02	2.218250e-01	6.910189e-02	6.253942e-02	2.975363e-01
18019	5.224932e-01	7.049700e-01	2.290479e-02	2.863099e-02	1.499802e-01	8.622908e-02	2.003343e-01	5.099171e-01
12138	9.565533e-01	5.477306e-01	2.129743e-02	2.662178e-02	1.394552e-01	9.668552e-02	2.378376e-01	2.558039e-01
7998	3.194211e-01	5.319475e-01	5.104890e-02	6.381112e-02	3.342674e-01	3.239523e-01	5.008965e-01	3.615173e-01
3241	3.015293e-01	7.600483e-01	4.077245e-02	5.096556e-02	2.669774e-01	2.271743e-01	4.402383e-01	7.841112e-01
20175	3.368027e-01	1.556592e-01	5.278966e-02	6.598707e-02	3.456659e-01	2.810865e-01	7.960368e-01	6.239051e-01
6676	7.043074e-01	3.102860e-01	7.912623e-02	9.890778e-02	5.181173e-01	5.074332e-01	2.526744e-02	3.508863e-02
20916	5.856871e-01	5.252433e-01	4.217421e-02	5.271776e-02	2.761561e-01	1.459788e-01	3.607911e-01	3.329111e-01
25911	3.900924e-01	8.508533e-01	3.993253e-02	4.991567e-02	2.614776e-01	8.768117e-02	6.235283e-02	6.808555e-01
29234	6.727644e-01	5.287682e-01	3.204886e-02	4.006108e-02	2.098554e-01	8.586805e-02	4.527942e-01	3.325669e-01
114	6.350072e-01	8.812843e-01	3.603544e-02	4.504430e-02	2.359595e-01	9.827523e-02	4.349379e-01	3.143079e-02
8372	5.202100e-02	3.697209e-01	3.687251e-02	4.609064e-02	2.414406e-01	9.093893e-02	2.357477e-01	8.695837e-01
29135	1.618467e-01	8.860183e-01	2.087352e-02	2.609190e-02	1.366795e-01	1.360336e-01	2.373183e-01	2.744918e-01
24259	7.505930e-01	8.555222e-01	2.586126e-02	3.232658e-02	1.693392e-01	1.588885e-01	3.151899e-01	2.661253e-02
32381	4.011857e-01	7.167675e-01	3.811438e-02	4.764297e-02	2.495723e-01	2.190313e-01	7.077943e-01	2.245238e-01
2663	3.368588e-01	4.496752e-01	2.237148e-02	2.796436e-02	1.464881e-01	1.403845e-01	4.015991e-01	3.162598e-01
3368	2.329860e-01	6.874620e-01	7.362104e-02	9.202630e-02	4.820694e-01	2.766990e-01	6.089576e-01	8.087808e-01
28690	5.258434e-01	4.654893e-01	6.565044e-02	8.206304e-02	4.298780e-01	1.421262e-01	9.776109e-01	9.211350e-01
18396	7.830816e-01	4.529240e-01	2.911684e-02	3.639604e-02	1.906566e-01	1.623009e-01	3.228364e-01	7.104346e-01
16763	7.719683e-02	1.482501e-01	3.845506e-02	4.806882e-02	2.518031e-01	2.411176e-01	2.414386e-01	3.061097e-01
4933	9.141991e-01	4.505707e-01	6.434313e-02	8.042892e-02	4.213178e-01	1.653508e-01	9.472922e-01	9.144684e-01
28846	5.798426e-01	6.233264e-01	3.426488e-02	4.283109e-02	2.243659e-01	1.288472e-01	7.110779e-01	4.531777e-01
31600	4.303915e-01	7.324176e-01	3.135482e-02	3.919352e-02	2.053109e-01	1.033238e-01	6.419583e-01	1.476231e-01
30492	1.564601e-01	8.363645e-01	4.524007e-02	5.655009e-02	2.962313e-01	2.940783e-01	5.863115e-01	8.674841e-01
1646	2.422493e-01	2.236099e-01	2.139215e-02	2.674018e-02	1.400754e-01	8.653835e-02	4.148616e-01	1.948585e-01
7768	2.954377e-01	2.628160e-01	6.129926e-02	7.662408e-02	4.013866e-01	2.193403e-01	3.916471e-01	4.738713e-01
2608	9.030072e-01	4.792150e-02	2.604766e-02	3.255958e-02	1.705597e-01	1.629614e-01	8.578835e-01	1.806315e-01
9725	6.286156e-01	3.765864e-01	2.235874e-02	2.794842e-02	1.464047e-01	1.099371e-01	8.233215e-01	1.801399e-01
28927	1.808963e-01	4.136837e-01	2.737485e-02	3.421856e-02	1.792501e-01	1.039548e-01	7.319916e-01	2.356351e-01
2055	2.318952e-01	9.225838e-01	2.588217e-02	3.235271e-02	1.694760e-01	9.821888e-02	1.132149e-01	3.719190e-01
24888	9.646293e-01	1.361508e-01	3.659239e-02	4.574049e-02	2.396064e-01	1.081247e-01	8.421671e-01	4.218553e-01
20729	8.350463e-01	8.690249e-01	3.258888e-02	4.073610e-02	2.133915e-01	1.128510e-01	6.485098e-01	1.462153e-01
5262	3.912465e-01	6.597136e-01	2.663725e-02	3.329657e-02	1.744203e-01	5.706092e-02	6.453039e-01	4.812583e-01
25576	3.767579e-01	7.598424e-01	2.281855e-02	2.852318e-02	1.494155e-01	1.360397e-01	8.568766e-01	6.112613e-01
5222	3.562173e-01	8.553879e-01	2.181805e-02	2.727256e-02	1.428642e-01	1.268115e-01	9.255986e-01	6.226378e-01
19022	1.952386e-01	3.781439e-01	2.109954e-02	2.637443e-02	1.381595e-01	4.987369e-02	5.735296e-01	1.197819e-01
2497	6.411305e-01	4.982887e-01	3.631280e-02	4.539100e-02	2.377757e-01	1.331199e-01	2.293086e-01	2.157580e-01
12131	3.347515e-01	2.599480e-01	2.783176e-02	3.478969e-02	1.822419e-01	5.347481e-02	5.981245e-01	5.618971e-03
14395	8.597276e-01	3.398441e-01	2.565439e-02	3.206798e-02	1.679845e-01	1.458939e-01	7.841709e-01	3.577311e-01
7326	3.453267e-01	6.364488e-01	3.324707e-02	4.155884e-02	2.177013e-01	1.937363e-01	3.841833e-02	9.244653e-01
14706	7.190901e-01	6.038180e-01	6.959136e-02	8.698919e-02	4.556831e-01	3.595854e-01	2.702377e-01	5.779020e-01
4661	5.579012e-01	4.116908e-01	2.246224e-02	2.807780e-02	1.470824e-01	1.280195e-01	3.140264e-01	4.788047e-01
31749	5.214496e-01	4.201999e-01	2.161433e-02	2.701791e-02	1.415303e-01	9.840972e-02	3.558642e-01	2.922215e-01
2268	5.297075e-01	5.926573e-01	2.085454e-02	2.606817e-02	1.365552e-01	1.359293e-01	3.721608e-01	9.428100e-01
8904	1.758657e-01	7.601338e-01	3.025449e-02	3.781811e-02	1.981059e-01	1.878307e-01	4.433937e-01	6.869218e-01
16968	2.799040e-01	4.485749e-01	2.075706e-02	2.594632e-02	1.359169e-01	1.258204e-01	9.346706e-01	7.758653e-01
3369	7.783481e-01	2.844402e-01	5.279657e-02	6.599571e-02	3.457111e-01	2.193684e-01	4.369055e-01	5.376696e-01
8211	9.208321e-02	6.016046e-01	2.241823e-02	2.802279e-02	1.467942e-01	1.262263e-01	4.510758e-01	8.247246e-01
30602	7.880515e-01	3.836701e-01	2.507397e-02	3.134246e-02	1.641839e-01	1.558948e-01	8.049820e-01	1.262664e-01
30096	2.289453e-01	4.217135e-01	4.538811e-02	5.673514e-02	2.972007e-01	2.880210e-01	2.692541e-01	2.297084e-01
14655	1.977866e-01	8.541382e-01	4.336507e-02	5.420634e-02	2.839538e-01	2.125292e-01	5.626209e-01	8.970032e-01
29969	7.549711e-01	1.335212e-01	3.254840e-02	4.068550e-02	2.131264e-01	9.506325e-02	2.965754e-01	8.095770e-01
23006	6.586763e-01	8.503076e-01	3.346413e-02	4.183017e-02	2.191226e-01	2.047583e-01	7.323659e-02	7.648062e-01
6034	1.014671e-01	4.275065e-01	2.143186e-02	2.678983e-02	1.403355e-01	1.382436e-01	5.065101e-01	4.540605e-01
16028	3.514448e-01	3.763212e-01	5.859784e-02	7.324730e-02	3.836978e-01	1.435355e-01	4.158739e-01	4.956409e-01
30313	1.834998e-01	1.799475e-01	2.614945e-02	3.268681e-02	1.712262e-01	4.727224e-02	2.562225e-01	3.272848e-01
23147	3.263265e-01	4.358411e-02	2.427663e-02	3.034579e-02	1.589630e-01	1.164452e-01	2.015484e-01	4.741767e-01
22363	4.794379e-01	3.312277e-01	3.368669e-02	4.210836e-02	2.205799e-01	1.778864e-01	7.274519e-01	5.412705e-01
5122	2.480759e-01	7.895731e-01	2.160911e-02	2.701139e-02	1.414961e-01	5.401448e-02	2.068408e-01	7.947602e-01
17216	1.998282e-01	2.863009e-01	5.322505e-02	6.653132e-02	3.485168e-01	3.318397e-01	7.450141e-01	5.022289e-01
25870	6.258777e-02	7.099576e-01	2.856965e-02	3.571206e-02	1.870736e-01	1.107072e-01	7.547536e-01	9.174199e-01
