8926	3.681677e-01	3.596824e-01	4.257247e-02	5.321559e-02	2.787639e-01	2.263250e-01	5.532272e-01	2.724370e-01
28099	7.323661e-01	1.960430e-01	2.905823e-02	3.632279e-02	1.902729e-01	1.241854e-01	6.097245e-01	5.997809e-01
20649	1.758242e-01	8.712822e-01	2.662333e-02	3.327916e-02	1.743292e-01	1.439237e-01	1.525625e-01	5.939568e-01
193	9.480887e-01	7.599702e-01	3.589365e-02	4.486707e-02	2.350311e-01	2.339864e-01	2.028246e-01	9.709895e-01
29033	6.282405e-01	8.665429e-02	2.196006e-02	2.745008e-02	1.437942e-01	1.437341e-01	3.770164e-01	8.042501e-01
14383	7.911273e-01	9.517256e-01	3.257052e-02	4.071315e-02	2.132713e-01	6.412416e-02	7.829177e-01	2.757459e-01
1825	2.214733e-01	3.446712e-01	2.150506e-02	2.688132e-02	1.408148e-01	1.406809e-01	4.361797e-01	1.523537e-01
29775	3.217603e-01	9.245951e-01	2.471358e-02	3.089198e-02	1.618241e-01	1.402759e-01	4.513585e-01	8.304543e-01
23240	6.505408e-01	7.636157e-01	2.145996e-02	2.682495e-02	1.405195e-01	6.170211e-02	9.810121e-02	8.549924e-01
10122	4.062264e-01	8.457695e-01	5.334033e-02	6.667541e-02	3.492716e-01	1.864265e-01	7.284118e-01	4.921844e-01
15337	8.283510e-01	5.046815e-01	2.849635e-02	3.562044e-02	1.865937e-01	1.499460e-01	3.181460e-01	7.646243e-01
8239	5.406649e-01	6.473423e-01	5.966782e-02	7.458477e-02	3.907039e-01	2.941461e-01	1.931360e-01	6.036632e-01
20249	2.995192e-01	8.827639e-01	3.508270e-02	4.385337e-02	2.297210e-01	1.860371e-01	5.785642e-01	2.944780e-02
29921	9.299711e-01	5.147993e-01	2.136623e-02	2.670778e-02	1.399057e-01	1.039953e-01	4.064250e-01	9.745701e-01
19928	4.291074e-02	7.394727e-01	4.553766e-02	5.692207e-02	2.981799e-01	1.843521e-01	5.096985e-01	1.379731e-01
11849	1.352914e-01	6.406937e-01	7.246829e-02	9.058536e-02	4.745212e-01	2.332300e-01	9.262585e-01	5.136701e-01
30208	9.600698e-01	2.349900e-01	2.115467e-02	2.644333e-02	1.385204e-01	1.385108e-01	3.833826e-01	3.149744e-01
23577	5.872587e-02	8.155689e-01	2.981768e-02	3.727210e-02	1.952457e-01	1.075377e-01	1.703031e-01	5.963810e-01
20030	7.917032e-02	3.701677e-01	2.180348e-02	2.725435e-02	1.427688e-01	1.410262e-01	9.268109e-01	6.168117e-01
8005	3.734772e-01	4.967845e-01	2.112410e-02	2.640513e-02	1.383203e-01	1.279853e-01	5.073545e-02	6.701935e-01
14747	5.118170e-01	8.203036e-01	2.300300e-02	2.875375e-02	1.506233e-01	1.489526e-01	5.987719e-01	3.245949e-01
28048	3.478450e-01	6.667615e-01	2.128209e-02	2.660261e-02	1.393548e-01	8.174955e-02	9.506015e-01	9.652916e-01
20193	1.460763e-01	3.900859e-01	5.103816e-02	6.379770e-02	3.341971e-01	2.614673e-01	7.947278e-01	1.273205e-01
2093	5.570320e-01	1.550973e-01	2.332967e-02	2.916208e-02	1.527623e-01	6.991342e-02	5.423949e-01	4.201185e-01
32759	9.574195e-01	9.468744e-01	2.210840e-02	2.763550e-02	1.447655e-01	9.388080e-02	2.031218e-01	3.387548e-01
2018	4.316501e-01	5.788790e-01	2.183322e-02	2.729152e-02	1.429636e-01	1.332181e-01	5.325168e-01	6.597800e-02
9324	1.195149e-01	1.192775e-01	3.191602e-02	3.989503e-02	2.089856e-01	1.303947e-01	6.854352e-01	7.459478e-01
3175	8.929290e-01	3.875392e-01	5.083107e-02	6.353884e-02	3.328411e-01	1.849353e-01	6.596828e-01	5.727897e-01
14422	2.251036e-01	5.810982e-01	3.003453e-02	3.754316e-02	1.966656e-01	6.048004e-02	2.443076e-01	3.815792e-02
28060	1.660931e-01	1.504053e-01	5.273531e-02	6.591914e-02	3.453100e-01	3.083758e-01	2.713313e-01	9.433834e-01
5088	3.377042e-01	7.612970e-01	7.248645e-02	9.060806e-02	4.746401e-01	4.159260e-01	9.993681e-01	8.585801e-02
25314	7.082813e-01	3.080764e-01	5.145631e-02	6.432039e-02	3.369351e-01	1.534055e-01	6.869760e-01	9.068993e-01
1288	4.682326e-01	7.109678e-01	3.499428e-02	4.374284e-02	2.291420e-01	1.645297e-01	5.974358e-01	8.529511e-01
325	8.722815e-01	8.228938e-01	2.426884e-02	3.033605e-02	1.589120e-01	6.619649e-02	7.408006e-01	1.200603e-01
7928	6.876878e-01	5.459742e-01	2.418170e-02	3.022712e-02	1.583414e-01	1.579040e-01	2.428893e-01	3.059535e-01
32072	1.250799e-01	9.141532e-01	5.234288e-02	6.542860e-02	3.427404e-01	1.093773e-01	9.776891e-01	3.253034e-01
23177	7.425556e-01	7.936740e-01	4.502168e-02	5.627710e-02	2.948012e-01	2.357582e-01	3.145437e-01	9.275160e-01
11677	5.802167e-01	4.888050e-01	2.598844e-02	3.248556e-02	1.701719e-01	1.344851e-01	8.032596e-01	1.662074e-01
1586	8.351246e-01	6.177847e-01	3.822536e-02	4.778170e-02	2.502991e-01	2.044696e-01	8.924335e-01	5.797581e-01
32015	9.336088e-02	5.653047e-01	3.878877e-02	4.848596e-02	2.539883e-01	1.737184e-01	5.718704e-02	9.126761e-01
3837	5.727497e-01	5.291480e-01	2.311455e-02	2.889318e-02	1.513537e-01	8.122260e-02	3.609342e-01	6.325032e-01
18178	6.732966e-01	2.283079e-01	5.389410e-02	6.736763e-02	3.528977e-01	2.302865e-01	4.743129e-01	2.915020e-01
4606	7.898866e-01	1.399403e-01	2.738275e-02	3.422844e-02	1.793018e-01	1.451934e-01	1.650894e-01	6.957450e-01
16948	3.257858e-01	3.013231e-01	5.571840e-02	6.964799e-02	3.648432e-01	2.356517e-01	7.041990e-01	9.641989e-01
31759	7.621247e-01	6.093606e-01	4.802211e-02	6.002764e-02	3.144481e-01	2.874299e-01	9.466931e-01	1.893273e-01
19124	7.877256e-01	6.765148e-01	6.296939e-02	7.871174e-02	4.123226e-01	1.916124e-01	7.998987e-02	6.532936e-01
20287	4.425719e-01	2.452089e-01	3.059971e-02	3.824964e-02	2.003664e-01	1.909855e-01	2.979552e-01	2.169456e-01
20572	7.497592e-01	5.368299e-01	4.851694e-02	6.064618e-02	3.176882e-01	3.172159e-01	3.051138e-01	9.693968e-01
8274	3.611204e-01	5.562622e-01	3.000954e-02	3.751192e-02	1.965020e-01	1.127207e-01	7.914277e-01	8.927982e-01
13509	4.563611e-01	5.733694e-02	4.471157e-02	5.588947e-02	2.927707e-01	2.437894e-01	1.366125e-01	1.713944e-01
11724	1.846417e-01	3.350299e-01	6.963718e-02	8.704647e-02	4.559832e-01	2.668553e-01	4.098368e-01	8.788001e-04
20906	7.955164e-02	7.936923e-01	2.228810e-02	2.786013e-02	1.459422e-01	1.261723e-01	4.916058e-01	7.645777e-01
21261	3.911231e-01	1.287364e-01	7.487941e-02	9.359926e-02	4.903092e-01	3.105631e-01	2.414949e-01	9.070628e-01
2404	5.902289e-02	5.742010e-01	2.684246e-02	3.355307e-02	1.757640e-01	5.660978e-02	5.852295e-01	1.582925e-01
27122	9.471036e-01	1.262818e-01	2.809227e-02	3.511534e-02	1.839477e-01	1.820811e-01	6.026367e-01	1.295122e-01
29249	2.619040e-01	3.821731e-01	2.398158e-02	2.997697e-02	1.570310e-01	1.273388e-01	8.632776e-01	9.121335e-01
10662	5.067272e-01	9.298033e-02	5.752018e-02	7.190023e-02	3.766413e-01	3.747192e-01	6.789843e-01	9.046822e-01
1266	7.998682e-01	7.415975e-01	3.256634e-02	4.070792e-02	2.132439e-01	1.229365e-01	9.735837e-01	3.222188e-01
296	6.388935e-02	1.594671e-01	5.467542e-02	6.834428e-02	3.580138e-01	2.535817e-01	9.056406e-01	2.308853e-01
11287	7.839948e-01	4.350545e-01	2.762021e-02	3.452527e-02	1.808567e-01	1.795070e-01	2.874723e-01	1.053691e-01
28238	6.889356e-01	9.102308e-01	4.321490e-02	5.401862e-02	2.829705e-01	2.666360e-01	9.800114e-01	4.224797e-01
5957	2.715712e-01	9.087836e-01	2.657245e-02	3.321557e-02	1.739960e-01	1.306915e-01	3.504812e-01	3.845775e-01
23559	1.508192e-01	2.456299e-01	2.380867e-02	2.976084e-02	1.558988e-01	1.364986e-01	4.554953e-01	8.503280e-01
22500	5.009255e-01	9.170956e-01	2.159583e-02	2.699479e-02	1.414092e-01	1.309034e-01	3.915736e-01	4.870674e-01
21899	6.837841e-01	8.161133e-01	4.215826e-02	5.269782e-02	2.760516e-01	1.563741e-01	6.261891e-01	4.121432e-01
26704	7.816591e-01	1.963916e-01	3.733716e-02	4.667145e-02	2.444832e-01	1.890051e-01	7.203579e-01	1.886275e-01
11999	4.663245e-01	5.866574e-01	2.932664e-02	3.665830e-02	1.920304e-01	9.876535e-02	1.337343e-01	2.386759e-01
27941	3.362437e-01	6.412554e-01	2.349557e-02	2.936947e-02	1.538487e-01	1.487608e-01	3.110694e-01	7.692918e-01
18829	8.564896e-01	3.120717e-01	4.175228e-02	5.219035e-02	2.733933e-01	1.272470e-01	3.025488e-01	8.922988e-01
7684	3.270812e-01	7.878837e-02	2.397210e-02	2.996513e-02	1.569689e-01	9.509192e-02	1.885839e-01	1.389123e-01
31170	8.269967e-01	1.574814e-01	2.981927e-02	3.727409e-02	1.952561e-01	1.690403e-01	4.669517e-02	7.292871e-01
7568	2.090960e-01	7.808088e-02	6.197659e-02	7.747074e-02	4.058218e-01	2.278947e-01	4.818772e-01	6.616529e-01
2242	5.404569e-01	5.881973e-01	2.924726e-02	3.655908e-02	1.915106e-01	8.073570e-02	4.943784e-01	6.848802e-01
11953	6.076741e-01	2.755701e-01	2.104537e-02	2.630672e-02	1.378048e-01	1.304938e-01	2.138284e-01	7.054300e-01
14848	6.099254e-01	9.467966e-01	2.914932e-02	3.643664e-02	1.908693e-01	1.236196e-01	5.562859e-02	9.583814e-01
20704	8.817995e-01	1.259824e-01	2.210380e-02	2.762975e-02	1.447353e-01	9.149907e-02	3.368935e-01	6.073383e-01
3388	3.784036e-01	6.472246e-01	2.172744e-02	2.715930e-02	1.422709e-01	1.063048e-01	9.956970e-01	2.737607e-01
358	6.278252e-01	2.054918e-01	4.302583e-02	5.378229e-02	2.817325e-01	1.782517e-01	8.231619e-01	8.942991e-01
2217	8.978184e-01	5.052959e-01	3.882519e-02	4.853149e-02	2.542268e-01	2.452992e-01	1.798978e-02	2.330558e-01
31176	4.128407e-01	3.259183e-01	2.131691e-02	2.664613e-02	1.395828e-01	7.058637e-02	7.095244e-01	5.566050e-01
18363	5.137290e-01	2.845709e-01	2.551317e-02	3.189146e-02	1.670598e-01	1.616407e-01	5.394777e-01	8.712284e-02
