3406	2.169991e-01	1.282282e-01	2.201507e-02	2.751884e-02	1.441544e-01	6.108299e-02	7.644925e-01	7.131738e-01
15715	1.274165e-01	3.948602e-01	3.948914e-02	4.936143e-02	2.585743e-01	1.471566e-01	9.645497e-01	6.963536e-01
14328	9.450275e-01	8.863603e-02	2.928979e-02	3.661224e-02	1.917891e-01	5.362409e-02	6.022685e-01	4.869859e-01
2153	3.900284e-01	4.976078e-01	2.603472e-02	3.254340e-02	1.704750e-01	8.745123e-02	2.900426e-01	3.851745e-01
15620	2.322707e-01	6.458383e-01	2.253404e-02	2.816755e-02	1.475525e-01	1.415064e-01	1.779947e-01	6.105605e-01
12829	3.830269e-01	2.102498e-01	3.229244e-02	4.036555e-02	2.114504e-01	1.961794e-01	1.389418e-01	8.982117e-01
30298	2.747734e-01	8.649737e-01	2.862838e-02	3.578548e-02	1.874582e-01	1.677734e-01	5.097385e-01	5.049975e-02
26673	4.109457e-01	8.859412e-01	2.869615e-02	3.587019e-02	1.879020e-01	6.427426e-02	7.200609e-01	4.483995e-01
23267	5.948549e-01	7.295768e-02	2.320977e-02	2.901222e-02	1.519772e-01	1.248466e-01	1.584865e-01	5.444065e-01
31384	1.921072e-01	9.376629e-01	2.562004e-02	3.202505e-02	1.677596e-01	1.635436e-01	5.505397e-02	8.412230e-01
21894	5.559225e-01	1.532809e-01	3.512026e-02	4.390032e-02	2.299669e-01	1.908119e-01	3.454705e-01	9.906832e-01
7897	9.459722e-01	7.656996e-01	3.536485e-02	4.420606e-02	2.315685e-01	2.231621e-01	3.846756e-01	3.865278e-01
17427	9.158524e-01	5.960126e-01	2.387894e-02	2.984868e-02	1.563589e-01	5.780214e-02	8.355704e-01	4.662470e-01
29659	5.110514e-01	6.106197e-01	5.366991e-02	6.708738e-02	3.514297e-01	1.287088e-01	9.400331e-01	1.950291e-01
27097	4.930604e-01	9.383908e-01	3.969141e-02	4.961427e-02	2.598988e-01	1.516837e-01	8.472129e-01	3.165206e-01
4959	3.410405e-02	9.345176e-01	2.374414e-02	2.968018e-02	1.554763e-01	5.203673e-02	2.331900e-01	2.624795e-01
9230	6.722700e-01	5.976304e-01	2.087723e-02	2.609654e-02	1.367038e-01	1.325175e-01	3.096374e-01	4.549667e-01
20540	3.482716e-01	9.044620e-01	6.286502e-02	7.858127e-02	4.116392e-01	1.713118e-01	6.743254e-01	4.604837e-01
24461	9.364140e-01	9.241643e-01	2.996837e-02	3.746047e-02	1.962324e-01	1.040790e-01	4.232776e-01	9.787125e-01
7500	7.651966e-01	5.159552e-01	2.931276e-02	3.664095e-02	1.919395e-01	1.641467e-01	4.568260e-01	1.489413e-01
21757	2.203583e-01	8.792467e-01	4.788760e-02	5.985950e-02	3.135672e-01	2.114735e-01	1.058909e-01	4.663658e-01
25639	5.300703e-01	6.538446e-01	3.958884e-02	4.948605e-02	2.592271e-01	2.164297e-01	7.447870e-01	2.412567e-01
5601	8.397455e-01	9.068239e-01	2.962103e-02	3.702629e-02	1.939581e-01	1.220533e-01	5.044090e-01	1.634273e-01
11145	9.300955e-01	5.583682e-01	5.436404e-02	6.795505e-02	3.559749e-01	1.939826e-01	2.873680e-01	2.697113e-01
18281	1.727100e-01	9.036745e-02	2.677022e-02	3.346278e-02	1.752910e-01	9.219185e-02	7.546749e-01	9.316999e-01
16093	7.820730e-01	6.041031e-01	6.782545e-02	8.478181e-02	4.441200e-01	2.691700e-01	2.354570e-01	5.745514e-01
1780	6.014646e-01	9.468310e-01	2.137252e-02	2.671565e-02	1.399469e-01	1.282678e-01	4.284358e-01	7.723396e-01
15599	3.931374e-01	6.213959e-01	4.615440e-02	5.769301e-02	3.022183e-01	2.840220e-01	4.138551e-01	3.841126e-01
9698	7.955996e-01	7.301876e-01	5.120609e-02	6.400761e-02	3.352967e-01	3.079992e-01	4.048273e-02	6.905030e-01
29530	6.930890e-01	3.638635e-01	3.331783e-02	4.164729e-02	2.181647e-01	2.178475e-01	4.419055e-01	9.919206e-01
15811	6.838873e-01	4.449342e-01	2.244273e-02	2.805342e-02	1.469547e-01	1.179448e-01	9.591365e-01	4.996498e-01
7875	3.493139e-01	1.595254e-01	6.437457e-02	8.046821e-02	4.215237e-01	2.278392e-01	1.729332e-01	2.514808e-01
19544	5.320794e-01	3.799742e-01	3.379786e-02	4.224733e-02	2.213079e-01	1.137381e-01	8.887247e-01	1.586983e-01
18431	3.344781e-01	4.190361e-01	3.618376e-02	4.522970e-02	2.369307e-01	2.077373e-01	9.330820e-01	5.601343e-01
18276	8.704845e-02	1.148527e-01	4.796482e-02	5.995603e-02	3.140729e-01	1.248735e-01	8.500406e-01	3.447262e-01
22296	6.964507e-01	8.765857e-01	4.232873e-02	5.291091e-02	2.771679e-01	9.846670e-02	1.522044e-01	7.101772e-01
12793	5.591258e-01	4.754477e-01	4.934689e-02	6.168361e-02	3.231227e-01	2.969884e-01	7.317555e-01	4.555175e-01
621	5.914366e-01	2.332390e-01	6.815097e-02	8.518871e-02	4.462515e-01	2.621226e-01	1.413101e-01	1.673113e-01
17865	4.034251e-01	6.914784e-01	4.068391e-02	5.085488e-02	2.663976e-01	2.662784e-01	3.528315e-01	6.298327e-01
19449	1.988046e-01	2.620744e-01	3.753615e-02	4.692019e-02	2.457861e-01	1.905450e-01	7.217439e-01	6.173195e-01
1973	3.609215e-01	4.022108e-02	2.201216e-02	2.751520e-02	1.441353e-01	1.415968e-01	4.273617e-01	9.534379e-01
6551	9.501408e-01	8.501622e-01	2.944212e-02	3.680265e-02	1.927865e-01	1.746994e-01	4.694497e-01	5.168438e-01
32037	7.299714e-01	8.797468e-01	2.588150e-02	3.235188e-02	1.694717e-01	1.394053e-01	5.825491e-01	4.963827e-01
21218	9.093215e-01	4.539484e-01	5.724891e-02	7.156114e-02	3.748650e-01	1.499521e-01	3.643121e-01	1.162078e-01
26676	9.419770e-01	3.522259e-01	3.056402e-02	3.820502e-02	2.001327e-01	8.766753e-02	7.780242e-01	4.584128e-02
11182	4.953962e-01	8.806652e-01	3.539333e-02	4.424166e-02	2.317549e-01	2.278753e-01	9.990326e-01	8.205539e-01
30436	9.048425e-01	9.016341e-02	3.244390e-02	4.055487e-02	2.124421e-01	7.103092e-02	6.751724e-01	7.221740e-01
19979	9.389092e-01	7.244261e-01	2.433874e-02	3.042343e-02	1.593697e-01	1.114118e-01	5.797176e-01	5.114034e-01
6719	5.490494e-01	3.260945e-01	2.751352e-02	3.439190e-02	1.801581e-01	1.798339e-01	5.860739e-01	4.849665e-01
6400	5.827361e-01	7.643705e-01	3.900354e-02	4.875443e-02	2.553946e-01	1.619326e-01	1.306206e-02	3.591652e-01
4406	7.696529e-01	4.572413e-01	2.541351e-02	3.176689e-02	1.664073e-01	6.390791e-02	7.149662e-01	8.692278e-01
21587	8.514420e-01	2.390725e-01	5.221952e-02	6.527439e-02	3.419326e-01	3.409896e-01	6.606813e-01	4.877232e-01
17230	6.234040e-01	3.474713e-01	3.169355e-02	3.961694e-02	2.075289e-01	1.910817e-01	6.428425e-01	3.037038e-01
16401	6.585843e-01	6.823236e-01	6.637278e-02	8.296598e-02	4.346080e-01	2.751983e-01	9.876458e-01	9.224724e-01
19576	3.830503e-01	7.671524e-01	2.362327e-02	2.952908e-02	1.546848e-01	1.496740e-01	5.937227e-01	3.511274e-02
16597	5.092376e-01	4.412702e-01	5.102599e-02	6.378248e-02	3.341174e-01	9.809823e-02	5.603032e-01	1.284534e-01
14904	2.738577e-01	7.346524e-01	2.602789e-02	3.253486e-02	1.704302e-01	8.025994e-02	5.349587e-01	1.827462e-01
5973	8.892233e-01	1.593717e-01	5.257542e-02	6.571927e-02	3.442630e-01	1.593182e-01	6.282684e-01	5.564625e-01
1134	1.273714e-01	6.639211e-01	3.686283e-02	4.607854e-02	2.413772e-01	2.196460e-01	6.922969e-01	9.595317e-01
22433	4.992961e-01	2.847580e-01	2.492376e-02	3.115470e-02	1.632004e-01	1.020237e-01	7.748479e-01	6.249850e-01
23503	3.234508e-02	6.973629e-01	2.768018e-02	3.460022e-02	1.812494e-01	1.081860e-01	5.879443e-01	6.277844e-01
24256	9.740893e-01	3.658037e-01	2.077678e-02	2.597097e-02	1.360460e-01	1.241558e-01	9.205285e-01	8.352143e-01
19165	2.745350e-01	9.050552e-01	2.566292e-02	3.207865e-02	1.680404e-01	1.676219e-01	3.955280e-01	5.380265e-01
3398	4.249318e-01	5.106110e-02	2.656680e-02	3.320851e-02	1.739590e-01	5.297348e-02	7.723802e-02	4.853461e-01
31431	3.570936e-01	3.222275e-01	5.137724e-02	6.422154e-02	3.364173e-01	2.852440e-01	4.460687e-01	1.788177e-01
23472	1.021137e-01	7.702748e-01	4.197986e-02	5.247482e-02	2.748834e-01	2.181219e-01	2.930641e-01	4.778065e-01
20223	3.624953e-01	9.722631e-01	2.241404e-02	2.801755e-02	1.467668e-01	1.467655e-01	4.294813e-01	7.382668e-01
1632	2.479802e-01	1.401718e-01	2.406660e-02	3.008325e-02	1.575877e-01	8.980332e-02	1.200023e-01	6.461461e-01
27653	1.129756e-01	2.637820e-01	2.560938e-02	3.201172e-02	1.676898e-01	1.651317e-01	7.117084e-01	3.884884e-01
28374	6.995897e-01	7.373154e-01	3.220716e-02	4.025896e-02	2.108920e-01	2.081866e-01	6.617076e-02	1.037827e-01
4580	3.126181e-01	5.197993e-01	2.879007e-02	3.598758e-02	1.885169e-01	1.701676e-01	8.641430e-01	2.077379e-01
3388	8.195713e-01	5.809429e-01	2.354238e-02	2.942798e-02	1.541552e-01	1.527479e-01	2.089015e-01	4.069653e-01
11341	5.902144e-01	6.750318e-01	4.072339e-02	5.090423e-02	2.666561e-01	2.666555e-01	9.469596e-01	4.492473e-01
17565	2.057842e-01	8.196843e-01	2.388358e-02	2.985447e-02	1.563893e-01	1.189306e-01	8.770325e-01	8.182920e-01
4173	8.723958e-01	7.241240e-02	2.963368e-02	3.704210e-02	1.940409e-01	1.892841e-01	1.939679e-01	1.720538e-01
32214	9.466293e-01	2.407415e-01	3.162703e-02	3.953378e-02	2.070933e-01	2.070516e-01	2.247138e-01	9.375430e-02
32499	9.633917e-01	6.807892e-01	2.495543e-02	3.119429e-02	1.634078e-01	1.247351e-01	1.624198e-01	2.458479e-01
