4325	8.353148e-01	9.980522e-02	6.177040e-02	7.721300e-02	4.044716e-01	1.994450e-01	1.241008e-01	2.690144e-01
7751	4.744873e-01	8.328022e-01	6.230980e-02	7.788725e-02	4.080036e-01	3.460661e-01	6.439340e-01	5.842408e-01
6758	8.100663e-01	4.398406e-01	7.553906e-02	9.442382e-02	4.946286e-01	3.712035e-01	7.836188e-01	7.266310e-01
29958	1.853011e-01	9.479106e-01	3.631977e-02	4.539972e-02	2.378213e-01	2.377118e-01	5.758883e-01	7.740324e-01
22699	7.510254e-01	2.458128e-01	4.505437e-02	5.631796e-02	2.950153e-01	1.612580e-01	2.946571e-01	6.997709e-01
4182	1.074432e-01	8.165668e-01	5.395827e-02	6.744784e-02	3.533179e-01	2.330580e-01	7.280655e-01	5.064838e-01
26960	8.609246e-01	4.984887e-01	2.278203e-02	2.847753e-02	1.491764e-01	1.481327e-01	8.830053e-01	9.143082e-01
32475	7.826409e-01	9.181212e-01	2.436992e-02	3.046240e-02	1.595738e-01	4.372191e-02	5.639248e-01	5.525324e-01
32401	5.258535e-01	4.163503e-01	2.163401e-02	2.704251e-02	1.416592e-01	1.346985e-01	6.654276e-02	2.999136e-01
24090	2.494707e-01	1.246400e-01	2.422299e-02	3.027874e-02	1.586118e-01	1.583947e-01	4.914281e-01	9.070153e-01
31231	3.240961e-01	4.795106e-01	4.737557e-02	5.921946e-02	3.102145e-01	1.350586e-01	4.452830e-01	3.621473e-02
25876	3.510815e-01	8.514350e-01	7.310353e-02	9.137941e-02	4.786808e-01	3.635429e-01	5.766770e-01	1.283506e-01
30033	8.736504e-01	7.565509e-01	5.316089e-02	6.645111e-02	3.480967e-01	2.829670e-01	4.119971e-02	1.544066e-01
6958	1.811281e-01	4.440147e-01	3.202994e-02	4.003742e-02	2.097315e-01	1.923818e-01	3.738641e-02	6.137369e-01
30420	2.430757e-01	7.719214e-01	3.374557e-02	4.218196e-02	2.209655e-01	2.066642e-01	5.246362e-01	9.203736e-01
29138	9.222615e-01	1.057485e-01	2.505580e-02	3.131975e-02	1.640650e-01	4.814560e-02	3.267502e-01	7.570313e-02
32053	7.636636e-01	1.333642e-01	2.496385e-02	3.120481e-02	1.634629e-01	1.094447e-01	7.312584e-01	5.342734e-01
12242	5.119699e-01	2.647764e-01	5.284686e-02	6.605858e-02	3.460404e-01	1.456852e-01	9.570553e-01	3.307131e-01
20818	4.777776e-01	7.584945e-01	4.216068e-02	5.270084e-02	2.760674e-01	2.288097e-01	2.193419e-01	3.731843e-01
1814	5.858189e-01	2.002407e-01	2.990889e-02	3.738611e-02	1.958429e-01	1.840414e-01	6.312032e-01	4.900289e-01
18493	5.042510e-01	1.589648e-01	4.871381e-02	6.089226e-02	3.189773e-01	3.158185e-01	2.356036e-01	8.239662e-01
3749	6.134010e-01	8.581189e-01	2.983607e-02	3.729509e-02	1.953661e-01	1.811690e-01	5.973272e-01	7.935405e-01
12589	4.193690e-01	1.545477e-01	2.815810e-02	3.519762e-02	1.843788e-01	1.268924e-01	9.762354e-01	6.894024e-01
22394	5.328362e-01	7.182830e-02	2.168760e-02	2.710950e-02	1.420101e-01	7.693495e-02	8.582855e-01	3.784996e-01
6707	5.963793e-01	3.665414e-01	2.375528e-02	2.969410e-02	1.555492e-01	1.554444e-01	1.790711e-01	9.143310e-01
30035	3.713583e-01	6.148576e-01	6.818376e-02	8.522970e-02	4.464662e-01	2.395104e-01	1.836851e-01	6.509014e-01
4243	4.309938e-01	6.451138e-01	6.286502e-02	7.858127e-02	4.116391e-01	1.414899e-01	9.417487e-01	6.981637e-02
14040	2.119044e-01	3.456236e-01	4.899964e-02	6.124955e-02	3.208489e-01	3.018272e-01	1.700913e-01	6.410039e-01
27156	8.547533e-01	2.253644e-01	2.402988e-02	3.003735e-02	1.573473e-01	1.571920e-01	4.152620e-01	8.675542e-01
24159	4.276686e-01	8.881679e-01	2.479169e-02	3.098961e-02	1.623356e-01	9.132239e-02	1.887503e-01	4.294498e-01
3922	2.136439e-01	2.576200e-01	4.676692e-02	5.845865e-02	3.062291e-01	3.061853e-01	1.553289e-01	4.922929e-01
22459	9.189922e-01	2.464023e-01	3.515724e-02	4.394655e-02	2.302090e-01	1.960416e-01	7.543393e-01	3.123575e-01
22523	7.070727e-01	8.602876e-01	7.003291e-02	8.754114e-02	4.585744e-01	4.293676e-01	2.858779e-01	6.487606e-01
690	7.650396e-01	3.157923e-01	3.618529e-02	4.523161e-02	2.369407e-01	6.218814e-02	3.814420e-01	1.780339e-01
16630	5.263892e-01	3.135976e-01	4.427771e-02	5.534714e-02	2.899298e-01	9.936278e-02	6.505342e-01	9.863429e-01
9950	9.511276e-01	9.668820e-01	2.200382e-02	2.750477e-02	1.440807e-01	6.649105e-02	4.703710e-01	4.546312e-01
29968	8.445625e-01	6.094208e-01	6.743490e-02	8.429363e-02	4.415627e-01	3.613184e-01	3.690565e-01	9.799628e-01
25495	3.236443e-01	2.724914e-01	2.160328e-02	2.700411e-02	1.414580e-01	4.176389e-02	6.609615e-01	7.055673e-01
5967	5.797257e-01	1.281579e-01	3.108338e-02	3.885422e-02	2.035335e-01	1.565768e-01	1.766370e-01	8.527884e-01
16192	2.863126e-01	3.785997e-01	2.163799e-02	2.704748e-02	1.416852e-01	6.834876e-02	3.493221e-01	5.146344e-01
17508	4.821469e-01	9.445135e-01	2.067204e-02	2.584004e-02	1.353602e-01	1.287382e-01	2.452139e-01	3.677861e-01
2877	6.975303e-01	6.592119e-02	3.179780e-02	3.974725e-02	2.082115e-01	1.406029e-01	2.116948e-01	7.447836e-01
23185	7.781179e-01	5.910831e-01	2.482104e-02	3.102630e-02	1.625278e-01	4.211848e-02	2.920413e-01	1.508611e-01
31087	5.685360e-01	5.829294e-01	4.601202e-02	5.751503e-02	3.012860e-01	3.008364e-01	7.922611e-01	6.979896e-01
24310	9.619358e-02	9.472123e-01	2.066196e-02	2.582744e-02	1.352942e-01	7.416233e-02	8.140484e-01	7.614521e-01
23255	5.036845e-01	5.653954e-01	2.479168e-02	3.098960e-02	1.623356e-01	4.308243e-02	3.219608e-01	4.538171e-01
27831	3.819576e-01	4.475759e-01	3.351888e-02	4.189860e-02	2.194811e-01	1.910474e-01	4.673813e-01	8.184178e-01
24913	3.124658e-01	7.016610e-01	3.658176e-02	4.572720e-02	2.395368e-01	1.992504e-01	7.110405e-01	2.543719e-02
3682	2.008130e-01	5.165347e-01	6.878450e-02	8.598062e-02	4.503998e-01	2.496472e-01	4.646927e-01	8.085156e-03
5868	4.313496e-01	5.103785e-01	2.502229e-02	3.127787e-02	1.638456e-01	1.571735e-01	9.138252e-01	2.101307e-01
10621	5.376858e-01	7.479864e-01	3.075250e-02	3.844062e-02	2.013669e-01	1.970921e-01	2.688255e-01	2.910239e-01
19400	8.577117e-01	3.375827e-02	3.161510e-02	3.951887e-02	2.070152e-01	1.995143e-01	5.459169e-01	1.655444e-01
22633	2.199687e-01	6.660707e-02	2.602162e-02	3.252703e-02	1.703892e-01	1.158721e-01	9.058860e-04	7.213436e-01
18253	6.443468e-01	7.798297e-01	2.160352e-02	2.700440e-02	1.414595e-01	1.264719e-01	1.799370e-01	1.068771e-01
10029	6.798834e-01	5.159383e-01	5.862286e-02	7.327858e-02	3.838616e-01	3.792817e-01	9.985356e-01	8.510356e-01
17257	6.166864e-02	4.042687e-01	3.576494e-02	4.470618e-02	2.341883e-01	2.235920e-01	7.151000e-01	6.009021e-01
4720	9.430200e-01	4.159068e-01	5.508657e-02	6.885821e-02	3.607060e-01	3.602724e-01	4.706389e-01	4.166726e-01
29666	2.575857e-01	6.233138e-01	4.995627e-02	6.244533e-02	3.271129e-01	2.052128e-01	3.761000e-01	7.178473e-01
13304	1.330175e-01	6.136474e-01	2.972553e-02	3.715691e-02	1.946423e-01	8.075690e-02	7.380434e-01	4.672436e-02
28267	2.032539e-01	1.819990e-01	2.929693e-02	3.662117e-02	1.918359e-01	9.325388e-02	4.772655e-02	2.769775e-01
8412	5.915943e-02	1.668735e-01	3.038515e-02	3.798144e-02	1.989615e-01	1.039296e-01	2.217259e-01	9.677175e-01
8068	6.356794e-01	3.693963e-01	2.465912e-02	3.082391e-02	1.614676e-01	1.546983e-01	9.305394e-01	4.644275e-01
12697	3.321654e-01	2.358508e-01	2.631464e-02	3.289331e-02	1.723079e-01	1.142608e-01	8.423188e-01	5.913689e-01
17234	9.152197e-01	8.917861e-01	2.260917e-02	2.826147e-02	1.480445e-01	1.429212e-01	4.119123e-01	9.572597e-01
5294	1.597986e-01	2.681886e-01	3.041169e-02	3.801461e-02	1.991353e-01	1.954231e-01	8.925026e-01	6.035284e-01
18971	5.543597e-02	2.503592e-01	3.172741e-02	3.965926e-02	2.077506e-01	1.852324e-01	2.704688e-01	9.490861e-01
25902	8.026079e-01	7.610041e-01	2.443429e-02	3.054286e-02	1.599953e-01	1.593883e-01	2.840497e-01	5.083037e-01
14437	4.222635e-01	9.533781e-01	4.366980e-02	5.458725e-02	2.859491e-01	1.139373e-01	2.203086e-01	1.621936e-01
24252	8.806465e-01	8.396201e-02	2.695483e-02	3.369354e-02	1.764998e-01	1.002728e-01	7.355814e-01	7.733534e-01
24692	9.091905e-01	6.163362e-01	2.327693e-02	2.909616e-02	1.524170e-01	6.590039e-02	1.411407e-01	5.224208e-01
26495	6.450382e-01	1.270751e-01	3.742348e-02	4.677935e-02	2.450484e-01	2.440355e-01	3.145500e-01	8.075416e-01
9849	9.930700e-02	2.621018e-01	2.957541e-02	3.696927e-02	1.936593e-01	1.765265e-01	9.746943e-01	7.245342e-01
28708	6.279996e-01	7.371259e-01	2.393401e-02	2.991751e-02	1.567195e-01	1.566735e-01	7.008340e-01	8.258536e-02
1580	7.277970e-01	3.079829e-01	2.533682e-02	3.167103e-02	1.659051e-01	1.163762e-01	3.287241e-01	1.040218e-01
9004	5.887564e-01	7.820968e-02	4.242734e-02	5.303418e-02	2.778136e-01	2.637800e-01	8.453070e-01	2.786680e-03
