14112	7.090096e-01	7.499769e-01	4.268810e-02	5.336012e-02	2.795210e-01	1.764536e-01	3.347925e-01	7.220761e-01
25628	1.118511e-01	3.392568e-01	3.762589e-02	4.703236e-02	2.463737e-01	1.304511e-01	6.356364e-01	2.619859e-01
11513	9.261237e-01	8.937298e-01	2.716276e-02	3.395346e-02	1.778614e-01	1.777050e-01	5.669945e-01	7.549951e-01
8847	4.952170e-01	5.771069e-01	5.794603e-02	7.243254e-02	3.794297e-01	3.244557e-01	9.857008e-01	4.681010e-01
14612	8.800433e-01	4.033513e-01	3.422993e-02	4.278741e-02	2.241370e-01	9.682207e-02	3.915774e-01	5.337335e-01
30622	6.257168e-01	5.109538e-01	2.316829e-02	2.896036e-02	1.517056e-01	1.281016e-01	5.230288e-01	9.205531e-01
14284	3.733350e-01	7.372197e-01	4.490048e-02	5.612560e-02	2.940076e-01	1.402756e-01	4.477410e-01	9.829257e-01
19359	4.917494e-01	7.759977e-01	4.102175e-02	5.127718e-02	2.686098e-01	2.683265e-01	5.683431e-01	8.904372e-01
32648	6.541511e-02	9.247178e-01	2.425096e-02	3.031370e-02	1.587949e-01	1.254390e-01	4.426931e-01	1.290038e-03
21701	5.769571e-01	5.845780e-01	3.648845e-02	4.561056e-02	2.389258e-01	1.048758e-01	8.072038e-01	7.963532e-01
9403	5.633616e-01	5.650974e-02	2.387233e-02	2.984041e-02	1.563156e-01	7.010310e-02	5.525035e-01	6.093855e-01
23560	3.155358e-01	2.422650e-01	2.914008e-02	3.642510e-02	1.908088e-01	5.497586e-02	9.320985e-01	9.226003e-01
11658	1.641795e-01	4.707699e-01	2.807417e-02	3.509271e-02	1.838292e-01	1.525609e-01	7.521918e-01	7.227622e-01
3407	7.419720e-01	5.914626e-01	2.436991e-02	3.046239e-02	1.595738e-01	7.747757e-02	7.446168e-01	5.947527e-01
23336	9.140781e-01	4.096069e-02	3.566602e-02	4.458253e-02	2.335406e-01	6.795347e-02	8.129610e-01	2.714611e-01
22890	7.949716e-01	3.045940e-01	2.128096e-02	2.660120e-02	1.393474e-01	1.219573e-01	6.174744e-01	3.628934e-01
13557	8.884494e-01	1.895902e-01	4.269948e-02	5.337435e-02	2.795955e-01	2.683491e-01	1.563168e-01	1.988319e-01
7654	8.147672e-01	4.128041e-01	2.837230e-02	3.546538e-02	1.857814e-01	7.272622e-02	3.259259e-01	5.045609e-01
13320	4.853589e-01	3.582586e-01	6.990721e-02	8.738402e-02	4.577513e-01	4.412766e-01	3.807531e-01	9.538953e-01
9070	7.061147e-01	4.237972e-01	4.231254e-02	5.289067e-02	2.770618e-01	2.737203e-01	9.420370e-01	3.436819e-01
12143	9.287812e-01	7.185756e-01	5.714344e-02	7.142930e-02	3.741743e-01	2.744121e-01	6.247993e-01	7.233042e-02
22194	3.314328e-01	4.513364e-02	3.370913e-02	4.213641e-02	2.207269e-01	9.815819e-02	5.645650e-01	7.699146e-01
25171	5.207840e-01	9.062980e-01	2.849307e-02	3.561634e-02	1.865722e-01	1.345678e-01	3.298091e-01	4.979831e-01
15749	6.409558e-01	6.343715e-01	3.746933e-02	4.683666e-02	2.453486e-01	1.760234e-01	1.178781e-01	4.615571e-01
29131	5.383192e-02	7.995628e-01	3.375132e-02	4.218915e-02	2.210031e-01	9.628001e-02	2.424132e-01	2.712735e-01
29808	3.376710e-01	1.944625e-01	5.524376e-02	6.905471e-02	3.617353e-01	2.899925e-01	6.885582e-01	6.597361e-02
8642	5.336280e-01	4.976620e-02	2.322243e-02	2.902804e-02	1.520601e-01	1.182645e-01	2.402312e-01	4.718918e-01
20320	8.689328e-01	3.206117e-01	2.642731e-02	3.303414e-02	1.730456e-01	1.711251e-01	8.961783e-01	3.174886e-01
20317	2.193665e-01	5.278589e-01	5.491691e-02	6.864614e-02	3.595951e-01	2.004565e-01	2.150705e-01	1.695465e-01
20425	2.093379e-01	6.544508e-01	3.973212e-02	4.966515e-02	2.601653e-01	2.530642e-01	7.928209e-02	9.724538e-01
22299	2.238642e-01	8.461039e-01	2.062874e-02	2.578592e-02	1.350767e-01	5.787274e-02	7.195427e-01	8.184225e-01
24662	2.804163e-01	6.582851e-01	2.469252e-02	3.086565e-02	1.616863e-01	1.145448e-01	4.261198e-01	4.954660e-01
14047	8.821131e-01	5.801738e-01	6.338032e-02	7.922541e-02	4.150134e-01	2.992447e-01	1.855330e-01	4.997005e-01
31451	2.641402e-01	6.094946e-01	2.919423e-02	3.649279e-02	1.911634e-01	5.654496e-02	3.225640e-01	4.883175e-01
3931	4.744791e-01	1.885097e-01	7.753294e-02	9.691618e-02	5.076845e-01	3.383686e-01	3.268560e-01	3.866064e-01
4268	5.473721e-01	2.271292e-01	2.067873e-02	2.584841e-02	1.354040e-01	1.279983e-01	6.001121e-01	3.014649e-02
28610	6.811074e-01	8.952747e-01	2.065849e-02	2.582312e-02	1.352715e-01	5.296477e-02	9.341064e-01	2.261147e-01
19738	5.260655e-01	6.810206e-01	2.057272e-02	2.571590e-02	1.347098e-01	7.447112e-02	1.560764e-01	2.162517e-01
5004	3.072801e-01	8.582529e-01	2.322321e-02	2.902901e-02	1.520652e-01	1.504370e-01	9.408876e-01	5.863429e-01
32430	9.698680e-01	7.836005e-01	2.151924e-02	2.689905e-02	1.409077e-01	1.398326e-01	5.289629e-01	4.836276e-01
29234	5.356459e-01	4.303098e-01	2.349074e-02	2.936342e-02	1.538170e-01	1.522593e-01	8.736788e-02	2.521146e-01
5540	8.371869e-01	4.862123e-01	3.821144e-02	4.776430e-02	2.502079e-01	1.479475e-01	7.686462e-01	5.407355e-01
6471	4.158011e-01	8.718830e-01	5.454944e-02	6.818680e-02	3.571889e-01	1.815748e-01	2.843452e-02	3.618751e-01
1449	7.957639e-01	9.393138e-01	4.865801e-02	6.082251e-02	3.186119e-01	2.756245e-01	8.762539e-01	6.663833e-01
12700	9.520537e-02	9.217073e-01	3.704483e-02	4.630604e-02	2.425690e-01	2.422120e-01	9.455144e-01	8.933298e-01
15409	3.028679e-01	4.566917e-01	5.904425e-02	7.380531e-02	3.866208e-01	3.865062e-01	3.336072e-02	7.226863e-01
13331	7.099814e-01	6.704804e-01	2.823563e-02	3.529454e-02	1.848865e-01	1.327470e-01	2.232936e-01	9.012971e-01
23896	3.099469e-01	9.011727e-01	2.582045e-02	3.227557e-02	1.690719e-01	1.344778e-01	7.294158e-01	6.688507e-01
8638	7.445139e-01	8.027420e-01	2.160491e-02	2.700614e-02	1.414686e-01	1.350731e-01	2.206122e-01	3.365653e-01
6113	1.993137e-01	3.215399e-02	2.811987e-02	3.514984e-02	1.841285e-01	1.775360e-01	8.338650e-01	4.125499e-01
9860	6.332795e-01	4.494987e-01	6.501812e-02	8.127265e-02	4.257377e-01	3.526576e-01	5.444713e-01	2.721856e-01
21799	1.261651e-01	5.713255e-01	2.727892e-02	3.409865e-02	1.786219e-01	1.209401e-01	9.700596e-01	7.016948e-01
22689	8.543236e-01	6.906952e-01	6.334887e-02	7.918609e-02	4.148074e-01	1.954001e-01	7.254831e-01	5.222074e-01
2578	9.239680e-01	4.928305e-01	3.022894e-02	3.778617e-02	1.979386e-01	1.487440e-01	5.061857e-01	4.392080e-02
17925	5.768219e-02	5.568549e-01	3.120405e-02	3.900507e-02	2.043237e-01	1.026289e-01	1.749286e-01	7.601334e-02
13075	8.522319e-01	7.993421e-01	2.100088e-02	2.625110e-02	1.375134e-01	1.001376e-01	8.438451e-01	4.327613e-01
16349	3.871355e-01	3.623035e-01	2.149367e-02	2.686709e-02	1.407402e-01	1.161853e-01	5.303175e-01	5.799269e-01
11741	9.705909e-01	3.480338e-01	2.890215e-02	3.612769e-02	1.892508e-01	1.026481e-01	2.026687e-02	8.230392e-01
17987	8.981786e-01	1.030663e-01	4.996568e-02	6.245710e-02	3.271745e-01	3.156820e-01	4.255778e-01	9.074784e-01
3741	6.064571e-01	2.878181e-01	4.216651e-02	5.270813e-02	2.761056e-01	2.058244e-01	2.686309e-01	6.256034e-01
4965	9.711551e-02	2.604086e-01	3.570485e-02	4.463106e-02	2.337948e-01	1.931867e-01	6.610526e-01	9.170164e-02
7073	2.042044e-01	1.217915e-01	3.138989e-02	3.923736e-02	2.055405e-01	2.055310e-01	1.043119e-01	4.217219e-01
15895	6.068287e-02	4.432569e-01	2.430851e-02	3.038563e-02	1.591717e-01	1.573385e-01	6.920378e-01	4.125314e-02
7395	7.226105e-01	8.825686e-01	3.019288e-02	3.774110e-02	1.977025e-01	1.747717e-01	2.151400e-01	3.157537e-01
17230	8.109152e-01	8.269880e-01	2.594647e-02	3.243308e-02	1.698971e-01	1.093704e-01	5.507860e-01	9.500030e-01
19549	4.249524e-01	4.929645e-02	2.927648e-02	3.659560e-02	1.917019e-01	7.153343e-02	3.312144e-01	3.156677e-01
4013	2.451184e-01	3.282307e-01	4.881271e-02	6.101589e-02	3.196249e-01	2.707996e-01	7.949960e-01	5.253909e-01
5089	7.070114e-01	1.299890e-01	2.315692e-02	2.894615e-02	1.516311e-01	1.326590e-01	4.100449e-01	3.881372e-01
15736	7.181000e-01	2.851439e-01	6.591480e-02	8.239349e-02	4.316091e-01	3.923420e-01	6.520875e-01	8.697405e-01
5241	8.543211e-01	3.292833e-02	3.044989e-02	3.806236e-02	1.993854e-01	1.601030e-01	9.491139e-01	4.611496e-01
30652	3.593144e-01	6.354285e-01	5.866385e-02	7.332982e-02	3.841300e-01	3.428436e-01	4.877568e-01	3.345157e-01
13160	1.978610e-01	4.206007e-01	2.290225e-02	2.862781e-02	1.499636e-01	1.302431e-01	4.940160e-01	3.992159e-01
4230	9.585769e-01	5.351551e-02	2.921476e-02	3.651845e-02	1.912978e-01	8.492296e-02	3.928745e-01	1.695492e-01
15023	6.451305e-01	2.001682e-01	5.006365e-02	6.257957e-02	3.278160e-01	2.973503e-01	4.358990e-01	9.243596e-01
9426	4.501353e-01	9.467958e-01	2.681077e-02	3.351346e-02	1.755565e-01	1.356982e-01	2.163395e-01	6.665792e-01
