24543	6.194154e-01	5.211111e-01	2.596794e-02	3.245992e-02	1.700376e-01	1.588737e-01	6.452342e-01	7.984402e-01
24042	7.342306e-01	1.498191e-01	2.861312e-02	3.576640e-02	1.873583e-01	1.047525e-01	8.072540e-01	2.734848e-01
22228	5.879762e-01	4.132411e-01	4.387793e-02	5.484741e-02	2.873120e-01	2.291981e-01	1.718579e-01	8.095533e-01
19227	4.682746e-01	5.636509e-01	2.876800e-02	3.596000e-02	1.883724e-01	1.525852e-01	3.790684e-01	7.321283e-01
6916	1.929512e-01	8.299917e-01	2.054599e-02	2.568248e-02	1.345348e-01	3.829678e-02	7.447615e-01	4.071495e-01
21176	8.701535e-01	8.743023e-01	3.800100e-02	4.750125e-02	2.488299e-01	8.798522e-02	2.364697e-01	4.935364e-01
11197	4.897726e-01	5.405618e-01	2.301317e-02	2.876647e-02	1.506899e-01	1.145349e-01	1.645062e-01	9.559554e-01
11305	4.996704e-01	7.962034e-01	2.328736e-02	2.910920e-02	1.524853e-01	1.340272e-01	7.287282e-01	3.522147e-01
1986	9.436649e-01	2.027836e-01	2.208043e-02	2.760054e-02	1.445823e-01	6.044686e-02	9.603130e-01	2.820198e-01
31591	8.297399e-02	3.509907e-01	5.657881e-02	7.072351e-02	3.704771e-01	2.722217e-01	4.764689e-01	2.452596e-01
24425	2.766664e-01	2.824565e-01	4.210706e-02	5.263383e-02	2.757164e-01	1.352826e-01	1.089602e-01	3.533879e-01
18094	5.043845e-02	4.969878e-01	2.934349e-02	3.667936e-02	1.921407e-01	1.585669e-01	1.545947e-01	6.210095e-03
10375	2.644883e-01	6.599510e-01	5.489055e-02	6.861319e-02	3.594225e-01	3.111970e-01	6.079825e-01	1.025701e-01
32697	5.026413e-01	7.593759e-01	2.687459e-02	3.359323e-02	1.759744e-01	1.753504e-01	1.124597e-01	6.473970e-01
21763	2.975405e-01	9.342045e-01	4.824679e-02	6.030849e-02	3.159192e-01	2.158946e-01	4.872894e-01	1.192566e-01
22559	5.943054e-01	3.573540e-01	2.374795e-02	2.968493e-02	1.555012e-01	1.554881e-01	6.473377e-01	8.086424e-01
18007	8.949862e-01	8.430794e-01	2.778759e-02	3.473448e-02	1.819527e-01	6.638776e-02	6.385832e-01	7.296075e-01
12364	4.656691e-01	8.237300e-01	3.330165e-02	4.162707e-02	2.180587e-01	2.155163e-01	6.308841e-01	7.964480e-01
31859	5.970666e-01	7.580255e-01	4.480043e-02	5.600054e-02	2.933525e-01	1.122818e-01	5.475003e-01	7.148768e-01
10950	9.347540e-01	5.174356e-02	4.350520e-02	5.438150e-02	2.848714e-01	2.836591e-01	8.191818e-01	4.167843e-01
9172	4.279173e-01	3.647971e-01	3.086536e-02	3.858170e-02	2.021059e-01	1.960499e-01	3.752773e-01	1.936883e-01
13874	3.727512e-01	4.119145e-01	2.078933e-02	2.598666e-02	1.361282e-01	9.924318e-02	6.709307e-01	6.218157e-01
26518	3.968810e-01	9.153730e-01	5.881157e-02	7.351446e-02	3.850972e-01	1.638253e-01	5.328167e-01	8.981913e-01
23418	9.080604e-01	5.775109e-01	3.649230e-02	4.561537e-02	2.389510e-01	2.122252e-01	6.249696e-01	8.473956e-01
25045	9.550002e-01	9.985744e-02	2.198664e-02	2.748330e-02	1.439682e-01	7.903962e-02	2.442311e-01	6.033450e-01
7709	4.954349e-01	1.747018e-01	7.394124e-02	9.242656e-02	4.841661e-01	4.475207e-01	9.377665e-01	8.752042e-01
21443	4.271744e-01	5.238356e-01	4.412376e-02	5.515470e-02	2.889217e-01	2.191288e-01	1.050471e-01	5.905717e-01
16941	1.871164e-01	5.012094e-01	2.703008e-02	3.378760e-02	1.769925e-01	1.453496e-01	5.135316e-01	1.474928e-01
5793	9.217485e-01	6.501459e-01	2.189468e-02	2.736835e-02	1.433660e-01	6.394804e-02	3.179031e-02	4.926400e-01
12854	6.215320e-01	7.679974e-01	4.282503e-02	5.353129e-02	2.804177e-01	1.021389e-01	6.576957e-01	3.864778e-01
24287	4.132645e-01	8.494834e-01	2.844613e-02	3.555766e-02	1.862648e-01	1.278036e-01	3.610944e-03	3.354090e-01
516	3.238643e-01	7.491443e-01	2.072228e-02	2.590285e-02	1.356892e-01	8.626635e-02	4.987507e-01	2.011109e-01
13145	7.197517e-01	9.570563e-01	3.112816e-02	3.891020e-02	2.038267e-01	1.593528e-01	8.851614e-01	4.286632e-01
1595	7.644175e-01	4.785671e-01	3.497843e-02	4.372304e-02	2.290382e-01	2.132921e-01	2.138307e-01	1.476474e-01
28558	7.696408e-01	5.868323e-01	2.223633e-02	2.779541e-02	1.456031e-01	1.436338e-01	7.390042e-01	3.513468e-01
32466	8.086726e-01	6.345200e-01	2.189067e-02	2.736333e-02	1.433397e-01	1.299338e-01	9.288614e-01	4.737914e-01
179	6.914382e-01	6.080396e-02	2.054526e-02	2.568158e-02	1.345301e-01	1.338598e-01	9.815593e-01	8.919688e-01
10937	8.062410e-01	2.540457e-01	2.357805e-02	2.947257e-02	1.543887e-01	5.227134e-02	8.959136e-01	8.121767e-01
19651	1.044426e-01	1.923499e-01	2.599101e-02	3.248877e-02	1.701888e-01	1.464994e-01	6.181168e-03	9.320475e-01
8783	1.432473e-01	7.190229e-02	2.961511e-02	3.701889e-02	1.939193e-01	1.201689e-01	5.249852e-01	2.255826e-01
30487	2.064820e-01	8.813945e-01	2.233837e-02	2.792297e-02	1.462713e-01	1.192492e-01	5.354617e-03	5.957277e-02
12777	5.383986e-01	3.116662e-01	3.005539e-02	3.756924e-02	1.968022e-01	1.296548e-01	1.954048e-01	3.175451e-01
26796	1.240119e-01	4.245106e-01	4.890985e-02	6.113731e-02	3.202609e-01	2.371168e-01	9.062992e-01	9.197882e-01
22266	8.030800e-01	4.685881e-01	4.920216e-02	6.150270e-02	3.221750e-01	1.478509e-01	5.209885e-01	9.388872e-01
1595	6.998975e-02	8.606109e-01	2.299426e-02	2.874282e-02	1.505660e-01	1.467778e-01	1.494577e-01	3.782267e-02
3676	2.441501e-01	3.858032e-01	3.376184e-02	4.220230e-02	2.210720e-01	1.337439e-01	4.888536e-01	2.939065e-01
27375	1.199324e-01	8.296079e-01	3.319189e-02	4.148987e-02	2.173400e-01	1.503957e-01	5.022399e-01	4.562287e-01
980	1.780441e-01	1.407779e-01	2.345801e-02	2.932252e-02	1.536027e-01	5.192627e-02	7.843311e-01	6.882362e-01
30887	4.310800e-01	2.040069e-01	2.558927e-02	3.198659e-02	1.675581e-01	1.369608e-01	1.454007e-01	9.481519e-01
1089	1.148459e-01	3.882245e-01	2.451668e-02	3.064586e-02	1.605349e-01	1.172639e-01	7.913936e-01	7.970000e-01
30194	3.487548e-01	3.351436e-01	6.002464e-02	7.503081e-02	3.930404e-01	2.770595e-01	6.390368e-01	3.638797e-01
3204	7.020274e-01	1.536875e-01	3.120887e-02	3.901109e-02	2.043552e-01	6.775500e-02	8.241924e-02	2.070305e-01
21186	6.511055e-01	7.066917e-01	2.108744e-02	2.635930e-02	1.380802e-01	3.816636e-02	9.537068e-01	1.729331e-01
10704	5.461439e-01	3.741379e-01	4.090331e-02	5.112914e-02	2.678342e-01	8.631931e-02	9.058861e-02	3.532710e-01
32558	5.400665e-01	1.324379e-01	2.453075e-02	3.066344e-02	1.606270e-01	7.736857e-02	1.627613e-01	3.352155e-01
10133	1.003923e-01	7.070497e-01	2.908613e-02	3.635767e-02	1.904556e-01	1.113009e-01	1.532370e-01	9.755584e-01
19531	3.465496e-01	2.189009e-01	5.081042e-02	6.351303e-02	3.327058e-01	2.087257e-01	7.283363e-02	2.362408e-01
21503	3.734928e-01	1.450560e-01	2.795405e-02	3.494256e-02	1.830427e-01	1.820845e-01	3.089936e-01	8.744043e-01
12076	2.335216e-01	7.360696e-02	2.410855e-02	3.013569e-02	1.578624e-01	1.328265e-01	5.213798e-03	8.078249e-01
17287	8.236146e-01	9.201788e-01	5.310601e-02	6.638252e-02	3.477373e-01	1.577844e-01	4.968356e-01	9.123746e-01
3944	5.276959e-01	4.853535e-01	2.367411e-02	2.959263e-02	1.550177e-01	1.292668e-01	7.810711e-01	4.297832e-01
23428	6.868718e-01	2.051864e-01	4.321671e-02	5.402088e-02	2.829823e-01	1.306631e-01	7.138454e-01	2.669793e-01
25110	8.686203e-01	8.155238e-01	3.005171e-02	3.756463e-02	1.967781e-01	1.504549e-01	4.447137e-01	9.238557e-03
15323	6.873085e-01	7.337053e-01	3.183375e-02	3.979218e-02	2.084469e-01	1.752394e-01	6.816163e-01	3.920778e-01
862	4.554188e-01	6.756437e-01	3.018459e-02	3.773074e-02	1.976483e-01	1.373299e-01	3.424193e-01	8.175468e-01
17973	7.499960e-02	5.946112e-01	3.695178e-02	4.618972e-02	2.419597e-01	2.394953e-01	1.511137e-01	6.872725e-01
1804	1.497130e-01	2.004285e-01	4.117409e-02	5.146762e-02	2.696073e-01	1.831421e-01	2.486190e-01	7.375938e-02
15210	3.263246e-01	8.120414e-01	2.069579e-02	2.586974e-02	1.355157e-01	1.320627e-01	3.179133e-01	7.316916e-01
25372	6.326537e-01	1.396449e-01	2.163263e-02	2.704079e-02	1.416502e-01	8.032768e-02	4.717513e-01	6.634143e-01
26636	2.019187e-01	3.077089e-01	3.489796e-02	4.362246e-02	2.285113e-01	1.571746e-01	8.532992e-01	4.272782e-01
29473	9.853436e-02	5.229236e-01	7.128113e-02	8.910141e-02	4.667477e-01	1.641192e-01	3.798845e-01	7.365318e-01
32556	3.715405e-01	6.384224e-01	2.997718e-02	3.747147e-02	1.962901e-01	6.877273e-02	4.893334e-01	3.166014e-01
21625	5.475907e-01	6.493614e-01	2.978910e-02	3.723637e-02	1.950586e-01	5.378917e-02	8.425444e-01	8.460883e-01
13211	4.923229e-01	6.033148e-01	6.898802e-02	8.623503e-02	4.517325e-01	3.055356e-01	8.160201e-01	7.753148e-01
2654	7.629808e-01	3.696844e-01	6.326714e-02	7.908393e-02	4.142723e-01	1.541753e-01	4.004138e-01	7.394917e-01
21744	5.628070e-01	8.308325e-01	3.490405e-02	4.363006e-02	2.285512e-01	1.017067e-01	1.556646e-01	2.356934e-01
