20629	5.229438e-01	4.156340e-01	4.603874e-02	5.754842e-02	3.014609e-01	2.485976e-01	1.571379e-01	4.725724e-01
19858	8.447463e-01	8.262452e-01	3.774995e-02	4.718744e-02	2.471861e-01	2.252363e-01	8.061369e-01	2.374334e-01
25014	6.307100e-01	6.765009e-01	4.942809e-02	6.178511e-02	3.236544e-01	1.970608e-01	6.145680e-01	8.678795e-01
20346	4.291246e-01	4.057371e-01	2.859763e-02	3.574704e-02	1.872569e-01	1.599569e-01	3.682242e-02	3.610925e-01
17022	8.643707e-01	8.443103e-02	5.472101e-02	6.840126e-02	3.583123e-01	3.072904e-01	2.487821e-01	7.435049e-01
6025	2.717582e-01	6.667149e-01	5.845313e-02	7.306641e-02	3.827502e-01	3.145020e-01	9.454196e-01	8.191186e-01
17366	5.156109e-01	5.142747e-01	6.464574e-02	8.080718e-02	4.232993e-01	3.541041e-01	6.099804e-01	4.555526e-01
10730	3.058008e-01	8.753249e-01	5.250789e-02	6.563487e-02	3.438209e-01	1.500052e-01	3.306113e-01	5.433716e-01
5061	7.154045e-01	2.803831e-01	2.084484e-02	2.605605e-02	1.364917e-01	1.363335e-01	6.462044e-01	6.518850e-01
17785	8.037665e-01	9.355712e-02	2.202268e-02	2.752835e-02	1.442042e-01	1.159812e-01	4.873757e-02	6.921387e-01
13664	7.942189e-01	7.113853e-01	3.549570e-02	4.436963e-02	2.324253e-01	1.583586e-01	9.905946e-01	2.252671e-01
2131	7.150369e-01	6.581186e-01	3.711761e-02	4.639702e-02	2.430456e-01	2.362443e-01	5.056323e-02	7.676676e-01
7273	6.863196e-01	8.978303e-01	2.295950e-02	2.869937e-02	1.503384e-01	1.490670e-01	5.972530e-01	8.508403e-01
1827	6.209022e-01	4.623406e-01	3.095420e-02	3.869275e-02	2.026876e-01	1.632165e-01	2.036880e-01	9.559387e-01
3597	2.214122e-01	3.455715e-01	2.298195e-02	2.872744e-02	1.504855e-01	9.073397e-02	1.813211e-01	9.553457e-01
7914	7.245559e-01	5.080338e-01	7.892601e-02	9.865751e-02	5.168063e-01	4.933556e-01	3.423010e-01	2.548739e-01
1416	9.193199e-01	9.345779e-02	3.238596e-02	4.048245e-02	2.120628e-01	1.954837e-01	1.016458e-01	4.062249e-01
11346	3.629370e-01	5.265958e-01	2.725386e-02	3.406733e-02	1.784579e-01	1.783942e-01	2.762674e-01	4.221741e-01
30653	6.279624e-01	2.859670e-01	7.909102e-02	9.886377e-02	5.178868e-01	5.047579e-01	6.012925e-01	5.313863e-01
25704	3.366717e-01	3.480024e-01	7.147991e-02	8.934989e-02	4.680493e-01	2.190319e-01	5.737404e-01	6.931762e-01
13208	2.482071e-01	8.884964e-01	2.401498e-02	3.001872e-02	1.572497e-01	1.166117e-01	1.534476e-01	7.781840e-01
32166	5.821114e-01	1.290089e-01	4.522000e-02	5.652500e-02	2.960999e-01	8.856874e-02	3.272721e-02	2.319617e-01
13115	5.798792e-01	4.067821e-01	4.194349e-02	5.242936e-02	2.746453e-01	1.654460e-01	8.065533e-01	6.111123e-01
25480	1.546471e-01	9.246737e-01	3.330214e-02	4.162767e-02	2.180619e-01	7.380265e-02	7.387947e-01	7.416623e-01
30791	2.294446e-01	7.849098e-01	3.444176e-02	4.305220e-02	2.255241e-01	2.253005e-01	9.166158e-01	5.949840e-01
23418	5.233009e-01	6.849480e-01	5.669390e-02	7.086737e-02	3.712308e-01	1.304705e-01	1.688843e-01	4.390299e-01
18349	7.240929e-01	3.855780e-01	3.582615e-02	4.478268e-02	2.345890e-01	2.326779e-01	9.327273e-01	7.376832e-01
4513	1.406787e-01	9.551616e-01	2.689044e-02	3.361305e-02	1.760782e-01	1.296316e-01	1.168347e-01	5.206152e-01
30529	9.315417e-01	2.059079e-01	3.229364e-02	4.036705e-02	2.114582e-01	5.476832e-02	1.879754e-01	5.820411e-02
18763	8.501977e-01	9.278356e-01	6.132915e-02	7.666143e-02	4.015823e-01	3.254555e-01	1.360081e-01	9.925431e-01
1121	9.022520e-01	4.749565e-01	3.972746e-02	4.965933e-02	2.601348e-01	2.601328e-01	4.976826e-01	1.094226e-01
32398	3.895198e-01	8.082156e-01	2.661540e-02	3.326925e-02	1.742772e-01	1.451722e-01	2.580785e-02	9.657069e-01
28112	1.191036e-01	7.995732e-01	4.496966e-02	5.621207e-02	2.944606e-01	2.638985e-01	8.327580e-01	2.653645e-02
11683	1.307343e-01	1.753789e-01	2.698838e-02	3.373547e-02	1.767195e-01	1.713789e-01	4.509250e-01	9.601413e-01
32348	3.848572e-01	7.149177e-01	2.752037e-02	3.440046e-02	1.802030e-01	1.759491e-01	7.403122e-01	9.448360e-01
6572	5.332599e-02	4.878934e-01	4.723758e-02	5.904697e-02	3.093109e-01	9.835881e-02	3.130745e-01	9.434089e-01
668	5.401039e-01	9.002066e-01	3.597763e-02	4.497204e-02	2.355810e-01	2.274856e-01	2.398891e-01	5.206614e-01
30930	4.066133e-01	2.654931e-01	6.659396e-02	8.324245e-02	4.360562e-01	4.300862e-01	6.806967e-01	4.913601e-01
21469	6.490079e-01	8.625905e-01	3.277467e-02	4.096834e-02	2.146080e-01	2.001871e-01	9.620705e-02	6.126043e-01
9902	5.384740e-01	6.739612e-02	2.296729e-02	2.870912e-02	1.503895e-01	1.388622e-01	8.719149e-01	4.254746e-02
1010	3.321481e-01	7.561095e-01	6.026054e-02	7.532568e-02	3.945851e-01	3.855078e-01	2.638910e-01	1.512241e-01
31171	5.727675e-01	5.489690e-01	2.383149e-02	2.978937e-02	1.560482e-01	6.770464e-02	4.213483e-01	5.090606e-02
23497	4.746611e-01	1.304237e-01	2.595710e-02	3.244638e-02	1.699667e-01	1.632943e-01	7.086258e-01	5.999108e-01
1431	6.337254e-01	2.071227e-01	3.198626e-02	3.998282e-02	2.094455e-01	6.931074e-02	5.582449e-02	4.466688e-01
6981	7.065199e-01	1.905669e-01	4.241592e-02	5.301990e-02	2.777388e-01	2.602264e-01	8.449147e-01	3.105040e-01
31220	1.072865e-01	8.730915e-01	3.591513e-02	4.489391e-02	2.351717e-01	2.349253e-01	6.431312e-01	7.123519e-01
14808	5.942494e-02	2.583249e-01	4.378257e-02	5.472822e-02	2.866876e-01	2.861974e-01	4.344681e-01	7.278734e-01
27204	5.457991e-01	3.657532e-01	3.381151e-02	4.226438e-02	2.213972e-01	1.092227e-01	9.738746e-02	2.253040e-01
7274	6.368340e-01	1.589460e-01	3.238743e-02	4.048429e-02	2.120724e-01	2.040061e-01	3.147406e-01	9.747515e-01
18817	2.376819e-01	5.865734e-01	2.473579e-02	3.091974e-02	1.619696e-01	1.615944e-01	2.444600e-02	7.949530e-01
24447	7.516527e-01	6.100217e-02	2.104680e-02	2.630850e-02	1.378141e-01	1.298916e-01	1.308828e-01	2.244528e-01
28994	3.851703e-01	6.033140e-01	3.098266e-02	3.872833e-02	2.028740e-01	7.528323e-02	4.217738e-01	2.106343e-02
5446	4.723750e-01	8.605397e-01	2.317724e-02	2.897155e-02	1.517642e-01	1.262855e-01	8.004419e-02	3.741846e-01
303	1.805384e-01	5.549336e-01	3.950779e-02	4.938474e-02	2.586964e-01	2.199111e-01	1.521248e-01	6.312089e-01
13948	4.887510e-01	2.478876e-01	6.115896e-02	7.644870e-02	4.004679e-01	3.981594e-01	5.154984e-01	9.910175e-01
7316	1.246312e-01	5.604469e-01	3.390426e-02	4.238032e-02	2.220046e-01	1.979907e-01	5.881541e-01	7.524076e-01
32629	9.670123e-01	5.677910e-01	2.594041e-02	3.242552e-02	1.698574e-01	1.168417e-01	3.066635e-01	7.865874e-01
11992	8.213387e-01	3.043718e-01	3.128106e-02	3.910133e-02	2.048279e-01	1.312013e-01	5.708613e-01	3.719198e-02
15354	7.410184e-01	8.065379e-01	3.043824e-02	3.804780e-02	1.993091e-01	1.991118e-01	7.654112e-01	7.009465e-01
28052	6.863919e-01	4.201423e-01	2.057695e-02	2.572119e-02	1.347376e-01	1.056972e-01	5.937283e-01	1.764381e-01
10151	1.957537e-01	6.379028e-01	3.267894e-02	4.084868e-02	2.139812e-01	1.787765e-01	2.432750e-01	9.327122e-02
2744	4.184897e-01	1.754678e-01	2.297447e-02	2.871809e-02	1.504365e-01	1.448262e-01	1.747845e-02	4.379030e-02
19574	2.964202e-01	4.003705e-01	2.844140e-02	3.555176e-02	1.862339e-01	1.797740e-01	3.147126e-01	8.217305e-01
8770	8.856779e-01	5.690464e-01	2.503749e-02	3.129686e-02	1.639451e-01	6.326783e-02	8.420703e-01	6.613429e-01
16893	4.428289e-01	7.885956e-02	2.668635e-02	3.335794e-02	1.747418e-01	1.096804e-01	3.182925e-01	6.705706e-01
31281	3.749435e-01	8.895802e-02	3.586534e-02	4.483167e-02	2.348457e-01	9.373245e-02	4.144061e-01	4.283035e-03
17900	4.414295e-01	3.996457e-02	2.776290e-02	3.470362e-02	1.817910e-01	5.010110e-02	8.484741e-01	2.368517e-01
16276	7.965273e-01	8.439967e-01	4.419748e-02	5.524685e-02	2.894044e-01	2.150512e-01	6.039634e-01	6.964271e-01
14852	4.934913e-01	3.193393e-01	3.403929e-02	4.254911e-02	2.228887e-01	2.207052e-01	1.353770e-01	9.832205e-01
15913	8.364569e-01	4.972645e-01	2.079541e-02	2.599427e-02	1.361680e-01	6.122986e-02	3.985692e-01	4.363073e-01
1108	7.915093e-01	9.522339e-01	3.558189e-02	4.447736e-02	2.329897e-01	1.950680e-01	9.810913e-01	4.100322e-01
