32018	9.461640e-01	1.920364e-01	2.292971e-02	2.866214e-02	1.501434e-01	1.075090e-01	5.809408e-01	9.350215e-01
18519	1.901685e-01	7.818400e-02	3.179702e-02	3.974627e-02	2.082064e-01	1.094241e-01	2.113304e-01	6.922901e-01
15393	2.049129e-01	7.200962e-01	2.599511e-02	3.249388e-02	1.702156e-01	1.665356e-01	1.989430e-01	9.940322e-02
23955	1.617512e-01	4.517355e-01	5.032418e-02	6.290522e-02	3.295219e-01	3.286783e-01	8.299079e-01	4.034990e-01
28049	3.760748e-01	1.270162e-01	4.384710e-02	5.480887e-02	2.871101e-01	2.789676e-01	8.079967e-01	4.613327e-01
14599	1.979863e-01	5.942521e-01	5.152275e-02	6.440344e-02	3.373702e-01	2.547195e-01	3.776587e-02	7.667655e-01
29583	8.025958e-01	3.341721e-01	2.554582e-02	3.193228e-02	1.672737e-01	1.340056e-01	4.216972e-01	4.733367e-01
30315	8.014078e-01	4.259559e-01	2.072780e-02	2.590975e-02	1.357253e-01	7.801414e-02	4.020571e-01	2.418541e-01
9757	4.497670e-01	7.465195e-01	4.980879e-02	6.226099e-02	3.261472e-01	1.763554e-01	9.725042e-02	7.240041e-01
25302	5.266138e-01	7.969714e-01	7.616882e-02	9.521102e-02	4.987522e-01	3.537200e-01	5.152250e-01	6.461442e-01
121	8.993926e-01	5.378614e-01	2.623958e-02	3.279947e-02	1.718163e-01	1.590567e-01	8.229433e-01	3.203649e-01
12198	2.174997e-01	8.863205e-01	2.097147e-02	2.621433e-02	1.373208e-01	1.207890e-01	3.650442e-01	3.178500e-01
21698	7.612525e-01	4.626815e-01	2.704356e-02	3.380444e-02	1.770808e-01	1.640505e-01	7.888631e-01	6.626296e-01
25308	9.498575e-01	5.762310e-01	2.445729e-02	3.057161e-02	1.601459e-01	5.906197e-02	5.680912e-01	3.413788e-01
23736	7.813035e-01	2.805609e-01	6.107967e-02	7.634958e-02	3.999487e-01	2.730278e-01	1.577636e-01	1.728869e-01
13909	3.303227e-01	6.812478e-01	4.102081e-02	5.127602e-02	2.686037e-01	2.683243e-01	6.606548e-01	6.982126e-01
4558	6.754894e-01	8.247013e-01	7.811341e-02	9.764176e-02	5.114854e-01	4.972334e-01	3.319379e-01	4.721480e-02
13884	3.440074e-01	4.815403e-01	2.181857e-02	2.727322e-02	1.428677e-01	1.282254e-01	4.741656e-01	4.463402e-01
11002	6.747321e-01	7.189648e-02	2.117114e-02	2.646392e-02	1.386283e-01	5.130189e-02	8.900539e-01	9.788282e-01
1808	1.661132e-01	8.827881e-01	3.194990e-02	3.993737e-02	2.092074e-01	2.091511e-01	7.686516e-01	3.022104e-01
10470	2.450873e-01	9.629933e-01	3.325154e-02	4.156443e-02	2.177306e-01	2.142950e-01	6.093911e-01	7.879389e-01
7512	2.720387e-01	1.305085e-01	3.285906e-02	4.107383e-02	2.151606e-01	2.046464e-01	1.819247e-02	5.104123e-01
1115	9.510144e-01	7.530549e-01	2.705870e-02	3.382338e-02	1.771799e-01	6.761022e-02	6.175070e-01	4.752385e-01
24947	6.818339e-01	6.695952e-01	2.674530e-02	3.343162e-02	1.751278e-01	9.240589e-02	3.807779e-01	4.315624e-01
8128	3.986708e-01	6.540288e-01	3.328734e-02	4.160918e-02	2.179650e-01	1.205405e-01	9.248930e-01	1.902644e-01
26333	3.217099e-01	3.220539e-01	4.617114e-02	5.771392e-02	3.023279e-01	8.533750e-02	1.243528e-01	7.499827e-01
19324	4.552480e-01	2.218991e-01	2.782138e-02	3.477673e-02	1.821740e-01	1.498591e-01	3.532419e-02	1.478805e-02
31513	7.735999e-01	8.359146e-01	3.398797e-02	4.248497e-02	2.225527e-01	2.069138e-01	5.110845e-01	5.370417e-02
14726	2.153277e-01	4.616976e-02	2.363791e-02	2.954739e-02	1.547807e-01	1.524730e-01	2.719158e-01	1.827658e-01
7837	5.201107e-01	2.491730e-01	2.092923e-02	2.616153e-02	1.370442e-01	1.285087e-01	5.217188e-01	8.060365e-01
1513	8.965022e-01	1.543889e-01	3.115446e-02	3.894307e-02	2.039989e-01	2.031873e-01	5.828511e-01	5.837883e-01
5208	9.005038e-02	7.317084e-01	2.533705e-02	3.167131e-02	1.659066e-01	1.623690e-01	9.295611e-01	6.927948e-01
21778	3.784206e-01	9.047119e-01	2.548309e-02	3.185386e-02	1.668629e-01	1.667863e-01	2.577281e-01	2.073419e-01
3012	8.207024e-01	1.532744e-01	7.212136e-02	9.015169e-02	4.722495e-01	3.232270e-01	1.804747e-01	4.689742e-01
26412	5.993341e-01	9.677231e-01	2.058664e-02	2.573330e-02	1.348010e-01	1.134945e-01	6.607735e-01	4.445741e-01
13045	3.919878e-01	5.591724e-01	2.664664e-02	3.330830e-02	1.744818e-01	1.291515e-01	9.958177e-01	9.211567e-01
2187	4.058487e-01	5.960689e-01	3.833585e-02	4.791981e-02	2.510226e-01	2.011229e-01	4.929374e-01	1.601360e-01
24229	6.930328e-01	6.167512e-01	3.309897e-02	4.137372e-02	2.167316e-01	1.569037e-01	9.029177e-02	4.295483e-01
28647	3.119590e-01	1.503097e-01	2.760403e-02	3.450504e-02	1.807508e-01	1.787172e-01	2.152351e-01	6.299555e-01
12838	4.201486e-01	1.779956e-01	3.402422e-02	4.253028e-02	2.227901e-01	8.001678e-02	3.220537e-01	3.199983e-01
13283	7.788309e-01	7.015392e-01	3.973255e-02	4.966569e-02	2.601681e-01	2.597333e-01	5.106070e-01	4.677473e-01
17468	6.234834e-01	1.982459e-01	7.684220e-02	9.605275e-02	5.031615e-01	3.301071e-01	9.452612e-01	6.440747e-01
18829	4.714804e-01	7.861110e-01	2.271630e-02	2.839538e-02	1.487460e-01	1.415771e-01	3.316209e-01	5.301812e-01
27077	5.543545e-01	1.082677e-01	3.545785e-02	4.432231e-02	2.321775e-01	2.119506e-01	7.184399e-01	7.705393e-01
18507	5.923061e-01	3.729180e-01	2.325739e-02	2.907174e-02	1.522890e-01	9.681439e-02	2.083087e-01	1.418863e-01
4986	4.606315e-02	4.996058e-01	2.738392e-02	3.422990e-02	1.793095e-01	6.421431e-02	9.609171e-01	8.504954e-01
1454	7.217948e-01	3.936010e-01	3.821548e-02	4.776935e-02	2.502344e-01	2.438412e-01	3.768935e-01	6.392162e-01
16285	1.152835e-01	9.323700e-01	5.356888e-02	6.696109e-02	3.507682e-01	3.506992e-01	3.333007e-01	3.304273e-01
10823	3.733642e-01	3.099352e-01	2.426001e-02	3.032501e-02	1.588542e-01	1.180244e-01	3.591076e-01	2.144052e-01
8443	7.081321e-01	2.971341e-01	2.438795e-02	3.048494e-02	1.596919e-01	8.755623e-02	9.204413e-01	8.364665e-01
20220	1.887970e-01	9.550041e-01	2.175193e-02	2.718991e-02	1.424313e-01	4.965844e-02	4.941002e-01	2.413837e-01
29792	7.532355e-01	3.157341e-01	2.422801e-02	3.028502e-02	1.586447e-01	9.960151e-02	6.605455e-01	1.886125e-01
5664	7.175853e-01	7.542442e-01	2.317861e-02	2.897326e-02	1.517732e-01	1.262919e-01	1.448018e-02	9.882240e-01
15508	5.536275e-02	2.354432e-01	3.311323e-02	4.139154e-02	2.168249e-01	2.084803e-01	2.351759e-01	9.533779e-01
8613	8.455340e-01	2.441425e-01	4.064695e-02	5.080869e-02	2.661556e-01	2.661548e-01	9.726119e-01	8.445879e-01
9374	9.036967e-01	3.405818e-02	2.099710e-02	2.624637e-02	1.374887e-01	1.177503e-01	6.478592e-01	5.135893e-01
18373	9.236636e-01	2.238384e-01	2.893188e-02	3.616485e-02	1.894455e-01	1.621426e-01	8.624890e-02	7.207788e-02
23602	6.741883e-01	5.041124e-01	4.390509e-02	5.488136e-02	2.874899e-01	2.396322e-01	2.759264e-01	2.143179e-02
3916	5.234209e-01	3.762910e-01	3.123536e-02	3.904420e-02	2.045286e-01	1.785630e-01	2.916302e-02	1.080171e-01
21200	6.149660e-02	8.067716e-01	2.691418e-02	3.364272e-02	1.762336e-01	9.544074e-02	9.772920e-02	4.576747e-01
24192	4.603705e-01	3.672970e-01	3.249536e-02	4.061920e-02	2.127791e-01	1.750337e-01	5.894600e-01	1.792805e-01
8637	8.992567e-01	4.633606e-01	3.087928e-02	3.859910e-02	2.021970e-01	1.589599e-01	1.743207e-01	9.782717e-02
13892	5.279631e-01	8.654413e-01	2.128769e-02	2.660962e-02	1.393915e-01	9.181796e-02	1.294941e-01	9.318714e-01
1113	3.557332e-01	6.053017e-01	3.283691e-02	4.104614e-02	2.150156e-01	6.781113e-02	7.496616e-01	1.529080e-01
12326	1.884294e-01	6.759803e-01	2.310083e-02	2.887604e-02	1.512639e-01	1.136085e-01	2.552269e-01	2.902827e-01
15357	3.556283e-01	5.922547e-02	2.566354e-02	3.207942e-02	1.680445e-01	7.668212e-02	7.817677e-01	4.731837e-01
9643	1.828960e-01	2.893416e-01	3.222177e-02	4.027722e-02	2.109877e-01	1.961604e-01	5.365251e-01	4.838852e-01
3895	1.276795e-01	1.243299e-01	2.361622e-02	2.952028e-02	1.546387e-01	1.268582e-01	1.100943e-01	1.795659e-01
26679	3.352975e-01	2.104038e-01	4.492545e-02	5.615682e-02	2.941712e-01	9.050461e-02	9.648564e-01	7.391969e-01
23501	8.977647e-01	8.291956e-01	2.557292e-02	3.196615e-02	1.674511e-01	1.674413e-01	2.367804e-01	5.673704e-02
24797	2.067657e-01	7.554602e-01	3.069700e-02	3.837126e-02	2.010035e-01	1.129264e-01	8.200765e-01	2.233113e-01
8108	3.305046e-01	2.736050e-01	3.820815e-02	4.776019e-02	2.501864e-01	1.326052e-01	8.953858e-01	3.899800e-01
20948	4.158430e-01	3.648557e-01	3.449522e-02	4.311902e-02	2.258741e-01	1.787100e-01	5.827590e-03	2.588818e-01
8969	8.731632e-01	6.674992e-01	5.380483e-02	6.725604e-02	3.523132e-01	3.452235e-01	1.074984e-02	5.381420e-01
24457	7.012619e-01	1.369092e-01	4.797376e-02	5.996720e-02	3.141314e-01	2.828763e-01	6.244056e-01	1.148139e-01
962	2.138524e-01	3.058260e-01	2.336005e-02	2.920006e-02	1.529612e-01	1.374597e-01	5.368540e-01	5.507859e-01
28087	8.490126e-01	9.360950e-01	3.376568e-02	4.220710e-02	2.210971e-01	1.131360e-01	4.712416e-01	3.752123e-01
24548	6.234517e-01	6.733623e-01	2.230565e-02	2.788207e-02	1.460571e-01	1.448378e-01	8.668916e-01	1.755243e-01
10338	9.573495e-01	6.275110e-01	2.222694e-02	2.778368e-02	1.455417e-01	8.529562e-02	5.208132e-01	9.077613e-01
16191	1.357406e-01	7.271574e-01	2.658737e-02	3.323421e-02	1.740937e-01	4.522788e-02	7.847841e-01	6.278962e-01
18584	8.051430e-02	2.143483e-01	2.100806e-02	2.626008e-02	1.375605e-01	1.374047e-01	1.167841e-01	7.276335e-01
