7205	8.907919e-01	1.445540e-01	2.459894e-02	3.074868e-02	1.610735e-01	1.390873e-01	8.539289e-01	8.482441e-01
17377	5.945595e-01	4.360831e-01	2.506754e-02	3.133442e-02	1.641418e-01	1.632777e-01	3.471485e-01	8.766034e-01
17068	4.419290e-01	6.710728e-01	2.346196e-02	2.932744e-02	1.536285e-01	7.814277e-02	7.094654e-02	4.064574e-01
13856	5.023385e-01	9.737689e-01	2.188425e-02	2.735532e-02	1.432977e-01	8.128503e-02	1.624101e-01	9.780748e-01
1638	9.750398e-01	4.295979e-01	2.148046e-02	2.685058e-02	1.406537e-01	8.763966e-02	6.297974e-01	1.644719e-01
19313	4.788548e-01	1.383469e-01	3.160038e-02	3.950048e-02	2.069188e-01	1.225688e-01	5.418480e-01	1.316818e-01
31894	2.600878e-01	5.755854e-01	6.460654e-02	8.075817e-02	4.230426e-01	2.708250e-01	7.044638e-01	7.577374e-01
3057	2.229886e-01	8.885131e-01	6.675180e-02	8.343975e-02	4.370898e-01	4.204534e-01	7.874165e-01	5.280249e-01
31652	1.273695e-01	7.118745e-02	2.479275e-02	3.099093e-02	1.623425e-01	5.678997e-02	6.858731e-01	2.225720e-01
480	2.795448e-01	4.131225e-01	2.273020e-02	2.841275e-02	1.488370e-01	1.438067e-01	1.711112e-01	6.263292e-01
14431	4.789776e-01	2.001819e-01	3.385299e-02	4.231624e-02	2.216689e-01	1.327765e-01	3.253899e-01	4.472091e-01
385	7.945040e-01	6.166923e-02	2.097526e-02	2.621907e-02	1.373456e-01	1.186261e-01	4.075883e-01	8.826968e-02
2317	8.549452e-01	8.109827e-01	4.528129e-02	5.660162e-02	2.965012e-01	1.205631e-01	3.605294e-01	5.832722e-01
23888	7.675875e-01	2.384085e-01	4.872659e-02	6.090824e-02	3.190610e-01	1.948136e-01	3.430574e-01	6.926920e-01
2021	7.845236e-01	5.031926e-01	4.249086e-02	5.311358e-02	2.782295e-01	8.484184e-02	5.312500e-02	6.947632e-01
19505	6.585361e-01	2.084935e-01	3.995446e-02	4.994307e-02	2.616212e-01	2.570541e-01	1.222573e-02	7.362604e-01
14401	5.696685e-01	9.504650e-01	3.273293e-02	4.091616e-02	2.143347e-01	2.044799e-01	2.280971e-02	5.502248e-01
24817	7.285752e-02	5.905794e-02	3.074082e-02	3.842602e-02	2.012904e-01	1.270566e-01	5.323814e-01	5.782146e-02
31128	3.163401e-01	1.290317e-01	6.606798e-02	8.258498e-02	4.326121e-01	3.278893e-01	8.100199e-01	7.400792e-01
30957	2.107483e-01	2.934028e-01	3.668838e-02	4.586048e-02	2.402350e-01	1.890361e-01	4.632302e-01	2.195012e-01
16977	4.876446e-02	5.319154e-01	4.940338e-02	6.175422e-02	3.234925e-01	1.811254e-01	4.608651e-01	2.992043e-01
6355	1.399386e-01	8.142882e-01	2.471845e-02	3.089806e-02	1.618560e-01	1.527976e-01	8.474035e-01	7.095167e-02
9544	5.865748e-01	6.962826e-01	4.793193e-02	5.991491e-02	3.138575e-01	2.928869e-01	9.217040e-01	5.870100e-01
2246	4.690941e-01	9.173262e-01	3.249839e-02	4.062298e-02	2.127989e-01	2.116463e-01	5.909659e-02	5.397725e-01
6361	4.133023e-01	3.997279e-01	2.307641e-02	2.884551e-02	1.511040e-01	5.298534e-02	9.056692e-01	1.011146e-01
17511	4.066159e-01	3.674572e-01	2.330845e-02	2.913556e-02	1.526234e-01	1.402987e-01	3.341272e-01	4.666394e-01
30909	4.943874e-01	3.078943e-01	3.060430e-02	3.825537e-02	2.003965e-01	1.950990e-01	9.846551e-01	1.164336e-02
11497	7.974620e-01	7.302613e-01	2.725798e-02	3.407247e-02	1.784848e-01	1.429968e-01	2.031770e-01	2.572746e-01
4752	5.397335e-01	3.653680e-01	3.562723e-02	4.453404e-02	2.332866e-01	1.477286e-01	2.441221e-01	1.902337e-01
931	7.507714e-01	4.243213e-01	5.164617e-02	6.455772e-02	3.381783e-01	3.212849e-01	7.941658e-01	2.157738e-01
17205	2.069167e-01	7.477163e-01	7.295019e-02	9.118774e-02	4.776767e-01	4.644650e-01	3.157831e-01	7.263257e-01
19116	5.765641e-02	7.628343e-01	2.217610e-02	2.772012e-02	1.452088e-01	1.006481e-01	5.090943e-01	9.690674e-01
20534	6.241139e-01	8.479397e-02	5.338106e-02	6.672632e-02	3.495384e-01	1.380739e-01	1.506774e-01	1.057507e-01
5991	3.646133e-01	5.030084e-01	4.720515e-02	5.900643e-02	3.090986e-01	1.178658e-01	7.918235e-03	6.141394e-01
15526	7.541491e-01	9.230265e-01	2.129791e-02	2.662239e-02	1.394584e-01	1.233968e-01	7.632663e-01	1.353768e-01
18315	6.520367e-02	8.635831e-01	3.500142e-02	4.375178e-02	2.291888e-01	1.008798e-01	3.434809e-01	2.448644e-01
24211	4.342791e-01	6.215855e-01	4.204582e-02	5.255727e-02	2.753154e-01	2.528715e-01	1.201529e-01	1.941334e-01
17873	6.352905e-01	7.910547e-01	7.261920e-02	9.077400e-02	4.755094e-01	4.462456e-01	7.750099e-01	5.172888e-01
23306	3.962481e-02	2.041258e-01	2.831262e-02	3.539077e-02	1.853906e-01	1.047978e-01	1.859329e-01	6.950994e-01
11703	7.483178e-01	6.082870e-01	3.746306e-02	4.682883e-02	2.453075e-01	1.050494e-01	5.740390e-01	7.682600e-01
32197	6.489479e-01	4.632431e-01	3.034270e-02	3.792837e-02	1.986835e-01	1.211373e-01	7.783930e-02	1.920909e-01
7343	5.897629e-01	3.260036e-01	5.511125e-02	6.888906e-02	3.608676e-01	3.037284e-01	8.046493e-01	7.307608e-01
19898	5.371632e-01	8.741873e-01	2.486836e-02	3.108544e-02	1.628376e-01	7.673817e-02	8.800512e-01	6.664374e-01
16897	1.220126e-01	2.159263e-01	4.362023e-02	5.452528e-02	2.856246e-01	1.263617e-01	3.546391e-01	7.288250e-01
12926	7.107268e-01	6.229122e-01	2.249084e-02	2.811355e-02	1.472697e-01	9.421061e-02	2.014657e-01	1.888651e-02
15620	3.843700e-01	6.419948e-01	5.417350e-02	6.771687e-02	3.547272e-01	2.335376e-01	6.215380e-01	9.959461e-01
24506	2.580053e-01	3.868608e-01	2.732161e-02	3.415201e-02	1.789015e-01	7.695537e-02	4.474099e-01	7.409148e-01
11082	8.884648e-01	5.917338e-01	4.599588e-02	5.749485e-02	3.011803e-01	2.248111e-01	9.851169e-01	8.791207e-01
25536	3.431141e-01	2.385710e-01	5.791252e-02	7.239065e-02	3.792103e-01	3.450960e-01	4.197334e-01	9.440339e-01
24020	9.440396e-01	4.894769e-01	4.200652e-02	5.250815e-02	2.750580e-01	1.917031e-01	8.255995e-01	7.296613e-01
7165	5.585582e-01	9.112383e-01	4.086752e-02	5.108440e-02	2.675999e-01	1.899031e-01	9.798532e-01	2.258917e-01
16057	4.518487e-01	7.090803e-01	2.770159e-02	3.462699e-02	1.813896e-01	1.679782e-01	4.123798e-01	5.997869e-01
6732	2.919870e-02	2.659353e-01	2.265383e-02	2.831729e-02	1.483369e-01	1.456717e-01	3.515559e-01	5.451068e-01
4401	6.538233e-01	3.168547e-01	2.658496e-02	3.323120e-02	1.740779e-01	8.865517e-02	9.392127e-01	8.643669e-01
24708	8.371873e-01	2.626374e-01	5.014998e-02	6.268748e-02	3.283813e-01	2.797294e-01	4.268393e-01	6.631215e-01
14087	8.637753e-01	1.055354e-01	3.816852e-02	4.771065e-02	2.499269e-01	2.488942e-01	8.728051e-01	3.590746e-01
3475	3.769317e-01	8.830447e-01	6.170972e-02	7.713715e-02	4.040743e-01	3.676529e-01	1.594031e-01	2.633600e-01
11471	8.805806e-01	7.535705e-01	2.726129e-02	3.407662e-02	1.785065e-01	1.778620e-01	9.912924e-01	4.280730e-01
17790	2.747251e-01	1.668226e-01	2.653641e-02	3.317051e-02	1.737600e-01	9.338195e-02	3.618434e-01	1.279870e-01
24155	2.256893e-01	4.344115e-01	3.046943e-02	3.808679e-02	1.995134e-01	9.734476e-02	7.510763e-01	6.920731e-01
11247	2.169376e-01	9.746979e-02	4.870584e-02	6.088230e-02	3.189251e-01	3.139989e-01	2.528250e-01	9.749629e-01
16948	3.630927e-01	3.979103e-01	2.309493e-02	2.886866e-02	1.512252e-01	6.473480e-02	2.897863e-02	7.252404e-01
8683	3.972680e-01	9.717462e-01	2.133806e-02	2.667258e-02	1.397213e-01	6.226490e-02	6.335560e-01	8.948956e-01
23813	8.693464e-01	8.674280e-01	2.487824e-02	3.109780e-02	1.629023e-01	1.542551e-01	9.913843e-01	7.657504e-02
12402	9.087036e-01	6.970510e-01	3.665225e-02	4.581531e-02	2.399983e-01	1.366179e-01	3.625764e-01	6.834216e-01
9901	6.031700e-01	1.397597e-01	6.492387e-02	8.115484e-02	4.251205e-01	4.228443e-01	1.493788e-01	5.207823e-01
4319	2.601236e-01	2.562284e-01	5.877749e-02	7.347187e-02	3.848741e-01	3.394049e-01	7.985132e-01	3.269722e-01
9914	7.545812e-01	1.478828e-01	6.111868e-02	7.639835e-02	4.002041e-01	2.022208e-01	1.733532e-01	6.236351e-01
10116	4.280563e-01	2.658887e-01	3.533976e-02	4.417471e-02	2.314042e-01	2.314035e-01	3.684638e-01	9.291583e-01
11507	7.029652e-01	6.676681e-01	4.132768e-02	5.165960e-02	2.706130e-01	2.264548e-01	7.511667e-01	8.153164e-01
31053	7.578677e-01	6.388776e-01	3.158643e-02	3.948304e-02	2.068275e-01	1.045684e-01	6.148204e-01	2.531398e-01
12564	4.167521e-01	7.789893e-01	7.351714e-02	9.189642e-02	4.813891e-01	1.582767e-01	8.409611e-01	1.640969e-01
11378	1.618179e-01	6.791725e-01	3.250917e-02	4.063646e-02	2.128695e-01	2.117882e-01	6.721067e-01	8.480973e-01
18424	2.794323e-01	6.733331e-01	2.462297e-02	3.077871e-02	1.612308e-01	1.268955e-01	2.504863e-01	6.102337e-01
10667	4.964462e-01	4.863476e-01	2.263765e-02	2.829706e-02	1.482310e-01	9.207063e-02	6.768523e-01	6.061510e-01
29875	1.262346e-01	6.915525e-01	2.301686e-02	2.877108e-02	1.507140e-01	1.467065e-01	8.093986e-01	3.195963e-01
