11162	5.357685e-01	3.446215e-01	2.146449e-02	2.683061e-02	1.405491e-01	1.273530e-01	8.532520e-01	8.998047e-02
26764	2.422396e-01	7.315246e-02	2.326068e-02	2.907586e-02	1.523106e-01	8.918603e-02	4.185728e-01	4.905742e-01
23421	5.617374e-01	2.803314e-01	3.255264e-02	4.069080e-02	2.131542e-01	6.738507e-02	8.041087e-01	4.492142e-01
2482	3.955328e-01	4.414288e-01	2.965457e-02	3.706822e-02	1.941777e-01	1.202736e-01	4.081863e-02	4.237385e-01
27376	8.064311e-01	5.462519e-01	3.014863e-02	3.768579e-02	1.974128e-01	8.696018e-02	7.450587e-01	3.186130e-01
12220	6.993559e-02	5.402495e-01	5.281566e-02	6.601958e-02	3.458362e-01	2.555647e-01	2.083677e-01	3.201401e-01
16173	1.541049e-01	2.295879e-01	5.657232e-02	7.071539e-02	3.704346e-01	3.596611e-01	4.703957e-01	6.574093e-01
1234	2.715860e-01	2.419774e-01	3.864483e-02	4.830604e-02	2.530458e-01	2.057092e-01	8.051846e-01	4.591183e-01
1978	5.573513e-02	2.088573e-01	2.810183e-02	3.512729e-02	1.840103e-01	1.719060e-01	8.072887e-01	5.978011e-01
9876	2.090479e-01	6.170619e-01	2.653715e-02	3.317144e-02	1.737648e-01	1.550528e-01	7.413005e-01	8.619154e-01
10268	6.754010e-01	2.578294e-01	3.380453e-02	4.225566e-02	2.213515e-01	1.595922e-01	9.470868e-01	1.133880e-01
27219	8.079781e-01	6.771563e-01	2.332556e-02	2.915695e-02	1.527354e-01	1.478642e-01	4.195253e-01	2.619650e-01
32091	2.253280e-01	2.576568e-01	2.152770e-02	2.690962e-02	1.409630e-01	1.194767e-01	6.037780e-01	9.203770e-01
25381	9.692127e-01	5.616660e-01	2.340782e-02	2.925977e-02	1.532740e-01	1.456117e-01	6.414250e-01	1.941959e-01
22424	5.958569e-01	4.842668e-01	2.757366e-02	3.446708e-02	1.805519e-01	1.803847e-01	8.438542e-01	2.958281e-01
6029	3.589546e-01	6.111823e-02	2.610868e-02	3.263585e-02	1.709592e-01	7.092733e-02	5.264214e-02	8.922143e-01
28974	8.664951e-01	4.849132e-01	3.758966e-02	4.698707e-02	2.461365e-01	2.212004e-01	3.268399e-01	5.708048e-01
22656	6.439797e-01	7.461869e-01	2.177634e-02	2.722042e-02	1.425911e-01	7.260408e-02	4.077121e-01	3.821645e-01
12420	6.621520e-01	8.113798e-01	7.555817e-02	9.444771e-02	4.947537e-01	1.832060e-01	4.263484e-01	7.822282e-01
11324	2.920695e-01	8.912543e-01	2.637305e-02	3.296631e-02	1.726903e-01	6.296727e-02	1.910339e-01	9.100436e-01
5267	9.028131e-01	9.493907e-01	2.181037e-02	2.726296e-02	1.428139e-01	6.537991e-02	1.945508e-01	8.222178e-01
11048	3.483806e-02	1.340312e-01	2.598994e-02	3.248742e-02	1.701817e-01	1.620529e-01	8.929815e-01	7.478433e-01
4682	5.136947e-01	9.508656e-01	2.228811e-02	2.786014e-02	1.459422e-01	1.114725e-01	7.777208e-01	7.083919e-01
9646	6.636672e-01	9.286965e-01	3.812083e-02	4.765104e-02	2.496146e-01	1.456288e-01	3.327136e-01	3.916258e-01
21207	3.209001e-01	6.124915e-01	4.143043e-02	5.178804e-02	2.712858e-01	1.573688e-01	7.636858e-01	6.070174e-01
9343	3.687165e-01	4.966523e-01	2.133157e-02	2.666446e-02	1.396788e-01	1.393145e-01	6.151865e-01	1.072953e-01
29893	5.119492e-01	7.007524e-01	4.037793e-02	5.047241e-02	2.643940e-01	1.156497e-01	2.295313e-01	5.657712e-01
12486	7.592347e-01	1.124425e-01	7.660046e-02	9.575057e-02	5.015786e-01	4.980024e-01	4.961801e-03	3.624381e-01
13026	1.325701e-01	7.384095e-01	2.901195e-02	3.626494e-02	1.899698e-01	1.241404e-01	9.713747e-02	4.206191e-01
10607	9.657103e-01	4.466963e-01	2.356918e-02	2.946147e-02	1.543306e-01	1.474237e-01	8.386507e-01	9.458937e-01
28793	7.900943e-02	8.896914e-01	2.114377e-02	2.642971e-02	1.384490e-01	6.947021e-02	5.769820e-01	2.851916e-01
9146	7.179431e-01	5.785520e-01	3.692523e-02	4.615654e-02	2.417858e-01	1.460118e-01	4.940991e-01	5.144814e-01
31399	1.815334e-01	6.844456e-01	2.166142e-02	2.707677e-02	1.418386e-01	8.719735e-02	3.681901e-01	8.593826e-01
30623	2.823829e-01	7.770910e-01	4.422620e-02	5.528274e-02	2.895924e-01	2.103031e-01	1.971436e-01	1.372378e-01
9460	3.467290e-01	3.094552e-01	4.449303e-02	5.561628e-02	2.913396e-01	1.735961e-01	7.691891e-03	6.346415e-01
5138	1.482232e-01	6.029290e-01	2.150717e-02	2.688396e-02	1.408286e-01	1.338308e-01	7.058449e-01	2.261778e-01
23507	5.099384e-01	6.452646e-01	2.148569e-02	2.685711e-02	1.406880e-01	1.157632e-01	6.210489e-01	9.185069e-01
7507	1.708517e-01	4.721098e-01	7.399207e-02	9.249009e-02	4.844989e-01	2.496521e-01	4.341746e-01	6.755936e-01
30711	6.516791e-01	2.851292e-01	2.686880e-02	3.358600e-02	1.759365e-01	1.143159e-01	1.148459e-01	2.611954e-01
1420	8.927279e-01	6.040263e-01	2.636500e-02	3.295625e-02	1.726376e-01	1.433576e-01	1.699573e-01	5.622285e-01
28172	2.427825e-01	5.284774e-01	3.373756e-02	4.217194e-02	2.209130e-01	1.316750e-01	2.500538e-01	4.820929e-01
8559	4.851533e-01	2.830802e-01	6.825848e-02	8.532310e-02	4.469555e-01	3.390568e-01	8.697363e-01	9.248781e-01
10913	3.939948e-01	8.923639e-01	4.146099e-02	5.182623e-02	2.714859e-01	2.709385e-01	3.317569e-01	1.938980e-01
23442	3.940833e-01	1.107748e-01	2.916013e-02	3.645016e-02	1.909401e-01	1.305822e-01	6.392829e-01	2.142600e-01
17590	8.933048e-01	5.450660e-01	5.249142e-02	6.561428e-02	3.437130e-01	3.395438e-01	9.286431e-01	6.577694e-01
16042	8.286131e-01	2.637495e-01	3.105978e-02	3.882472e-02	2.033789e-01	1.696987e-01	5.650627e-01	7.709444e-01
17598	7.247968e-01	8.951556e-01	2.279057e-02	2.848822e-02	1.492323e-01	4.147353e-02	1.895869e-01	8.779165e-01
13762	9.664724e-01	3.836057e-01	2.148011e-02	2.685014e-02	1.406514e-01	1.218137e-01	3.358504e-01	6.091872e-01
12223	4.044348e-01	1.831747e-01	7.240714e-02	9.050893e-02	4.741209e-01	4.668247e-01	4.711268e-01	4.797799e-01
18188	5.858472e-01	9.060646e-02	3.491126e-02	4.363908e-02	2.285984e-01	1.902335e-01	2.553056e-01	1.057725e-01
1793	7.994379e-02	8.511472e-01	2.914552e-02	3.643190e-02	1.908444e-01	1.343414e-01	3.338005e-01	6.187158e-01
20591	7.857108e-01	7.255934e-01	2.168972e-02	2.711215e-02	1.420239e-01	7.534673e-02	4.802223e-01	9.968806e-01
29820	1.936615e-01	2.169066e-01	2.292910e-02	2.866138e-02	1.501394e-01	1.057986e-01	6.665415e-02	1.863049e-01
3829	7.483892e-01	8.012655e-01	2.344202e-02	2.930253e-02	1.534980e-01	1.192303e-01	8.169426e-01	9.465853e-01
27603	8.050163e-01	9.534113e-01	2.192073e-02	2.740091e-02	1.435366e-01	1.421779e-01	7.295432e-01	1.277198e-02
23276	5.632815e-02	1.675488e-01	2.625715e-02	3.282144e-02	1.719314e-01	5.349924e-02	3.469075e-01	7.730176e-01
28642	8.618296e-01	8.146251e-01	3.823054e-02	4.778818e-02	2.503330e-01	2.320173e-01	1.029543e-01	3.344092e-01
4130	3.723641e-01	9.489561e-01	4.867779e-02	6.084724e-02	3.187414e-01	2.164142e-01	5.156605e-02	4.948104e-04
614	2.741588e-01	4.940069e-01	2.462955e-02	3.078694e-02	1.612739e-01	1.177878e-01	6.516318e-01	4.014372e-01
8626	8.145857e-01	6.223397e-01	2.338001e-02	2.922501e-02	1.530919e-01	1.226349e-01	6.947380e-01	8.427641e-01
32079	5.843070e-01	5.858048e-01	4.867306e-02	6.084133e-02	3.187105e-01	1.535791e-01	8.086538e-01	7.512196e-01
29849	7.736149e-01	5.747766e-01	2.104122e-02	2.630152e-02	1.377776e-01	9.027532e-02	8.039828e-01	8.159785e-01
7965	6.354901e-01	2.088826e-01	4.150029e-02	5.187536e-02	2.717432e-01	8.787278e-02	9.681927e-01	7.919483e-01
26771	9.398370e-01	6.807149e-01	3.680886e-02	4.601107e-02	2.410238e-01	2.160631e-01	1.328009e-01	1.371429e-01
15158	2.509859e-01	4.743615e-01	2.623051e-02	3.278814e-02	1.717570e-01	1.623574e-01	1.348283e-01	8.128066e-01
32450	4.087070e-01	3.802521e-01	3.169881e-02	3.962351e-02	2.075633e-01	1.389326e-01	3.768520e-01	5.029043e-01
2373	3.822506e-01	7.856183e-01	2.691023e-02	3.363779e-02	1.762078e-01	1.731886e-01	4.218752e-02	6.826914e-01
6000	3.403407e-01	4.066746e-01	3.830821e-02	4.788527e-02	2.508416e-01	2.091598e-01	9.745615e-01	1.728759e-02
21879	3.177154e-01	7.276718e-01	2.908455e-02	3.635569e-02	1.904452e-01	1.271083e-01	7.194484e-01	7.630069e-01
20353	4.902743e-01	1.566778e-01	7.754277e-02	9.692846e-02	5.077488e-01	4.688378e-01	8.116916e-01	5.339878e-01
17552	2.329256e-01	8.765597e-01	3.974535e-02	4.968169e-02	2.602520e-01	1.206103e-01	9.127075e-02	7.492433e-01
