9544	7.713798e-01	1.920339e-01	3.373201e-02	4.216502e-02	2.208767e-01	1.926740e-01	2.456746e-01	8.271954e-01
29918	4.049093e-01	7.311813e-01	2.625042e-02	3.281302e-02	1.718873e-01	1.356212e-01	5.203015e-01	7.068197e-01
23948	4.939802e-01	3.235250e-01	7.553552e-02	9.441940e-02	4.946054e-01	4.116951e-01	2.285600e-01	6.046759e-01
9293	8.651976e-01	1.908275e-01	6.246275e-02	7.807844e-02	4.090051e-01	2.937257e-01	9.954071e-03	2.339705e-01
6887	2.718207e-01	4.258820e-01	3.578378e-02	4.472972e-02	2.343116e-01	2.308122e-01	4.096394e-01	2.798831e-01
20186	5.554740e-01	3.388488e-01	6.316429e-02	7.895536e-02	4.135988e-01	1.467121e-01	5.646563e-01	5.862160e-01
22755	4.909931e-01	1.904043e-01	2.809769e-02	3.512211e-02	1.839832e-01	1.834764e-01	8.167116e-01	2.716116e-01
1932	3.598451e-01	1.191039e-01	3.599129e-02	4.498911e-02	2.356704e-01	1.333657e-01	1.270294e-01	5.649957e-01
3891	2.186766e-01	3.443365e-01	5.803010e-02	7.253763e-02	3.799802e-01	2.309334e-01	5.674168e-01	2.356256e-01
3996	7.416827e-01	6.364295e-01	3.186332e-02	3.982915e-02	2.086405e-01	2.024931e-01	3.586899e-01	8.275009e-01
8430	9.366262e-01	5.961869e-01	2.644367e-02	3.305459e-02	1.731527e-01	6.575115e-02	2.888669e-01	9.635255e-01
3352	9.254119e-01	8.618940e-02	2.146212e-02	2.682765e-02	1.405336e-01	1.034929e-01	1.183741e-01	6.754361e-01
23816	5.734369e-01	5.042027e-01	2.854996e-02	3.568745e-02	1.869447e-01	7.485062e-02	3.102938e-01	8.974239e-01
26814	6.113019e-01	9.566562e-01	3.805599e-02	4.756999e-02	2.491900e-01	2.417253e-01	4.123335e-02	8.069787e-02
29513	8.455337e-01	9.051181e-01	4.913228e-02	6.141535e-02	3.217174e-01	2.558493e-01	4.591200e-01	9.647918e-01
11312	1.754742e-01	5.341734e-01	5.261659e-02	6.577074e-02	3.445326e-01	3.303250e-01	2.094272e-01	5.063790e-01
26254	1.554101e-01	6.297373e-01	4.095837e-02	5.119796e-02	2.681947e-01	2.508328e-01	1.652220e-01	8.176592e-01
21527	7.643467e-01	3.808440e-01	3.047098e-02	3.808872e-02	1.995235e-01	1.991653e-01	5.339225e-01	7.912667e-01
26523	6.101697e-01	5.263022e-01	4.032899e-02	5.041124e-02	2.640736e-01	1.260821e-01	2.974956e-01	5.386936e-01
19348	1.799724e-01	2.933990e-01	2.266622e-02	2.833277e-02	1.484180e-01	1.182416e-01	2.803915e-01	6.757228e-02
24547	4.270083e-01	7.872354e-01	2.218218e-02	2.772773e-02	1.452486e-01	1.243412e-01	7.821779e-01	9.326775e-01
9061	7.966844e-01	6.837671e-01	2.243624e-02	2.804530e-02	1.469121e-01	8.300319e-02	5.251069e-02	4.100332e-02
603	2.388201e-01	1.102949e-01	2.611437e-02	3.264297e-02	1.709965e-01	1.692740e-01	4.110873e-01	6.434079e-01
10449	3.662028e-01	8.046068e-01	3.533552e-02	4.416940e-02	2.313765e-01	1.756903e-01	3.110315e-01	4.224304e-01
3597	4.386472e-01	1.423196e-01	4.829741e-02	6.037176e-02	3.162507e-01	2.899550e-01	8.110660e-01	5.700743e-01
30155	9.578078e-01	3.123184e-01	3.543444e-02	4.429305e-02	2.320242e-01	1.548916e-01	2.183782e-01	1.367266e-01
27491	1.151813e-01	1.327242e-01	4.806424e-02	6.008030e-02	3.147239e-01	1.065067e-01	7.705164e-02	4.266266e-01
6900	7.020392e-01	8.687550e-01	2.368529e-02	2.960661e-02	1.550909e-01	5.913063e-02	1.618560e-01	1.247729e-01
10875	6.166486e-01	5.951335e-01	2.060448e-02	2.575560e-02	1.349178e-01	1.278827e-01	8.382969e-01	6.743941e-01
14525	5.381325e-01	5.590352e-01	2.258452e-02	2.823065e-02	1.478831e-01	1.400342e-01	1.647727e-01	7.221178e-01
26156	9.587001e-01	9.277829e-01	3.365950e-02	4.207437e-02	2.204019e-01	1.024831e-01	6.966821e-01	2.703111e-01
8641	9.477769e-01	1.360909e-01	4.417124e-02	5.521406e-02	2.892326e-01	2.886431e-01	9.444675e-01	7.128222e-01
16433	6.478202e-01	4.107620e-02	3.537657e-02	4.422071e-02	2.316452e-01	2.166322e-01	4.864675e-01	9.650272e-02
20071	3.797041e-01	3.520863e-01	5.893906e-02	7.367383e-02	3.859321e-01	3.543914e-01	5.939550e-01	6.532567e-01
22267	5.297488e-01	8.620927e-01	5.099229e-02	6.374036e-02	3.338967e-01	1.315967e-01	2.909835e-01	9.189920e-01
4356	1.188786e-01	9.533749e-01	2.319239e-02	2.899049e-02	1.518634e-01	3.943322e-02	4.324039e-02	4.276340e-01
28770	4.227097e-01	2.202891e-01	2.318669e-02	2.898336e-02	1.518261e-01	1.335909e-01	6.433510e-01	3.734328e-01
19003	5.167242e-01	9.432435e-01	2.091688e-02	2.614610e-02	1.369634e-01	9.456585e-02	2.468979e-01	3.347566e-01
31512	5.485191e-01	8.038431e-01	3.144503e-02	3.930628e-02	2.059015e-01	1.546714e-01	3.065747e-01	9.509501e-01
2756	2.927455e-01	2.862423e-01	6.485089e-02	8.106362e-02	4.246427e-01	3.207843e-01	6.023137e-01	9.388919e-01
31526	3.263320e-01	8.818524e-01	5.749288e-02	7.186610e-02	3.764625e-01	3.515143e-01	1.612083e-01	9.585711e-01
29778	9.305058e-02	7.554459e-01	2.382869e-02	2.978587e-02	1.560299e-01	1.439161e-01	5.186204e-01	9.193569e-01
18002	6.014958e-01	4.827337e-01	2.542725e-02	3.178406e-02	1.664972e-01	1.647421e-01	3.480818e-01	3.547301e-01
30177	8.918535e-01	8.875424e-01	3.108510e-02	3.885638e-02	2.035448e-01	7.321092e-02	3.963389e-01	9.678372e-01
15448	9.446724e-01	7.133477e-01	5.240587e-02	6.550734e-02	3.431528e-01	3.170164e-01	5.461888e-01	3.244574e-01
4085	7.673261e-01	5.205208e-01	3.916267e-02	4.895333e-02	2.564365e-01	2.563577e-01	6.220419e-01	3.356793e-01
11424	2.062907e-01	6.661353e-01	3.330260e-02	4.162825e-02	2.180649e-01	2.059844e-01	3.406060e-01	1.713269e-01
24189	6.422347e-01	3.057751e-01	4.558004e-02	5.697504e-02	2.984574e-01	1.713462e-01	6.356719e-01	8.923279e-01
31726	9.382091e-01	8.924709e-01	2.398086e-02	2.997607e-02	1.570263e-01	7.518317e-02	3.070139e-01	6.448181e-01
3596	1.606909e-01	1.143447e-01	4.984050e-02	6.230062e-02	3.263548e-01	1.007063e-01	8.740206e-01	6.895630e-03
27134	8.821885e-01	6.900436e-01	3.035244e-02	3.794055e-02	1.987473e-01	8.641908e-02	3.888218e-01	4.812598e-01
31164	4.736727e-01	5.584715e-01	6.939208e-02	8.674009e-02	4.543782e-01	4.542383e-01	6.166418e-01	7.657360e-01
27062	5.742848e-01	5.978549e-01	2.114027e-02	2.642534e-02	1.384262e-01	1.168298e-01	9.137112e-01	8.022037e-01
27392	6.213882e-01	8.900310e-01	5.197688e-02	6.497110e-02	3.403438e-01	2.331961e-01	2.767887e-01	5.023779e-01
4310	9.235895e-01	4.290766e-01	4.794954e-02	5.993692e-02	3.139728e-01	2.963182e-01	7.288411e-01	1.369198e-01
20020	4.209408e-02	2.553799e-01	2.230244e-02	2.787805e-02	1.460360e-01	4.520111e-02	9.310205e-01	6.539439e-01
3600	6.686632e-01	1.468833e-01	6.700676e-02	8.375845e-02	4.387592e-01	4.204897e-01	9.882740e-01	5.431122e-01
4893	6.698039e-01	6.510061e-01	4.067299e-02	5.084124e-02	2.663261e-01	2.636138e-01	2.565277e-01	5.767068e-01
10758	5.883565e-01	2.534703e-01	6.905760e-02	8.632200e-02	4.521881e-01	4.495408e-01	5.160100e-01	8.124995e-01
8037	6.372378e-01	3.958235e-01	6.529852e-02	8.162316e-02	4.275737e-01	3.227403e-01	5.099603e-01	6.704082e-01
15700	2.566471e-01	8.064276e-01	2.358961e-02	2.948701e-02	1.544644e-01	1.380388e-01	6.490198e-01	3.276503e-01
27110	8.811122e-01	1.147119e-01	3.234917e-02	4.043647e-02	2.118219e-01	1.572844e-01	3.014615e-01	1.443100e-01
28641	2.562869e-01	4.624540e-01	2.949895e-02	3.687369e-02	1.931587e-01	8.048844e-02	2.004546e-01	6.042632e-01
7312	5.027000e-01	4.004809e-01	2.289333e-02	2.861666e-02	1.499052e-01	9.334743e-02	1.249281e-01	4.461932e-01
30525	2.938259e-01	6.487523e-01	3.923615e-02	4.904519e-02	2.569177e-01	2.455466e-01	8.187633e-01	1.187374e-01
24955	2.620461e-01	6.241713e-01	3.045853e-02	3.807317e-02	1.994420e-01	1.461692e-01	9.215251e-01	3.948110e-01
16650	6.594429e-01	4.949575e-01	3.695694e-02	4.619618e-02	2.419935e-01	1.541836e-01	5.471388e-01	4.697011e-01
19629	7.117104e-01	6.288963e-02	4.952186e-02	6.190232e-02	3.242683e-01	2.324499e-01	4.454707e-01	2.975895e-01
12021	7.987015e-02	3.274251e-01	3.995132e-02	4.993915e-02	2.616006e-01	2.072227e-01	8.593462e-01	3.341885e-02
13632	1.303288e-01	7.794622e-01	3.586685e-02	4.483356e-02	2.348556e-01	2.277668e-01	9.671122e-01	4.713886e-01
3145	7.437473e-01	7.914715e-01	2.459658e-02	3.074572e-02	1.610580e-01	5.677505e-02	7.625472e-01	9.238252e-01
21126	1.838386e-01	7.073695e-01	2.131485e-02	2.664356e-02	1.395693e-01	3.897163e-02	6.141272e-01	5.794885e-01
