13832	2.141808e-01	9.649374e-02	2.342778e-02	2.928473e-02	1.534048e-01	1.531522e-01	6.456922e-01	9.461808e-01
27433	8.490129e-01	9.235772e-01	2.363915e-02	2.954894e-02	1.547888e-01	1.404327e-01	2.298354e-01	3.773870e-01
5002	9.350246e-01	7.445583e-01	2.903257e-02	3.629071e-02	1.901048e-01	1.466839e-01	4.070874e-01	4.116281e-02
6141	4.009045e-01	7.572358e-01	2.148222e-02	2.685277e-02	1.406652e-01	1.039300e-01	5.201606e-01	1.026769e-01
22069	8.476312e-01	6.701592e-01	2.297287e-02	2.871609e-02	1.504260e-01	1.400196e-01	8.916767e-01	8.883781e-01
7354	3.553827e-01	6.933010e-01	2.375179e-02	2.968974e-02	1.555264e-01	1.405713e-01	9.904452e-01	7.923341e-01
9256	5.170975e-01	2.775039e-01	3.910407e-02	4.888008e-02	2.560528e-01	1.773006e-01	7.490746e-01	2.388668e-01
12661	4.692215e-01	9.402805e-01	2.070478e-02	2.588097e-02	1.355746e-01	1.123831e-01	1.907850e-01	3.637882e-02
11810	8.759510e-01	4.552640e-01	2.372126e-02	2.965157e-02	1.553264e-01	1.242022e-01	3.884252e-01	5.680709e-01
27320	2.739950e-01	4.341519e-01	2.223834e-02	2.779793e-02	1.456163e-01	1.315656e-01	9.438572e-01	9.631029e-01
4959	5.085923e-01	6.892441e-01	2.644212e-02	3.305264e-02	1.731426e-01	1.679984e-01	2.285167e-01	1.375084e-01
28989	9.006587e-02	3.112891e-01	3.504108e-02	4.380136e-02	2.294485e-01	1.160947e-01	5.598565e-01	8.743423e-02
18780	9.490230e-02	7.017780e-01	2.063524e-02	2.579406e-02	1.351193e-01	1.017949e-01	2.777570e-01	9.529151e-01
12061	3.799149e-02	7.978110e-02	2.453293e-02	3.066616e-02	1.606412e-01	1.544415e-01	5.674630e-02	3.591328e-01
2287	9.072226e-01	4.767980e-02	3.731649e-02	4.664561e-02	2.443478e-01	1.873897e-01	9.717330e-01	5.836951e-01
7670	7.930006e-01	4.732715e-01	4.061633e-02	5.077042e-02	2.659551e-01	6.901904e-02	7.160038e-01	5.980981e-01
24121	3.874008e-01	4.097975e-01	3.183094e-02	3.978868e-02	2.084285e-01	2.022257e-01	1.268680e-01	7.095288e-01
2286	6.198894e-02	1.219711e-01	2.808296e-02	3.510370e-02	1.838868e-01	1.838797e-01	7.263164e-01	5.622404e-01
22728	9.254736e-01	3.995490e-01	2.404718e-02	3.005897e-02	1.574606e-01	1.137421e-01	9.464165e-01	1.778689e-01
19282	6.556747e-01	2.489889e-01	4.477208e-02	5.596510e-02	2.931669e-01	2.443692e-01	3.806544e-01	2.682001e-02
18246	7.431806e-01	1.018870e-01	4.158539e-02	5.198173e-02	2.723005e-01	1.361610e-01	7.693522e-02	9.058055e-02
1138	6.238644e-02	1.831329e-01	3.341682e-02	4.177102e-02	2.188128e-01	2.018483e-01	4.857063e-01	6.688981e-01
30485	6.079159e-01	5.686809e-01	2.364720e-02	2.955900e-02	1.548415e-01	1.506084e-01	5.097861e-01	7.340020e-01
9696	3.794602e-01	9.636670e-02	4.345169e-02	5.431461e-02	2.845210e-01	1.146949e-01	1.856985e-01	6.240093e-01
2171	3.699564e-01	1.829332e-01	4.345426e-02	5.431783e-02	2.845378e-01	1.639320e-01	7.403863e-01	7.249439e-01
4974	1.828707e-01	9.365320e-01	2.604888e-02	3.256109e-02	1.705676e-01	1.424033e-01	8.361198e-01	5.873853e-02
5303	4.500502e-01	4.202150e-01	2.080212e-02	2.600265e-02	1.362119e-01	8.750770e-02	2.131662e-01	8.156138e-01
25157	5.722253e-02	4.873380e-01	2.173779e-02	2.717224e-02	1.423387e-01	8.786958e-02	3.565062e-01	3.605196e-01
11325	7.783392e-01	6.468497e-01	7.232085e-02	9.040106e-02	4.735558e-01	2.714455e-01	6.150331e-03	7.786786e-01
11999	5.844600e-01	1.049719e-01	3.493575e-02	4.366969e-02	2.287588e-01	1.876410e-01	5.291490e-02	2.164883e-01
13768	2.472635e-01	2.045709e-01	4.900355e-02	6.125444e-02	3.208745e-01	3.049168e-01	9.830113e-01	7.305425e-01
31359	8.797480e-01	2.685071e-01	2.081448e-02	2.601809e-02	1.362929e-01	1.355122e-01	9.928184e-01	6.108720e-01
5804	7.659419e-01	5.193184e-01	3.033360e-02	3.791700e-02	1.986240e-01	1.379993e-01	5.523178e-02	4.315076e-01
22493	4.976265e-01	1.524101e-01	2.400590e-02	3.000737e-02	1.571902e-01	6.176397e-02	9.849864e-01	8.916137e-01
26454	8.425123e-01	1.101212e-01	3.561725e-02	4.452156e-02	2.332212e-01	1.961464e-01	1.579098e-01	8.349189e-01
5701	4.342482e-01	1.143233e-01	2.675808e-02	3.344760e-02	1.752115e-01	1.381930e-01	5.398060e-01	8.228732e-02
31112	8.068054e-01	2.193482e-01	4.785288e-02	5.981609e-02	3.133399e-01	1.717725e-01	4.069889e-01	5.874281e-01
16074	1.293422e-01	8.419379e-02	5.988093e-02	7.485116e-02	3.920994e-01	3.142327e-01	8.244441e-01	6.098536e-01
18708	2.828585e-01	7.920999e-01	4.778924e-02	5.973654e-02	3.129232e-01	8.889105e-02	4.640924e-01	1.148657e-01
3005	1.345672e-01	7.206366e-01	2.228628e-02	2.785785e-02	1.459302e-01	1.298445e-01	9.907919e-01	1.962391e-01
15671	5.014986e-01	4.215265e-01	2.117457e-02	2.646821e-02	1.386508e-01	4.725550e-02	3.907721e-01	3.872052e-01
9308	1.685543e-01	4.013280e-01	4.226565e-02	5.283206e-02	2.767548e-01	1.215041e-01	6.470904e-01	3.022305e-01
32718	3.990848e-01	5.125173e-01	4.548130e-02	5.685162e-02	2.978108e-01	1.917823e-01	3.453200e-01	6.139558e-01
5018	3.200787e-01	3.819703e-01	2.258466e-02	2.823082e-02	1.478840e-01	8.342360e-02	8.793335e-01	5.316912e-01
16985	7.839099e-01	9.249919e-01	5.952971e-02	7.441214e-02	3.897996e-01	2.454947e-01	5.392709e-01	3.717629e-01
12360	7.491829e-01	4.131357e-01	5.618910e-02	7.023637e-02	3.679253e-01	3.499458e-01	2.570260e-01	2.344829e-01
3087	8.078244e-01	8.639945e-01	2.683980e-02	3.354975e-02	1.757466e-01	9.530189e-02	2.635680e-01	4.881342e-01
6626	6.983573e-01	7.442645e-01	2.352607e-02	2.940759e-02	1.540484e-01	7.360665e-02	3.537017e-01	6.543766e-01
3328	1.361596e-01	5.360080e-01	2.247433e-02	2.809291e-02	1.471616e-01	1.470723e-01	4.624028e-01	6.085143e-01
10082	7.609877e-01	3.055276e-01	2.832072e-02	3.540090e-02	1.854437e-01	1.710788e-01	3.847099e-01	6.970526e-01
20765	9.382285e-01	9.690444e-01	2.524929e-02	3.156161e-02	1.653320e-01	1.035374e-01	2.447411e-01	6.511217e-02
15693	6.083736e-01	9.190263e-01	3.857440e-02	4.821800e-02	2.525846e-01	2.407995e-01	9.196881e-01	3.184101e-01
29469	6.269855e-02	8.963612e-01	5.959111e-02	7.448888e-02	3.902016e-01	3.812758e-01	2.190679e-01	3.893091e-01
2372	2.752063e-01	3.132556e-01	2.455387e-02	3.069233e-02	1.607783e-01	1.405386e-01	3.118760e-01	8.256552e-01
23810	8.333156e-01	6.439283e-01	2.214242e-02	2.767803e-02	1.449882e-01	8.325541e-02	9.838084e-01	4.015642e-01
10476	4.794878e-01	8.609946e-01	2.745730e-02	3.432163e-02	1.797900e-01	1.787729e-01	7.640944e-01	9.937494e-01
28512	5.343373e-01	4.403059e-01	6.390355e-02	7.987944e-02	4.184395e-01	1.894895e-01	8.771096e-01	7.925340e-01
10394	2.926394e-01	1.256922e-01	2.080376e-02	2.600470e-02	1.362227e-01	1.362189e-01	4.211401e-02	7.704154e-01
1852	3.365764e-01	8.099575e-01	2.420607e-02	3.025758e-02	1.585010e-01	4.851182e-02	4.703852e-01	7.388969e-01
15821	1.187094e-01	7.558335e-01	2.561038e-02	3.201297e-02	1.676964e-01	1.019520e-01	3.112909e-01	4.230989e-01
770	1.298114e-01	8.339451e-01	5.445587e-02	6.806983e-02	3.565762e-01	1.460260e-01	9.630303e-01	4.536864e-01
30896	1.698389e-01	8.783840e-01	2.642263e-02	3.302829e-02	1.730150e-01	1.604690e-01	6.731035e-02	2.519306e-01
25753	3.965114e-01	8.434687e-01	2.486092e-02	3.107615e-02	1.627889e-01	1.173713e-01	8.778476e-01	2.718324e-01
713	2.968862e-01	2.258636e-01	3.728633e-02	4.660791e-02	2.441503e-01	2.210550e-01	3.951546e-01	1.992869e-01
20913	2.428999e-01	3.603323e-01	7.875643e-02	9.844554e-02	5.156959e-01	1.944305e-01	3.226404e-01	9.233656e-01
13209	4.658823e-01	3.641201e-01	2.107588e-02	2.634485e-02	1.380045e-01	9.664565e-02	1.905624e-01	7.450923e-01
24422	2.296315e-01	5.368326e-01	5.162091e-02	6.452614e-02	3.380129e-01	3.083425e-01	9.774735e-02	9.131916e-01
7698	2.430205e-01	4.326532e-01	2.735660e-02	3.419574e-02	1.791306e-01	1.208446e-01	5.664354e-01	5.495660e-01
1393	7.406790e-01	7.466669e-01	2.661631e-02	3.327039e-02	1.742832e-01	7.903635e-02	7.786230e-01	3.470291e-01
16534	5.684338e-01	3.341113e-01	2.830787e-02	3.538484e-02	1.853595e-01	5.760691e-02	5.409014e-01	1.040871e-01
2109	5.591603e-01	9.272484e-01	5.250439e-02	6.563048e-02	3.437979e-01	2.253841e-01	1.575866e-01	4.847423e-01
14703	8.893407e-01	7.146812e-01	3.641245e-02	4.551556e-02	2.384282e-01	2.328441e-01	8.205238e-01	8.081921e-01
17631	4.565493e-01	1.921535e-01	3.635704e-02	4.544631e-02	2.380654e-01	2.351881e-01	4.721079e-01	4.527876e-01
7909	8.754124e-01	5.762535e-01	3.750442e-02	4.688053e-02	2.455784e-01	1.464572e-01	6.252670e-01	3.492538e-01
3495	1.046292e-01	7.880110e-01	2.231588e-02	2.789485e-02	1.461240e-01	1.457713e-01	1.048053e-01	9.936412e-01
10227	2.155542e-01	5.869010e-01	3.844776e-02	4.805970e-02	2.517553e-01	1.634102e-01	9.478616e-02	8.891328e-01
15389	4.331652e-01	5.740533e-01	2.587712e-02	3.234640e-02	1.694430e-01	4.539041e-02	3.820305e-01	6.953187e-01
32713	3.870115e-01	2.617450e-01	2.160486e-02	2.700607e-02	1.414683e-01	3.963483e-02	1.203897e-01	1.679902e-02
