7140	9.709538e-02	5.845970e-01	5.033938e-02	6.292423e-02	3.296215e-01	3.208830e-01	6.692000e-01	1.461770e-01
28722	1.361135e-01	2.116062e-01	2.101225e-02	2.626532e-02	1.375879e-01	1.003371e-01	6.626071e-01	3.040022e-01
12546	3.396332e-01	1.236813e-01	2.639155e-02	3.298944e-02	1.728115e-01	9.801072e-02	4.244525e-01	6.915388e-01
29144	8.147881e-01	4.600601e-01	4.575113e-02	5.718891e-02	2.995777e-01	8.173704e-02	7.294599e-01	9.376021e-01
16755	6.077336e-01	4.537926e-01	2.612390e-02	3.265488e-02	1.710589e-01	5.628158e-02	3.818587e-01	5.924025e-01
29077	3.757675e-01	3.328153e-01	6.332622e-02	7.915778e-02	4.146591e-01	2.618447e-01	2.208706e-01	4.893279e-01
27940	9.646009e-01	8.317423e-01	3.189706e-02	3.987132e-02	2.088614e-01	7.315662e-02	5.310513e-01	1.797101e-02
14132	2.573010e-01	6.418843e-01	3.389002e-02	4.236253e-02	2.219113e-01	2.067645e-01	9.689115e-01	6.548568e-01
6547	6.713507e-01	7.009250e-02	3.698003e-02	4.622503e-02	2.421446e-01	1.714773e-01	6.248662e-01	1.107858e-01
21089	4.552909e-01	8.203159e-01	3.001355e-02	3.751693e-02	1.965282e-01	1.855030e-01	1.536915e-01	6.900975e-01
24381	4.711055e-01	3.367339e-01	2.292300e-02	2.865375e-02	1.500994e-01	1.500561e-01	5.377565e-01	5.765708e-01
1013	3.251238e-01	4.403071e-01	2.399984e-02	2.999980e-02	1.571506e-01	1.538231e-01	8.895851e-02	3.239645e-01
30254	4.592789e-02	4.052880e-01	3.242755e-02	4.053443e-02	2.123351e-01	1.095134e-01	3.952588e-01	5.084969e-01
12444	3.051429e-01	7.837929e-01	2.436413e-02	3.045517e-02	1.595360e-01	8.719689e-02	3.356833e-02	2.646567e-01
9911	9.441095e-01	8.950554e-01	2.118002e-02	2.647502e-02	1.386864e-01	1.104615e-01	9.841435e-01	7.584214e-01
20280	4.113465e-01	2.266177e-01	2.152494e-02	2.690618e-02	1.409450e-01	1.226895e-01	1.529810e-01	7.904389e-01
21741	1.590423e-01	1.726932e-01	2.215337e-02	2.769171e-02	1.450599e-01	8.284821e-02	2.164033e-02	2.652929e-01
9178	9.387239e-01	1.056202e-01	3.264258e-02	4.080323e-02	2.137431e-01	7.995202e-02	9.495419e-01	5.126338e-01
3440	7.147367e-01	3.980713e-01	2.159335e-02	2.699169e-02	1.413929e-01	1.395267e-01	1.528700e-01	5.693937e-01
3409	2.503890e-01	7.878125e-01	4.414805e-02	5.518507e-02	2.890808e-01	8.078996e-02	2.668531e-01	8.272341e-01
1798	7.228630e-01	6.352602e-01	3.747152e-02	4.683940e-02	2.453629e-01	1.069796e-01	5.176578e-01	1.503194e-01
4201	8.619386e-01	8.535946e-01	5.960140e-02	7.450176e-02	3.902691e-01	3.416241e-01	9.366078e-01	2.504843e-01
15037	3.369126e-01	7.040580e-01	5.162510e-02	6.453138e-02	3.380404e-01	3.358805e-01	3.000059e-01	8.303713e-01
6357	8.473013e-01	6.953867e-01	2.605577e-02	3.256971e-02	1.706128e-01	1.616208e-01	9.967495e-01	1.549373e-01
5202	8.308618e-01	1.592818e-01	4.808426e-02	6.010532e-02	3.148550e-01	3.097165e-01	5.010571e-01	8.353285e-01
31528	5.928431e-02	5.255573e-01	2.449503e-02	3.061879e-02	1.603931e-01	9.349949e-02	5.343831e-01	7.084906e-01
4228	5.086402e-01	9.243844e-01	3.087220e-02	3.859025e-02	2.021507e-01	2.014957e-01	8.728445e-01	1.054459e-01
11701	7.967011e-01	5.256723e-01	3.171009e-02	3.963761e-02	2.076372e-01	1.135651e-01	9.405156e-01	9.284625e-01
24651	5.830862e-01	6.309060e-01	3.432416e-02	4.290520e-02	2.247541e-01	8.532906e-02	4.100621e-02	1.553565e-01
8512	1.201031e-01	8.329372e-01	2.332888e-02	2.916110e-02	1.527571e-01	5.686165e-02	1.705432e-01	9.316755e-01
10214	3.049683e-01	2.344625e-01	2.803157e-02	3.503946e-02	1.835503e-01	1.689093e-01	9.898976e-01	6.235543e-01
13774	5.502764e-01	9.586655e-01	2.227577e-02	2.784471e-02	1.458614e-01	1.366997e-01	7.016332e-01	5.978604e-01
25494	4.738758e-01	2.465160e-01	4.718226e-02	5.897783e-02	3.089487e-01	3.082539e-01	3.722141e-02	8.365328e-01
21225	4.607780e-01	1.601520e-01	3.097837e-02	3.872296e-02	2.028459e-01	1.704602e-01	1.854019e-01	1.714621e-01
22322	8.065953e-01	5.632839e-01	6.754551e-02	8.443188e-02	4.422869e-01	1.275341e-01	7.146533e-01	4.314080e-01
22108	8.833252e-01	6.928550e-01	2.063172e-02	2.578965e-02	1.350962e-01	1.301016e-01	4.737018e-01	8.313493e-01
29641	1.437740e-01	1.598609e-01	2.366279e-02	2.957849e-02	1.549436e-01	5.557646e-02	6.827459e-01	9.775120e-01
22530	2.521358e-01	5.320618e-01	2.366484e-02	2.958105e-02	1.549570e-01	1.081998e-01	8.460577e-01	9.158050e-01
29034	4.983982e-01	7.886098e-01	4.779663e-02	5.974579e-02	3.129716e-01	2.476496e-01	6.455017e-01	5.606880e-02
313	7.065100e-01	7.601080e-01	4.731739e-02	5.914673e-02	3.098335e-01	2.024092e-01	3.151848e-01	5.961131e-01
28067	1.776082e-01	4.959441e-02	2.807626e-02	3.509533e-02	1.838429e-01	1.837136e-01	8.814712e-01	7.966348e-01
20202	8.276054e-01	6.356918e-02	4.511153e-02	5.638941e-02	2.953896e-01	1.365379e-01	2.066369e-01	5.500003e-01
27402	9.649172e-01	5.913606e-01	2.886749e-02	3.608436e-02	1.890239e-01	1.780107e-01	3.969449e-02	7.346071e-01
31324	6.489553e-01	4.879689e-01	3.179692e-02	3.974614e-02	2.082057e-01	6.391318e-02	4.206309e-01	6.389677e-01
23994	4.395189e-01	4.498570e-01	2.267161e-02	2.833952e-02	1.484534e-01	8.568818e-02	3.313836e-01	3.723143e-01
19832	5.884957e-01	7.943441e-01	2.552521e-02	3.190651e-02	1.671387e-01	8.320951e-02	5.429294e-01	5.659592e-02
10306	3.674925e-01	5.601988e-01	3.234133e-02	4.042666e-02	2.117705e-01	1.830593e-01	8.193793e-01	8.989290e-01
27158	2.369473e-01	5.138627e-01	4.034195e-02	5.042744e-02	2.641585e-01	7.965779e-02	6.543891e-01	1.630914e-01
9550	2.237847e-01	8.069569e-01	3.290866e-02	4.113583e-02	2.154854e-01	1.976134e-01	9.599123e-01	1.883259e-01
30093	6.593724e-01	6.333741e-01	3.877732e-02	4.847165e-02	2.539133e-01	2.512032e-01	3.195211e-01	5.637591e-01
5972	5.562065e-01	6.826806e-01	2.057363e-02	2.571704e-02	1.347158e-01	1.178501e-01	7.981104e-01	1.744265e-01
7002	7.362866e-01	3.019325e-01	2.882385e-02	3.602981e-02	1.887381e-01	1.201553e-01	1.354826e-01	4.562914e-01
18349	5.597908e-01	4.923312e-01	6.497093e-02	8.121367e-02	4.254287e-01	3.963404e-01	9.052100e-01	9.442661e-01
5371	6.729422e-01	1.472452e-01	2.297560e-02	2.871949e-02	1.504438e-01	1.458657e-01	5.826302e-01	6.957483e-01
6968	1.844019e-01	5.638977e-01	2.314606e-02	2.893258e-02	1.515600e-01	1.492091e-01	4.525023e-01	1.654827e-01
11389	6.278503e-01	9.100956e-01	2.506457e-02	3.133071e-02	1.641224e-01	1.186750e-01	1.696665e-01	7.147500e-01
18492	9.132983e-01	4.274480e-01	2.773692e-02	3.467115e-02	1.816209e-01	1.597482e-01	9.723548e-01	1.119379e-01
15823	4.551345e-01	4.946817e-01	6.290663e-02	7.863328e-02	4.119116e-01	2.758225e-01	6.977284e-01	2.517839e-01
14108	6.375659e-01	7.212692e-01	2.372951e-02	2.966188e-02	1.553804e-01	4.986911e-02	9.751690e-01	2.267038e-01
18410	8.781770e-01	4.438424e-01	2.398545e-02	2.998181e-02	1.570564e-01	1.023845e-01	6.107119e-01	1.024896e-01
18909	9.627575e-01	7.822178e-01	2.217429e-02	2.771786e-02	1.451969e-01	6.619689e-02	8.493848e-01	3.897951e-01
22891	8.978742e-01	3.588398e-01	2.895196e-02	3.618995e-02	1.895770e-01	1.816161e-01	5.062638e-01	4.566267e-01
15939	6.327855e-01	8.829720e-02	3.456475e-02	4.320594e-02	2.263294e-01	1.395848e-01	2.333705e-01	9.959441e-01
32435	9.348418e-01	1.459627e-01	2.416434e-02	3.020542e-02	1.582277e-01	5.513703e-02	7.780833e-02	7.281366e-01
19387	9.508801e-01	4.086494e-01	4.343862e-02	5.429827e-02	2.844354e-01	2.559384e-01	9.842391e-01	1.634462e-01
27473	1.980940e-01	9.018789e-01	2.606220e-02	3.257775e-02	1.706549e-01	4.449348e-02	8.930382e-01	5.273062e-02
17256	6.033751e-01	9.310632e-01	2.308011e-02	2.885014e-02	1.511282e-01	8.960829e-02	9.382950e-01	4.615898e-01
17265	1.282011e-01	2.941651e-01	2.060886e-02	2.576107e-02	1.349465e-01	1.253684e-01	2.878752e-01	4.991123e-01
13322	6.201580e-01	3.699813e-01	7.461794e-02	9.327242e-02	4.885971e-01	3.479457e-01	4.931891e-01	9.483887e-03
939	2.053183e-01	7.117454e-01	7.104985e-02	8.881232e-02	4.652333e-01	1.721040e-01	4.489562e-01	8.465519e-01
10627	9.138198e-01	8.899195e-01	2.818968e-02	3.523710e-02	1.845856e-01	1.671177e-01	7.968341e-01	2.260262e-01
7143	8.969580e-01	7.509099e-02	4.208277e-02	5.260347e-02	2.755573e-01	1.573243e-01	3.978849e-03	2.041965e-01
25999	7.959882e-01	2.982864e-01	2.524548e-02	3.155685e-02	1.653070e-01	6.956259e-02	2.144697e-01	5.239938e-01
25421	7.550655e-01	4.013353e-01	2.260034e-02	2.825042e-02	1.479866e-01	1.129004e-01	6.407135e-01	9.963649e-02
11648	6.621066e-01	2.596247e-01	2.723296e-02	3.404120e-02	1.783210e-01	7.279524e-02	2.193412e-02	2.645656e-01
23754	2.653907e-02	7.715972e-02	2.086937e-02	2.608672e-02	1.366523e-01	4.212455e-02	2.908398e-01	1.137341e-01
20362	6.525354e-01	2.976872e-01	3.523083e-02	4.403854e-02	2.306909e-01	1.934014e-01	8.876268e-01	8.370348e-01
8501	6.297628e-02	9.014862e-01	2.508963e-02	3.136203e-02	1.642865e-01	6.399940e-02	8.321274e-01	6.844900e-01
