14933	6.763980e-01	2.726042e-01	2.639156e-02	3.298944e-02	1.728115e-01	1.046176e-01	7.514650e-01	7.319297e-01
30450	6.133629e-01	7.633991e-01	2.397033e-02	2.996291e-02	1.569573e-01	1.527284e-01	6.907158e-01	4.862842e-01
20495	9.221311e-01	8.124731e-01	2.165781e-02	2.707226e-02	1.418150e-01	9.656926e-02	1.122561e-01	5.081818e-01
5205	8.475520e-01	3.315690e-01	4.500722e-02	5.625903e-02	2.947066e-01	1.232621e-01	5.702341e-01	2.586804e-01
12098	6.168828e-01	3.648446e-01	2.610918e-02	3.263647e-02	1.709625e-01	8.695532e-02	6.150024e-01	2.769350e-01
187	1.306658e-01	6.749373e-01	5.039403e-02	6.299254e-02	3.299794e-01	3.286323e-01	8.505283e-01	1.431453e-01
20531	9.366884e-01	6.386952e-02	3.647074e-02	4.558843e-02	2.388099e-01	1.878993e-01	3.372084e-01	7.336165e-01
19649	9.444486e-01	5.089898e-01	3.178727e-02	3.973409e-02	2.081425e-01	5.795282e-02	2.053987e-01	2.487416e-01
7901	4.838059e-01	5.849059e-01	7.358421e-02	9.198027e-02	4.818283e-01	4.527471e-01	4.469457e-01	3.038642e-01
18204	5.693142e-02	8.824134e-01	5.515071e-02	6.893838e-02	3.611260e-01	3.544524e-01	5.200942e-01	7.908205e-01
14004	5.926004e-01	1.056897e-01	2.540171e-02	3.175214e-02	1.663300e-01	5.592042e-02	9.399836e-01	8.844499e-01
19283	4.316691e-01	3.443772e-01	3.022544e-02	3.778180e-02	1.979157e-01	1.200594e-01	8.975820e-01	2.804750e-01
10702	2.136919e-01	8.662541e-01	2.617064e-02	3.271331e-02	1.713650e-01	1.156656e-01	2.527208e-01	6.958811e-01
30808	3.801436e-01	8.114033e-01	2.150379e-02	2.687974e-02	1.408065e-01	1.400091e-01	3.654585e-01	5.440484e-01
11499	5.729296e-01	1.980200e-01	2.954885e-02	3.693606e-02	1.934854e-01	1.653637e-01	1.825779e-01	4.116106e-01
8135	3.315414e-01	5.653692e-01	2.055299e-02	2.569123e-02	1.345806e-01	1.327183e-01	5.393944e-01	5.229884e-01
27480	5.303496e-01	4.097979e-01	4.618587e-02	5.773234e-02	3.024244e-01	2.737287e-01	7.206454e-01	4.196256e-01
4165	2.747323e-01	4.579426e-01	5.714009e-02	7.142511e-02	3.741524e-01	3.462431e-01	7.824360e-01	4.960847e-01
9351	1.966915e-01	9.374894e-01	3.743983e-02	4.679979e-02	2.451554e-01	1.633826e-01	3.882925e-01	5.488005e-01
4191	5.868129e-02	9.620752e-01	2.351825e-02	2.939781e-02	1.539971e-01	1.238079e-01	9.062821e-01	5.290234e-01
19397	7.908796e-01	9.452899e-01	3.696156e-02	4.620195e-02	2.420237e-01	2.323198e-01	1.229177e-01	2.927990e-01
25052	8.360306e-01	8.760085e-01	3.012691e-02	3.765864e-02	1.972706e-01	1.971409e-01	9.500941e-01	3.820399e-01
1163	3.081759e-01	8.005118e-02	4.199746e-02	5.249683e-02	2.749987e-01	9.902726e-02	8.072680e-01	3.561244e-01
27746	6.972925e-01	8.256458e-01	4.320868e-02	5.401085e-02	2.829298e-01	8.591046e-02	6.909341e-01	9.017129e-01
5371	5.784157e-01	6.685943e-01	7.577832e-02	9.472291e-02	4.961953e-01	4.229225e-01	1.821790e-01	3.092816e-01
7565	1.267892e-01	8.695124e-01	5.421562e-02	6.776952e-02	3.550030e-01	3.494306e-01	9.170555e-01	1.850004e-01
25704	2.379070e-01	7.450755e-01	2.280522e-02	2.850652e-02	1.493282e-01	9.508516e-02	1.809130e-01	7.336665e-02
26899	8.156075e-01	6.273352e-01	2.066203e-02	2.582753e-02	1.352946e-01	8.048576e-02	5.726315e-01	1.844780e-01
994	4.833706e-01	1.469474e-01	3.531988e-02	4.414985e-02	2.312740e-01	1.328874e-01	6.388855e-01	6.452214e-01
8927	3.619190e-01	5.181190e-01	5.664187e-02	7.080234e-02	3.708901e-01	1.393914e-01	7.772248e-01	5.672914e-01
18413	6.262078e-01	5.710704e-01	2.673091e-02	3.341363e-02	1.750336e-01	1.625544e-01	6.578978e-01	5.613454e-01
27704	2.068888e-01	5.410380e-01	5.817869e-02	7.272337e-02	3.809532e-01	1.923759e-01	8.477622e-01	3.734204e-02
2573	3.860558e-01	5.869299e-01	6.889494e-02	8.611868e-02	4.511230e-01	2.025796e-01	2.823834e-01	8.917157e-01
27573	3.899984e-01	9.490636e-01	4.142770e-02	5.178463e-02	2.712679e-01	2.295933e-01	9.123724e-01	1.384998e-01
22130	4.116029e-02	3.491375e-01	3.437910e-02	4.297388e-02	2.251138e-01	1.661988e-01	1.604948e-01	8.729000e-01
20327	9.565657e-02	7.453365e-02	2.656810e-02	3.321013e-02	1.739675e-01	8.881784e-02	1.523783e-01	7.100038e-01
15000	4.167938e-01	3.892078e-01	3.710685e-02	4.638356e-02	2.429751e-01	8.166700e-02	8.707156e-01	6.414910e-02
16170	9.562695e-01	6.159385e-01	2.056658e-02	2.570822e-02	1.346696e-01	9.738595e-02	2.702712e-01	7.404829e-01
25115	3.264492e-01	1.913961e-01	3.995605e-02	4.994506e-02	2.616316e-01	2.431624e-01	5.652670e-01	6.450176e-01
23518	5.001849e-01	3.200912e-01	7.181154e-02	8.976442e-02	4.702208e-01	3.810934e-01	4.865736e-01	1.142793e-02
330	4.749861e-01	7.112121e-01	3.899491e-02	4.874364e-02	2.553381e-01	9.608838e-02	8.122682e-01	8.012642e-01
22827	6.718499e-01	7.011048e-01	4.354267e-02	5.442834e-02	2.851167e-01	2.180848e-01	9.529355e-01	7.709692e-01
17958	7.423157e-01	4.610142e-01	4.407213e-02	5.509017e-02	2.885836e-01	2.220987e-01	8.176631e-01	8.572818e-01
29056	6.692349e-01	3.255908e-01	2.184249e-02	2.730312e-02	1.430243e-01	5.019616e-02	7.751620e-01	3.128899e-01
12620	7.495656e-01	5.869433e-01	4.922847e-02	6.153558e-02	3.223472e-01	1.276224e-01	9.207791e-01	3.502319e-01
13773	2.634529e-01	3.701868e-01	7.397604e-02	9.247005e-02	4.843939e-01	4.021296e-01	8.018042e-01	7.791085e-01
18112	9.175031e-01	9.293778e-01	5.716841e-02	7.146051e-02	3.743379e-01	3.348047e-01	8.850135e-02	4.034233e-02
20957	4.313980e-01	9.334925e-01	2.079914e-02	2.599892e-02	1.361924e-01	1.361718e-01	7.250822e-01	8.046688e-01
28466	5.417863e-02	1.219341e-01	2.183576e-02	2.729469e-02	1.429802e-01	1.305769e-01	1.028311e-01	2.526964e-01
13878	1.528728e-01	3.663675e-01	3.280186e-02	4.100233e-02	2.147861e-01	2.118570e-01	5.709003e-01	2.724935e-01
5464	5.122189e-01	4.445235e-02	3.924732e-02	4.905915e-02	2.569908e-01	9.426393e-02	1.878924e-01	3.773337e-01
23723	6.097538e-01	2.150848e-01	2.284248e-02	2.855310e-02	1.495722e-01	1.486959e-01	8.927888e-01	4.694512e-01
32458	8.413365e-01	6.013104e-01	3.096069e-02	3.870086e-02	2.027301e-01	1.906487e-01	3.848355e-01	5.138862e-01
14398	8.193917e-01	1.522711e-01	2.100064e-02	2.625079e-02	1.375118e-01	9.640745e-02	1.108132e-01	6.628987e-01
19000	2.043056e-01	7.042988e-01	2.167447e-02	2.709309e-02	1.419241e-01	1.409755e-01	1.495791e-01	7.723186e-01
13037	6.962778e-01	3.687794e-01	2.907859e-02	3.634824e-02	1.904062e-01	5.665604e-02	8.383193e-01	4.674365e-01
4818	2.243395e-01	8.252387e-01	3.694297e-02	4.617871e-02	2.419020e-01	2.408966e-01	5.690370e-01	4.866528e-01
3188	2.973565e-01	9.097690e-01	2.935355e-02	3.669194e-02	1.922066e-01	1.580319e-01	4.874516e-01	6.979593e-01
1240	4.434942e-01	6.558157e-01	3.090888e-02	3.863610e-02	2.023909e-01	1.512430e-01	6.170625e-01	6.919045e-01
31737	8.050500e-01	3.795821e-01	2.179116e-02	2.723895e-02	1.426882e-01	8.333959e-02	7.513697e-01	4.887648e-02
22046	1.132597e-01	7.789328e-01	3.483720e-02	4.354650e-02	2.281134e-01	2.173116e-01	8.171242e-01	9.006817e-01
2064	2.193701e-01	6.118620e-02	4.234226e-02	5.292783e-02	2.772565e-01	1.546991e-01	2.599957e-01	9.454946e-01
20268	3.462014e-01	9.109030e-01	2.768230e-02	3.460287e-02	1.812633e-01	1.445793e-01	2.580901e-01	1.263503e-01
11078	3.419355e-01	8.328785e-01	4.748097e-02	5.935121e-02	3.109047e-01	2.988134e-01	3.309475e-02	1.984526e-01
8446	4.160510e-01	5.575016e-02	2.507474e-02	3.134342e-02	1.641890e-01	9.016517e-02	3.495678e-01	2.459527e-01
28289	6.642795e-01	5.781903e-01	4.571722e-02	5.714653e-02	2.993557e-01	8.633405e-02	9.179113e-01	5.330224e-01
30058	6.702070e-01	1.404083e-01	2.401414e-02	3.001768e-02	1.572442e-01	1.045659e-01	4.983034e-01	1.101187e-01
11577	4.085089e-01	3.156368e-01	2.091764e-02	2.614705e-02	1.369684e-01	1.258254e-01	1.854735e-01	2.051500e-01
11043	4.603152e-01	6.188313e-02	2.431333e-02	3.039166e-02	1.592033e-01	1.463433e-01	6.281609e-01	3.357137e-01
25553	7.678341e-01	8.038011e-01	4.272120e-02	5.340149e-02	2.797377e-01	2.351052e-01	1.696458e-01	9.606919e-01
19379	6.729169e-01	4.831740e-02	2.625029e-02	3.281287e-02	1.718865e-01	1.548341e-01	6.696838e-01	9.386330e-01
23930	7.531673e-01	9.370420e-01	3.407015e-02	4.258769e-02	2.230908e-01	1.159821e-01	9.840122e-01	1.939225e-01
16902	7.728392e-01	8.660281e-01	4.644267e-02	5.805334e-02	3.041059e-01	1.165265e-01	8.400863e-01	1.479207e-01
773	8.083116e-02	1.520442e-01	2.540068e-02	3.175085e-02	1.663233e-01	1.476472e-01	3.493810e-01	6.067317e-02
32591	2.373749e-01	6.311476e-01	2.554456e-02	3.193070e-02	1.672654e-01	1.108052e-01	7.327619e-01	7.868650e-01
20158	6.233321e-01	2.880876e-01	3.475645e-02	4.344556e-02	2.275847e-01	1.161777e-01	1.548430e-01	9.108812e-02
8402	8.567589e-01	4.266812e-01	2.471480e-02	3.089349e-02	1.618321e-01	1.474376e-01	6.208454e-01	6.796252e-01
26329	8.154043e-01	6.605451e-01	2.838200e-02	3.547750e-02	1.858449e-01	1.038960e-01	2.366370e-01	4.239094e-01
