4815	7.135872e-01	5.665487e-01	2.835157e-02	3.543946e-02	1.856456e-01	1.475940e-01	2.788060e-01	7.479399e-01
32393	8.476432e-01	2.238310e-01	5.487080e-02	6.858850e-02	3.592932e-01	3.161907e-01	3.338641e-01	1.614950e-02
4720	7.811697e-01	4.053300e-01	2.101343e-02	2.626679e-02	1.375956e-01	1.165624e-01	9.767370e-02	3.212858e-01
5310	7.844202e-01	2.678200e-01	3.072664e-02	3.840830e-02	2.011976e-01	1.987029e-01	5.243303e-01	3.361076e-01
15512	6.912768e-02	5.772940e-01	2.456323e-02	3.070404e-02	1.608397e-01	1.608385e-01	3.415151e-01	4.872765e-01
32256	3.262793e-01	5.008185e-01	4.162076e-02	5.202595e-02	2.725321e-01	1.665702e-01	2.204953e-01	2.006322e-01
28836	7.967646e-01	3.249181e-01	2.555894e-02	3.194868e-02	1.673596e-01	6.690439e-02	2.917728e-01	6.218467e-01
5946	7.280043e-01	6.730738e-01	2.705611e-02	3.382013e-02	1.771630e-01	1.383976e-01	8.036594e-01	2.997723e-01
16035	6.326241e-01	9.391077e-01	2.567966e-02	3.209957e-02	1.681500e-01	1.610001e-01	8.690281e-01	9.561626e-01
28448	7.160615e-01	8.867026e-01	2.731540e-02	3.414425e-02	1.788608e-01	7.709696e-02	8.320920e-01	6.578768e-01
6287	2.199917e-01	7.828121e-01	2.982883e-02	3.728604e-02	1.953187e-01	1.424137e-01	1.915773e-01	9.341018e-01
19857	1.112125e-01	4.761957e-01	4.046053e-02	5.057566e-02	2.649349e-01	1.780564e-01	3.694912e-01	9.435307e-02
15489	9.548557e-01	3.915643e-01	2.109025e-02	2.636281e-02	1.380986e-01	1.380944e-01	4.951104e-01	6.447323e-01
23875	7.468382e-01	9.364257e-02	2.758854e-02	3.448567e-02	1.806493e-01	1.722800e-01	2.053741e-01	6.161158e-01
2941	6.689639e-01	5.801066e-01	3.062306e-02	3.827882e-02	2.005193e-01	1.998278e-01	9.413476e-04	9.079328e-01
32061	3.180677e-01	7.507652e-01	5.012983e-02	6.266229e-02	3.282493e-01	2.767012e-01	4.463587e-01	7.211050e-01
9514	3.945305e-01	6.536792e-01	4.119668e-02	5.149586e-02	2.697552e-01	2.151906e-01	3.037781e-01	1.525351e-01
12305	4.044877e-02	7.291331e-01	2.854515e-02	3.568144e-02	1.869132e-01	1.682830e-01	6.652649e-02	5.834584e-01
23590	8.106241e-01	1.379834e-01	6.230418e-02	7.788023e-02	4.079668e-01	4.004219e-01	5.043820e-02	1.769235e-01
13850	9.131400e-01	2.653293e-01	4.072754e-02	5.090943e-02	2.666833e-01	2.653822e-01	7.472837e-02	8.934496e-01
29103	1.938667e-01	8.263155e-01	4.585241e-02	5.731551e-02	3.002408e-01	2.083393e-01	5.272412e-01	2.221143e-01
24640	1.369038e-01	5.719310e-01	2.300255e-02	2.875319e-02	1.506204e-01	1.369483e-01	2.564848e-01	8.893846e-01
987	5.161000e-01	6.432112e-01	2.399439e-02	2.999299e-02	1.571149e-01	1.214592e-01	2.934088e-01	2.161436e-01
28400	5.946317e-01	1.172231e-01	2.625163e-02	3.281454e-02	1.718953e-01	1.193542e-01	7.296474e-01	3.275037e-01
26116	7.606914e-01	6.890204e-01	2.615431e-02	3.269289e-02	1.712580e-01	1.373287e-01	4.548385e-01	7.767505e-01
18155	5.359496e-01	4.564539e-01	2.700512e-02	3.375640e-02	1.768291e-01	9.140515e-02	9.025024e-01	4.696282e-01
17549	4.328134e-01	3.831356e-01	6.892161e-02	8.615202e-02	4.512977e-01	4.485849e-01	8.995380e-01	5.964855e-01
18301	2.849675e-01	1.213898e-01	2.236812e-02	2.796016e-02	1.464661e-01	1.266310e-01	2.927334e-01	1.975436e-01
18094	1.209756e-01	8.044014e-01	6.199563e-02	7.749454e-02	4.059464e-01	2.026083e-01	5.006198e-01	7.744395e-01
898	9.141566e-01	8.975409e-01	4.123478e-02	5.154347e-02	2.700047e-01	1.207376e-01	6.277690e-01	3.549266e-01
25454	7.589994e-01	9.122279e-01	3.960215e-02	4.950269e-02	2.593143e-01	1.792486e-01	1.873281e-01	5.689579e-02
10076	1.363113e-01	9.429231e-01	2.679186e-02	3.348983e-02	1.754327e-01	1.215268e-01	8.556441e-01	9.824419e-01
11428	5.196646e-01	8.569946e-01	2.262838e-02	2.828547e-02	1.481703e-01	1.015110e-01	7.254538e-01	9.344465e-01
23664	5.224934e-01	4.082428e-01	3.904334e-02	4.880418e-02	2.556552e-01	2.110469e-01	4.906868e-01	1.668917e-01
22288	1.656182e-01	1.163723e-01	4.784400e-02	5.980501e-02	3.132818e-01	1.918564e-01	2.707533e-01	1.966806e-01
22808	7.299753e-01	4.484767e-01	2.933142e-02	3.666428e-02	1.920617e-01	1.410015e-01	7.794845e-01	4.282481e-01
26156	5.005832e-01	4.496406e-01	2.954679e-02	3.693349e-02	1.934719e-01	1.537003e-01	3.957599e-02	4.766860e-01
13233	9.387975e-01	1.991365e-01	2.437715e-02	3.047144e-02	1.596212e-01	1.575616e-01	7.630459e-01	7.616774e-01
5309	6.577924e-01	2.212672e-01	2.727416e-02	3.409270e-02	1.785908e-01	1.057777e-01	7.334747e-01	5.630960e-02
19634	5.527045e-01	5.878915e-01	6.321507e-02	7.901884e-02	4.139313e-01	1.538479e-01	1.875020e-02	3.129585e-02
16612	1.382812e-01	7.078545e-01	2.080878e-02	2.601098e-02	1.362556e-01	1.284580e-01	9.817928e-01	2.741365e-01
2953	9.272906e-01	8.393948e-01	3.125503e-02	3.906879e-02	2.046575e-01	1.572202e-01	5.041224e-01	4.446537e-02
27689	8.362096e-01	7.570546e-01	4.428333e-02	5.535417e-02	2.899666e-01	2.896376e-01	4.624888e-01	6.013084e-01
32517	3.575310e-01	6.846457e-02	4.332339e-02	5.415423e-02	2.836809e-01	1.795549e-01	6.958725e-01	2.463389e-02
10290	4.682964e-01	6.081962e-01	2.802912e-02	3.503641e-02	1.835343e-01	6.304703e-02	2.903501e-01	6.361523e-01
13027	9.298958e-01	4.815125e-01	2.937469e-02	3.671837e-02	1.923450e-01	8.635229e-02	1.543306e-01	6.546226e-01
21096	7.293050e-01	2.641580e-01	2.481621e-02	3.102026e-02	1.624961e-01	8.414021e-02	2.614590e-01	2.407365e-01
15570	1.902792e-01	5.481445e-01	2.147680e-02	2.684600e-02	1.406298e-01	1.139365e-01	6.849023e-01	5.510490e-01
24240	2.377261e-01	1.853813e-01	4.299998e-02	5.374997e-02	2.815632e-01	2.359904e-01	6.316294e-01	2.998249e-01
1087	2.855419e-01	6.069384e-01	3.460570e-02	4.325712e-02	2.265976e-01	1.140485e-01	6.131517e-01	7.964618e-01
4613	5.802630e-01	5.275157e-01	3.212096e-02	4.015120e-02	2.103276e-01	1.165949e-01	7.237243e-01	9.876253e-01
25610	5.394134e-01	3.257522e-01	4.198992e-02	5.248741e-02	2.749494e-01	7.341520e-02	2.888522e-01	1.864434e-01
30270	1.505291e-01	6.772761e-01	5.714330e-02	7.142913e-02	3.741734e-01	1.598784e-01	1.811162e-01	6.860411e-01
8769	8.538462e-02	3.124408e-01	2.467005e-02	3.083756e-02	1.615391e-01	1.468538e-01	5.091993e-01	9.174578e-01
29725	5.716944e-02	2.639830e-01	2.744129e-02	3.430161e-02	1.796851e-01	1.247717e-01	2.858190e-01	6.987746e-01
27868	9.420547e-01	7.438011e-02	2.065256e-02	2.581570e-02	1.352327e-01	6.750677e-02	6.470174e-01	4.309738e-01
4048	4.411129e-01	1.923819e-01	2.509990e-02	3.137488e-02	1.643538e-01	1.367888e-01	5.316699e-01	9.751975e-01
28025	3.206044e-01	6.765625e-01	2.242764e-02	2.803455e-02	1.468558e-01	1.398149e-01	2.960470e-01	9.560282e-01
20951	1.297407e-01	2.096315e-01	3.751024e-02	4.688780e-02	2.456165e-01	1.222591e-01	8.053902e-01	9.194182e-01
823	2.193518e-01	5.787377e-01	2.488087e-02	3.110108e-02	1.629195e-01	9.103717e-02	1.604908e-01	7.449622e-02
27408	4.407833e-01	5.450483e-01	6.111626e-02	7.639533e-02	4.001884e-01	3.187780e-01	9.245040e-01	8.328994e-01
26673	5.764575e-01	7.695310e-01	2.474545e-02	3.093181e-02	1.620328e-01	4.630687e-02	6.857775e-01	9.522994e-02
7779	4.546907e-01	8.963435e-01	5.863167e-02	7.328959e-02	3.839193e-01	1.841292e-01	2.659825e-02	2.263102e-01
21861	4.404136e-01	7.546924e-01	3.682235e-02	4.602794e-02	2.411122e-01	1.408183e-01	5.088317e-01	3.379871e-01
13684	7.029895e-02	1.765618e-01	2.139234e-02	2.674043e-02	1.400767e-01	1.145322e-01	1.088327e-01	1.991903e-01
8152	7.358858e-01	5.278114e-01	2.597175e-02	3.246469e-02	1.700626e-01	1.699939e-01	6.009867e-01	4.066846e-01
23742	7.683227e-02	8.386028e-01	4.293695e-02	5.367118e-02	2.811505e-01	1.933253e-01	8.439566e-01	4.815981e-01
4464	4.394616e-01	2.639311e-01	5.198506e-02	6.498132e-02	3.403973e-01	1.879338e-01	1.358175e-01	7.642265e-02
17463	3.664837e-01	9.361330e-01	2.600300e-02	3.250375e-02	1.702673e-01	5.434468e-02	8.552634e-01	2.838079e-01
32366	4.938819e-01	7.230021e-02	4.287363e-02	5.359203e-02	2.807358e-01	9.941715e-02	6.157278e-01	5.085246e-01
7407	5.562802e-01	8.926062e-01	2.892918e-02	3.616148e-02	1.894278e-01	1.803220e-01	8.594994e-01	1.605930e-01
16567	3.148843e-01	2.793161e-01	2.402911e-02	3.003639e-02	1.573422e-01	1.077326e-01	2.917236e-01	4.246759e-01
6326	9.490711e-01	7.971089e-01	2.402554e-02	3.003192e-02	1.573188e-01	1.331607e-01	3.508718e-02	3.441658e-01
5673	6.817479e-01	1.123730e-01	6.208748e-02	7.760935e-02	4.065479e-01	3.314838e-01	6.229045e-01	7.620194e-02
1707	5.140528e-02	4.805351e-01	4.284791e-02	5.355989e-02	2.805675e-01	2.392410e-01	5.540535e-01	9.589902e-01
18423	6.175862e-02	6.374949e-01	6.311365e-02	7.889207e-02	4.132672e-01	4.132656e-01	9.869409e-01	3.118111e-01
22026	5.388111e-01	1.329724e-01	3.351142e-02	4.188927e-02	2.194322e-01	2.068164e-01	6.338383e-01	4.872471e-01
19396	5.029331e-01	1.546839e-01	2.486081e-02	3.107601e-02	1.627882e-01	1.627038e-01	2.124573e-01	8.851949e-02
20161	3.937968e-01	2.753403e-01	4.769232e-02	5.961540e-02	3.122886e-01	1.875481e-01	4.337103e-01	2.496191e-02
9283	6.791070e-01	2.882319e-01	3.011667e-02	3.764584e-02	1.972035e-01	1.608684e-01	7.329623e-01	8.412088e-01
