11541	2.685906e-01	8.988418e-01	3.571566e-02	4.464457e-02	2.338656e-01	1.974628e-01	2.758339e-02	9.917617e-01
16356	3.189889e-01	8.292216e-01	2.473596e-02	3.091996e-02	1.619707e-01	7.386411e-02	2.766168e-01	8.932406e-01
1389	1.522664e-01	7.061442e-01	4.448037e-02	5.560046e-02	2.912568e-01	2.171125e-01	3.443662e-01	9.051622e-01
29929	5.270893e-01	3.835132e-01	3.307209e-02	4.134012e-02	2.165556e-01	2.126842e-01	8.653047e-01	7.923048e-01
10685	6.658149e-02	3.810144e-01	2.364111e-02	2.955139e-02	1.548016e-01	1.484286e-01	9.227594e-01	4.189595e-01
4191	2.263734e-01	9.514105e-01	2.117090e-02	2.646363e-02	1.386267e-01	9.467686e-02	3.799527e-01	8.335245e-01
16639	5.027678e-01	8.850902e-01	4.443148e-02	5.553935e-02	2.909367e-01	1.008715e-01	6.666439e-01	2.777335e-01
19439	7.346569e-01	1.607871e-01	2.292387e-02	2.865484e-02	1.501051e-01	1.109622e-01	7.955609e-02	9.438418e-01
25479	2.917739e-01	5.314478e-01	2.761262e-02	3.451578e-02	1.808070e-01	1.095286e-01	8.403178e-02	6.442713e-01
14889	1.357393e-01	4.659075e-01	2.815604e-02	3.519505e-02	1.843653e-01	1.064318e-01	1.221667e-01	6.586009e-02
3293	9.062913e-01	7.915644e-01	3.252481e-02	4.065601e-02	2.129719e-01	9.354811e-02	7.460768e-02	1.857075e-01
22728	6.922840e-01	4.743880e-01	3.161922e-02	3.952402e-02	2.070421e-01	9.360211e-02	4.561954e-01	6.832411e-01
10874	5.723142e-01	5.492369e-01	3.098907e-02	3.873634e-02	2.029160e-01	1.963296e-01	6.189785e-01	5.740028e-01
28869	4.393388e-01	8.726616e-01	2.218285e-02	2.772857e-02	1.452530e-01	1.384159e-01	8.468324e-01	4.234740e-01
20380	1.565639e-01	6.427298e-01	4.816748e-02	6.020935e-02	3.153999e-01	1.210827e-01	8.811438e-01	5.238277e-02
5396	5.624641e-01	7.245686e-01	2.588803e-02	3.236004e-02	1.695144e-01	1.567780e-01	8.309998e-01	6.515293e-01
1172	3.198015e-01	4.908213e-01	5.327234e-02	6.659042e-02	3.488265e-01	1.722783e-01	9.879085e-01	8.615350e-01
2899	3.311140e-01	8.816179e-01	3.890535e-02	4.863169e-02	2.547516e-01	2.547459e-01	1.314049e-03	4.935504e-01
24809	5.383418e-01	4.381265e-01	2.496360e-02	3.120450e-02	1.634613e-01	5.634608e-02	4.211633e-02	9.025148e-01
13090	9.999025e-02	4.011538e-01	2.065556e-02	2.581945e-02	1.352523e-01	9.273089e-02	7.808938e-01	1.816558e-02
12006	9.233434e-02	9.289608e-01	3.786235e-02	4.732794e-02	2.479221e-01	2.217946e-01	1.623139e-02	3.335366e-02
25478	3.123819e-01	9.124108e-01	2.285574e-02	2.856967e-02	1.496590e-01	4.315935e-02	1.082123e-01	9.778765e-01
13552	8.901101e-01	4.670984e-01	7.318335e-02	9.147919e-02	4.792035e-01	3.888304e-01	7.825719e-01	2.187050e-02
17006	9.488258e-01	4.603206e-02	2.476411e-02	3.095514e-02	1.621550e-01	1.585692e-01	4.064965e-01	5.216109e-01
28120	6.683748e-01	3.457191e-01	5.762423e-02	7.203029e-02	3.773226e-01	3.731800e-01	2.790589e-01	6.400165e-02
25471	5.585626e-02	2.671004e-01	3.402583e-02	4.253229e-02	2.228006e-01	1.460707e-01	2.701999e-01	2.375912e-02
32043	6.023042e-01	6.352258e-01	4.060071e-02	5.075089e-02	2.658528e-01	9.271496e-02	8.705725e-01	1.152678e-01
12306	8.104903e-01	7.295642e-01	2.278838e-02	2.848547e-02	1.492179e-01	5.278525e-02	1.081704e-01	8.806526e-01
19759	2.431032e-01	6.309791e-01	2.631845e-02	3.289806e-02	1.723328e-01	1.602423e-01	1.542725e-01	3.783976e-01
28886	2.098411e-01	7.026443e-01	2.908067e-02	3.635083e-02	1.904197e-01	1.597647e-01	7.773430e-01	1.001306e-01
15783	7.027166e-01	7.100559e-01	2.965020e-02	3.706275e-02	1.941490e-01	8.576946e-02	9.817896e-01	2.555384e-01
24359	5.929066e-01	4.776999e-01	4.171465e-02	5.214331e-02	2.731469e-01	2.019093e-01	1.206040e-01	6.086147e-02
19893	7.476784e-01	2.472398e-01	5.083124e-02	6.353904e-02	3.328421e-01	3.086024e-01	7.756741e-01	4.546604e-01
12724	3.732590e-01	1.353122e-01	4.385231e-02	5.481539e-02	2.871442e-01	2.096545e-01	9.192244e-01	6.380350e-01
1969	3.962660e-01	2.765957e-01	3.875453e-02	4.844316e-02	2.537640e-01	2.024250e-01	5.294061e-01	9.382765e-02
30689	1.042711e-01	5.603013e-01	3.532863e-02	4.416079e-02	2.313313e-01	2.045637e-01	7.559560e-01	7.494052e-01
12746	4.545993e-01	5.849549e-01	2.565243e-02	3.206553e-02	1.679717e-01	1.678940e-01	2.624514e-01	1.912366e-01
4316	2.041090e-01	8.627473e-01	3.545815e-02	4.432269e-02	2.321794e-01	9.464506e-02	8.872754e-01	7.267146e-01
32027	4.319349e-01	4.922244e-01	3.207783e-02	4.009728e-02	2.100451e-01	1.020901e-01	7.327054e-01	1.411430e-01
20018	7.930378e-01	5.502803e-01	2.348607e-02	2.935758e-02	1.537864e-01	5.984162e-02	4.095970e-02	2.374841e-02
22838	6.434653e-01	1.403955e-01	4.442294e-02	5.552867e-02	2.908807e-01	2.898060e-01	6.978048e-01	9.782791e-01
18052	8.069905e-01	8.517547e-01	3.058673e-02	3.823341e-02	2.002814e-01	8.544026e-02	7.585581e-01	6.471296e-01
5932	1.628474e-01	3.516782e-01	2.297105e-02	2.871381e-02	1.504141e-01	1.458341e-01	2.872175e-01	4.475209e-01
23812	4.801276e-01	7.853283e-02	2.556907e-02	3.196133e-02	1.674258e-01	4.568466e-02	9.120759e-01	6.711155e-02
26277	5.892764e-01	1.176779e-01	3.875487e-02	4.844359e-02	2.537663e-01	1.668797e-01	6.117089e-01	3.576122e-02
14012	2.181376e-01	5.046958e-01	3.947758e-02	4.934697e-02	2.584985e-01	2.202170e-01	9.528880e-01	6.998530e-01
30375	4.675523e-01	8.494321e-01	3.184322e-02	3.980403e-02	2.085089e-01	2.074683e-01	6.373158e-01	8.158633e-01
24542	1.577330e-01	1.054233e-01	2.719985e-02	3.399981e-02	1.781042e-01	1.494515e-01	6.611894e-01	3.560149e-01
9768	2.630124e-01	1.463438e-01	2.799662e-02	3.499578e-02	1.833214e-01	1.286068e-01	1.407144e-03	4.778575e-01
28973	1.659961e-01	2.398119e-01	4.836496e-02	6.045620e-02	3.166930e-01	3.152470e-01	6.228801e-01	6.455446e-01
30609	7.275156e-01	6.847173e-01	2.963557e-02	3.704446e-02	1.940533e-01	1.358203e-01	4.574818e-02	8.435266e-02
31709	3.785189e-01	8.315547e-01	4.923804e-02	6.154755e-02	3.224099e-01	2.729492e-01	6.021327e-01	7.074220e-01
3504	7.801787e-01	2.080839e-01	2.826937e-02	3.533672e-02	1.851074e-01	1.423558e-01	1.898263e-01	1.641758e-01
4763	2.166598e-01	7.402540e-01	2.089904e-02	2.612380e-02	1.368466e-01	1.028923e-01	2.512152e-01	5.045754e-01
16304	3.560365e-01	4.464360e-01	3.367477e-02	4.209347e-02	2.205019e-01	1.918544e-01	6.838139e-01	7.043061e-02
5614	7.900375e-01	3.700594e-01	4.451045e-02	5.563806e-02	2.914537e-01	2.047527e-01	7.994859e-01	1.363450e-01
14873	4.702429e-01	7.645105e-01	2.163174e-02	2.703968e-02	1.416443e-01	4.034095e-02	7.061180e-01	7.256320e-01
30951	2.911295e-01	5.742638e-01	3.239849e-02	4.049811e-02	2.121448e-01	2.056333e-01	6.681720e-01	2.394051e-01
27732	4.867946e-01	5.084541e-01	3.287109e-02	4.108887e-02	2.152394e-01	1.863819e-01	8.117848e-01	5.804080e-01
28627	3.976812e-01	7.762343e-02	5.220293e-02	6.525366e-02	3.418240e-01	1.228519e-01	8.571812e-01	3.094960e-01
8815	8.742310e-01	1.323633e-01	4.844452e-02	6.055565e-02	3.172140e-01	1.748608e-01	2.787077e-01	5.013700e-01
31942	1.129596e-01	7.949285e-01	2.793472e-02	3.491840e-02	1.829161e-01	1.827058e-01	1.860821e-01	9.261593e-01
22086	7.797404e-01	4.875536e-01	3.842452e-02	4.803066e-02	2.516032e-01	2.214231e-01	6.128195e-01	3.503279e-01
6700	1.787276e-01	4.753812e-01	2.237475e-02	2.796844e-02	1.465095e-01	1.397839e-01	3.940686e-01	3.327226e-01
24293	3.335150e-01	2.711910e-01	2.518124e-02	3.147656e-02	1.648864e-01	1.423596e-01	9.098923e-01	9.878572e-01
338	9.353448e-01	1.086513e-01	2.548358e-02	3.185448e-02	1.668661e-01	1.205634e-01	3.268200e-01	3.180300e-02
24296	5.642405e-02	9.414860e-01	5.083660e-02	6.354575e-02	3.328773e-01	1.623014e-01	5.765941e-01	9.050669e-01
22099	3.757978e-01	6.974128e-01	2.257886e-02	2.822357e-02	1.478460e-01	5.722191e-02	2.639164e-01	1.238911e-01
11416	6.284642e-02	1.737011e-01	2.566353e-02	3.207941e-02	1.680444e-01	1.680437e-01	1.370848e-01	5.566882e-01
6488	3.727064e-01	3.504573e-01	2.437586e-02	3.046982e-02	1.596127e-01	1.469619e-01	9.549344e-01	5.085875e-01
2295	9.081141e-02	4.854116e-01	3.826445e-02	4.783056e-02	2.505550e-01	1.637437e-01	4.238771e-01	7.605138e-01
27054	6.300090e-01	7.403641e-01	2.268647e-02	2.835809e-02	1.485507e-01	1.395262e-01	2.605698e-01	3.282916e-01
21990	6.101182e-02	7.480676e-02	2.480949e-02	3.101186e-02	1.624522e-01	1.012537e-01	1.011468e-01	7.457304e-01
23399	6.552238e-01	6.713956e-01	7.617356e-02	9.521695e-02	4.987833e-01	3.184837e-01	2.427807e-01	1.374335e-01
14442	1.146615e-01	1.516091e-01	2.830811e-02	3.538513e-02	1.853610e-01	1.366726e-01	4.657003e-01	5.694973e-01
26356	5.852286e-01	8.345546e-01	4.031560e-02	5.039450e-02	2.639859e-01	9.079212e-02	6.292497e-01	9.737629e-01
24970	1.949984e-01	4.272104e-01	2.745892e-02	3.432365e-02	1.798006e-01	1.446099e-01	5.054145e-01	3.743977e-01
7783	1.564913e-01	8.501222e-01	4.199081e-02	5.248851e-02	2.749552e-01	2.707619e-01	2.997098e-02	8.272965e-01
11579	1.003197e-01	2.899747e-01	2.882569e-02	3.603211e-02	1.887502e-01	7.346276e-02	1.180836e-01	2.883392e-01
30412	2.713129e-01	7.750862e-01	3.431693e-02	4.289616e-02	2.247067e-01	2.239890e-01	8.522236e-02	6.172047e-01
