28342	4.944364e-01	3.052541e-01	7.187796e-02	8.984745e-02	4.706557e-01	4.704107e-01	7.286872e-01	6.262834e-01
29845	8.566252e-01	5.284175e-01	2.432620e-02	3.040775e-02	1.592876e-01	1.377099e-01	4.938277e-01	7.034295e-01
20490	4.643927e-01	4.910676e-01	3.227261e-02	4.034077e-02	2.113206e-01	1.359270e-01	3.868761e-01	7.196604e-01
9146	7.974260e-01	7.814813e-01	5.988100e-02	7.485125e-02	3.920998e-01	3.723635e-01	4.296554e-01	8.910715e-01
27015	5.240527e-01	8.727100e-01	2.944649e-02	3.680811e-02	1.928152e-01	1.881425e-01	1.321423e-01	9.513732e-01
19592	5.000737e-01	5.067354e-01	4.161401e-02	5.201751e-02	2.724879e-01	1.808033e-01	7.998988e-02	6.454369e-01
15610	4.745516e-02	3.473143e-01	2.774810e-02	3.468512e-02	1.816941e-01	1.085686e-01	6.524353e-01	5.321559e-01
25362	9.470450e-01	3.212044e-01	3.787457e-02	4.734321e-02	2.480021e-01	1.786527e-01	4.228679e-01	6.711582e-01
27149	1.775543e-01	2.179653e-01	2.871259e-02	3.589073e-02	1.880096e-01	8.070277e-02	7.131779e-02	8.083258e-01
4368	8.105865e-01	4.768643e-01	2.454475e-02	3.068094e-02	1.607187e-01	1.260477e-01	6.387082e-01	9.874293e-01
14204	3.486007e-01	8.333615e-01	3.423093e-02	4.278867e-02	2.241436e-01	2.088637e-01	1.135034e-01	2.574227e-01
13025	4.449660e-01	9.555485e-01	3.326352e-02	4.157940e-02	2.178090e-01	2.177649e-01	6.964369e-01	4.994637e-01
21928	2.151544e-01	9.095542e-01	2.201764e-02	2.752205e-02	1.441711e-01	6.209412e-02	3.994097e-01	6.201344e-01
3492	7.217237e-02	2.954615e-01	4.448940e-02	5.561175e-02	2.913159e-01	7.947788e-02	5.348422e-01	6.895380e-01
26814	7.659123e-02	1.019316e-01	2.614367e-02	3.267958e-02	1.711883e-01	1.345583e-01	1.012186e-01	1.581534e-02
27778	8.532627e-01	2.713582e-01	2.818243e-02	3.522804e-02	1.845381e-01	1.176671e-01	8.901882e-01	2.897157e-01
20986	8.043786e-01	2.620265e-01	2.800308e-02	3.500385e-02	1.833637e-01	1.662857e-01	9.576095e-01	4.277759e-01
18336	3.453801e-01	6.160898e-01	5.108801e-02	6.386001e-02	3.345235e-01	1.472106e-01	7.989284e-01	7.011157e-01
29534	7.390867e-02	6.058299e-01	3.658524e-02	4.573155e-02	2.395596e-01	2.059139e-01	4.529894e-01	6.848842e-01
5218	5.087298e-01	4.009439e-01	2.406412e-02	3.008016e-02	1.575715e-01	8.738957e-02	5.055702e-01	3.826444e-01
27404	2.692193e-01	7.697846e-01	5.223351e-02	6.529188e-02	3.420242e-01	2.475736e-01	8.434956e-01	9.067628e-01
18659	7.272597e-02	5.366871e-01	2.656458e-02	3.320572e-02	1.739444e-01	1.730025e-01	5.269360e-01	2.063064e-01
21823	8.713433e-01	4.430063e-01	2.388255e-02	2.985319e-02	1.563826e-01	1.557565e-01	9.116117e-01	1.049053e-01
25518	8.567436e-01	7.088138e-01	2.155312e-02	2.694140e-02	1.411295e-01	1.173444e-01	9.516799e-01	9.396420e-01
3000	4.994990e-01	8.461543e-01	2.425910e-02	3.032388e-02	1.588482e-01	7.538316e-02	9.222969e-01	9.430555e-01
32746	3.879180e-01	4.024029e-01	2.102042e-02	2.627552e-02	1.376414e-01	8.716918e-02	5.346858e-01	8.556155e-01
20345	8.102800e-01	5.718344e-01	5.567363e-02	6.959204e-02	3.645501e-01	2.582052e-01	2.790288e-02	5.456555e-01
3775	6.033087e-01	7.830103e-01	2.476885e-02	3.096106e-02	1.621861e-01	1.159231e-01	9.990547e-01	4.224692e-01
7134	7.582929e-01	9.490155e-01	3.660588e-02	4.575735e-02	2.396947e-01	1.804954e-01	8.037613e-01	4.507981e-01
20749	5.068998e-01	1.353763e-01	7.055541e-02	8.819427e-02	4.619957e-01	4.578120e-01	3.150523e-01	8.634815e-01
1552	5.727391e-01	9.353422e-02	2.968435e-02	3.710544e-02	1.943727e-01	9.742462e-02	8.980152e-01	4.820461e-01
5682	7.083867e-01	3.754857e-01	4.392918e-02	5.491148e-02	2.876476e-01	2.856935e-01	7.887687e-01	3.141735e-01
20709	6.241763e-01	4.658912e-01	2.168191e-02	2.710239e-02	1.419728e-01	5.633086e-02	1.276624e-01	1.939444e-01
12302	7.852403e-01	6.321797e-01	3.756900e-02	4.696125e-02	2.460012e-01	2.103180e-01	3.117172e-01	5.900660e-03
26708	4.780004e-01	7.945888e-01	2.700660e-02	3.375825e-02	1.768388e-01	9.176156e-02	9.890287e-01	1.193364e-01
26843	8.106476e-01	3.414330e-01	7.437462e-02	9.296828e-02	4.870039e-01	4.823776e-01	4.642809e-01	1.721300e-01
13310	2.117082e-01	4.575549e-01	2.419912e-02	3.024890e-02	1.584555e-01	4.120142e-02	4.684273e-01	1.469206e-01
27757	1.430605e-01	7.508717e-01	2.342045e-02	2.927557e-02	1.533568e-01	1.486152e-01	7.670691e-01	6.065553e-01
31119	5.946893e-01	4.060691e-01	4.062483e-02	5.078103e-02	2.660107e-01	2.604149e-01	1.058223e-02	1.190062e-01
1125	7.267130e-01	2.314792e-01	4.104255e-02	5.130319e-02	2.687460e-01	1.707888e-01	6.893282e-01	5.561221e-01
25493	7.300432e-01	8.523214e-01	2.925508e-02	3.656885e-02	1.915618e-01	1.568246e-01	4.088310e-01	2.349576e-01
8548	7.613549e-01	4.316454e-01	2.554400e-02	3.193000e-02	1.672617e-01	1.171843e-01	6.444294e-01	1.390108e-01
8316	4.107518e-01	1.588671e-01	4.641604e-02	5.802005e-02	3.039315e-01	1.685651e-01	2.968913e-01	6.661920e-01
29615	1.457973e-01	6.336092e-01	3.306762e-02	4.133453e-02	2.165263e-01	1.418892e-01	4.048741e-01	4.336109e-01
12240	3.094746e-02	1.048833e-01	3.079343e-02	3.849178e-02	2.016349e-01	1.842463e-01	6.623186e-01	7.312315e-01
24557	7.718835e-01	5.433708e-02	3.074026e-02	3.842533e-02	2.012867e-01	2.010794e-01	6.861901e-01	4.659452e-01
64	3.850140e-01	5.724449e-01	3.811459e-02	4.764323e-02	2.495737e-01	1.304413e-01	7.687351e-01	9.078941e-01
17443	7.026289e-01	6.251586e-01	2.151676e-02	2.689595e-02	1.408914e-01	9.190597e-02	4.125047e-01	4.106681e-01
9439	3.452907e-01	4.530461e-01	3.964438e-02	4.955547e-02	2.595908e-01	1.742932e-01	8.205131e-01	9.367184e-01
14726	1.342829e-01	2.124402e-01	2.761618e-02	3.452022e-02	1.808303e-01	8.109927e-02	5.713885e-01	5.080912e-01
27168	6.461703e-02	1.506155e-01	4.215932e-02	5.269915e-02	2.760586e-01	2.750983e-01	7.496214e-01	7.017559e-01
13084	9.364977e-01	7.817356e-01	2.586823e-02	3.233528e-02	1.693847e-01	1.690217e-01	6.642053e-01	9.795355e-02
14134	1.483282e-01	4.900605e-01	3.318099e-02	4.147624e-02	2.172686e-01	1.413718e-01	6.976275e-01	1.422314e-01
19712	9.021658e-01	6.542115e-01	2.650807e-02	3.313508e-02	1.735744e-01	8.992636e-02	2.490407e-01	5.478108e-01
28279	1.593391e-01	6.824658e-01	2.094788e-02	2.618485e-02	1.371664e-01	1.154615e-01	7.587756e-01	1.547945e-01
26621	9.257733e-01	8.561850e-01	3.627367e-02	4.534209e-02	2.375194e-01	2.340625e-01	1.074477e-01	2.458787e-01
209	1.963108e-01	9.396425e-01	2.230703e-02	2.788379e-02	1.460661e-01	1.249265e-01	6.602450e-01	1.955922e-01
31341	9.045544e-01	4.102347e-01	4.927528e-02	6.159410e-02	3.226538e-01	1.647863e-01	6.186158e-01	6.640559e-01
3415	3.393816e-01	7.203625e-01	3.217952e-02	4.022440e-02	2.107110e-01	1.093368e-01	1.118707e-02	5.568661e-01
22114	1.163765e-01	8.180410e-01	2.410551e-02	3.013189e-02	1.578425e-01	1.376634e-01	7.662246e-01	8.381453e-01
3540	6.502653e-01	4.430000e-01	2.341527e-02	2.926909e-02	1.533228e-01	9.114354e-02	1.396205e-01	4.792423e-01
2373	5.755765e-01	7.416784e-01	5.356650e-02	6.695813e-02	3.507526e-01	3.136164e-01	8.063487e-01	5.524286e-01
12374	9.114152e-02	7.969668e-01	3.646536e-02	4.558170e-02	2.387746e-01	2.387262e-01	2.317313e-01	1.572593e-01
15815	5.810476e-02	8.514424e-01	3.323225e-02	4.154031e-02	2.176042e-01	1.251615e-01	5.376044e-02	8.170407e-01
16203	7.541766e-02	5.384389e-02	2.271417e-02	2.839271e-02	1.487320e-01	4.877222e-02	6.409503e-01	5.397526e-01
5116	2.294264e-01	8.196115e-01	3.178057e-02	3.972571e-02	2.080987e-01	2.048437e-01	4.415071e-01	5.821125e-01
11525	6.384454e-01	7.641634e-01	5.444575e-02	6.805719e-02	3.565099e-01	1.955814e-01	4.044877e-01	2.036347e-01
20179	5.686058e-01	8.883417e-01	3.293186e-02	4.116483e-02	2.156373e-01	2.156178e-01	8.503338e-01	6.442661e-01
21435	9.626817e-01	4.203862e-01	2.149324e-02	2.686655e-02	1.407374e-01	9.280762e-02	5.908185e-01	9.539155e-02
2815	3.421967e-01	3.179575e-01	5.092113e-02	6.365141e-02	3.334307e-01	3.331379e-01	2.622084e-01	9.240983e-01
10920	4.386460e-02	3.004962e-01	2.526211e-02	3.157764e-02	1.654159e-01	1.649448e-01	8.854520e-01	9.427666e-01
8155	2.959439e-01	9.321238e-01	3.141350e-02	3.926687e-02	2.056951e-01	1.916801e-01	2.555889e-01	4.835999e-02
18685	9.267845e-01	5.648823e-01	3.047191e-02	3.808988e-02	1.995296e-01	8.067945e-02	7.595690e-01	9.594189e-01
