3666	5.544740e-02	5.349044e-01	2.133621e-02	2.667026e-02	1.397092e-01	1.157582e-01	3.086269e-01	1.419990e-01
21104	8.117749e-01	8.921440e-01	3.785654e-02	4.732067e-02	2.478840e-01	1.633972e-01	9.804170e-02	4.553837e-01
5026	5.808680e-01	3.294842e-01	2.123730e-02	2.654663e-02	1.390615e-01	8.948634e-02	5.833546e-01	2.997614e-02
31839	6.062354e-01	5.153895e-01	6.443155e-02	8.053944e-02	4.218968e-01	2.067615e-01	9.096228e-01	3.228838e-01
6311	5.192144e-02	4.306270e-01	2.468169e-02	3.085211e-02	1.616153e-01	1.450802e-01	8.893079e-01	9.643967e-01
23824	6.986579e-02	2.705910e-01	3.511541e-02	4.389426e-02	2.299351e-01	1.577207e-01	7.863338e-01	4.609158e-01
13322	3.861043e-01	2.085925e-01	2.925067e-02	3.656334e-02	1.915329e-01	1.424114e-01	7.798849e-01	4.202256e-01
2775	1.107715e-01	1.114388e-01	3.212424e-02	4.015530e-02	2.103490e-01	9.701464e-02	6.494067e-01	6.700635e-01
2473	4.440793e-01	8.713131e-01	2.947430e-02	3.684288e-02	1.929973e-01	1.921101e-01	4.391264e-01	3.266128e-01
29998	4.141378e-01	1.544346e-01	3.653897e-02	4.567371e-02	2.392566e-01	2.204537e-01	6.383801e-02	6.888160e-01
6967	7.272083e-01	3.290725e-01	2.866839e-02	3.583549e-02	1.877202e-01	1.581992e-01	8.454816e-02	3.819616e-01
17880	8.403786e-01	9.395334e-01	2.542396e-02	3.177995e-02	1.664757e-01	9.455423e-02	2.649628e-02	9.738819e-01
20096	7.124612e-01	6.444124e-01	2.797658e-02	3.497073e-02	1.831902e-01	1.666926e-01	5.515733e-02	5.245310e-01
10923	7.644542e-01	9.331890e-02	2.527049e-02	3.158811e-02	1.654708e-01	1.647490e-01	4.146294e-01	1.064573e-02
27648	8.941760e-01	4.031315e-01	2.687473e-02	3.359341e-02	1.759753e-01	1.733142e-01	5.414830e-02	8.562926e-01
20616	2.528545e-01	1.763746e-01	3.530142e-02	4.412678e-02	2.311532e-01	2.114467e-01	9.074212e-01	9.442688e-01
20634	3.353794e-01	7.425176e-01	5.689939e-02	7.112423e-02	3.725763e-01	1.342433e-01	1.410956e-01	1.053941e-01
20041	6.896108e-01	6.791767e-01	2.322070e-02	2.902587e-02	1.520488e-01	1.138526e-01	4.238467e-02	2.021943e-01
16	4.610494e-01	3.079738e-01	2.830793e-02	3.538491e-02	1.853599e-01	1.687443e-01	5.906572e-01	3.546692e-01
11727	9.006895e-01	8.345865e-01	4.114102e-02	5.142628e-02	2.693908e-01	2.358012e-01	2.944764e-01	6.566407e-01
16027	7.954676e-01	1.924812e-01	5.738177e-02	7.172721e-02	3.757349e-01	2.076629e-01	7.412210e-02	3.008174e-01
2323	5.068486e-01	4.722851e-01	5.531028e-02	6.913785e-02	3.621709e-01	3.334355e-01	9.830975e-01	3.023707e-01
25401	2.851584e-01	8.754224e-01	4.025250e-02	5.031562e-02	2.635727e-01	2.396967e-01	5.321051e-01	1.771496e-01
25474	2.170950e-01	7.777186e-01	3.218674e-02	4.023343e-02	2.107583e-01	1.100061e-01	6.645351e-01	4.107457e-01
13361	1.769419e-01	3.623116e-01	3.822360e-02	4.777950e-02	2.502875e-01	9.360909e-02	8.079440e-01	3.557256e-01
15852	3.935142e-01	2.823104e-01	4.987754e-02	6.234693e-02	3.265974e-01	2.210573e-01	3.844638e-01	5.195640e-01
14274	6.727814e-02	3.465377e-01	5.944586e-02	7.430732e-02	3.892506e-01	3.666870e-01	5.289994e-02	4.296546e-01
30053	1.446392e-01	5.360459e-01	7.433347e-02	9.291684e-02	4.867344e-01	4.260997e-01	3.377225e-01	4.740649e-01
9059	2.607391e-01	7.902303e-01	6.338325e-02	7.922906e-02	4.150325e-01	3.158917e-01	8.716204e-02	1.908188e-01
1614	3.397199e-01	2.074476e-01	4.003995e-02	5.004993e-02	2.621809e-01	1.388197e-01	1.120047e-01	9.220961e-01
15138	4.597113e-01	2.465048e-01	4.206770e-02	5.258462e-02	2.754586e-01	1.697229e-01	2.494158e-01	4.721661e-01
24794	3.290812e-01	6.914397e-01	3.275978e-02	4.094972e-02	2.145105e-01	6.940698e-02	6.659574e-01	4.119404e-01
15262	1.677314e-01	3.039255e-01	2.913852e-02	3.642315e-02	1.907986e-01	9.474760e-02	9.204291e-01	2.269106e-01
14930	8.601576e-01	9.440125e-02	3.978730e-02	4.973412e-02	2.605266e-01	1.835281e-01	9.099822e-01	9.996346e-01
15747	7.727838e-01	2.604423e-01	2.402341e-02	3.002926e-02	1.573049e-01	8.464994e-02	3.441911e-01	8.530184e-02
27437	6.138729e-01	3.052511e-01	3.128935e-02	3.911168e-02	2.048821e-01	1.667377e-01	1.209518e-01	9.275358e-01
6900	2.490943e-01	3.244496e-01	2.135560e-02	2.669449e-02	1.398361e-01	1.133664e-01	4.850535e-01	9.990001e-01
23647	9.618039e-01	7.758484e-01	2.400143e-02	3.000179e-02	1.571610e-01	1.432348e-01	9.959593e-01	5.871369e-01
27604	6.474337e-01	3.873436e-01	2.579810e-02	3.224763e-02	1.689256e-01	5.233146e-02	7.325769e-01	1.962909e-02
9773	3.435989e-01	1.492628e-01	2.257767e-02	2.822208e-02	1.478382e-01	1.224904e-01	7.025198e-02	8.486592e-01
17345	9.392354e-01	6.960750e-01	2.515116e-02	3.143896e-02	1.646894e-01	1.118588e-01	9.167337e-01	1.539111e-01
5020	5.209977e-01	7.096689e-01	3.201988e-02	4.002484e-02	2.096656e-01	2.066387e-01	4.881346e-01	8.296584e-01
3777	1.935342e-01	9.183473e-02	2.320557e-02	2.900696e-02	1.519497e-01	6.171487e-02	7.948152e-01	4.777180e-01
31073	7.087601e-01	5.128654e-01	7.627554e-02	9.534443e-02	4.994511e-01	4.822297e-01	8.087277e-01	9.306306e-01
31242	3.281502e-01	7.783045e-01	3.306937e-02	4.133671e-02	2.165377e-01	1.987515e-01	1.196593e-01	8.265786e-01
12249	3.200260e-01	2.730381e-01	2.862092e-02	3.577615e-02	1.874093e-01	8.633695e-02	5.772472e-01	2.794467e-01
25831	7.050836e-01	4.392180e-01	2.149619e-02	2.687024e-02	1.407567e-01	7.547692e-02	3.237323e-01	9.458184e-01
19103	5.684102e-01	6.024998e-02	3.727036e-02	4.658795e-02	2.440457e-01	2.191042e-01	9.262106e-01	9.252153e-01
28914	7.922975e-01	4.931459e-01	2.925722e-02	3.657153e-02	1.915758e-01	1.753722e-01	6.116468e-01	9.199610e-01
14652	8.627687e-01	7.735943e-01	4.211070e-02	5.263838e-02	2.757402e-01	2.757278e-01	1.239144e-01	6.051302e-01
31607	1.554718e-01	4.507904e-01	4.299705e-02	5.374631e-02	2.815440e-01	1.297439e-01	9.857968e-01	4.521327e-01
7984	9.051835e-01	6.200181e-01	2.057297e-02	2.571622e-02	1.347115e-01	6.424665e-02	8.297349e-01	6.240915e-01
23131	6.130983e-01	6.205961e-01	2.534929e-02	3.168661e-02	1.659867e-01	1.512002e-01	7.851390e-01	4.948830e-01
10681	3.447055e-01	4.629714e-01	5.612080e-02	7.015100e-02	3.674781e-01	1.536998e-01	4.747342e-01	7.948496e-02
19731	4.008452e-01	6.503782e-01	5.677572e-02	7.096964e-02	3.717665e-01	9.778855e-02	1.557532e-01	2.037190e-01
11102	6.120967e-01	7.723832e-01	5.955217e-02	7.444021e-02	3.899467e-01	2.771703e-01	4.639687e-01	6.926114e-02
11426	9.408700e-01	9.032309e-01	3.369131e-02	4.211413e-02	2.206102e-01	1.981743e-01	7.352377e-01	4.296439e-01
21811	8.753126e-02	5.391182e-01	2.923612e-02	3.654516e-02	1.914377e-01	1.357343e-01	4.783829e-01	9.328788e-01
12690	5.258168e-01	6.278803e-01	7.632489e-02	9.540611e-02	4.997742e-01	2.942522e-01	1.669312e-01	7.948323e-01
1639	2.949097e-01	1.826080e-01	2.090838e-02	2.613547e-02	1.369077e-01	4.923406e-02	8.502079e-01	6.454362e-02
32082	4.044412e-01	4.596752e-01	6.624303e-02	8.280378e-02	4.337583e-01	3.422329e-01	6.126598e-01	7.237311e-01
14971	1.759683e-01	2.187891e-01	7.371546e-02	9.214433e-02	4.826877e-01	4.784546e-01	9.812679e-02	1.575041e-01
15625	9.369482e-01	5.715377e-01	6.127102e-02	7.658878e-02	4.012017e-01	2.393273e-01	1.900232e-02	7.057661e-01
25753	4.164722e-01	6.107227e-01	4.021156e-02	5.026445e-02	2.633047e-01	2.038664e-01	6.577294e-01	4.943709e-01
17373	8.788756e-01	4.694898e-01	4.808397e-02	6.010496e-02	3.148531e-01	2.160396e-01	9.154570e-01	4.728642e-01
23877	5.805476e-01	7.018595e-01	3.458512e-02	4.323140e-02	2.264628e-01	2.236214e-01	3.704863e-01	7.724595e-01
21888	1.089475e-01	6.838073e-01	2.731528e-02	3.414410e-02	1.788600e-01	1.774084e-01	7.764461e-02	9.676969e-01
21374	9.570344e-02	7.989915e-01	5.156006e-02	6.445007e-02	3.376145e-01	2.166783e-01	5.220985e-01	5.936754e-01
14862	8.384618e-01	8.347671e-01	2.941730e-02	3.677162e-02	1.926240e-01	1.894333e-01	2.144138e-01	3.902068e-01
3	3.627899e-01	9.571364e-01	3.432215e-02	4.290269e-02	2.247409e-01	2.238558e-01	1.622777e-01	1.367039e-01
14148	1.975003e-01	6.665105e-01	4.003681e-02	5.004601e-02	2.621604e-01	2.614890e-01	9.327352e-01	3.948047e-01
16548	8.019885e-01	4.285655e-01	2.098950e-02	2.623687e-02	1.374389e-01	1.301407e-01	2.714208e-01	1.410565e-01
5046	2.607255e-01	4.760060e-01	2.109739e-02	2.637174e-02	1.381454e-01	1.099989e-01	8.895304e-01	8.307730e-01
13278	4.244138e-01	7.062078e-01	2.451444e-02	3.064305e-02	1.605202e-01	1.198833e-01	3.844250e-01	7.465484e-02
