25940	3.534922e-01	7.758904e-01	7.212650e-02	9.015812e-02	4.722832e-01	4.704133e-01	2.424227e-01	2.856451e-01
21784	5.590180e-01	5.841180e-01	5.237012e-02	6.546265e-02	3.429187e-01	1.096294e-01	7.600945e-01	4.849701e-02
7940	2.127857e-01	2.498724e-01	6.623642e-02	8.279552e-02	4.337150e-01	2.175288e-01	1.376880e-01	1.494791e-01
16420	6.247833e-01	4.582805e-01	3.210331e-02	4.012913e-02	2.102119e-01	1.980486e-01	1.084636e-01	7.975337e-01
32707	9.102610e-01	8.412275e-01	2.389089e-02	2.986361e-02	1.564372e-01	1.532893e-01	2.217793e-01	6.905327e-01
20155	7.600705e-01	2.598070e-01	6.067439e-02	7.584299e-02	3.972950e-01	3.817747e-01	8.794103e-01	4.826313e-01
3938	1.319432e-01	4.701867e-01	4.209934e-02	5.262417e-02	2.756658e-01	2.500589e-01	6.791743e-01	8.349262e-01
13398	8.989450e-01	4.739738e-01	2.626775e-02	3.283468e-02	1.720008e-01	1.718560e-01	6.038158e-01	9.472207e-01
32079	6.138446e-01	7.643106e-01	5.546192e-02	6.932740e-02	3.631638e-01	3.591421e-01	7.380612e-01	3.195780e-01
32462	8.347149e-01	7.976237e-01	5.599764e-02	6.999706e-02	3.666717e-01	2.253022e-01	1.166850e-01	9.405467e-01
9684	6.957736e-01	3.097662e-01	3.648288e-02	4.560360e-02	2.388893e-01	1.856195e-01	7.379527e-01	1.622386e-01
347	5.745086e-01	7.978022e-01	3.183267e-02	3.979083e-02	2.084398e-01	1.742214e-01	7.951198e-01	8.117914e-01
12408	3.335204e-02	7.362858e-02	3.027954e-02	3.784942e-02	1.982699e-01	1.643116e-01	5.489746e-01	4.879681e-01
19489	9.191968e-01	3.710167e-01	3.536349e-02	4.420436e-02	2.315596e-01	1.219491e-01	9.807782e-02	6.592250e-01
21977	2.748923e-01	9.134834e-01	2.468068e-02	3.085085e-02	1.616087e-01	1.555176e-01	8.328014e-01	1.425286e-02
28728	6.515255e-01	1.317341e-01	2.992044e-02	3.740056e-02	1.959186e-01	1.629577e-01	9.962371e-01	7.418194e-01
14048	8.758912e-01	1.147003e-01	3.491207e-02	4.364008e-02	2.286037e-01	9.526053e-02	6.331200e-01	5.330417e-01
20014	9.397335e-01	2.650177e-01	2.903977e-02	3.629971e-02	1.901519e-01	6.837505e-02	4.372915e-01	9.285521e-01
14535	8.046272e-02	2.166040e-01	7.065247e-02	8.831559e-02	4.626313e-01	3.424431e-01	6.883632e-01	4.992818e-01
15821	4.898435e-01	5.978114e-01	2.120131e-02	2.650164e-02	1.388259e-01	9.291815e-02	4.088585e-01	8.096504e-01
14228	5.572198e-01	2.551152e-01	2.148605e-02	2.685756e-02	1.406903e-01	1.105511e-01	9.443416e-01	7.234133e-01
15040	2.588919e-01	4.372276e-01	3.744868e-02	4.681085e-02	2.452134e-01	1.040559e-01	5.388584e-01	8.141384e-01
13031	5.610010e-02	3.683395e-01	5.526343e-02	6.907929e-02	3.618641e-01	3.220906e-01	5.036983e-01	2.952390e-01
11969	4.894474e-01	8.528310e-01	4.995079e-02	6.243848e-02	3.270770e-01	2.743202e-01	3.009652e-01	9.853003e-01
10325	4.657138e-01	5.636842e-01	5.204607e-02	6.505759e-02	3.407969e-01	2.892285e-01	7.340489e-01	8.068557e-01
19605	4.449852e-01	9.740297e-02	2.144312e-02	2.680390e-02	1.404092e-01	1.366159e-01	9.310730e-01	3.073726e-01
17833	1.544430e-01	2.559529e-01	3.203767e-02	4.004708e-02	2.097821e-01	1.613929e-01	3.229347e-01	1.294291e-01
10828	3.489287e-01	8.709914e-01	2.988635e-02	3.735794e-02	1.956954e-01	1.585221e-01	7.463346e-02	1.528594e-01
9462	4.792737e-01	4.962789e-01	2.062085e-02	2.577606e-02	1.350250e-01	1.158314e-01	4.203298e-01	1.245338e-01
2992	1.960906e-01	4.669322e-01	2.336182e-02	2.920227e-02	1.529728e-01	1.529472e-01	8.590266e-01	1.448528e-01
20692	4.417495e-01	2.727966e-01	2.949959e-02	3.687448e-02	1.931628e-01	1.359039e-01	8.355217e-01	3.737742e-01
20772	9.630635e-02	8.114466e-01	2.324072e-02	2.905090e-02	1.521799e-01	6.480582e-02	2.819164e-01	7.107544e-01
8209	6.467737e-02	1.124163e-01	2.735439e-02	3.419298e-02	1.791161e-01	1.553669e-01	6.791621e-01	9.573961e-02
4060	8.733626e-01	2.947958e-01	2.427617e-02	3.034522e-02	1.589600e-01	1.061081e-01	8.361759e-01	4.847127e-01
21099	4.984182e-01	7.338271e-01	2.065814e-02	2.582267e-02	1.352692e-01	5.009248e-02	5.001646e-01	2.515766e-01
22018	4.818728e-01	6.505857e-01	2.081120e-02	2.601400e-02	1.362714e-01	4.624616e-02	3.929891e-01	3.060211e-01
11002	3.656533e-01	2.621841e-01	2.455024e-02	3.068780e-02	1.607546e-01	1.601620e-01	6.766555e-01	4.742678e-01
30319	5.154124e-01	4.937932e-01	2.701740e-02	3.377176e-02	1.769095e-01	1.700203e-01	9.046494e-01	7.971763e-01
5112	4.022478e-01	1.508723e-01	3.008157e-02	3.760196e-02	1.969737e-01	1.375902e-01	6.471032e-01	1.164558e-01
14326	6.318958e-01	5.625903e-01	2.239523e-02	2.799404e-02	1.466436e-01	1.070654e-01	8.535948e-02	5.552141e-01
9492	6.997228e-01	1.307738e-01	3.682748e-02	4.603435e-02	2.411458e-01	1.260038e-01	6.203134e-01	1.096031e-02
15673	2.310053e-01	6.111190e-01	2.106498e-02	2.633122e-02	1.379331e-01	6.458743e-02	9.910872e-01	5.723440e-01
3892	6.886046e-01	4.041009e-01	2.824530e-02	3.530663e-02	1.849498e-01	1.429198e-01	6.166226e-01	3.858387e-01
11394	9.677250e-01	7.236778e-01	2.137215e-02	2.671519e-02	1.399445e-01	1.024299e-01	7.484079e-01	7.541668e-01
2080	7.609169e-01	4.684117e-01	3.027241e-02	3.784051e-02	1.982233e-01	1.692842e-01	4.168117e-01	4.791829e-01
23758	9.533452e-01	5.868114e-01	4.780604e-02	5.975755e-02	3.130332e-01	2.804489e-01	1.214325e-01	2.204851e-01
22338	6.698480e-01	3.773836e-01	2.577069e-02	3.221337e-02	1.687461e-01	1.568137e-01	1.469334e-01	4.625587e-01
7299	1.866826e-01	4.147741e-01	3.808788e-02	4.760985e-02	2.493989e-01	2.478278e-01	5.681132e-01	5.112881e-01
25539	5.596484e-01	1.193634e-01	5.329271e-02	6.661589e-02	3.489599e-01	2.407128e-01	9.702789e-01	3.335804e-02
255	8.975354e-01	3.482922e-01	3.666936e-02	4.583670e-02	2.401104e-01	6.305952e-02	9.552717e-01	1.362697e-01
12590	5.701390e-01	6.691291e-01	2.225190e-02	2.781488e-02	1.457051e-01	1.134511e-01	5.727465e-01	5.931991e-01
21184	7.910828e-01	8.492423e-01	4.528866e-02	5.661083e-02	2.965495e-01	9.485194e-02	8.092052e-01	4.795459e-01
7764	7.052403e-01	4.937006e-01	3.017070e-02	3.771338e-02	1.975573e-01	1.965504e-01	9.835511e-01	9.193437e-01
7090	3.128575e-01	7.009573e-01	2.406374e-02	3.007967e-02	1.575690e-01	1.321604e-01	2.324581e-01	5.993001e-01
15285	8.654084e-01	4.604463e-01	5.209362e-02	6.511703e-02	3.411082e-01	8.853557e-02	7.499312e-01	7.639821e-01
7649	4.775045e-01	4.581827e-01	2.938597e-02	3.673246e-02	1.924189e-01	1.212703e-01	5.954676e-01	5.814701e-01
30336	9.145429e-01	5.442795e-01	7.447741e-02	9.309676e-02	4.876769e-01	1.760291e-01	8.106200e-01	6.169684e-01
5669	6.122336e-01	8.934558e-01	4.425239e-02	5.531548e-02	2.897639e-01	2.382675e-01	1.033175e-01	4.131999e-01
22691	1.231321e-01	1.410877e-01	3.106840e-02	3.883550e-02	2.034354e-01	6.445472e-02	4.243005e-01	3.408984e-01
5242	5.201252e-02	6.934615e-01	4.318872e-02	5.398590e-02	2.827991e-01	2.770255e-01	2.579580e-01	1.337538e-01
11123	5.892811e-01	4.420767e-01	3.232707e-02	4.040883e-02	2.116771e-01	2.052397e-01	8.238008e-01	8.344724e-01
12993	8.456794e-01	1.632480e-01	2.363964e-02	2.954955e-02	1.547920e-01	8.360662e-02	3.110399e-01	4.786237e-01
31147	7.178410e-01	5.089834e-02	2.538262e-02	3.172828e-02	1.662050e-01	1.360496e-01	8.443352e-01	3.280311e-01
10274	2.790253e-01	7.222297e-01	2.307029e-02	2.883786e-02	1.510639e-01	9.197020e-02	5.753180e-02	3.381220e-01
23743	9.120807e-01	8.971681e-01	4.289701e-02	5.362126e-02	2.808889e-01	1.081433e-01	2.754625e-01	2.987345e-01
12056	8.250298e-01	9.567347e-01	2.354583e-02	2.943229e-02	1.541778e-01	1.531919e-01	1.540569e-01	2.260658e-01
10436	9.783119e-02	3.426712e-02	2.139359e-02	2.674198e-02	1.400849e-01	8.708300e-02	9.385972e-01	8.225155e-01
9594	6.054309e-01	6.240097e-02	3.647102e-02	4.558878e-02	2.388117e-01	2.265860e-01	3.507612e-01	7.277755e-01
29953	5.190090e-01	1.684210e-01	2.686289e-02	3.357862e-02	1.758978e-01	1.088334e-01	2.706870e-01	3.035315e-01
9204	5.505723e-01	8.216784e-01	2.471262e-02	3.089077e-02	1.618178e-01	9.517096e-02	1.033539e-01	7.153652e-01
18096	4.049219e-01	6.048519e-01	5.518510e-02	6.898138e-02	3.613512e-01	3.483629e-01	3.059719e-01	5.565671e-01
19863	7.871330e-01	5.984921e-01	6.050180e-02	7.562726e-02	3.961649e-01	1.696989e-01	8.249818e-02	4.171289e-02
20402	4.844630e-01	7.681225e-01	3.521093e-02	4.401366e-02	2.305606e-01	1.067128e-01	5.522402e-01	2.350199e-01
3546	5.161441e-01	6.111024e-01	2.112178e-02	2.640222e-02	1.383051e-01	6.204552e-02	2.558297e-01	8.419333e-03
9537	2.968209e-01	8.140726e-01	4.004117e-02	5.005147e-02	2.621890e-01	2.049686e-01	1.286859e-01	3.016802e-01
110	3.226856e-02	5.266468e-01	2.897223e-02	3.621529e-02	1.897097e-01	7.982864e-02	2.156651e-01	5.803860e-01
15731	7.109085e-01	6.944990e-01	2.792020e-02	3.490025e-02	1.828210e-01	7.834281e-02	3.281068e-01	9.500323e-01
3403	3.118457e-01	4.342401e-01	4.295472e-02	5.369340e-02	2.812668e-01	2.423580e-01	5.319101e-01	3.987362e-01
22949	1.880503e-01	8.935180e-01	5.405023e-02	6.756279e-02	3.539201e-01	1.121117e-01	5.655048e-01	5.324635e-01
