15859	3.364182e-01	9.424909e-01	3.397609e-02	4.247012e-02	2.224749e-01	1.866961e-01	9.284660e-02	1.980806e-01
24829	7.918376e-01	2.342291e-01	2.396589e-02	2.995736e-02	1.569283e-01	1.557948e-01	1.659282e-01	8.817348e-01
4488	9.143254e-01	9.545688e-02	3.469101e-02	4.336376e-02	2.271562e-01	1.110194e-01	3.202621e-01	8.576284e-01
24881	9.384329e-01	5.435386e-01	3.037951e-02	3.797438e-02	1.989245e-01	1.581641e-01	2.855874e-01	7.755593e-01
29345	6.612127e-01	2.070536e-01	3.276213e-02	4.095266e-02	2.145259e-01	1.770486e-01	7.981105e-01	7.432732e-01
6169	4.726226e-02	1.674301e-01	4.502577e-02	5.628222e-02	2.948281e-01	2.893456e-01	3.252661e-01	5.930940e-01
32334	2.472338e-01	1.709463e-01	3.537546e-02	4.421933e-02	2.316380e-01	9.033308e-02	2.049159e-01	7.519280e-01
20842	1.374308e-01	4.457363e-01	2.063134e-02	2.578917e-02	1.350937e-01	4.250268e-02	6.455470e-01	9.291659e-01
12300	3.439508e-01	7.472271e-01	3.006512e-02	3.758140e-02	1.968660e-01	1.840827e-01	9.228726e-01	1.246565e-01
31863	2.729889e-01	4.603509e-01	4.991781e-02	6.239726e-02	3.268610e-01	2.742550e-01	7.963799e-01	9.376369e-01
15805	7.596523e-01	7.521605e-01	6.609378e-02	8.261722e-02	4.327810e-01	1.913336e-01	8.444985e-01	9.256243e-01
24384	5.435251e-01	8.275738e-01	3.658258e-02	4.572823e-02	2.395422e-01	1.300928e-01	5.080692e-01	5.613033e-01
28464	1.103419e-01	5.605951e-01	4.989891e-02	6.237363e-02	3.267373e-01	3.251828e-01	1.518695e-01	3.916221e-01
23289	8.761542e-01	6.705126e-01	3.133958e-02	3.917447e-02	2.052111e-01	1.984225e-01	3.099687e-01	5.733098e-01
12468	8.293438e-01	3.219975e-01	3.917587e-02	4.896983e-02	2.565230e-01	2.523194e-01	5.850128e-01	9.720110e-01
13325	8.682710e-01	4.737664e-01	2.099718e-02	2.624647e-02	1.374892e-01	1.152970e-01	8.877275e-01	1.260072e-01
7299	7.451980e-01	5.588763e-01	4.460366e-02	5.575457e-02	2.920641e-01	1.107856e-01	8.993827e-01	9.243320e-01
13145	6.091056e-01	9.025178e-01	2.485074e-02	3.106342e-02	1.627222e-01	1.291210e-01	7.926382e-01	6.019533e-02
31515	6.741734e-01	4.842909e-01	5.196339e-02	6.495424e-02	3.402555e-01	2.185675e-01	5.875904e-01	1.700071e-01
16105	8.358249e-01	4.968588e-01	3.329790e-02	4.162238e-02	2.180342e-01	2.167008e-01	7.668456e-01	7.437799e-01
12356	7.402855e-01	1.429471e-01	3.413673e-02	4.267091e-02	2.235268e-01	2.077111e-01	7.387094e-02	8.629598e-01
6582	7.857883e-01	6.074018e-02	2.611445e-02	3.264306e-02	1.709970e-01	1.708989e-01	9.814939e-01	8.663701e-01
13862	5.962564e-01	6.921794e-01	2.403795e-02	3.004743e-02	1.574001e-01	1.482784e-01	9.779558e-01	3.193806e-01
26009	5.115861e-01	8.943397e-01	7.534873e-02	9.418591e-02	4.933823e-01	3.199061e-01	7.981271e-02	3.838999e-01
14230	7.051381e-01	4.693344e-02	3.385619e-02	4.232024e-02	2.216898e-01	1.705429e-01	4.495482e-01	1.495925e-01
28962	8.925627e-01	3.653441e-01	5.004501e-02	6.255627e-02	3.276940e-01	2.077720e-01	2.351027e-01	8.529822e-01
21288	5.777544e-01	3.104929e-01	5.469018e-02	6.836272e-02	3.581104e-01	3.025212e-01	9.410792e-01	6.330376e-01
2879	4.223829e-01	1.194994e-01	3.050480e-02	3.813099e-02	1.997449e-01	1.996498e-01	6.879195e-01	4.105798e-01
19389	3.986150e-01	7.351318e-01	2.259223e-02	2.824029e-02	1.479336e-01	5.576179e-02	2.270072e-01	3.051458e-01
3002	6.649296e-01	9.019030e-01	4.498527e-02	5.623159e-02	2.945628e-01	2.879800e-01	6.836717e-01	7.822471e-01
16814	7.709640e-01	1.915770e-01	2.441774e-02	3.052218e-02	1.598870e-01	9.477306e-02	6.299355e-01	7.993518e-01
29666	9.470438e-01	3.434328e-01	3.145836e-02	3.932295e-02	2.059888e-01	1.220653e-01	7.501885e-03	7.038651e-01
24367	9.422293e-01	6.188159e-01	2.498646e-02	3.123308e-02	1.636110e-01	7.860937e-02	5.415651e-01	4.159734e-01
27670	7.499961e-01	8.519897e-01	5.733816e-02	7.167270e-02	3.754494e-01	3.347199e-01	9.126935e-01	5.222359e-01
11819	7.316344e-01	5.096700e-01	3.910438e-02	4.888047e-02	2.560548e-01	2.287972e-01	9.767266e-01	1.856820e-01
23951	1.977397e-01	1.333819e-01	2.542828e-02	3.178535e-02	1.665040e-01	1.087693e-01	1.623723e-01	8.956779e-01
28331	1.953986e-01	7.274297e-01	2.071982e-02	2.589977e-02	1.356731e-01	4.106347e-02	2.218145e-01	8.174687e-01
18868	8.524464e-01	3.727645e-01	2.346075e-02	2.932594e-02	1.536206e-01	1.167377e-01	8.372924e-01	4.997817e-01
27128	3.853615e-01	6.537537e-01	5.312361e-02	6.640451e-02	3.478526e-01	3.463289e-01	4.435737e-01	9.288170e-01
2281	1.325168e-01	6.353928e-01	2.912133e-02	3.640166e-02	1.906860e-01	1.010183e-01	8.534726e-01	6.517702e-02
24766	1.846869e-01	5.984822e-01	6.278698e-02	7.848372e-02	4.111281e-01	1.125332e-01	4.678994e-01	3.422188e-01
27267	2.998638e-01	8.413968e-01	3.659957e-02	4.574946e-02	2.396534e-01	1.099835e-01	6.141282e-01	4.406518e-01
21290	8.334551e-01	5.683317e-01	3.863246e-02	4.829058e-02	2.529647e-01	2.006157e-01	8.553929e-01	3.575952e-01
7953	2.660984e-01	7.774305e-01	3.562380e-02	4.452975e-02	2.332641e-01	1.032518e-01	6.733568e-01	8.132172e-01
11580	9.034110e-01	1.380295e-01	3.276657e-02	4.095821e-02	2.145550e-01	1.692548e-01	7.937719e-01	1.286349e-01
8714	1.878434e-01	4.632701e-01	3.626339e-02	4.532924e-02	2.374521e-01	9.832407e-02	3.074820e-01	9.741525e-01
19242	2.312553e-01	2.641907e-01	3.232262e-02	4.040328e-02	2.116480e-01	1.642944e-01	4.849537e-01	7.543558e-01
21306	8.799623e-01	7.899056e-01	7.578174e-02	9.472717e-02	4.962176e-01	3.379303e-01	1.664480e-01	3.466000e-01
18608	4.615946e-01	4.854096e-01	7.434977e-02	9.293722e-02	4.868412e-01	2.584449e-01	6.164056e-01	3.725514e-01
2308	4.050681e-02	2.345457e-01	2.238966e-02	2.798707e-02	1.466071e-01	1.446082e-01	1.861080e-01	4.482540e-01
12739	2.193351e-01	1.007942e-01	3.876606e-02	4.845758e-02	2.538396e-01	1.177771e-01	5.970506e-01	2.463251e-01
21902	3.593390e-01	1.559984e-01	3.544406e-02	4.430507e-02	2.320871e-01	2.009909e-01	9.750413e-01	6.373708e-01
9111	7.960521e-01	2.958731e-01	2.250558e-02	2.813198e-02	1.473662e-01	8.169914e-02	2.760712e-01	7.793141e-02
15017	2.768399e-01	3.208405e-01	2.101640e-02	2.627050e-02	1.376151e-01	1.302341e-01	9.798520e-01	1.629579e-01
16557	6.477065e-01	1.074585e-01	7.904855e-02	9.881069e-02	5.176087e-01	5.174080e-01	9.052530e-01	8.865219e-01
26114	7.781850e-02	2.118577e-01	3.203497e-02	4.004372e-02	2.097645e-01	1.958516e-01	6.986981e-01	2.930946e-01
1947	3.327650e-01	2.998399e-01	2.644029e-02	3.305036e-02	1.731306e-01	5.295232e-02	8.474716e-01	1.073653e-01
16961	8.006097e-01	4.007561e-01	3.102819e-02	3.878524e-02	2.031721e-01	1.492865e-01	4.795933e-01	1.988717e-01
6664	8.510415e-01	9.071460e-01	5.548067e-02	6.935084e-02	3.632866e-01	1.330580e-01	2.761583e-01	3.526309e-01
27929	3.265710e-01	2.343152e-01	4.162707e-02	5.203384e-02	2.725734e-01	2.304397e-01	3.161487e-01	7.160797e-02
13439	2.026200e-01	3.778466e-01	3.119422e-02	3.899277e-02	2.042592e-01	9.051007e-02	4.444112e-01	2.018743e-02
4928	1.557083e-01	2.656121e-01	3.550475e-02	4.438094e-02	2.324846e-01	2.228390e-01	4.036693e-01	6.726117e-01
21591	6.240008e-01	4.872233e-01	4.655307e-02	5.819134e-02	3.048288e-01	2.773221e-01	1.799109e-01	8.798761e-01
14690	5.000147e-01	7.362539e-01	4.357631e-02	5.447039e-02	2.853370e-01	2.507781e-01	5.962512e-01	2.421550e-01
19826	5.352289e-01	7.821884e-01	2.337183e-02	2.921479e-02	1.530384e-01	1.501337e-01	9.890886e-01	5.694960e-01
24875	7.304565e-01	7.264940e-01	4.854179e-02	6.067724e-02	3.178509e-01	1.124053e-01	8.203531e-01	6.787011e-01
30337	7.651485e-01	3.356949e-01	3.103430e-02	3.879287e-02	2.032121e-01	9.780330e-02	4.966169e-01	3.675339e-02
7966	3.440496e-01	3.649119e-01	2.498940e-02	3.123675e-02	1.636302e-01	1.634783e-01	6.573100e-01	1.219252e-01
10524	6.082837e-01	4.055398e-01	2.770546e-02	3.463182e-02	1.814149e-01	1.255081e-01	1.525329e-01	7.593885e-02
26176	1.061255e-01	8.560929e-01	3.206820e-02	4.008525e-02	2.099821e-01	1.896610e-01	8.193801e-01	3.218211e-01
4761	4.405989e-01	3.289293e-01	4.332650e-02	5.415813e-02	2.837013e-01	2.830746e-01	1.327133e-01	6.727755e-01
25886	5.037223e-01	7.917603e-01	2.486396e-02	3.107996e-02	1.628089e-01	1.437651e-01	9.154208e-01	6.561339e-01
3754	5.285977e-01	4.785995e-01	4.246088e-02	5.307610e-02	2.780332e-01	1.347484e-01	3.857614e-01	2.853300e-01
6899	5.918864e-02	7.515132e-01	3.519558e-02	4.399448e-02	2.304601e-01	6.808072e-02	3.251929e-01	9.422314e-01
15048	1.517665e-01	5.867656e-01	3.675505e-02	4.594381e-02	2.406715e-01	1.347098e-01	2.151553e-01	8.802323e-01
22008	8.191704e-01	4.122302e-01	3.647612e-02	4.559515e-02	2.388451e-01	8.000701e-02	4.891318e-01	2.041248e-01
14433	1.884432e-01	9.473643e-01	2.897231e-02	3.621539e-02	1.897103e-01	5.768180e-02	8.728318e-01	1.269817e-01
1546	4.964953e-02	5.463985e-02	3.805472e-02	4.756840e-02	2.491817e-01	2.447147e-01	6.076011e-01	5.804134e-01
