22141	9.371554e-02	9.462227e-01	4.821496e-02	6.026870e-02	3.157108e-01	1.796329e-01	4.656796e-01	4.260365e-01
8980	1.742038e-01	2.052374e-01	3.854382e-02	4.817978e-02	2.523843e-01	2.347004e-01	7.351547e-01	8.262659e-01
9900	8.049266e-01	5.020161e-01	2.619364e-02	3.274205e-02	1.715155e-01	1.241659e-01	6.972110e-01	2.442366e-01
25981	4.643690e-01	7.748508e-01	2.340747e-02	2.925933e-02	1.532717e-01	1.446574e-01	8.563370e-01	2.335963e-01
5244	7.103423e-01	2.149692e-01	4.914563e-02	6.143204e-02	3.218048e-01	2.645776e-01	7.344155e-01	5.768221e-01
8046	5.563784e-01	7.858940e-01	2.634950e-02	3.293687e-02	1.725361e-01	5.061857e-02	9.587593e-01	4.034260e-01
12714	3.456584e-01	2.368390e-01	2.402877e-02	3.003597e-02	1.573400e-01	7.343443e-02	5.826112e-01	7.256719e-01
21575	6.488102e-01	6.329749e-01	2.216971e-02	2.771213e-02	1.451669e-01	1.322104e-01	2.639776e-01	7.539559e-01
24115	8.863521e-01	2.877029e-01	4.382403e-02	5.478004e-02	2.869591e-01	2.613540e-01	2.655468e-01	3.939148e-01
12201	8.335207e-01	2.061825e-01	2.658877e-02	3.323597e-02	1.741029e-01	1.485073e-01	4.967431e-01	7.225491e-01
10813	3.374107e-01	6.347116e-01	2.937271e-02	3.671589e-02	1.923320e-01	1.923132e-01	2.264573e-01	1.258706e-02
30117	6.352853e-01	4.290733e-01	3.671979e-02	4.589974e-02	2.404406e-01	2.251726e-01	8.492875e-01	5.308313e-01
5494	6.343138e-01	2.164810e-01	6.708277e-02	8.385346e-02	4.392569e-01	2.071199e-01	3.786220e-03	3.621608e-01
26159	4.720895e-01	8.260195e-01	2.799714e-02	3.499643e-02	1.833249e-01	1.305232e-01	9.908971e-01	8.302723e-01
32480	9.002282e-01	3.816310e-01	2.621653e-02	3.277066e-02	1.716654e-01	1.067175e-01	3.906876e-02	6.000670e-01
28577	7.763023e-02	8.281182e-01	6.131731e-02	7.664664e-02	4.015048e-01	3.975299e-01	2.832616e-01	4.334611e-01
4348	4.450845e-01	4.572933e-01	2.320710e-02	2.900888e-02	1.519597e-01	1.492870e-01	6.695476e-01	6.778105e-01
13150	3.888155e-01	1.798666e-01	2.444509e-02	3.055636e-02	1.600661e-01	5.577613e-02	6.501617e-01	4.734012e-01
15264	7.853892e-01	8.980993e-01	5.916790e-02	7.395987e-02	3.874305e-01	3.874274e-01	5.633987e-01	1.940444e-01
8362	8.216077e-01	2.418804e-01	2.548614e-02	3.185767e-02	1.668828e-01	1.605199e-01	6.267705e-01	1.113031e-01
23337	2.488484e-01	7.908080e-01	4.858770e-02	6.073462e-02	3.181515e-01	1.432351e-01	3.718517e-01	5.114725e-01
15778	8.265159e-01	6.189107e-01	2.673741e-02	3.342177e-02	1.750762e-01	8.845039e-02	2.694966e-01	2.475863e-01
1668	5.329242e-01	2.709139e-01	2.232384e-02	2.790480e-02	1.461762e-01	1.357704e-01	1.147033e-01	6.827689e-01
3829	5.507727e-01	5.595601e-01	3.236131e-02	4.045164e-02	2.119014e-01	2.017861e-01	3.965449e-01	3.918887e-01
10662	1.150862e-01	3.167706e-01	5.380520e-02	6.725649e-02	3.523156e-01	2.327057e-01	2.188876e-01	9.524293e-01
7744	4.189955e-01	1.946836e-01	2.656067e-02	3.320084e-02	1.739189e-01	7.879650e-02	5.500021e-02	9.126567e-02
22496	8.362181e-01	6.554752e-01	2.653170e-02	3.316463e-02	1.737292e-01	1.392810e-01	2.826653e-01	4.851307e-01
29672	3.344461e-01	4.162551e-01	2.204074e-02	2.755092e-02	1.443224e-01	1.179732e-01	2.235770e-01	9.958972e-01
4011	6.427659e-01	5.490590e-01	3.266492e-02	4.083114e-02	2.138894e-01	2.045343e-01	2.274340e-01	6.455514e-01
26490	7.735388e-01	7.171654e-01	4.079792e-02	5.099740e-02	2.671441e-01	8.649608e-02	3.561990e-01	1.957941e-01
6218	8.048479e-02	5.312789e-02	4.293291e-02	5.366614e-02	2.811240e-01	1.514566e-01	6.387018e-01	3.566403e-02
1375	5.424075e-02	1.464927e-01	3.646922e-02	4.558652e-02	2.387999e-01	1.325378e-01	6.486505e-01	5.808872e-01
9909	8.282944e-01	1.484676e-01	4.418935e-02	5.523669e-02	2.893512e-01	2.890621e-01	2.069930e-01	2.604120e-01
18892	5.150635e-01	8.330010e-01	2.390856e-02	2.988570e-02	1.565529e-01	1.351239e-01	2.233951e-01	7.397262e-01
17802	4.089362e-01	9.314600e-01	4.307797e-02	5.384746e-02	2.820739e-01	2.533281e-01	6.354592e-01	3.775535e-01
10982	5.351243e-01	7.136461e-02	3.995221e-02	4.994026e-02	2.616064e-01	1.969937e-01	2.672395e-01	7.972564e-01
24727	3.242042e-01	7.721192e-01	2.677891e-02	3.347364e-02	1.753479e-01	1.664865e-01	1.142172e-01	1.828388e-01
12834	9.346041e-01	3.192456e-01	2.132794e-02	2.665993e-02	1.396551e-01	4.722897e-02	3.203069e-01	6.814125e-01
24541	3.736247e-01	3.079563e-01	2.220300e-02	2.775375e-02	1.453849e-01	6.238830e-02	5.741009e-01	9.004175e-01
1563	3.744348e-01	1.035594e-01	6.434281e-02	8.042851e-02	4.213157e-01	2.088726e-01	4.268936e-01	2.295930e-01
31485	3.016358e-01	5.645666e-01	3.824185e-02	4.780232e-02	2.504071e-01	7.315350e-02	1.932348e-01	4.684505e-01
884	6.877572e-02	6.918953e-01	2.268342e-02	2.835427e-02	1.485307e-01	1.275628e-01	7.528575e-01	4.839125e-01
12463	9.088783e-01	2.389189e-01	2.122557e-02	2.653196e-02	1.389847e-01	1.325849e-01	3.375339e-01	9.204203e-01
10244	2.393813e-01	3.547438e-01	2.895189e-02	3.618987e-02	1.895766e-01	1.421090e-01	7.177094e-01	2.414925e-01
11475	5.447246e-01	4.167984e-01	3.871901e-02	4.839877e-02	2.535315e-01	2.534007e-01	2.722588e-03	9.735143e-01
27924	5.072531e-02	7.422876e-01	2.654254e-02	3.317818e-02	1.738001e-01	1.022619e-01	7.886108e-01	7.602159e-01
5781	7.158657e-01	5.750513e-01	4.642050e-02	5.802562e-02	3.039607e-01	2.398856e-01	7.022686e-01	9.943748e-01
19479	3.055631e-01	1.883082e-01	3.160159e-02	3.950198e-02	2.069267e-01	2.038051e-01	2.561928e-01	5.471202e-01
11795	4.998551e-01	7.792584e-01	2.203176e-02	2.753970e-02	1.442636e-01	1.438032e-01	7.019617e-01	1.173608e-01
27949	8.970058e-01	1.872530e-01	4.216860e-02	5.271075e-02	2.761193e-01	2.759959e-01	3.357715e-01	1.070336e-01
11408	7.034345e-01	3.032737e-01	2.194463e-02	2.743079e-02	1.436931e-01	1.312370e-01	5.466440e-01	8.938345e-01
32502	4.309583e-01	5.031165e-01	5.949756e-02	7.437195e-02	3.895891e-01	3.179626e-01	2.261094e-01	8.756177e-01
28106	8.781872e-01	8.144794e-01	7.342371e-02	9.177964e-02	4.807773e-01	4.720238e-01	9.817698e-01	6.728669e-01
7305	4.578678e-01	2.059133e-01	2.929377e-02	3.661721e-02	1.918152e-01	1.717838e-01	1.927872e-01	8.433683e-01
20865	3.830196e-01	4.586494e-01	3.326971e-02	4.158714e-02	2.178496e-01	9.322076e-02	9.196043e-01	2.795252e-01
5409	6.517870e-01	4.860588e-01	4.129866e-02	5.162332e-02	2.704230e-01	1.123540e-01	6.229007e-01	2.476560e-02
1722	7.687928e-01	2.888813e-01	2.165490e-02	2.706863e-02	1.417960e-01	8.991358e-02	5.825781e-01	5.939002e-01
14958	5.661927e-02	4.284628e-01	5.493866e-02	6.867333e-02	3.597375e-01	2.977254e-01	1.690208e-01	3.323111e-01
9019	7.102472e-01	7.082928e-01	5.407599e-02	6.759499e-02	3.540888e-01	3.493707e-01	7.355502e-01	2.391200e-01
6190	2.699654e-01	1.712570e-01	2.652935e-02	3.316169e-02	1.737138e-01	7.021381e-02	2.870744e-01	8.182133e-01
24130	2.953210e-01	3.515307e-01	3.142822e-02	3.928528e-02	2.057915e-01	1.542031e-01	7.012654e-01	7.758233e-01
29531	6.325560e-01	7.235762e-01	3.486297e-02	4.357871e-02	2.282822e-01	1.222753e-01	4.180042e-01	9.803867e-01
29850	1.846501e-01	8.249644e-01	6.948752e-02	8.685940e-02	4.550032e-01	2.773337e-01	6.785151e-01	7.126747e-01
4174	8.632549e-01	5.679969e-01	7.301724e-02	9.127156e-02	4.781158e-01	1.822436e-01	8.538622e-01	5.370134e-01
20792	3.089869e-01	1.285374e-01	4.685245e-02	5.856556e-02	3.067891e-01	1.183026e-01	1.906306e-01	1.540294e-01
22852	8.035769e-01	8.214798e-01	2.228137e-02	2.785171e-02	1.458981e-01	1.433668e-01	5.986375e-01	2.962081e-01
22371	2.754753e-02	5.055440e-01	2.141987e-02	2.677484e-02	1.402570e-01	7.301547e-02	4.267525e-02	8.312667e-01
7099	9.599065e-01	8.886445e-01	2.126367e-02	2.657959e-02	1.392342e-01	7.638136e-02	9.317625e-01	1.825428e-01
28023	3.483844e-01	9.619141e-01	2.594244e-02	3.242805e-02	1.698707e-01	1.041783e-01	3.811741e-01	1.383299e-01
11779	4.942324e-01	1.802368e-01	2.429594e-02	3.036993e-02	1.590895e-01	1.283968e-01	7.325483e-01	2.050343e-01
763	7.264433e-01	2.765548e-01	3.524885e-02	4.406106e-02	2.308089e-01	6.164728e-02	8.386487e-02	8.068259e-02
24521	2.400942e-01	2.568338e-01	6.103645e-02	7.629556e-02	3.996657e-01	2.669837e-01	7.500280e-01	4.066180e-01
9006	9.179025e-01	4.497794e-01	2.546744e-02	3.183430e-02	1.667604e-01	9.986740e-02	9.092729e-01	1.024204e-01
9979	3.318761e-01	3.279671e-01	3.918239e-02	4.897799e-02	2.565657e-01	1.235555e-01	9.525656e-01	6.911824e-01
7602	9.020426e-01	5.035836e-01	5.461805e-02	6.827256e-02	3.576382e-01	1.166236e-01	9.711308e-01	1.534904e-01
28310	1.800456e-01	6.329441e-01	2.566690e-02	3.208363e-02	1.680665e-01	1.456640e-01	6.002916e-01	3.094356e-01
26128	8.042736e-02	5.513933e-01	2.251034e-02	2.813792e-02	1.473973e-01	5.029364e-02	9.673487e-01	1.076960e-01
1845	9.565858e-01	1.239884e-01	3.495144e-02	4.368931e-02	2.288615e-01	1.240807e-01	6.247063e-02	2.796643e-01
30174	8.874508e-01	9.196125e-02	2.307311e-02	2.884139e-02	1.510824e-01	1.112721e-01	7.315744e-01	2.985380e-01
17707	8.681880e-01	6.205375e-01	3.546575e-02	4.433218e-02	2.322292e-01	1.106879e-01	4.910602e-01	6.259431e-01
