29793	7.865132e-01	3.336521e-01	4.385679e-02	5.482099e-02	2.871736e-01	1.997398e-01	5.456464e-01	7.919368e-01
21908	1.592138e-01	9.019991e-01	2.068868e-02	2.586085e-02	1.354692e-01	1.237029e-01	9.585423e-01	7.011934e-01
10600	2.411295e-01	5.739585e-01	3.399430e-02	4.249287e-02	2.225941e-01	8.128067e-02	9.690035e-02	3.637987e-01
16627	5.362326e-01	6.465868e-01	6.616918e-02	8.271147e-02	4.332747e-01	4.243559e-01	4.687834e-01	7.395544e-01
3289	8.462934e-01	2.257875e-01	3.115227e-02	3.894033e-02	2.039846e-01	1.941663e-01	2.641539e-01	6.472870e-02
10926	8.575860e-01	4.214308e-01	2.713327e-02	3.391658e-02	1.776682e-01	1.690876e-01	2.103630e-01	3.111747e-02
24269	8.183100e-01	5.838283e-01	5.738910e-02	7.173638e-02	3.757829e-01	2.420455e-01	5.761261e-01	7.011569e-01
26139	5.358106e-01	8.018879e-01	6.437829e-02	8.047286e-02	4.215480e-01	3.563641e-01	6.548941e-01	2.669570e-01
32519	9.553565e-01	2.607190e-01	2.256384e-02	2.820480e-02	1.477477e-01	1.412581e-01	9.206480e-01	2.068568e-01
16152	2.087307e-01	7.546797e-01	6.964362e-02	8.705453e-02	4.560254e-01	2.070919e-01	4.568411e-01	2.532485e-02
6108	8.316226e-01	6.893584e-01	6.715620e-02	8.394525e-02	4.397378e-01	2.637877e-01	2.148718e-02	7.483334e-01
20499	3.240489e-01	1.794173e-01	3.528355e-02	4.410444e-02	2.310361e-01	1.827748e-01	1.074846e-01	8.386357e-01
1537	8.774023e-01	5.812628e-01	2.056511e-02	2.570639e-02	1.346600e-01	1.064737e-01	1.602845e-01	1.705254e-01
32642	7.735653e-01	7.376467e-01	2.489662e-02	3.112077e-02	1.630227e-01	1.268014e-01	3.717990e-01	3.658361e-01
11764	5.141463e-01	9.481750e-01	3.117163e-02	3.896454e-02	2.041114e-01	1.435822e-01	4.366549e-01	7.733018e-01
2809	3.639467e-01	4.932652e-01	2.619490e-02	3.274363e-02	1.715238e-01	8.071080e-02	5.059204e-01	4.652242e-01
5272	1.494679e-01	5.397560e-01	4.149536e-02	5.186919e-02	2.717109e-01	2.706756e-01	8.126643e-01	8.831432e-01
26959	5.488921e-01	1.215591e-01	2.126941e-02	2.658677e-02	1.392718e-01	1.378208e-01	6.296024e-01	6.800781e-01
18236	6.993653e-01	3.513204e-01	3.353919e-02	4.192398e-02	2.196141e-01	1.777672e-01	5.840630e-01	2.479937e-01
7124	6.502144e-01	9.444271e-01	2.489408e-02	3.111761e-02	1.630061e-01	1.220590e-01	2.183681e-01	5.065629e-01
9367	8.521217e-01	3.378819e-01	3.437098e-02	4.296373e-02	2.250607e-01	1.537855e-01	7.196435e-01	4.484702e-01
7857	2.144275e-01	8.723407e-01	3.603756e-02	4.504695e-02	2.359734e-01	2.305131e-01	3.310936e-01	1.927808e-01
13298	2.148265e-01	3.194287e-01	3.399851e-02	4.249814e-02	2.226217e-01	1.664424e-01	3.310940e-01	7.060442e-01
5071	8.191695e-01	5.257106e-02	3.403391e-02	4.254239e-02	2.228535e-01	1.960449e-01	5.227178e-01	3.185602e-01
7306	4.966549e-01	4.991737e-01	3.423118e-02	4.278898e-02	2.241452e-01	6.651918e-02	7.252578e-02	5.246067e-01
28366	5.864089e-01	7.366994e-01	3.189540e-02	3.986925e-02	2.088506e-01	1.837225e-01	2.954843e-01	9.779224e-01
30122	6.405467e-01	7.804171e-01	7.794019e-02	9.742524e-02	5.103512e-01	2.379691e-01	2.241432e-01	4.193696e-01
8819	2.893286e-01	5.772371e-01	3.492165e-02	4.365206e-02	2.286664e-01	9.504152e-02	7.575625e-01	9.940982e-01
29248	1.240325e-01	8.339545e-01	2.468638e-02	3.085798e-02	1.616460e-01	1.222460e-01	2.382084e-01	6.409140e-01
11746	9.361403e-01	5.778414e-01	3.978668e-02	4.973335e-02	2.605226e-01	2.465205e-01	2.470079e-02	6.704320e-02
204	4.120097e-01	3.507570e-01	5.192893e-02	6.491116e-02	3.400298e-01	3.133022e-01	1.772445e-01	9.276073e-01
25419	3.632347e-02	7.359819e-01	2.331105e-02	2.913882e-02	1.526404e-01	1.380265e-01	5.307756e-01	2.061094e-01
3528	2.258813e-01	2.083565e-01	5.300670e-02	6.625838e-02	3.470871e-01	2.284374e-01	5.507717e-01	5.675049e-01
26818	9.483351e-01	7.799014e-01	2.291379e-02	2.864224e-02	1.500391e-01	1.484217e-01	3.301507e-01	6.886923e-01
21650	9.717819e-01	8.060511e-01	2.507259e-02	3.134074e-02	1.641749e-01	1.613808e-01	1.650387e-01	9.788234e-01
13338	8.437579e-01	8.203158e-01	2.558696e-02	3.198370e-02	1.675430e-01	1.613431e-01	2.755034e-01	7.043064e-01
17606	2.491715e-01	6.265798e-01	3.428061e-02	4.285076e-02	2.244689e-01	1.855340e-01	7.501381e-01	1.558028e-01
6400	8.739137e-01	9.198939e-01	5.565789e-02	6.957236e-02	3.644470e-01	2.386197e-01	3.765380e-02	3.886927e-01
30897	9.425145e-02	7.704824e-01	5.039755e-02	6.299693e-02	3.300023e-01	3.136486e-01	4.147431e-01	7.056321e-01
3160	4.995501e-01	2.606994e-01	2.536123e-02	3.170153e-02	1.660649e-01	1.488002e-01	8.775072e-01	7.337125e-01
12941	6.850544e-01	4.694159e-01	2.515036e-02	3.143795e-02	1.646841e-01	1.454231e-01	7.077657e-01	5.352654e-01
27042	7.493272e-01	1.532062e-01	5.419560e-02	6.774450e-02	3.548720e-01	3.030171e-01	6.085062e-01	6.820188e-01
4198	1.704142e-01	1.792137e-01	2.569071e-02	3.211339e-02	1.682224e-01	7.251380e-02	4.648402e-01	1.716713e-01
6453	8.083764e-01	9.978955e-02	2.510607e-02	3.138259e-02	1.643942e-01	1.315271e-01	8.271651e-01	2.289049e-01
22985	9.458800e-01	9.953371e-02	2.824884e-02	3.531105e-02	1.849730e-01	1.832044e-01	4.818002e-01	1.143141e-01
24142	3.260230e-01	6.183118e-01	3.018108e-02	3.772635e-02	1.976253e-01	1.705083e-01	4.719322e-02	6.096662e-01
18021	6.579897e-01	1.461390e-01	2.852746e-02	3.565932e-02	1.867973e-01	1.860712e-01	5.165781e-01	7.511413e-01
20958	7.176340e-01	8.454645e-01	7.613887e-02	9.517359e-02	4.985562e-01	4.283053e-01	9.992329e-01	5.432254e-01
17059	6.346565e-01	5.376297e-01	7.187326e-02	8.984158e-02	4.706250e-01	4.582333e-01	9.538388e-01	5.070542e-01
15002	8.079370e-01	4.110618e-01	2.223282e-02	2.779103e-02	1.455802e-01	9.319449e-02	4.886683e-01	6.760106e-01
30012	5.465126e-01	8.650771e-01	2.720901e-02	3.401127e-02	1.781642e-01	1.014592e-01	9.519104e-01	2.882617e-01
4779	8.866704e-01	6.112881e-01	2.718224e-02	3.397780e-02	1.779889e-01	7.678739e-02	9.556313e-01	4.128918e-01
29557	3.710069e-01	4.036182e-02	3.528293e-02	4.410366e-02	2.310320e-01	2.299804e-01	9.009095e-01	9.887145e-01
14880	5.517660e-01	9.249773e-01	3.262953e-02	4.078691e-02	2.136577e-01	2.127542e-01	8.776813e-01	5.330736e-01
3063	1.505725e-01	3.971784e-01	6.914877e-02	8.643596e-02	4.527850e-01	4.278571e-01	2.712370e-01	5.673576e-01
27651	3.888824e-01	7.508319e-01	3.822308e-02	4.777885e-02	2.502841e-01	9.598618e-02	2.455540e-01	5.145704e-01
5660	2.592994e-01	3.592514e-01	2.142975e-02	2.678719e-02	1.403217e-01	8.231380e-02	7.594461e-01	7.693746e-01
14234	4.189173e-01	4.720290e-01	3.291760e-02	4.114700e-02	2.155439e-01	2.013245e-01	2.416768e-01	1.711477e-01
30163	4.790140e-01	7.362817e-01	5.561292e-02	6.951615e-02	3.641525e-01	3.494864e-01	4.303475e-01	7.057374e-01
6302	5.515734e-01	2.463889e-01	2.291701e-02	2.864626e-02	1.500602e-01	7.087193e-02	2.597077e-01	8.397739e-01
8542	1.512357e-01	6.639239e-02	2.682266e-02	3.352832e-02	1.756344e-01	5.791531e-02	8.812400e-01	5.489518e-01
1949	2.621226e-01	9.213725e-01	2.695587e-02	3.369484e-02	1.765066e-01	9.478614e-02	9.789608e-01	1.386999e-01
24389	8.742999e-01	4.868925e-01	4.203820e-02	5.254775e-02	2.752655e-01	2.418369e-01	2.230640e-01	7.767785e-01
6988	5.056530e-01	4.550953e-01	2.213620e-02	2.767025e-02	1.449475e-01	1.428476e-01	2.913519e-01	7.914936e-01
21166	5.692919e-01	8.321288e-01	2.377312e-02	2.971640e-02	1.556660e-01	1.339806e-01	2.178022e-01	7.059715e-01
31521	2.919803e-01	6.676650e-01	2.174060e-02	2.717575e-02	1.423571e-01	1.338675e-01	4.713212e-01	9.882774e-01
12493	5.356279e-01	3.436132e-01	2.940863e-02	3.676079e-02	1.925673e-01	6.647197e-02	4.210602e-02	8.882199e-01
29380	1.309719e-01	3.149134e-01	3.696222e-02	4.620278e-02	2.420281e-01	2.236875e-01	6.974337e-01	5.859325e-01
22299	2.976618e-01	2.529752e-01	2.389133e-02	2.986417e-02	1.564401e-01	1.434400e-01	9.671169e-02	5.445966e-01
32528	4.279213e-01	7.816033e-01	4.175346e-02	5.219182e-02	2.734010e-01	2.671189e-01	6.038144e-01	1.479283e-01
23991	9.296246e-02	4.423518e-02	2.646988e-02	3.308735e-02	1.733244e-01	4.947069e-02	8.849277e-02	2.446467e-02
29943	9.226696e-01	2.279261e-01	2.571234e-02	3.214042e-02	1.683640e-01	1.005246e-01	5.270301e-01	4.944781e-01
13752	2.765450e-01	2.170878e-01	2.184866e-02	2.731082e-02	1.430647e-01	1.388755e-01	8.559185e-01	9.037164e-01
