7831	7.010379e-01	4.404597e-01	2.757896e-02	3.447369e-02	1.805866e-01	1.794711e-01	5.159660e-01	3.689795e-01
694	8.874379e-01	2.653746e-01	2.054433e-02	2.568041e-02	1.345240e-01	8.963690e-02	4.288230e-01	5.754354e-01
10059	4.981560e-01	9.160548e-01	4.607766e-02	5.759707e-02	3.017158e-01	1.919873e-01	4.011929e-01	5.985492e-01
64	5.454308e-02	1.243441e-01	2.409170e-02	3.011463e-02	1.577521e-01	1.261202e-01	9.265141e-01	2.304994e-01
4248	5.961457e-01	8.039419e-01	2.531252e-02	3.164064e-02	1.657460e-01	1.201340e-01	4.927301e-01	8.898912e-01
12949	9.169401e-01	6.432581e-02	2.097692e-02	2.622116e-02	1.373566e-01	1.270720e-01	4.741818e-01	2.657340e-01
28350	1.601160e-01	2.311734e-01	2.537992e-02	3.172490e-02	1.661873e-01	1.594035e-01	6.905270e-01	9.833272e-01
11406	1.368462e-01	4.886284e-01	2.791106e-02	3.488882e-02	1.827612e-01	1.768682e-01	4.812754e-02	9.248034e-01
20564	1.174833e-01	3.735120e-01	7.650265e-02	9.562831e-02	5.009381e-01	2.220934e-01	3.383720e-01	2.591147e-01
24243	7.589823e-01	2.826744e-01	3.285298e-02	4.106623e-02	2.151208e-01	7.573573e-02	2.441982e-01	3.697707e-01
28532	7.433881e-01	6.289416e-01	5.663100e-02	7.078876e-02	3.708189e-01	2.526237e-01	2.154860e-01	9.302377e-02
23199	7.727052e-01	9.094598e-01	4.704745e-02	5.880931e-02	3.080660e-01	2.871991e-01	8.903386e-01	3.982814e-01
827	4.801266e-01	4.496065e-01	6.578807e-02	8.223509e-02	4.307793e-01	4.006906e-01	7.579465e-01	1.227255e-01
26389	1.257546e-01	6.469284e-01	4.140095e-02	5.175119e-02	2.710928e-01	1.214224e-01	7.111965e-01	6.235187e-01
4131	9.363104e-01	6.554454e-01	2.114682e-02	2.643353e-02	1.384690e-01	6.853413e-02	6.747672e-01	6.924868e-01
21316	2.415849e-01	9.094069e-01	5.085914e-02	6.357393e-02	3.330249e-01	2.564355e-01	7.980638e-01	9.277051e-01
27838	7.965444e-01	3.557627e-01	3.834235e-02	4.792794e-02	2.510651e-01	1.652673e-01	3.266656e-01	4.747503e-01
24948	9.256497e-01	5.468696e-01	3.093520e-02	3.866899e-02	2.025632e-01	1.097426e-01	2.334480e-01	4.103952e-01
25871	8.718661e-01	9.132914e-01	3.403529e-02	4.254411e-02	2.228625e-01	1.026949e-01	5.575074e-01	1.154222e-01
19202	6.456236e-01	3.507175e-01	4.159168e-02	5.198960e-02	2.723417e-01	2.678635e-01	2.245759e-01	5.124898e-01
2314	2.394221e-01	5.077031e-01	5.529465e-02	6.911832e-02	3.620685e-01	1.771935e-01	3.840064e-01	4.649746e-02
2050	3.299653e-01	7.569579e-01	3.897607e-02	4.872009e-02	2.552147e-01	2.093454e-01	9.064391e-01	4.545438e-01
24882	3.149469e-01	9.524757e-01	2.730539e-02	3.413173e-02	1.787952e-01	7.476953e-02	6.917285e-01	4.342020e-01
16811	4.721563e-01	7.570894e-01	3.776716e-02	4.720895e-02	2.472988e-01	1.112275e-01	6.565922e-01	9.458934e-01
10401	7.040555e-01	8.820034e-01	6.808699e-02	8.510874e-02	4.458326e-01	3.657720e-01	7.620515e-01	4.759674e-01
23385	4.810852e-01	2.809520e-01	2.194881e-02	2.743601e-02	1.437204e-01	1.012286e-01	6.287381e-01	4.491006e-01
31508	6.079539e-02	2.498138e-01	2.668268e-02	3.335335e-02	1.747178e-01	1.107036e-01	7.192260e-01	8.980704e-01
6304	5.932376e-01	7.084207e-01	3.456777e-02	4.320971e-02	2.263492e-01	2.121530e-01	2.122980e-01	6.626285e-01
1841	9.265349e-01	4.466532e-01	3.803438e-02	4.754297e-02	2.490485e-01	1.750838e-01	2.176170e-01	8.233788e-01
5124	5.892748e-01	5.003547e-01	2.953540e-02	3.691925e-02	1.933973e-01	1.794655e-01	3.601439e-01	2.864931e-01
15385	5.193878e-01	2.948698e-01	4.436956e-02	5.546196e-02	2.905312e-01	1.785658e-01	1.914160e-01	7.149256e-01
3298	3.819424e-01	5.187386e-01	5.792124e-02	7.240155e-02	3.792674e-01	3.744882e-01	2.536978e-01	9.739788e-01
28563	5.517624e-01	9.594370e-01	2.810748e-02	3.513435e-02	1.840473e-01	7.401401e-02	1.166040e-01	9.434062e-01
14085	1.232419e-01	7.012357e-01	4.146751e-02	5.183439e-02	2.715286e-01	2.709318e-01	5.343971e-01	5.351376e-01
23270	9.241685e-01	8.419739e-01	2.468693e-02	3.085867e-02	1.616497e-01	6.412817e-02	5.623620e-01	1.421819e-01
28632	8.866049e-01	7.157144e-01	2.089780e-02	2.612226e-02	1.368385e-01	1.354240e-01	2.256882e-01	6.116174e-01
2490	4.366961e-01	8.726741e-01	3.782691e-02	4.728364e-02	2.476900e-01	2.294262e-01	1.094685e-01	9.075577e-02
21836	7.013014e-01	1.872289e-01	2.594273e-02	3.242842e-02	1.698726e-01	1.488260e-01	1.798314e-01	5.579132e-01
28143	6.288586e-01	1.365447e-01	3.707271e-02	4.634088e-02	2.427515e-01	2.019741e-01	2.970345e-01	7.971294e-01
18689	8.444230e-01	4.945114e-02	2.264634e-02	2.830793e-02	1.482879e-01	1.464647e-01	5.487535e-01	6.865771e-01
15539	2.915962e-01	6.092314e-01	4.687864e-02	5.859831e-02	3.069606e-01	1.938961e-01	5.038259e-01	1.052889e-01
21719	8.649425e-01	8.263079e-01	3.639614e-02	4.549517e-02	2.383214e-01	2.357398e-01	3.789116e-01	9.528135e-01
3762	1.750449e-01	3.632953e-01	2.086649e-02	2.608311e-02	1.366334e-01	9.168061e-02	6.841191e-01	8.180009e-01
3213	4.431314e-01	3.669811e-01	4.499109e-02	5.623886e-02	2.946010e-01	2.705747e-01	7.933984e-01	5.443994e-02
25603	4.226555e-01	3.084942e-01	3.967033e-02	4.958791e-02	2.597607e-01	1.605551e-01	5.606383e-01	6.024248e-01
27765	5.371073e-01	8.348906e-01	5.282648e-02	6.603311e-02	3.459070e-01	1.293205e-01	1.965254e-01	5.065608e-01
8602	1.511025e-01	1.573846e-01	3.752216e-02	4.690270e-02	2.456945e-01	2.293046e-01	4.075825e-01	3.930011e-01
32331	7.914970e-02	4.755235e-01	5.371717e-02	6.714646e-02	3.517392e-01	1.839697e-01	8.721797e-01	3.550172e-01
13590	4.160377e-01	7.593649e-01	5.850295e-02	7.312869e-02	3.830764e-01	2.546952e-01	1.028948e-01	6.860833e-01
2248	9.095974e-01	2.843836e-01	2.153642e-02	2.692053e-02	1.410201e-01	9.153565e-02	4.540260e-01	6.069484e-01
646	4.391753e-01	5.837989e-01	5.640910e-02	7.051137e-02	3.693659e-01	3.625062e-01	2.353105e-01	3.860267e-01
26838	8.473383e-01	7.655664e-01	2.582305e-02	3.227881e-02	1.690889e-01	5.556007e-02	6.201171e-01	5.279774e-01
26577	3.746250e-01	3.692782e-01	4.393219e-02	5.491524e-02	2.876673e-01	2.626725e-01	9.024363e-01	9.842821e-01
26116	6.765389e-01	2.723069e-01	2.935408e-02	3.669260e-02	1.922101e-01	1.903780e-01	7.789955e-01	8.907208e-02
906	5.443495e-01	2.186717e-01	6.136241e-02	7.670301e-02	4.018001e-01	1.621183e-01	4.219844e-01	5.330437e-01
30485	9.646903e-02	7.998234e-01	5.553948e-02	6.942435e-02	3.636717e-01	1.571289e-01	1.653655e-01	6.450762e-01
28282	3.552945e-01	9.002700e-02	2.059809e-02	2.574761e-02	1.348760e-01	1.307414e-01	5.276615e-01	6.514812e-01
4510	4.561000e-02	5.477601e-01	3.101872e-02	3.877340e-02	2.031101e-01	2.013868e-01	5.098643e-01	4.458005e-01
24340	7.654201e-01	1.601616e-01	2.120289e-02	2.650361e-02	1.388362e-01	1.195900e-01	8.651040e-01	8.415899e-01
31425	6.024973e-01	9.321046e-01	3.775338e-02	4.719173e-02	2.472086e-01	8.553158e-02	7.288412e-01	8.397859e-01
24664	4.790315e-02	2.081694e-01	2.778338e-02	3.472922e-02	1.819251e-01	1.590875e-01	3.571119e-01	2.561735e-01
15286	2.634963e-01	2.675983e-01	3.494745e-02	4.368431e-02	2.288354e-01	1.318805e-01	2.781556e-01	5.558746e-01
10170	8.972834e-01	6.657804e-01	2.798902e-02	3.498627e-02	1.832716e-01	1.732219e-01	7.352934e-01	6.543635e-01
16474	4.087520e-01	6.681219e-01	2.160149e-02	2.700186e-02	1.414462e-01	1.197950e-01	1.807224e-02	6.246262e-01
14998	3.853943e-01	1.277987e-01	3.011516e-02	3.764395e-02	1.971936e-01	9.294078e-02	2.681165e-02	6.818312e-01
6313	1.712620e-01	8.539623e-01	6.069949e-02	7.587436e-02	3.974593e-01	3.974374e-01	8.218029e-01	1.930112e-01
27211	8.316969e-01	6.245199e-01	6.715208e-02	8.394010e-02	4.397108e-01	4.302266e-01	7.107588e-02	9.098427e-01
27371	3.353221e-01	6.535367e-02	2.649824e-02	3.312281e-02	1.735101e-01	8.820654e-02	1.879082e-01	9.574407e-01
13309	9.539069e-01	3.217323e-01	2.595598e-02	3.244498e-02	1.699594e-01	6.013065e-02	4.860115e-01	1.733855e-01
18303	5.894029e-02	4.172505e-01	3.850745e-02	4.813432e-02	2.521462e-01	9.851815e-02	7.357290e-01	4.236094e-01
16590	1.854002e-01	5.549065e-02	2.365547e-02	2.956933e-02	1.548956e-01	1.542235e-01	7.912532e-01	6.854475e-01
7210	3.157395e-01	8.181297e-01	4.702188e-02	5.877735e-02	3.078986e-01	2.319140e-01	9.471068e-01	4.204556e-01
20510	8.243882e-01	1.002695e-01	2.387969e-02	2.984961e-02	1.563638e-01	1.275278e-01	3.902109e-01	7.110136e-01
29147	3.391668e-01	3.143856e-01	3.600008e-02	4.500010e-02	2.357280e-01	1.920097e-01	5.982903e-01	4.394318e-01
2419	2.104819e-01	1.159496e-01	6.105196e-02	7.631495e-02	3.997673e-01	3.946758e-01	1.292611e-01	9.269418e-01
16931	7.332109e-01	2.985960e-01	2.122059e-02	2.652574e-02	1.389521e-01	1.380688e-01	1.585514e-01	5.875369e-01
30482	4.100866e-01	9.467975e-01	4.338843e-02	5.423554e-02	2.841068e-01	1.777614e-01	1.766084e-02	6.900551e-01
