26910	4.301576e-01	2.850120e-01	3.096589e-02	3.870736e-02	2.027642e-01	1.902884e-01	6.136567e-01	4.128921e-01
31988	2.539987e-01	5.144631e-01	4.952468e-02	6.190585e-02	3.242868e-01	2.503699e-01	6.669821e-01	8.167153e-01
6672	4.553586e-01	2.398930e-01	3.189118e-02	3.986398e-02	2.088230e-01	1.871939e-01	9.267831e-01	6.641109e-01
23058	6.210409e-01	7.041523e-01	5.846614e-02	7.308268e-02	3.828354e-01	3.464868e-01	6.283948e-01	7.701622e-01
5880	5.434023e-01	5.397263e-01	3.746003e-02	4.682503e-02	2.452877e-01	1.807082e-01	5.493762e-01	6.132143e-01
31560	5.395073e-01	7.990621e-02	2.427800e-02	3.034749e-02	1.589719e-01	1.121911e-01	4.888203e-01	7.180314e-01
32652	5.758744e-01	6.189161e-01	3.505728e-02	4.382160e-02	2.295545e-01	1.499850e-01	8.318632e-01	4.622942e-01
3179	8.301532e-01	6.880640e-01	4.407686e-02	5.509607e-02	2.886146e-01	1.967413e-01	6.282124e-01	7.676347e-01
27957	3.632952e-01	9.442575e-01	2.058675e-02	2.573344e-02	1.348017e-01	1.051299e-01	6.339804e-01	1.599288e-01
3017	3.263940e-01	3.149834e-01	4.037731e-02	5.047164e-02	2.643900e-01	2.563295e-01	7.238256e-01	7.152881e-01
6223	9.150634e-01	7.411394e-01	6.934234e-02	8.667793e-02	4.540526e-01	3.443255e-01	6.252923e-01	2.848683e-01
5703	8.589105e-01	1.363865e-01	3.258027e-02	4.072534e-02	2.133351e-01	5.679288e-02	3.380453e-01	7.987525e-01
3528	1.913667e-01	3.176275e-01	3.936450e-02	4.920563e-02	2.577581e-01	1.544330e-01	2.787042e-01	6.790233e-01
27284	1.753615e-01	6.445742e-02	2.151043e-02	2.688804e-02	1.408499e-01	4.205500e-02	2.396762e-01	6.308556e-01
2075	1.637790e-01	1.327332e-01	2.529819e-02	3.162274e-02	1.656522e-01	6.486663e-02	1.719295e-01	1.935998e-01
2379	7.996776e-02	1.598859e-01	5.327999e-02	6.659999e-02	3.488765e-01	1.153565e-01	5.508386e-01	2.983325e-01
25736	7.366783e-01	1.985315e-01	2.799336e-02	3.499170e-02	1.833001e-01	1.165431e-01	8.051476e-01	1.590029e-01
22988	6.764043e-02	2.557458e-01	3.494018e-02	4.367523e-02	2.287878e-01	1.483196e-01	4.757025e-01	4.079366e-01
23503	1.229829e-01	7.569295e-01	2.664687e-02	3.330859e-02	1.744833e-01	1.142448e-01	8.753381e-02	9.096284e-01
29071	8.654495e-01	6.213872e-01	2.108273e-02	2.635341e-02	1.380494e-01	8.340083e-02	4.426911e-01	9.964884e-01
11323	7.551836e-01	8.157026e-01	4.575183e-02	5.718979e-02	2.995823e-01	2.918430e-01	9.512709e-01	6.483039e-01
9891	8.322154e-01	2.375021e-01	4.283226e-02	5.354033e-02	2.804650e-01	2.794770e-01	9.800318e-01	3.009287e-01
1655	4.263395e-01	9.057149e-01	6.900418e-02	8.625523e-02	4.518383e-01	4.267363e-01	3.481984e-01	1.380791e-01
4902	4.758773e-01	9.295573e-02	3.266377e-02	4.082971e-02	2.138819e-01	1.167870e-01	6.383752e-01	2.231489e-01
23867	6.602510e-01	9.607914e-01	3.009262e-02	3.761578e-02	1.970460e-01	1.588345e-01	8.523683e-01	2.916304e-02
5945	5.599988e-01	1.018995e-01	3.588603e-02	4.485754e-02	2.349812e-01	9.028809e-02	8.246268e-01	2.348876e-03
21611	7.280517e-01	6.280479e-01	2.977422e-02	3.721778e-02	1.949612e-01	8.066660e-02	6.081010e-01	4.350164e-01
7389	6.923091e-01	2.756952e-01	4.485842e-02	5.607302e-02	2.937322e-01	1.981678e-01	2.630529e-01	7.486434e-01
9088	8.591008e-01	3.702717e-01	6.071747e-02	7.589684e-02	3.975771e-01	1.812394e-01	1.088534e-01	9.980145e-01
5869	2.577030e-01	3.825212e-01	4.601927e-02	5.752408e-02	3.013334e-01	2.185526e-01	4.549894e-01	8.600017e-01
12991	8.418325e-01	4.600125e-01	2.229468e-02	2.786835e-02	1.459852e-01	1.444191e-01	4.996002e-01	2.739399e-01
26693	8.814998e-01	4.613896e-01	2.058037e-02	2.572547e-02	1.347600e-01	1.325699e-01	5.160518e-01	2.097607e-01
32430	5.385360e-01	9.694733e-01	2.775916e-02	3.469895e-02	1.817665e-01	1.126568e-01	3.891588e-01	2.863888e-03
625	5.878217e-01	7.890165e-02	2.161411e-02	2.701764e-02	1.415289e-01	1.390665e-01	3.617318e-03	4.111518e-01
26778	6.126937e-02	4.086742e-01	6.085745e-02	7.607181e-02	3.984936e-01	3.373486e-01	2.495308e-01	1.393624e-01
9780	3.551139e-01	5.493689e-01	3.439408e-02	4.299260e-02	2.252119e-01	2.220704e-01	3.618819e-03	9.897553e-01
14903	5.293951e-01	4.016372e-01	3.793814e-02	4.742268e-02	2.484184e-01	1.981820e-01	5.588614e-01	5.617834e-01
22350	6.353180e-02	7.107626e-01	5.700975e-02	7.126219e-02	3.732990e-01	2.199315e-01	8.968296e-02	7.937922e-01
16975	5.600261e-01	8.690907e-01	6.865106e-02	8.581382e-02	4.495260e-01	4.488794e-01	5.282575e-01	7.021811e-01
1872	5.559961e-01	2.100778e-01	3.665220e-02	4.581524e-02	2.399980e-01	8.854528e-02	5.284809e-01	6.945599e-01
24717	2.163710e-01	2.203782e-01	6.575380e-02	8.219225e-02	4.305549e-01	2.065029e-01	6.157113e-01	9.354911e-01
31053	6.277840e-01	2.470361e-01	2.161317e-02	2.701646e-02	1.415227e-01	1.023351e-01	6.863829e-01	1.340281e-01
25955	4.707140e-01	4.007332e-01	2.721981e-02	3.402476e-02	1.782349e-01	7.247436e-02	8.313755e-01	9.989928e-01
13633	3.545484e-01	7.733324e-01	3.722305e-02	4.652882e-02	2.437360e-01	1.524829e-01	1.381760e-02	6.153342e-01
3675	1.437094e-01	6.380722e-01	2.405487e-02	3.006859e-02	1.575109e-01	1.460429e-01	1.028515e-01	3.801654e-01
30330	3.657058e-01	1.589401e-01	4.846333e-02	6.057916e-02	3.173371e-01	2.694001e-01	3.048896e-01	6.039864e-01
29045	4.766533e-01	2.828416e-01	4.373691e-02	5.467114e-02	2.863886e-01	1.578088e-01	9.970933e-01	9.253461e-01
31601	6.899780e-01	6.497743e-01	2.271869e-02	2.839836e-02	1.487616e-01	9.441443e-02	9.384190e-02	4.946353e-01
8383	4.927612e-01	8.066143e-01	3.663857e-02	4.579821e-02	2.399088e-01	1.042896e-01	5.851728e-01	9.550682e-01
10743	2.294613e-01	3.082170e-01	3.847988e-02	4.809985e-02	2.519657e-01	2.144314e-01	5.041918e-01	2.124996e-01
29196	2.351380e-01	9.227519e-02	6.534085e-02	8.167607e-02	4.278509e-01	3.772929e-01	1.694558e-02	8.557356e-01
6556	7.157859e-01	8.859706e-01	2.489876e-02	3.112345e-02	1.630367e-01	5.363232e-02	4.936681e-01	9.238909e-01
25512	7.108352e-01	1.110858e-01	2.915938e-02	3.644922e-02	1.909352e-01	1.779882e-01	6.760788e-01	2.329146e-02
20180	9.210935e-01	2.304303e-01	3.167089e-02	3.958862e-02	2.073805e-01	1.976696e-01	3.825747e-01	6.691445e-01
15773	8.210237e-01	7.605981e-01	4.691718e-02	5.864648e-02	3.072130e-01	8.246095e-02	1.535518e-01	7.912635e-01
18040	6.707265e-01	1.555763e-01	2.533303e-02	3.166629e-02	1.658803e-01	1.325785e-01	2.345290e-01	3.385998e-01
21403	7.797204e-01	3.534547e-01	3.529006e-02	4.411258e-02	2.310788e-01	1.485979e-01	9.802109e-01	1.147715e-01
979	6.962061e-01	5.602220e-01	4.419624e-02	5.524531e-02	2.893963e-01	2.745962e-01	4.489689e-01	4.585622e-02
31281	8.212719e-01	5.946212e-01	6.849918e-02	8.562397e-02	4.485315e-01	1.183129e-01	5.551777e-01	2.757137e-01
20210	9.568042e-02	2.956612e-01	2.118401e-02	2.648001e-02	1.387126e-01	1.378442e-01	4.350718e-01	4.721928e-01
30405	7.904604e-01	2.086726e-01	2.906361e-02	3.632951e-02	1.903080e-01	1.486251e-01	2.705636e-01	6.339715e-01
4218	1.706582e-01	4.166470e-01	2.449947e-02	3.062433e-02	1.604221e-01	1.548311e-01	9.082439e-02	4.410852e-01
5735	9.694820e-01	1.407641e-01	2.093356e-02	2.616695e-02	1.370726e-01	1.012333e-01	4.793388e-01	2.085959e-01
19787	9.572411e-01	9.124121e-01	2.163657e-02	2.704571e-02	1.416759e-01	1.177796e-01	9.694070e-01	6.201562e-01
4260	1.212668e-01	1.472427e-01	2.953185e-02	3.691481e-02	1.933741e-01	1.375838e-01	5.484824e-01	8.102007e-01
17960	2.100650e-01	7.673102e-01	3.066102e-02	3.832627e-02	2.007679e-01	1.495646e-01	3.696010e-01	2.306097e-01
1251	2.104785e-01	9.362500e-01	3.300158e-02	4.125198e-02	2.160938e-01	1.103432e-01	3.746928e-01	4.559355e-01
14082	6.492219e-01	2.300931e-01	2.116867e-02	2.646084e-02	1.386121e-01	9.888468e-02	8.857666e-01	7.619800e-01
4967	3.175143e-02	1.116688e-01	3.067257e-02	3.834071e-02	2.008435e-01	6.125826e-02	3.574272e-01	3.242392e-03
26886	7.834805e-01	5.490910e-01	4.722070e-02	5.902588e-02	3.092004e-01	2.568279e-01	3.638248e-01	9.766271e-01
30205	9.388633e-01	8.203817e-01	4.359904e-02	5.449880e-02	2.854859e-01	8.608207e-02	1.843203e-01	4.642773e-01
18723	3.264207e-01	6.704844e-01	7.358314e-02	9.197893e-02	4.818213e-01	4.794992e-01	9.760996e-01	5.138346e-01
17355	7.689766e-01	4.508590e-01	6.731100e-02	8.413875e-02	4.407514e-01	2.690097e-01	4.056304e-02	7.069022e-01
4608	6.300251e-01	5.462975e-02	2.684324e-02	3.355405e-02	1.757691e-01	1.528289e-01	7.880609e-01	5.667663e-01
50	9.628451e-01	9.578427e-01	2.956219e-02	3.695274e-02	1.935728e-01	1.864905e-01	4.234583e-02	4.768783e-01
