15818	7.079822e-01	3.287745e-01	4.836195e-02	6.045243e-02	3.166733e-01	1.395956e-01	7.170713e-01	1.118745e-01
10082	8.008444e-01	2.684120e-01	3.034680e-02	3.793350e-02	1.987104e-01	1.506680e-01	3.895542e-01	3.299460e-01
25752	6.851076e-01	5.664475e-01	2.616316e-02	3.270395e-02	1.713160e-01	1.476293e-01	9.092934e-01	6.478073e-01
8301	1.532721e-01	2.856911e-01	2.744936e-02	3.431170e-02	1.797380e-01	5.332841e-02	1.837757e-01	6.922459e-01
8242	7.236451e-01	1.206986e-01	5.390932e-02	6.738665e-02	3.529974e-01	1.015993e-01	5.794238e-01	2.825721e-01
7629	4.716428e-01	8.867760e-01	3.007928e-02	3.759910e-02	1.969586e-01	8.289592e-02	8.349422e-01	2.835450e-01
31547	2.357357e-01	8.045548e-01	3.198957e-02	3.998696e-02	2.094672e-01	1.671140e-01	9.323764e-02	6.142432e-01
574	3.793095e-01	7.337335e-01	4.041435e-02	5.051793e-02	2.646325e-01	2.217332e-01	8.037670e-01	3.105088e-02
4459	5.708462e-01	2.775705e-01	4.449314e-02	5.561642e-02	2.913404e-01	2.088855e-01	9.389480e-01	5.403684e-01
25391	9.673906e-01	4.090352e-01	3.324823e-02	4.156029e-02	2.177089e-01	1.903594e-01	7.000368e-01	2.362044e-01
1789	6.169433e-01	4.923839e-01	3.551884e-02	4.439855e-02	2.325768e-01	2.287083e-01	1.249996e-01	8.843486e-01
30495	9.102812e-01	7.236007e-01	6.262507e-02	7.828134e-02	4.100680e-01	4.001939e-01	6.301420e-01	2.524967e-01
18285	1.800729e-01	8.603232e-01	4.738557e-02	5.923196e-02	3.102800e-01	3.017487e-01	3.647919e-01	8.878620e-01
27502	6.837180e-01	1.442163e-01	3.661907e-02	4.577384e-02	2.397811e-01	9.332116e-02	4.208926e-01	8.684040e-01
11800	5.978416e-02	8.603718e-01	3.828279e-02	4.785349e-02	2.506751e-01	2.401865e-01	3.822946e-01	5.470077e-01
17448	1.432704e-01	1.557118e-01	4.519839e-02	5.649799e-02	2.959584e-01	2.837185e-01	3.293297e-01	1.593174e-01
23495	8.598046e-01	4.203828e-01	3.045731e-02	3.807164e-02	1.994340e-01	6.512975e-02	7.804245e-01	4.819595e-01
11312	5.298636e-01	8.418058e-01	2.114376e-02	2.642970e-02	1.384490e-01	9.017423e-02	3.418790e-01	3.119337e-01
14813	7.970351e-01	1.400763e-01	5.419903e-02	6.774879e-02	3.548944e-01	2.997108e-01	7.750797e-01	3.962737e-01
25612	4.246384e-01	4.419434e-01	5.247685e-02	6.559606e-02	3.436176e-01	2.069999e-01	5.623975e-01	3.832191e-01
27589	7.755202e-01	6.568460e-01	6.618445e-02	8.273057e-02	4.333748e-01	4.123399e-01	3.347439e-01	7.720292e-01
6288	4.278828e-02	5.572287e-01	2.392471e-02	2.990589e-02	1.566587e-01	1.384714e-01	9.144280e-02	3.102739e-01
31405	1.515770e-01	4.678193e-01	4.820587e-02	6.025734e-02	3.156513e-01	3.078253e-01	9.028394e-02	6.332246e-01
7864	4.142492e-01	8.482261e-01	4.904288e-02	6.130360e-02	3.211320e-01	3.164504e-01	4.347773e-01	9.792348e-01
15380	3.677944e-01	1.133915e-01	2.111945e-02	2.639932e-02	1.382898e-01	1.305263e-01	3.195039e-01	9.026261e-01
27655	7.883154e-01	8.164048e-01	3.056375e-02	3.820469e-02	2.001310e-01	1.282528e-01	8.434322e-01	9.161442e-01
22716	2.760749e-01	1.989142e-01	2.664626e-02	3.330783e-02	1.744793e-01	1.637861e-01	8.190481e-01	6.547171e-01
31439	2.373121e-01	4.116796e-01	6.045866e-02	7.557333e-02	3.958824e-01	3.955389e-01	1.433149e-02	1.105301e-01
18080	5.196162e-01	7.308741e-02	4.469990e-02	5.587488e-02	2.926943e-01	1.628903e-01	1.976967e-01	9.044764e-01
24356	3.459042e-01	1.622955e-01	2.448055e-02	3.060068e-02	1.602982e-01	1.511353e-01	9.099691e-01	2.018217e-01
2063	5.796202e-02	8.430526e-02	2.136912e-02	2.671140e-02	1.399247e-01	1.350638e-01	4.562417e-01	7.888711e-01
23808	2.088794e-01	2.835806e-01	3.012094e-02	3.765117e-02	1.972314e-01	1.749482e-01	9.007849e-01	9.752731e-01
592	2.590808e-01	6.639593e-01	2.645220e-02	3.306525e-02	1.732086e-01	6.598962e-02	5.051682e-01	2.548030e-01
31512	2.309536e-01	2.392496e-01	3.810022e-02	4.762527e-02	2.494796e-01	2.354071e-01	9.947358e-01	9.745037e-01
20528	5.254580e-01	1.781833e-01	2.283772e-02	2.854715e-02	1.495411e-01	1.486515e-01	4.673774e-01	4.188334e-01
9011	6.348173e-02	2.688664e-01	2.696018e-02	3.370023e-02	1.765349e-01	1.748529e-01	1.213277e-01	7.726826e-01
14960	8.269188e-01	9.362118e-01	2.338273e-02	2.922841e-02	1.531097e-01	1.330589e-01	1.153810e-01	4.059321e-01
31630	8.875680e-01	7.998356e-01	2.921608e-02	3.652010e-02	1.913065e-01	1.904713e-01	1.131558e-01	8.612042e-02
166	2.057728e-01	7.447216e-01	3.492412e-02	4.365515e-02	2.286826e-01	2.196450e-01	6.346603e-01	2.413803e-01
7195	3.336176e-01	7.497825e-01	2.274441e-02	2.843051e-02	1.489300e-01	1.476564e-01	4.856727e-02	4.120591e-01
21162	9.296472e-01	5.976787e-01	2.417331e-02	3.021664e-02	1.582865e-01	1.478432e-01	9.013298e-01	8.132344e-01
28895	9.120847e-01	3.118635e-01	4.034782e-02	5.043477e-02	2.641969e-01	2.401295e-01	9.583675e-01	2.427053e-02
4268	5.468112e-01	9.363525e-01	2.232313e-02	2.790391e-02	1.461715e-01	1.345641e-01	2.174311e-01	9.598731e-01
1808	3.766539e-01	4.135233e-02	2.316747e-02	2.895933e-02	1.517002e-01	1.361260e-01	3.998035e-01	1.730359e-03
10014	8.296419e-01	9.425751e-02	2.094627e-02	2.618283e-02	1.371558e-01	1.231714e-01	8.157337e-01	1.978872e-01
17181	3.119735e-01	1.691604e-01	2.391758e-02	2.989697e-02	1.566119e-01	1.564709e-01	5.335180e-01	3.906186e-01
5040	9.154373e-01	8.157100e-01	2.083254e-02	2.604068e-02	1.364112e-01	1.347748e-01	8.780739e-01	8.595723e-01
29182	2.223349e-01	4.894176e-01	2.223564e-02	2.779455e-02	1.455986e-01	1.398299e-01	3.565578e-01	6.233752e-01
21109	1.374642e-01	6.927836e-01	2.925044e-02	3.656304e-02	1.915314e-01	1.892798e-01	8.527328e-01	4.707517e-01
31779	2.331398e-01	8.738771e-02	4.186662e-02	5.233328e-02	2.741420e-01	1.194960e-01	2.172728e-02	1.931835e-01
9091	2.753954e-01	2.704655e-01	2.785366e-02	3.481707e-02	1.823853e-01	6.128065e-02	1.408082e-01	6.514133e-01
14279	5.022032e-02	4.581591e-01	3.640518e-02	4.550647e-02	2.383805e-01	2.235663e-01	9.868858e-01	9.320326e-01
15303	1.013533e-01	1.230075e-01	2.500988e-02	3.126234e-02	1.637643e-01	1.510679e-01	6.238109e-01	8.732474e-02
8305	3.304615e-01	5.873492e-01	2.127842e-02	2.659802e-02	1.393307e-01	5.216346e-02	5.620060e-01	7.165896e-01
17473	3.453274e-01	2.491834e-01	2.417310e-02	3.021637e-02	1.582851e-01	1.520702e-01	5.119900e-01	8.283201e-02
21062	5.519116e-01	8.611598e-01	2.314954e-02	2.893692e-02	1.515828e-01	1.457122e-01	6.277524e-01	1.969426e-01
25077	3.223354e-01	8.925171e-02	2.575107e-02	3.218884e-02	1.686176e-01	1.389089e-01	9.493133e-01	5.715951e-01
10747	4.967860e-01	1.141826e-01	3.366347e-02	4.207934e-02	2.204279e-01	1.691467e-01	5.628618e-01	4.076493e-01
3149	5.067890e-01	9.338828e-01	4.137959e-02	5.172448e-02	2.709529e-01	9.600811e-02	2.177393e-01	2.525875e-01
20222	5.691378e-01	6.741978e-01	2.121078e-02	2.651347e-02	1.388878e-01	1.388865e-01	2.348078e-01	6.338247e-01
3860	7.917694e-02	3.713076e-01	3.450559e-02	4.313198e-02	2.259420e-01	2.064853e-01	1.147783e-01	3.583843e-01
27617	6.104694e-01	3.507097e-01	3.380067e-02	4.225083e-02	2.213262e-01	2.123196e-01	7.300587e-01	1.658426e-01
24894	3.949190e-01	9.326821e-01	2.103642e-02	2.629553e-02	1.377462e-01	5.618736e-02	6.834577e-01	5.580057e-01
15019	9.408971e-01	2.311854e-01	2.279302e-02	2.849128e-02	1.492483e-01	1.129842e-01	2.844399e-01	7.705113e-01
9525	7.365710e-01	8.525623e-01	2.756453e-02	3.445567e-02	1.804921e-01	1.558997e-01	5.173898e-01	6.972939e-01
26708	1.229680e-01	7.695790e-01	3.778832e-02	4.723540e-02	2.474373e-01	7.081310e-02	6.965968e-01	2.263096e-01
905	7.098042e-01	4.786447e-01	5.839905e-02	7.299881e-02	3.823961e-01	2.826079e-01	5.843029e-01	3.644761e-01
15315	6.160257e-01	6.650814e-01	3.709237e-02	4.636547e-02	2.428803e-01	2.086860e-01	8.193935e-02	8.994422e-01
8671	4.255949e-01	5.078493e-01	3.876791e-02	4.845989e-02	2.538517e-01	2.260840e-01	9.777441e-01	7.037227e-01
3943	5.999570e-01	7.654225e-01	5.741011e-02	7.176264e-02	3.759205e-01	1.802307e-01	4.624196e-01	9.366106e-01
7306	1.342695e-01	2.224678e-01	2.138121e-02	2.672652e-02	1.400039e-01	7.377750e-02	6.029913e-01	2.691973e-01
24455	5.592578e-01	3.379751e-01	2.332147e-02	2.915184e-02	1.527086e-01	1.329992e-01	6.165315e-01	6.506508e-02
25742	5.460060e-01	7.509764e-01	2.233917e-02	2.792397e-02	1.462766e-01	8.112070e-02	2.286364e-01	9.549949e-01
17431	7.918710e-01	4.717846e-01	4.361121e-02	5.451401e-02	2.855655e-01	2.847181e-01	6.795837e-01	5.779129e-01
2731	7.710779e-01	3.702142e-01	5.916899e-02	7.396124e-02	3.874376e-01	1.601507e-01	8.466158e-01	5.489146e-01
2410	1.900459e-01	1.148063e-01	2.288172e-02	2.860215e-02	1.498292e-01	1.086782e-01	9.264142e-01	3.794093e-01
19828	9.256111e-01	9.456381e-01	2.603292e-02	3.254114e-02	1.704631e-01	1.638863e-01	6.959721e-01	2.030220e-03
19402	8.261904e-01	9.640841e-01	2.961803e-02	3.702254e-02	1.939384e-01	1.373037e-01	1.188211e-01	5.183697e-02
