25732	1.957403e-01	8.438253e-01	5.242214e-02	6.552767e-02	3.432594e-01	3.135338e-01	2.995788e-01	4.622689e-01
22933	7.577734e-02	9.173672e-01	2.121489e-02	2.651861e-02	1.389148e-01	5.724926e-02	8.134839e-01	5.336519e-01
10176	5.437112e-01	6.438531e-01	3.769098e-02	4.711372e-02	2.467999e-01	1.895590e-01	4.432680e-01	1.066354e-01
9194	3.958451e-01	9.666223e-01	2.259009e-02	2.823762e-02	1.479196e-01	1.185733e-01	7.721425e-01	8.754441e-01
16316	7.374900e-01	2.644099e-01	2.383603e-02	2.979503e-02	1.560779e-01	1.483914e-01	8.523976e-01	7.111298e-01
18511	7.307168e-01	4.240180e-01	3.106444e-02	3.883054e-02	2.034094e-01	1.240780e-01	7.284048e-01	5.077825e-01
20684	6.692314e-01	3.729668e-01	3.725342e-02	4.656677e-02	2.439348e-01	1.518143e-01	5.502131e-01	4.484542e-02
18445	6.756038e-01	1.380880e-01	2.309736e-02	2.887170e-02	1.512412e-01	6.036771e-02	3.721955e-01	2.032099e-01
17964	5.134587e-01	6.173602e-01	2.724476e-02	3.405595e-02	1.783983e-01	5.600517e-02	4.437915e-01	5.230663e-01
31366	4.472160e-01	2.608386e-01	5.923238e-02	7.404047e-02	3.878527e-01	2.682504e-01	4.456102e-01	7.183103e-01
23671	6.204638e-01	2.633166e-01	4.634557e-02	5.793197e-02	3.034701e-01	2.978243e-01	5.944977e-01	2.870914e-01
14122	1.380361e-01	1.600941e-01	2.140815e-02	2.676019e-02	1.401802e-01	1.341243e-01	8.107547e-01	5.647928e-01
23907	4.130178e-01	9.573540e-01	2.711523e-02	3.389403e-02	1.775501e-01	5.643526e-02	3.223658e-01	2.929581e-01
13740	7.665542e-01	1.610945e-01	3.545452e-02	4.431815e-02	2.321557e-01	2.227996e-01	9.133127e-02	8.570603e-01
32623	4.683351e-01	1.367711e-01	6.053674e-02	7.567093e-02	3.963937e-01	1.370249e-01	7.060462e-01	9.168107e-01
16196	3.035129e-01	5.096674e-01	4.279611e-02	5.349514e-02	2.802283e-01	2.075058e-01	6.948989e-01	8.104911e-01
16182	4.784525e-01	4.267601e-01	4.223191e-02	5.278989e-02	2.765339e-01	2.625898e-01	9.525868e-01	7.158841e-01
28644	1.987834e-01	3.387649e-01	4.890206e-02	6.112757e-02	3.202099e-01	1.296276e-01	8.598072e-02	8.919226e-01
25541	3.428190e-01	7.465326e-02	3.571961e-02	4.464951e-02	2.338914e-01	2.319129e-01	3.853634e-01	6.755410e-01
16399	6.039905e-01	6.717409e-01	3.785075e-02	4.731344e-02	2.478461e-01	2.418258e-01	6.073088e-01	4.692260e-01
11488	4.269144e-01	8.503721e-01	2.570264e-02	3.212830e-02	1.683005e-01	9.258307e-02	4.892269e-01	1.101013e-01
12357	2.313297e-01	7.370518e-01	2.951463e-02	3.689328e-02	1.932613e-01	1.033764e-01	5.638453e-01	7.844783e-01
7268	8.830471e-01	3.533298e-01	7.013691e-02	8.767114e-02	4.592554e-01	3.226004e-01	1.698502e-01	2.779013e-01
5716	5.218534e-01	8.980097e-01	2.434716e-02	3.043395e-02	1.594248e-01	5.739421e-02	8.072212e-01	5.358405e-01
12570	8.383767e-01	6.561569e-01	2.833732e-02	3.542165e-02	1.855523e-01	1.841575e-01	4.611825e-01	5.863129e-01
7306	7.519975e-01	3.614265e-01	2.347784e-02	2.934730e-02	1.537325e-01	1.042267e-01	4.607473e-01	4.103676e-01
29957	8.193773e-01	8.820378e-01	2.529811e-02	3.162264e-02	1.656517e-01	8.091300e-02	7.605166e-01	9.406772e-01
21197	6.929212e-02	2.460765e-01	2.355154e-02	2.943943e-02	1.542151e-01	1.530588e-01	6.748925e-01	4.753996e-01
4752	8.719656e-01	5.023645e-01	5.666012e-02	7.082515e-02	3.710096e-01	1.287675e-01	1.565288e-01	5.155346e-01
22539	7.528194e-01	6.929726e-01	4.242922e-02	5.303652e-02	2.778259e-01	2.469822e-01	2.756751e-01	9.697151e-01
15144	5.026755e-01	5.524947e-02	2.478868e-02	3.098585e-02	1.623159e-01	1.314960e-01	9.989885e-01	5.756342e-01
2414	3.180233e-01	7.460191e-01	3.335799e-02	4.169749e-02	2.184276e-01	2.180159e-01	7.857607e-01	2.499101e-01
27156	2.841445e-01	4.481938e-01	3.023831e-02	3.779789e-02	1.980000e-01	1.633952e-01	6.463637e-01	6.266969e-01
1629	4.651089e-01	6.535846e-01	7.794168e-02	9.742710e-02	5.103609e-01	4.233094e-01	2.011114e-02	4.273971e-01
21958	8.513328e-01	5.288422e-01	2.769278e-02	3.461597e-02	1.813319e-01	8.592073e-02	4.194800e-01	5.920119e-01
31462	8.271795e-01	7.153887e-01	6.050547e-02	7.563183e-02	3.961888e-01	1.326144e-01	9.829663e-02	5.936712e-01
5684	2.556628e-01	7.985557e-01	3.981994e-02	4.977492e-02	2.607403e-01	2.583699e-01	3.014770e-01	8.995830e-01
19518	6.554213e-01	4.323340e-01	2.387300e-02	2.984125e-02	1.563201e-01	1.024025e-01	4.675019e-02	6.821068e-01
9993	1.339244e-01	5.963441e-01	3.209517e-02	4.011896e-02	2.101587e-01	6.385894e-02	8.886610e-01	5.171040e-01
27244	7.224886e-01	1.162499e-01	3.225469e-02	4.031836e-02	2.112032e-01	2.079263e-01	4.718185e-01	4.164994e-01
15906	2.886272e-01	6.555079e-01	6.398333e-02	7.997917e-02	4.189619e-01	1.181005e-01	9.237222e-01	8.247674e-01
27345	3.704465e-01	7.708958e-01	2.564069e-02	3.205086e-02	1.678948e-01	8.884910e-02	6.345051e-01	9.795492e-01
31807	1.091928e-01	5.173040e-01	7.631818e-02	9.539773e-02	4.997303e-01	4.806386e-01	7.590554e-01	5.169999e-01
1063	4.399834e-01	7.725878e-01	7.124062e-02	8.905078e-02	4.664825e-01	3.123959e-01	6.887402e-01	4.274362e-01
8166	3.590774e-01	8.802303e-01	2.066013e-02	2.582516e-02	1.352822e-01	1.345475e-01	5.389615e-01	7.080057e-02
29476	1.930631e-01	4.830766e-01	2.268131e-02	2.835164e-02	1.485169e-01	5.981895e-02	2.773130e-01	8.429418e-01
31657	6.843485e-01	2.677589e-01	2.557857e-02	3.197321e-02	1.674881e-01	1.469803e-01	2.346408e-01	2.595542e-01
21344	2.814753e-01	9.323430e-01	5.876779e-02	7.345974e-02	3.848106e-01	3.656726e-01	9.385347e-02	3.083586e-01
23577	8.554388e-01	1.425539e-01	4.831863e-02	6.039829e-02	3.163896e-01	2.497377e-01	5.951954e-01	6.655873e-01
22793	4.906912e-01	8.427011e-01	2.102891e-02	2.628614e-02	1.376970e-01	7.695817e-02	9.155523e-01	6.242590e-01
9940	5.157111e-01	4.727236e-01	3.961948e-02	4.952434e-02	2.594277e-01	2.005236e-01	1.267851e-01	5.308299e-01
1110	8.935995e-02	7.434739e-01	2.448667e-02	3.060834e-02	1.603383e-01	1.321839e-01	6.635280e-01	7.398891e-01
449	6.201696e-01	1.065681e-01	4.376247e-02	5.470308e-02	2.865560e-01	1.061994e-01	9.317584e-01	7.923480e-01
21417	9.404904e-02	1.723878e-01	2.626310e-02	3.282888e-02	1.719704e-01	1.714704e-01	2.116827e-01	7.594627e-01
14513	7.761754e-01	5.099637e-01	5.767316e-02	7.209146e-02	3.776430e-01	3.605400e-01	5.050470e-01	4.714592e-01
24896	8.301071e-01	4.142071e-01	2.855081e-02	3.568851e-02	1.869502e-01	1.658570e-01	5.358893e-01	4.088018e-01
29244	5.985556e-01	9.490801e-01	3.350190e-02	4.187738e-02	2.193700e-01	2.186800e-01	5.803878e-01	7.399028e-02
27863	5.743462e-01	4.512245e-01	5.536247e-02	6.920309e-02	3.625126e-01	1.931055e-01	8.684239e-01	6.810027e-01
1601	5.422446e-01	3.061475e-01	6.394404e-02	7.993005e-02	4.187046e-01	4.048592e-01	3.185910e-01	6.912066e-01
20333	3.627978e-01	4.035357e-01	2.194651e-02	2.743314e-02	1.437054e-01	1.431119e-01	8.014832e-01	6.270725e-01
2672	6.579282e-01	1.026901e-01	2.202572e-02	2.753215e-02	1.442241e-01	1.440219e-01	4.344069e-01	9.657095e-02
30820	2.145143e-01	5.975732e-01	3.327548e-02	4.159435e-02	2.178873e-01	9.803631e-02	2.540219e-01	8.076628e-01
28917	1.701222e-01	7.370162e-01	4.059207e-02	5.074009e-02	2.657963e-01	8.420647e-02	4.408624e-04	7.237561e-01
16566	7.489062e-01	3.124232e-01	3.466720e-02	4.333400e-02	2.270003e-01	2.057357e-01	4.886607e-01	5.225202e-01
25546	1.487186e-01	7.946430e-01	3.676122e-02	4.595153e-02	2.407119e-01	7.263775e-02	4.695113e-01	4.573468e-01
21611	9.290163e-01	6.409958e-01	5.951107e-02	7.438884e-02	3.896776e-01	3.890613e-01	7.004766e-01	5.497722e-01
14669	3.781511e-01	3.136126e-01	4.896997e-02	6.121247e-02	3.206546e-01	2.736121e-01	8.601696e-01	1.534754e-01
4393	5.633271e-01	7.710461e-01	4.186193e-02	5.232742e-02	2.741113e-01	1.703792e-01	5.415483e-01	7.952582e-01
27394	1.343368e-01	3.360111e-01	2.203928e-02	2.754910e-02	1.443129e-01	8.346103e-02	4.584894e-01	1.426143e-01
13572	2.606210e-01	3.298488e-01	3.107285e-02	3.884106e-02	2.034645e-01	1.103112e-01	6.330851e-01	7.517123e-01
5232	3.484565e-02	6.153924e-01	2.426189e-02	3.032736e-02	1.588665e-01	7.533073e-02	5.924467e-01	4.021951e-01
26113	7.137086e-01	5.369929e-01	2.678586e-02	3.348232e-02	1.753934e-01	1.523308e-01	3.561958e-01	6.406241e-01
5778	8.923283e-01	8.896905e-01	3.646642e-02	4.558302e-02	2.387815e-01	1.084591e-01	4.067623e-01	4.163648e-01
11516	3.733576e-01	9.930608e-02	2.096930e-02	2.621162e-02	1.373066e-01	1.372542e-01	6.397999e-01	4.460765e-02
