31062	3.091599e-01	3.017319e-01	4.821005e-02	6.026256e-02	3.156787e-01	9.017124e-02	1.883703e-01	2.543578e-01
12848	5.300381e-01	8.087894e-02	2.118966e-02	2.648708e-02	1.387496e-01	1.379298e-01	2.344850e-01	1.001431e-01
5880	3.915097e-01	9.328163e-01	2.339000e-02	2.923751e-02	1.531574e-01	1.388551e-01	9.569716e-01	5.325805e-01
21221	2.807330e-01	4.422311e-01	2.329642e-02	2.912053e-02	1.525446e-01	1.498265e-01	2.329433e-01	8.239210e-01
13129	7.995977e-01	1.715774e-01	4.506451e-02	5.633063e-02	2.950817e-01	2.258768e-01	6.745848e-02	2.489831e-01
4607	7.387560e-01	7.508782e-01	4.054831e-02	5.068539e-02	2.655097e-01	2.557697e-01	7.801798e-01	4.848210e-01
7352	4.529675e-01	9.038277e-01	7.577868e-02	9.472335e-02	4.961976e-01	4.439437e-01	3.755806e-02	9.766232e-01
18860	8.129858e-01	3.362336e-01	4.442348e-02	5.552935e-02	2.908842e-01	1.385704e-01	7.749639e-01	1.622491e-01
30599	5.165718e-02	4.021599e-01	2.942941e-02	3.678677e-02	1.927033e-01	1.116357e-01	2.279648e-01	2.263155e-01
19132	5.458451e-01	8.305454e-01	2.289069e-02	2.861336e-02	1.498879e-01	7.371967e-02	4.016057e-01	8.369226e-01
4324	8.548160e-01	6.786099e-01	2.946405e-02	3.683006e-02	1.929301e-01	9.308685e-02	7.070069e-01	4.823852e-01
16519	9.204780e-01	8.011008e-01	4.365196e-02	5.456495e-02	2.858324e-01	1.948851e-01	2.492212e-01	5.233081e-01
23564	8.964842e-01	2.206794e-01	2.574843e-02	3.218553e-02	1.686003e-01	1.686000e-01	8.181899e-01	9.980313e-01
9432	9.536709e-01	8.524439e-01	3.234072e-02	4.042590e-02	2.117665e-01	7.596706e-02	2.733374e-01	2.171991e-04
21389	6.431988e-01	7.174737e-01	4.628855e-02	5.786069e-02	3.030967e-01	1.515105e-01	6.197598e-01	8.285032e-01
19333	9.564311e-01	9.215138e-01	2.452967e-02	3.066209e-02	1.606199e-01	6.684164e-02	6.601083e-01	2.666347e-01
17614	6.557414e-02	8.752349e-01	3.136895e-02	3.921119e-02	2.054034e-01	1.546204e-01	5.765368e-01	8.923061e-01
821	6.370782e-02	9.479991e-01	2.093846e-02	2.617307e-02	1.371047e-01	1.368353e-01	8.692350e-01	6.056306e-01
9141	7.315518e-01	4.689602e-01	3.256163e-02	4.070203e-02	2.132130e-01	8.036346e-02	3.600968e-01	3.554413e-01
22136	1.167904e-01	7.142362e-01	4.036098e-02	5.045122e-02	2.642831e-01	2.523673e-01	9.985257e-01	9.444036e-01
19216	9.640670e-01	4.133917e-01	2.528840e-02	3.161050e-02	1.655881e-01	7.258127e-02	2.788431e-01	7.985255e-01
8385	3.377763e-01	5.208205e-01	2.153397e-02	2.691746e-02	1.410041e-01	1.397671e-01	2.522534e-01	9.646571e-01
2	2.167415e-01	2.027831e-01	6.678412e-02	8.348015e-02	4.373014e-01	3.449278e-01	4.913351e-02	4.598429e-01
9021	1.852008e-01	9.807378e-02	4.587279e-02	5.734099e-02	3.003743e-01	2.788100e-01	7.846172e-01	5.515625e-01
13906	6.223772e-01	4.005843e-01	2.098381e-02	2.622976e-02	1.374016e-01	6.683046e-02	6.881210e-01	1.366566e-01
7392	4.737281e-01	6.903654e-01	6.729163e-02	8.411454e-02	4.406246e-01	2.612674e-01	4.550645e-01	5.136293e-01
5332	2.233773e-01	4.708933e-01	3.042604e-02	3.803255e-02	1.992293e-01	1.796536e-01	5.009360e-02	9.071955e-01
16247	1.304189e-01	6.135754e-01	3.504835e-02	4.381044e-02	2.294961e-01	1.348012e-01	8.203253e-01	2.330646e-01
20872	9.506134e-01	6.598471e-01	3.001993e-02	3.752492e-02	1.965701e-01	1.936889e-01	5.149438e-01	3.139322e-01
11286	6.474824e-01	6.265813e-01	6.130341e-02	7.662927e-02	4.014138e-01	3.850595e-01	4.816409e-01	1.258439e-01
25121	6.039609e-01	1.368367e-01	4.458839e-02	5.573549e-02	2.919641e-01	1.857748e-01	5.376021e-01	5.125610e-01
663	3.030504e-01	6.942362e-01	2.797239e-02	3.496549e-02	1.831628e-01	1.639487e-01	9.753298e-01	8.066356e-01
9354	2.105310e-01	7.757781e-01	5.210138e-02	6.512673e-02	3.411591e-01	1.126122e-01	1.511359e-01	5.171129e-01
28294	2.436166e-01	5.500507e-01	2.353587e-02	2.941983e-02	1.541125e-01	1.201390e-01	7.447522e-01	1.999328e-01
18332	2.504626e-01	3.944652e-01	3.614920e-02	4.518650e-02	2.367044e-01	2.359429e-01	7.197042e-01	1.049886e-01
2227	9.574621e-01	3.055253e-01	3.886071e-02	4.857589e-02	2.544593e-01	2.528672e-01	9.080527e-02	2.113826e-01
15588	3.096398e-01	4.304011e-01	2.507372e-02	3.134215e-02	1.641823e-01	1.626274e-01	8.232950e-01	5.634802e-01
5797	7.430073e-01	2.882304e-01	4.090943e-02	5.113679e-02	2.678743e-01	2.677081e-01	9.122979e-01	4.620494e-01
7677	8.117796e-01	4.392349e-01	3.257158e-02	4.071448e-02	2.132782e-01	5.918750e-02	9.664998e-01	6.067384e-01
19078	2.732422e-01	7.545009e-01	2.179845e-02	2.724806e-02	1.427359e-01	4.095230e-02	5.809292e-01	7.551986e-01
10303	6.426265e-01	4.509665e-01	4.529505e-02	5.661881e-02	2.965913e-01	2.246709e-01	1.861005e-01	4.362770e-01
1983	5.510075e-01	9.261035e-01	3.489447e-02	4.361808e-02	2.284884e-01	1.051518e-01	5.736703e-01	2.189201e-01
11169	3.733857e-01	2.652075e-01	4.175148e-02	5.218935e-02	2.733880e-01	2.726554e-01	2.857337e-01	1.214599e-01
22669	8.487179e-01	7.488792e-01	2.308035e-02	2.885044e-02	1.511298e-01	7.902956e-02	6.429788e-02	6.299017e-01
7761	3.635525e-01	4.923868e-01	2.912904e-02	3.641129e-02	1.907365e-01	1.855060e-01	7.117360e-01	2.437585e-01
27691	5.803375e-01	9.541688e-01	3.261398e-02	4.076748e-02	2.135559e-01	2.115567e-01	2.590045e-01	7.537694e-01
14962	1.439625e-01	2.562795e-01	6.930943e-02	8.663678e-02	4.538371e-01	4.503920e-01	4.696549e-01	5.924840e-01
16575	4.683520e-01	7.991275e-01	2.282041e-02	2.852551e-02	1.494277e-01	1.351448e-01	7.890980e-01	8.944694e-01
19365	8.017397e-01	7.955533e-01	4.083156e-02	5.103945e-02	2.673644e-01	1.123957e-01	8.657492e-01	6.122969e-02
27129	2.151966e-01	8.144288e-01	3.659731e-02	4.574664e-02	2.396386e-01	7.271691e-02	3.778610e-01	1.473862e-01
499	1.770924e-01	5.566591e-01	4.121722e-02	5.152152e-02	2.698897e-01	1.900515e-01	4.116852e-01	9.025312e-01
16060	2.659447e-01	9.098410e-01	2.227928e-02	2.784911e-02	1.458844e-01	9.459383e-02	3.203139e-01	9.016531e-01
19446	3.360125e-01	1.928011e-01	5.304883e-02	6.631104e-02	3.473629e-01	1.691908e-01	6.595758e-01	4.175928e-01
11452	6.415655e-01	8.507142e-01	2.518908e-02	3.148634e-02	1.649377e-01	1.581119e-01	5.010771e-01	8.225534e-01
8549	8.805442e-01	4.816690e-01	5.523059e-02	6.903824e-02	3.616490e-01	2.556099e-01	6.329110e-01	3.196561e-01
1735	5.451601e-02	7.521367e-01	3.028153e-02	3.785191e-02	1.982830e-01	1.694346e-01	9.460629e-03	7.307917e-01
26449	9.438308e-01	5.690676e-01	2.127989e-02	2.659986e-02	1.393404e-01	9.027866e-02	5.467886e-01	7.412434e-01
20542	9.699892e-01	8.229965e-01	2.661242e-02	3.326552e-02	1.742577e-01	5.735533e-02	5.473417e-01	3.773880e-01
7547	8.505015e-01	2.946854e-01	2.178088e-02	2.722610e-02	1.426208e-01	1.424119e-01	9.893133e-01	5.599119e-01
28373	9.145984e-01	2.921077e-01	2.644460e-02	3.305575e-02	1.731588e-01	1.729146e-01	3.177451e-01	4.016397e-01
11369	4.504447e-01	8.859129e-02	5.798040e-02	7.247550e-02	3.796547e-01	2.738614e-01	9.506773e-02	6.785953e-01
8635	1.066075e-01	9.382785e-01	3.290896e-02	4.113621e-02	2.154874e-01	1.195757e-01	4.458434e-01	6.797199e-01
2437	3.880950e-01	8.525761e-01	2.588316e-02	3.235395e-02	1.694826e-01	1.451838e-01	4.553731e-01	2.395941e-01
30639	2.412700e-01	8.918193e-01	2.258964e-02	2.823705e-02	1.479166e-01	1.394364e-01	9.348384e-01	4.975082e-01
7933	2.903764e-01	9.404903e-01	3.527240e-02	4.409050e-02	2.309631e-01	1.409881e-01	7.211681e-01	6.563668e-01
5478	2.269556e-01	6.046600e-01	2.347738e-02	2.934673e-02	1.537295e-01	1.421452e-01	6.638653e-01	7.120505e-01
32473	6.992741e-01	2.776012e-02	2.143086e-02	2.678857e-02	1.403289e-01	1.156782e-01	4.264169e-01	8.698191e-01
32295	8.299186e-02	6.269508e-01	3.854799e-02	4.818498e-02	2.524116e-01	2.523981e-01	1.095297e-01	1.767049e-01
22609	8.690441e-01	8.393590e-01	3.296640e-02	4.120800e-02	2.158635e-01	2.097054e-01	7.985933e-01	5.891153e-01
17550	9.513214e-01	8.842291e-01	2.230437e-02	2.788046e-02	1.460486e-01	9.154760e-02	9.728614e-01	8.494245e-01
19256	7.546997e-01	6.434057e-01	3.891657e-02	4.864572e-02	2.548251e-01	2.542040e-01	1.374286e-01	7.453612e-01
24766	9.372122e-01	4.252561e-01	3.207857e-02	4.009822e-02	2.100500e-01	1.608915e-01	7.297239e-01	2.879832e-01
22610	6.504777e-01	1.951844e-01	3.180203e-02	3.975254e-02	2.082392e-01	1.738009e-01	4.091414e-01	5.509187e-01
7057	1.027519e-01	7.830430e-01	2.797896e-02	3.497369e-02	1.832058e-01	1.250834e-01	8.396314e-01	4.581848e-02
24957	3.948748e-01	2.982905e-01	2.096882e-02	2.621102e-02	1.373035e-01	4.818511e-02	4.727153e-01	7.394954e-01
30060	4.709083e-01	6.093813e-01	3.029023e-02	3.786279e-02	1.983400e-01	1.719303e-01	7.439115e-01	2.800033e-01
28099	5.906589e-01	8.547391e-01	7.784937e-02	9.731172e-02	5.097565e-01	1.524267e-01	5.991470e-01	6.257427e-01
22242	3.463449e-01	1.107335e-01	2.958446e-02	3.698058e-02	1.937186e-01	1.249740e-01	4.385301e-01	9.322157e-02
26684	5.571484e-01	3.045742e-01	4.754324e-02	5.942905e-02	3.113124e-01	1.993970e-01	3.533742e-01	9.387919e-01
