5925	2.351292e-01	7.247366e-01	2.520422e-02	3.150528e-02	1.650369e-01	1.080609e-01	1.756171e-01	1.362078e-01
44	4.282406e-01	2.352294e-01	4.204527e-02	5.255659e-02	2.753118e-01	2.522116e-01	1.436035e-02	7.452893e-01
7682	3.965358e-01	7.772413e-01	3.444976e-02	4.306220e-02	2.255765e-01	1.554620e-01	9.069384e-01	3.228724e-01
12637	1.201154e-01	1.369767e-01	6.268504e-02	7.835630e-02	4.104607e-01	3.645955e-01	1.372437e-01	4.251159e-01
10953	4.824592e-01	4.219861e-01	6.167417e-02	7.709271e-02	4.038415e-01	4.027193e-01	7.073319e-01	5.071947e-01
13544	1.101029e-01	2.468630e-01	3.053691e-02	3.817114e-02	1.999552e-01	1.029662e-01	4.215960e-01	7.712022e-01
13561	4.230822e-01	3.314746e-01	2.353452e-02	2.941814e-02	1.541036e-01	1.429095e-01	1.853441e-01	2.079797e-01
17663	8.152885e-01	5.543975e-01	2.113231e-02	2.641539e-02	1.383740e-01	8.832276e-02	5.726121e-01	8.232136e-01
25291	6.613419e-01	9.532372e-01	2.277303e-02	2.846629e-02	1.491175e-01	1.335129e-01	6.513833e-02	2.284517e-01
7237	7.020337e-01	3.919160e-01	2.080311e-02	2.600389e-02	1.362184e-01	4.385590e-02	4.539477e-01	6.553421e-01
19812	4.826452e-01	2.153021e-01	5.794555e-02	7.243193e-02	3.794265e-01	1.128642e-01	5.838668e-02	8.640694e-01
29610	5.676675e-01	3.105354e-01	2.103801e-02	2.629752e-02	1.377566e-01	8.985190e-02	4.505261e-01	6.966261e-01
3207	2.866482e-01	8.978962e-01	3.572631e-02	4.465789e-02	2.339353e-01	1.592842e-01	3.245533e-01	3.781969e-01
9824	3.872706e-01	5.838256e-01	2.366435e-02	2.958043e-02	1.549538e-01	5.112071e-02	2.174164e-01	2.914206e-01
12823	2.832511e-01	3.334316e-01	2.562489e-02	3.203111e-02	1.677914e-01	1.583534e-01	8.738492e-01	7.698967e-01
703	6.453766e-01	5.842289e-01	2.610322e-02	3.262902e-02	1.709235e-01	1.706504e-01	8.359003e-01	7.955454e-01
29405	2.965172e-01	4.932270e-01	5.414846e-02	6.768557e-02	3.545633e-01	2.462382e-01	1.795886e-02	8.847937e-01
5071	8.842156e-01	3.589387e-01	4.170233e-02	5.212791e-02	2.730662e-01	2.595992e-01	9.103115e-01	7.965763e-01
21478	9.497842e-01	4.719734e-02	3.654092e-02	4.567615e-02	2.392694e-01	2.089789e-01	4.065269e-01	4.967577e-01
1423	7.285452e-01	3.480936e-01	7.044962e-02	8.806202e-02	4.613030e-01	1.578939e-01	1.541521e-01	4.365619e-01
20014	7.341362e-01	9.065212e-01	7.190969e-02	8.988711e-02	4.708635e-01	3.155370e-01	3.450872e-01	3.946377e-02
26674	7.500659e-01	3.211579e-01	2.445967e-02	3.057459e-02	1.601615e-01	1.067707e-01	2.409380e-01	9.922974e-01
13387	5.946988e-01	3.961688e-01	3.314262e-02	4.142827e-02	2.170173e-01	1.787122e-01	6.481536e-01	7.950079e-01
3165	5.227454e-01	7.414073e-01	3.712558e-02	4.640698e-02	2.430977e-01	2.012391e-01	7.778156e-01	5.371252e-01
4898	1.001839e-01	5.288967e-01	2.525138e-02	3.156423e-02	1.653457e-01	1.448337e-01	2.453597e-01	8.806067e-01
28560	8.047826e-02	2.416822e-01	3.170724e-02	3.963405e-02	2.076185e-01	1.671656e-01	7.664252e-01	4.414887e-02
11394	3.076093e-01	7.280790e-01	3.723693e-02	4.654617e-02	2.438269e-01	1.750142e-01	7.149028e-01	8.901869e-01
6354	3.374370e-01	2.311785e-01	7.682779e-02	9.603474e-02	5.030672e-01	2.820725e-01	1.116552e-01	2.696445e-01
4617	2.595483e-01	1.429398e-01	3.666090e-02	4.582613e-02	2.400550e-01	1.776847e-01	1.591284e-01	8.382635e-01
1839	5.182931e-01	1.172594e-01	7.489111e-02	9.361389e-02	4.903858e-01	4.464572e-01	8.588538e-01	3.221970e-01
9950	6.312436e-01	4.782540e-01	2.494570e-02	3.118212e-02	1.633440e-01	8.039759e-02	6.918115e-01	9.338066e-01
31817	8.273585e-01	3.418729e-02	3.116164e-02	3.895206e-02	2.040460e-01	1.939981e-01	6.319023e-01	1.223295e-01
6007	2.790992e-01	3.030573e-01	2.171956e-02	2.714945e-02	1.422194e-01	1.082238e-01	4.404524e-01	5.211071e-02
8941	2.376570e-01	2.958607e-01	4.910248e-02	6.137810e-02	3.215223e-01	2.812214e-01	9.623157e-01	9.880379e-01
23805	3.560524e-01	9.170891e-01	4.997707e-02	6.247134e-02	3.272491e-01	2.788140e-01	8.465695e-01	3.253259e-01
4852	7.744299e-01	6.159125e-01	4.208027e-02	5.260034e-02	2.755410e-01	2.315199e-01	5.208235e-02	6.107096e-01
792	3.867387e-01	7.955546e-02	4.021795e-02	5.027243e-02	2.633465e-01	1.021987e-01	4.447861e-01	9.232155e-01
6392	3.228405e-01	4.144482e-01	2.140803e-02	2.676003e-02	1.401794e-01	9.598792e-02	6.536288e-01	3.105828e-01
31686	9.192586e-01	2.204093e-01	3.854463e-02	4.818079e-02	2.523896e-01	1.018397e-01	6.935782e-01	9.502513e-01
11287	1.202891e-01	4.628488e-01	7.207604e-02	9.009505e-02	4.719528e-01	2.886646e-01	9.497834e-01	6.851469e-01
9963	8.406969e-01	7.764336e-01	3.440412e-02	4.300515e-02	2.252776e-01	1.076059e-01	8.958595e-01	5.277680e-01
444	2.488153e-01	2.147027e-01	3.170840e-02	3.963549e-02	2.076261e-01	1.805193e-01	5.737945e-01	9.035162e-01
1577	9.579843e-01	8.689702e-01	2.056302e-02	2.570378e-02	1.346464e-01	1.199981e-01	4.838653e-01	7.723479e-02
30128	5.201417e-01	3.600165e-01	4.063866e-02	5.079833e-02	2.661013e-01	2.300387e-01	4.113617e-01	9.063071e-01
27076	2.130263e-01	4.415340e-01	3.944603e-02	4.930754e-02	2.582920e-01	1.806793e-01	7.687258e-01	7.250610e-02
1660	7.647776e-01	1.275296e-01	2.070454e-02	2.588068e-02	1.355730e-01	6.976823e-02	6.371561e-01	7.609165e-01
23874	7.107192e-01	7.133124e-01	3.317207e-02	4.146509e-02	2.172102e-01	1.902834e-01	4.118569e-01	1.969494e-01
22447	7.231693e-01	5.511687e-01	6.854893e-02	8.568617e-02	4.488574e-01	1.792490e-01	8.983401e-01	9.519685e-01
8429	5.795603e-01	5.216627e-01	4.277664e-02	5.347080e-02	2.801008e-01	2.121201e-01	2.971126e-01	4.611285e-01
11386	7.535874e-01	1.584458e-01	3.214551e-02	4.018189e-02	2.104883e-01	7.113653e-02	5.102855e-01	1.895062e-01
13633	1.201490e-01	4.097541e-01	3.455921e-02	4.319901e-02	2.262932e-01	1.542494e-01	8.835487e-01	5.883117e-01
3417	8.524610e-01	9.082604e-01	2.085599e-02	2.606999e-02	1.365647e-01	1.257924e-01	5.871537e-01	3.570321e-02
20455	5.098885e-01	9.342257e-01	3.780619e-02	4.725774e-02	2.475544e-01	2.469665e-01	9.937055e-01	7.121955e-01
13435	4.009373e-01	3.845930e-01	6.171710e-02	7.714638e-02	4.041226e-01	3.072819e-01	1.012015e-01	7.408920e-01
17014	7.038942e-02	6.238037e-01	2.700273e-02	3.375341e-02	1.768134e-01	9.019823e-02	5.434839e-01	7.959311e-01
3032	1.843652e-01	8.119223e-01	4.410620e-02	5.513275e-02	2.888067e-01	2.529954e-01	7.925261e-01	3.729207e-01
14470	5.990843e-01	6.939350e-01	2.882817e-02	3.603521e-02	1.887664e-01	1.183521e-01	7.113156e-01	5.294556e-01
28407	4.288843e-01	6.141908e-01	2.808541e-02	3.510677e-02	1.839029e-01	1.466386e-01	4.702025e-01	9.812305e-01
23717	4.001790e-02	9.334181e-01	2.170525e-02	2.713157e-02	1.421257e-01	3.711562e-02	2.552689e-02	6.865701e-01
2953	7.126755e-01	6.228722e-01	2.174964e-02	2.718705e-02	1.424163e-01	1.237664e-01	6.568023e-01	3.709428e-01
9639	3.522399e-01	3.120983e-01	4.010810e-02	5.013512e-02	2.626272e-01	1.436475e-01	6.744077e-01	6.831223e-01
16814	9.440037e-01	5.817816e-01	2.393454e-02	2.991818e-02	1.567230e-01	1.507707e-01	9.684584e-01	7.942917e-01
4860	3.682818e-01	5.489137e-02	2.158580e-02	2.698225e-02	1.413435e-01	1.012711e-01	7.099401e-01	7.678360e-02
16125	8.464463e-01	5.017158e-01	5.573759e-02	6.967199e-02	3.649689e-01	3.457451e-01	7.933292e-01	3.084148e-02
15176	7.268163e-01	1.205441e-01	3.018260e-02	3.772825e-02	1.976352e-01	1.202939e-01	7.003616e-01	9.684951e-01
8209	5.438839e-01	8.263552e-01	2.643178e-02	3.303973e-02	1.730749e-01	8.290182e-02	2.507874e-01	2.340536e-01
4396	9.121361e-01	1.338820e-01	2.768024e-02	3.460030e-02	1.812498e-01	7.360968e-02	5.061049e-01	4.886392e-02
