12215	4.510725e-01	5.556632e-01	3.795734e-02	4.744667e-02	2.485441e-01	2.341520e-01	7.379599e-01	2.442298e-01
18636	5.729798e-01	6.367497e-01	2.101698e-02	2.627123e-02	1.376189e-01	1.273215e-01	2.887650e-01	4.962119e-02
5495	2.835534e-01	2.479587e-01	5.053070e-02	6.316338e-02	3.308743e-01	2.434189e-01	5.218661e-02	6.456595e-01
28142	4.273616e-01	6.701054e-01	7.184733e-02	8.980916e-02	4.704552e-01	3.366526e-01	6.667871e-01	5.187921e-01
9969	3.493647e-01	1.931912e-01	2.456989e-02	3.071236e-02	1.608833e-01	1.165151e-01	6.395620e-01	8.491424e-01
27839	5.023389e-01	6.632638e-01	2.308968e-02	2.886210e-02	1.511909e-01	9.599193e-02	3.899764e-01	9.093169e-01
5643	6.667514e-01	6.317944e-01	4.619014e-02	5.773767e-02	3.024523e-01	9.837860e-02	9.392002e-01	3.286038e-01
19489	7.981364e-01	1.340706e-01	2.363872e-02	2.954840e-02	1.547860e-01	1.217619e-01	3.656100e-01	1.052805e-01
5868	7.535460e-01	3.237585e-01	3.717753e-02	4.647191e-02	2.434379e-01	1.237364e-01	5.135270e-01	1.595431e-02
6621	7.619577e-01	4.848784e-01	3.166765e-02	3.958456e-02	2.073593e-01	2.014260e-01	4.525828e-01	5.195574e-01
13841	6.455781e-01	1.688822e-01	5.549158e-02	6.936447e-02	3.633580e-01	3.514948e-01	7.046985e-01	9.443680e-01
7297	9.257612e-01	4.254009e-01	3.582790e-02	4.478488e-02	2.346006e-01	2.268716e-01	1.052238e-01	9.325008e-01
30478	3.788120e-01	3.850479e-01	2.963056e-02	3.703820e-02	1.940205e-01	5.878586e-02	1.476223e-01	1.388507e-01
19996	9.128370e-02	5.850345e-01	2.321636e-02	2.902045e-02	1.520204e-01	1.318679e-01	4.584564e-01	4.228751e-02
3901	1.003973e-01	3.912655e-01	3.856038e-02	4.820047e-02	2.524927e-01	1.097203e-01	8.710260e-01	5.151942e-01
5958	6.867186e-01	5.179127e-01	3.376027e-02	4.220034e-02	2.210617e-01	1.898426e-01	7.789178e-01	2.359783e-01
15693	1.539629e-01	4.733791e-01	2.756334e-02	3.445418e-02	1.804844e-01	1.725883e-01	2.105550e-01	2.201817e-01
18452	8.954553e-01	1.655079e-01	5.801342e-02	7.251677e-02	3.798709e-01	1.289511e-01	3.223554e-01	5.265046e-01
30678	8.591460e-02	6.821473e-01	2.523338e-02	3.154172e-02	1.652278e-01	1.552628e-01	3.524723e-01	1.597629e-01
8311	8.064658e-01	2.441769e-01	7.576131e-02	9.470164e-02	4.960839e-01	3.996018e-01	1.300438e-01	9.037957e-01
32757	7.204389e-01	3.998992e-01	7.627980e-02	9.534975e-02	4.994790e-01	4.633286e-01	7.072298e-01	8.877733e-01
20620	7.821042e-02	3.198766e-01	2.714193e-02	3.392742e-02	1.777250e-01	6.096786e-02	6.469672e-01	7.235240e-01
28024	4.260817e-01	8.067438e-01	2.486482e-02	3.108102e-02	1.628144e-01	1.286823e-01	5.155609e-01	9.373285e-01
22148	1.788066e-01	8.006139e-01	3.727703e-02	4.659629e-02	2.440894e-01	1.839214e-01	4.122629e-01	2.508899e-01
6649	8.334474e-01	9.710932e-01	2.643465e-02	3.304331e-02	1.730937e-01	6.783217e-02	1.209242e-01	5.424036e-01
14388	2.056757e-01	6.558934e-01	7.405212e-02	9.256515e-02	4.848922e-01	4.557132e-01	2.005856e-01	3.247410e-01
4760	6.850319e-01	7.579169e-01	4.867511e-02	6.084389e-02	3.187239e-01	1.958790e-01	1.113616e-01	7.932600e-01
17328	5.574290e-01	9.141363e-01	4.423300e-02	5.529125e-02	2.896370e-01	2.682743e-01	8.103588e-02	7.047107e-01
29869	4.300508e-02	5.214855e-01	2.161243e-02	2.701554e-02	1.415179e-01	1.117325e-01	4.311574e-01	7.213907e-01
7360	3.746938e-01	4.954368e-01	2.719549e-02	3.399437e-02	1.780757e-01	1.356337e-01	6.379476e-01	6.183183e-01
24207	3.547700e-01	5.387953e-01	3.402062e-02	4.252578e-02	2.227665e-01	2.032477e-01	5.764055e-01	8.915883e-02
21468	4.110105e-01	7.357331e-01	6.122946e-02	7.653682e-02	4.009296e-01	2.188003e-01	1.575204e-01	1.420705e-01
29769	4.406900e-01	9.132455e-01	5.774799e-02	7.218499e-02	3.781330e-01	3.609786e-01	9.655542e-01	5.813478e-01
21082	9.020560e-01	9.076678e-01	2.367432e-02	2.959290e-02	1.550191e-01	4.105655e-02	7.867713e-01	4.998766e-01
1636	2.407323e-01	5.424160e-02	2.115721e-02	2.644651e-02	1.385371e-01	1.177499e-01	1.606633e-01	1.309794e-01
27698	8.968727e-01	7.541670e-01	7.073987e-02	8.842483e-02	4.632036e-01	2.668110e-01	3.104190e-01	4.280991e-01
21227	6.593587e-01	9.030397e-01	3.522523e-02	4.403154e-02	2.306543e-01	1.719917e-01	2.715839e-01	9.149482e-01
409	8.140083e-02	6.134717e-01	2.063975e-02	2.579968e-02	1.351487e-01	8.778174e-02	9.085537e-01	5.842333e-01
20646	1.857925e-01	3.883312e-02	3.310579e-02	4.138224e-02	2.167762e-01	1.208010e-01	6.183320e-01	6.177943e-02
1826	7.451608e-01	2.791741e-01	2.571035e-02	3.213794e-02	1.683510e-01	1.269733e-01	6.069874e-01	7.548274e-01
26121	1.603737e-01	7.268351e-01	2.682746e-02	3.353432e-02	1.756658e-01	1.409065e-01	9.236415e-01	8.245463e-02
27151	3.909546e-01	2.845277e-01	2.089116e-02	2.611394e-02	1.367950e-01	1.366092e-01	5.370180e-01	2.180282e-02
29556	2.380923e-01	3.317925e-01	4.643196e-02	5.803995e-02	3.040357e-01	1.817441e-01	1.434660e-02	3.699982e-01
16830	5.684354e-01	3.255332e-01	2.905868e-02	3.632335e-02	1.902758e-01	1.052543e-01	3.449504e-01	6.226383e-01
4567	9.681601e-01	1.121577e-01	2.433665e-02	3.042081e-02	1.593560e-01	1.202148e-01	2.648202e-01	5.679098e-01
31944	3.567733e-01	8.838719e-01	4.648695e-02	5.810869e-02	3.043958e-01	2.280927e-01	1.126093e-01	8.282439e-01
11962	3.599118e-01	4.305829e-01	4.570663e-02	5.713328e-02	2.992863e-01	1.190011e-01	7.991135e-01	6.940336e-01
3804	2.714345e-01	6.739017e-01	3.028646e-02	3.785808e-02	1.983153e-01	5.872991e-02	1.192672e-01	2.311169e-01
21263	3.987685e-01	7.932867e-02	2.427718e-02	3.034647e-02	1.589666e-01	9.742129e-02	9.141423e-01	3.359770e-01
16949	7.151266e-02	9.290728e-01	2.738712e-02	3.423389e-02	1.793304e-01	7.397688e-02	8.033750e-01	1.737553e-02
19735	1.292706e-01	3.656157e-01	2.637232e-02	3.296540e-02	1.726855e-01	1.146710e-01	8.563142e-01	1.559526e-01
9344	7.825673e-01	4.448967e-01	2.422611e-02	3.028264e-02	1.586322e-01	1.581202e-01	8.044604e-02	9.142972e-01
18395	4.861353e-01	6.069057e-01	2.751222e-02	3.439027e-02	1.801496e-01	1.794401e-01	2.798579e-01	9.349780e-02
17360	9.270937e-01	1.465456e-01	2.120000e-02	2.650000e-02	1.388173e-01	1.055605e-01	8.778186e-01	7.932287e-01
14448	1.923248e-01	5.184973e-01	2.407189e-02	3.008986e-02	1.576223e-01	1.571522e-01	9.882523e-01	2.018612e-01
15624	7.156929e-01	8.342988e-01	3.662751e-02	4.578439e-02	2.398364e-01	2.398242e-01	7.024597e-01	2.020940e-01
32520	8.093216e-01	9.098453e-01	2.154432e-02	2.693040e-02	1.410719e-01	1.058183e-01	8.868822e-01	5.862831e-01
16698	8.938330e-01	3.888201e-01	2.367126e-02	2.958907e-02	1.549990e-01	1.549463e-01	2.647381e-01	5.220261e-01
24232	1.934860e-01	3.670394e-01	2.186552e-02	2.733190e-02	1.431751e-01	1.384635e-01	1.752286e-01	4.616842e-01
3247	3.549375e-01	1.348484e-01	2.129076e-02	2.661345e-02	1.394116e-01	1.088629e-01	9.271682e-01	6.444507e-01
4825	1.058442e-01	5.009030e-01	5.841509e-02	7.301887e-02	3.825011e-01	2.161863e-01	7.075384e-01	8.140727e-01
17217	5.498974e-01	5.862234e-01	2.751331e-02	3.439164e-02	1.801567e-01	1.245938e-01	1.458981e-01	9.187899e-01
24331	4.022609e-01	1.512662e-01	5.608335e-02	7.010419e-02	3.672329e-01	3.658644e-01	9.184965e-01	1.867507e-01
21893	5.326933e-01	1.383173e-01	2.394287e-02	2.992859e-02	1.567776e-01	5.126526e-02	1.848486e-01	8.839699e-01
17778	7.799995e-01	5.356747e-01	3.414435e-02	4.268044e-02	2.235767e-01	2.131372e-01	7.224877e-01	3.833626e-01
29741	7.649296e-01	6.810610e-01	2.569673e-02	3.212091e-02	1.682618e-01	4.773179e-02	4.909010e-01	2.873048e-01
28437	5.359459e-01	2.303277e-01	4.227021e-02	5.283776e-02	2.767847e-01	1.579271e-01	2.696263e-01	2.760895e-01
15047	8.521291e-01	4.425501e-01	4.557283e-02	5.696604e-02	2.984102e-01	2.346999e-01	6.532375e-01	6.419840e-01
24897	5.044788e-01	9.491616e-01	2.825549e-02	3.531936e-02	1.850165e-01	8.687044e-02	7.324852e-01	1.391929e-01
31611	8.392968e-01	8.822832e-01	3.407717e-02	4.259646e-02	2.231368e-01	2.068797e-01	4.831498e-01	8.030207e-01
11644	4.925595e-01	9.142764e-02	3.011696e-02	3.764621e-02	1.972054e-01	1.969115e-01	7.898479e-01	4.384140e-01
13466	9.480799e-01	6.821759e-01	4.492915e-02	5.616144e-02	2.941954e-01	2.239479e-01	1.308008e-01	3.410082e-01
18270	6.203868e-01	7.531475e-01	3.826737e-02	4.783421e-02	2.505741e-01	2.116346e-01	5.696018e-01	4.502415e-01
23427	6.146821e-01	9.372354e-02	5.807426e-02	7.259283e-02	3.802694e-01	2.189970e-01	1.897768e-01	5.374477e-01
4284	8.434348e-01	6.228601e-01	7.450548e-02	9.313184e-02	4.878607e-01	4.268241e-01	1.236206e-01	2.394294e-01
6449	8.681093e-01	7.927890e-01	2.564565e-02	3.205706e-02	1.679273e-01	7.665020e-02	6.145906e-01	4.819345e-01
32260	5.621530e-01	2.715786e-01	2.496644e-02	3.120805e-02	1.634799e-01	1.633546e-01	3.344691e-02	3.513122e-01
6313	1.797916e-01	2.292478e-01	3.191718e-02	3.989648e-02	2.089932e-01	1.304532e-01	2.051384e-01	8.719242e-01
7533	1.386297e-01	6.168018e-02	2.188168e-02	2.735210e-02	1.432809e-01	7.770558e-02	2.613307e-01	5.600407e-01
5408	5.254343e-01	8.819601e-01	2.484022e-02	3.105028e-02	1.626534e-01	4.807260e-02	2.402608e-01	4.078023e-01
16917	7.953538e-01	7.079502e-01	3.232413e-02	4.040516e-02	2.116579e-01	8.820682e-02	6.192193e-01	7.825575e-01
27356	2.718373e-02	8.233116e-02	2.230484e-02	2.788106e-02	1.460518e-01	1.347527e-01	3.199806e-01	5.249674e-01
23308	8.833113e-01	4.060124e-02	3.131315e-02	3.914144e-02	2.050380e-01	1.990709e-01	7.250824e-01	6.735038e-02
