14780	8.897134e-01	4.122325e-01	5.243971e-02	6.554963e-02	3.433744e-01	1.413770e-01	7.002027e-01	3.888598e-01
14387	3.646418e-01	6.143762e-01	2.688545e-02	3.360681e-02	1.760455e-01	5.001258e-02	8.167277e-01	9.826253e-01
28003	3.623045e-02	8.756585e-01	2.451978e-02	3.064972e-02	1.605551e-01	9.454561e-02	5.738136e-01	7.600895e-01
14305	4.051461e-02	1.543247e-01	2.162696e-02	2.703370e-02	1.416130e-01	8.778974e-02	5.389209e-01	5.055999e-01
4637	7.575180e-02	5.496303e-01	2.521197e-02	3.151496e-02	1.650876e-01	1.333056e-01	7.095177e-02	9.958167e-01
31664	3.099891e-01	1.315947e-01	2.447180e-02	3.058976e-02	1.602410e-01	8.343628e-02	3.718232e-01	1.491269e-01
20840	6.065270e-01	4.454310e-01	2.344651e-02	2.930814e-02	1.535274e-01	1.090653e-01	2.438478e-01	4.568486e-01
22912	1.304347e-01	8.619763e-02	2.186463e-02	2.733079e-02	1.431693e-01	5.984151e-02	6.778898e-01	2.850933e-01
7179	8.826282e-01	9.090809e-02	3.406754e-02	4.258442e-02	2.230737e-01	2.216235e-01	1.060120e-01	4.138361e-01
2703	1.120284e-01	7.322111e-01	7.770535e-02	9.713169e-02	5.088134e-01	4.717891e-01	5.568788e-01	6.446282e-01
507	6.689383e-01	7.012329e-01	7.171406e-02	8.964258e-02	4.695826e-01	4.181858e-01	5.585718e-01	3.753035e-02
17528	1.764838e-01	2.901949e-01	2.501189e-02	3.126487e-02	1.637775e-01	1.449821e-01	4.834658e-01	3.848341e-01
16836	8.479184e-01	4.118284e-01	2.542545e-02	3.178182e-02	1.664855e-01	9.770177e-02	9.060626e-01	9.924423e-01
19690	4.801484e-01	2.917011e-01	7.932140e-02	9.915175e-02	5.193953e-01	4.470285e-01	1.238699e-01	4.232787e-01
1209	6.969764e-01	5.800490e-01	2.348060e-02	2.935075e-02	1.537506e-01	1.536964e-01	8.387959e-01	2.682791e-01
32681	4.607492e-01	3.635676e-01	2.167574e-02	2.709467e-02	1.419324e-01	1.174328e-01	1.197339e-01	4.093268e-01
17756	5.981988e-01	2.050601e-01	4.915939e-02	6.144923e-02	3.218949e-01	2.121542e-01	4.171286e-01	4.610618e-01
6653	4.068797e-01	5.256039e-01	5.300069e-02	6.625086e-02	3.470477e-01	1.117940e-01	6.574782e-01	5.328843e-02
1026	2.331575e-01	9.668684e-02	2.540338e-02	3.175423e-02	1.663409e-01	1.231624e-01	6.435286e-01	5.646801e-01
31541	6.869989e-01	9.600563e-01	2.943328e-02	3.679160e-02	1.927287e-01	6.749760e-02	8.728578e-01	2.511869e-01
18097	6.943287e-01	4.165276e-01	4.207757e-02	5.259696e-02	2.755232e-01	2.710660e-01	6.602083e-01	8.267069e-02
19076	3.837261e-01	3.207861e-01	2.885672e-02	3.607091e-02	1.889534e-01	1.725424e-01	5.906771e-01	8.524323e-01
30513	9.076704e-02	9.684271e-01	2.211683e-02	2.764604e-02	1.448207e-01	1.117341e-01	4.554163e-01	7.469542e-01
2252	4.405741e-02	9.486922e-01	2.896679e-02	3.620848e-02	1.896741e-01	1.843596e-01	7.351783e-02	1.268041e-01
5734	7.837573e-01	3.709780e-01	2.847489e-02	3.559361e-02	1.864531e-01	6.922093e-02	1.528430e-01	8.291513e-01
12509	5.826055e-01	6.467689e-01	2.444733e-02	3.055916e-02	1.600807e-01	1.600588e-01	9.987535e-01	9.737104e-01
4313	7.876974e-01	5.562225e-01	4.104668e-02	5.130835e-02	2.687730e-01	2.462585e-01	3.831457e-01	3.632594e-01
12343	3.906818e-01	9.497401e-02	5.783032e-02	7.228790e-02	3.786720e-01	2.417089e-01	8.248065e-01	2.872204e-01
10399	7.612849e-02	9.103831e-01	5.400006e-02	6.750008e-02	3.535916e-01	1.292011e-01	4.528445e-01	6.657315e-02
5796	5.726175e-01	3.124338e-01	5.554490e-02	6.943113e-02	3.637072e-01	1.010584e-01	6.941412e-01	9.938988e-01
29790	6.064346e-01	9.667087e-01	2.646583e-02	3.308229e-02	1.732978e-01	1.126396e-01	1.227073e-01	8.494684e-01
18263	3.640782e-02	4.692539e-01	2.861826e-02	3.577283e-02	1.873919e-01	1.835702e-01	8.824623e-01	5.156485e-01
9950	2.628258e-01	2.071478e-01	6.770422e-02	8.463027e-02	4.433262e-01	2.776653e-01	2.690393e-01	5.973977e-01
24274	8.583452e-01	2.115705e-01	2.444783e-02	3.055978e-02	1.600840e-01	1.537992e-01	1.291442e-01	8.879381e-01
15794	4.495216e-01	8.535393e-01	5.511038e-02	6.888797e-02	3.608619e-01	1.602670e-01	2.782156e-01	3.213995e-01
15222	7.830397e-01	4.610338e-01	4.554648e-02	5.693310e-02	2.982376e-01	1.521215e-01	9.331206e-01	9.206555e-01
18625	5.484007e-01	6.925228e-01	2.650502e-02	3.313128e-02	1.735545e-01	1.123096e-01	4.514271e-01	4.333746e-01
13691	8.474629e-01	9.497971e-01	3.376419e-02	4.220524e-02	2.210874e-01	1.450582e-01	9.563008e-01	5.422053e-01
12281	2.403466e-01	4.963269e-01	3.121311e-02	3.901639e-02	2.043830e-01	1.186201e-01	3.292584e-01	6.940980e-01
1437	8.026720e-01	7.206185e-01	2.461782e-02	3.077228e-02	1.611971e-01	9.262310e-02	4.876867e-01	2.233422e-02
11676	5.196545e-01	9.457756e-02	2.899892e-02	3.624865e-02	1.898845e-01	1.538050e-01	6.164780e-01	4.940206e-02
13131	5.465780e-01	9.137742e-01	4.399090e-02	5.498862e-02	2.880517e-01	1.851218e-01	4.312836e-01	1.855814e-01
402	6.352534e-01	5.559302e-01	3.375769e-02	4.219711e-02	2.210448e-01	2.207489e-01	7.606173e-01	6.962766e-01
17486	9.156660e-01	9.617468e-01	3.420252e-02	4.275315e-02	2.239576e-01	1.334962e-01	4.595495e-02	9.810075e-01
18134	8.793038e-01	6.065028e-01	3.025478e-02	3.781848e-02	1.981078e-01	9.624575e-02	8.201470e-01	3.950199e-01
28784	9.254357e-01	3.266275e-01	4.203967e-02	5.254959e-02	2.752751e-01	1.862584e-01	3.639689e-02	4.264579e-01
24659	3.004627e-01	4.517245e-01	2.543821e-02	3.179776e-02	1.665690e-01	1.611852e-01	5.290079e-01	8.033602e-01
21333	8.709172e-01	1.815888e-01	2.416829e-02	3.021037e-02	1.582536e-01	1.475602e-01	2.577531e-02	6.694014e-01
17897	6.604838e-01	2.553977e-01	7.319905e-02	9.149881e-02	4.793062e-01	4.208075e-01	3.925464e-01	4.199021e-01
4126	6.861364e-02	3.056232e-01	2.754118e-02	3.442647e-02	1.803392e-01	1.227199e-01	1.284500e-01	1.660816e-01
13986	1.898397e-01	9.602180e-01	2.392539e-02	2.990673e-02	1.566631e-01	1.150127e-01	7.428817e-01	8.970411e-01
12096	5.369312e-01	7.346808e-01	2.508296e-02	3.135370e-02	1.642428e-01	1.639310e-01	7.658384e-01	4.211871e-01
24785	8.031799e-01	8.327170e-01	4.884473e-02	6.105591e-02	3.198345e-01	2.914112e-01	8.974219e-01	6.781845e-01
20118	7.411319e-01	7.871357e-01	3.927233e-02	4.909041e-02	2.571546e-01	1.552279e-01	3.878981e-02	8.669350e-01
6301	5.835639e-01	5.313364e-01	2.336367e-02	2.920459e-02	1.529850e-01	1.503658e-01	1.838389e-01	6.750625e-01
19499	4.874362e-01	6.735211e-01	2.247246e-02	2.809058e-02	1.471493e-01	1.139628e-01	6.083087e-01	2.117736e-01
32618	4.113970e-01	5.687279e-01	2.411428e-02	3.014285e-02	1.578999e-01	1.168716e-01	7.416481e-01	5.403514e-01
6471	3.115167e-01	8.728498e-01	2.372632e-02	2.965790e-02	1.553596e-01	1.537885e-01	2.404212e-01	4.667962e-02
13462	5.076993e-01	9.144300e-01	2.263066e-02	2.828833e-02	1.481852e-01	1.168264e-01	4.718433e-01	7.871178e-01
24902	5.430729e-01	2.430329e-01	2.266487e-02	2.833109e-02	1.484092e-01	1.483886e-01	9.341187e-01	6.525763e-01
30512	2.857046e-01	3.945234e-01	2.353993e-02	2.942491e-02	1.541391e-01	1.030245e-01	4.654125e-01	3.459111e-01
24695	2.317843e-01	3.216979e-01	3.781786e-02	4.727232e-02	2.476307e-01	1.569388e-01	2.945561e-01	8.465213e-01
17284	3.513813e-01	4.778339e-01	2.816040e-02	3.520050e-02	1.843938e-01	1.743163e-01	8.245381e-01	6.155943e-01
18256	7.142650e-01	5.243922e-01	3.687783e-02	4.609728e-02	2.414754e-01	2.302392e-01	3.022843e-01	8.091005e-01
23144	3.317551e-01	6.557588e-01	2.135755e-02	2.669694e-02	1.398489e-01	7.154769e-02	2.970009e-01	4.867293e-01
3545	2.654859e-01	3.473884e-01	5.428038e-02	6.785048e-02	3.554271e-01	1.962117e-01	5.894723e-01	9.473980e-01
3335	7.489113e-01	2.236499e-01	2.333026e-02	2.916282e-02	1.527662e-01	7.555218e-02	1.341340e-02	6.803072e-01
15541	9.196470e-01	8.495091e-01	3.234470e-02	4.043087e-02	2.117926e-01	5.802170e-02	1.094855e-01	7.977451e-02
9988	1.717346e-01	4.968892e-01	2.331234e-02	2.914042e-02	1.526488e-01	6.523576e-02	7.278518e-01	6.506094e-01
18064	1.533585e-01	8.048043e-01	2.096287e-02	2.620359e-02	1.372646e-01	1.372561e-01	8.951169e-01	6.202394e-01
32189	5.516758e-01	2.081965e-01	2.938269e-02	3.672836e-02	1.923974e-01	6.622064e-02	6.877390e-01	7.754590e-01
31173	4.368784e-01	7.482504e-01	2.093775e-02	2.617219e-02	1.371001e-01	1.123394e-01	4.093703e-01	8.173640e-01
13283	7.250978e-01	3.202912e-01	6.669548e-02	8.336935e-02	4.367209e-01	2.562969e-01	8.122859e-01	2.752654e-01
21524	5.348465e-01	4.293852e-01	3.655033e-02	4.568791e-02	2.393310e-01	1.429844e-01	2.829757e-01	3.284330e-01
14830	8.070427e-01	2.545612e-01	3.437474e-02	4.296842e-02	2.250853e-01	2.142773e-01	2.582082e-01	3.798179e-01
11513	7.872338e-01	4.976244e-01	2.163780e-02	2.704725e-02	1.416840e-01	1.359257e-01	8.291082e-02	9.950511e-01
