6829	3.689620e-01	8.183975e-01	3.699841e-02	4.624801e-02	2.422650e-01	1.543593e-01	6.073688e-02	2.727947e-01
17167	8.311216e-01	7.010993e-01	2.185991e-02	2.732489e-02	1.431384e-01	5.279338e-02	9.489120e-01	4.651055e-01
27497	9.343663e-01	3.896420e-02	2.304835e-02	2.881043e-02	1.509202e-01	1.405261e-01	1.612569e-01	5.675391e-01
13908	3.302770e-01	3.040729e-01	3.030548e-02	3.788185e-02	1.984398e-01	1.615828e-01	6.485844e-01	8.743146e-03
26940	5.616689e-01	2.180558e-01	5.185380e-02	6.481725e-02	3.395379e-01	2.293186e-01	8.096479e-01	4.772559e-01
23659	5.753275e-01	5.402509e-01	3.617642e-02	4.522052e-02	2.368826e-01	2.152425e-01	9.860028e-01	3.662566e-01
31350	8.042115e-01	4.860471e-01	2.091344e-02	2.614181e-02	1.369409e-01	6.479780e-02	2.238317e-01	8.613973e-01
20741	1.300798e-01	4.059902e-01	2.431057e-02	3.038822e-02	1.591853e-01	1.438974e-01	5.979981e-01	5.736769e-01
20695	4.073655e-01	4.289097e-01	3.806800e-02	4.758501e-02	2.492687e-01	2.226386e-01	8.255946e-01	9.837609e-01
29089	1.774851e-01	5.209813e-01	3.205966e-02	4.007457e-02	2.099261e-01	1.908587e-01	9.056542e-01	1.545874e-01
15222	3.703447e-01	9.399044e-01	2.723739e-02	3.404674e-02	1.783500e-01	7.226079e-02	1.540792e-01	9.895092e-02
20523	9.486709e-01	8.344900e-01	5.556546e-02	6.945682e-02	3.638417e-01	3.204437e-01	9.358706e-01	1.736382e-01
21230	3.319634e-01	6.586178e-01	3.329946e-02	4.162432e-02	2.180443e-01	2.064628e-01	8.139810e-01	7.548157e-01
11903	4.309917e-01	5.908023e-01	2.853652e-02	3.567064e-02	1.868567e-01	1.849015e-01	1.755178e-01	1.998763e-01
23820	5.957932e-01	1.448960e-01	3.544380e-02	4.430474e-02	2.320854e-01	2.304283e-01	7.183158e-01	9.636540e-02
11303	7.078934e-01	8.681733e-01	5.815904e-02	7.269880e-02	3.808245e-01	2.361610e-01	8.132220e-01	6.535303e-01
15408	4.319116e-01	5.065301e-01	3.003811e-02	3.754764e-02	1.966891e-01	1.390410e-01	4.539974e-01	7.164086e-01
9810	4.686654e-01	2.310432e-01	2.565359e-02	3.206699e-02	1.679793e-01	5.374035e-02	7.028043e-01	5.480754e-01
29	2.746011e-01	5.570318e-01	4.094090e-02	5.117612e-02	2.680804e-01	2.543099e-01	3.309010e-01	9.892017e-01
16623	5.805638e-01	2.884545e-01	4.446823e-02	5.558529e-02	2.911773e-01	2.416198e-01	6.860075e-01	2.642860e-01
28857	6.700466e-01	1.272267e-01	2.150017e-02	2.687521e-02	1.407828e-01	1.406821e-01	3.805997e-01	4.426021e-01
17743	3.003198e-01	6.737197e-01	2.569496e-02	3.211870e-02	1.682502e-01	1.148574e-01	9.493297e-01	1.268608e-01
1221	4.821406e-01	4.030521e-01	7.736815e-02	9.671018e-02	5.066054e-01	5.013641e-01	3.449535e-01	5.818951e-01
23225	6.403708e-01	6.230968e-02	2.115393e-02	2.644241e-02	1.385156e-01	8.484734e-02	7.955013e-01	6.300043e-01
8652	1.729125e-01	5.508476e-01	2.420010e-02	3.025012e-02	1.584619e-01	7.724470e-02	9.983371e-01	6.506772e-01
13836	2.004044e-01	9.255674e-01	3.335980e-02	4.169975e-02	2.184394e-01	8.698159e-02	7.554459e-01	2.408094e-01
8406	8.392312e-01	5.119900e-01	3.721930e-02	4.652412e-02	2.437114e-01	9.099532e-02	4.511765e-01	6.695866e-02
13782	6.968436e-01	3.083814e-01	2.759611e-02	3.449514e-02	1.806989e-01	1.386349e-01	8.127265e-01	7.741652e-01
11770	4.382612e-01	3.501170e-01	2.806160e-02	3.507700e-02	1.837469e-01	1.784263e-01	1.145245e-02	5.354477e-01
14549	2.196603e-01	8.701998e-01	5.583496e-02	6.979371e-02	3.656065e-01	1.054146e-01	5.428201e-01	8.249864e-01
21318	1.574732e-01	2.665004e-01	5.769824e-02	7.212280e-02	3.778072e-01	2.003312e-01	8.587750e-01	6.041374e-03
8011	9.520078e-01	4.463397e-01	2.618153e-02	3.272692e-02	1.714363e-01	1.387810e-01	2.310485e-01	2.068951e-01
15746	8.999143e-01	8.055905e-02	4.190569e-02	5.238211e-02	2.743978e-01	7.344463e-02	8.428794e-01	2.412483e-01
28474	7.634046e-01	4.458483e-01	3.162076e-02	3.952595e-02	2.070523e-01	1.431417e-01	6.797100e-01	1.869573e-01
30774	2.158393e-01	3.954446e-01	3.269797e-02	4.087246e-02	2.141058e-01	1.555089e-01	1.590013e-01	7.475045e-01
20399	5.206037e-01	6.981774e-01	4.179175e-02	5.223969e-02	2.736517e-01	7.251115e-02	6.325140e-01	3.747116e-01
17933	1.050236e-01	6.553724e-01	4.611671e-02	5.764589e-02	3.019715e-01	3.011422e-01	2.408589e-01	9.928981e-01
56	6.981098e-02	4.649776e-01	5.766850e-02	7.208563e-02	3.776124e-01	3.618610e-01	8.746318e-02	7.944677e-01
30495	2.480252e-01	8.117188e-01	2.677302e-02	3.346627e-02	1.753093e-01	1.634906e-01	5.276572e-01	4.488655e-01
709	7.758755e-01	3.202861e-01	2.678635e-02	3.348294e-02	1.753966e-01	1.753150e-01	8.831883e-03	8.815444e-01
13131	3.023547e-01	4.157379e-01	2.626963e-02	3.283704e-02	1.720131e-01	6.863969e-02	1.315159e-01	7.635377e-01
11435	8.898303e-01	4.913821e-01	2.508445e-02	3.135556e-02	1.642526e-01	1.642176e-01	1.952523e-01	6.722368e-03
18702	6.214670e-01	9.113410e-01	4.118208e-02	5.147760e-02	2.696596e-01	2.059881e-01	9.795448e-01	4.743683e-01
11642	8.762383e-01	2.390178e-01	6.521492e-02	8.151864e-02	4.270263e-01	3.576312e-01	2.662930e-01	3.237139e-01
17380	5.892591e-01	8.238825e-01	4.694764e-02	5.868455e-02	3.074124e-01	2.912909e-01	6.885664e-01	6.728371e-01
23066	6.695746e-01	7.081009e-01	6.169326e-02	7.711658e-02	4.039665e-01	3.799036e-01	1.026398e-01	2.292158e-01
1189	5.129993e-02	3.310933e-01	3.339797e-02	4.174746e-02	2.186894e-01	1.357372e-01	4.607530e-01	5.411243e-01
30498	8.155960e-02	8.949485e-01	4.263996e-02	5.329995e-02	2.792058e-01	1.964922e-01	3.447314e-01	6.633112e-01
15084	2.766775e-01	9.209329e-01	2.359306e-02	2.949132e-02	1.544870e-01	7.298354e-02	4.987965e-01	7.007990e-01
7365	5.620470e-01	7.582152e-01	5.159137e-02	6.448922e-02	3.378195e-01	2.121357e-01	6.491509e-02	5.921179e-01
31508	7.224396e-01	1.165636e-01	6.354351e-02	7.942939e-02	4.160819e-01	4.151575e-01	2.678433e-02	7.026420e-01
5818	5.260360e-01	1.238184e-01	2.384688e-02	2.980860e-02	1.561490e-01	1.514380e-01	7.325972e-01	7.385138e-01
30125	8.923101e-01	3.173996e-02	2.847501e-02	3.559377e-02	1.864539e-01	1.539129e-01	1.125795e-01	8.610741e-01
22178	6.114816e-01	4.799824e-01	2.301947e-02	2.877433e-02	1.507311e-01	1.284806e-01	2.135497e-01	5.773234e-01
16318	8.682771e-01	3.521512e-01	3.360273e-02	4.200342e-02	2.200302e-01	7.995423e-02	7.960274e-01	7.732572e-01
4066	6.012257e-01	3.677155e-02	2.765250e-02	3.456563e-02	1.810681e-01	1.623961e-01	7.990586e-01	2.059700e-01
28374	6.383790e-01	6.287184e-01	2.586432e-02	3.233040e-02	1.693592e-01	1.572931e-01	5.211122e-01	1.439819e-01
21112	8.350556e-01	8.478453e-01	2.200903e-02	2.751128e-02	1.441148e-01	1.309949e-01	7.434303e-01	9.306066e-01
4996	8.315668e-02	7.805720e-01	4.778352e-02	5.972940e-02	3.128857e-01	2.570791e-01	6.796912e-01	7.928043e-01
2733	2.642329e-01	2.284891e-01	2.264694e-02	2.830868e-02	1.482918e-01	1.422996e-01	7.507958e-01	6.079397e-01
5883	4.983587e-01	6.361274e-01	5.078419e-02	6.348024e-02	3.325341e-01	1.375077e-01	9.943157e-01	4.318620e-01
18419	8.400437e-01	8.725961e-02	6.208441e-02	7.760552e-02	4.065278e-01	2.803166e-01	5.562361e-01	9.441485e-01
17967	8.627537e-01	6.766757e-01	3.133733e-02	3.917167e-02	2.051964e-01	5.550632e-02	2.493806e-01	1.503509e-01
27066	6.106751e-01	4.462998e-01	2.853439e-02	3.566799e-02	1.868428e-01	1.071133e-01	2.583372e-01	6.230635e-02
21996	1.206324e-01	8.817203e-01	2.495063e-02	3.118829e-02	1.633763e-01	1.633652e-01	5.541538e-01	2.343382e-01
25079	8.635798e-01	6.448576e-01	2.078714e-02	2.598393e-02	1.361139e-01	1.265521e-01	8.927215e-01	3.974438e-01
29408	7.723585e-01	6.439201e-01	6.479106e-02	8.098883e-02	4.242509e-01	1.384673e-01	9.287806e-02	6.232495e-01
31352	7.737968e-01	1.171825e-01	2.783278e-02	3.479098e-02	1.822486e-01	1.803193e-01	4.231701e-01	4.440009e-01
22368	7.588726e-01	5.828717e-01	3.638162e-02	4.547702e-02	2.382263e-01	1.406774e-01	7.108121e-02	6.121101e-01
24809	1.236262e-01	5.239223e-01	3.043871e-02	3.804838e-02	1.993122e-01	1.700205e-01	6.251684e-01	9.925097e-01
26987	7.370874e-01	7.032631e-01	2.661081e-02	3.326351e-02	1.742471e-01	1.323733e-01	6.388215e-01	4.187841e-01
2813	8.026891e-01	7.682094e-01	3.314060e-02	4.142576e-02	2.170042e-01	1.563734e-01	4.714238e-01	1.508809e-01
24930	7.981338e-02	7.009873e-01	2.564558e-02	3.205698e-02	1.679269e-01	8.500284e-02	2.639824e-01	5.874081e-01
17869	3.790807e-01	5.193108e-01	2.212822e-02	2.766027e-02	1.448952e-01	1.018438e-01	8.610292e-01	2.430240e-01
8221	8.550836e-01	9.180116e-01	2.558873e-02	3.198592e-02	1.675546e-01	1.673585e-01	9.743971e-01	6.281300e-01
11733	7.066420e-01	4.844923e-01	3.780382e-02	4.725478e-02	2.475388e-01	2.416737e-01	3.953169e-01	5.214843e-01
10784	3.820561e-01	2.391115e-01	4.918296e-02	6.147871e-02	3.220493e-01	3.220437e-01	5.182150e-01	9.271849e-02
11351	3.001904e-01	8.929934e-01	2.116067e-02	2.645084e-02	1.385598e-01	1.338617e-01	1.406843e-01	5.249515e-01
