8341	9.014072e-01	2.600943e-01	3.139980e-02	3.924974e-02	2.056054e-01	1.351515e-01	5.653710e-01	7.394206e-01
29906	6.694803e-02	3.128952e-01	2.149114e-02	2.686392e-02	1.407236e-01	6.927192e-02	5.491219e-01	4.437921e-01
11571	7.816476e-02	1.954450e-01	5.444618e-02	6.805772e-02	3.565127e-01	1.876454e-01	2.976895e-01	1.175964e-04
6017	8.623450e-01	7.387048e-02	2.369915e-02	2.962394e-02	1.551817e-01	1.239012e-01	4.556012e-02	8.051881e-01
9697	9.416394e-01	1.925643e-01	4.442026e-02	5.552532e-02	2.908631e-01	1.772905e-01	9.893481e-01	3.391165e-01
13274	9.105708e-01	8.189271e-01	2.258791e-02	2.823488e-02	1.479053e-01	1.294645e-01	4.506739e-01	3.342407e-01
31439	7.677326e-01	6.577895e-01	2.405167e-02	3.006459e-02	1.574900e-01	1.140964e-01	2.074876e-01	9.343950e-01
25290	7.973164e-01	5.492515e-01	3.877347e-02	4.846683e-02	2.538881e-01	1.812966e-01	8.520100e-01	4.195432e-01
24348	9.115612e-01	9.244047e-01	3.330523e-02	4.163153e-02	2.180821e-01	1.176100e-01	8.071606e-01	6.730963e-01
19928	8.823190e-01	7.789164e-01	2.318864e-02	2.898580e-02	1.518388e-01	4.636676e-02	2.827372e-01	3.052151e-01
10121	1.363286e-01	1.381762e-01	2.406168e-02	3.007710e-02	1.575555e-01	1.516481e-01	9.584135e-02	6.169038e-01
25991	6.486671e-01	1.694586e-01	2.715004e-02	3.393755e-02	1.777780e-01	1.269245e-01	7.006098e-01	8.916949e-01
16043	5.876118e-01	4.283867e-01	6.842522e-02	8.553152e-02	4.480473e-01	4.112211e-01	6.001993e-02	3.685525e-01
18680	7.526647e-01	4.100823e-01	2.477117e-02	3.096396e-02	1.622012e-01	1.149608e-01	4.983840e-01	1.325186e-01
16911	2.010850e-01	4.939757e-02	3.922837e-02	4.903546e-02	2.568667e-01	1.932530e-01	3.146057e-01	1.963365e-02
24399	1.435416e-01	4.912426e-01	2.923925e-02	3.654906e-02	1.914582e-01	1.125707e-01	4.571413e-01	8.148942e-01
23301	3.957679e-01	8.248220e-01	3.048701e-02	3.810876e-02	1.996285e-01	1.080719e-01	7.720383e-01	7.918842e-01
16662	5.800375e-02	5.085098e-01	2.632679e-02	3.290849e-02	1.723874e-01	8.094533e-02	7.971204e-01	6.302896e-01
32244	2.588349e-01	8.004645e-01	4.195581e-02	5.244476e-02	2.747260e-01	2.042903e-01	6.985218e-02	4.435708e-01
709	4.217039e-01	7.339323e-01	7.893973e-02	9.867466e-02	5.168961e-01	4.991648e-01	5.937856e-01	5.113191e-01
20252	7.812840e-02	7.251154e-01	5.377081e-02	6.721352e-02	3.520905e-01	3.214847e-01	4.956738e-01	2.274471e-01
23197	1.886965e-01	1.736471e-01	3.606001e-02	4.507501e-02	2.361204e-01	2.359476e-01	4.658227e-01	9.036222e-01
17763	4.587661e-01	6.244774e-01	3.978288e-02	4.972860e-02	2.604977e-01	1.450373e-01	3.427952e-01	9.505789e-01
24829	2.886242e-01	8.921627e-01	2.433035e-02	3.041293e-02	1.593147e-01	1.592516e-01	5.076695e-01	8.733773e-01
30460	5.915882e-01	8.131324e-01	5.255635e-02	6.569543e-02	3.441381e-01	2.919622e-01	2.181772e-01	4.184907e-02
7195	8.822823e-02	8.736135e-01	2.735802e-02	3.419752e-02	1.791399e-01	6.259145e-02	3.271469e-01	8.942051e-01
12121	7.363941e-01	8.915099e-01	2.287746e-02	2.859683e-02	1.498013e-01	1.389735e-01	9.454089e-01	1.938220e-01
11530	7.848916e-01	9.425404e-01	2.410038e-02	3.012547e-02	1.578089e-01	6.360908e-02	2.725901e-01	1.709577e-01
7747	3.592986e-01	9.544095e-01	2.315760e-02	2.894700e-02	1.516356e-01	1.437661e-01	5.505933e-01	3.417573e-01
16257	2.687909e-01	2.097383e-01	3.843592e-02	4.804491e-02	2.516778e-01	2.498005e-01	3.712030e-01	4.364922e-01
16817	9.371988e-01	8.045518e-01	3.036488e-02	3.795609e-02	1.988287e-01	1.715575e-01	9.299707e-01	5.767650e-01
16315	4.697170e-01	1.154187e-01	2.821803e-02	3.527254e-02	1.847712e-01	9.682802e-02	3.577026e-01	9.836865e-01
10035	8.718131e-01	2.788840e-01	2.485796e-02	3.107245e-02	1.627695e-01	1.086662e-01	4.531511e-01	8.067501e-01
22922	1.809916e-01	4.353610e-01	2.721511e-02	3.401888e-02	1.782041e-01	1.458839e-01	2.199653e-01	6.789560e-01
30516	3.102564e-01	6.233883e-01	2.420794e-02	3.025993e-02	1.585132e-01	1.516302e-01	2.642575e-01	2.849477e-01
20524	6.457939e-02	5.661910e-01	3.665425e-02	4.581781e-02	2.400114e-01	2.264624e-01	5.354171e-01	4.820816e-02
12876	6.425517e-01	5.475735e-01	3.359031e-02	4.198789e-02	2.199488e-01	1.920443e-01	8.727863e-01	7.723308e-01
22269	3.504418e-01	5.484639e-01	2.995709e-02	3.744636e-02	1.961585e-01	1.574505e-01	2.872283e-01	6.606115e-01
3745	9.658841e-01	3.345155e-01	2.470152e-02	3.087690e-02	1.617452e-01	1.206139e-01	1.028835e-01	4.061713e-01
6213	2.414657e-01	8.340656e-01	2.215174e-02	2.768967e-02	1.450492e-01	1.395396e-01	9.554238e-03	5.816047e-01
1242	2.302210e-01	4.683513e-01	2.620672e-02	3.275840e-02	1.716012e-01	1.528393e-01	4.020676e-02	3.701485e-02
3696	8.395487e-01	7.247490e-01	3.909569e-02	4.886961e-02	2.559980e-01	2.536859e-01	3.127121e-01	7.102432e-01
4587	8.850716e-02	4.558964e-01	3.146928e-02	3.933660e-02	2.060604e-01	2.053016e-01	1.981551e-01	3.799011e-01
26186	2.319637e-01	6.155423e-01	2.140525e-02	2.675656e-02	1.401612e-01	1.260399e-01	3.916435e-01	7.035173e-01
5288	4.334129e-01	2.198491e-01	2.554354e-02	3.192943e-02	1.672587e-01	9.910326e-02	4.612754e-01	5.440427e-01
25720	1.393699e-01	9.475116e-01	2.352052e-02	2.940066e-02	1.540120e-01	6.192359e-02	3.080086e-01	3.834649e-02
17619	1.633884e-01	3.356934e-01	3.880502e-02	4.850627e-02	2.540946e-01	2.262969e-01	6.822727e-01	7.547300e-01
6351	2.773874e-01	4.175484e-01	2.597207e-02	3.246509e-02	1.700647e-01	7.973921e-02	3.719627e-01	2.426333e-01
11025	4.219971e-01	4.993063e-01	3.949782e-02	4.937228e-02	2.586311e-01	1.501754e-01	1.259263e-01	5.858289e-01
18440	6.722844e-01	9.422277e-01	3.619031e-02	4.523788e-02	2.369736e-01	1.390028e-01	6.072977e-01	8.556242e-01
1890	7.020833e-01	8.177023e-01	4.704331e-02	5.880414e-02	3.080389e-01	1.467288e-01	7.146451e-01	9.362677e-01
29198	6.058986e-01	5.448399e-01	3.127003e-02	3.908754e-02	2.047557e-01	1.451098e-01	2.199928e-02	8.431434e-01
27928	8.413483e-01	4.301950e-01	2.683898e-02	3.354872e-02	1.757412e-01	8.469096e-02	9.670566e-01	8.903230e-01
14849	5.234242e-01	4.765503e-01	5.428300e-02	6.785375e-02	3.554442e-01	2.679332e-01	8.003427e-01	4.915492e-01
4615	8.776351e-01	6.866532e-01	2.088590e-02	2.610737e-02	1.367605e-01	1.358872e-01	2.123779e-01	2.452935e-02
16574	4.347258e-01	3.566366e-02	2.839881e-02	3.549851e-02	1.859550e-01	1.472964e-01	5.531512e-01	4.351401e-01
11704	5.304302e-01	6.956269e-01	4.619429e-02	5.774286e-02	3.024795e-01	3.024311e-01	6.990567e-01	5.108453e-01
30416	9.429169e-01	1.343030e-01	2.293675e-02	2.867094e-02	1.501895e-01	1.394439e-01	3.647382e-01	1.660257e-01
12666	3.099347e-02	6.441230e-01	2.864917e-02	3.581146e-02	1.875943e-01	1.435918e-01	1.256032e-01	2.843003e-01
18319	7.962741e-01	7.873461e-02	5.935055e-02	7.418819e-02	3.886265e-01	3.603579e-01	8.080132e-01	8.451774e-01
4184	7.064232e-01	7.245548e-01	2.223879e-02	2.779849e-02	1.456192e-01	8.353971e-02	7.809439e-01	1.781561e-01
3662	6.446137e-01	6.632882e-01	2.626248e-02	3.282810e-02	1.719663e-01	1.718940e-01	9.495749e-01	8.761348e-01
587	9.664947e-01	7.680919e-01	2.468176e-02	3.085221e-02	1.616158e-01	1.606850e-01	1.612364e-01	3.843339e-02
30021	7.949738e-01	8.357030e-01	3.937849e-02	4.922311e-02	2.578497e-01	2.054640e-01	6.651091e-01	1.598957e-01
29945	9.281131e-01	2.706752e-01	2.391327e-02	2.989159e-02	1.565837e-01	1.476529e-01	5.345119e-01	5.505251e-01
16452	4.571908e-01	8.385690e-01	2.694945e-02	3.368681e-02	1.764646e-01	1.455302e-01	1.089969e-01	5.886879e-01
21417	3.902018e-01	3.363739e-01	2.321083e-02	2.901354e-02	1.519842e-01	1.513189e-01	2.902043e-01	8.369181e-01
6001	3.106715e-01	8.738442e-01	3.645183e-02	4.556479e-02	2.386860e-01	7.141538e-02	2.401117e-01	4.851033e-01
17794	1.113400e-01	1.911036e-01	2.509487e-02	3.136858e-02	1.643208e-01	7.386628e-02	3.082442e-01	3.892654e-01
29426	9.096842e-01	3.765978e-01	4.985236e-02	6.231545e-02	3.264325e-01	3.264314e-01	4.172796e-01	8.426535e-01
5980	5.117951e-01	8.573770e-01	3.124056e-02	3.905070e-02	2.045627e-01	7.898017e-02	9.806345e-01	6.266634e-01
30107	1.868360e-01	5.987076e-01	2.219070e-02	2.773837e-02	1.453043e-01	1.372637e-01	4.090757e-01	1.021270e-01
16260	5.679362e-01	6.627545e-01	2.127087e-02	2.658858e-02	1.392813e-01	1.390123e-01	4.844022e-01	4.927210e-01
12888	3.348123e-01	1.135724e-01	2.403814e-02	3.004767e-02	1.574013e-01	8.724387e-02	7.321282e-01	5.731944e-01
7509	1.420678e-01	8.714059e-02	3.338487e-02	4.173109e-02	2.186036e-01	1.953403e-01	4.423110e-01	8.894823e-01
23569	1.319922e-01	2.762786e-01	4.691989e-02	5.864986e-02	3.072307e-01	2.522856e-01	5.962171e-01	2.728287e-01
