26186	4.888548e-01	9.258038e-01	2.373412e-02	2.966765e-02	1.554107e-01	5.848070e-02	6.981395e-01	3.887445e-01
10455	3.964871e-01	2.773393e-01	2.739684e-02	3.424604e-02	1.793941e-01	1.136805e-01	5.752188e-01	6.776751e-01
18802	5.562554e-02	4.206737e-01	2.271080e-02	2.838850e-02	1.487100e-01	1.486213e-01	1.563166e-01	9.846957e-01
26296	6.747683e-01	4.151654e-01	4.028223e-02	5.035279e-02	2.637674e-01	2.412911e-01	9.052980e-01	7.734936e-01
10412	5.039635e-02	1.095050e-01	5.149575e-02	6.436968e-02	3.371933e-01	2.155898e-01	1.318493e-01	1.587274e-01
1369	7.796587e-01	8.529643e-01	3.400283e-02	4.250354e-02	2.226500e-01	1.485134e-01	3.865907e-01	6.084983e-01
9335	3.205016e-02	2.982551e-01	2.089171e-02	2.611463e-02	1.367986e-01	1.020311e-01	6.743303e-01	1.552172e-01
28935	5.911189e-01	4.878683e-01	5.718101e-02	7.147626e-02	3.744203e-01	2.559401e-01	9.174206e-01	3.091664e-01
29853	1.710068e-01	1.344832e-01	2.667410e-02	3.334263e-02	1.746616e-01	1.373410e-01	7.542119e-01	2.442947e-01
31270	8.191910e-01	5.002772e-01	2.302329e-02	2.877911e-02	1.507561e-01	1.394134e-01	6.593153e-01	9.632288e-01
2282	1.872184e-01	8.446732e-01	3.740223e-02	4.675279e-02	2.449092e-01	1.759757e-01	2.468563e-01	4.682410e-01
22974	1.057660e-01	7.203892e-01	3.195665e-02	3.994581e-02	2.092517e-01	1.507198e-01	6.833854e-01	9.383073e-01
5271	7.754961e-01	2.573256e-01	3.093461e-02	3.866826e-02	2.025594e-01	1.941827e-01	3.044650e-01	6.314891e-01
9949	6.399315e-02	6.965394e-01	2.504705e-02	3.130881e-02	1.640077e-01	1.637846e-01	3.498735e-01	6.956910e-01
29652	5.856729e-01	9.411879e-01	3.724051e-02	4.655064e-02	2.438503e-01	2.006274e-01	6.225391e-01	8.214673e-01
31620	8.504939e-01	6.075528e-01	2.267815e-02	2.834769e-02	1.484962e-01	1.382534e-01	9.529496e-01	3.974735e-01
20703	8.269500e-02	3.100916e-01	6.869262e-02	8.586578e-02	4.497982e-01	1.982514e-01	2.902914e-02	2.586919e-01
18427	5.927011e-01	3.051493e-01	7.390753e-02	9.238441e-02	4.839453e-01	4.098773e-01	8.024171e-01	8.611726e-01
26395	3.772769e-01	9.335022e-01	5.888690e-02	7.360863e-02	3.855905e-01	2.966684e-01	4.826723e-02	6.205734e-01
16349	2.246628e-01	9.560506e-01	2.371566e-02	2.964457e-02	1.552898e-01	1.079287e-01	9.539532e-02	4.917453e-01
9738	2.796015e-01	9.227874e-01	4.386828e-02	5.483535e-02	2.872488e-01	8.566971e-02	7.030143e-01	7.796913e-01
12658	1.530696e-01	7.791049e-01	2.068500e-02	2.585626e-02	1.354451e-01	4.817126e-02	7.266949e-01	8.755472e-01
18574	9.631128e-01	5.180404e-02	2.712361e-02	3.390452e-02	1.776050e-01	1.325775e-01	6.620171e-01	2.479841e-01
32665	7.894984e-02	5.027546e-01	6.011237e-02	7.514046e-02	3.936148e-01	1.095677e-01	6.858437e-01	3.537809e-01
1422	1.834418e-01	3.133016e-01	3.887264e-02	4.859080e-02	2.545374e-01	2.105399e-01	9.649135e-01	3.081803e-01
388	9.218879e-01	5.940127e-01	2.100278e-02	2.625347e-02	1.375259e-01	1.193055e-01	8.607488e-01	9.367721e-01
2078	4.699331e-01	9.463545e-02	2.827022e-02	3.533778e-02	1.851130e-01	1.708824e-01	9.416075e-01	3.010338e-01
141	2.663213e-01	2.092805e-01	6.170788e-02	7.713485e-02	4.040622e-01	3.976589e-01	2.569732e-01	4.964170e-01
15389	4.049208e-01	4.130589e-01	3.464133e-02	4.330166e-02	2.268309e-01	2.085038e-01	9.420691e-01	6.974100e-01
1395	7.084467e-01	6.956000e-01	2.136660e-02	2.670825e-02	1.399081e-01	9.607590e-02	6.459378e-01	2.345789e-01
24945	8.583318e-01	4.319997e-01	3.163185e-02	3.953981e-02	2.071249e-01	1.706297e-01	8.118676e-01	1.028296e-01
27929	2.027631e-01	3.787068e-01	5.464516e-02	6.830646e-02	3.578157e-01	1.031822e-01	1.829741e-01	1.277039e-01
26038	2.241854e-01	7.019088e-01	5.818000e-02	7.272501e-02	3.809618e-01	2.575144e-01	9.411311e-01	5.540222e-01
27032	4.932443e-02	5.629692e-01	3.175172e-02	3.968965e-02	2.079098e-01	9.801241e-02	6.033199e-01	7.884987e-01
11607	1.169028e-01	6.714742e-01	2.215278e-02	2.769097e-02	1.450560e-01	6.355377e-02	8.828637e-01	3.738435e-01
18876	7.268806e-01	3.454570e-01	3.833171e-02	4.791464e-02	2.509954e-01	2.278638e-01	6.628106e-01	4.681434e-01
13138	8.190986e-01	3.316763e-01	3.375733e-02	4.219666e-02	2.210425e-01	2.200809e-01	5.743844e-01	3.920628e-01
31968	7.391484e-01	6.407850e-01	5.343116e-02	6.678896e-02	3.498664e-01	2.299137e-01	5.480374e-01	3.524307e-01
11756	1.418803e-01	2.090550e-01	2.129496e-02	2.661870e-02	1.394391e-01	1.119612e-01	1.639465e-01	4.736156e-02
27917	1.182511e-01	9.704013e-01	2.631697e-02	3.289621e-02	1.723231e-01	1.714405e-01	9.867565e-01	9.390165e-01
11418	1.171134e-01	5.330346e-01	2.150007e-02	2.687509e-02	1.407822e-01	9.427481e-02	7.480930e-01	6.317417e-01
14266	5.184138e-01	7.938173e-01	5.348008e-02	6.685011e-02	3.501868e-01	3.445608e-01	2.434863e-01	8.200330e-01
20040	5.639788e-01	2.358257e-01	2.674333e-02	3.342917e-02	1.751149e-01	1.725597e-01	7.912583e-01	2.369624e-01
21701	1.668629e-01	9.221850e-01	6.757193e-02	8.446491e-02	4.424599e-01	1.444873e-01	3.643053e-01	5.953542e-01
30315	2.702181e-01	3.183245e-01	2.527783e-02	3.159729e-02	1.655189e-01	1.626144e-01	2.102857e-01	8.685290e-01
1169	2.094809e-01	4.290800e-01	4.705438e-02	5.881798e-02	3.081114e-01	1.191117e-01	9.857016e-01	5.318507e-01
29431	7.103156e-01	4.419279e-01	2.316999e-02	2.896249e-02	1.517168e-01	9.138031e-02	6.940985e-01	4.478740e-01
9894	6.018442e-01	3.646800e-01	2.291482e-02	2.864353e-02	1.500459e-01	1.499142e-01	8.808958e-01	9.738611e-01
16464	3.648346e-01	3.046613e-01	2.181567e-02	2.726958e-02	1.428487e-01	1.351967e-01	6.721470e-01	2.831305e-01
23261	3.498839e-01	3.556301e-01	2.327557e-02	2.909446e-02	1.524081e-01	3.957398e-02	8.744964e-01	6.473153e-01
7245	8.039519e-01	2.166165e-01	3.292406e-02	4.115508e-02	2.155863e-01	2.114015e-01	4.540331e-01	7.047013e-01
24587	1.219117e-01	2.208246e-01	4.013590e-02	5.016987e-02	2.628092e-01	9.336623e-02	3.578830e-01	6.415972e-01
21070	3.705649e-01	6.753465e-01	3.608745e-02	4.510931e-02	2.363000e-01	9.548904e-02	1.788153e-01	9.672775e-01
20695	6.943227e-01	3.064071e-01	2.886762e-02	3.608452e-02	1.890247e-01	1.749010e-01	2.518834e-01	8.200628e-01
4905	5.599464e-01	5.914471e-02	4.802233e-02	6.002791e-02	3.144494e-01	1.034365e-01	8.993822e-01	2.550984e-01
17452	7.151988e-01	2.360470e-01	3.726559e-02	4.658199e-02	2.440145e-01	2.437385e-01	4.308910e-01	3.077733e-01
7285	2.892094e-01	6.824856e-01	2.147184e-02	2.683980e-02	1.405973e-01	1.031192e-01	5.441869e-01	6.994350e-01
14223	5.141929e-01	5.476411e-01	4.733751e-02	5.917189e-02	3.099653e-01	9.697474e-02	8.158685e-01	3.554365e-01
30715	9.263059e-01	4.740335e-01	2.540787e-02	3.175984e-02	1.663704e-01	1.445990e-01	4.761716e-01	1.411576e-01
14906	4.443228e-01	6.039769e-01	2.316164e-02	2.895205e-02	1.516621e-01	1.279882e-01	8.889519e-01	8.730417e-01
29122	6.090443e-01	6.600494e-01	3.534723e-02	4.418404e-02	2.314531e-01	1.956148e-01	8.042208e-02	2.172439e-01
22564	1.465226e-01	9.926885e-02	2.228505e-02	2.785631e-02	1.459222e-01	1.086515e-01	2.209187e-01	3.360189e-01
3602	6.369674e-02	3.789999e-01	2.302871e-02	2.878589e-02	1.507916e-01	1.363312e-01	3.802802e-01	6.087644e-01
18129	1.063127e-01	6.194547e-01	4.248999e-02	5.311249e-02	2.782238e-01	1.488394e-01	2.936113e-01	5.509640e-01
28344	5.364073e-01	3.565557e-01	4.608667e-02	5.760834e-02	3.017748e-01	2.929984e-01	3.511589e-01	2.734121e-01
26837	1.055368e-01	7.923386e-01	6.125003e-02	7.656253e-02	4.010642e-01	2.210531e-01	8.013595e-01	9.617605e-01
3994	7.514465e-01	7.958952e-01	2.502868e-02	3.128585e-02	1.638874e-01	1.341048e-01	6.330845e-01	3.252609e-01
12344	4.289989e-01	4.474037e-01	2.591697e-02	3.239621e-02	1.697039e-01	1.603679e-01	3.209668e-01	6.384755e-01
22646	2.308777e-01	5.438992e-01	7.671045e-02	9.588806e-02	5.022988e-01	4.892790e-01	9.956932e-01	9.631265e-01
22717	6.675477e-01	6.193837e-01	3.308938e-02	4.136173e-02	2.166688e-01	2.110319e-01	1.226699e-01	9.582248e-01
683	1.414980e-01	4.120065e-01	6.255834e-02	7.819793e-02	4.096310e-01	2.495495e-01	1.734991e-02	8.084408e-01
20842	2.389610e-01	1.154399e-01	3.659945e-02	4.574931e-02	2.396526e-01	1.375258e-01	2.041854e-01	2.944697e-02
26312	4.439222e-01	8.599668e-01	2.100352e-02	2.625439e-02	1.375307e-01	1.205552e-01	3.898634e-01	1.845221e-01
26296	6.514588e-01	2.123926e-01	2.647214e-02	3.309017e-02	1.733391e-01	6.813652e-02	4.916410e-01	7.523980e-01
28258	3.728918e-01	8.531891e-02	3.698544e-02	4.623180e-02	2.421801e-01	1.091188e-01	2.775092e-01	7.406682e-01
25798	6.709774e-01	8.768393e-01	3.332345e-02	4.165431e-02	2.182014e-01	1.287455e-01	9.537174e-01	6.957046e-01
24691	5.464259e-01	6.944349e-01	2.812561e-02	3.515701e-02	1.841660e-01	1.723859e-01	6.719018e-01	9.698102e-02
