5269	1.117575e-01	6.717052e-01	3.117234e-02	3.896543e-02	2.041160e-01	2.028635e-01	7.581527e-01	8.739249e-02
8780	2.386654e-01	8.769536e-01	2.479176e-02	3.098970e-02	1.623360e-01	8.055989e-02	1.716256e-01	2.427037e-01
18729	2.905966e-01	7.911309e-01	7.517353e-02	9.396691e-02	4.922351e-01	4.194485e-01	2.778094e-01	3.346858e-01
26668	2.358910e-01	9.429534e-01	4.937877e-02	6.172346e-02	3.233314e-01	3.100402e-01	5.706124e-01	4.619093e-02
22622	4.516045e-01	3.571679e-01	5.633680e-02	7.042100e-02	3.688925e-01	2.443576e-01	5.181621e-01	6.459431e-01
7507	6.045592e-01	4.761099e-01	5.873349e-02	7.341687e-02	3.845860e-01	3.784704e-01	7.471695e-01	9.806350e-01
27925	7.460256e-01	2.737096e-01	6.223350e-02	7.779187e-02	4.075040e-01	3.270771e-01	2.981390e-01	1.815318e-01
30989	6.705642e-01	2.383468e-01	4.378633e-02	5.473292e-02	2.867122e-01	2.203486e-01	6.010121e-01	9.718908e-01
7865	7.124763e-01	3.539818e-01	5.107700e-02	6.384625e-02	3.344514e-01	2.526165e-01	8.535398e-01	2.741175e-01
11597	7.941277e-01	6.414748e-01	5.466781e-02	6.833476e-02	3.579640e-01	1.291648e-01	3.817135e-01	1.733536e-01
15114	9.965337e-02	1.324944e-01	4.670138e-02	5.837672e-02	3.057999e-01	2.343256e-01	9.595594e-01	1.442334e-01
27698	2.741120e-01	5.597356e-01	6.492129e-02	8.115162e-02	4.251036e-01	2.482104e-01	6.628266e-01	4.441929e-01
8854	5.319415e-01	4.353391e-01	3.129056e-02	3.911320e-02	2.048901e-01	1.490466e-01	7.671702e-01	2.078042e-01
21968	6.842915e-01	6.923598e-01	4.168878e-02	5.211098e-02	2.729775e-01	2.258888e-01	2.151528e-01	5.028751e-01
16724	2.655448e-01	2.588239e-01	2.657883e-02	3.322353e-02	1.740377e-01	1.712388e-01	7.038044e-01	7.017818e-01
12676	4.717994e-01	6.545626e-01	2.367892e-02	2.959866e-02	1.550492e-01	1.054124e-01	2.629239e-01	3.754807e-01
19827	6.865137e-01	8.439163e-01	4.823569e-02	6.029462e-02	3.158466e-01	1.905327e-01	6.211918e-01	7.496541e-01
1035	1.877901e-01	4.238668e-01	4.737855e-02	5.922319e-02	3.102340e-01	2.951919e-01	5.738664e-01	8.686024e-01
12314	4.653056e-01	8.782109e-01	4.401225e-02	5.501531e-02	2.881915e-01	2.536027e-01	2.667259e-01	8.325052e-01
6009	8.218113e-02	4.622458e-01	2.104188e-02	2.630235e-02	1.377819e-01	1.318165e-01	6.030129e-01	2.399031e-01
26058	9.188445e-01	1.031935e-01	2.346104e-02	2.932630e-02	1.536225e-01	7.322993e-02	8.236085e-01	7.914534e-02
14340	5.215131e-01	3.780555e-01	5.556414e-02	6.945518e-02	3.638331e-01	2.030809e-01	6.882413e-01	4.676255e-01
15414	4.347062e-02	2.676318e-01	2.641636e-02	3.302045e-02	1.729739e-01	1.696306e-01	3.449408e-02	2.840696e-01
17264	6.058555e-01	3.860839e-01	6.628990e-02	8.286238e-02	4.340652e-01	3.681433e-01	8.876373e-02	3.711319e-01
12953	5.228662e-01	2.182858e-01	2.711894e-02	3.389867e-02	1.775744e-01	8.363514e-02	8.922780e-01	6.580610e-01
19695	6.088611e-01	8.831025e-01	3.043009e-02	3.803761e-02	1.992557e-01	1.742608e-01	6.477240e-01	5.925909e-01
16608	1.524186e-01	5.973376e-01	4.593998e-02	5.742498e-02	3.008143e-01	1.023569e-01	9.908907e-01	7.423662e-01
26092	8.057296e-01	4.880660e-01	4.422617e-02	5.528271e-02	2.895923e-01	2.509275e-01	1.534152e-01	2.302163e-01
10323	6.080908e-01	2.320595e-01	6.098774e-02	7.623467e-02	3.993468e-01	3.827597e-01	1.024315e-01	3.885420e-01
4479	6.143682e-02	8.270115e-01	4.500387e-02	5.625484e-02	2.946847e-01	2.944145e-01	9.464984e-01	9.081017e-02
27474	3.175943e-01	5.667960e-01	2.964030e-02	3.705037e-02	1.940842e-01	8.017130e-02	2.069059e-01	3.851094e-01
2070	3.182838e-01	1.522971e-01	3.192313e-02	3.990391e-02	2.090321e-01	1.480874e-01	8.465785e-01	1.593132e-01
12132	9.632786e-01	5.963225e-01	2.806700e-02	3.508375e-02	1.837823e-01	1.197998e-01	7.487536e-01	5.347024e-01
30658	3.972047e-01	6.878121e-02	4.156300e-02	5.195375e-02	2.721539e-01	2.710452e-01	4.795222e-02	6.974108e-02
24259	3.763380e-01	1.089851e-01	2.402394e-02	3.002992e-02	1.573084e-01	4.195618e-02	8.359079e-01	8.180675e-02
3625	5.908111e-01	1.191543e-01	3.346933e-02	4.183666e-02	2.191566e-01	1.340431e-01	9.334727e-02	1.640529e-02
948	1.084763e-01	2.838163e-01	4.165661e-02	5.207076e-02	2.727668e-01	2.665903e-01	6.001816e-01	5.849643e-01
13331	7.534150e-01	4.386427e-01	2.509204e-02	3.136506e-02	1.643023e-01	1.599430e-01	6.287780e-01	7.017613e-01
18841	7.544133e-01	1.715465e-01	2.202245e-02	2.752806e-02	1.442027e-01	4.336718e-02	3.908288e-01	4.950417e-01
17997	5.070353e-01	6.970552e-01	5.504268e-02	6.880335e-02	3.604186e-01	2.755732e-01	9.650563e-01	2.823258e-01
23695	2.731821e-01	8.947159e-01	2.907216e-02	3.634020e-02	1.903640e-01	5.252662e-02	8.382804e-01	6.164358e-01
8285	6.482396e-01	8.150120e-01	2.257113e-02	2.821391e-02	1.477954e-01	1.136641e-01	2.982263e-01	9.301826e-02
26777	6.146092e-02	3.952453e-01	3.772475e-02	4.715594e-02	2.470211e-01	1.925794e-01	5.358199e-01	9.422695e-01
9184	5.125271e-01	1.622151e-01	3.078233e-02	3.847792e-02	2.015622e-01	1.267470e-01	6.166924e-01	2.560110e-01
23660	3.918710e-01	8.064428e-01	3.317980e-02	4.147475e-02	2.172608e-01	7.113963e-02	9.809482e-01	1.270472e-01
10344	8.426485e-01	7.517025e-01	2.348792e-02	2.935990e-02	1.537986e-01	1.112668e-01	6.964407e-01	3.712522e-01
291	4.763432e-01	1.951295e-01	2.360015e-02	2.950019e-02	1.545334e-01	1.340097e-01	4.691178e-02	2.032887e-01
29774	2.059134e-01	3.686149e-01	2.899547e-02	3.624433e-02	1.898619e-01	1.177323e-01	8.061850e-01	9.316713e-01
5869	7.464967e-01	8.587979e-01	4.494919e-02	5.618649e-02	2.943266e-01	2.483866e-01	2.527855e-01	6.404302e-01
14458	7.828251e-01	7.646721e-01	4.654683e-02	5.818353e-02	3.047879e-01	2.192091e-01	8.243388e-01	8.606452e-01
9861	1.669441e-01	2.408805e-01	2.087460e-02	2.609325e-02	1.366866e-01	1.176890e-01	9.163497e-01	9.469810e-01
17834	1.991210e-01	1.384135e-01	2.721877e-02	3.402346e-02	1.782281e-01	1.089215e-01	9.639751e-01	5.348029e-01
27112	4.147656e-01	1.787342e-01	4.255132e-02	5.318915e-02	2.786254e-01	1.769204e-01	9.191632e-01	6.710003e-01
14033	4.835292e-01	1.363747e-01	2.771682e-02	3.464603e-02	1.814893e-01	1.740405e-01	5.406525e-01	9.862702e-01
24113	8.567811e-01	1.615743e-01	3.016660e-02	3.770825e-02	1.975304e-01	8.762023e-02	6.573063e-01	4.107435e-01
211	8.862076e-01	3.900275e-01	5.109570e-02	6.386962e-02	3.345738e-01	3.344441e-01	4.841824e-02	8.273954e-01
27247	2.377894e-01	3.272275e-01	2.597763e-02	3.247204e-02	1.701011e-01	1.637264e-01	8.568307e-02	8.714619e-01
7511	6.520227e-01	1.086543e-01	2.501062e-02	3.126327e-02	1.637691e-01	1.406044e-01	2.283031e-01	5.551324e-01
5882	2.616159e-01	4.744568e-01	3.304203e-02	4.130254e-02	2.163587e-01	2.058815e-01	9.443172e-01	9.272533e-02
29783	9.545820e-01	7.222472e-01	4.049470e-02	5.061837e-02	2.651586e-01	9.348199e-02	9.290482e-01	2.262710e-01
17689	4.221542e-01	3.979223e-01	2.060351e-02	2.575438e-02	1.349114e-01	1.169762e-01	4.064411e-01	7.079143e-01
13039	7.107203e-02	7.671841e-01	3.361306e-02	4.201632e-02	2.200978e-01	1.643254e-01	3.681094e-02	3.470238e-01
32537	1.954539e-01	8.736852e-01	2.446237e-02	3.057797e-02	1.601792e-01	5.768795e-02	2.325293e-02	1.906832e-01
18104	7.173614e-01	1.221836e-01	2.330638e-02	2.913298e-02	1.526098e-01	1.385580e-01	8.157349e-01	2.975749e-01
7196	3.300582e-01	4.125876e-01	5.478105e-02	6.847632e-02	3.587055e-01	3.582601e-01	2.489238e-01	7.031812e-01
16135	7.115374e-01	6.234487e-01	2.650846e-02	3.313557e-02	1.735770e-01	9.636813e-02	1.791690e-01	2.916708e-01
16660	9.640380e-01	6.912403e-01	3.013143e-02	3.766428e-02	1.973001e-01	8.432008e-02	9.694898e-01	6.385510e-01
9905	3.147826e-01	3.618640e-01	2.307272e-02	2.884090e-02	1.510798e-01	5.398143e-02	9.515853e-01	1.155452e-01
3185	3.929561e-01	7.382238e-01	6.543176e-02	8.178970e-02	4.284462e-01	3.374276e-01	7.926544e-02	4.748431e-01
12544	8.131800e-01	8.500605e-01	3.435564e-02	4.294455e-02	2.249602e-01	2.248973e-01	4.062478e-01	8.266210e-01
4481	2.465603e-01	1.160658e-01	6.200421e-02	7.750527e-02	4.060026e-01	1.635693e-01	1.891177e-01	7.729599e-02
