28530	4.591559e-01	8.681892e-01	2.952429e-02	3.690536e-02	1.933246e-01	1.272882e-01	2.406640e-01	7.631904e-01
18253	9.516666e-02	2.976480e-01	3.173460e-02	3.966825e-02	2.077977e-01	6.815946e-02	5.685449e-01	3.623798e-01
9519	4.965394e-01	4.897864e-01	2.171763e-02	2.714704e-02	1.422067e-01	5.411618e-02	7.917745e-01	3.947358e-01
9418	8.486188e-01	4.087509e-01	2.295999e-02	2.869999e-02	1.503417e-01	4.126087e-02	9.609173e-01	6.911233e-01
16736	4.437124e-01	7.473633e-01	3.587835e-02	4.484794e-02	2.349309e-01	2.320700e-01	2.127738e-01	8.832072e-01
1554	7.931115e-01	7.187620e-01	3.173555e-02	3.966943e-02	2.078039e-01	1.984620e-01	8.756701e-01	7.262377e-01
1906	3.307151e-01	5.274404e-02	3.484685e-02	4.355856e-02	2.281766e-01	2.241083e-01	2.320910e-01	6.678429e-01
19490	3.654078e-01	8.660132e-01	2.305501e-02	2.881876e-02	1.509638e-01	1.418131e-01	3.202500e-01	8.139715e-01
19275	1.815397e-01	8.814131e-01	2.181421e-02	2.726776e-02	1.428391e-01	8.017486e-02	7.404355e-01	3.477997e-01
31203	6.096282e-02	7.532197e-01	2.256353e-02	2.820442e-02	1.477457e-01	5.279676e-02	7.182051e-01	5.302484e-01
6058	2.280522e-01	6.646189e-01	4.552062e-02	5.690078e-02	2.980683e-01	1.383080e-01	9.217231e-01	5.974423e-01
10164	4.430719e-01	6.144911e-01	2.598582e-02	3.248227e-02	1.701547e-01	1.407557e-01	3.201920e-01	7.825637e-01
7154	5.349468e-01	3.719849e-01	3.107700e-02	3.884625e-02	2.034917e-01	1.794695e-01	6.711390e-01	2.357143e-01
724	7.101915e-01	6.267407e-01	2.981132e-02	3.726415e-02	1.952040e-01	1.940966e-01	2.966850e-03	7.822422e-01
2460	6.500235e-01	2.507516e-01	3.735363e-02	4.669203e-02	2.445910e-01	2.445720e-01	9.230223e-01	4.481373e-01
13685	7.598931e-01	7.813456e-01	3.183560e-02	3.979450e-02	2.084590e-01	1.050500e-01	3.711936e-01	1.177686e-01
8894	6.395377e-01	4.835761e-01	2.341860e-02	2.927325e-02	1.533446e-01	1.252833e-01	8.724009e-01	8.878364e-01
9337	1.622157e-01	6.975242e-01	6.044263e-02	7.555329e-02	3.957774e-01	3.530761e-01	9.167862e-01	5.577289e-01
30637	5.713285e-02	5.597306e-01	2.140181e-02	2.675226e-02	1.401387e-01	1.396968e-01	4.717656e-01	2.431776e-01
8680	8.434418e-01	5.283604e-01	6.314434e-02	7.893043e-02	4.134682e-01	1.867988e-01	3.879210e-01	8.151927e-01
5402	7.791984e-01	9.572843e-02	2.668577e-02	3.335721e-02	1.747380e-01	9.933464e-02	2.941415e-01	1.655121e-01
11988	8.856700e-01	8.333392e-01	2.272403e-02	2.840504e-02	1.487966e-01	1.129184e-01	2.617997e-01	1.089624e-01
16529	3.174962e-01	4.801302e-01	6.984011e-02	8.730014e-02	4.573119e-01	3.717991e-01	9.734564e-01	1.379519e-01
12496	3.258719e-01	6.595781e-01	2.145761e-02	2.682201e-02	1.405041e-01	1.167993e-01	6.858102e-01	9.911844e-02
11024	2.451660e-01	7.382431e-01	3.964355e-02	4.955443e-02	2.595853e-01	1.592161e-01	6.762225e-01	6.965938e-01
15380	1.190796e-01	3.910351e-01	2.532070e-02	3.165087e-02	1.657995e-01	1.657327e-01	2.850046e-01	6.028648e-01
3037	6.014776e-01	7.254540e-01	4.382045e-02	5.477557e-02	2.869357e-01	1.678714e-01	4.908052e-01	9.670441e-01
3028	2.904006e-01	6.100651e-01	5.981265e-02	7.476581e-02	3.916523e-01	3.706666e-01	2.494561e-01	5.507387e-01
28031	9.230750e-01	5.888305e-01	2.666415e-02	3.333019e-02	1.745965e-01	8.756908e-02	3.381604e-01	2.430756e-01
27509	2.029757e-01	7.733127e-01	4.222404e-02	5.278005e-02	2.764824e-01	2.074256e-01	8.068525e-01	2.318964e-01
10962	6.984020e-01	7.533847e-01	2.174862e-02	2.718577e-02	1.424096e-01	1.411263e-01	9.842880e-01	3.425507e-01
17800	1.085482e-01	1.899777e-01	3.793021e-02	4.741277e-02	2.483664e-01	2.026931e-01	4.371148e-01	8.132132e-01
20629	4.802514e-01	9.432932e-01	4.927020e-02	6.158775e-02	3.226205e-01	3.225288e-01	1.599207e-01	8.084106e-01
9158	3.639603e-01	8.157726e-01	2.180001e-02	2.725001e-02	1.427461e-01	1.379621e-01	2.343829e-01	9.485756e-01
13824	5.186528e-01	3.486726e-01	2.503883e-02	3.129854e-02	1.639539e-01	6.731399e-02	6.351760e-01	1.953838e-01
14253	5.538225e-01	5.468656e-01	7.153072e-02	8.941340e-02	4.683820e-01	2.005447e-01	3.024071e-01	4.085476e-01
5225	3.490696e-01	8.604483e-02	2.082678e-02	2.603348e-02	1.363734e-01	1.348077e-01	7.801310e-02	6.463331e-01
1852	6.187594e-02	8.848776e-01	4.291033e-02	5.363792e-02	2.809762e-01	1.220924e-01	7.135240e-01	9.710716e-01
10820	4.771661e-01	3.926790e-01	3.538835e-02	4.423544e-02	2.317224e-01	1.322445e-01	4.209157e-01	4.875909e-01
21584	2.836330e-01	7.522709e-01	3.629550e-02	4.536938e-02	2.376624e-01	1.661643e-01	1.489233e-01	2.706646e-02
9172	8.996770e-01	2.694910e-01	2.126508e-02	2.658135e-02	1.392434e-01	1.383368e-01	2.586331e-01	2.593307e-01
22684	6.172439e-01	3.391365e-01	2.783265e-02	3.479082e-02	1.822478e-01	1.382109e-01	1.085338e-01	7.349612e-01
20931	2.129791e-01	4.590314e-01	5.879733e-02	7.349667e-02	3.850040e-01	2.599048e-01	8.456783e-01	3.436836e-01
7737	6.894135e-01	2.443415e-01	2.959450e-02	3.699312e-02	1.937843e-01	1.735193e-01	9.606035e-01	2.479747e-01
25945	5.840829e-01	4.349357e-01	5.341847e-02	6.677309e-02	3.497833e-01	2.687691e-01	9.908783e-01	9.992855e-01
28244	6.283826e-01	6.810313e-01	2.553853e-02	3.192316e-02	1.672259e-01	7.346244e-02	2.341525e-01	6.988156e-01
7965	7.875115e-01	5.735567e-01	2.411132e-02	3.013915e-02	1.578805e-01	1.356408e-01	7.471972e-01	2.636309e-01
19140	8.090590e-01	8.230640e-01	7.031861e-02	8.789827e-02	4.604452e-01	1.560870e-01	9.231784e-01	4.043735e-02
29536	5.454803e-01	9.002599e-01	3.464117e-02	4.330147e-02	2.268299e-01	2.252050e-01	4.318601e-01	5.211588e-01
8369	1.414871e-01	8.906856e-01	2.466021e-02	3.082526e-02	1.614746e-01	1.597745e-01	1.623357e-01	5.268774e-01
31303	1.728318e-01	6.164075e-01	2.886097e-02	3.607622e-02	1.889812e-01	9.017044e-02	9.690910e-01	7.602412e-01
23566	5.124085e-01	6.766277e-01	3.379392e-02	4.224239e-02	2.212820e-01	1.823633e-01	1.667186e-01	9.610178e-01
28240	5.296158e-01	2.581438e-01	2.825812e-02	3.532265e-02	1.850337e-01	1.836896e-01	7.616903e-01	1.829422e-01
27422	3.775425e-02	3.267001e-01	2.423807e-02	3.029759e-02	1.587105e-01	1.426760e-01	3.415016e-01	5.907833e-01
32625	4.262458e-01	6.785165e-01	2.640747e-02	3.300934e-02	1.729157e-01	1.691120e-01	1.888103e-01	5.071587e-01
24969	5.201136e-02	8.280285e-01	3.347299e-02	4.184124e-02	2.191806e-01	2.097026e-01	8.562806e-01	2.820560e-01
11406	5.467855e-01	7.463598e-02	2.552975e-02	3.191219e-02	1.671684e-01	1.533235e-01	4.523994e-01	3.701466e-01
31692	4.170427e-01	1.334857e-01	3.724252e-02	4.655315e-02	2.438634e-01	2.272646e-01	7.061012e-01	8.550699e-01
24895	4.099468e-02	1.362082e-01	2.374099e-02	2.967623e-02	1.554556e-01	1.541467e-01	4.162680e-01	1.711204e-01
3345	1.557726e-01	8.078304e-01	4.506957e-02	5.633696e-02	2.951148e-01	2.352361e-01	3.992649e-01	3.238585e-01
16508	7.833234e-01	3.182850e-01	3.047121e-02	3.808901e-02	1.995250e-01	1.973694e-01	8.601650e-02	9.197925e-01
12975	6.082090e-01	8.293785e-01	4.505621e-02	5.632026e-02	2.950273e-01	1.436730e-01	8.840025e-01	4.240013e-01
29408	8.352808e-01	9.311571e-02	2.490177e-02	3.112721e-02	1.630564e-01	4.471607e-02	2.992580e-01	9.258205e-01
12607	9.087096e-01	3.647747e-01	3.358312e-02	4.197890e-02	2.199018e-01	2.044821e-01	5.627462e-01	2.512029e-01
22944	3.255577e-01	7.994417e-01	2.805311e-02	3.506638e-02	1.836913e-01	1.034635e-01	4.713217e-01	7.618563e-01
20931	3.286695e-01	5.344041e-01	2.368282e-02	2.960353e-02	1.550747e-01	1.135820e-01	4.529397e-01	8.761240e-01
22122	9.230042e-01	2.301733e-01	2.225419e-02	2.781774e-02	1.457201e-01	1.168531e-01	3.115847e-01	6.419387e-01
6275	5.349790e-01	4.441574e-01	3.728770e-02	4.660962e-02	2.441593e-01	1.640222e-01	4.256246e-01	2.615008e-01
4001	2.758005e-01	2.526474e-01	6.847683e-02	8.559604e-02	4.483852e-01	4.383294e-01	1.965088e-01	9.194205e-01
2837	6.464929e-01	3.670702e-01	2.276175e-02	2.845219e-02	1.490436e-01	7.398940e-02	7.399920e-01	7.777359e-01
28923	4.492465e-01	2.683432e-01	2.781668e-02	3.477085e-02	1.821432e-01	6.490886e-02	9.564964e-01	1.830866e-01
18301	3.297615e-02	2.504077e-01	3.171788e-02	3.964735e-02	2.076882e-01	6.212270e-02	3.828708e-01	3.727557e-01
10096	5.719109e-02	9.624495e-01	2.763769e-02	3.454711e-02	1.809712e-01	1.050977e-01	9.828212e-01	1.400069e-01
31446	7.434679e-01	1.156555e-01	4.789590e-02	5.986987e-02	3.136216e-01	1.134414e-01	4.350940e-01	1.923462e-01
27265	9.134475e-01	7.307497e-01	2.237367e-02	2.796709e-02	1.465024e-01	1.457328e-01	8.336576e-01	4.700556e-01
14528	2.993822e-01	3.755580e-01	4.341003e-02	5.426254e-02	2.842482e-01	2.506337e-01	7.283409e-01	3.734783e-01
15422	6.112711e-01	9.689759e-01	2.827490e-02	3.534362e-02	1.851436e-01	7.070248e-02	6.334358e-01	2.108768e-01
19195	4.914516e-01	3.289888e-01	2.449680e-02	3.062100e-02	1.604047e-01	1.587024e-01	8.977011e-01	5.476249e-01
