4192	7.714162e-01	7.977405e-01	5.217426e-02	6.521782e-02	3.416362e-01	1.198290e-01	6.753443e-01	9.545799e-01
21089	2.735626e-01	8.727626e-01	5.265960e-02	6.582450e-02	3.448142e-01	3.431539e-01	4.115891e-01	7.304078e-01
15687	3.266667e-01	6.494097e-01	6.312458e-02	7.890572e-02	4.133388e-01	3.852145e-01	7.881671e-01	3.045882e-01
20085	3.170690e-01	3.285013e-01	5.354243e-02	6.692803e-02	3.505950e-01	3.012079e-01	1.890129e-01	9.881652e-01
21762	1.084435e-01	4.580945e-01	5.141809e-02	6.427261e-02	3.366848e-01	3.366631e-01	5.706224e-01	9.943424e-01
24579	1.593645e-01	1.214511e-01	2.648608e-02	3.310760e-02	1.734304e-01	1.110200e-01	5.631763e-02	6.902458e-01
25632	4.280304e-01	2.944919e-01	5.045795e-02	6.307243e-02	3.303979e-01	1.508647e-01	5.489364e-01	5.747124e-01
3963	9.165227e-01	6.234264e-01	3.136537e-02	3.920672e-02	2.053800e-01	6.643489e-02	9.195288e-01	9.851809e-01
28304	3.411261e-01	4.287537e-01	5.260749e-02	6.575936e-02	3.444730e-01	2.682943e-01	4.863496e-01	1.942217e-01
22172	1.909647e-01	8.051313e-02	2.597089e-02	3.246361e-02	1.700570e-01	1.667650e-01	7.861383e-01	4.696626e-01
11813	5.095673e-01	5.163565e-01	2.555952e-02	3.194940e-02	1.673634e-01	1.311086e-01	9.419012e-01	3.434588e-02
1003	9.221549e-01	4.639212e-01	4.585451e-02	5.731814e-02	3.002546e-01	3.002088e-01	9.237787e-02	9.121766e-01
5710	2.494350e-01	1.417479e-01	2.730922e-02	3.413653e-02	1.788204e-01	5.675238e-02	6.898810e-01	8.910696e-02
18026	5.699653e-01	1.048971e-01	5.406956e-02	6.758695e-02	3.540466e-01	3.540262e-01	8.390314e-01	1.246687e-01
14295	6.009464e-01	6.213902e-01	2.300034e-02	2.875043e-02	1.506059e-01	4.361783e-02	7.429496e-01	9.013322e-01
13799	1.089741e-01	1.949782e-01	5.122451e-02	6.403064e-02	3.354173e-01	1.999756e-01	5.977548e-01	8.448545e-01
10498	2.670872e-01	1.703193e-01	2.220680e-02	2.775850e-02	1.454098e-01	1.224004e-01	3.385559e-01	2.200104e-01
21983	4.872405e-01	8.557460e-01	2.118321e-02	2.647902e-02	1.387073e-01	4.268857e-02	1.033400e-01	4.353535e-01
6432	2.180652e-01	2.755504e-01	4.077232e-02	5.096541e-02	2.669765e-01	7.823721e-02	8.841327e-01	3.001663e-02
18675	9.423408e-01	9.419666e-01	4.024149e-02	5.030186e-02	2.635006e-01	2.614179e-01	5.720725e-01	4.146416e-02
4049	8.877048e-01	3.998079e-01	3.012939e-02	3.766174e-02	1.972868e-01	1.203818e-01	5.526746e-01	2.851978e-01
21632	3.091457e-01	5.149601e-01	7.727544e-02	9.659430e-02	5.059984e-01	3.412555e-01	6.096001e-01	1.156393e-01
21642	4.156103e-01	9.421542e-02	2.242202e-02	2.802753e-02	1.468191e-01	1.242060e-01	1.912377e-01	7.111147e-01
18030	2.271059e-01	4.726794e-01	4.047745e-02	5.059681e-02	2.650457e-01	2.572266e-01	4.346386e-01	9.354279e-02
27498	4.367784e-01	5.818058e-01	3.493771e-02	4.367214e-02	2.287716e-01	2.118725e-01	6.271195e-01	5.877749e-01
25599	1.133472e-01	7.865649e-01	6.797679e-02	8.497099e-02	4.451110e-01	2.705647e-01	4.605839e-01	4.261658e-01
10382	4.141450e-01	8.962274e-01	2.773655e-02	3.467068e-02	1.816185e-01	1.805143e-01	9.581808e-01	6.209774e-01
17212	8.592756e-01	9.087337e-01	2.790130e-02	3.487663e-02	1.826973e-01	7.303738e-02	6.807414e-01	2.402921e-01
6195	5.875709e-01	7.117310e-01	2.530424e-02	3.163030e-02	1.656918e-01	1.627817e-01	6.676009e-03	2.352850e-01
28346	8.701363e-01	5.667471e-01	2.354890e-02	2.943613e-02	1.541978e-01	1.449606e-01	9.086392e-01	1.341074e-01
12998	3.551215e-01	1.371568e-01	3.443187e-02	4.303984e-02	2.254594e-01	2.216464e-01	3.046897e-01	1.824148e-01
6333	1.559351e-01	2.504753e-01	3.408392e-02	4.260490e-02	2.231810e-01	1.351648e-01	4.731699e-01	7.662718e-01
11815	4.990873e-01	2.235380e-01	2.565292e-02	3.206615e-02	1.679749e-01	1.643098e-01	5.738671e-01	4.015907e-01
15417	5.514764e-01	4.666658e-01	5.071948e-02	6.339935e-02	3.321104e-01	3.220751e-01	5.306317e-01	6.669574e-01
15793	1.829251e-01	9.112781e-01	2.448273e-02	3.060342e-02	1.603126e-01	1.375316e-01	4.302879e-01	8.157510e-01
32268	5.322582e-01	7.040272e-01	2.262726e-02	2.828408e-02	1.481629e-01	1.253303e-01	6.765719e-01	9.434721e-01
18413	6.341802e-01	9.190925e-01	5.486741e-02	6.858426e-02	3.592710e-01	1.409163e-01	1.081785e-01	2.454420e-01
6645	9.490595e-01	2.919136e-01	3.434121e-02	4.292652e-02	2.248657e-01	1.967464e-01	1.642712e-01	4.770799e-01
8967	2.955669e-01	4.563721e-02	2.058634e-02	2.573292e-02	1.347990e-01	5.890982e-02	6.566108e-01	3.584020e-01
17155	4.619124e-01	1.099806e-01	4.748128e-02	5.935160e-02	3.109067e-01	2.601931e-01	2.215448e-01	7.631627e-01
13208	3.696639e-01	8.239086e-01	2.276774e-02	2.845968e-02	1.490828e-01	4.812599e-02	5.294642e-01	7.519079e-01
5347	8.532629e-01	7.428894e-01	2.287339e-02	2.859173e-02	1.497746e-01	1.492346e-01	3.461632e-03	9.290191e-01
32412	6.391008e-01	3.300070e-01	3.860049e-02	4.825061e-02	2.527554e-01	1.401896e-01	6.922899e-01	2.807832e-01
12919	7.719904e-01	5.604181e-02	2.475343e-02	3.094178e-02	1.620851e-01	1.619416e-01	9.868610e-01	8.372584e-01
5640	3.803982e-01	7.898065e-01	3.189746e-02	3.987183e-02	2.088641e-01	1.997966e-01	1.753593e-01	3.858668e-01
6769	7.054040e-01	9.646597e-01	2.506669e-02	3.133337e-02	1.641363e-01	1.640856e-01	4.983004e-01	7.255395e-01
151	1.638751e-01	7.460457e-01	4.532757e-02	5.665946e-02	2.968042e-01	2.870131e-01	9.630608e-01	8.894928e-02
13151	6.741730e-01	2.627712e-01	3.963995e-02	4.954994e-02	2.595618e-01	2.345816e-01	1.589647e-01	6.298520e-01
20847	4.186245e-01	6.899928e-01	7.946571e-02	9.933213e-02	5.203402e-01	5.074913e-01	1.420233e-01	6.605179e-01
473	1.806594e-01	5.593360e-01	2.150717e-02	2.688397e-02	1.408286e-01	7.193437e-02	9.395111e-01	1.569503e-01
7374	8.202649e-01	7.973446e-01	2.130990e-02	2.663738e-02	1.395369e-01	7.402902e-02	9.517568e-02	9.901909e-01
17852	4.008135e-01	2.565071e-01	2.121768e-02	2.652209e-02	1.389330e-01	7.466339e-02	3.097318e-01	3.188274e-02
17126	3.716603e-01	5.646414e-01	2.860461e-02	3.575576e-02	1.873025e-01	1.852715e-01	3.039001e-01	7.188820e-01
32743	4.791964e-01	2.815620e-01	2.963618e-02	3.704522e-02	1.940572e-01	1.409278e-01	6.922173e-01	2.014628e-01
8709	7.921646e-01	6.135682e-01	2.480563e-02	3.100704e-02	1.624269e-01	7.707319e-02	5.880520e-01	7.427299e-01
31329	1.627725e-01	8.447110e-01	3.659649e-02	4.574562e-02	2.396333e-01	2.340638e-01	5.389755e-02	1.908704e-01
2820	6.011506e-01	8.472644e-01	3.237542e-02	4.046927e-02	2.119937e-01	1.950573e-01	9.594585e-01	5.332441e-01
14253	9.239738e-01	2.350577e-01	3.751171e-02	4.688963e-02	2.456261e-01	2.449681e-01	5.013001e-02	5.945321e-01
7394	2.687518e-01	9.571075e-01	2.756783e-02	3.445979e-02	1.805137e-01	1.523592e-01	5.677645e-01	9.255153e-01
8	3.533896e-01	1.969894e-01	2.647625e-02	3.309532e-02	1.733661e-01	1.623449e-01	9.970098e-01	2.746667e-01
4377	4.578365e-01	8.210988e-01	6.221016e-02	7.776270e-02	4.073512e-01	1.313320e-01	4.737098e-01	6.840080e-01
14503	4.922471e-01	4.517524e-01	4.550973e-02	5.688716e-02	2.979970e-01	2.849322e-01	3.727564e-01	7.089996e-01
18696	5.542183e-01	2.796409e-01	2.114507e-02	2.643133e-02	1.384576e-01	9.912526e-02	4.344377e-01	7.879182e-01
27335	8.953752e-01	3.071363e-01	2.469215e-02	3.086519e-02	1.616838e-01	7.452806e-02	7.037852e-01	4.826342e-01
5676	3.100280e-01	1.600704e-01	2.347272e-02	2.934090e-02	1.536990e-01	4.628975e-02	3.955386e-01	8.468786e-01
29119	8.638146e-01	6.324142e-01	2.059423e-02	2.574278e-02	1.348507e-01	4.375671e-02	1.120674e-01	7.204834e-01
6387	4.178061e-01	9.439412e-01	3.762750e-02	4.703438e-02	2.463843e-01	1.970287e-01	8.526894e-01	6.224467e-01
27628	1.929537e-01	5.080350e-01	2.058703e-02	2.573379e-02	1.348036e-01	1.202434e-01	4.067863e-01	1.852124e-01
2789	5.336945e-01	6.640003e-01	2.535734e-02	3.169668e-02	1.660395e-01	1.156017e-01	3.131719e-01	1.698076e-01
19617	3.783117e-01	4.259598e-01	2.242524e-02	2.803156e-02	1.468401e-01	5.283257e-02	3.161599e-01	3.196296e-01
11395	2.879607e-01	1.684902e-01	2.054636e-02	2.568295e-02	1.345372e-01	4.326347e-02	3.166274e-02	6.231281e-01
7653	6.841987e-01	6.799806e-01	3.461200e-02	4.326500e-02	2.266388e-01	1.815637e-01	2.066780e-02	7.138700e-01
17118	1.187273e-01	3.147857e-01	3.196906e-02	3.996133e-02	2.093329e-01	1.987108e-01	5.462784e-01	7.689069e-01
10850	1.829404e-01	3.134265e-01	2.902101e-02	3.627627e-02	1.900291e-01	1.797058e-01	6.144973e-01	3.192586e-02
