5365	3.106254e-01	1.858959e-01	3.287595e-02	4.109494e-02	2.152712e-01	1.271007e-01	1.740234e-01	1.528592e-02
32647	3.151688e-01	8.868106e-01	2.057953e-02	2.572442e-02	1.347545e-01	3.974544e-02	8.333471e-01	2.556999e-01
5216	4.498958e-01	8.715938e-01	3.806662e-02	4.758327e-02	2.492596e-01	8.751185e-02	4.853791e-01	2.205214e-01
2273	1.659378e-01	2.286557e-01	3.072392e-02	3.840490e-02	2.011798e-01	1.971663e-01	8.548245e-01	5.928706e-01
13913	2.549055e-01	8.546394e-01	2.113750e-02	2.642187e-02	1.384080e-01	1.368821e-01	4.854446e-01	3.394381e-02
22027	6.734731e-01	6.925957e-01	2.181158e-02	2.726448e-02	1.428219e-01	1.380486e-01	8.079471e-01	7.310794e-01
31113	7.000404e-01	9.259517e-01	2.389892e-02	2.987365e-02	1.564898e-01	1.124171e-01	9.816855e-01	3.681795e-01
21753	4.179150e-01	3.430437e-01	6.317885e-02	7.897356e-02	4.136941e-01	1.897046e-01	2.853347e-01	3.986120e-01
11961	6.072272e-01	6.319337e-01	6.178786e-02	7.723483e-02	4.045860e-01	2.376542e-01	8.170714e-01	8.794283e-01
18022	4.293593e-01	1.450137e-01	2.153467e-02	2.691834e-02	1.410087e-01	1.317995e-01	2.687078e-01	3.893176e-01
11233	5.969469e-01	1.268859e-01	5.790680e-02	7.238349e-02	3.791728e-01	1.716645e-01	4.182077e-01	6.521782e-01
27536	4.633762e-01	8.558413e-01	2.105938e-02	2.632423e-02	1.378965e-01	7.036745e-02	5.325380e-01	6.350431e-01
10100	6.910651e-01	1.126393e-01	7.669946e-02	9.587432e-02	5.022269e-01	3.094635e-01	1.265609e-01	6.928906e-01
27896	9.503937e-01	6.847109e-01	2.427057e-02	3.033821e-02	1.589233e-01	1.485020e-01	2.654901e-01	5.431622e-01
31688	1.249099e-01	3.508558e-01	2.770787e-02	3.463484e-02	1.814307e-01	1.102961e-01	8.429961e-01	5.059967e-01
2404	9.323711e-01	3.749472e-01	2.646410e-02	3.308013e-02	1.732865e-01	1.047127e-01	6.169837e-01	9.542562e-01
29651	7.213759e-01	6.507365e-01	2.199374e-02	2.749218e-02	1.440147e-01	1.236745e-01	4.886837e-01	7.927653e-01
5561	6.737268e-01	1.638872e-01	3.186258e-02	3.982823e-02	2.086357e-01	1.735475e-01	4.430150e-01	6.339074e-01
15358	9.192075e-02	2.938031e-01	2.571760e-02	3.214701e-02	1.683985e-01	1.597989e-01	9.363451e-01	4.230852e-01
20730	6.020887e-01	9.193778e-01	6.243480e-02	7.804350e-02	4.088221e-01	4.037578e-01	3.700642e-01	6.442529e-01
29049	6.899654e-01	4.371323e-01	2.822027e-02	3.527534e-02	1.847859e-01	1.605950e-01	1.519634e-02	2.073276e-01
369	4.096575e-01	4.496680e-01	3.146065e-02	3.932582e-02	2.060039e-01	1.974234e-01	4.777440e-01	4.808134e-01
28721	3.268313e-01	9.584110e-01	3.210262e-02	4.012828e-02	2.102075e-01	2.018172e-01	4.020730e-01	3.852552e-01
23913	7.955232e-01	9.089646e-01	4.096505e-02	5.120631e-02	2.682385e-01	1.704255e-01	9.126296e-01	4.971190e-01
17149	7.313165e-01	4.830466e-01	2.560483e-02	3.200604e-02	1.676600e-01	9.505406e-02	2.118145e-02	6.473287e-01
30862	3.231873e-01	1.371878e-01	2.591247e-02	3.239059e-02	1.696745e-01	1.150557e-01	6.637485e-01	7.821303e-01
13658	3.802341e-01	5.783054e-01	7.230396e-02	9.037995e-02	4.734452e-01	3.768527e-01	7.544490e-01	7.927452e-01
6038	9.527685e-01	1.758617e-01	3.123351e-02	3.904189e-02	2.045165e-01	1.596708e-01	5.374465e-02	4.708336e-01
29303	5.218213e-01	7.914427e-01	2.129580e-02	2.661975e-02	1.394446e-01	1.330318e-01	3.001285e-01	9.618360e-01
29362	7.245716e-02	6.737682e-01	4.418633e-02	5.523291e-02	2.893314e-01	2.005068e-01	4.177536e-01	9.286091e-01
6005	4.909736e-01	4.894298e-01	2.082556e-02	2.603194e-02	1.363654e-01	8.629037e-02	8.352767e-01	8.862230e-01
16733	5.259638e-01	4.245341e-01	2.318732e-02	2.898416e-02	1.518302e-01	1.409421e-01	4.866255e-01	2.459263e-01
13509	1.712870e-01	6.615279e-01	6.350247e-02	7.937808e-02	4.158132e-01	1.246135e-01	7.044860e-01	4.774571e-01
23442	1.097885e-01	3.295056e-01	2.706563e-02	3.383204e-02	1.772253e-01	5.323618e-02	2.465092e-02	7.744068e-01
22357	8.706582e-01	2.189978e-01	5.265862e-02	6.582328e-02	3.448078e-01	3.329108e-01	6.291512e-01	4.518657e-01
12433	8.836517e-01	6.706474e-01	2.457891e-02	3.072363e-02	1.609423e-01	1.250344e-01	9.514588e-01	7.564397e-01
16401	4.809867e-01	2.996042e-01	3.393137e-02	4.241422e-02	2.221821e-01	2.221027e-01	5.860502e-01	8.618210e-01
24662	8.686460e-01	8.149237e-01	3.468362e-02	4.335453e-02	2.271078e-01	1.844947e-01	3.481949e-01	6.101071e-01
30525	3.041902e-01	6.301956e-01	2.412142e-02	3.015177e-02	1.579467e-01	1.475330e-01	1.019710e-01	2.532130e-01
817	2.113250e-01	6.091542e-01	2.978333e-02	3.722916e-02	1.950208e-01	5.646529e-02	2.865515e-01	3.392100e-01
28487	9.427853e-01	8.835520e-01	3.574976e-02	4.468720e-02	2.340888e-01	2.322949e-01	6.787426e-01	5.260530e-01
11579	8.932341e-01	9.228434e-01	2.265727e-02	2.832159e-02	1.483595e-01	1.107944e-01	3.853989e-01	5.289506e-03
8969	5.195923e-01	7.173044e-01	2.413452e-02	3.016815e-02	1.580325e-01	1.275769e-01	5.006475e-01	6.390053e-01
22504	4.556365e-01	3.204467e-01	2.319442e-02	2.899303e-02	1.518767e-01	6.462881e-02	7.446409e-02	1.216805e-01
27956	9.720998e-01	2.852365e-01	2.157139e-02	2.696424e-02	1.412491e-01	1.308951e-01	2.861684e-01	5.274273e-01
26457	1.863686e-01	4.859687e-01	2.081494e-02	2.601868e-02	1.362959e-01	1.359092e-01	8.565569e-01	3.302274e-01
12767	5.606702e-01	4.762034e-01	5.810269e-02	7.262836e-02	3.804555e-01	1.204531e-01	6.277913e-01	7.856235e-01
24160	2.103465e-01	7.143033e-02	2.847477e-02	3.559346e-02	1.864523e-01	1.383592e-01	7.639867e-01	4.406046e-01
6761	5.973860e-02	2.625556e-01	3.937708e-02	4.922135e-02	2.578405e-01	2.409984e-01	2.394157e-01	9.025233e-01
18580	7.589076e-01	4.310596e-01	2.440182e-02	3.050227e-02	1.597827e-01	1.596558e-01	7.235281e-01	7.148931e-01
14206	9.283765e-01	5.378165e-01	7.008766e-02	8.760957e-02	4.589329e-01	4.542481e-01	3.883482e-01	9.641486e-01
6445	6.382867e-02	1.957248e-01	4.394631e-02	5.493288e-02	2.877597e-01	2.613029e-01	3.860518e-01	1.010236e-01
6366	7.530791e-01	8.600415e-01	6.771508e-02	8.464385e-02	4.433973e-01	3.354253e-01	7.476820e-01	2.585508e-01
1571	3.049624e-01	5.587751e-01	2.665445e-02	3.331806e-02	1.745329e-01	1.471139e-01	2.808717e-01	6.165523e-01
32452	7.703052e-01	9.591283e-01	2.463382e-02	3.079227e-02	1.613019e-01	1.591819e-01	5.227507e-01	2.315857e-01
28502	2.064238e-01	4.323195e-01	2.936220e-02	3.670275e-02	1.922632e-01	1.377155e-01	8.183120e-01	6.634364e-01
15608	9.003946e-01	1.328053e-01	2.292173e-02	2.865216e-02	1.500911e-01	1.458181e-01	1.525559e-01	7.356239e-01
12335	1.775670e-01	6.010161e-01	2.083958e-02	2.604948e-02	1.364573e-01	1.283382e-01	6.064083e-01	2.585010e-01
11525	1.454908e-01	4.025648e-01	2.339070e-02	2.923837e-02	1.531619e-01	1.523561e-01	7.446003e-01	8.755433e-01
32709	2.942614e-01	6.600064e-01	2.398814e-02	2.998518e-02	1.570740e-01	9.229539e-02	7.190886e-01	1.218848e-01
12954	7.129863e-01	3.477279e-01	3.829671e-02	4.787089e-02	2.507663e-01	1.718335e-01	8.820260e-01	9.642781e-01
1387	7.293336e-01	1.827797e-01	2.232148e-02	2.790184e-02	1.461607e-01	1.309786e-01	8.328549e-01	8.859859e-01
27689	4.746547e-01	6.460889e-01	7.313141e-02	9.141426e-02	4.788633e-01	4.579770e-01	2.822042e-01	3.404449e-01
28523	1.689433e-01	1.250627e-01	3.515919e-02	4.394899e-02	2.302218e-01	1.956875e-01	3.299324e-01	2.866243e-01
7086	5.738124e-01	1.767937e-01	3.147451e-02	3.934314e-02	2.060946e-01	2.047260e-01	3.232096e-01	2.895135e-01
2566	2.806798e-01	9.302555e-01	2.368236e-02	2.960295e-02	1.550717e-01	4.464063e-02	9.121506e-01	8.846290e-01
14558	2.412538e-01	7.653297e-01	3.969181e-02	4.961476e-02	2.599013e-01	2.204805e-01	8.765356e-01	8.608093e-02
5458	4.943758e-01	3.649297e-01	2.071188e-02	2.588986e-02	1.356211e-01	1.159226e-01	2.510442e-01	2.931102e-01
23688	3.638529e-02	3.327567e-01	2.158591e-02	2.698239e-02	1.413442e-01	5.882047e-02	5.970655e-01	3.997282e-01
10223	6.592349e-01	6.336808e-01	2.148196e-02	2.685245e-02	1.406635e-01	1.375523e-01	4.820297e-01	7.239001e-02
