1650	8.725694e-01	8.216345e-01	4.075453e-02	5.094316e-02	2.668600e-01	1.017361e-01	1.167530e-01	1.811794e-01
18715	8.510945e-01	5.200077e-01	7.017244e-02	8.771555e-02	4.594880e-01	4.048052e-01	6.338837e-01	1.657099e-01
26304	5.084829e-01	5.017268e-01	7.771242e-02	9.714053e-02	5.088597e-01	5.081996e-01	3.933756e-01	9.277834e-01
562	8.235753e-02	7.213155e-01	3.088914e-02	3.861142e-02	2.022616e-01	5.484436e-02	1.495338e-01	9.358826e-01
17777	1.350228e-01	8.444022e-01	4.125638e-02	5.157048e-02	2.701462e-01	2.620466e-01	3.816403e-01	2.556611e-01
4546	9.360538e-01	6.747749e-01	2.113712e-02	2.642140e-02	1.384055e-01	7.854455e-02	3.164348e-01	3.969467e-01
26987	7.883534e-02	8.133862e-01	5.624077e-02	7.030097e-02	3.682637e-01	3.681539e-01	6.526538e-01	7.090801e-02
24026	5.398492e-01	6.718277e-02	2.608071e-02	3.260088e-02	1.707761e-01	1.426305e-01	4.843142e-02	3.147822e-02
12043	8.066991e-02	6.090546e-01	2.468050e-02	3.085063e-02	1.616075e-01	1.161124e-01	8.633075e-01	4.204252e-01
31752	2.789789e-01	1.727131e-01	5.515652e-02	6.894565e-02	3.611640e-01	1.813023e-01	4.862186e-02	6.558160e-01
24080	3.805786e-01	2.220233e-01	2.370639e-02	2.963299e-02	1.552291e-01	1.282248e-01	2.079533e-01	2.961672e-01
9635	6.731815e-01	9.421178e-01	2.563609e-02	3.204511e-02	1.678647e-01	1.660563e-01	8.436253e-01	2.640523e-01
26861	1.358892e-01	9.331654e-01	5.574431e-02	6.968039e-02	3.650129e-01	2.679004e-01	7.710267e-01	5.831407e-01
23546	6.078714e-01	9.073342e-02	2.767624e-02	3.459529e-02	1.812236e-01	1.705216e-01	2.104632e-02	2.828444e-01
423	7.786047e-01	4.445188e-01	2.523911e-02	3.154889e-02	1.652653e-01	1.634872e-01	3.984789e-01	3.369817e-01
10518	3.687184e-01	3.030404e-01	2.411774e-02	3.014717e-02	1.579226e-01	1.573726e-01	5.324357e-01	4.352504e-01
12373	6.070352e-01	2.820459e-02	2.253925e-02	2.817407e-02	1.475867e-01	1.336812e-01	2.664994e-01	3.859333e-01
21688	4.574850e-01	5.984230e-01	2.978415e-02	3.723019e-02	1.950261e-01	9.203471e-02	6.392367e-01	7.175047e-01
25355	1.319963e-01	4.271988e-01	4.194780e-02	5.243475e-02	2.746736e-01	2.741052e-01	5.695123e-01	6.727021e-01
24377	4.087529e-01	9.068158e-01	6.613534e-02	8.266917e-02	4.330532e-01	1.927146e-01	4.070149e-01	9.512500e-01
32134	3.634826e-01	5.990942e-01	4.707232e-02	5.884040e-02	3.082288e-01	3.054101e-01	4.419263e-01	9.988167e-01
28889	2.749540e-01	6.899729e-01	6.646048e-02	8.307560e-02	4.351822e-01	1.801815e-01	4.253504e-01	4.440989e-01
5833	6.418952e-01	4.459926e-01	4.791677e-02	5.989596e-02	3.137583e-01	2.868957e-01	3.506608e-01	3.928934e-01
22554	5.183699e-02	5.608236e-01	2.097349e-02	2.621686e-02	1.373341e-01	6.885714e-02	9.924436e-01	4.149657e-01
1769	6.892029e-01	6.955844e-01	2.942777e-02	3.678471e-02	1.926926e-01	1.125810e-01	7.831224e-01	6.050058e-01
8439	6.623037e-01	8.515700e-01	3.673602e-02	4.592002e-02	2.405469e-01	2.390480e-01	4.410018e-01	6.600057e-01
23867	9.337043e-01	6.258227e-01	4.744331e-02	5.930414e-02	3.106581e-01	1.494813e-01	7.383016e-01	7.029205e-01
12375	5.881632e-01	7.641666e-01	2.360169e-02	2.950211e-02	1.545435e-01	1.204768e-01	1.906710e-01	6.203382e-01
3856	3.823050e-01	7.484930e-01	2.613054e-02	3.266318e-02	1.711024e-01	8.167942e-02	8.840006e-01	5.014218e-01
13324	5.003726e-02	7.004014e-01	3.790632e-02	4.738290e-02	2.482100e-01	1.977674e-01	1.839569e-01	8.921163e-01
29430	5.661007e-01	3.491218e-01	2.720269e-02	3.400336e-02	1.781228e-01	1.012134e-01	6.516767e-01	3.974849e-01
16565	6.987140e-01	2.209544e-01	7.410522e-02	9.263152e-02	4.852398e-01	3.619518e-01	9.120191e-01	2.538287e-01
30498	5.418320e-01	3.261996e-01	2.576881e-02	3.221102e-02	1.687338e-01	1.338420e-01	7.764264e-01	5.303332e-01
18673	8.083471e-01	1.076311e-01	6.037567e-02	7.546958e-02	3.953389e-01	3.945328e-01	5.431187e-01	8.322182e-01
4988	6.334313e-01	7.093844e-01	2.985364e-02	3.731705e-02	1.954812e-01	1.599227e-01	8.663020e-03	1.937496e-02
11547	7.685453e-01	8.733951e-01	2.097416e-02	2.621770e-02	1.373385e-01	9.726984e-02	1.587676e-01	1.694145e-01
2318	1.791136e-01	2.463652e-01	3.403975e-02	4.254968e-02	2.228917e-01	1.658659e-01	2.763735e-01	8.568496e-01
8462	1.238204e-01	8.546570e-02	3.015497e-02	3.769371e-02	1.974542e-01	5.811907e-02	2.560365e-01	4.977387e-01
28772	9.679235e-01	3.056543e-01	3.338750e-02	4.173438e-02	2.186208e-01	2.156325e-01	8.290567e-01	8.922048e-01
25190	4.106894e-01	6.982320e-02	4.836217e-02	6.045271e-02	3.166747e-01	2.877195e-01	4.241057e-02	6.034776e-01
25214	9.592415e-01	4.964878e-01	2.592752e-02	3.240940e-02	1.697730e-01	1.694739e-01	6.460505e-01	7.569961e-01
14568	7.033799e-02	3.181182e-01	6.744268e-02	8.430335e-02	4.416136e-01	4.306841e-01	8.290527e-01	1.567211e-01
29378	2.390176e-01	6.005302e-02	3.129065e-02	3.911331e-02	2.048907e-01	1.140929e-01	2.915364e-01	6.601936e-01
23334	8.058023e-01	7.574996e-01	3.311099e-02	4.138873e-02	2.168102e-01	1.871729e-01	5.473064e-01	3.179002e-01
19649	4.978909e-01	7.351379e-01	2.812953e-02	3.516191e-02	1.841917e-01	1.441174e-01	6.817827e-01	2.479119e-01
11594	7.507125e-01	7.888047e-01	5.596954e-02	6.996193e-02	3.664877e-01	1.087553e-01	1.816503e-01	3.237619e-01
3744	2.651910e-01	3.098757e-01	2.857666e-02	3.572083e-02	1.871195e-01	1.083691e-01	5.236492e-01	9.357397e-01
961	1.994431e-01	9.102407e-01	2.501615e-02	3.127018e-02	1.638053e-01	1.635603e-01	2.059928e-01	7.555842e-01
9629	4.713994e-01	1.698158e-01	2.666566e-02	3.333208e-02	1.746064e-01	1.616113e-01	4.222376e-01	1.293196e-01
8130	8.414990e-01	3.740480e-01	4.989127e-02	6.236408e-02	3.266872e-01	2.718381e-01	8.129010e-01	4.740804e-01
7670	2.726164e-01	2.428098e-01	4.243231e-02	5.304039e-02	2.778461e-01	2.579612e-01	6.206844e-01	6.708197e-02
16139	2.985431e-01	4.596306e-01	2.545576e-02	3.181970e-02	1.666839e-01	1.371115e-01	8.902723e-01	7.100883e-01
13993	3.901606e-01	1.675841e-01	3.264092e-02	4.080115e-02	2.137322e-01	1.344695e-01	2.145989e-01	9.130042e-02
13888	5.255324e-01	6.423540e-01	4.625020e-02	5.781275e-02	3.028456e-01	1.300135e-01	4.277147e-01	1.164712e-01
23949	4.283974e-01	5.257792e-01	6.520996e-02	8.151244e-02	4.269938e-01	2.964977e-01	9.674479e-01	1.945959e-01
28500	7.011131e-01	8.921365e-01	3.350073e-02	4.187591e-02	2.193622e-01	2.170667e-01	1.407841e-01	7.408084e-01
214	4.898957e-01	3.792515e-01	2.479936e-02	3.099920e-02	1.623858e-01	1.145420e-01	9.656196e-01	6.139057e-01
9980	9.011584e-01	8.767564e-02	4.220413e-02	5.275517e-02	2.763520e-01	1.267564e-01	8.578081e-01	5.225841e-01
25584	7.696911e-01	9.459286e-01	3.283665e-02	4.104581e-02	2.150139e-01	1.197135e-01	1.784041e-01	4.908475e-01
13500	7.621685e-01	2.757723e-01	5.608956e-02	7.011194e-02	3.672735e-01	3.143503e-01	9.600837e-01	6.505010e-01
7981	6.253574e-01	5.271126e-01	2.370285e-02	2.962856e-02	1.552059e-01	9.080241e-02	4.495868e-01	6.526499e-02
10306	1.943977e-01	9.572765e-01	2.158730e-02	2.698413e-02	1.413533e-01	1.280056e-01	9.145194e-01	4.499315e-01
12019	3.237953e-01	9.077115e-01	2.164776e-02	2.705970e-02	1.417492e-01	7.324797e-02	7.203542e-01	6.548867e-03
21042	9.103792e-01	8.854832e-01	2.323311e-02	2.904138e-02	1.521300e-01	1.454268e-01	2.318714e-01	4.081499e-01
27811	6.753143e-01	1.408699e-01	4.125299e-02	5.156624e-02	2.701240e-01	1.356771e-01	8.343587e-01	4.090885e-01
16769	4.405840e-01	6.433523e-01	3.119194e-02	3.898993e-02	2.042444e-01	1.279115e-01	4.962886e-01	2.919160e-01
20253	5.005847e-01	2.229967e-01	3.830186e-02	4.787733e-02	2.508000e-01	2.217953e-01	9.195110e-01	2.794369e-01
21451	2.793179e-01	9.077773e-01	2.272324e-02	2.840405e-02	1.487914e-01	1.413306e-01	7.424070e-01	9.250628e-01
1368	5.904238e-01	3.386863e-01	2.204394e-02	2.755493e-02	1.443434e-01	3.866962e-02	1.037863e-02	9.460987e-01
9228	8.921023e-01	8.591070e-01	2.126495e-02	2.658118e-02	1.392425e-01	1.390888e-01	9.313933e-01	8.516786e-02
30219	4.947564e-01	8.742458e-01	2.769686e-02	3.462108e-02	1.813586e-01	1.315877e-01	4.862309e-01	6.543052e-01
15049	8.911521e-01	2.172218e-01	3.193395e-02	3.991743e-02	2.091030e-01	1.261973e-01	9.943697e-01	7.781653e-01
32398	4.468358e-02	2.517961e-01	2.064110e-02	2.580138e-02	1.351576e-01	8.973595e-02	2.455878e-01	8.619582e-02
