31820	5.631700e-01	8.901518e-01	2.998650e-02	3.748313e-02	1.963511e-01	1.563797e-01	3.950725e-01	5.259783e-01
30569	4.521152e-01	4.028341e-02	2.183788e-02	2.729735e-02	1.429941e-01	6.932299e-02	2.593838e-01	4.551861e-01
5956	2.963972e-01	5.215434e-01	3.035735e-02	3.794669e-02	1.987795e-01	6.150639e-02	3.225639e-02	7.949160e-01
21195	4.409490e-01	8.598327e-01	5.935259e-02	7.419073e-02	3.886398e-01	2.102608e-01	8.851301e-01	6.436289e-01
32668	7.417431e-01	7.121176e-01	2.158818e-02	2.698523e-02	1.413591e-01	5.264299e-02	6.240588e-01	8.535824e-01
17348	5.077978e-01	1.446905e-01	2.821581e-02	3.526976e-02	1.847567e-01	1.513032e-01	1.427132e-01	6.869921e-01
29360	7.596936e-01	7.079870e-01	3.445009e-02	4.306261e-02	2.255787e-01	9.714268e-02	5.939379e-01	5.826303e-01
30286	4.769369e-02	7.265075e-01	3.150237e-02	3.937797e-02	2.062771e-01	6.601731e-02	5.841152e-01	3.556961e-01
25077	2.013260e-01	3.143313e-01	6.117785e-02	7.647232e-02	4.005916e-01	3.172502e-01	1.575119e-01	3.237561e-01
24147	2.861583e-01	1.917999e-01	3.481134e-02	4.351417e-02	2.279441e-01	2.186676e-01	4.498237e-01	4.480606e-01
25511	9.324293e-01	4.276217e-01	6.710670e-02	8.388337e-02	4.394136e-01	3.331141e-01	9.017043e-01	2.952811e-01
9090	8.905231e-01	3.906975e-01	2.428042e-02	3.035053e-02	1.589878e-01	1.589591e-01	6.989988e-01	9.006761e-01
11117	1.173016e-01	8.795512e-01	2.303518e-02	2.879398e-02	1.508340e-01	1.506302e-01	6.154928e-01	2.591080e-02
486	1.405835e-01	5.103910e-01	3.172761e-02	3.965951e-02	2.077519e-01	7.391674e-02	3.508784e-01	2.858500e-01
21608	4.416621e-01	8.220000e-01	2.252085e-02	2.815106e-02	1.474662e-01	7.992899e-02	6.551250e-01	1.934691e-01
13601	2.928179e-01	5.829632e-01	3.619140e-02	4.523925e-02	2.369807e-01	2.156834e-01	6.502201e-01	6.880712e-01
11189	8.629094e-02	7.000298e-01	2.498169e-02	3.122711e-02	1.635797e-01	4.510480e-02	4.960265e-03	7.385593e-01
27646	1.702720e-01	5.470134e-01	2.374997e-02	2.968746e-02	1.555144e-01	1.412548e-01	8.990058e-01	7.413399e-01
9807	7.857185e-01	9.289768e-01	2.455141e-02	3.068926e-02	1.607622e-01	1.598856e-01	9.457473e-01	5.624289e-01
238	8.684811e-02	8.883513e-01	2.452980e-02	3.066224e-02	1.606207e-01	1.414201e-01	7.323108e-01	8.778377e-01
27042	5.130713e-01	8.774530e-01	2.726417e-02	3.408021e-02	1.785254e-01	1.408238e-01	6.337840e-01	1.776123e-01
12340	3.482264e-01	1.597367e-01	3.914266e-02	4.892833e-02	2.563056e-01	7.141252e-02	4.674886e-01	7.876542e-01
16833	9.462095e-01	9.067112e-01	4.140131e-02	5.175164e-02	2.710951e-01	2.381789e-01	4.755186e-02	8.142643e-01
6866	6.623117e-01	5.894555e-02	4.883773e-02	6.104716e-02	3.197887e-01	2.847366e-01	4.863487e-02	5.511720e-01
12555	6.079469e-02	9.519447e-01	4.514908e-02	5.643635e-02	2.956355e-01	2.934150e-01	9.566818e-01	2.930380e-01
15082	4.906086e-01	4.387333e-01	3.695795e-02	4.619744e-02	2.420001e-01	1.775879e-01	6.251481e-01	1.720796e-01
10796	6.313367e-01	5.454612e-01	2.106418e-02	2.633022e-02	1.379279e-01	5.141879e-02	9.691793e-02	8.438827e-02
5087	2.752181e-01	6.735026e-01	4.441728e-02	5.552160e-02	2.908436e-01	1.137745e-01	9.751836e-01	3.461127e-01
22894	8.080261e-02	1.277529e-01	7.210124e-02	9.012655e-02	4.721178e-01	3.016510e-01	2.548441e-01	1.306199e-01
26076	8.917730e-01	7.006079e-01	2.402924e-02	3.003655e-02	1.573431e-01	1.046958e-01	9.580995e-01	5.960225e-01
16193	2.137598e-01	6.046937e-01	3.764729e-02	4.705911e-02	2.465139e-01	1.865605e-01	8.008234e-01	2.907492e-01
21503	7.532864e-01	3.086543e-01	4.024704e-02	5.030880e-02	2.635370e-01	2.544186e-01	2.010214e-01	5.958365e-01
26992	5.501962e-01	6.032854e-01	3.922998e-02	4.903748e-02	2.568773e-01	1.779183e-01	8.690662e-01	2.411074e-02
7627	4.328765e-01	5.885143e-01	2.630893e-02	3.288616e-02	1.722705e-01	1.709186e-01	3.802602e-01	2.916957e-01
20225	8.040523e-01	6.627016e-01	2.581552e-02	3.226940e-02	1.690396e-01	1.668476e-01	2.365511e-01	3.661355e-01
21244	7.062437e-01	2.102098e-01	4.998004e-02	6.247506e-02	3.272686e-01	2.841471e-01	8.098661e-01	4.100960e-01
28532	2.533292e-01	1.279805e-01	3.340551e-02	4.175689e-02	2.187388e-01	1.212713e-01	7.363024e-01	1.940584e-01
12536	8.626446e-01	3.530868e-01	2.215181e-02	2.768976e-02	1.450497e-01	1.299479e-01	8.105563e-01	9.919208e-01
32572	6.976855e-01	7.128122e-01	2.870682e-02	3.588352e-02	1.879718e-01	1.788864e-01	2.529284e-01	5.292987e-01
23285	7.834817e-01	1.917678e-01	2.539001e-02	3.173752e-02	1.662534e-01	1.655918e-01	6.593117e-02	2.016512e-01
32708	8.840590e-01	6.369860e-01	2.337602e-02	2.922002e-02	1.530658e-01	1.367498e-01	1.015187e-02	3.434396e-02
10807	2.147098e-01	6.688291e-02	2.867555e-02	3.584444e-02	1.877671e-01	1.713157e-01	7.619282e-01	8.485775e-01
4288	1.410697e-01	1.031565e-01	2.180746e-02	2.725932e-02	1.427949e-01	7.002535e-02	3.662777e-01	2.045464e-01
3964	4.179357e-01	1.066990e-01	3.341264e-02	4.176580e-02	2.187854e-01	1.186746e-01	9.519744e-02	6.418089e-01
10993	5.690748e-01	1.703433e-01	3.892016e-02	4.865020e-02	2.548486e-01	2.546760e-01	4.660615e-01	6.580633e-03
28561	7.341908e-02	8.376626e-01	2.513122e-02	3.141403e-02	1.645588e-01	5.195217e-02	5.841466e-02	6.127747e-01
4787	3.712096e-01	5.781486e-01	2.218356e-02	2.772945e-02	1.452576e-01	1.034158e-01	8.357748e-01	7.872810e-01
2287	2.308632e-01	7.904643e-01	2.096680e-02	2.620850e-02	1.372903e-01	1.370393e-01	5.055837e-01	9.110112e-01
28064	8.597419e-01	9.184310e-01	2.500868e-02	3.126085e-02	1.637565e-01	1.287944e-01	1.759731e-01	2.606698e-01
13308	4.613786e-01	1.473272e-01	2.189207e-02	2.736509e-02	1.433489e-01	1.042128e-01	4.038883e-01	3.211773e-01
25812	6.855713e-01	4.958304e-01	2.801587e-02	3.501984e-02	1.834475e-01	1.515976e-01	2.128143e-01	3.324483e-01
26887	3.421891e-01	8.181630e-01	2.154233e-02	2.692792e-02	1.410589e-01	1.366145e-01	5.294025e-01	4.392239e-01
1025	9.456879e-01	6.958739e-01	3.192804e-02	3.991005e-02	2.090643e-01	2.059807e-01	4.910932e-01	4.709913e-02
17379	5.084526e-01	5.200801e-01	2.227480e-02	2.784351e-02	1.458551e-01	1.441698e-01	9.423493e-01	9.206548e-01
25319	9.246384e-01	1.255482e-01	2.612607e-02	3.265759e-02	1.710731e-01	1.260888e-01	1.223174e-01	3.153389e-01
32042	5.430408e-01	3.975641e-01	3.465460e-02	4.331824e-02	2.269177e-01	6.400656e-02	2.696846e-01	6.157182e-01
14781	3.940497e-01	6.358892e-01	5.787342e-02	7.234177e-02	3.789542e-01	3.645859e-01	7.013147e-01	5.045623e-01
5782	1.228160e-01	6.843202e-01	3.020993e-02	3.776241e-02	1.978141e-01	1.768496e-01	1.203871e-01	5.345868e-01
6705	5.476109e-01	8.402253e-01	4.845615e-02	6.057019e-02	3.172901e-01	1.505777e-01	6.782354e-01	6.087661e-01
14349	4.330030e-01	9.120300e-01	2.447283e-02	3.059103e-02	1.602477e-01	1.564352e-01	5.595247e-01	8.243003e-02
16108	8.752738e-01	5.341156e-01	3.419793e-02	4.274742e-02	2.239275e-01	1.929547e-01	2.876351e-01	7.712730e-01
4400	9.361644e-01	2.269150e-01	2.296483e-02	2.870604e-02	1.503733e-01	1.487584e-01	8.160979e-01	1.156742e-01
20409	6.022204e-01	6.447900e-01	7.357059e-02	9.196324e-02	4.817391e-01	4.448131e-01	8.540203e-01	6.380904e-01
9068	7.399279e-01	9.543014e-01	2.970088e-02	3.712610e-02	1.944809e-01	1.922223e-01	6.485950e-01	4.705805e-01
12351	7.607472e-01	5.040729e-02	2.163538e-02	2.704423e-02	1.416681e-01	1.377115e-01	5.084707e-02	1.391250e-01
2072	4.709697e-01	2.224368e-01	6.486861e-02	8.108577e-02	4.247587e-01	2.682202e-01	4.543036e-01	4.211698e-01
20015	2.780081e-01	2.465853e-01	3.932394e-02	4.915493e-02	2.574926e-01	1.899521e-01	8.225526e-01	8.910456e-01
19433	7.998069e-01	8.211431e-01	2.691896e-02	3.364871e-02	1.762650e-01	9.389656e-02	7.705491e-01	6.096279e-01
20177	4.137177e-01	2.075812e-01	3.107864e-02	3.884831e-02	2.035025e-01	1.902193e-01	3.014447e-01	9.372354e-01
28096	3.960256e-01	5.561362e-01	3.249145e-02	4.061431e-02	2.127535e-01	1.947531e-01	8.984079e-01	9.468048e-01
1029	1.264440e-01	2.119115e-01	2.926539e-02	3.658173e-02	1.916293e-01	4.966787e-02	6.813606e-01	5.442945e-01
17422	5.484994e-01	4.444137e-01	2.118264e-02	2.647830e-02	1.387036e-01	1.295269e-01	8.317968e-01	8.533143e-02
851	4.941114e-01	6.470994e-01	2.373129e-02	2.966412e-02	1.553921e-01	9.795168e-02	4.907832e-01	1.551883e-01
10500	6.187987e-01	9.449442e-02	2.491530e-02	3.114412e-02	1.631450e-01	1.425164e-01	4.170725e-01	1.539789e-01
19405	5.282186e-01	6.964651e-01	2.285690e-02	2.857113e-02	1.496667e-01	1.485766e-01	9.358743e-01	1.634307e-01
1838	4.981204e-01	9.495972e-01	2.147212e-02	2.684016e-02	1.405991e-01	1.381213e-01	6.530843e-01	2.557150e-01
1411	2.825913e-01	7.751996e-01	2.671486e-02	3.339357e-02	1.749285e-01	1.506196e-01	4.431721e-01	8.094451e-01
31426	3.866836e-01	8.677381e-01	2.137918e-02	2.672398e-02	1.399905e-01	1.341468e-01	1.578764e-01	5.091800e-01
19990	8.282893e-01	2.609643e-01	5.516142e-02	6.895177e-02	3.611961e-01	3.224055e-01	5.009484e-01	9.799931e-02
2661	1.413471e-01	4.317587e-01	7.806159e-02	9.757699e-02	5.111461e-01	2.946961e-01	7.428734e-02	3.948297e-02
