16669	8.835289e-01	1.605581e-01	2.274198e-02	2.842748e-02	1.489141e-01	9.292223e-02	1.528768e-02	9.031535e-01
21602	1.864822e-01	7.773389e-01	2.222812e-02	2.778515e-02	1.455494e-01	8.059117e-02	5.255793e-01	6.096539e-01
8064	8.880133e-01	7.671986e-01	3.846567e-02	4.808209e-02	2.518726e-01	2.049814e-01	8.297521e-01	6.009697e-01
23008	7.441639e-01	8.029171e-02	2.437620e-02	3.047025e-02	1.596150e-01	6.593921e-02	2.124146e-02	6.434985e-01
1425	5.533782e-01	9.083997e-01	5.102812e-02	6.378515e-02	3.341313e-01	3.330868e-01	5.277655e-01	8.263441e-01
28396	7.175617e-01	5.993549e-01	4.190188e-02	5.237735e-02	2.743729e-01	1.138439e-01	4.962857e-01	3.827577e-01
1836	1.993051e-01	2.370894e-01	4.882668e-02	6.103335e-02	3.197164e-01	2.734491e-01	9.602442e-01	1.792495e-01
1080	4.674888e-01	2.421225e-01	4.606422e-02	5.758027e-02	3.016278e-01	1.495475e-01	1.867338e-01	5.877093e-01
12318	6.467627e-01	2.972817e-01	2.396535e-02	2.995669e-02	1.569247e-01	1.565771e-01	7.822314e-01	9.318016e-01
9598	7.888086e-01	7.564676e-01	2.350541e-02	2.938176e-02	1.539130e-01	1.536824e-01	4.644246e-02	2.596684e-01
13385	9.181173e-01	8.517895e-01	3.404964e-02	4.256205e-02	2.229565e-01	6.782606e-02	9.925135e-01	3.002358e-01
27800	9.159611e-01	1.207704e-01	5.191917e-02	6.489897e-02	3.399659e-01	3.154487e-01	9.093658e-01	6.502452e-01
28948	7.533141e-01	8.209962e-01	2.661392e-02	3.326740e-02	1.742675e-01	1.132344e-01	4.799331e-01	7.542218e-01
26507	2.462716e-01	8.720119e-01	3.515007e-02	4.393759e-02	2.301621e-01	2.266631e-01	4.713868e-02	4.521791e-01
21679	1.592210e-01	3.211846e-01	5.711339e-02	7.139173e-02	3.739776e-01	1.214412e-01	8.077828e-01	8.343975e-02
8291	2.930363e-01	7.173357e-01	2.343080e-02	2.928850e-02	1.534245e-01	1.489190e-01	5.095586e-01	4.691141e-02
15074	9.415841e-01	5.317587e-01	2.948071e-02	3.685089e-02	1.930393e-01	1.541190e-01	8.675428e-01	6.446463e-01
11649	7.132471e-01	4.331403e-01	2.781214e-02	3.476518e-02	1.821135e-01	6.972277e-02	4.717777e-01	1.444690e-01
28459	2.299282e-01	3.246627e-01	3.352207e-02	4.190259e-02	2.195020e-01	5.855827e-02	7.991213e-01	9.543921e-01
32176	7.886827e-01	8.418360e-01	3.726531e-02	4.658164e-02	2.440127e-01	2.356028e-01	3.647034e-01	8.295906e-01
28481	4.848767e-01	1.057626e-01	3.139599e-02	3.924499e-02	2.055805e-01	7.629782e-02	2.152138e-01	4.688390e-01
7003	9.196001e-01	2.724895e-01	4.220507e-02	5.275634e-02	2.763582e-01	2.660212e-01	8.388003e-01	6.028010e-01
19337	7.398763e-01	3.222899e-01	3.372498e-02	4.215622e-02	2.208306e-01	2.204546e-01	8.083157e-01	6.032847e-01
14605	4.623328e-01	3.911351e-01	4.262239e-02	5.327799e-02	2.790907e-01	1.316095e-01	2.901388e-01	5.310378e-01
23027	1.141481e-01	6.513586e-01	2.134959e-02	2.668699e-02	1.397968e-01	7.399931e-02	1.119375e-01	6.879887e-01
30764	2.410739e-01	1.724725e-01	2.171651e-02	2.714564e-02	1.421994e-01	1.129641e-01	7.777571e-01	6.012104e-01
8855	8.396212e-01	1.928965e-01	2.342584e-02	2.928230e-02	1.533920e-01	1.229750e-01	7.733825e-01	3.473158e-01
10183	3.513260e-01	3.853385e-01	4.442924e-02	5.553655e-02	2.909220e-01	1.250235e-01	7.327187e-01	2.849028e-01
10566	5.036059e-01	8.197972e-01	7.704300e-02	9.630376e-02	5.044764e-01	2.456714e-01	3.238527e-01	8.484413e-01
18582	4.912284e-01	5.916587e-01	3.311608e-02	4.139510e-02	2.168436e-01	1.053978e-01	1.778773e-02	5.532170e-01
18755	2.856776e-01	7.834298e-01	4.218960e-02	5.273700e-02	2.762568e-01	2.220142e-01	1.762669e-01	7.667072e-01
14815	2.686731e-01	3.207775e-01	2.173080e-02	2.716351e-02	1.422930e-01	8.242255e-02	6.889404e-01	5.713604e-01
30678	7.531648e-01	2.261484e-01	2.369352e-02	2.961690e-02	1.551448e-01	1.534667e-01	7.827922e-01	9.178824e-01
12358	3.205040e-01	8.843586e-01	2.739620e-02	3.424526e-02	1.793899e-01	5.848347e-02	1.311973e-01	5.294251e-01
3724	8.818035e-02	8.076172e-02	2.360926e-02	2.951158e-02	1.545931e-01	1.513791e-01	1.978885e-01	6.533386e-01
28287	3.060274e-01	9.111246e-01	2.459324e-02	3.074155e-02	1.610362e-01	7.242936e-02	6.205686e-02	3.628568e-01
13537	3.401931e-01	7.166476e-02	3.148138e-02	3.935172e-02	2.061396e-01	1.843274e-01	7.258967e-01	4.260917e-02
1019	7.116603e-01	9.088738e-02	2.272370e-02	2.840463e-02	1.487944e-01	1.044739e-01	3.097215e-01	9.978619e-01
32684	5.750102e-01	7.224141e-01	4.249512e-02	5.311890e-02	2.782574e-01	1.651216e-01	2.271745e-01	8.748054e-01
31177	5.555585e-01	4.361149e-01	3.736291e-02	4.670363e-02	2.446517e-01	7.652768e-02	4.024081e-01	5.414531e-01
19619	4.812691e-02	6.734575e-01	2.510676e-02	3.138345e-02	1.643987e-01	7.086822e-02	6.167579e-01	3.634402e-01
9564	3.291405e-01	3.352478e-01	2.667466e-02	3.334333e-02	1.746653e-01	1.523339e-01	9.557694e-01	4.247610e-01
9792	5.561984e-01	5.681985e-01	5.630731e-02	7.038414e-02	3.686994e-01	2.547172e-01	2.025375e-01	7.912753e-01
25511	8.062534e-01	1.747619e-01	2.422691e-02	3.028364e-02	1.586374e-01	1.443728e-01	3.166773e-01	7.164426e-01
28419	2.790857e-01	7.460411e-02	2.808698e-02	3.510872e-02	1.839131e-01	1.064285e-01	4.364121e-02	6.255910e-01
1503	4.852099e-01	5.529755e-01	2.162293e-02	2.702866e-02	1.415866e-01	8.115099e-02	5.771984e-01	8.528993e-01
8056	6.681020e-01	1.224341e-01	4.287358e-02	5.359198e-02	2.807355e-01	9.628870e-02	3.637303e-04	6.064535e-01
1542	1.372046e-01	1.295600e-01	3.064916e-02	3.831145e-02	2.006902e-01	1.627311e-01	3.919939e-01	6.610309e-01
5847	2.559582e-01	2.010961e-01	5.236325e-02	6.545406e-02	3.428737e-01	1.714647e-01	8.560569e-01	9.407726e-01
27154	1.096540e-01	7.793713e-01	2.203063e-02	2.753829e-02	1.442562e-01	8.588994e-02	1.282795e-01	7.640241e-01
15045	5.284107e-01	1.084672e-01	2.187356e-02	2.734195e-02	1.432277e-01	1.405473e-01	8.846066e-01	4.642800e-01
8775	4.519875e-02	2.947271e-01	2.594556e-02	3.243195e-02	1.698911e-01	4.398215e-02	7.380918e-01	8.833066e-01
18547	1.153819e-01	3.241850e-01	2.897831e-02	3.622289e-02	1.897495e-01	1.870739e-01	5.772318e-01	7.840219e-01
16525	7.919660e-01	9.077034e-01	4.799994e-02	5.999992e-02	3.143029e-01	3.141931e-01	2.563579e-01	2.366384e-02
17499	6.973473e-01	9.505225e-01	2.612089e-02	3.265112e-02	1.710392e-01	1.031714e-01	2.943233e-01	1.789253e-01
4199	4.958447e-01	7.280723e-01	4.074644e-02	5.093305e-02	2.668071e-01	2.391396e-01	9.928121e-01	1.063525e-01
15792	3.892796e-01	4.864146e-01	2.441535e-02	3.051919e-02	1.598714e-01	1.585427e-01	7.197499e-01	8.751829e-01
8348	8.743218e-01	8.664429e-01	3.038406e-02	3.798008e-02	1.989544e-01	1.916342e-01	8.095469e-01	6.979631e-01
13596	8.150520e-01	6.092912e-01	5.482550e-02	6.853187e-02	3.589965e-01	3.335254e-01	6.227558e-01	2.459502e-01
4339	3.225070e-01	1.257067e-01	2.117031e-02	2.646289e-02	1.386229e-01	1.276139e-01	4.269222e-01	7.139137e-01
4396	1.869597e-01	6.309208e-01	2.444495e-02	3.055619e-02	1.600652e-01	1.192821e-01	1.574578e-01	8.532275e-01
27792	7.288927e-01	5.243895e-01	3.788427e-02	4.735533e-02	2.480656e-01	6.860815e-02	1.691765e-01	4.237797e-01
17078	5.830067e-01	5.238948e-01	3.179644e-02	3.974556e-02	2.082026e-01	2.068826e-01	2.339841e-01	1.647230e-01
2027	3.975742e-01	7.404315e-02	3.918334e-02	4.897917e-02	2.565719e-01	2.539578e-01	6.998790e-01	6.854256e-01
13334	7.341442e-01	8.166600e-01	2.825756e-02	3.532195e-02	1.850301e-01	8.222622e-02	5.829388e-01	2.644653e-01
26676	6.110488e-01	1.053915e-01	4.024452e-02	5.030564e-02	2.635205e-01	2.340530e-01	9.045340e-01	1.865827e-01
16210	6.962030e-01	6.696624e-01	4.314748e-02	5.393435e-02	2.825290e-01	2.517152e-01	7.295331e-01	2.961849e-01
13825	2.199521e-01	3.744460e-01	3.101485e-02	3.876857e-02	2.030848e-01	1.748652e-01	8.585174e-01	5.514818e-01
12154	6.527056e-01	8.633263e-01	5.071765e-02	6.339706e-02	3.320984e-01	2.239083e-01	6.413167e-01	7.496700e-01
30156	2.042008e-01	7.387886e-01	3.352073e-02	4.190091e-02	2.194932e-01	2.031581e-01	9.658243e-01	3.098414e-01
18341	9.435295e-01	9.446261e-01	5.212706e-02	6.515883e-02	3.413272e-01	2.673580e-01	8.429683e-01	6.490443e-01
12770	4.213491e-01	4.308233e-01	2.731326e-02	3.414157e-02	1.788468e-01	6.244286e-02	5.184638e-01	2.049360e-01
28926	3.918608e-01	2.817207e-01	2.582849e-02	3.228561e-02	1.691245e-01	9.797250e-02	7.008679e-01	2.396906e-01
11034	3.784956e-01	5.470681e-01	3.714384e-02	4.642980e-02	2.432173e-01	1.191141e-01	4.521600e-01	6.604514e-01
31981	2.116352e-01	4.830657e-01	2.157237e-02	2.696546e-02	1.412556e-01	1.396398e-01	2.147026e-01	9.920763e-01
26842	1.437416e-01	6.088309e-01	2.060283e-02	2.575354e-02	1.349070e-01	1.333178e-01	8.824799e-01	7.265621e-01
22221	5.082392e-01	1.683780e-01	5.839004e-02	7.298755e-02	3.823371e-01	3.508668e-01	4.646978e-01	9.902478e-01
