17336	7.684650e-01	5.315770e-01	2.931599e-02	3.664499e-02	1.919606e-01	1.434723e-01	5.441928e-02	2.847221e-01
22657	2.349034e-01	6.152892e-01	2.716494e-02	3.395618e-02	1.778756e-01	1.441325e-01	1.943904e-01	9.218986e-01
3800	8.671279e-01	8.228135e-01	4.230185e-02	5.287731e-02	2.769918e-01	8.228338e-02	2.947644e-01	7.727355e-01
22914	9.688971e-01	7.783707e-01	2.256627e-02	2.820783e-02	1.477636e-01	1.269215e-01	4.456946e-01	3.033365e-01
19818	1.531025e-01	5.196752e-01	5.364650e-02	6.705812e-02	3.512764e-01	2.639181e-01	8.238168e-01	3.897926e-01
17854	4.043167e-01	6.718350e-01	3.232412e-02	4.040516e-02	2.116579e-01	1.134102e-01	5.271592e-01	1.086992e-01
7878	4.024499e-01	8.525842e-02	2.338452e-02	2.923065e-02	1.531215e-01	1.474635e-01	1.610411e-01	1.827701e-01
31397	3.559345e-01	3.716795e-01	7.313855e-02	9.142318e-02	4.789101e-01	4.778799e-01	9.101169e-01	8.784283e-01
12906	4.708259e-01	5.223155e-01	4.656702e-02	5.820877e-02	3.049201e-01	2.738130e-01	6.698352e-01	8.114594e-01
10267	9.585921e-01	5.832556e-01	2.313816e-02	2.892270e-02	1.515083e-01	1.227569e-01	1.846997e-01	7.620460e-01
1399	7.509959e-01	2.269057e-01	5.675489e-02	7.094362e-02	3.716302e-01	3.155937e-01	3.822793e-01	2.169802e-01
26699	6.724125e-01	2.028875e-01	5.499763e-02	6.874704e-02	3.601236e-01	3.099471e-01	3.156141e-01	2.438737e-01
4135	4.479314e-01	3.681001e-01	2.267919e-02	2.834899e-02	1.485030e-01	1.149842e-01	4.576373e-01	2.178277e-01
6999	5.508146e-01	9.366560e-01	4.096167e-02	5.120209e-02	2.682164e-01	2.681737e-01	9.591136e-01	3.440169e-01
9578	2.296011e-01	5.266015e-01	6.063925e-02	7.579906e-02	3.970649e-01	1.827047e-01	6.226203e-01	6.616477e-01
14204	3.789819e-01	1.753409e-01	3.610013e-02	4.512516e-02	2.363831e-01	1.633047e-01	6.758252e-02	1.786924e-01
14549	7.041580e-01	4.691029e-01	3.274094e-02	4.092618e-02	2.143872e-01	1.343854e-01	6.049356e-01	7.784986e-01
20566	7.922684e-01	1.299000e-01	3.425291e-02	4.281614e-02	2.242875e-01	2.011759e-01	9.126673e-02	5.432262e-01
986	9.275860e-01	8.710740e-01	3.173871e-02	3.967339e-02	2.078246e-01	2.069622e-01	9.767577e-01	1.874004e-01
19254	1.982498e-01	2.548013e-01	2.431356e-02	3.039194e-02	1.592048e-01	1.387178e-01	3.626277e-01	9.585817e-01
23767	3.256823e-01	2.809706e-01	2.422483e-02	3.028103e-02	1.586238e-01	9.109125e-02	5.024234e-01	8.328031e-01
10533	4.493504e-01	5.685912e-01	2.179799e-02	2.724749e-02	1.427329e-01	7.424853e-02	4.455188e-01	5.194375e-01
21944	1.417467e-01	8.776573e-01	4.001532e-02	5.001915e-02	2.620197e-01	1.937508e-01	3.161275e-01	3.380039e-01
17131	5.995443e-01	9.073717e-01	2.137364e-02	2.671705e-02	1.399543e-01	1.395824e-01	7.685735e-01	7.218415e-01
2360	5.907901e-01	2.086889e-01	6.820566e-02	8.525707e-02	4.466096e-01	2.855317e-01	6.965872e-01	6.264849e-01
14391	4.237296e-01	8.225354e-01	2.899344e-02	3.624180e-02	1.898486e-01	1.886649e-01	7.583318e-01	9.092435e-01
16774	6.617373e-01	8.854651e-01	2.154624e-02	2.693280e-02	1.410845e-01	1.256479e-01	8.691475e-01	5.206397e-01
32170	8.487869e-01	5.138900e-01	2.719010e-02	3.398763e-02	1.780404e-01	7.619558e-02	3.495111e-01	4.331267e-01
2084	3.630855e-01	7.204701e-01	2.259006e-02	2.823757e-02	1.479194e-01	1.273061e-01	1.547207e-01	2.213184e-02
24082	3.282554e-01	1.306104e-01	2.294899e-02	2.868624e-02	1.502696e-01	4.058824e-02	7.991793e-01	9.225687e-02
19523	7.909424e-02	6.970688e-01	3.675868e-02	4.594835e-02	2.406953e-01	2.049433e-01	9.554816e-02	8.791808e-01
17797	5.522906e-01	8.095188e-01	3.855749e-02	4.819687e-02	2.524739e-01	1.417776e-01	9.066885e-01	8.372871e-01
18302	4.866407e-01	8.426829e-01	5.574691e-02	6.968364e-02	3.650299e-01	1.819146e-01	7.790168e-01	7.187243e-01
10491	3.497471e-01	6.192568e-01	4.223212e-02	5.279015e-02	2.765352e-01	1.747674e-01	4.846522e-01	7.456883e-02
16641	9.205680e-01	6.435385e-01	2.112483e-02	2.640604e-02	1.383250e-01	1.380605e-01	1.232921e-01	8.563505e-01
318	7.596534e-02	3.766914e-02	2.058708e-02	2.573384e-02	1.348038e-01	7.660786e-02	1.528521e-01	2.496771e-02
10694	6.871049e-01	2.541989e-01	3.726175e-02	4.657718e-02	2.439893e-01	1.500944e-01	8.361023e-01	2.529758e-01
27085	5.593609e-01	3.019851e-01	3.274909e-02	4.093636e-02	2.144405e-01	1.698368e-01	4.613463e-01	2.616215e-01
22312	3.511519e-02	1.931081e-01	3.108215e-02	3.885269e-02	2.035254e-01	1.186478e-01	7.490668e-01	7.225634e-01
13895	9.307219e-01	6.999131e-01	6.352936e-02	7.941170e-02	4.159893e-01	3.074372e-01	9.308256e-01	2.141815e-01
18197	8.105676e-01	3.152251e-01	3.481601e-02	4.352001e-02	2.279747e-01	1.346659e-01	5.540001e-01	4.302538e-01
19831	4.361742e-01	4.137180e-01	4.040133e-02	5.050166e-02	2.645473e-01	7.892922e-02	1.825444e-01	7.679189e-01
30048	1.431583e-01	4.053151e-01	5.088066e-02	6.360083e-02	3.331658e-01	1.885300e-01	3.546447e-01	4.744757e-01
3592	4.050066e-01	5.586612e-01	5.703881e-02	7.129851e-02	3.734892e-01	3.000217e-01	2.401489e-01	5.466871e-01
10046	6.438285e-02	4.225416e-01	4.274560e-02	5.343200e-02	2.798975e-01	2.476623e-01	2.868480e-01	9.979307e-01
20376	8.196612e-01	5.585575e-01	2.657897e-02	3.322372e-02	1.740387e-01	1.389243e-01	5.501269e-01	1.231855e-01
22929	6.471774e-01	4.477419e-01	6.467772e-02	8.084715e-02	4.235087e-01	4.150130e-01	6.296625e-01	7.961621e-01
28077	4.952468e-01	2.314198e-01	3.173544e-02	3.966930e-02	2.078032e-01	1.185272e-01	1.080115e-01	4.408428e-01
29582	1.407130e-01	3.015404e-01	2.665535e-02	3.331918e-02	1.745388e-01	1.659016e-01	4.713124e-01	2.271997e-01
28161	4.052847e-01	6.261023e-01	2.765783e-02	3.457229e-02	1.811031e-01	6.160847e-02	3.124692e-01	1.010429e-01
30826	2.680406e-01	7.220742e-01	2.167681e-02	2.709602e-02	1.419394e-01	4.761288e-02	8.006084e-01	7.863392e-02
2245	6.208972e-01	3.280636e-01	3.119468e-02	3.899334e-02	2.042622e-01	1.679919e-01	5.263225e-01	2.730624e-01
28413	2.018082e-01	9.341501e-01	2.162598e-02	2.703248e-02	1.416066e-01	1.266648e-01	3.443634e-01	7.456257e-01
22780	6.807815e-02	8.164377e-01	4.361915e-02	5.452394e-02	2.856175e-01	2.026171e-01	2.945128e-01	5.020627e-02
11584	2.607692e-01	8.171300e-01	7.404676e-02	9.255845e-02	4.848571e-01	4.787028e-01	1.141700e-01	3.814964e-01
11278	4.668969e-01	6.586222e-01	3.026640e-02	3.783300e-02	1.981839e-01	1.804083e-01	8.450826e-01	1.594515e-02
18179	2.754758e-01	1.037584e-01	2.506939e-02	3.133674e-02	1.641540e-01	1.640470e-01	1.448405e-01	4.932303e-01
10	4.920997e-01	1.281579e-01	2.214973e-02	2.768717e-02	1.450361e-01	1.297340e-01	4.327179e-01	2.903968e-01
6457	4.634096e-02	8.500918e-01	2.444224e-02	3.055280e-02	1.600474e-01	5.889177e-02	4.718634e-01	5.992514e-01
32587	1.205954e-01	6.772671e-01	2.393530e-02	2.991912e-02	1.567280e-01	1.562282e-01	1.747483e-01	2.660461e-01
20685	6.081798e-01	2.661497e-01	3.000238e-02	3.750297e-02	1.964551e-01	1.594117e-01	5.000972e-01	3.537352e-01
3286	6.307381e-01	5.148438e-01	3.163768e-02	3.954710e-02	2.071630e-01	1.925368e-01	9.242640e-01	2.986105e-01
2780	7.503451e-01	7.885993e-01	2.795319e-02	3.494149e-02	1.830370e-01	1.763239e-01	1.996654e-01	5.410231e-01
30351	9.021961e-01	9.536713e-01	3.229559e-02	4.036949e-02	2.114710e-01	1.075126e-01	8.068165e-01	7.845554e-01
26557	6.051992e-01	3.947659e-01	2.188371e-02	2.735463e-02	1.432942e-01	8.689094e-02	1.068634e-01	8.141461e-01
2059	7.546375e-01	7.382687e-01	2.764258e-02	3.455323e-02	1.810032e-01	1.487445e-01	6.605045e-01	9.100063e-01
5221	8.764949e-01	5.625612e-01	2.869236e-02	3.586544e-02	1.878771e-01	1.876661e-01	2.881182e-01	1.205607e-01
6976	5.987340e-01	5.975967e-01	2.773619e-02	3.467024e-02	1.816162e-01	1.701275e-01	6.341892e-01	4.248701e-01
21169	5.331688e-01	3.787537e-01	4.068960e-02	5.086200e-02	2.664349e-01	1.511688e-01	9.486837e-01	4.652434e-01
20001	2.984219e-01	2.060846e-01	4.662836e-02	5.828545e-02	3.053218e-01	2.175111e-01	8.481420e-01	2.132072e-02
7953	3.926714e-01	7.232552e-01	2.965359e-02	3.706699e-02	1.941712e-01	1.378001e-01	3.449810e-01	5.326540e-01
32296	2.824188e-01	7.406511e-01	3.079262e-02	3.849077e-02	2.016296e-01	5.530184e-02	1.710356e-01	3.139669e-01
9394	1.715742e-01	9.076556e-01	2.424069e-02	3.030086e-02	1.587276e-01	1.537240e-01	9.924790e-01	1.330989e-01
18848	6.900929e-02	2.134244e-01	2.589602e-02	3.237003e-02	1.695668e-01	1.560733e-01	7.366932e-01	4.470422e-01
