29514	8.242032e-01	4.045202e-01	2.509984e-02	3.137481e-02	1.643534e-01	1.240608e-01	3.277789e-01	8.132743e-01
5442	6.636275e-01	2.381074e-01	6.381078e-02	7.976347e-02	4.178320e-01	4.126818e-01	5.622679e-01	6.229870e-01
12857	2.579115e-01	6.375254e-01	4.687749e-02	5.859686e-02	3.069531e-01	1.420794e-01	2.691101e-01	1.491610e-01
17304	8.154863e-01	9.263953e-01	2.462059e-02	3.077574e-02	1.612152e-01	1.482870e-01	8.960833e-01	5.373183e-01
3262	6.205798e-01	2.111726e-01	2.386392e-02	2.982990e-02	1.562606e-01	1.323235e-01	4.987885e-01	9.936216e-01
7445	3.468617e-01	3.453763e-01	2.149290e-02	2.686612e-02	1.407352e-01	1.233837e-01	9.855571e-01	5.638052e-01
18969	9.110246e-01	6.600884e-01	7.631372e-02	9.539215e-02	4.997010e-01	4.984988e-01	6.166713e-01	3.831835e-01
3183	3.456100e-01	6.991484e-01	2.982207e-02	3.727758e-02	1.952744e-01	1.951406e-01	3.999395e-01	8.062191e-02
5052	1.636692e-01	6.919198e-01	3.049570e-02	3.811963e-02	1.996854e-01	1.862192e-01	3.655163e-01	6.581557e-01
8088	3.347181e-01	3.192891e-01	2.953510e-02	3.691887e-02	1.933954e-01	1.311866e-01	7.931430e-01	5.791273e-01
2393	5.897136e-01	1.119898e-01	2.826668e-02	3.533335e-02	1.850898e-01	8.123780e-02	1.096587e-01	3.179466e-01
25077	6.341539e-01	8.642954e-01	2.452951e-02	3.066189e-02	1.606188e-01	1.424020e-01	4.294206e-01	8.868116e-01
16483	6.804869e-01	5.880670e-01	4.273812e-02	5.342266e-02	2.798486e-01	2.260135e-01	2.405624e-01	5.382127e-01
24945	5.508149e-01	5.245678e-01	2.457133e-02	3.071416e-02	1.608927e-01	1.349341e-01	2.476747e-01	2.479908e-01
9216	1.012018e-01	5.944703e-01	3.491798e-02	4.364747e-02	2.286424e-01	2.213570e-01	8.773721e-01	1.184322e-01
8425	2.780113e-01	8.891151e-01	2.367601e-02	2.959501e-02	1.550301e-01	1.018258e-01	9.530150e-02	9.292266e-01
19240	3.260434e-01	7.303044e-01	2.212711e-02	2.765889e-02	1.448880e-01	1.043334e-01	3.014842e-01	4.289183e-01
7905	4.742386e-01	8.966401e-01	2.332989e-02	2.916237e-02	1.527638e-01	7.061325e-02	2.500209e-01	3.196843e-01
26057	3.608570e-01	9.313112e-02	2.205452e-02	2.756815e-02	1.444126e-01	4.081446e-02	8.829526e-01	1.291585e-01
20119	9.101768e-01	5.085745e-01	3.569005e-02	4.461256e-02	2.336979e-01	2.137522e-01	1.598141e-02	1.923482e-01
10223	7.912447e-01	2.221616e-01	3.086532e-02	3.858165e-02	2.021056e-01	1.877746e-01	2.036994e-01	7.343739e-01
25684	2.788574e-01	6.125500e-01	2.521468e-02	3.151834e-02	1.651053e-01	1.048231e-01	2.926532e-01	6.691401e-02
17604	4.624659e-01	1.460105e-01	2.683051e-02	3.353813e-02	1.756857e-01	1.755271e-01	7.697570e-01	2.686107e-01
27837	5.590396e-01	4.578004e-01	2.171572e-02	2.714465e-02	1.421942e-01	3.740406e-02	3.099592e-01	5.933495e-01
23534	5.623400e-01	6.052881e-01	5.883275e-02	7.354094e-02	3.852359e-01	1.970222e-01	2.480050e-02	3.640835e-01
2322	4.931409e-01	3.859633e-01	3.220548e-02	4.025685e-02	2.108810e-01	1.379977e-01	6.191181e-01	2.789042e-01
23588	3.869604e-01	3.309874e-01	2.414076e-02	3.017595e-02	1.580733e-01	1.509417e-01	2.952610e-01	7.896985e-01
4713	1.088644e-01	3.962677e-01	6.087285e-02	7.609107e-02	3.985945e-01	2.135387e-01	8.228459e-01	5.182216e-01
16002	6.995091e-01	4.112148e-01	2.632943e-02	3.291179e-02	1.724047e-01	1.463796e-01	6.218162e-01	7.831923e-01
5660	1.176738e-01	9.580550e-02	2.681089e-02	3.351362e-02	1.755573e-01	1.247045e-01	6.799828e-01	1.056845e-01
11121	4.278256e-02	1.632001e-01	2.988023e-02	3.735028e-02	1.956553e-01	1.934125e-01	8.815401e-02	6.847052e-01
18538	2.326397e-01	5.751791e-01	2.262096e-02	2.827620e-02	1.481217e-01	5.808428e-02	2.526957e-01	4.287278e-01
12862	5.385716e-01	1.099953e-01	2.566760e-02	3.208449e-02	1.680710e-01	1.387675e-01	8.819800e-01	6.527999e-01
32678	2.150639e-01	6.113433e-01	5.314515e-02	6.643143e-02	3.479936e-01	9.645096e-02	7.925152e-01	7.064916e-01
17240	7.728664e-01	4.932946e-01	3.019739e-02	3.774674e-02	1.977321e-01	1.300778e-01	8.270441e-01	2.010007e-01
20156	6.382206e-01	3.815335e-01	2.256587e-02	2.820734e-02	1.477610e-01	5.774843e-02	7.761187e-03	9.957216e-01
19784	2.652670e-01	7.092939e-01	2.289534e-02	2.861917e-02	1.499183e-01	9.519735e-02	9.639210e-01	6.816586e-01
30479	7.595398e-01	3.481363e-01	2.287826e-02	2.859782e-02	1.498065e-01	1.008421e-01	5.148397e-01	4.913158e-01
24263	7.718710e-01	9.205850e-01	2.403356e-02	3.004195e-02	1.573714e-01	1.560311e-01	5.099510e-01	3.741487e-01
8276	4.290720e-01	8.589840e-01	4.278954e-02	5.348693e-02	2.801853e-01	1.383469e-01	3.634980e-02	8.394928e-02
7498	2.213103e-01	7.107187e-01	4.972215e-02	6.215269e-02	3.255799e-01	1.680046e-01	8.135321e-01	3.173999e-01
9144	7.977303e-01	2.990577e-01	4.770488e-02	5.963110e-02	3.123708e-01	1.826748e-01	1.624248e-01	3.173562e-01
11001	9.165326e-01	8.833627e-02	2.230933e-02	2.788667e-02	1.460812e-01	5.518685e-02	5.674587e-01	4.011654e-01
27223	5.711742e-02	7.150752e-01	2.147348e-02	2.684185e-02	1.406080e-01	9.024183e-02	3.465067e-01	5.206352e-01
29855	4.484954e-01	1.270935e-01	2.171867e-02	2.714834e-02	1.422135e-01	8.092303e-02	7.256104e-01	3.357401e-01
11668	3.768664e-01	6.341129e-01	2.114401e-02	2.643001e-02	1.384506e-01	1.167414e-01	4.019630e-01	1.024418e-01
29270	6.406299e-01	7.331894e-01	7.884103e-02	9.855129e-02	5.162498e-01	3.857534e-01	9.565553e-01	4.594558e-01
26057	4.915103e-01	4.714725e-01	5.744656e-02	7.180819e-02	3.761592e-01	3.718107e-01	2.063724e-01	8.959933e-01
10422	9.461798e-01	1.580322e-01	2.796187e-02	3.495234e-02	1.830939e-01	9.590612e-02	4.604842e-01	5.355141e-01
9592	4.097122e-01	4.796495e-01	2.941566e-02	3.676958e-02	1.926133e-01	1.839952e-01	1.549891e-02	1.047847e-01
26666	4.581624e-01	3.200286e-01	2.733032e-02	3.416290e-02	1.789585e-01	1.761776e-01	5.449263e-01	6.388281e-01
14899	4.369060e-01	2.269355e-01	5.094451e-02	6.368063e-02	3.335838e-01	1.387652e-01	5.244568e-01	1.071904e-01
3822	4.541154e-01	7.289612e-01	3.768607e-02	4.710759e-02	2.467678e-01	2.465109e-01	4.653584e-01	9.632335e-01
7282	2.527928e-01	1.700097e-01	3.952855e-02	4.941068e-02	2.588323e-01	2.084049e-01	3.005709e-01	9.800563e-01
15525	7.996268e-01	8.738025e-01	3.430827e-02	4.288534e-02	2.246500e-01	7.466875e-02	9.211196e-01	4.687732e-01
5872	2.931207e-01	4.216113e-01	6.489467e-02	8.111834e-02	4.249293e-01	4.243059e-01	5.732178e-01	5.210641e-01
3451	1.724629e-01	4.548409e-01	4.576204e-02	5.720254e-02	2.996491e-01	2.801693e-01	1.093542e-01	8.713545e-01
24602	3.589358e-01	4.712046e-01	2.181067e-02	2.726334e-02	1.428159e-01	1.413404e-01	5.125347e-01	7.403501e-01
1058	3.540707e-01	7.826000e-01	4.729432e-02	5.911790e-02	3.096825e-01	2.563585e-01	4.894762e-01	1.482693e-01
14228	1.307503e-01	4.895084e-02	2.681489e-02	3.351861e-02	1.755835e-01	8.634541e-02	8.224289e-01	2.452434e-01
30017	6.500177e-01	3.138748e-01	3.064704e-02	3.830880e-02	2.006763e-01	1.064749e-01	6.512851e-01	4.698274e-01
25570	6.890282e-02	6.708156e-01	3.054853e-02	3.818566e-02	2.000313e-01	8.843441e-02	5.813290e-01	7.491321e-01
11915	5.551848e-01	6.956280e-01	4.009181e-02	5.011476e-02	2.625205e-01	2.039591e-01	7.477882e-01	9.040449e-01
14725	9.476389e-01	4.629266e-01	2.529288e-02	3.161611e-02	1.656174e-01	1.021655e-01	8.480207e-01	7.360284e-01
29363	6.676071e-01	6.464112e-02	3.565681e-02	4.457101e-02	2.334802e-01	2.211903e-01	6.003255e-01	1.182412e-01
20217	2.455924e-01	4.483853e-01	2.060308e-02	2.575385e-02	1.349086e-01	1.102127e-01	6.231639e-01	8.495419e-01
15533	1.011088e-01	6.722133e-01	3.806777e-02	4.758471e-02	2.492671e-01	1.356021e-01	8.313093e-01	9.311522e-01
27140	3.968678e-01	1.525523e-01	7.278092e-02	9.097616e-02	4.765684e-01	3.872343e-01	2.136027e-01	5.216514e-01
13390	9.580224e-01	3.489600e-01	3.689746e-02	4.612182e-02	2.416040e-01	1.168149e-01	6.782887e-02	2.702183e-01
5095	6.147247e-01	5.354507e-01	2.611693e-02	3.264616e-02	1.710133e-01	1.706372e-01	1.250397e-01	5.225530e-01
20111	9.307950e-01	8.908122e-01	4.681213e-02	5.851517e-02	3.065251e-01	1.700562e-01	2.865772e-01	9.159292e-01
27155	8.816057e-01	9.151377e-02	4.883721e-02	6.104651e-02	3.197853e-01	3.194335e-01	3.701658e-01	3.153834e-01
7877	6.201472e-01	4.061403e-01	2.508127e-02	3.135158e-02	1.642317e-01	1.155527e-01	6.651481e-01	4.311132e-01
12836	5.573759e-01	5.721288e-01	2.208208e-02	2.760260e-02	1.445931e-01	5.315065e-02	3.024800e-01	1.526159e-02
11111	8.817312e-01	3.451010e-01	2.192766e-02	2.740958e-02	1.435820e-01	1.303106e-01	2.701445e-01	4.355301e-01
22777	1.213819e-01	8.521201e-01	2.345307e-02	2.931634e-02	1.535703e-01	1.157427e-01	7.795145e-01	5.924707e-02
