26411	3.550492e-01	1.225168e-01	4.141657e-02	5.177071e-02	2.711950e-01	1.236250e-01	5.669525e-01	5.968708e-01
18793	1.933043e-01	7.649301e-01	2.741880e-02	3.427351e-02	1.795379e-01	7.043705e-02	8.238080e-01	4.863897e-01
5105	3.247140e-01	9.667214e-01	2.339083e-02	2.923854e-02	1.531628e-01	8.995060e-02	3.507137e-01	2.122818e-01
23648	7.248815e-01	2.414521e-01	2.206948e-02	2.758685e-02	1.445106e-01	1.405592e-01	2.373038e-01	7.874595e-01
31677	1.009946e-01	5.531027e-02	2.470976e-02	3.088720e-02	1.617991e-01	1.118827e-01	7.171221e-01	6.859999e-01
1890	3.193002e-01	5.437435e-01	3.549065e-02	4.436331e-02	2.323922e-01	2.322412e-01	1.708618e-01	3.939398e-01
500	5.634978e-02	3.676582e-01	5.235064e-02	6.543830e-02	3.427912e-01	1.648128e-01	8.302342e-01	2.589772e-01
9501	8.126908e-01	6.339196e-01	2.622424e-02	3.278030e-02	1.717159e-01	1.075462e-01	6.809290e-01	3.354923e-02
31848	5.314112e-01	2.561858e-01	2.333036e-02	2.916295e-02	1.527668e-01	1.001929e-01	5.780445e-01	9.277750e-01
22587	6.577736e-01	7.878162e-01	3.513912e-02	4.392390e-02	2.300904e-01	1.708229e-01	2.496602e-01	4.744902e-01
11918	1.848887e-01	6.485627e-01	3.336039e-02	4.170049e-02	2.184433e-01	2.182989e-01	2.564752e-01	4.036946e-01
4444	5.614298e-01	7.269677e-01	3.113310e-02	3.891638e-02	2.038591e-01	1.427564e-01	4.669893e-01	4.616587e-01
19255	4.575671e-01	2.588066e-01	2.744884e-02	3.431106e-02	1.797346e-01	1.723914e-01	5.584844e-01	9.568978e-01
12377	7.614828e-01	2.972050e-01	2.924417e-02	3.655522e-02	1.914904e-01	1.172754e-01	4.827739e-01	1.316478e-01
17534	5.211932e-01	4.652113e-01	4.878384e-02	6.097981e-02	3.194359e-01	1.967717e-01	6.617684e-02	8.375658e-01
12812	2.923796e-01	6.747709e-01	6.556989e-02	8.196237e-02	4.293506e-01	3.381631e-01	9.606004e-01	1.544814e-01
26972	8.105116e-01	5.174408e-02	2.176351e-02	2.720439e-02	1.425072e-01	8.055412e-02	3.345574e-01	5.238775e-01
8628	8.230164e-02	7.800976e-01	4.110946e-02	5.138682e-02	2.691841e-01	1.823116e-01	1.425990e-01	6.041610e-01
28927	6.569697e-01	6.335280e-01	7.677291e-02	9.596614e-02	5.027079e-01	3.874217e-01	1.617694e-01	7.717644e-01
5194	3.940962e-01	1.006748e-01	2.755034e-02	3.443793e-02	1.803992e-01	1.409960e-01	2.920294e-01	4.938808e-01
31821	5.921544e-02	9.317658e-01	4.706314e-02	5.882892e-02	3.081687e-01	2.919764e-01	7.720026e-01	4.613127e-01
32235	4.946557e-01	2.813810e-01	2.245226e-02	2.806532e-02	1.470170e-01	1.335568e-01	6.692467e-01	8.420637e-01
90	2.625083e-01	4.194689e-01	4.036573e-02	5.045716e-02	2.643142e-01	2.007054e-01	4.915674e-01	7.241241e-01
13636	9.120703e-01	6.690560e-02	4.507481e-02	5.634351e-02	2.951492e-01	9.732912e-02	4.434775e-01	3.834396e-01
30627	4.846309e-01	5.932332e-01	2.207103e-02	2.758878e-02	1.445207e-01	1.293900e-01	9.886781e-01	9.118962e-01
30835	8.873607e-01	7.912190e-01	3.540601e-02	4.425751e-02	2.318380e-01	6.762651e-02	6.778149e-01	3.239749e-01
29693	4.518080e-01	3.713978e-01	4.543699e-02	5.679623e-02	2.975207e-01	2.783857e-01	6.499688e-01	6.815325e-02
21028	4.195964e-01	2.850013e-01	2.865402e-02	3.581753e-02	1.876261e-01	1.860920e-01	2.403835e-01	4.870937e-01
13990	5.537974e-01	5.278570e-01	4.902385e-02	6.127981e-02	3.210074e-01	3.210070e-01	5.444560e-01	3.852186e-01
14036	4.391342e-02	6.758396e-01	2.120057e-02	2.650071e-02	1.388210e-01	1.352937e-01	9.991587e-01	8.211199e-01
22411	4.200352e-01	8.914492e-01	2.528020e-02	3.160025e-02	1.655344e-01	1.006870e-01	1.947012e-01	1.998397e-01
25392	8.087506e-01	1.901242e-01	2.941326e-02	3.676658e-02	1.925976e-01	1.908173e-01	5.924164e-01	1.423160e-01
27969	3.711025e-01	2.207911e-01	5.368544e-02	6.710679e-02	3.515314e-01	1.363956e-01	6.732721e-01	2.272898e-01
11800	1.345243e-01	6.542054e-01	2.240142e-02	2.800177e-02	1.466841e-01	1.300083e-01	6.031211e-01	3.509833e-01
2635	8.813541e-01	3.755175e-01	4.041422e-02	5.051778e-02	2.646317e-01	2.547701e-01	6.215578e-01	1.121477e-01
15750	4.017030e-01	1.694780e-01	2.142080e-02	2.677600e-02	1.402631e-01	1.399138e-01	6.583166e-01	3.407282e-01
23735	5.223138e-01	6.715745e-01	2.731414e-02	3.414268e-02	1.788526e-01	4.965539e-02	9.684654e-01	2.458271e-01
29445	1.757943e-01	4.318860e-01	7.531136e-02	9.413920e-02	4.931376e-01	3.028097e-01	4.995494e-01	1.675797e-01
27137	5.476526e-01	1.653501e-01	5.478317e-02	6.847897e-02	3.587194e-01	1.813905e-01	6.139297e-01	2.965291e-01
26323	5.414905e-01	8.730084e-01	4.150606e-02	5.188258e-02	2.717811e-01	2.635998e-01	3.238535e-01	2.031762e-01
31752	2.050476e-01	3.562508e-01	2.067134e-02	2.583917e-02	1.353556e-01	7.833516e-02	1.371086e-01	8.086306e-01
28664	8.426517e-01	5.656293e-01	4.632710e-02	5.790888e-02	3.033492e-01	1.312268e-01	9.474993e-01	5.571763e-02
21624	5.552395e-01	2.909588e-01	4.598473e-02	5.748091e-02	3.011073e-01	2.982347e-01	6.445382e-01	7.770075e-01
14898	3.111693e-01	2.187862e-01	2.979060e-02	3.723825e-02	1.950684e-01	1.940490e-01	6.194687e-01	1.951215e-01
25650	4.900974e-01	3.965892e-01	2.710661e-02	3.388327e-02	1.774937e-01	1.753284e-01	8.301380e-01	5.414628e-01
4491	6.292018e-01	4.125834e-01	5.664787e-02	7.080983e-02	3.709294e-01	1.401426e-01	7.187480e-01	9.399163e-01
8939	7.631127e-01	6.173651e-01	4.553832e-02	5.692290e-02	2.981842e-01	2.981459e-01	8.934844e-01	8.345564e-02
13422	8.704337e-01	7.540246e-01	3.528337e-02	4.410421e-02	2.310350e-01	8.917078e-02	4.805798e-01	7.171805e-01
4083	6.207663e-01	7.820624e-01	2.186983e-02	2.733729e-02	1.432033e-01	1.076733e-01	7.749613e-01	9.031046e-01
21401	3.966708e-01	3.705023e-01	4.624355e-02	5.780444e-02	3.028021e-01	2.674958e-01	5.665510e-02	8.183983e-01
6376	9.253240e-01	7.353301e-01	2.971412e-02	3.714265e-02	1.945676e-01	1.729175e-01	3.042930e-03	7.099806e-01
32134	6.929319e-01	5.538618e-01	3.769412e-02	4.711765e-02	2.468205e-01	2.466814e-01	8.334172e-01	4.450149e-01
24308	1.508073e-01	1.254701e-01	4.895383e-02	6.119229e-02	3.205489e-01	3.204749e-01	2.955009e-01	3.183920e-01
9073	1.215621e-01	7.101676e-01	2.112363e-02	2.640454e-02	1.383172e-01	1.370270e-01	5.590043e-01	3.513260e-01
2457	2.379953e-01	5.011767e-01	4.959588e-02	6.199486e-02	3.247531e-01	2.394398e-01	8.916354e-01	3.785148e-01
21143	4.527821e-02	2.733391e-01	2.913911e-02	3.642389e-02	1.908024e-01	9.774056e-02	4.830169e-01	2.658050e-01
15282	4.372499e-01	9.307075e-02	2.562020e-02	3.202525e-02	1.677607e-01	5.664229e-02	8.531691e-01	7.017668e-01
26224	4.756526e-01	5.295889e-01	2.063310e-02	2.579138e-02	1.351052e-01	1.105371e-01	6.664742e-01	7.698443e-01
27050	1.957976e-01	5.765168e-01	2.600139e-02	3.250174e-02	1.702567e-01	1.691069e-01	5.719360e-01	4.370272e-01
20388	3.304604e-01	8.873523e-02	2.438383e-02	3.047978e-02	1.596649e-01	1.334914e-01	3.186201e-01	9.749275e-01
31825	4.619640e-01	8.674590e-01	2.255495e-02	2.819369e-02	1.476895e-01	1.476881e-01	4.380369e-01	5.676953e-02
21082	1.078491e-01	4.884939e-01	2.748717e-02	3.435896e-02	1.799855e-01	1.302323e-01	4.328014e-01	5.281855e-01
11358	2.160177e-01	1.051759e-01	3.915891e-02	4.894864e-02	2.564120e-01	7.336068e-02	2.742553e-01	2.821845e-01
9317	7.802789e-01	8.389025e-01	2.915514e-02	3.644393e-02	1.909074e-01	1.908636e-01	6.338327e-01	5.748247e-01
29871	2.282529e-01	4.323002e-01	2.222341e-02	2.777927e-02	1.455186e-01	1.452871e-01	5.502967e-01	4.356907e-01
17872	8.249127e-01	8.590640e-01	4.130087e-02	5.162609e-02	2.704375e-01	2.127472e-01	7.909544e-01	1.505332e-01
12166	4.261165e-01	4.507009e-01	3.111934e-02	3.889918e-02	2.037690e-01	1.138286e-01	7.497836e-01	1.418238e-01
14604	6.348471e-02	4.522819e-01	4.208202e-02	5.260253e-02	2.755524e-01	2.551702e-01	7.208707e-01	3.627709e-01
23826	4.086984e-01	4.279549e-01	2.083517e-02	2.604396e-02	1.364284e-01	1.362050e-01	2.738153e-01	3.292540e-01
8290	8.606680e-01	1.700979e-01	2.595231e-02	3.244039e-02	1.699353e-01	1.451144e-01	7.107009e-01	3.014265e-01
12311	3.277697e-01	7.567009e-01	2.461658e-02	3.077073e-02	1.611890e-01	1.510120e-01	5.142514e-01	3.876416e-01
20473	8.836646e-01	4.905532e-02	2.332762e-02	2.915953e-02	1.527489e-01	6.309389e-02	8.082554e-01	8.015592e-01
213	6.205729e-01	5.787505e-01	3.733177e-02	4.666471e-02	2.444478e-01	1.314116e-01	6.145342e-01	9.619971e-01
21955	3.291121e-01	8.719725e-01	2.296305e-02	2.870381e-02	1.503617e-01	1.111819e-01	3.622431e-01	8.809523e-02
13394	1.395780e-01	9.109691e-01	4.008327e-02	5.010409e-02	2.624646e-01	1.981423e-01	5.760290e-01	6.907414e-02
24470	7.046283e-01	4.681686e-01	2.821870e-02	3.527338e-02	1.847756e-01	6.436909e-02	7.880643e-02	4.206027e-02
17514	8.331072e-01	9.203948e-01	4.468594e-02	5.585743e-02	2.926028e-01	1.064798e-01	5.964542e-01	7.205366e-01
2866	4.330793e-01	7.151799e-01	4.260421e-02	5.325526e-02	2.789717e-01	2.183652e-01	9.980592e-01	3.099707e-01
