23215	3.370956e-02	9.134109e-02	2.291231e-02	2.864039e-02	1.500295e-01	6.234802e-02	3.532368e-01	7.575926e-01
15070	2.714094e-01	2.646208e-01	2.690188e-02	3.362735e-02	1.761531e-01	1.343843e-01	3.791873e-01	2.354747e-01
25491	8.489886e-01	7.572671e-01	6.879606e-02	8.599507e-02	4.504755e-01	3.960877e-01	7.813008e-03	1.236776e-01
18542	8.017834e-01	4.704157e-01	2.435062e-02	3.043828e-02	1.594475e-01	1.376324e-01	7.017071e-01	1.189286e-01
1557	2.928632e-01	4.784773e-01	2.391912e-02	2.989890e-02	1.566220e-01	6.513066e-02	6.200805e-01	4.243726e-01
21733	5.044444e-01	7.096144e-01	2.188861e-02	2.736076e-02	1.433263e-01	7.816648e-02	1.649825e-01	6.205382e-01
31033	1.842880e-01	8.672333e-02	3.007472e-02	3.759340e-02	1.969288e-01	1.508202e-01	8.641458e-01	8.662406e-01
24681	8.604824e-02	7.764842e-01	4.490837e-02	5.613546e-02	2.940593e-01	1.992417e-01	6.568844e-01	5.681644e-01
24535	6.346840e-01	3.190713e-01	3.403269e-02	4.254086e-02	2.228455e-01	1.148739e-01	4.057418e-01	8.439961e-01
27090	8.811019e-01	4.240415e-01	7.499227e-02	9.374033e-02	4.910482e-01	4.138175e-01	2.520712e-01	7.029371e-02
25672	9.093125e-01	1.638819e-01	3.708612e-02	4.635765e-02	2.428393e-01	2.301886e-01	4.027740e-02	2.107534e-01
19055	6.608004e-01	4.291172e-01	3.368943e-02	4.211178e-02	2.205978e-01	1.854609e-01	1.923216e-02	1.570727e-01
12764	2.972442e-02	6.634998e-01	2.156015e-02	2.695019e-02	1.411755e-01	1.089416e-01	1.039339e-01	8.825048e-01
27116	8.092898e-01	9.236950e-01	2.876707e-02	3.595883e-02	1.883663e-01	1.283404e-01	3.790368e-01	2.298164e-01
16363	6.669860e-01	7.891212e-01	5.991343e-02	7.489179e-02	3.923122e-01	3.649940e-01	2.710155e-01	8.163908e-01
29324	9.537239e-02	2.497779e-01	5.018049e-02	6.272561e-02	3.285811e-01	3.278687e-01	6.624446e-01	3.491767e-01
16861	5.275416e-01	4.510789e-01	7.089527e-02	8.861909e-02	4.642211e-01	1.850051e-01	4.761452e-01	1.589603e-01
6545	8.949084e-01	2.089211e-01	3.083002e-02	3.853753e-02	2.018745e-01	1.991648e-01	8.964763e-01	7.924371e-01
27704	6.760489e-01	8.935136e-02	3.102032e-02	3.877540e-02	2.031206e-01	1.836292e-01	1.366103e-01	7.312255e-01
30644	9.190061e-01	8.082472e-01	2.824646e-02	3.530807e-02	1.849574e-01	1.717270e-01	9.297319e-01	2.472892e-01
25377	4.914302e-01	7.810240e-01	2.161809e-02	2.702261e-02	1.415549e-01	1.082717e-01	8.801675e-01	5.094266e-01
8871	4.545888e-01	6.123234e-01	7.490265e-02	9.362832e-02	4.904614e-01	4.071734e-01	1.599879e-01	7.184607e-01
6424	7.344423e-01	9.327862e-01	2.408748e-02	3.010935e-02	1.577244e-01	9.192282e-02	5.497486e-01	6.403527e-01
634	3.326708e-01	4.041608e-01	2.788426e-02	3.485533e-02	1.825857e-01	1.723369e-01	1.976215e-01	2.254595e-01
20797	7.115747e-01	9.046840e-01	3.354095e-02	4.192619e-02	2.196256e-01	2.183218e-01	5.034021e-01	5.816647e-01
7016	3.003499e-01	5.189273e-01	2.292648e-02	2.865811e-02	1.501223e-01	1.420750e-01	5.404319e-01	5.020020e-02
32423	3.240991e-01	7.217785e-01	7.316790e-02	9.145988e-02	4.791023e-01	1.481726e-01	1.190449e-01	5.656367e-01
20803	6.919111e-01	4.239053e-01	2.166593e-02	2.708241e-02	1.418682e-01	1.407442e-01	7.602177e-01	2.722586e-01
8945	3.349342e-01	1.482182e-01	4.937702e-02	6.172127e-02	3.233199e-01	1.886727e-01	6.351871e-01	8.661648e-01
18425	4.612524e-01	4.447582e-01	3.878501e-02	4.848126e-02	2.539636e-01	7.119300e-02	6.862365e-01	9.950655e-01
27493	6.142580e-01	7.786003e-02	4.202253e-02	5.252817e-02	2.751629e-01	2.475241e-01	3.877210e-01	1.449672e-01
13322	9.628668e-01	7.411857e-02	3.578956e-02	4.473695e-02	2.343495e-01	2.341468e-01	1.067309e-02	7.381892e-01
20066	2.098869e-01	1.921516e-01	4.419318e-02	5.524148e-02	2.893763e-01	1.857002e-01	1.448025e-01	2.280791e-01
32531	4.034099e-01	7.543166e-01	3.751583e-02	4.689479e-02	2.456531e-01	1.007616e-01	2.136513e-02	2.930520e-01
19154	5.681495e-01	4.078668e-01	4.769348e-02	5.961685e-02	3.122962e-01	2.314158e-01	8.221228e-01	4.305351e-01
24994	5.831605e-01	9.306176e-01	2.459791e-02	3.074739e-02	1.610668e-01	1.399274e-01	8.879592e-01	5.104693e-01
28437	7.745186e-01	9.378311e-01	2.436601e-02	3.045751e-02	1.595483e-01	1.571543e-01	5.649974e-02	9.008321e-01
7976	4.927300e-01	3.985646e-01	3.120887e-02	3.901109e-02	2.043552e-01	2.034274e-01	6.679256e-01	7.640697e-01
3914	5.515094e-01	1.192680e-01	2.483064e-02	3.103830e-02	1.625906e-01	1.230321e-01	2.534192e-01	1.630592e-01
24101	4.020500e-01	6.136584e-02	2.082502e-02	2.603128e-02	1.363619e-01	1.363268e-01	2.384330e-01	3.141528e-03
1642	2.296120e-01	7.094019e-01	3.486119e-02	4.357648e-02	2.282705e-01	1.893801e-01	9.007431e-01	1.402892e-01
3829	1.754496e-01	6.266478e-01	3.072893e-02	3.841117e-02	2.012126e-01	5.241703e-02	9.957133e-01	4.986599e-01
3316	4.001637e-01	3.184397e-01	7.703133e-02	9.628916e-02	5.043999e-01	3.471520e-01	2.038797e-01	5.856847e-01
15875	3.219657e-01	9.908752e-02	2.527082e-02	3.158853e-02	1.654729e-01	1.333256e-01	4.604414e-01	1.550495e-01
3024	4.927167e-02	5.526076e-01	2.695320e-02	3.369150e-02	1.764891e-01	1.763345e-01	2.103501e-01	9.963441e-01
21768	9.091831e-02	7.203136e-01	2.759523e-02	3.449404e-02	1.806931e-01	1.751412e-01	4.845777e-01	6.704940e-01
867	5.879857e-01	1.611669e-01	2.349025e-02	2.936282e-02	1.538138e-01	1.517805e-01	6.067789e-01	2.395700e-01
28582	1.226335e-01	1.768662e-01	4.370351e-02	5.462939e-02	2.861699e-01	2.481264e-01	5.282846e-01	9.168290e-01
24568	4.814490e-01	1.569071e-01	2.128166e-02	2.660207e-02	1.393520e-01	9.171246e-02	6.472746e-01	9.434323e-01
14360	5.744872e-01	7.844055e-02	2.094408e-02	2.618011e-02	1.371415e-01	1.190506e-01	6.140497e-01	5.347362e-01
18810	5.603759e-01	6.159110e-01	2.603446e-02	3.254308e-02	1.704733e-01	1.640776e-01	2.876656e-01	8.832752e-01
546	2.856235e-01	3.203176e-01	5.907940e-02	7.384925e-02	3.868510e-01	2.254614e-01	7.548745e-01	8.393077e-01
1245	5.712587e-01	5.666109e-01	2.462481e-02	3.078101e-02	1.612429e-01	1.230510e-01	6.128721e-01	3.774760e-01
6752	4.644814e-01	1.281307e-01	2.205114e-02	2.756392e-02	1.443905e-01	1.441551e-01	7.293489e-02	7.837421e-01
7775	3.380093e-01	6.145871e-01	3.780496e-02	4.725620e-02	2.475463e-01	2.294999e-01	3.989676e-01	1.866065e-01
16255	5.112886e-01	1.183768e-01	4.006116e-02	5.007646e-02	2.623199e-01	2.566091e-01	8.776260e-01	4.504672e-01
14378	1.019986e-01	5.422791e-01	2.444525e-02	3.055656e-02	1.600671e-01	1.584654e-01	2.607867e-01	8.636334e-01
9376	4.992157e-01	5.052917e-01	2.609638e-02	3.262047e-02	1.708787e-01	1.173522e-01	3.559453e-01	5.108837e-01
25070	2.497707e-01	6.154941e-01	5.333410e-02	6.666762e-02	3.492309e-01	3.490834e-01	6.287633e-01	7.836974e-01
14014	9.297592e-01	6.651949e-01	2.125477e-02	2.656846e-02	1.391759e-01	4.231594e-02	7.974133e-01	7.752675e-01
20932	8.210795e-01	1.804590e-01	2.667082e-02	3.333852e-02	1.746401e-01	8.738987e-02	3.692410e-01	4.998103e-01
2864	7.890666e-01	9.948242e-02	5.495230e-02	6.869037e-02	3.598268e-01	1.773539e-01	9.982142e-01	3.884053e-01
26098	6.855575e-01	7.021516e-01	5.387705e-02	6.734631e-02	3.527861e-01	1.809642e-01	8.816969e-01	3.428608e-01
3282	9.730685e-01	4.012092e-01	2.389585e-02	2.986982e-02	1.564697e-01	1.520762e-01	6.340444e-02	9.364631e-01
19699	2.654636e-01	4.093368e-01	2.246243e-02	2.807804e-02	1.470836e-01	4.066707e-02	7.393895e-01	2.079379e-01
29441	8.244901e-02	6.065350e-01	2.217247e-02	2.771559e-02	1.451850e-01	1.355020e-01	9.201325e-01	5.227008e-01
14688	6.480118e-01	5.990864e-01	2.434472e-02	3.043090e-02	1.594088e-01	7.955241e-02	7.399980e-01	7.920027e-01
72	7.522767e-01	5.995667e-01	7.515084e-02	9.393855e-02	4.920865e-01	2.198365e-01	9.509067e-01	8.944723e-01
20834	7.351277e-02	3.709431e-01	3.564025e-02	4.455031e-02	2.333718e-01	2.326195e-01	2.845567e-01	4.417865e-02
5587	9.479182e-01	1.447177e-01	2.641690e-02	3.302113e-02	1.729775e-01	6.786468e-02	5.403468e-01	9.912238e-01
5903	7.560279e-01	7.669441e-02	3.282282e-02	4.102853e-02	2.149233e-01	7.314331e-02	7.974167e-01	2.521548e-01
13292	6.413383e-01	5.400937e-01	4.610057e-02	5.762571e-02	3.018658e-01	1.217411e-01	5.059325e-01	2.313526e-01
18735	3.489584e-01	7.987378e-01	2.188502e-02	2.735627e-02	1.433028e-01	5.962424e-02	1.946888e-01	7.109250e-01
10894	2.753069e-01	1.622684e-01	3.414161e-02	4.267701e-02	2.235587e-01	5.899179e-02	3.123377e-01	1.476788e-01
