10654	3.505381e-01	1.294178e-01	2.223735e-02	2.779669e-02	1.456098e-01	1.325122e-01	2.621341e-01	5.655360e-01
9135	9.660646e-01	7.054555e-01	2.424812e-02	3.031015e-02	1.587763e-01	1.533940e-01	5.046019e-01	8.820465e-01
28357	6.679420e-01	5.912144e-01	2.896273e-02	3.620341e-02	1.896475e-01	1.236578e-01	2.069425e-01	9.564112e-01
16890	7.499703e-01	7.216731e-01	6.583909e-02	8.229886e-02	4.311133e-01	4.238708e-01	8.768862e-01	8.376503e-01
22954	6.177460e-01	4.656764e-01	3.405597e-02	4.256996e-02	2.229979e-01	5.914052e-02	5.357073e-01	7.005255e-01
16840	8.244847e-01	1.484699e-01	6.500914e-02	8.126143e-02	4.256789e-01	1.277124e-01	7.127783e-01	5.297536e-01
9165	2.583156e-01	8.611381e-01	5.298380e-02	6.622975e-02	3.469371e-01	2.136751e-01	3.317546e-01	9.561435e-01
5071	9.494608e-01	6.178109e-01	3.887999e-02	4.859999e-02	2.545856e-01	2.292518e-01	4.442363e-01	1.638159e-01
4136	3.221829e-01	4.706304e-01	5.149678e-02	6.437097e-02	3.372001e-01	2.819840e-01	8.238221e-01	4.757281e-04
2416	9.268470e-01	8.202761e-02	2.430010e-02	3.037513e-02	1.591167e-01	1.196175e-01	6.321048e-02	1.893923e-02
29250	7.382912e-01	1.665722e-01	7.579529e-02	9.474411e-02	4.963064e-01	4.602077e-01	4.238948e-01	2.240960e-01
21498	1.076836e-01	3.908154e-01	2.405861e-02	3.007327e-02	1.575354e-01	1.472420e-01	2.490894e-01	6.523455e-01
26179	1.584713e-01	7.601515e-01	2.595051e-02	3.243814e-02	1.699236e-01	1.105504e-01	4.032153e-01	2.374231e-01
1187	2.309725e-01	4.600119e-01	3.520425e-02	4.400531e-02	2.305169e-01	2.195148e-01	7.091358e-01	9.159164e-01
21315	4.402356e-01	4.908459e-01	4.920964e-02	6.151205e-02	3.222240e-01	1.921287e-01	6.060257e-01	4.787871e-01
28130	1.536226e-01	4.441036e-01	2.433610e-02	3.042012e-02	1.593524e-01	1.590325e-01	4.207198e-01	4.538778e-01
27551	5.191688e-01	6.549356e-02	2.196706e-02	2.745882e-02	1.438399e-01	1.168160e-01	1.658943e-01	4.256143e-01
22256	9.330519e-01	5.181392e-01	2.145926e-02	2.682407e-02	1.405149e-01	1.287253e-01	2.636196e-01	9.457235e-01
25506	2.749058e-01	6.098023e-01	4.648324e-02	5.810405e-02	3.043715e-01	2.587203e-01	1.606027e-01	5.889065e-01
26799	2.132716e-01	1.053149e-01	5.108163e-02	6.385204e-02	3.344817e-01	1.503118e-01	3.483152e-02	4.070951e-01
7145	1.157387e-01	6.698996e-01	3.875530e-02	4.844413e-02	2.537691e-01	2.195200e-01	6.372116e-01	2.828414e-01
27438	4.075778e-02	7.206749e-01	2.090172e-02	2.612715e-02	1.368642e-01	7.034469e-02	9.410107e-01	9.018776e-01
18013	2.363393e-01	7.475421e-01	5.776298e-02	7.220373e-02	3.782311e-01	3.770314e-01	6.490347e-01	2.149061e-02
7225	9.103703e-01	2.465316e-01	4.549267e-02	5.686583e-02	2.978853e-01	2.976394e-01	5.916497e-01	4.555647e-01
11212	6.255947e-01	8.570992e-01	7.148154e-02	8.935192e-02	4.680600e-01	2.441014e-01	1.143933e-01	4.724835e-01
3775	1.749438e-01	8.078400e-01	3.109288e-02	3.886610e-02	2.035957e-01	1.004537e-01	2.357749e-01	9.849924e-01
21962	8.640041e-01	6.960635e-01	4.217782e-02	5.272227e-02	2.761797e-01	2.497944e-01	9.611865e-01	9.152732e-01
32299	7.355229e-01	8.777769e-01	5.362003e-02	6.702504e-02	3.511031e-01	1.775242e-01	2.893000e-01	3.426474e-02
20188	3.211812e-01	2.948063e-01	3.588950e-02	4.486188e-02	2.350039e-01	1.288444e-01	3.892014e-01	7.283128e-01
24899	5.824647e-01	1.253534e-01	2.937504e-02	3.671880e-02	1.923473e-01	1.855827e-01	5.040790e-01	3.108655e-01
7575	1.029649e-01	1.924838e-01	2.128414e-02	2.660518e-02	1.393682e-01	1.379710e-01	7.465049e-01	8.485065e-01
20252	5.430759e-01	8.589922e-01	3.154940e-02	3.943675e-02	2.065850e-01	1.699579e-01	9.768345e-01	2.347814e-01
16364	6.220782e-01	5.914077e-01	3.237711e-02	4.047139e-02	2.120048e-01	1.841336e-01	5.192420e-01	1.128491e-02
12790	9.636903e-01	6.220405e-02	3.279425e-02	4.099281e-02	2.147362e-01	1.542655e-01	2.330008e-01	2.162000e-01
12706	2.172530e-01	8.888115e-01	2.505405e-02	3.131757e-02	1.640535e-01	1.484418e-01	8.870785e-01	8.795741e-01
21128	7.857753e-02	3.460703e-01	3.585866e-02	4.482333e-02	2.348020e-01	2.147429e-01	4.040436e-01	2.772371e-01
8381	9.059322e-01	4.318052e-01	3.385003e-02	4.231253e-02	2.216494e-01	2.106671e-01	4.376200e-01	4.311930e-01
31554	2.149058e-01	4.927271e-01	2.108053e-02	2.635066e-02	1.380350e-01	1.199934e-01	7.683675e-01	3.361027e-01
1922	5.598486e-01	2.852405e-01	5.109200e-02	6.386499e-02	3.345496e-01	3.343945e-01	2.130166e-01	5.419443e-01
5435	9.608092e-01	9.357557e-01	3.196860e-02	3.996075e-02	2.093299e-01	2.038074e-01	3.119479e-01	1.304148e-01
14840	8.631095e-01	9.424184e-01	2.712473e-02	3.390592e-02	1.776123e-01	1.607408e-01	9.686680e-01	5.845658e-01
11375	8.238928e-01	4.320941e-01	4.496634e-02	5.620793e-02	2.944389e-01	2.851538e-01	5.994752e-01	2.233417e-01
16983	3.683380e-02	3.571249e-01	2.366337e-02	2.957922e-02	1.549474e-01	5.568073e-02	6.621629e-01	4.431628e-01
1365	8.358517e-01	7.992430e-01	3.757956e-02	4.697445e-02	2.460704e-01	2.310258e-01	7.759310e-01	4.486515e-01
14082	6.377930e-01	4.700692e-01	2.513153e-02	3.141441e-02	1.645608e-01	1.512849e-01	9.899304e-01	1.945770e-01
21556	5.209517e-01	9.006541e-01	2.557132e-02	3.196415e-02	1.674406e-01	1.602912e-01	8.635349e-01	9.289433e-01
11726	5.773777e-01	5.870700e-01	2.531012e-02	3.163765e-02	1.657303e-01	1.657274e-01	6.288330e-01	4.977758e-01
2029	4.437306e-01	3.030029e-01	4.864445e-02	6.080556e-02	3.185231e-01	2.754548e-01	2.493021e-01	6.008739e-01
1581	1.404278e-01	2.440576e-01	2.211404e-02	2.764255e-02	1.448024e-01	5.229735e-02	5.102940e-01	2.263199e-01
25659	7.449184e-01	9.336108e-01	2.065311e-02	2.581638e-02	1.352362e-01	4.088690e-02	4.846261e-01	3.342545e-01
28023	4.514267e-01	2.028812e-01	4.293078e-02	5.366348e-02	2.811101e-01	1.909158e-01	8.408607e-01	8.988225e-01
3651	3.285054e-02	5.813571e-01	3.430335e-02	4.287919e-02	2.246178e-01	1.910966e-01	6.485601e-01	3.944110e-01
19948	3.180668e-01	9.605574e-01	3.361010e-02	4.201263e-02	2.200784e-01	1.244228e-01	7.964711e-01	6.163403e-01
15526	7.978605e-01	2.980117e-01	3.309799e-02	4.137249e-02	2.167252e-01	9.659336e-02	9.642575e-01	4.003997e-01
9487	4.454445e-01	8.726156e-01	7.836114e-02	9.795142e-02	5.131075e-01	5.062188e-01	6.901648e-01	9.999444e-01
24052	1.251592e-01	4.805473e-01	2.062773e-02	2.578466e-02	1.350700e-01	1.204214e-01	7.058466e-01	5.641372e-02
20344	4.248125e-01	1.428343e-01	5.523258e-02	6.904072e-02	3.616620e-01	2.567137e-01	2.276131e-01	6.804301e-01
32100	7.907022e-01	8.985906e-01	2.768607e-02	3.460759e-02	1.812879e-01	9.373506e-02	2.798266e-01	4.974918e-01
13031	5.328124e-01	7.810209e-01	2.711276e-02	3.389095e-02	1.775339e-01	1.710954e-01	7.791765e-01	4.170682e-01
3	6.020850e-01	4.025768e-01	2.115913e-02	2.644891e-02	1.385497e-01	4.511194e-02	6.580475e-01	9.052343e-01
28278	6.764841e-02	7.273383e-01	3.034800e-02	3.793500e-02	1.987182e-01	1.752805e-01	7.442924e-01	3.787803e-02
26857	7.071253e-01	9.378542e-01	5.225401e-02	6.531751e-02	3.421585e-01	3.254726e-01	5.350369e-01	5.890707e-02
9264	8.498781e-01	2.657048e-01	3.233789e-02	4.042236e-02	2.117480e-01	1.622179e-01	5.659136e-01	7.711167e-01
8912	2.803578e-01	2.306020e-01	3.288552e-02	4.110690e-02	2.153339e-01	8.357688e-02	6.591431e-01	3.037159e-01
26539	1.339812e-01	8.994501e-02	2.192200e-02	2.740249e-02	1.435449e-01	4.338541e-02	9.082300e-02	7.342859e-01
15361	2.835445e-01	4.941525e-01	2.422411e-02	3.028014e-02	1.586191e-01	9.988668e-02	2.461201e-01	7.641232e-01
30240	7.485981e-02	7.725769e-01	2.763721e-02	3.454651e-02	1.809680e-01	1.799996e-01	9.135545e-01	9.811178e-01
10022	6.913715e-01	8.878118e-02	5.168254e-02	6.460317e-02	3.384165e-01	2.281658e-01	9.304258e-01	7.933598e-01
1114	6.556934e-01	9.205050e-01	4.259807e-02	5.324758e-02	2.789315e-01	2.707998e-01	4.285383e-01	6.139583e-01
17614	1.214380e-01	7.694817e-01	2.104975e-02	2.631219e-02	1.378334e-01	1.088009e-01	3.624714e-01	7.790720e-01
197	9.232350e-01	7.121646e-01	4.092813e-02	5.116017e-02	2.679968e-01	2.426485e-01	4.318139e-02	2.880475e-01
11241	4.264456e-01	6.066089e-01	2.137392e-02	2.671741e-02	1.399561e-01	5.807117e-02	1.052098e-02	4.130192e-02
24546	7.368646e-01	2.596760e-01	4.803465e-02	6.004331e-02	3.145301e-01	1.689517e-01	8.667179e-02	2.499199e-01
21551	8.959533e-01	6.229718e-01	3.170073e-02	3.962591e-02	2.075759e-01	1.232094e-01	8.879686e-02	7.752941e-01
28594	3.552905e-01	9.104719e-01	3.319563e-02	4.149454e-02	2.173645e-01	2.072756e-01	8.034183e-01	6.789527e-01
9933	2.423927e-01	7.491171e-02	2.166767e-02	2.708458e-02	1.418795e-01	5.393266e-02	8.520439e-01	3.417644e-01
6024	1.181060e-01	3.356857e-01	3.419051e-02	4.273814e-02	2.238789e-01	9.038965e-02	2.339262e-01	7.489482e-01
18918	4.493751e-01	7.415319e-01	6.125131e-02	7.656414e-02	4.010726e-01	3.218124e-01	9.893134e-01	8.441944e-01
