28846	4.580950e-01	4.551033e-02	2.738160e-02	3.422700e-02	1.792943e-01	1.359998e-01	5.092071e-01	7.044083e-01
11035	1.406218e-01	7.541524e-01	3.342352e-02	4.177940e-02	2.188567e-01	1.309289e-01	7.954461e-01	8.136861e-01
1826	3.838799e-02	3.078316e-01	2.672380e-02	3.340475e-02	1.749870e-01	1.639454e-01	4.110665e-01	4.950538e-01
14464	8.556436e-01	8.284630e-01	2.134646e-02	2.668307e-02	1.397763e-01	1.301761e-01	8.295865e-01	4.556782e-01
16520	1.016234e-01	2.354900e-01	5.246300e-02	6.557875e-02	3.435269e-01	3.057354e-01	8.443626e-01	2.901915e-01
30044	2.566915e-01	9.541249e-01	2.437571e-02	3.046964e-02	1.596118e-01	6.252598e-02	9.299647e-01	1.756677e-01
28195	6.315534e-01	5.047271e-01	4.991177e-02	6.238971e-02	3.268215e-01	2.742297e-01	2.143516e-02	4.541008e-01
11080	6.384402e-01	7.238579e-02	2.303813e-02	2.879766e-02	1.508533e-01	7.103169e-02	9.785596e-01	7.408232e-01
22026	6.286805e-02	1.214752e-01	2.897519e-02	3.621899e-02	1.897291e-01	1.860353e-01	5.795953e-01	5.100561e-01
10841	2.612433e-01	6.552128e-01	4.862620e-02	6.078275e-02	3.184036e-01	1.758710e-01	1.478156e-01	5.936024e-01
20314	7.839484e-01	8.398450e-01	2.587761e-02	3.234702e-02	1.694462e-01	1.064884e-01	9.828388e-01	5.712853e-01
2627	4.530225e-01	3.456164e-01	7.499232e-02	9.374040e-02	4.910486e-01	4.367378e-01	5.784977e-01	2.403257e-01
15108	1.669547e-01	6.400067e-01	3.238364e-02	4.047955e-02	2.120476e-01	1.913742e-01	6.978033e-01	4.149100e-01
28874	9.076948e-01	5.627569e-01	3.244886e-02	4.056107e-02	2.124746e-01	1.992764e-01	7.917598e-01	7.224520e-01
10121	7.075466e-01	4.998076e-01	2.144825e-02	2.681031e-02	1.404428e-01	1.380863e-01	9.012887e-01	4.672646e-01
1897	5.827346e-01	4.543847e-01	2.487970e-02	3.109963e-02	1.629119e-01	1.233600e-01	2.884892e-02	2.276118e-01
2420	5.441284e-01	3.962416e-02	2.259451e-02	2.824314e-02	1.479485e-01	6.409380e-02	3.248200e-01	8.394569e-01
7701	2.661091e-01	5.316683e-01	3.586831e-02	4.483539e-02	2.348651e-01	2.153840e-01	4.638461e-01	2.303254e-01
31222	6.784957e-01	7.331156e-01	3.485730e-02	4.357163e-02	2.282451e-01	2.129838e-01	4.138394e-01	4.117567e-01
28001	7.504868e-01	3.983854e-01	2.513049e-02	3.141311e-02	1.645541e-01	1.591521e-01	4.256218e-01	7.936185e-01
8335	1.806499e-01	9.170437e-01	3.757316e-02	4.696645e-02	2.460285e-01	2.324038e-01	2.335370e-01	8.677119e-02
19420	4.553428e-01	5.229992e-01	5.202658e-02	6.503322e-02	3.406692e-01	2.195072e-01	5.756325e-01	2.645815e-01
1998	6.639351e-01	9.525153e-01	2.264348e-02	2.830435e-02	1.482692e-01	6.798738e-02	5.291070e-01	4.507574e-01
12083	7.298254e-01	2.194454e-01	7.300941e-02	9.126176e-02	4.780645e-01	3.012570e-01	7.962946e-01	4.702140e-01
11390	5.158144e-01	8.143050e-01	7.173814e-02	8.967267e-02	4.697402e-01	3.747476e-01	6.980958e-01	6.817694e-01
8425	9.584953e-01	3.216791e-01	3.461396e-02	4.326745e-02	2.266517e-01	2.265668e-01	2.722303e-01	6.826628e-01
2888	3.344677e-01	7.797159e-01	3.444153e-02	4.305192e-02	2.255226e-01	1.904793e-01	8.123635e-01	3.650947e-01
16999	2.427205e-01	5.756972e-01	2.372522e-02	2.965653e-02	1.553524e-01	1.507925e-01	7.125844e-01	2.805872e-01
28490	5.872053e-01	6.823817e-01	3.255270e-02	4.069087e-02	2.131545e-01	2.130803e-01	7.759576e-01	9.480876e-01
15460	7.637497e-01	6.079423e-01	3.788651e-02	4.735813e-02	2.480803e-01	1.077788e-01	7.339513e-01	4.769543e-01
10458	3.833254e-01	7.873367e-01	4.299434e-02	5.374292e-02	2.815263e-01	2.536278e-01	8.530182e-01	3.481657e-01
241	3.398640e-01	9.089196e-02	4.210699e-02	5.263374e-02	2.757159e-01	1.487491e-01	9.654139e-01	1.812472e-01
11451	5.642536e-01	9.275497e-01	3.092209e-02	3.865261e-02	2.024773e-01	1.881181e-01	7.665874e-01	6.832479e-01
12416	2.077179e-01	3.622024e-01	4.845126e-02	6.056408e-02	3.172581e-01	2.786657e-01	2.080730e-01	5.080104e-01
12164	3.534245e-01	3.766155e-01	6.096759e-02	7.620949e-02	3.992149e-01	3.991237e-01	8.460660e-01	5.010771e-01
24724	8.620126e-01	7.084962e-01	7.828992e-02	9.786240e-02	5.126412e-01	4.050355e-01	7.681781e-01	8.823975e-02
27823	3.685491e-01	8.996378e-01	4.622995e-02	5.778744e-02	3.027130e-01	1.224122e-01	6.907324e-01	1.473328e-01
16166	9.142486e-01	6.189969e-01	2.332336e-02	2.915420e-02	1.527210e-01	7.370927e-02	1.208080e-01	4.339990e-01
23468	5.547523e-01	1.921213e-01	2.640897e-02	3.301122e-02	1.729256e-01	1.623626e-01	7.899967e-01	3.659784e-01
18394	2.153155e-01	8.439229e-01	3.241901e-02	4.052377e-02	2.122792e-01	1.421812e-01	3.482096e-01	2.365799e-01
13587	6.255726e-01	1.121067e-01	2.289418e-02	2.861773e-02	1.499107e-01	4.968603e-02	5.698769e-02	8.970306e-01
17861	8.386938e-01	5.877954e-01	4.529977e-02	5.662472e-02	2.966222e-01	2.935422e-01	6.199018e-01	1.208542e-01
1683	7.953284e-01	2.392716e-01	5.565213e-02	6.956516e-02	3.644093e-01	1.260284e-01	9.353057e-01	1.058851e-01
24328	8.761237e-01	7.963005e-02	4.913209e-02	6.141511e-02	3.217161e-01	2.911989e-01	3.024138e-01	6.590348e-01
25677	2.610356e-01	8.280254e-01	3.415623e-02	4.269528e-02	2.236544e-01	2.229172e-01	6.390432e-01	9.820643e-01
30049	4.983016e-01	7.076247e-01	4.775415e-02	5.969269e-02	3.126934e-01	8.536987e-02	5.879021e-01	1.079662e-01
11353	9.599473e-01	8.031468e-01	3.073846e-02	3.842307e-02	2.012749e-01	1.494319e-01	3.268932e-02	4.151204e-01
26196	5.431382e-02	4.790106e-01	3.164804e-02	3.956005e-02	2.072309e-01	2.058280e-01	7.537997e-01	7.596846e-01
1407	7.929234e-01	3.833045e-01	3.722953e-02	4.653692e-02	2.437784e-01	1.418710e-01	4.296117e-01	5.152355e-01
27046	2.260499e-01	4.437095e-01	2.353091e-02	2.941364e-02	1.540801e-01	1.509704e-01	7.341890e-01	3.756280e-01
17327	1.320947e-01	4.342913e-01	5.808892e-02	7.261115e-02	3.803654e-01	3.803408e-01	8.082990e-01	2.799289e-01
18435	1.900038e-01	5.293857e-01	2.126806e-02	2.658508e-02	1.392629e-01	9.561649e-02	4.655441e-01	5.181999e-01
12507	4.898336e-01	1.470753e-01	3.918790e-02	4.898487e-02	2.566017e-01	2.067082e-01	2.838904e-01	1.151005e-01
17446	3.105119e-01	5.916410e-01	2.233341e-02	2.791677e-02	1.462388e-01	6.643628e-02	6.718840e-01	9.588945e-01
4169	8.463947e-01	4.751147e-01	2.614099e-02	3.267624e-02	1.711708e-01	1.334710e-01	4.961357e-01	5.035855e-01
28425	6.424493e-01	6.056169e-01	7.425448e-02	9.281810e-02	4.862172e-01	1.582895e-01	4.559236e-01	8.512829e-01
12041	7.443263e-01	1.433601e-01	2.661407e-02	3.326759e-02	1.742685e-01	7.979346e-02	3.564882e-01	4.430461e-01
13119	9.373300e-01	6.847908e-01	5.157643e-02	6.447054e-02	3.377217e-01	2.508134e-01	7.937096e-01	5.104517e-01
21675	6.996222e-01	3.966072e-01	3.019554e-02	3.774442e-02	1.977199e-01	1.067735e-01	9.176204e-01	8.993445e-01
4213	4.981590e-02	6.061321e-01	4.731035e-02	5.913794e-02	3.097875e-01	2.210143e-01	7.868452e-01	3.982983e-01
24647	5.821948e-01	6.180663e-01	2.783453e-02	3.479316e-02	1.822601e-01	1.633600e-01	6.535102e-01	8.192046e-01
3004	1.365670e-01	8.543427e-01	2.099474e-02	2.624342e-02	1.374732e-01	4.916651e-02	4.391515e-01	6.146228e-01
3350	2.727565e-01	6.717615e-02	5.457267e-02	6.821584e-02	3.573410e-01	1.773701e-01	2.580666e-01	5.183963e-01
29176	5.082592e-02	6.701592e-01	3.695933e-02	4.619917e-02	2.420091e-01	1.598245e-01	5.988789e-01	7.593588e-01
2620	1.431653e-01	3.169960e-01	4.221032e-02	5.276290e-02	2.763925e-01	1.823465e-01	1.515945e-01	2.435257e-01
15683	7.993169e-01	4.309097e-01	3.027922e-02	3.784903e-02	1.982679e-01	1.894892e-01	6.443831e-01	7.275261e-01
4580	9.206557e-01	2.229284e-01	2.491253e-02	3.114067e-02	1.631269e-01	1.579762e-01	3.483045e-01	8.322610e-01
10695	5.590172e-01	2.908771e-01	2.773727e-02	3.467159e-02	1.816232e-01	1.435749e-01	7.608482e-01	5.680657e-01
3521	2.673356e-01	3.681080e-01	2.632984e-02	3.291230e-02	1.724074e-01	1.621963e-01	5.719507e-01	4.395600e-01
30850	7.251683e-01	8.431961e-01	2.069712e-02	2.587140e-02	1.355244e-01	1.177815e-01	4.339478e-01	9.403958e-01
27975	4.958332e-01	2.054184e-01	3.395592e-02	4.244490e-02	2.223428e-01	2.156928e-01	5.787835e-01	1.547166e-01
1481	4.466869e-01	2.042265e-01	4.343413e-02	5.429266e-02	2.844060e-01	1.655658e-01	1.817889e-01	1.627938e-01
20662	8.940935e-01	3.550528e-01	2.256504e-02	2.820630e-02	1.477555e-01	1.473902e-01	7.148450e-01	7.758291e-01
10645	2.020435e-01	2.986823e-01	3.428354e-02	4.285443e-02	2.244881e-01	1.167379e-01	5.351602e-01	9.610615e-01
31939	1.008176e-01	6.558191e-01	3.767943e-02	4.709929e-02	2.467243e-01	1.593266e-01	3.710682e-01	3.256366e-01
19028	8.354530e-01	3.606075e-01	2.126526e-02	2.658157e-02	1.392446e-01	1.305079e-01	9.541302e-01	5.271886e-01
4700	6.314220e-01	1.715263e-01	2.444533e-02	3.055667e-02	1.600677e-01	1.486031e-01	2.335086e-01	4.374014e-01
27139	8.290517e-01	4.423362e-01	2.393368e-02	2.991710e-02	1.567174e-01	1.445883e-01	1.747878e-01	5.354480e-01
19863	6.834734e-01	4.674008e-01	3.632435e-02	4.540544e-02	2.378513e-01	1.533721e-01	6.504585e-01	4.332290e-01
