2421	5.515964e-01	2.494776e-01	3.055421e-02	3.819276e-02	2.000685e-01	9.157610e-02	2.120869e-01	3.731243e-01
19819	6.016369e-01	5.346027e-01	2.839130e-02	3.548912e-02	1.859058e-01	1.854965e-01	7.966555e-01	1.586120e-01
29609	5.533136e-01	7.205011e-01	6.070865e-02	7.588581e-02	3.975193e-01	1.367166e-01	9.023419e-01	1.230538e-01
1749	1.186132e-01	8.783628e-01	3.417113e-02	4.271391e-02	2.237520e-01	1.180571e-01	3.737153e-02	9.066738e-01
4251	8.924969e-01	2.065739e-01	4.553558e-02	5.691947e-02	2.981662e-01	2.967794e-01	7.049635e-01	5.554637e-01
19240	4.231090e-01	9.837732e-02	2.696397e-02	3.370497e-02	1.765597e-01	5.267100e-02	2.552328e-02	7.445486e-01
26820	7.233006e-01	5.040653e-01	6.581836e-02	8.227294e-02	4.309776e-01	3.231477e-01	6.840631e-01	3.958330e-01
12122	8.153384e-01	4.783502e-01	3.145941e-02	3.932427e-02	2.059957e-01	1.870449e-01	8.391112e-01	4.102883e-01
23344	2.839678e-01	2.431361e-01	2.163869e-02	2.704836e-02	1.416898e-01	1.330976e-01	9.877073e-01	8.915975e-01
27270	7.195661e-01	3.067333e-01	2.129794e-02	2.662243e-02	1.394586e-01	7.110205e-02	7.316518e-01	6.103456e-01
23791	6.831596e-01	3.109608e-02	2.079093e-02	2.598866e-02	1.361387e-01	5.363594e-02	7.744571e-01	4.045806e-01
3881	4.029050e-01	9.013508e-01	4.572085e-02	5.715107e-02	2.993794e-01	2.907479e-01	7.053741e-01	1.619186e-01
7618	5.124126e-01	1.242116e-01	3.174803e-02	3.968504e-02	2.078856e-01	5.820456e-02	3.276394e-01	2.137819e-01
5118	4.307930e-01	3.311522e-01	2.961156e-02	3.701445e-02	1.938961e-01	1.090518e-01	6.808435e-01	3.705018e-01
12925	6.305860e-01	3.944675e-01	5.104098e-02	6.380122e-02	3.342155e-01	2.866674e-01	2.416644e-02	7.402826e-01
14028	4.038292e-01	6.470194e-01	2.361365e-02	2.951706e-02	1.546218e-01	9.636471e-02	3.990678e-02	3.683016e-01
1058	7.394450e-01	9.014745e-01	6.992067e-02	8.740084e-02	4.578395e-01	4.051349e-01	8.539456e-01	8.141228e-01
29862	2.439282e-01	6.720400e-02	2.146791e-02	2.683489e-02	1.405715e-01	1.065764e-01	3.803327e-02	1.138674e-01
3392	7.172554e-01	6.163284e-01	2.706363e-02	3.382954e-02	1.772123e-01	1.742559e-01	4.899079e-01	5.043463e-01
12858	7.079769e-01	2.367977e-01	7.065063e-02	8.831329e-02	4.626193e-01	4.605316e-01	8.218600e-03	4.388687e-01
5091	5.930153e-01	1.701035e-01	2.174128e-02	2.717659e-02	1.423615e-01	1.061308e-01	4.051605e-01	6.235932e-01
23056	3.552151e-01	2.379981e-01	3.518619e-02	4.398274e-02	2.303986e-01	1.904967e-01	2.969917e-01	8.510441e-01
17350	5.090557e-01	8.123914e-01	4.708394e-02	5.885492e-02	3.083049e-01	1.758852e-01	7.197609e-02	1.900079e-01
32004	9.161251e-01	5.241167e-01	3.683099e-02	4.603874e-02	2.411687e-01	1.767547e-01	3.623553e-01	2.583774e-01
15345	4.266978e-01	7.790581e-01	2.883769e-02	3.604711e-02	1.888287e-01	1.827336e-01	7.333022e-01	1.875386e-03
11358	7.919249e-01	5.255486e-01	3.645882e-02	4.557353e-02	2.387318e-01	1.493925e-01	4.617192e-01	8.838531e-01
16851	8.431990e-01	3.660462e-02	3.437600e-02	4.297000e-02	2.250935e-01	1.108917e-01	4.892226e-01	5.365544e-01
7064	9.555740e-01	6.652154e-01	3.094647e-02	3.868308e-02	2.026370e-01	1.258208e-01	8.990046e-01	2.877772e-01
7004	5.036492e-01	6.179322e-01	3.639265e-02	4.549081e-02	2.382985e-01	2.348102e-01	9.411300e-01	4.612358e-01
6135	9.490629e-02	4.563744e-01	7.893995e-02	9.867494e-02	5.168976e-01	3.090619e-01	2.958303e-01	2.319417e-01
3447	6.743305e-01	9.919481e-02	4.634305e-02	5.792881e-02	3.034536e-01	2.682849e-01	2.978948e-01	1.693337e-02
17754	7.969128e-01	2.933922e-01	5.636060e-02	7.045076e-02	3.690484e-01	2.363243e-01	9.275018e-01	4.517694e-01
19022	6.704305e-01	7.014659e-01	2.096960e-02	2.621200e-02	1.373086e-01	7.927118e-02	4.788731e-01	4.107670e-01
7338	5.138327e-01	8.697416e-01	2.367927e-02	2.959909e-02	1.550515e-01	6.846523e-02	4.742678e-01	5.452210e-01
28167	2.721559e-01	5.701697e-01	5.959390e-02	7.449237e-02	3.902199e-01	2.132514e-01	5.900672e-01	4.830267e-02
3746	1.653981e-01	9.141476e-01	2.526637e-02	3.158296e-02	1.654438e-01	1.146434e-01	4.414368e-01	6.052290e-01
7160	2.251506e-01	5.263768e-01	2.492931e-02	3.116164e-02	1.632367e-01	1.393054e-01	4.051824e-01	2.873141e-01
24781	6.638071e-01	3.199638e-01	4.542771e-02	5.678464e-02	2.974600e-01	2.329385e-01	4.163088e-01	2.201525e-01
2196	2.085701e-01	3.502540e-01	6.205043e-02	7.756303e-02	4.063052e-01	3.026065e-01	4.979092e-01	4.587348e-01
2990	3.471990e-01	3.545117e-01	5.125506e-02	6.406882e-02	3.356173e-01	1.235224e-01	9.687699e-01	1.329738e-01
2574	7.679552e-01	3.334261e-01	2.540626e-02	3.175782e-02	1.663598e-01	4.771348e-02	4.720651e-01	5.291618e-02
12791	2.354261e-01	6.645362e-01	2.549100e-02	3.186376e-02	1.669147e-01	1.574174e-01	7.480464e-01	1.280175e-01
29362	3.869543e-01	2.720682e-01	3.675291e-02	4.594113e-02	2.406575e-01	1.833367e-01	4.540251e-01	4.532922e-01
1261	7.411250e-01	3.255719e-01	2.273539e-02	2.841923e-02	1.488710e-01	9.049707e-02	2.290021e-01	6.946590e-01
28595	3.370729e-01	8.186353e-01	2.205192e-02	2.756490e-02	1.443956e-01	4.830658e-02	1.952659e-01	5.067781e-01
6375	2.819831e-02	2.760721e-01	2.271230e-02	2.839038e-02	1.487198e-01	1.148961e-01	9.292705e-01	6.297743e-01
15610	6.001136e-01	8.430088e-01	2.592186e-02	3.240233e-02	1.697360e-01	5.366726e-02	6.206374e-01	4.961631e-01
9923	1.329520e-01	2.264419e-01	5.019092e-02	6.273865e-02	3.286494e-01	2.050000e-01	9.166413e-01	8.614757e-02
20659	3.061398e-01	7.281196e-01	3.130668e-02	3.913335e-02	2.049957e-01	1.764492e-01	6.778023e-01	6.016210e-02
24018	8.225240e-01	1.043218e-01	2.731708e-02	3.414636e-02	1.788718e-01	1.351992e-01	4.934544e-02	5.911978e-01
5531	9.545311e-01	7.461382e-01	2.756024e-02	3.445031e-02	1.804641e-01	1.005272e-01	8.932921e-01	6.838137e-01
27862	8.865939e-01	3.458287e-01	2.879048e-02	3.598810e-02	1.885196e-01	9.557005e-02	4.725307e-01	8.033101e-02
22801	7.440775e-01	5.854753e-01	3.100362e-02	3.875452e-02	2.030112e-01	1.818802e-01	9.368137e-01	8.616090e-01
31637	2.529579e-01	1.341192e-01	2.863311e-02	3.579139e-02	1.874891e-01	1.210607e-01	9.644536e-01	6.803219e-01
29262	3.356040e-01	7.662771e-01	4.133805e-02	5.167256e-02	2.706809e-01	2.658941e-01	5.416816e-01	9.043240e-02
4162	6.492643e-02	6.344215e-01	2.338765e-02	2.923457e-02	1.531420e-01	1.482795e-01	9.981337e-01	7.572523e-01
524	4.565407e-01	8.304925e-01	2.576031e-02	3.220038e-02	1.686781e-01	6.564499e-02	3.917561e-01	1.224205e-01
23872	1.113075e-01	8.475270e-01	3.905521e-02	4.881901e-02	2.557329e-01	1.502865e-01	8.212170e-02	1.943468e-02
17213	6.518380e-01	5.056855e-01	7.556367e-02	9.445458e-02	4.947897e-01	1.884030e-01	8.547750e-01	3.917738e-01
15536	2.695225e-01	1.706451e-01	2.100527e-02	2.625658e-02	1.375422e-01	1.257518e-01	3.690325e-01	2.020597e-01
10489	1.975413e-01	4.216126e-01	2.189656e-02	2.737070e-02	1.433783e-01	1.273541e-01	3.753526e-01	3.139357e-01
3419	7.992840e-01	2.382660e-01	3.980857e-02	4.976071e-02	2.606659e-01	1.476791e-01	5.736655e-02	7.013060e-01
18346	5.907192e-01	6.379998e-01	3.824564e-02	4.780705e-02	2.504318e-01	2.497264e-01	6.885291e-01	9.139930e-01
6217	8.598902e-01	9.058531e-01	2.360400e-02	2.950501e-02	1.545587e-01	1.493612e-01	4.182819e-01	4.271219e-01
6351	3.282680e-01	6.639340e-01	4.711130e-02	5.888913e-02	3.084841e-01	2.750445e-01	9.150548e-01	6.941848e-01
2709	4.157067e-02	7.187647e-01	3.489597e-02	4.361996e-02	2.284982e-01	2.033464e-01	5.504088e-01	6.977829e-01
11685	6.340924e-01	5.762107e-01	4.386338e-02	5.482922e-02	2.872167e-01	9.998648e-02	6.046695e-01	4.702614e-03
25859	5.165983e-01	6.519234e-02	2.332052e-02	2.915065e-02	1.527024e-01	5.093437e-02	6.658857e-01	5.435785e-01
15221	8.505360e-01	6.168664e-01	2.489822e-02	3.112278e-02	1.630332e-01	1.625231e-01	3.617768e-01	9.920290e-02
26599	5.884386e-01	7.533035e-01	2.892488e-02	3.615610e-02	1.893997e-01	1.855774e-01	2.433407e-02	3.513755e-01
1899	1.058576e-01	3.554550e-01	2.056937e-02	2.571171e-02	1.346879e-01	1.318524e-01	2.906347e-01	6.765208e-01
30063	5.751727e-01	6.812973e-01	2.932026e-02	3.665032e-02	1.919886e-01	1.203221e-01	1.593082e-01	4.610886e-01
14626	8.893301e-01	1.432479e-01	2.113208e-02	2.641510e-02	1.383725e-01	1.326907e-01	4.656453e-01	6.240809e-01
15447	8.724826e-01	5.606310e-01	2.191906e-02	2.739882e-02	1.435257e-01	8.706696e-02	8.261932e-01	7.346241e-01
25508	7.827892e-01	1.628754e-01	3.203506e-02	4.004383e-02	2.097651e-01	1.996786e-01	6.183909e-01	2.791028e-01
31910	2.505708e-01	2.589926e-01	2.357145e-02	2.946431e-02	1.543455e-01	6.283809e-02	2.645079e-01	8.887383e-02
1533	1.722189e-01	4.230795e-01	2.248133e-02	2.810166e-02	1.472074e-01	9.444979e-02	5.895376e-01	1.690840e-01
