22485	2.134939e-01	8.934489e-01	2.727960e-02	3.409950e-02	1.786264e-01	9.841423e-02	3.812338e-01	1.938453e-01
15058	6.579816e-01	8.715378e-01	2.596687e-02	3.245859e-02	1.700307e-01	1.482559e-01	2.070046e-01	2.140683e-01
7946	4.801397e-01	2.288871e-01	2.160482e-02	2.700602e-02	1.414680e-01	5.467131e-02	7.596015e-01	1.435078e-01
21055	4.310905e-01	6.044290e-01	6.624219e-02	8.280274e-02	4.337528e-01	1.274893e-01	8.384102e-01	1.590063e-01
21341	2.936176e-01	9.136580e-01	2.344492e-02	2.930615e-02	1.535170e-01	1.165716e-01	5.299969e-01	5.214142e-01
1638	3.319912e-02	4.348492e-02	2.554875e-02	3.193594e-02	1.672928e-01	1.220526e-01	4.622296e-01	9.807951e-01
1161	2.436578e-01	6.998967e-01	2.256947e-02	2.821184e-02	1.477845e-01	7.340339e-02	1.562284e-01	1.686971e-01
985	5.769259e-02	6.427580e-01	2.846239e-02	3.557799e-02	1.863713e-01	1.001720e-01	2.716064e-01	9.043132e-01
8417	6.526268e-01	4.202077e-01	2.671616e-02	3.339520e-02	1.749370e-01	1.649981e-01	4.641771e-01	9.410583e-01
21892	8.184782e-02	5.773469e-01	5.851297e-02	7.314121e-02	3.831420e-01	3.359063e-01	7.941491e-01	2.449454e-01
3742	7.654960e-01	9.293338e-01	2.842547e-02	3.553184e-02	1.861295e-01	8.214207e-02	2.985685e-01	2.567889e-01
5508	1.467128e-01	7.425648e-01	5.479176e-02	6.848970e-02	3.587756e-01	1.319504e-01	9.136666e-02	7.744813e-01
18811	3.865521e-01	3.890548e-01	3.757243e-02	4.696554e-02	2.460237e-01	1.893593e-01	2.786421e-01	2.863657e-01
28092	3.215487e-01	6.207140e-01	4.108917e-02	5.136146e-02	2.690512e-01	1.027755e-01	4.216628e-01	6.146352e-01
30566	1.344797e-01	8.933689e-01	2.153632e-02	2.692040e-02	1.410195e-01	1.237692e-01	1.413123e-01	1.246891e-01
14942	3.504956e-01	7.689934e-01	5.514497e-02	6.893121e-02	3.610884e-01	3.260718e-01	4.257575e-01	8.096971e-01
31874	1.347050e-01	4.920271e-01	7.057782e-02	8.822227e-02	4.621425e-01	3.891758e-01	9.169511e-02	1.616707e-01
22094	5.192271e-01	2.812613e-01	2.609637e-02	3.262046e-02	1.708786e-01	5.102772e-02	5.228611e-01	2.573359e-03
8118	1.391296e-01	8.335508e-02	2.812120e-02	3.515149e-02	1.841371e-01	5.371782e-02	1.750343e-01	5.128876e-01
17714	9.194196e-01	3.923197e-01	6.187662e-02	7.734578e-02	4.051672e-01	2.695103e-01	5.304543e-01	5.282513e-01
26738	4.824533e-01	8.328433e-01	2.413176e-02	3.016470e-02	1.580144e-01	1.371500e-01	4.383971e-01	2.900142e-01
1491	1.290857e-01	5.553730e-01	2.530484e-02	3.163105e-02	1.656957e-01	9.834089e-02	7.259691e-01	4.842274e-01
18185	9.350929e-01	2.435194e-01	2.854435e-02	3.568044e-02	1.869080e-01	1.868401e-01	8.812789e-01	5.472670e-01
2786	1.172072e-01	9.708698e-01	2.556007e-02	3.195009e-02	1.673670e-01	1.309658e-01	5.394138e-01	9.570208e-01
32410	1.447761e-01	2.197749e-01	3.062326e-02	3.827907e-02	2.005206e-01	1.924470e-01	1.650405e-01	6.483506e-01
4007	6.874181e-01	2.235090e-01	4.715829e-02	5.894786e-02	3.087917e-01	1.052024e-01	6.566910e-01	3.618515e-01
28347	5.650113e-01	4.033785e-01	4.686637e-02	5.858296e-02	3.068803e-01	9.803586e-02	8.471252e-01	2.878128e-01
1332	4.538277e-01	9.558546e-01	2.507323e-02	3.134154e-02	1.641791e-01	1.614103e-01	8.107283e-01	1.477710e-01
1884	6.433993e-02	2.058690e-01	5.831197e-02	7.288996e-02	3.818259e-01	3.818229e-01	8.540239e-01	4.615956e-01
23701	7.790153e-01	2.003249e-01	2.257620e-02	2.822025e-02	1.478286e-01	8.658660e-02	2.770692e-01	3.326662e-01
31256	2.195826e-01	7.480303e-01	2.096444e-02	2.620555e-02	1.372748e-01	5.910232e-02	2.171028e-02	9.588974e-01
9915	7.479051e-01	3.228839e-01	2.717082e-02	3.396353e-02	1.779141e-01	6.935712e-02	5.187075e-01	2.835558e-01
13857	2.986850e-01	3.042768e-01	4.894427e-02	6.118034e-02	3.204863e-01	9.560394e-02	8.250226e-01	7.470401e-01
16543	1.554076e-01	6.490683e-01	4.639118e-02	5.798898e-02	3.037687e-01	2.018583e-01	8.095160e-01	5.818336e-01
14749	9.316291e-01	6.298641e-01	2.288986e-02	2.861233e-02	1.498825e-01	1.409601e-01	3.195564e-01	2.236869e-01
26945	5.022885e-01	4.754639e-01	4.402377e-02	5.502971e-02	2.882669e-01	2.099072e-01	6.381126e-01	3.323290e-01
21150	4.672655e-01	6.572883e-01	2.875455e-02	3.594319e-02	1.882844e-01	5.963529e-02	1.002439e-01	2.002791e-01
28784	3.343348e-01	6.721779e-01	2.566048e-02	3.207560e-02	1.680244e-01	1.563453e-01	9.997106e-01	4.754677e-01
10981	4.638537e-01	3.898562e-01	2.149407e-02	2.686759e-02	1.407428e-01	1.002210e-01	4.536529e-01	3.321077e-01
16985	5.363799e-01	5.734058e-01	2.983530e-02	3.729413e-02	1.953611e-01	8.251553e-02	7.648181e-01	5.088329e-01
20102	4.313144e-01	4.203478e-01	2.659701e-02	3.324626e-02	1.741568e-01	1.741181e-01	2.499410e-01	9.918136e-01
18431	7.262735e-01	1.136654e-01	2.258871e-02	2.823589e-02	1.479106e-01	1.169369e-01	7.006188e-01	5.762451e-01
5315	5.297967e-01	7.503704e-01	5.986189e-02	7.482736e-02	3.919747e-01	1.739059e-01	3.596936e-01	7.145461e-01
14757	3.858575e-01	4.433945e-01	2.957480e-02	3.696850e-02	1.936553e-01	1.936039e-01	4.022649e-01	2.657262e-01
23022	3.727305e-01	8.666721e-01	6.525997e-02	8.157496e-02	4.273213e-01	1.786407e-01	1.772437e-01	9.780767e-01
16489	7.052577e-01	9.584472e-02	2.645380e-02	3.306726e-02	1.732191e-01	1.490872e-01	8.872642e-01	5.773866e-01
11967	4.964182e-01	1.486561e-01	2.710738e-02	3.388423e-02	1.774987e-01	1.480585e-01	4.608227e-01	8.920510e-01
11066	2.938794e-01	2.074845e-01	2.525364e-02	3.156705e-02	1.653604e-01	7.586160e-02	3.060064e-01	7.414865e-01
28780	8.417081e-01	1.775029e-01	3.850550e-02	4.813187e-02	2.521334e-01	1.873675e-01	5.922834e-01	4.403697e-01
19999	5.165619e-02	3.986377e-01	5.444979e-02	6.806224e-02	3.565364e-01	2.207226e-01	9.966141e-01	8.730648e-01
16627	9.324160e-01	5.260724e-01	2.723775e-02	3.404719e-02	1.783524e-01	1.359819e-01	6.813903e-01	4.943840e-02
14001	4.360150e-02	7.594011e-01	2.512993e-02	3.141241e-02	1.645504e-01	1.310107e-01	4.322805e-01	8.059827e-01
12276	1.937196e-01	3.340649e-01	3.775006e-02	4.718758e-02	2.471868e-01	9.594600e-02	5.452433e-01	3.178111e-01
6351	7.114070e-01	7.111940e-01	2.111985e-02	2.639982e-02	1.382925e-01	1.162664e-01	3.117417e-01	3.375990e-01
14854	2.322362e-01	7.796966e-01	2.378695e-02	2.973369e-02	1.557566e-01	1.540226e-01	5.732922e-01	9.235143e-01
414	1.321207e-01	2.652031e-01	2.056176e-02	2.570220e-02	1.346381e-01	3.490206e-02	5.919633e-01	7.197169e-01
73	3.682701e-01	6.532962e-01	2.206525e-02	2.758156e-02	1.444829e-01	1.269787e-01	1.012241e-01	4.444889e-01
2289	3.743220e-01	9.569242e-01	2.796473e-02	3.495591e-02	1.831126e-01	1.812628e-01	1.652256e-01	2.560810e-01
26978	9.603700e-01	8.578642e-01	2.556787e-02	3.195984e-02	1.674180e-01	1.671971e-01	7.168596e-01	8.887124e-01
26259	1.608944e-01	3.830593e-01	4.173722e-02	5.217152e-02	2.732947e-01	2.308602e-01	6.882686e-01	3.823072e-01
12122	8.237754e-01	5.176388e-01	2.231040e-02	2.788800e-02	1.460882e-01	5.895809e-02	7.877574e-01	1.927671e-01
9738	9.596073e-01	6.408059e-01	3.432493e-02	4.290616e-02	2.247591e-01	1.416007e-01	4.014050e-01	3.188873e-01
2219	6.801754e-01	5.795736e-01	2.225072e-02	2.781341e-02	1.456974e-01	1.391835e-01	9.900397e-01	6.987987e-01
22722	3.052536e-01	7.210358e-01	2.918293e-02	3.647866e-02	1.910894e-01	5.442355e-02	6.995182e-01	1.333459e-01
27608	8.420697e-01	2.276921e-01	2.532682e-02	3.165852e-02	1.658396e-01	7.989914e-02	5.879938e-01	6.967025e-01
30232	7.193536e-01	8.317433e-01	4.333710e-02	5.417137e-02	2.837706e-01	2.353893e-01	5.892638e-01	8.494064e-01
12323	3.176632e-01	2.353210e-01	2.173065e-02	2.716331e-02	1.422919e-01	8.740640e-02	4.220946e-01	5.135329e-01
4149	3.648629e-01	5.099031e-01	6.033348e-02	7.541685e-02	3.950627e-01	1.692625e-01	6.583281e-01	5.508144e-01
2266	7.768217e-01	1.309480e-01	2.496423e-02	3.120529e-02	1.634654e-01	1.457762e-01	6.242666e-02	6.467894e-01
19876	8.838118e-02	7.030232e-01	2.377064e-02	2.971329e-02	1.556498e-01	1.489644e-01	9.566712e-01	3.139217e-02
22619	3.982310e-01	7.983072e-01	5.864850e-02	7.331062e-02	3.840294e-01	1.125941e-01	6.739746e-01	1.090590e-01
10170	5.133342e-01	6.006221e-01	2.754597e-02	3.443247e-02	1.803706e-01	1.537661e-01	7.038396e-01	4.239043e-01
28546	1.906224e-01	6.444911e-01	4.962852e-02	6.203565e-02	3.249668e-01	1.073944e-01	3.735424e-01	4.024471e-01
14287	6.786418e-01	3.008759e-01	3.788462e-02	4.735577e-02	2.480679e-01	1.562708e-01	6.854935e-01	4.804735e-01
1267	9.619831e-01	5.425158e-01	4.090488e-02	5.113109e-02	2.678445e-01	2.419569e-01	7.311984e-01	2.416210e-01
