13576	2.320742e-01	7.690028e-02	2.286095e-02	2.857618e-02	1.496931e-01	5.956563e-02	1.864850e-01	4.957327e-01
14563	7.686788e-01	6.950186e-01	2.836039e-02	3.545049e-02	1.857034e-01	1.232450e-01	9.253991e-02	7.391538e-02
18741	4.619861e-01	8.360258e-01	3.727208e-02	4.659010e-02	2.440570e-01	2.420710e-01	6.550777e-01	8.160222e-01
31688	8.150182e-01	5.863770e-01	6.477878e-02	8.097348e-02	4.241705e-01	3.043566e-01	9.639151e-01	4.485604e-01
11037	7.265483e-01	8.822078e-01	3.155367e-02	3.944209e-02	2.066130e-01	2.065790e-01	5.141880e-01	5.256456e-02
1892	6.667903e-01	7.282235e-01	7.931516e-02	9.914395e-02	5.193544e-01	4.692739e-01	8.413161e-01	8.473106e-01
30835	8.845521e-02	5.312585e-01	2.558094e-02	3.197618e-02	1.675036e-01	1.458946e-01	9.858918e-01	1.384156e-01
27023	6.809151e-01	2.591791e-01	2.223390e-02	2.779237e-02	1.455872e-01	1.185980e-01	5.238667e-01	8.390459e-02
6042	1.534881e-01	1.841515e-01	6.917346e-02	8.646683e-02	4.529468e-01	3.817379e-01	8.392442e-01	9.764495e-01
425	3.997480e-01	2.037840e-01	4.318676e-02	5.398345e-02	2.827862e-01	1.311335e-01	7.650259e-01	1.856238e-01
25028	9.124986e-01	9.493820e-01	4.885823e-02	6.107279e-02	3.199229e-01	1.894672e-01	9.424078e-02	8.970556e-01
8280	3.474111e-02	9.683481e-02	2.068723e-02	2.585904e-02	1.354597e-01	1.339828e-01	1.698872e-01	4.108532e-02
24371	7.435094e-01	3.297961e-01	5.084354e-02	6.355443e-02	3.329227e-01	3.211868e-01	8.491402e-01	9.740234e-01
32555	5.420890e-01	6.818971e-01	4.615687e-02	5.769608e-02	3.022344e-01	2.981752e-01	9.977073e-01	3.635007e-01
7017	2.292450e-01	6.627391e-01	3.031963e-02	3.789954e-02	1.985325e-01	1.395830e-01	2.566682e-01	8.417146e-01
14524	7.935357e-01	9.744209e-02	7.501388e-02	9.376734e-02	4.911897e-01	4.892575e-01	8.973051e-01	6.565752e-01
28700	2.060464e-01	1.225767e-01	3.438935e-02	4.298669e-02	2.251809e-01	2.069224e-01	1.582481e-01	5.812523e-01
6974	9.847140e-02	3.656060e-01	2.249281e-02	2.811601e-02	1.472825e-01	1.449379e-01	7.453607e-01	3.758053e-01
16960	8.101539e-01	8.702721e-01	7.765219e-02	9.706524e-02	5.084654e-01	5.025739e-01	6.552584e-01	6.986032e-01
494	7.321102e-01	7.762280e-01	2.665253e-02	3.331566e-02	1.745203e-01	1.727810e-01	7.056913e-01	1.918430e-01
15187	6.132282e-01	2.053972e-01	2.189002e-02	2.736253e-02	1.433355e-01	1.255602e-01	2.863622e-03	2.460977e-01
19324	5.326434e-01	1.983001e-01	2.119987e-02	2.649984e-02	1.388164e-01	1.336950e-01	5.693486e-01	8.488639e-02
17068	4.314786e-01	4.002370e-01	3.314308e-02	4.142885e-02	2.170204e-01	1.915501e-01	1.234844e-01	9.856389e-01
28106	8.179100e-01	4.689005e-01	2.216658e-02	2.770823e-02	1.451464e-01	1.017482e-01	3.209762e-01	8.920246e-01
14177	5.726209e-01	8.899274e-01	3.125499e-02	3.906874e-02	2.046572e-01	1.831789e-01	5.683604e-01	8.655144e-01
28101	7.196453e-01	2.357040e-01	2.426501e-02	3.033126e-02	1.588869e-01	6.858170e-02	5.529195e-01	9.647712e-01
9210	6.477125e-02	8.450066e-02	2.333273e-02	2.916592e-02	1.527824e-01	9.754655e-02	8.283352e-01	7.485599e-01
21108	4.316080e-01	7.304706e-01	3.908424e-02	4.885529e-02	2.559230e-01	2.544111e-01	9.216523e-01	8.869455e-01
10594	6.143773e-01	4.817472e-01	2.628209e-02	3.285261e-02	1.720947e-01	6.577888e-02	2.311653e-01	7.867853e-01
7899	9.598804e-01	4.360242e-01	3.964586e-02	4.955733e-02	2.596005e-01	1.636004e-01	7.334848e-01	5.467730e-01
20852	4.286887e-01	4.786736e-01	3.088854e-02	3.861068e-02	2.022577e-01	1.778698e-01	3.340182e-02	7.772803e-01
28959	7.968481e-01	3.578857e-01	4.928824e-02	6.161030e-02	3.227386e-01	1.073613e-01	4.063079e-01	8.295024e-01
8421	9.026597e-01	6.785210e-01	7.494502e-02	9.368127e-02	4.907388e-01	4.664042e-01	3.972550e-02	4.950015e-01
20304	5.723579e-02	1.797872e-01	4.648631e-02	5.810789e-02	3.043917e-01	2.885601e-01	4.965514e-01	1.280511e-01
27732	5.785197e-01	4.437575e-01	3.549471e-02	4.436839e-02	2.324188e-01	7.642765e-02	3.118420e-01	8.276689e-01
13229	9.316374e-01	2.634332e-01	2.222417e-02	2.778021e-02	1.455235e-01	1.240543e-01	4.165014e-01	3.838456e-01
4106	2.488270e-01	8.952085e-01	3.713260e-02	4.641575e-02	2.431437e-01	2.431318e-01	8.043386e-01	2.675452e-01
23521	4.107001e-01	6.784648e-01	2.874277e-02	3.592846e-02	1.882072e-01	1.737214e-01	9.191389e-01	5.204321e-01
2787	7.584259e-01	5.380928e-01	2.911276e-02	3.639095e-02	1.906299e-01	1.866277e-01	4.324739e-02	1.608958e-01
1426	3.544037e-01	6.915681e-01	2.880447e-02	3.600558e-02	1.886112e-01	1.559837e-01	9.759881e-01	9.277283e-01
25024	5.949619e-01	2.487921e-01	2.855124e-02	3.568906e-02	1.869531e-01	1.109183e-01	3.635076e-01	4.560456e-01
23916	2.710819e-01	5.521352e-01	2.096153e-02	2.620191e-02	1.372558e-01	1.370467e-01	8.629712e-01	2.930070e-01
16119	3.265589e-01	1.329848e-01	3.051564e-02	3.814455e-02	1.998159e-01	6.234219e-02	6.717901e-01	7.375254e-01
18835	4.362893e-01	7.875438e-01	3.885411e-02	4.856763e-02	2.544161e-01	1.030216e-01	4.369485e-01	1.959516e-02
10606	5.601356e-01	3.710543e-01	3.671932e-02	4.589915e-02	2.404375e-01	2.371015e-01	1.983310e-01	1.196115e-01
20247	5.480732e-01	7.373196e-01	2.672245e-02	3.340307e-02	1.749782e-01	1.731508e-01	1.810890e-01	5.811095e-02
11942	3.792651e-01	1.359713e-01	3.603208e-02	4.504010e-02	2.359375e-01	1.580193e-01	2.310179e-01	1.331862e-01
22740	5.980099e-01	3.868275e-01	2.802647e-02	3.503309e-02	1.835169e-01	1.373199e-01	5.366721e-01	7.956644e-01
5201	4.446814e-01	5.877009e-01	2.398810e-02	2.998512e-02	1.570737e-01	1.138417e-01	2.366607e-02	5.537306e-01
20445	4.862348e-01	9.413962e-01	4.580987e-02	5.726234e-02	2.999623e-01	2.547949e-01	9.963052e-01	4.056804e-01
295	8.497624e-01	6.401136e-01	3.168758e-02	3.960947e-02	2.074898e-01	1.261415e-01	3.337035e-01	6.343490e-01
24394	5.883543e-02	3.460840e-01	2.995345e-02	3.744181e-02	1.961347e-01	1.874359e-01	5.562618e-02	4.578119e-02
14022	9.219270e-02	9.441116e-01	3.885324e-02	4.856655e-02	2.544104e-01	1.204090e-01	5.270828e-01	4.788519e-01
30322	8.329889e-01	7.192647e-01	2.366731e-02	2.958414e-02	1.549732e-01	6.506485e-02	8.486932e-01	5.399074e-01
1828	3.070742e-01	5.418087e-01	5.185921e-02	6.482401e-02	3.395733e-01	3.208437e-01	3.919763e-01	3.923277e-01
11267	4.636806e-01	1.675130e-01	3.244140e-02	4.055175e-02	2.124258e-01	1.856617e-01	4.789019e-01	5.997314e-01
31398	8.501248e-01	3.221730e-01	2.519642e-02	3.149553e-02	1.649858e-01	6.188263e-02	8.841986e-01	9.790551e-01
10499	6.818767e-01	9.216633e-01	2.779850e-02	3.474813e-02	1.820242e-01	1.731380e-01	9.375712e-01	8.857569e-01
24029	6.100700e-02	8.276134e-01	4.371015e-02	5.463769e-02	2.862134e-01	2.828138e-01	2.802151e-01	4.826995e-01
30499	6.222969e-01	8.275094e-01	4.455170e-02	5.568962e-02	2.917238e-01	1.808677e-01	7.774740e-01	9.250535e-02
7529	8.738676e-01	8.638879e-01	2.152072e-02	2.690090e-02	1.409173e-01	1.315107e-01	2.292500e-01	5.782326e-02
13098	3.388652e-01	2.791394e-01	3.593003e-02	4.491254e-02	2.352693e-01	2.060701e-01	3.857766e-01	7.525729e-01
9441	3.084190e-01	7.275942e-01	6.045948e-02	7.557435e-02	3.958877e-01	3.556585e-01	6.528468e-01	3.082926e-01
19370	2.657122e-01	3.423065e-01	2.785834e-02	3.482293e-02	1.824160e-01	1.145088e-01	2.920438e-01	6.988375e-02
19071	4.994085e-01	7.866384e-01	3.123263e-02	3.904079e-02	2.045108e-01	1.371904e-01	4.977722e-01	8.434031e-01
12481	3.788759e-01	9.482455e-01	4.877038e-02	6.096297e-02	3.193477e-01	2.548373e-01	5.721546e-01	7.613692e-01
5265	7.092623e-01	1.616857e-01	7.238385e-02	9.047981e-02	4.739683e-01	1.532216e-01	2.897818e-01	4.115467e-01
31069	6.614787e-01	5.109982e-01	2.182592e-02	2.728240e-02	1.429158e-01	5.381465e-02	4.784996e-01	3.124884e-01
27194	2.756915e-01	6.389948e-02	2.655358e-02	3.319197e-02	1.738724e-01	6.146373e-02	4.963218e-01	5.418117e-01
3991	3.571719e-01	5.057473e-02	3.860570e-02	4.825713e-02	2.527895e-01	2.417948e-01	6.488091e-02	1.408833e-01
23276	4.914082e-01	6.496953e-01	3.174279e-02	3.967848e-02	2.078513e-01	1.544086e-01	7.735839e-02	5.344704e-01
9742	8.716144e-01	9.633561e-02	2.303248e-02	2.879060e-02	1.508163e-01	5.026948e-02	2.297798e-01	1.415104e-01
14419	2.541531e-01	4.091752e-01	3.214704e-02	4.018380e-02	2.104983e-01	1.456979e-01	9.745385e-01	7.266143e-01
2446	9.026587e-01	2.302808e-01	3.480934e-02	4.351168e-02	2.279310e-01	1.873501e-01	2.572494e-01	5.779796e-01
27490	4.669793e-01	2.326213e-01	2.196225e-02	2.745282e-02	1.438085e-01	5.392579e-02	6.987811e-01	7.276641e-01
18974	8.035757e-01	2.054202e-01	2.221443e-02	2.776804e-02	1.454597e-01	9.601141e-02	8.650291e-01	7.052446e-01
18051	7.166749e-02	4.045469e-01	2.455121e-02	3.068902e-02	1.607610e-01	7.429159e-02	9.371522e-02	5.865069e-01
14477	9.138590e-01	1.445980e-01	7.202404e-02	9.003005e-02	4.716123e-01	4.549928e-01	1.891112e-01	3.954847e-01
