23290	3.457142e-01	5.930264e-01	7.787003e-02	9.733753e-02	5.098917e-01	3.488232e-01	4.190813e-01	4.938331e-01
4706	1.499443e-01	5.489863e-01	2.598310e-02	3.247887e-02	1.701369e-01	1.471428e-01	1.617922e-01	8.614381e-01
22992	4.115504e-01	3.769695e-01	6.757193e-02	8.446491e-02	4.424600e-01	3.706964e-01	6.156715e-01	9.173320e-01
4007	7.077499e-01	3.345092e-01	4.030201e-02	5.037751e-02	2.638969e-01	1.947061e-01	3.500148e-01	4.939922e-01
3208	2.162986e-01	5.420167e-01	4.162960e-02	5.203700e-02	2.725900e-01	8.013390e-02	7.413792e-01	4.833505e-01
19623	4.477944e-01	4.087509e-01	2.178599e-02	2.723248e-02	1.426543e-01	1.287906e-01	8.067157e-01	5.974592e-01
12893	4.280113e-01	6.244655e-01	2.380918e-02	2.976148e-02	1.559022e-01	7.097002e-02	9.908714e-01	9.875993e-01
22757	5.060082e-01	2.845539e-01	2.930053e-02	3.662567e-02	1.918594e-01	1.777983e-01	6.793316e-01	2.774245e-01
14295	1.216444e-01	5.810397e-01	2.358175e-02	2.947719e-02	1.544129e-01	1.443199e-01	4.251333e-01	4.518696e-01
11924	1.709047e-01	5.957019e-01	6.043297e-02	7.554121e-02	3.957141e-01	1.676068e-01	6.577848e-01	7.187043e-01
9756	6.265011e-01	3.504422e-02	2.962886e-02	3.703608e-02	1.940093e-01	1.776253e-01	8.495164e-01	5.336317e-01
21655	9.356096e-01	9.068338e-01	2.305386e-02	2.881733e-02	1.509563e-01	1.501643e-01	1.450403e-01	3.501648e-01
17616	7.109497e-01	2.373568e-01	3.012349e-02	3.765436e-02	1.972481e-01	1.378999e-01	4.486522e-01	3.120231e-01
32123	9.182936e-01	5.949426e-01	3.209055e-02	4.011319e-02	2.101284e-01	8.163884e-02	5.934476e-01	2.028662e-01
13524	7.978441e-01	5.505476e-01	5.253729e-02	6.567161e-02	3.440134e-01	1.695413e-01	6.804115e-01	9.846538e-01
20652	7.712280e-01	1.760620e-01	7.620286e-02	9.525358e-02	4.989752e-01	3.572669e-01	6.148822e-01	2.003152e-01
19731	9.589828e-01	1.734799e-01	2.298559e-02	2.873199e-02	1.505093e-01	1.451608e-01	6.191002e-01	9.102161e-01
29328	4.121609e-01	9.843893e-02	4.258453e-02	5.323066e-02	2.788428e-01	2.779078e-01	3.405383e-01	9.780474e-01
29337	8.785022e-01	7.680417e-01	2.639335e-02	3.299168e-02	1.728232e-01	7.972066e-02	7.403747e-01	7.453669e-01
11044	2.104779e-01	2.452426e-01	4.062110e-02	5.077637e-02	2.659863e-01	2.090855e-01	6.904193e-01	9.624401e-01
9307	5.409317e-01	3.087391e-01	4.403051e-02	5.503814e-02	2.883111e-01	2.068217e-01	3.199254e-01	1.611695e-01
19933	2.829075e-01	8.513697e-02	4.940658e-02	6.175823e-02	3.235135e-01	8.817660e-02	5.496981e-01	2.465628e-01
25710	7.454712e-01	6.428291e-01	2.229890e-02	2.787362e-02	1.460128e-01	6.001661e-02	7.125549e-01	8.477558e-01
11639	4.288617e-01	1.830866e-01	4.492786e-02	5.615983e-02	2.941870e-01	1.418578e-01	3.894258e-01	8.152784e-02
23937	4.936212e-01	3.167715e-01	2.226763e-02	2.783454e-02	1.458081e-01	1.425471e-01	5.642825e-01	3.509214e-01
6033	4.129997e-01	9.566999e-01	2.112439e-02	2.640549e-02	1.383222e-01	1.381564e-01	6.182085e-01	2.439760e-01
8274	6.265162e-01	7.148723e-01	4.235928e-02	5.294910e-02	2.773679e-01	1.741404e-01	4.266742e-01	9.770189e-01
19690	4.792855e-01	1.386400e-01	5.739514e-02	7.174393e-02	3.758225e-01	3.290395e-01	9.874834e-01	6.456229e-01
6868	7.516983e-01	4.764145e-01	6.788452e-02	8.485566e-02	4.445068e-01	2.953134e-01	1.075985e-02	1.542426e-01
26231	8.681491e-02	8.527987e-01	5.641888e-02	7.052360e-02	3.694299e-01	2.558202e-01	4.619802e-01	6.480062e-01
14901	5.101358e-01	7.995572e-01	2.224598e-02	2.780748e-02	1.456663e-01	1.390040e-01	5.730534e-01	1.815853e-01
11751	1.308923e-01	2.797317e-01	2.340802e-02	2.926003e-02	1.532754e-01	1.387185e-01	9.330315e-01	8.257296e-01
4571	3.204624e-01	4.117275e-01	2.250543e-02	2.813179e-02	1.473652e-01	1.117373e-01	2.905228e-01	4.543781e-02
4877	5.784262e-01	1.809338e-01	4.154171e-02	5.192713e-02	2.720145e-01	1.238807e-01	4.106116e-02	7.685995e-01
24264	4.481761e-01	5.509461e-01	5.532215e-02	6.915268e-02	3.622486e-01	2.473833e-01	3.370251e-01	7.070330e-01
15306	2.437085e-01	6.900004e-01	4.866263e-02	6.082829e-02	3.186421e-01	1.728248e-01	1.828879e-01	6.878590e-02
12935	3.279742e-01	8.705792e-01	2.904846e-02	3.631057e-02	1.902089e-01	1.783138e-01	6.754821e-02	9.665537e-01
31558	5.152721e-01	8.005372e-02	2.803521e-02	3.504401e-02	1.835741e-01	5.374448e-02	3.233663e-02	8.692552e-01
698	2.758808e-01	8.383970e-01	2.621889e-02	3.277362e-02	1.716809e-01	8.051250e-02	3.346465e-01	7.542966e-01
10577	9.006073e-01	8.725098e-01	3.021442e-02	3.776803e-02	1.978436e-01	5.681217e-02	2.727533e-01	7.284372e-01
18654	3.401493e-01	2.040790e-01	2.064470e-02	2.580588e-02	1.351812e-01	3.587860e-02	5.413215e-01	3.039820e-03
21371	7.883226e-01	7.250957e-01	5.467214e-02	6.834018e-02	3.579923e-01	3.347276e-01	2.558981e-01	2.449461e-01
15015	1.238365e-01	6.924810e-01	2.208164e-02	2.760205e-02	1.445902e-01	4.376214e-02	5.725941e-01	4.984749e-01
217	8.954783e-01	9.503706e-01	4.023482e-02	5.029352e-02	2.634570e-01	2.073535e-01	9.714234e-01	1.167183e-01
3348	5.831272e-01	5.887092e-02	2.395472e-02	2.994340e-02	1.568551e-01	7.294210e-02	7.352243e-01	6.564877e-01
9505	2.574217e-01	3.489384e-01	6.476430e-02	8.095538e-02	4.240757e-01	2.534297e-01	7.009900e-01	2.795906e-01
31895	4.043529e-01	6.504195e-01	2.676544e-02	3.345680e-02	1.752597e-01	9.535589e-02	6.803288e-01	5.321742e-01
27422	9.434615e-01	4.462211e-01	5.816870e-02	7.271087e-02	3.808877e-01	2.276904e-01	6.807757e-01	7.179517e-01
3196	3.232087e-01	2.331247e-01	2.381582e-02	2.976977e-02	1.559456e-01	1.373956e-01	9.434820e-01	6.132610e-01
14912	2.758962e-01	4.593459e-01	2.136700e-02	2.670875e-02	1.399108e-01	1.398890e-01	8.267382e-01	7.288184e-02
14532	8.968023e-01	1.355956e-01	2.190467e-02	2.738084e-02	1.434315e-01	1.422203e-01	4.399902e-02	5.338261e-01
2422	3.086979e-01	6.320346e-01	2.766746e-02	3.458432e-02	1.811661e-01	1.381319e-01	7.454884e-01	8.996043e-02
30905	3.757580e-01	7.644019e-01	2.371314e-02	2.964142e-02	1.552732e-01	1.521871e-01	9.386371e-01	6.854016e-01
11574	5.198212e-01	7.379894e-01	2.471107e-02	3.088884e-02	1.618077e-01	1.501436e-01	6.300881e-01	9.474510e-01
22657	6.774917e-01	4.293710e-01	2.716822e-02	3.396028e-02	1.778971e-01	1.491078e-01	2.797246e-01	1.077005e-01
3976	3.894789e-01	8.474433e-01	6.346137e-02	7.932671e-02	4.155441e-01	3.526330e-01	9.494768e-01	2.955864e-01
31131	1.244891e-01	1.686574e-01	4.629611e-02	5.787013e-02	3.031462e-01	1.468979e-01	7.800074e-01	5.426639e-01
24567	9.734078e-02	4.644615e-01	2.324167e-02	2.905209e-02	1.521861e-01	1.114971e-01	8.684228e-02	9.146471e-01
1528	2.958627e-01	7.586572e-01	2.128993e-02	2.661241e-02	1.394061e-01	7.860610e-02	7.709234e-01	4.077156e-01
18308	9.287448e-01	6.887936e-01	2.512872e-02	3.141091e-02	1.645425e-01	1.106284e-01	3.488119e-01	3.826456e-01
16897	9.286618e-02	9.064576e-01	2.832781e-02	3.540976e-02	1.854901e-01	1.751093e-01	8.665958e-03	3.277676e-01
14283	5.637381e-01	7.140206e-01	2.179129e-02	2.723911e-02	1.426890e-01	1.043187e-01	3.961370e-01	1.951175e-01
8477	3.668379e-01	2.573618e-01	3.530842e-02	4.413552e-02	2.311990e-01	1.849301e-01	5.653500e-01	8.701902e-01
14188	6.019638e-01	1.299292e-01	2.178904e-02	2.723630e-02	1.426743e-01	1.406413e-01	6.533019e-02	8.130731e-01
17624	1.098814e-01	4.463574e-02	3.964081e-02	4.955101e-02	2.595674e-01	1.753813e-01	9.876296e-01	6.332512e-01
4684	6.201037e-01	3.677561e-01	2.185318e-02	2.731647e-02	1.430943e-01	9.808209e-02	5.967275e-01	6.479411e-01
4509	2.992143e-01	4.966326e-01	2.426584e-02	3.033230e-02	1.588924e-01	1.468037e-01	2.168300e-01	6.519767e-01
18541	6.710734e-01	1.492611e-01	3.085877e-02	3.857346e-02	2.020627e-01	1.818690e-01	1.115207e-01	3.118048e-01
24787	2.047147e-01	4.675438e-01	2.138651e-02	2.673313e-02	1.400385e-01	1.343553e-01	5.420600e-01	6.935710e-01
3356	5.733846e-01	4.338048e-01	2.190393e-02	2.737991e-02	1.434266e-01	1.067541e-01	5.449831e-01	3.999849e-01
2419	4.682194e-02	4.888444e-02	3.451543e-02	4.314429e-02	2.260065e-01	1.745371e-01	8.851609e-01	6.518899e-01
32478	7.668642e-01	3.131682e-01	2.512913e-02	3.141141e-02	1.645452e-01	1.134021e-01	1.895406e-01	1.734042e-01
32401	9.017100e-01	8.274923e-01	2.150198e-02	2.687748e-02	1.407946e-01	4.817232e-02	7.513429e-01	1.173895e-01
2481	2.647994e-01	2.256247e-01	2.577255e-02	3.221569e-02	1.687583e-01	1.248907e-01	5.354064e-01	6.808839e-01
