27496	8.312315e-01	4.058846e-01	3.340546e-02	4.175683e-02	2.187385e-01	2.154072e-01	6.416119e-01	9.892035e-01
24496	6.477664e-01	8.343716e-01	5.493009e-02	6.866261e-02	3.596813e-01	3.256854e-01	4.082948e-01	4.590863e-01
5881	8.020092e-01	9.007069e-01	3.319645e-02	4.149556e-02	2.173698e-01	1.375550e-01	3.426842e-01	5.023291e-01
29159	1.287724e-01	4.744643e-01	2.792964e-02	3.491205e-02	1.828829e-01	1.450086e-01	8.989507e-01	5.919642e-01
4292	9.526041e-01	1.368560e-01	4.533644e-02	5.667055e-02	2.968623e-01	2.840325e-01	7.192278e-01	9.165181e-02
9273	7.114314e-01	1.670479e-01	2.151069e-02	2.688836e-02	1.408517e-01	6.717796e-02	7.281781e-01	6.220588e-01
13824	4.074592e-01	6.469799e-01	6.273209e-02	7.841511e-02	4.107687e-01	4.092642e-01	6.551774e-01	3.291608e-01
8833	7.158143e-01	7.972370e-01	2.616247e-02	3.270309e-02	1.713115e-01	7.401583e-02	2.894375e-01	3.102522e-01
3212	1.002377e-01	7.018608e-01	2.334307e-02	2.917883e-02	1.528500e-01	6.249820e-02	4.608731e-01	3.533919e-01
19017	5.450406e-01	3.638108e-01	4.943998e-02	6.179997e-02	3.237322e-01	1.833723e-01	5.132942e-01	6.153314e-01
22544	2.967648e-01	6.325654e-01	3.377090e-02	4.221362e-02	2.211313e-01	2.074996e-01	9.199709e-01	1.581456e-02
25457	2.368335e-01	3.164465e-01	3.067011e-02	3.833764e-02	2.008274e-01	1.160672e-01	1.252377e-01	3.822083e-01
13313	6.253307e-01	7.587928e-01	5.301492e-02	6.626865e-02	3.471409e-01	2.807683e-01	2.497336e-01	3.234569e-01
29839	5.982552e-01	1.215326e-01	6.103279e-02	7.629099e-02	3.996418e-01	3.804653e-01	4.393622e-01	4.595178e-01
2662	6.887685e-01	7.822841e-01	2.386770e-02	2.983463e-02	1.562853e-01	5.960045e-02	5.138261e-01	7.132318e-01
24021	3.748023e-01	5.324637e-01	3.691769e-02	4.614711e-02	2.417365e-01	8.405139e-02	4.196127e-01	9.096923e-01
11774	7.741628e-01	9.569517e-01	4.197985e-02	5.247481e-02	2.748834e-01	2.734967e-01	8.381891e-01	5.612792e-01
1876	5.585773e-02	5.550608e-01	2.563145e-02	3.203931e-02	1.678343e-01	8.263304e-02	3.902256e-01	1.030827e-01
8247	5.226376e-01	4.244039e-01	2.702707e-02	3.378383e-02	1.769728e-01	1.753198e-01	8.495510e-01	5.097120e-01
3685	6.696466e-01	4.197839e-01	7.583523e-02	9.479404e-02	4.965679e-01	4.589504e-01	5.773017e-01	7.615526e-01
19016	1.895650e-01	2.529270e-01	3.074528e-02	3.843160e-02	2.013196e-01	1.859576e-01	2.264080e-01	2.806053e-01
16367	1.071606e-01	4.142778e-01	2.385305e-02	2.981631e-02	1.561894e-01	1.420001e-01	3.001946e-01	1.185539e-01
18557	5.366309e-01	2.403172e-01	2.254793e-02	2.818492e-02	1.476435e-01	1.398628e-01	6.682448e-02	5.140454e-01
22152	2.286555e-01	4.809029e-01	3.480821e-02	4.351027e-02	2.279236e-01	1.696886e-01	8.312182e-01	6.130502e-02
13986	4.498536e-02	8.277357e-01	4.141947e-02	5.177434e-02	2.712141e-01	2.477331e-01	6.207392e-01	7.806881e-01
10499	9.483939e-01	4.486145e-01	3.592689e-02	4.490861e-02	2.352487e-01	2.245645e-01	7.024271e-01	8.538336e-01
14169	4.629181e-01	5.259999e-02	2.080260e-02	2.600325e-02	1.362151e-01	7.271223e-02	4.102471e-01	8.632694e-01
2508	2.144687e-01	7.665842e-01	2.865819e-02	3.582273e-02	1.876534e-01	1.845738e-01	2.017271e-03	2.395565e-01
3756	6.992288e-01	6.841001e-01	4.153722e-02	5.192152e-02	2.719850e-01	2.149822e-01	7.601340e-01	3.470725e-01
25388	2.511105e-01	1.943902e-01	4.252120e-02	5.315150e-02	2.784282e-01	2.771920e-01	6.767583e-01	2.013104e-01
16939	4.139323e-01	5.059650e-01	2.726947e-02	3.408683e-02	1.785601e-01	1.781241e-01	7.956403e-02	8.591874e-01
29084	8.647174e-01	8.699470e-02	2.477897e-02	3.097371e-02	1.622523e-01	1.213808e-01	3.059304e-01	4.019365e-01
14341	2.142137e-01	6.501261e-01	4.632638e-02	5.790797e-02	3.033444e-01	2.068335e-01	4.242184e-01	6.085588e-02
11082	7.901267e-01	2.947702e-01	2.522049e-02	3.152561e-02	1.651434e-01	6.613482e-02	2.396385e-01	5.793709e-01
4248	7.246803e-01	7.691817e-01	2.069186e-02	2.586483e-02	1.354900e-01	1.353325e-01	9.008067e-01	3.436601e-01
30359	5.353648e-01	4.725535e-01	2.683604e-02	3.354505e-02	1.757220e-01	1.079079e-01	2.842457e-01	2.101599e-01
30965	6.538302e-01	6.699762e-01	2.872469e-02	3.590586e-02	1.880888e-01	7.842799e-02	8.574580e-01	6.868329e-01
16736	9.267205e-01	6.715143e-01	6.663798e-02	8.329747e-02	4.363444e-01	2.909805e-01	3.123850e-01	1.436876e-01
25193	2.755776e-01	5.954651e-01	2.281701e-02	2.852127e-02	1.494054e-01	4.074703e-02	4.730722e-01	1.069010e-02
29277	9.264417e-01	3.933782e-01	3.380896e-02	4.226120e-02	2.213806e-01	1.310836e-01	4.991988e-01	6.267207e-01
16085	4.685248e-01	6.735244e-01	4.193285e-02	5.241606e-02	2.745756e-01	2.551525e-01	2.860785e-01	9.628594e-02
26040	2.865404e-01	7.177707e-01	2.810656e-02	3.513321e-02	1.840413e-01	1.765601e-01	9.210306e-01	1.623022e-01
1588	2.620509e-01	8.536792e-01	3.405895e-02	4.257369e-02	2.230175e-01	1.701852e-01	2.045154e-01	3.198472e-01
1265	4.080649e-01	3.927222e-01	2.431647e-02	3.039559e-02	1.592239e-01	1.402908e-01	1.133337e-01	5.810366e-01
21468	2.728666e-01	5.096870e-01	5.926293e-02	7.407867e-02	3.880528e-01	1.017347e-01	4.768330e-01	6.388980e-01
24442	5.760611e-01	4.514643e-01	4.772529e-02	5.965662e-02	3.125045e-01	2.853481e-01	8.758278e-01	9.408417e-01
21952	7.932441e-01	7.870872e-01	2.455089e-02	3.068862e-02	1.607589e-01	1.479835e-01	5.771456e-01	9.543813e-01
11664	3.399669e-01	5.543941e-02	2.528025e-02	3.160031e-02	1.655347e-01	1.320770e-01	7.414167e-01	8.788850e-01
27201	8.444928e-01	8.851988e-01	4.535184e-02	5.668981e-02	2.969632e-01	2.922226e-01	6.692102e-01	7.671603e-01
22775	3.965291e-01	8.157025e-01	3.669196e-02	4.586494e-02	2.402584e-01	2.100690e-01	5.571844e-02	4.872831e-01
20371	2.457560e-01	2.669300e-01	4.745624e-02	5.932030e-02	3.107427e-01	3.058626e-01	5.513122e-01	8.330880e-01
26410	6.098916e-01	5.431882e-01	2.384215e-02	2.980269e-02	1.561181e-01	1.548649e-01	2.100142e-01	4.522295e-01
12927	5.110847e-01	5.255785e-01	5.548894e-02	6.936118e-02	3.633407e-01	2.279955e-01	3.720064e-01	5.208156e-01
3196	4.376070e-01	1.140232e-01	2.276545e-02	2.845681e-02	1.490678e-01	1.197155e-01	3.657284e-01	4.254517e-01
24410	6.399062e-02	2.686730e-01	2.138058e-02	2.672572e-02	1.399997e-01	8.529450e-02	3.206209e-01	2.488664e-01
31935	2.042431e-01	8.017081e-01	2.062715e-02	2.578394e-02	1.350663e-01	1.339952e-01	2.628511e-03	6.306151e-01
11533	3.845967e-01	2.791781e-01	4.374517e-02	5.468146e-02	2.864427e-01	2.766087e-01	1.133581e-01	5.457119e-01
7758	1.561772e-01	7.310359e-01	2.756380e-02	3.445475e-02	1.804873e-01	1.665169e-01	2.699348e-01	1.161036e-01
8721	6.816278e-01	2.228186e-01	2.595299e-02	3.244124e-02	1.699398e-01	1.670504e-01	2.906546e-01	2.019357e-01
11191	2.478743e-01	9.579695e-02	2.491440e-02	3.114300e-02	1.631391e-01	1.544833e-01	3.460374e-01	9.448805e-01
29628	1.641629e-01	1.624080e-01	5.136155e-02	6.420193e-02	3.363146e-01	2.464944e-01	4.205356e-02	9.186267e-01
29557	7.719739e-01	5.988841e-01	3.384889e-02	4.231112e-02	2.216420e-01	5.882797e-02	2.411188e-01	5.434613e-01
5436	3.321771e-01	5.891657e-01	2.866245e-02	3.582806e-02	1.876813e-01	1.531943e-01	6.600642e-01	2.538469e-01
16745	3.582928e-01	6.273933e-01	2.108802e-02	2.636002e-02	1.380840e-01	9.870800e-02	2.473985e-01	3.688424e-02
23366	7.258915e-01	6.186526e-01	5.298712e-02	6.623390e-02	3.469588e-01	3.468613e-01	2.403285e-01	8.352800e-01
8209	4.616518e-01	7.778061e-01	7.293550e-02	9.116938e-02	4.775805e-01	2.241904e-01	8.575633e-01	1.750338e-01
6450	9.235752e-01	7.308980e-01	2.919398e-02	3.649248e-02	1.911617e-01	7.867965e-02	1.961790e-01	7.012551e-01
28551	3.439710e-01	4.003351e-01	7.493836e-02	9.367295e-02	4.906952e-01	4.851689e-01	5.684016e-01	7.052153e-02
28832	4.564935e-01	4.010028e-01	4.695789e-02	5.869737e-02	3.074796e-01	1.563698e-01	9.870724e-01	4.902929e-01
4902	5.261348e-02	6.808269e-01	2.885378e-02	3.606722e-02	1.889341e-01	6.227715e-02	8.163072e-01	3.613136e-01
20380	4.453704e-01	1.821018e-01	4.193659e-02	5.242074e-02	2.746001e-01	1.607260e-01	6.788231e-01	9.701109e-01
29947	9.283897e-02	2.345431e-01	2.097423e-02	2.621779e-02	1.373390e-01	5.931647e-02	8.885244e-01	7.753318e-01
13261	2.070402e-01	8.571559e-01	3.129691e-02	3.912114e-02	2.049317e-01	1.854724e-01	7.945092e-02	4.074717e-01
4385	1.493275e-01	5.808329e-01	4.337318e-02	5.421648e-02	2.840069e-01	1.278070e-01	7.793671e-01	9.016963e-01
21874	9.331004e-01	8.665226e-01	3.178251e-02	3.972813e-02	2.081114e-01	1.318727e-01	4.397852e-02	5.966536e-01
488	2.282298e-01	7.137535e-01	3.492859e-02	4.366074e-02	2.287119e-01	2.287012e-01	5.811720e-01	9.349234e-01
32384	7.883509e-01	4.249075e-02	2.330191e-02	2.912739e-02	1.525806e-01	8.452436e-02	9.094630e-02	3.357398e-01
6877	5.150303e-01	4.548328e-01	2.285816e-02	2.857270e-02	1.496749e-01	4.468375e-02	7.996500e-01	5.442376e-01
8037	1.438691e-01	6.489621e-01	2.909527e-02	3.636909e-02	1.905154e-01	1.287074e-01	5.441628e-01	5.499785e-01
19003	4.850854e-01	4.716127e-01	3.699527e-02	4.624408e-02	2.422444e-01	1.962358e-01	3.708442e-01	4.419489e-01
