28359	9.230963e-01	1.565427e-01	3.105432e-02	3.881790e-02	2.033432e-01	1.064718e-01	2.897049e-01	4.718397e-01
5366	3.477870e-01	2.419198e-01	2.859639e-02	3.574548e-02	1.872487e-01	1.330677e-01	1.237589e-01	9.486429e-01
30821	3.108151e-01	9.032446e-01	4.015727e-02	5.019658e-02	2.629492e-01	1.477803e-01	5.337117e-01	4.716462e-01
25862	7.952855e-01	2.560255e-01	6.800660e-02	8.500825e-02	4.453062e-01	3.012739e-01	7.838173e-02	5.572533e-02
22387	1.821782e-01	2.266862e-01	3.475127e-02	4.343909e-02	2.275508e-01	9.866031e-02	6.931630e-03	9.435916e-01
17484	6.233123e-01	3.515525e-01	3.941015e-02	4.926269e-02	2.580570e-01	2.234755e-01	4.484372e-01	7.534707e-01
19262	8.836202e-01	8.214567e-01	2.249840e-02	2.812300e-02	1.473192e-01	7.719266e-02	3.525931e-01	3.441043e-01
12135	5.564378e-01	6.542440e-01	3.165784e-02	3.957230e-02	2.072951e-01	1.780120e-01	9.393698e-01	6.445662e-01
24932	8.987768e-01	6.896191e-01	7.414153e-02	9.267691e-02	4.854776e-01	3.315285e-01	7.709594e-01	4.519698e-01
30653	4.128921e-01	5.068266e-01	4.567355e-02	5.709194e-02	2.990697e-01	1.394056e-01	5.266172e-01	4.754066e-02
17906	2.452992e-01	5.842932e-01	7.849632e-02	9.812040e-02	5.139927e-01	4.270330e-01	4.106376e-01	5.111575e-01
26418	7.475936e-01	9.346206e-01	3.313608e-02	4.142011e-02	2.169746e-01	8.708937e-02	8.603873e-01	4.102210e-01
8003	6.439117e-01	5.620212e-01	2.254180e-02	2.817725e-02	1.476034e-01	3.837422e-02	5.500437e-01	8.896130e-01
29301	1.186174e-01	5.578527e-01	4.841911e-02	6.052389e-02	3.170476e-01	3.141775e-01	6.500255e-01	8.406720e-01
19067	6.806123e-01	4.773243e-01	4.489781e-02	5.612226e-02	2.939902e-01	2.935595e-01	4.931034e-01	4.156568e-01
3771	1.852958e-01	5.508486e-01	4.537065e-02	5.671332e-02	2.970863e-01	1.690300e-01	3.391329e-01	1.600075e-01
611	5.548347e-01	2.549104e-01	6.257358e-02	7.821698e-02	4.097308e-01	2.986902e-01	1.592507e-01	1.592115e-01
929	6.290601e-01	7.448761e-01	5.764190e-02	7.205237e-02	3.774382e-01	3.163053e-01	4.657068e-01	8.619424e-01
1198	6.279670e-01	4.505583e-01	2.094452e-02	2.618065e-02	1.371444e-01	1.371181e-01	3.211797e-01	6.367617e-01
28286	5.774996e-01	2.023755e-01	2.461981e-02	3.077477e-02	1.612102e-01	8.642528e-02	8.457646e-01	3.766554e-01
15799	4.442083e-01	5.898497e-01	5.079280e-02	6.349099e-02	3.325904e-01	1.891544e-01	5.159381e-01	1.128592e-02
28978	5.819237e-01	1.223068e-01	6.911833e-02	8.639791e-02	4.525857e-01	2.921038e-01	5.985265e-02	8.398362e-02
22280	2.440380e-01	4.288324e-01	4.115762e-02	5.144703e-02	2.694995e-01	1.127353e-01	8.126694e-01	8.530984e-01
10626	2.225238e-01	7.598577e-01	6.640549e-02	8.300687e-02	4.348221e-01	1.660712e-01	9.604259e-01	2.085025e-01
11781	8.617504e-02	5.565387e-01	2.855609e-02	3.569511e-02	1.869848e-01	6.106096e-02	6.816648e-01	3.079267e-01
30343	2.327714e-01	1.616785e-01	3.895194e-02	4.868992e-02	2.550567e-01	1.309830e-01	9.090987e-01	7.364671e-01
30186	3.991962e-01	7.843079e-01	4.289455e-02	5.361819e-02	2.808728e-01	2.804999e-01	6.686450e-01	9.228873e-01
6358	2.065947e-01	4.050940e-01	2.698794e-02	3.373493e-02	1.767166e-01	1.750770e-01	3.905160e-01	3.410388e-01
30694	4.738300e-01	1.801588e-01	2.139566e-02	2.674458e-02	1.400985e-01	1.378310e-01	1.759194e-01	5.413274e-01
23528	7.717738e-01	4.482775e-02	3.855969e-02	4.819962e-02	2.524883e-01	1.774335e-01	8.358171e-01	7.606611e-01
15223	9.400742e-01	3.788170e-01	3.019975e-02	3.774969e-02	1.977475e-01	7.729719e-02	6.167880e-01	5.295747e-01
26417	3.621240e-01	6.737226e-01	2.837762e-02	3.547202e-02	1.858162e-01	1.531530e-01	2.149219e-01	3.290908e-01
22221	8.346257e-02	4.286175e-01	3.964054e-02	4.955068e-02	2.595657e-01	2.405858e-01	5.833130e-01	4.128586e-01
10524	8.051861e-01	8.153866e-01	2.955062e-02	3.693828e-02	1.934970e-01	9.495965e-02	7.262701e-01	6.093776e-01
17784	8.714477e-01	6.190773e-01	2.930701e-02	3.663376e-02	1.919018e-01	1.839027e-01	2.647959e-01	6.021655e-01
28140	4.855570e-01	7.318247e-01	2.440888e-02	3.051110e-02	1.598289e-01	1.380871e-01	9.801194e-01	5.729772e-01
2599	7.500037e-02	1.981897e-01	6.478399e-02	8.097999e-02	4.242046e-01	3.540262e-01	5.706546e-01	1.406513e-01
9123	9.427381e-01	4.191239e-01	2.312955e-02	2.891194e-02	1.514519e-01	1.195927e-01	1.400934e-01	7.573934e-01
586	9.097050e-01	7.554264e-01	2.304811e-02	2.881013e-02	1.509186e-01	1.423427e-01	1.157011e-01	6.804194e-01
26982	8.037918e-02	6.548468e-01	2.983653e-02	3.729567e-02	1.953692e-01	7.221446e-02	5.610534e-01	8.199693e-01
11085	1.535236e-01	5.840843e-02	2.199489e-02	2.749361e-02	1.440222e-01	1.224614e-01	6.477037e-01	1.270816e-01
24276	9.546606e-01	1.425509e-01	2.307691e-02	2.884613e-02	1.511072e-01	8.348752e-02	5.226944e-01	1.764813e-01
17513	8.618128e-01	8.560845e-02	3.982414e-02	4.978017e-02	2.607678e-01	1.362300e-01	6.818140e-02	8.963293e-01
19194	8.626569e-01	9.065870e-01	3.141506e-02	3.926883e-02	2.057053e-01	2.056046e-01	5.304306e-01	9.031584e-01
18450	8.152175e-01	8.814154e-01	2.063830e-02	2.579787e-02	1.351392e-01	5.111906e-02	5.450051e-02	6.758691e-01
6950	7.667308e-01	4.116060e-01	4.727929e-02	5.909911e-02	3.095840e-01	2.978955e-01	8.243871e-01	2.485365e-01
21899	8.708914e-01	4.807776e-02	2.157646e-02	2.697058e-02	1.412823e-01	1.381879e-01	3.688755e-01	3.151218e-01
11529	1.590550e-01	8.727762e-01	3.849856e-02	4.812320e-02	2.520880e-01	1.616762e-01	2.882326e-01	8.547464e-01
4124	6.842661e-01	8.717635e-01	2.310714e-02	2.888392e-02	1.513052e-01	1.382063e-01	3.860925e-02	9.522482e-01
23278	1.442361e-01	3.192932e-01	6.348388e-02	7.935485e-02	4.156914e-01	1.327569e-01	8.267851e-01	6.407009e-01
12819	9.117064e-01	5.738089e-01	4.744770e-02	5.930963e-02	3.106868e-01	2.067795e-01	8.741948e-01	5.854208e-01
19681	4.863558e-01	5.008219e-02	2.839486e-02	3.549358e-02	1.859291e-01	1.662767e-01	8.445285e-01	4.890364e-01
9929	7.230242e-01	8.206578e-01	3.969529e-02	4.961911e-02	2.599241e-01	2.000935e-01	5.443224e-01	1.159782e-02
14126	8.822877e-01	4.261331e-01	7.736587e-02	9.670733e-02	5.065905e-01	4.047009e-01	7.966896e-01	9.612509e-01
470	4.987174e-01	3.152792e-01	2.226163e-02	2.782704e-02	1.457688e-01	9.014789e-02	1.288830e-01	3.032638e-01
12164	9.339590e-02	6.767225e-02	2.058481e-02	2.573101e-02	1.347890e-01	9.733493e-02	8.865958e-01	8.828532e-01
30153	4.425275e-01	3.988292e-01	6.117891e-02	7.647363e-02	4.005985e-01	3.343745e-01	6.450364e-03	5.901483e-01
21378	8.294862e-01	9.553531e-01	4.100979e-02	5.126223e-02	2.685314e-01	1.431596e-01	1.198894e-02	2.812752e-01
6530	7.635128e-01	8.349576e-01	2.720520e-02	3.400650e-02	1.781392e-01	1.779521e-01	3.235013e-01	9.505942e-01
2098	5.509350e-01	7.722962e-01	5.912417e-02	7.390521e-02	3.871441e-01	3.689817e-01	6.344310e-01	6.902077e-01
30124	2.651723e-01	2.333375e-01	6.473141e-02	8.091427e-02	4.238603e-01	2.555639e-01	7.840569e-01	5.676149e-02
1455	5.386984e-01	4.157364e-01	2.398506e-02	2.998132e-02	1.570538e-01	1.550704e-01	5.012448e-03	5.958073e-01
24947	2.085494e-01	8.553135e-01	2.350278e-02	2.937848e-02	1.538959e-01	1.452501e-01	4.368692e-01	7.895450e-01
20339	8.128781e-01	5.420051e-02	2.201477e-02	2.751846e-02	1.441523e-01	1.286580e-01	5.109631e-01	5.948670e-01
5675	3.224446e-01	7.849090e-02	4.261267e-02	5.326584e-02	2.790271e-01	1.497862e-01	9.050849e-01	7.912197e-01
27528	4.889065e-01	8.211245e-01	2.776183e-02	3.470229e-02	1.817840e-01	6.422825e-02	5.965434e-01	4.140877e-01
11388	4.464233e-01	3.416759e-01	3.942917e-02	4.928646e-02	2.581816e-01	1.374958e-01	4.729102e-01	4.591366e-01
11474	4.340656e-01	1.774865e-01	2.791141e-02	3.488927e-02	1.827635e-01	1.825673e-01	1.842658e-02	3.756924e-01
8809	5.658278e-01	9.356855e-01	3.314162e-02	4.142703e-02	2.170108e-01	1.762879e-01	8.234786e-01	3.049703e-01
24884	3.401019e-01	8.432177e-01	2.501788e-02	3.127235e-02	1.638167e-01	8.216896e-02	4.288645e-01	9.643521e-02
18820	4.676518e-01	4.492239e-01	3.375351e-02	4.219188e-02	2.210174e-01	8.677862e-02	1.913984e-01	6.757273e-01
28757	9.623345e-01	8.875364e-02	2.730798e-02	3.413497e-02	1.788122e-01	1.455708e-01	5.699527e-01	3.865922e-01
