366	3.382298e-01	1.708454e-01	2.093332e-02	2.616665e-02	1.370711e-01	9.910171e-02	3.108464e-02	6.849682e-01
23332	5.048687e-01	2.513061e-01	2.789779e-02	3.487224e-02	1.826743e-01	1.408390e-01	2.270483e-01	8.352295e-01
8002	8.126715e-01	2.201221e-01	3.480868e-02	4.351085e-02	2.279267e-01	1.720878e-01	9.959905e-01	7.725392e-01
22325	8.648111e-01	5.891878e-01	6.286413e-02	7.858016e-02	4.116333e-01	1.443148e-01	2.411382e-01	3.058166e-01
20021	6.515063e-01	5.739291e-01	4.974266e-02	6.217832e-02	3.257141e-01	1.719032e-01	1.217690e-01	8.445003e-01
13093	7.107749e-01	6.373018e-01	4.796119e-02	5.995149e-02	3.140491e-01	2.629574e-01	9.206693e-01	8.817932e-01
6027	3.052214e-01	8.067161e-01	3.399090e-02	4.248863e-02	2.225719e-01	1.522287e-01	7.886351e-01	4.326617e-01
23948	5.407677e-02	2.965711e-01	4.623565e-02	5.779457e-02	3.027503e-01	9.394886e-02	6.875632e-01	7.688442e-01
28281	6.369422e-01	3.188506e-02	2.365258e-02	2.956572e-02	1.548767e-01	1.521686e-01	6.569328e-01	8.543529e-01
22059	8.657602e-01	9.254108e-01	3.404471e-02	4.255588e-02	2.229242e-01	6.418052e-02	3.510562e-02	1.003198e-01
3659	3.654240e-01	5.102683e-01	3.113360e-02	3.891700e-02	2.038623e-01	1.967184e-01	4.950538e-01	7.577045e-01
26498	1.705176e-01	8.603546e-01	6.687728e-02	8.359660e-02	4.379114e-01	4.357127e-01	2.369645e-01	4.402390e-01
28547	5.522927e-01	8.311981e-01	2.736695e-02	3.420869e-02	1.791984e-01	1.775790e-01	5.674867e-01	5.195572e-01
32356	9.114079e-01	3.223906e-01	3.608780e-02	4.510976e-02	2.363024e-01	1.373511e-01	7.632952e-02	3.058022e-01
24771	1.957532e-01	6.162118e-01	5.720179e-02	7.150223e-02	3.745564e-01	1.124305e-01	8.776416e-01	5.756107e-01
32452	2.958992e-01	3.147794e-01	4.401935e-02	5.502419e-02	2.882380e-01	1.183448e-01	4.668409e-01	7.492970e-01
8889	8.392344e-01	3.227357e-01	5.344775e-02	6.680969e-02	3.499750e-01	3.487952e-01	8.630104e-01	4.503568e-01
8524	8.169004e-01	8.753615e-01	2.573473e-02	3.216841e-02	1.685106e-01	1.131679e-01	3.123235e-01	6.978914e-01
11085	4.233957e-01	7.260296e-01	2.066999e-02	2.583749e-02	1.353468e-01	6.664511e-02	4.502415e-01	3.709648e-01
30844	4.345386e-01	8.207446e-01	7.145367e-02	8.931708e-02	4.678775e-01	3.230516e-01	8.966374e-01	6.209564e-01
7026	7.611579e-01	4.094499e-01	3.779584e-02	4.724480e-02	2.474866e-01	1.001251e-01	7.411845e-01	1.846266e-01
6065	7.417738e-01	8.521323e-01	2.756349e-02	3.445436e-02	1.804853e-01	1.719015e-01	1.513344e-01	2.891375e-01
15606	2.964972e-01	6.364016e-01	2.432654e-02	3.040817e-02	1.592898e-01	9.103904e-02	7.917485e-01	7.205005e-01
26967	4.228146e-01	8.747379e-01	2.583043e-02	3.228803e-02	1.691372e-01	6.973354e-02	6.842019e-01	7.643859e-01
32426	5.285170e-01	4.330604e-01	2.274056e-02	2.842570e-02	1.489048e-01	7.869148e-02	8.293121e-01	3.453028e-01
31614	7.517220e-01	7.215443e-01	4.841884e-02	6.052355e-02	3.170458e-01	3.063283e-01	1.689429e-01	1.060341e-01
6792	5.530599e-01	4.552873e-01	2.880785e-02	3.600982e-02	1.886334e-01	9.305411e-02	3.494965e-01	5.761554e-02
20777	1.386638e-01	5.714053e-01	4.587201e-02	5.734002e-02	3.003692e-01	2.880065e-01	3.927524e-01	8.897782e-01
19643	4.792900e-01	1.181881e-01	7.839698e-02	9.799623e-02	5.133422e-01	2.034625e-01	8.707274e-01	9.777557e-01
18332	7.286467e-02	8.591826e-01	3.699867e-02	4.624834e-02	2.422667e-01	1.688022e-01	9.131902e-01	5.110579e-01
16517	2.313182e-01	7.006940e-01	3.276888e-02	4.096110e-02	2.145701e-01	1.286006e-01	1.488936e-01	4.696834e-01
29717	2.978473e-01	1.904458e-01	2.474824e-02	3.093530e-02	1.620511e-01	1.609679e-01	1.328891e-02	2.781726e-01
12105	8.623505e-01	6.583900e-01	3.324711e-02	4.155889e-02	2.177016e-01	2.116886e-01	7.310920e-01	1.055062e-01
28816	3.153367e-01	4.304369e-01	5.195996e-02	6.494995e-02	3.402330e-01	3.385352e-01	3.163671e-01	9.397729e-02
16419	2.912668e-01	5.510254e-01	3.675767e-02	4.594709e-02	2.406887e-01	2.124107e-01	4.793330e-01	5.057090e-01
5747	3.308214e-01	6.021860e-01	3.100155e-02	3.875194e-02	2.029977e-01	6.933267e-02	2.349211e-01	9.134504e-01
6914	4.321004e-01	1.778715e-01	3.000986e-02	3.751233e-02	1.965041e-01	1.963695e-01	4.405316e-01	3.063311e-01
11015	4.957245e-01	4.772911e-01	3.311254e-02	4.139068e-02	2.168204e-01	2.163686e-01	7.226892e-01	8.401360e-01
14123	9.034251e-01	4.998144e-01	3.097522e-02	3.871902e-02	2.028252e-01	1.442806e-01	3.350262e-01	7.068135e-01
10831	5.649630e-01	3.164245e-01	3.007460e-02	3.759324e-02	1.969280e-01	1.413785e-01	9.509497e-01	3.337871e-01
24046	7.638206e-01	6.528766e-01	2.609245e-02	3.261556e-02	1.708530e-01	1.494073e-01	6.723841e-01	7.607118e-01
32456	2.785951e-01	5.330735e-02	2.934263e-02	3.667828e-02	1.921351e-01	1.901240e-01	8.120590e-01	4.439112e-01
29690	1.716367e-01	1.523637e-01	5.192999e-02	6.491249e-02	3.400368e-01	3.225100e-01	1.885061e-01	8.163531e-01
7988	9.501115e-01	4.284162e-01	2.813857e-02	3.517321e-02	1.842509e-01	1.753686e-01	1.241237e-01	6.218540e-02
4896	9.305635e-01	6.317327e-01	2.486514e-02	3.108143e-02	1.628166e-01	1.602490e-01	5.168567e-01	4.379801e-01
20628	6.705753e-01	3.686386e-01	2.088676e-02	2.610845e-02	1.367662e-01	8.314974e-02	1.220674e-01	9.408735e-01
15164	3.308511e-02	8.919567e-01	2.093566e-02	2.616958e-02	1.370864e-01	3.971789e-02	7.654575e-02	9.398761e-01
13712	6.550938e-01	4.738608e-01	5.471434e-02	6.839292e-02	3.582686e-01	3.571230e-01	8.920698e-01	2.294956e-01
20494	3.759312e-01	4.249246e-01	4.255156e-02	5.318944e-02	2.786269e-01	1.507375e-01	5.702724e-01	4.052196e-01
22688	9.687613e-01	6.120813e-02	2.315159e-02	2.893949e-02	1.515962e-01	4.623617e-02	2.245263e-01	5.504868e-01
15610	9.371215e-02	4.841109e-01	2.107356e-02	2.634195e-02	1.379894e-01	1.375418e-01	8.685257e-01	1.286955e-01
28238	4.360370e-01	3.764125e-01	7.461718e-02	9.327147e-02	4.885921e-01	1.694289e-01	8.117720e-01	4.598327e-01
11526	7.723658e-01	8.624058e-01	4.666760e-02	5.833450e-02	3.055787e-01	1.902629e-01	6.760780e-01	9.882408e-01
25571	6.545622e-01	6.680370e-01	6.403568e-02	8.004460e-02	4.193047e-01	2.374879e-01	2.996091e-01	3.445057e-01
13871	8.922128e-01	8.430556e-01	6.456553e-02	8.070691e-02	4.227741e-01	2.311451e-01	9.049765e-01	9.987633e-01
1638	8.006132e-01	6.235572e-01	2.315144e-02	2.893930e-02	1.515953e-01	1.247706e-01	6.855949e-01	5.715500e-01
26382	3.462984e-01	3.456344e-01	2.900323e-02	3.625403e-02	1.899127e-01	1.899077e-01	7.268338e-01	8.220017e-01
3747	1.701113e-01	4.499125e-01	2.473278e-02	3.091597e-02	1.619498e-01	4.845095e-02	4.956894e-02	9.533617e-01
20356	7.933509e-01	5.755472e-01	2.736794e-02	3.420992e-02	1.792048e-01	1.051502e-01	9.437209e-01	2.107050e-01
12357	1.304999e-01	2.081420e-01	3.477127e-02	4.346409e-02	2.276818e-01	1.943390e-01	1.279056e-02	9.000311e-01
11932	5.805095e-01	8.209976e-01	2.085041e-02	2.606301e-02	1.365282e-01	8.616538e-02	8.524748e-02	1.113645e-01
12333	3.957665e-01	2.949406e-01	2.935273e-02	3.669091e-02	1.922012e-01	1.644783e-01	1.574017e-01	4.158332e-01
28229	4.501870e-01	6.889981e-01	2.770353e-02	3.462942e-02	1.814023e-01	1.800918e-01	4.275707e-01	7.663169e-02
2698	2.192624e-01	7.541812e-01	5.312354e-02	6.640443e-02	3.478521e-01	2.868091e-01	5.216557e-01	2.592251e-01
18580	2.715327e-01	2.303824e-01	2.138017e-02	2.672522e-02	1.399970e-01	6.215355e-02	7.852254e-01	9.429596e-01
21610	1.280344e-01	3.247017e-01	2.882736e-02	3.603420e-02	1.887611e-01	1.096033e-01	8.630047e-02	8.056223e-01
9043	2.628353e-01	1.137553e-01	5.739726e-02	7.174658e-02	3.758364e-01	3.643624e-01	5.539296e-02	7.940233e-01
9778	4.108338e-01	5.786956e-01	2.592823e-02	3.241029e-02	1.697777e-01	1.324768e-01	9.693000e-01	5.850330e-01
27352	4.404618e-01	5.489935e-01	2.669389e-02	3.336736e-02	1.747912e-01	1.673739e-01	5.889136e-01	8.131881e-01
19517	5.973323e-01	3.892352e-01	3.823555e-02	4.779444e-02	2.503658e-01	1.515705e-01	5.481549e-01	7.467648e-01
6671	1.413320e-01	4.248228e-02	3.474499e-02	4.343124e-02	2.275097e-01	6.303514e-02	8.653537e-02	9.359041e-02
