26588	2.189126e-01	2.471394e-01	2.427675e-02	3.034594e-02	1.589638e-01	7.327749e-02	8.736075e-01	4.090203e-01
12438	6.031729e-02	4.807570e-01	4.094256e-02	5.117820e-02	2.680912e-01	1.707193e-01	2.430293e-01	1.139011e-01
20313	1.608741e-01	7.382961e-01	4.756608e-02	5.945760e-02	3.114620e-01	2.533147e-01	7.802637e-01	2.117255e-01
12121	7.955488e-01	3.365755e-02	3.023403e-02	3.779254e-02	1.979720e-01	1.979718e-01	4.602518e-01	6.899061e-01
9867	6.086818e-01	6.567762e-01	7.519753e-02	9.399692e-02	4.923923e-01	4.775812e-01	7.729189e-01	4.725105e-01
25698	7.389945e-01	5.154498e-01	3.900984e-02	4.876230e-02	2.554358e-01	2.520161e-01	7.933190e-01	5.494703e-01
23393	1.713642e-01	5.826350e-01	2.182876e-02	2.728596e-02	1.429344e-01	1.427755e-01	3.813773e-01	5.204539e-01
32024	3.173635e-01	8.376788e-01	4.113409e-02	5.141761e-02	2.693454e-01	2.569403e-01	2.593405e-01	7.177351e-01
28006	4.591660e-01	5.782246e-01	4.533366e-02	5.666707e-02	2.968441e-01	2.637913e-01	8.536085e-01	3.197425e-01
31441	6.569325e-01	9.383502e-01	2.192777e-02	2.740972e-02	1.435827e-01	1.330500e-01	4.963485e-01	7.626163e-01
8223	7.722212e-01	7.302600e-01	2.107963e-02	2.634954e-02	1.380291e-01	4.390119e-02	1.792864e-01	1.054911e-01
18158	8.926629e-01	3.809775e-01	3.485644e-02	4.357055e-02	2.282394e-01	1.568635e-01	2.566477e-01	6.778253e-01
13814	5.493724e-01	9.036650e-01	4.234279e-02	5.292849e-02	2.772599e-01	2.094865e-01	3.024372e-01	2.750891e-01
8222	1.375180e-01	2.933362e-01	5.505538e-02	6.881922e-02	3.605018e-01	2.867119e-01	3.057705e-01	6.083005e-01
11441	1.464685e-01	7.584229e-02	5.872663e-02	7.340829e-02	3.845411e-01	3.841683e-01	3.743782e-01	7.314222e-02
15172	4.204447e-01	7.702491e-01	7.802109e-02	9.752636e-02	5.108809e-01	2.154370e-01	9.069685e-01	9.497194e-01
4306	8.418923e-01	6.227744e-01	2.927346e-02	3.659182e-02	1.916822e-01	1.847142e-01	7.685981e-01	4.908212e-01
18208	8.397109e-01	7.593281e-01	3.518134e-02	4.397667e-02	2.303668e-01	7.936262e-02	1.026798e-01	2.639882e-01
18977	8.081790e-01	1.332048e-01	3.319918e-02	4.149897e-02	2.173877e-01	6.316137e-02	4.489413e-01	8.208355e-01
32631	7.067593e-01	8.774118e-02	4.949532e-02	6.186915e-02	3.240946e-01	1.780233e-01	2.046822e-01	5.965806e-01
13882	5.250211e-01	7.552174e-02	2.125303e-02	2.656628e-02	1.391645e-01	8.076188e-02	5.086728e-01	5.904668e-01
6649	8.579260e-01	9.182834e-01	2.181113e-02	2.726391e-02	1.428189e-01	5.210528e-02	5.097284e-01	4.100636e-01
25040	5.021039e-01	6.356352e-02	2.519439e-02	3.149298e-02	1.649725e-01	1.039205e-01	4.100693e-02	2.743121e-01
12291	2.882304e-01	8.709015e-02	4.005999e-02	5.007499e-02	2.623122e-01	1.053521e-01	1.320061e-01	3.391513e-01
5353	7.158251e-02	7.878397e-01	6.609965e-02	8.262456e-02	4.328195e-01	1.981369e-01	5.696339e-01	1.837815e-01
5899	3.080504e-01	7.361794e-01	6.113727e-02	7.642158e-02	4.003259e-01	3.903883e-01	2.347644e-03	4.591793e-01
16695	5.675338e-01	2.759177e-01	2.593601e-02	3.242001e-02	1.698286e-01	1.692303e-01	8.033683e-01	5.283638e-01
17324	1.815265e-01	9.530538e-01	3.115426e-02	3.894283e-02	2.039976e-01	1.870009e-01	5.612500e-01	6.307219e-01
25831	3.528979e-01	8.707790e-01	2.096062e-02	2.620077e-02	1.372498e-01	1.339777e-01	9.539642e-01	7.763124e-02
18190	8.643323e-01	4.322717e-02	3.320283e-02	4.150354e-02	2.174116e-01	1.878147e-01	5.604284e-01	9.989423e-01
30190	7.321594e-01	7.333282e-01	2.455177e-02	3.068971e-02	1.607646e-01	1.600046e-01	5.037246e-01	8.390855e-01
25621	7.418418e-02	2.113882e-01	2.502354e-02	3.127942e-02	1.638537e-01	8.481113e-02	9.222623e-01	4.558520e-02
15320	6.149519e-02	3.473010e-01	4.377526e-02	5.471908e-02	2.866397e-01	2.788033e-01	2.001794e-01	8.164172e-01
6112	4.887847e-01	4.359618e-01	5.846924e-02	7.308656e-02	3.828557e-01	3.651198e-01	3.570842e-01	5.709898e-01
14206	8.662834e-02	2.772967e-01	2.158483e-02	2.698103e-02	1.413371e-01	9.752717e-02	5.239748e-01	1.046498e-01
7663	4.908109e-01	8.648087e-01	4.454832e-02	5.568540e-02	2.917017e-01	1.666901e-01	1.071934e-01	8.045316e-01
10025	6.535403e-01	2.645159e-01	3.720062e-02	4.650077e-02	2.435891e-01	2.096260e-01	7.110956e-01	1.292216e-01
22556	8.911644e-01	8.992532e-02	3.058637e-02	3.823296e-02	2.002790e-01	1.989499e-01	5.388310e-01	5.406143e-01
7913	7.241771e-02	1.254999e-01	4.018353e-02	5.022941e-02	2.631211e-01	2.563846e-01	2.592487e-01	6.999315e-01
14926	4.677884e-01	6.225067e-01	2.205755e-02	2.757194e-02	1.444325e-01	1.300954e-01	1.048496e-02	7.639991e-02
25145	8.704532e-01	8.812254e-01	4.402399e-02	5.502999e-02	2.882684e-01	9.256950e-02	3.394974e-01	9.854225e-01
19716	3.489556e-01	5.133468e-01	7.248507e-02	9.060634e-02	4.746311e-01	1.691315e-01	6.532929e-01	9.083267e-01
3179	1.867636e-01	8.397367e-01	5.260753e-02	6.575941e-02	3.444733e-01	2.824332e-01	3.723889e-01	9.662249e-01
9721	1.145388e-01	6.273697e-01	2.117116e-02	2.646396e-02	1.386285e-01	7.771894e-02	1.375272e-01	7.647073e-01
23907	7.162481e-01	2.100613e-01	3.134349e-02	3.917936e-02	2.052367e-01	1.982395e-01	1.811669e-01	1.037229e-01
13381	8.421480e-01	1.901772e-01	4.308599e-02	5.385748e-02	2.821264e-01	2.572315e-01	5.613340e-01	2.009614e-01
3137	7.588075e-01	4.558653e-01	2.491683e-02	3.114603e-02	1.631550e-01	1.593897e-01	9.691738e-01	8.009767e-01
12684	6.440858e-01	4.514594e-01	2.930862e-02	3.663578e-02	1.919124e-01	1.246981e-01	4.559962e-01	4.756782e-01
11905	1.457497e-01	5.732425e-01	2.523498e-02	3.154373e-02	1.652383e-01	6.601714e-02	8.763265e-01	8.780788e-01
8759	1.310678e-01	2.327621e-01	2.069170e-02	2.586462e-02	1.354889e-01	1.140447e-01	2.568331e-01	6.951838e-01
15456	6.228878e-01	8.073040e-01	6.000481e-02	7.500601e-02	3.929105e-01	3.198576e-01	7.666606e-01	4.490808e-01
16717	5.717370e-01	1.119848e-01	4.758367e-02	5.947959e-02	3.115771e-01	2.051642e-01	6.376126e-01	7.180703e-01
26002	4.329762e-01	9.056510e-01	5.096832e-02	6.371041e-02	3.337398e-01	3.216325e-01	4.630336e-01	4.028285e-01
11794	2.127916e-01	7.560017e-01	3.101615e-02	3.877019e-02	2.030933e-01	8.298445e-02	7.154061e-01	8.580485e-01
7806	5.034148e-01	5.805363e-01	3.082887e-02	3.853609e-02	2.018670e-01	2.017216e-01	8.688459e-01	1.702987e-01
13263	7.435805e-01	3.644999e-01	7.155046e-02	8.943808e-02	4.685113e-01	4.065598e-01	5.940832e-01	9.837708e-01
32068	5.026403e-01	2.609289e-01	5.250738e-02	6.563423e-02	3.438175e-01	2.830644e-01	9.578680e-02	6.693280e-01
19447	1.311099e-01	1.477496e-01	2.474062e-02	3.092577e-02	1.620012e-01	9.672428e-02	1.321640e-01	6.321905e-01
29474	2.527731e-01	6.398724e-01	2.074239e-02	2.592799e-02	1.358209e-01	1.061342e-01	2.858407e-01	3.509517e-01
21795	1.154252e-01	4.469159e-01	5.719241e-02	7.149052e-02	3.744950e-01	1.734829e-01	4.524567e-01	1.155730e-01
2058	9.086842e-01	5.212587e-01	2.660698e-02	3.325872e-02	1.742221e-01	1.562967e-01	3.955994e-01	5.850454e-01
22896	2.582317e-01	1.219783e-01	4.080687e-02	5.100858e-02	2.672027e-01	2.432903e-01	5.732889e-01	2.540232e-01
30372	4.968256e-01	7.089569e-01	2.455058e-02	3.068823e-02	1.607568e-01	1.327346e-01	1.298796e-01	1.402146e-01
3741	9.007930e-01	5.860962e-01	4.635308e-02	5.794134e-02	3.035192e-01	3.027470e-01	2.448008e-01	8.402220e-01
21687	7.370533e-01	7.358415e-02	2.335923e-02	2.919903e-02	1.529559e-01	1.315248e-01	1.462948e-01	5.779863e-01
26725	2.484546e-01	8.425409e-01	3.772132e-02	4.715165e-02	2.469986e-01	1.134584e-01	4.104910e-01	5.022577e-01
30002	8.339929e-01	5.588053e-01	2.526763e-02	3.158454e-02	1.654521e-01	6.228070e-02	7.857733e-01	9.499252e-01
30791	2.004278e-01	4.567216e-01	3.659455e-02	4.574319e-02	2.396206e-01	1.550359e-01	9.060960e-01	3.368770e-01
8443	1.676435e-01	6.486681e-01	3.363026e-02	4.203783e-02	2.202104e-01	1.536828e-01	3.030010e-01	7.016643e-01
9542	2.825245e-01	5.809339e-01	2.193908e-02	2.742385e-02	1.436568e-01	1.175912e-01	5.206074e-01	9.380672e-01
32616	7.843805e-01	6.393388e-01	4.369068e-02	5.461334e-02	2.860859e-01	1.219081e-01	2.440581e-01	8.687946e-01
27989	4.164642e-01	3.973877e-01	5.393518e-02	6.741898e-02	3.531667e-01	3.453121e-01	9.020795e-02	2.370902e-01
32167	5.624961e-01	4.986002e-01	2.408839e-02	3.011049e-02	1.577304e-01	1.432903e-01	8.962178e-02	4.447750e-01
24246	4.613925e-01	1.500213e-01	3.693380e-02	4.616725e-02	2.418419e-01	2.398804e-01	6.639018e-01	3.475921e-01
17408	6.499764e-02	2.716635e-01	2.128921e-02	2.661151e-02	1.394014e-01	3.768851e-02	7.085077e-02	4.021406e-01
19802	4.442005e-01	8.458769e-01	2.926431e-02	3.658038e-02	1.916222e-01	1.437695e-01	7.564949e-01	9.467025e-01
13358	2.734046e-01	5.027047e-02	2.194138e-02	2.742673e-02	1.436718e-01	1.351813e-01	8.281892e-02	4.004659e-01
