2568	8.610030e-01	8.391186e-01	4.994692e-02	6.243364e-02	3.270516e-01	3.072352e-01	9.510816e-01	4.480249e-01
10115	7.307752e-01	3.978835e-01	2.092383e-02	2.615479e-02	1.370089e-01	7.784198e-02	3.362006e-01	7.534184e-01
15071	5.421811e-02	5.821859e-01	5.339938e-02	6.674923e-02	3.496583e-01	2.943577e-01	9.999675e-01	9.606359e-02
9384	6.117312e-01	7.892772e-01	2.753552e-02	3.441940e-02	1.803022e-01	1.139073e-01	7.976060e-01	8.819931e-01
3059	9.204805e-01	5.504692e-01	2.196156e-02	2.745194e-02	1.438039e-01	1.428558e-01	5.379059e-01	4.420028e-01
10457	8.214264e-01	5.994296e-01	2.088944e-02	2.611180e-02	1.367837e-01	1.357056e-01	8.707071e-01	8.833046e-01
1380	8.278589e-01	5.087279e-01	5.762441e-02	7.203051e-02	3.773237e-01	2.082214e-01	3.537963e-01	4.768847e-01
23278	3.407763e-01	2.711505e-01	5.740409e-02	7.175511e-02	3.758811e-01	2.516166e-01	7.707348e-01	6.875783e-01
29887	4.963179e-01	2.184016e-01	3.909068e-02	4.886335e-02	2.559652e-01	2.519783e-01	2.435125e-01	5.975701e-01
30385	3.769945e-02	7.281384e-01	2.112025e-02	2.640032e-02	1.382951e-01	1.377588e-01	2.929696e-01	9.904115e-01
5696	7.641747e-01	5.601895e-01	2.674313e-02	3.342892e-02	1.751136e-01	1.100896e-01	8.990301e-01	2.015987e-02
11288	5.290767e-01	5.376681e-01	4.778053e-02	5.972566e-02	3.128662e-01	1.547664e-01	5.610188e-02	6.617015e-01
24384	3.766510e-01	8.323265e-01	4.038676e-02	5.048345e-02	2.644519e-01	2.045419e-01	2.947255e-01	5.408515e-01
18654	3.167898e-01	9.121055e-01	3.574037e-02	4.467546e-02	2.340274e-01	6.749697e-02	2.056086e-01	6.732806e-01
24775	6.679056e-01	6.482969e-01	3.166864e-02	3.958580e-02	2.073658e-01	1.992767e-01	3.075370e-01	3.515805e-01
6315	2.103216e-01	3.084753e-01	3.188609e-02	3.985761e-02	2.087896e-01	2.078277e-01	8.201509e-01	4.376117e-01
7549	4.213550e-01	6.347642e-01	3.354468e-02	4.193085e-02	2.196500e-01	1.141359e-01	4.281567e-01	1.777480e-02
16420	1.271212e-01	7.696274e-01	2.641765e-02	3.302207e-02	1.729824e-01	9.060947e-02	3.012008e-01	9.721288e-01
20027	2.663454e-01	2.829272e-01	2.108560e-02	2.635700e-02	1.380682e-01	1.348180e-01	9.394717e-01	1.692725e-02
28945	1.336679e-01	8.703347e-01	5.011380e-02	6.264225e-02	3.281444e-01	2.209189e-01	1.652696e-01	1.068651e-01
7100	2.609834e-01	8.999760e-01	2.122278e-02	2.652847e-02	1.389664e-01	1.378337e-01	4.771624e-01	8.595411e-01
11335	5.725659e-01	3.038807e-01	4.872972e-02	6.091215e-02	3.190814e-01	2.965501e-01	1.000011e-01	8.036278e-01
9581	2.493659e-01	3.797356e-01	5.011011e-02	6.263764e-02	3.281202e-01	2.862088e-01	6.949393e-01	6.328805e-01
13560	2.049131e-01	9.957115e-02	2.266875e-02	2.833594e-02	1.484346e-01	1.244859e-01	1.846463e-01	7.756480e-01
25771	6.101943e-02	4.474245e-02	2.553590e-02	3.191987e-02	1.672087e-01	1.001798e-01	5.840708e-01	9.329958e-01
6852	6.677314e-01	7.646465e-02	2.150827e-02	2.688534e-02	1.408358e-01	1.132291e-01	2.938394e-01	8.087406e-03
31529	8.681964e-01	6.860623e-01	2.583229e-02	3.229036e-02	1.691494e-01	1.093733e-01	7.556845e-01	3.281422e-01
5228	6.894514e-02	1.088335e-01	3.724051e-02	4.655063e-02	2.438502e-01	1.463074e-01	6.991817e-01	7.000527e-01
20948	4.873210e-01	8.756238e-01	2.821772e-02	3.527215e-02	1.847692e-01	1.212727e-01	8.519082e-01	6.772083e-01
18530	7.431482e-01	6.166690e-01	4.712721e-02	5.890902e-02	3.085883e-01	3.077185e-01	2.808916e-01	2.140723e-01
859	6.515406e-01	8.957826e-01	5.285439e-02	6.606799e-02	3.460897e-01	1.820825e-01	4.688829e-03	6.407849e-01
21064	4.639515e-01	7.917986e-01	3.124590e-02	3.905738e-02	2.045977e-01	6.647834e-02	2.448942e-01	6.250934e-01
14237	5.288781e-01	5.488594e-02	3.753797e-02	4.692246e-02	2.457980e-01	2.245821e-01	4.111135e-01	1.995544e-01
25497	1.078095e-01	1.586254e-01	2.067657e-02	2.584571e-02	1.353898e-01	1.176988e-01	4.794882e-01	5.426095e-02
3734	5.862723e-01	1.158120e-01	7.217555e-02	9.021944e-02	4.726044e-01	2.107448e-01	8.878358e-01	1.833726e-01
10082	1.534604e-01	6.841790e-01	2.633535e-02	3.291919e-02	1.724435e-01	1.010528e-01	3.138581e-01	7.449425e-01
26320	8.821961e-02	2.967730e-01	6.921009e-02	8.651261e-02	4.531866e-01	3.411955e-01	6.909291e-01	5.807513e-01
21339	5.077283e-01	8.435235e-01	2.768698e-02	3.460872e-02	1.812939e-01	1.026824e-01	6.086242e-02	9.450640e-01
2637	5.019260e-01	4.533117e-01	3.833431e-02	4.791789e-02	2.510125e-01	1.590941e-01	7.067651e-02	8.102877e-01
32281	3.647287e-01	1.072711e-01	2.839429e-02	3.549286e-02	1.859253e-01	1.601895e-01	9.274021e-02	5.913640e-01
13912	6.946973e-01	7.586227e-01	2.278879e-02	2.848598e-02	1.492206e-01	1.492164e-01	5.686290e-01	1.528548e-01
2857	7.267744e-01	8.404926e-01	4.348144e-02	5.435181e-02	2.847158e-01	2.229860e-01	1.129906e-01	2.710353e-01
22202	6.861628e-01	2.351905e-01	2.848836e-02	3.561045e-02	1.865413e-01	1.865374e-01	1.746995e-01	1.599846e-01
16160	5.017957e-01	6.271569e-01	2.269630e-02	2.837038e-02	1.486150e-01	1.485136e-01	9.929121e-02	8.027796e-01
23560	8.313222e-01	7.233167e-01	2.282895e-02	2.853618e-02	1.494836e-01	1.348865e-01	1.017176e-01	7.952568e-01
15939	4.734167e-01	6.575623e-01	5.866893e-02	7.333617e-02	3.841633e-01	2.858549e-01	3.155232e-01	1.535895e-01
5704	3.686955e-01	7.346052e-01	2.812523e-02	3.515654e-02	1.841636e-01	9.098288e-02	4.255041e-01	3.058088e-02
28887	9.601790e-01	4.590598e-01	2.145929e-02	2.682411e-02	1.405151e-01	1.025851e-01	1.620663e-01	4.665392e-01
28947	6.850444e-01	9.627613e-01	2.711448e-02	3.389310e-02	1.775452e-01	5.464757e-02	2.128119e-01	5.401745e-01
17785	2.602330e-01	8.291408e-02	4.514992e-02	5.643741e-02	2.956410e-01	2.214322e-01	7.485878e-01	9.201510e-01
15896	5.626382e-01	4.928176e-01	2.117458e-02	2.646822e-02	1.386508e-01	4.503611e-02	4.455174e-01	4.008071e-01
20939	1.330833e-01	2.220197e-01	5.609462e-02	7.011827e-02	3.673067e-01	3.672952e-01	6.767680e-01	4.195830e-01
24993	5.773103e-01	6.673948e-01	3.780746e-02	4.725932e-02	2.475626e-01	2.166435e-01	5.238579e-01	1.377555e-01
329	9.566689e-01	2.208635e-01	2.716440e-02	3.395550e-02	1.778721e-01	1.778446e-01	4.019286e-01	6.526797e-01
4563	1.510638e-01	7.624914e-01	2.460411e-02	3.075513e-02	1.611073e-01	1.569190e-01	7.149601e-01	6.461877e-01
14806	9.480056e-01	8.693462e-01	3.113593e-02	3.891991e-02	2.038776e-01	1.938181e-01	7.167491e-01	8.524832e-01
6118	4.276817e-01	7.884079e-02	2.641802e-02	3.302253e-02	1.729848e-01	1.515230e-01	3.061900e-01	4.528132e-01
15733	6.299311e-01	7.416050e-01	3.692040e-02	4.615050e-02	2.417542e-01	1.367557e-01	4.877312e-01	8.503900e-01
1738	8.486775e-02	7.112343e-01	2.933134e-02	3.666417e-02	1.920611e-01	1.848154e-01	9.647578e-01	3.747802e-01
25790	8.824865e-01	5.890422e-01	2.411652e-02	3.014565e-02	1.579146e-01	1.245232e-01	5.161322e-01	6.751862e-01
26019	3.110297e-01	5.723636e-01	2.797403e-02	3.496754e-02	1.831735e-01	1.828291e-01	3.722119e-02	8.318996e-03
6696	8.715806e-01	4.547379e-01	7.549073e-02	9.436342e-02	4.943122e-01	3.530218e-01	3.969682e-01	1.649834e-01
21558	7.698907e-01	4.331209e-01	4.125614e-02	5.157018e-02	2.701446e-01	2.670985e-01	5.905364e-01	8.524017e-01
639	7.119062e-02	6.275338e-01	2.536825e-02	3.171031e-02	1.661109e-01	6.571049e-02	1.499220e-02	9.402787e-01
7411	1.339921e-01	3.347884e-01	2.145871e-02	2.682339e-02	1.405113e-01	1.031387e-01	3.304760e-01	2.237444e-01
27905	8.913104e-01	6.326928e-01	3.155412e-02	3.944265e-02	2.066159e-01	1.853622e-01	6.263739e-02	1.400663e-01
30014	7.517509e-01	2.683469e-01	2.576980e-02	3.221225e-02	1.687403e-01	1.026913e-01	2.747956e-01	3.150063e-02
9266	3.170978e-01	1.151611e-01	4.993747e-02	6.242183e-02	3.269898e-01	3.213892e-01	3.540951e-01	6.025772e-01
1515	6.848699e-01	9.327000e-01	2.367671e-02	2.959589e-02	1.550347e-01	9.733875e-02	6.827653e-01	8.121777e-02
9779	1.179882e-01	7.635463e-02	2.107636e-02	2.634545e-02	1.380077e-01	1.176387e-01	6.603437e-01	2.435495e-02
6289	6.280001e-01	1.518991e-01	3.023876e-02	3.779845e-02	1.980029e-01	1.683853e-01	2.066974e-01	2.115263e-01
8563	9.205080e-01	4.565918e-01	2.139583e-02	2.674478e-02	1.400995e-01	6.501850e-02	3.663367e-01	2.071557e-01
10673	4.145065e-01	3.176095e-01	2.366969e-02	2.958712e-02	1.549888e-01	1.255040e-01	7.369118e-01	5.474290e-01
1017	2.207315e-01	6.942616e-01	4.307635e-02	5.384543e-02	2.820632e-01	8.139489e-02	4.559199e-01	8.389325e-01
14170	1.298038e-01	7.142824e-01	3.120657e-02	3.900821e-02	2.043401e-01	2.036896e-01	2.510231e-01	6.395269e-01
2249	5.677543e-02	1.964594e-01	3.198501e-02	3.998126e-02	2.094373e-01	1.847003e-01	1.743486e-01	9.565011e-01
12554	9.497773e-01	7.273051e-01	2.184648e-02	2.730810e-02	1.430504e-01	1.052101e-01	6.385565e-01	8.363937e-01
12572	1.807353e-01	6.737215e-01	2.367610e-02	2.959513e-02	1.550308e-01	1.507269e-01	8.447399e-01	2.156199e-01
15136	2.284395e-01	8.364867e-01	3.995732e-02	4.994665e-02	2.616399e-01	1.396055e-01	5.739444e-01	1.817993e-01
1502	7.647158e-01	1.106772e-01	2.300928e-02	2.876160e-02	1.506644e-01	9.690670e-02	4.095635e-01	6.010570e-01
207	6.027291e-01	4.571742e-01	3.049086e-02	3.811358e-02	1.996537e-01	1.652165e-01	5.560586e-01	8.032410e-01
