2168	2.001914e-01	1.529669e-01	2.296178e-02	2.870222e-02	1.503534e-01	1.475111e-01	8.562972e-01	3.521380e-01
5333	6.606526e-01	6.792852e-01	2.313445e-02	2.891806e-02	1.514840e-01	1.326365e-01	5.398632e-01	6.270166e-01
28627	7.619708e-01	6.359572e-01	2.210018e-02	2.762522e-02	1.447116e-01	6.749390e-02	8.210647e-02	1.327975e-01
28631	6.320108e-01	7.334331e-01	2.602279e-02	3.252848e-02	1.703968e-01	6.242668e-02	2.952909e-02	8.114766e-01
20267	3.428193e-02	5.415462e-01	2.501949e-02	3.127436e-02	1.638272e-01	1.370619e-01	4.022209e-01	8.424491e-01
9542	5.766148e-01	6.717906e-01	7.349222e-02	9.186527e-02	4.812259e-01	2.328753e-01	1.564356e-01	1.668789e-02
12391	5.466029e-01	5.601038e-01	4.119390e-02	5.149237e-02	2.697370e-01	2.175822e-01	5.409267e-02	7.813155e-01
30621	4.215999e-02	3.111164e-01	2.359591e-02	2.949489e-02	1.545057e-01	7.742957e-02	8.366987e-01	4.769585e-01
30737	2.155560e-01	5.123222e-01	3.929279e-02	4.911598e-02	2.572885e-01	2.305645e-01	5.531909e-01	9.451862e-01
30176	4.058630e-01	4.505514e-01	6.206504e-02	7.758130e-02	4.064009e-01	2.604287e-01	9.564964e-01	1.107346e-01
2996	1.291791e-01	5.110150e-01	5.985616e-02	7.482020e-02	3.919372e-01	3.916260e-01	5.282156e-02	8.953231e-01
21520	1.572744e-01	3.349551e-01	2.748965e-02	3.436206e-02	1.800018e-01	1.799647e-01	4.877078e-01	1.713597e-02
28331	1.237185e-01	1.079062e-01	2.298849e-02	2.873561e-02	1.505283e-01	6.805759e-02	2.871695e-01	9.566776e-01
29630	1.236102e-01	8.060906e-01	2.237026e-02	2.796283e-02	1.464801e-01	1.378881e-01	7.067692e-01	4.225632e-01
30653	4.875398e-01	5.406955e-01	3.904295e-02	4.880368e-02	2.556526e-01	2.046748e-01	3.092286e-01	3.238260e-01
23853	9.586747e-01	4.387551e-01	3.289778e-02	4.112223e-02	2.154142e-01	5.908014e-02	4.115962e-01	4.873904e-01
307	6.399775e-01	8.262741e-01	5.666335e-02	7.082919e-02	3.710308e-01	1.804125e-01	1.707220e-01	4.279365e-01
6562	4.030388e-02	6.158280e-01	2.637091e-02	3.296364e-02	1.726763e-01	1.398929e-01	1.555946e-01	1.433508e-01
10972	2.057375e-01	2.678311e-01	7.877856e-02	9.847320e-02	5.158408e-01	5.146291e-01	5.768394e-02	2.882931e-01
17095	9.393164e-01	3.251291e-01	2.964114e-02	3.705142e-02	1.940897e-01	1.929456e-01	8.729804e-03	1.415486e-01
13746	2.274734e-01	4.057000e-01	2.112792e-02	2.640990e-02	1.383453e-01	1.325065e-01	9.995585e-01	9.718388e-01
22804	2.869975e-01	3.463155e-01	6.676584e-02	8.345730e-02	4.371817e-01	2.930856e-01	7.334121e-01	6.743574e-01
16998	3.433843e-01	9.866777e-02	4.631042e-02	5.788802e-02	3.032399e-01	2.897413e-01	6.161458e-01	7.602059e-01
16996	3.443244e-01	6.543931e-01	3.096559e-02	3.870699e-02	2.027622e-01	1.655131e-01	5.472187e-01	9.800673e-01
25293	4.314248e-01	5.206608e-01	2.830604e-02	3.538255e-02	1.853475e-01	1.852373e-01	3.529378e-01	9.704055e-01
29144	8.822154e-01	1.885828e-01	4.575794e-02	5.719742e-02	2.996223e-01	2.801277e-01	9.416534e-01	4.086556e-01
5369	1.616346e-01	3.840072e-01	2.628714e-02	3.285892e-02	1.721278e-01	1.453757e-01	2.076761e-01	8.778636e-01
32132	5.069797e-01	5.861867e-01	2.402931e-02	3.003664e-02	1.573436e-01	1.568543e-01	5.287695e-01	1.854133e-01
2966	5.874436e-01	2.755169e-01	5.034798e-02	6.293498e-02	3.296778e-01	1.035501e-01	6.419488e-01	3.920177e-01
22963	9.121999e-01	4.846141e-01	3.131541e-02	3.914426e-02	2.050528e-01	1.105735e-01	2.676291e-01	7.382385e-01
23945	3.981883e-01	3.843630e-01	2.498982e-02	3.123727e-02	1.636329e-01	1.559129e-01	1.380210e-01	2.097642e-01
8446	4.425395e-02	9.370438e-02	2.275121e-02	2.843901e-02	1.489746e-01	7.574694e-02	8.592493e-01	3.154927e-01
11797	2.023655e-01	9.352812e-01	2.066242e-02	2.582802e-02	1.352972e-01	1.266744e-01	3.139956e-01	1.490164e-01
11745	3.528384e-01	9.558133e-01	2.587710e-02	3.234638e-02	1.694429e-01	9.644066e-02	7.254619e-02	5.352362e-01
11868	4.586803e-01	8.966128e-01	3.539069e-02	4.423836e-02	2.317377e-01	2.121823e-01	7.030620e-01	6.027732e-01
9582	9.053761e-01	8.148647e-01	2.380277e-02	2.975346e-02	1.558602e-01	8.485914e-02	1.026477e-01	2.158962e-01
9624	6.620069e-01	3.879912e-01	2.396955e-02	2.996194e-02	1.569523e-01	1.078873e-01	1.200437e-01	1.556694e-02
11459	7.364570e-01	9.150965e-01	3.308320e-02	4.135400e-02	2.166283e-01	8.232740e-02	4.528775e-01	8.383883e-01
22306	8.259935e-01	5.184494e-01	3.642770e-02	4.553462e-02	2.385280e-01	2.133331e-01	9.442553e-01	7.090392e-01
29425	3.330452e-01	9.225978e-01	2.799436e-02	3.499294e-02	1.833066e-01	1.832970e-01	7.245561e-01	3.038455e-01
26998	8.707719e-01	5.324103e-02	3.366669e-02	4.208336e-02	2.204490e-01	7.635257e-02	4.608630e-01	6.816229e-01
29800	4.727450e-01	8.604603e-02	4.084125e-02	5.105157e-02	2.674279e-01	2.040879e-01	7.443751e-03	1.996203e-01
7298	7.287226e-01	8.364293e-01	5.970641e-02	7.463301e-02	3.909566e-01	1.708634e-01	2.523156e-01	9.357779e-01
6820	1.271754e-01	9.724618e-01	2.420180e-02	3.025226e-02	1.584730e-01	8.871077e-02	6.779709e-01	7.983960e-01
10891	6.100213e-01	2.057068e-01	2.351326e-02	2.939158e-02	1.539645e-01	1.449392e-01	9.559984e-01	4.387674e-01
3566	7.625711e-01	9.178809e-01	4.049885e-02	5.062356e-02	2.651859e-01	9.316634e-02	3.252235e-01	4.475596e-01
14584	1.403573e-01	3.995144e-01	2.194402e-02	2.743002e-02	1.436891e-01	6.949316e-02	1.505497e-01	4.500563e-01
45	3.858770e-01	3.064484e-01	4.418483e-02	5.523104e-02	2.893216e-01	1.420056e-01	9.968908e-01	4.839890e-01
19706	8.679016e-01	2.757721e-01	2.344953e-02	2.931192e-02	1.535472e-01	1.519388e-01	6.257671e-01	8.649198e-01
20197	7.621068e-01	9.502192e-02	7.651721e-02	9.564651e-02	5.010335e-01	4.916682e-01	5.957511e-01	2.801282e-01
8314	8.064351e-01	8.967004e-01	4.373532e-02	5.466915e-02	2.863782e-01	2.639322e-01	1.297163e-01	2.508193e-01
14619	3.280631e-01	5.446547e-01	7.478878e-02	9.348598e-02	4.897158e-01	2.315371e-01	9.714740e-01	7.100810e-01
4728	7.226740e-01	9.542265e-01	2.116256e-02	2.645320e-02	1.385721e-01	5.119353e-02	4.477535e-01	5.524390e-01
19087	6.311644e-02	8.066082e-01	2.161462e-02	2.701828e-02	1.415322e-01	1.315854e-01	5.855054e-01	6.546039e-01
12893	9.106247e-01	8.723041e-01	3.025165e-02	3.781457e-02	1.980873e-01	1.561225e-01	2.246850e-01	5.063027e-01
4286	4.726059e-01	8.337270e-01	2.159183e-02	2.698979e-02	1.413830e-01	9.808871e-02	7.140483e-01	1.485864e-01
3191	1.124258e-01	4.313540e-01	5.631368e-02	7.039210e-02	3.687411e-01	3.164599e-01	1.144570e-01	1.905043e-01
30902	6.709421e-01	2.904144e-01	2.128737e-02	2.660921e-02	1.393894e-01	1.270021e-01	8.610884e-01	9.091961e-01
24069	3.616925e-01	4.123077e-01	2.482517e-02	3.103146e-02	1.625548e-01	1.106402e-01	2.702901e-01	5.544270e-01
11866	9.607342e-01	7.510532e-01	2.377250e-02	2.971562e-02	1.556620e-01	5.431259e-02	3.863366e-01	9.012313e-01
4641	7.027558e-01	1.406885e-01	5.409597e-02	6.761997e-02	3.542196e-01	1.668196e-01	1.427498e-01	4.397341e-01
13027	9.804211e-02	1.619966e-01	2.066589e-02	2.583236e-02	1.353199e-01	1.105225e-01	2.210706e-01	8.311960e-01
4564	2.503880e-01	7.690089e-01	2.596152e-02	3.245191e-02	1.699957e-01	1.062125e-01	2.138041e-01	9.527497e-01
18789	6.740765e-01	7.561446e-01	2.394339e-02	2.992924e-02	1.567809e-01	7.985661e-02	3.585127e-02	5.143362e-02
27014	4.244043e-02	6.805663e-01	2.093148e-02	2.616436e-02	1.370590e-01	1.330463e-01	4.900093e-01	9.830100e-01
4802	4.422041e-01	7.060449e-01	4.445336e-02	5.556669e-02	2.910799e-01	2.615370e-01	6.628144e-01	7.194136e-01
13406	6.402607e-01	5.038261e-01	2.279359e-02	2.849199e-02	1.492521e-01	8.331112e-02	2.136415e-01	9.967714e-01
6438	3.738964e-01	7.015820e-01	7.749702e-02	9.687128e-02	5.074493e-01	2.897870e-01	7.714330e-01	1.317353e-01
12198	4.353040e-01	3.628979e-01	3.495391e-02	4.369238e-02	2.288776e-01	8.984832e-02	7.689923e-01	5.156553e-01
27059	1.574964e-01	5.768970e-01	3.219622e-02	4.024528e-02	2.108204e-01	1.846482e-01	2.572378e-01	9.108319e-01
25008	6.275899e-01	5.513285e-01	2.336933e-02	2.921166e-02	1.530220e-01	1.487688e-01	2.595264e-01	8.786532e-01
8492	7.055205e-01	3.603616e-01	3.415825e-02	4.269782e-02	2.236677e-01	2.019125e-01	7.179110e-01	1.973500e-01
14423	1.737240e-01	1.041538e-01	4.777108e-02	5.971385e-02	3.128043e-01	2.530357e-01	2.625271e-01	6.039490e-01
19192	4.495684e-01	3.134365e-01	2.875018e-02	3.593772e-02	1.882557e-01	7.000155e-02	1.255860e-01	7.714216e-01
15918	2.825683e-01	4.544840e-01	6.298165e-02	7.872706e-02	4.124029e-01	2.383197e-01	6.928575e-01	6.409926e-01
4501	2.803720e-01	7.082390e-01	3.957834e-02	4.947293e-02	2.591584e-01	1.718062e-01	3.366650e-01	7.979793e-01
10822	5.767501e-01	1.736938e-01	4.646600e-02	5.808250e-02	3.042587e-01	2.451120e-01	1.847832e-01	1.304877e-01
26119	3.236188e-01	1.872872e-01	2.427727e-02	3.034659e-02	1.589672e-01	1.588420e-01	1.121581e-01	6.105102e-01
16952	8.184912e-01	2.879189e-01	2.460070e-02	3.075087e-02	1.610850e-01	1.511582e-01	4.665364e-01	1.106511e-01
30388	6.431790e-01	1.395053e-01	2.864727e-02	3.580908e-02	1.875819e-01	1.664368e-01	2.229230e-01	6.398677e-01
31717	7.926979e-01	7.467381e-01	7.292758e-02	9.115948e-02	4.775287e-01	4.476859e-01	9.516924e-01	7.877396e-01
27168	9.429510e-02	8.199832e-01	2.363294e-02	2.954117e-02	1.547481e-01	1.198293e-01	9.144108e-01	5.324461e-02
20792	9.008529e-01	6.863765e-01	4.248070e-02	5.310087e-02	2.781629e-01	2.700862e-01	4.144082e-01	3.751421e-01
