18417	2.265168e-01	2.961170e-01	4.835026e-02	6.043782e-02	3.165967e-01	1.981815e-01	2.991290e-01	4.222433e-01
12026	4.188097e-01	8.523006e-01	3.191903e-02	3.989879e-02	2.090053e-01	1.967582e-01	6.258479e-02	6.779917e-01
16095	5.486704e-01	7.651759e-01	3.415935e-02	4.269918e-02	2.236749e-01	1.991665e-01	3.630943e-01	6.546204e-01
23685	8.875759e-01	1.854035e-01	4.488714e-02	5.610893e-02	2.939203e-01	2.930344e-01	7.399493e-01	8.735246e-01
16119	5.283781e-01	6.760078e-01	3.281864e-02	4.102330e-02	2.148959e-01	1.539618e-01	7.148442e-01	1.462723e-01
4319	7.617502e-01	5.839075e-01	2.672162e-02	3.340202e-02	1.749728e-01	7.102771e-02	7.330426e-01	9.941881e-02
11114	2.996354e-01	4.406841e-01	3.479520e-02	4.349400e-02	2.278384e-01	1.967935e-01	1.843987e-01	1.503036e-02
18952	9.185050e-01	5.842698e-01	2.312601e-02	2.890751e-02	1.514287e-01	9.131470e-02	2.677359e-03	4.478385e-01
23102	8.551906e-01	3.462462e-01	4.832911e-02	6.041139e-02	3.164583e-01	2.160439e-01	4.062421e-01	1.777720e-01
9540	7.836029e-01	6.766362e-01	3.787936e-02	4.734919e-02	2.480334e-01	1.373529e-01	9.435223e-01	2.047175e-01
11846	6.668690e-01	8.042447e-01	2.341838e-02	2.927298e-02	1.533432e-01	1.087459e-01	6.555644e-01	9.772019e-01
9385	5.898414e-01	5.605108e-01	3.966813e-02	4.958516e-02	2.597463e-01	2.494814e-01	9.511714e-01	9.815226e-01
763	6.996408e-01	6.698542e-01	2.187213e-02	2.734016e-02	1.432184e-01	1.383779e-01	3.621573e-01	5.809375e-01
24872	1.668323e-01	5.402779e-01	2.054547e-02	2.568183e-02	1.345314e-01	1.140163e-01	5.617730e-01	1.377715e-01
4425	6.553217e-01	5.478027e-01	4.158492e-02	5.198115e-02	2.722974e-01	7.049410e-02	4.294666e-01	4.216202e-01
19997	5.141637e-01	6.021222e-01	3.315626e-02	4.144533e-02	2.171067e-01	2.056103e-01	3.580685e-01	9.423811e-01
23630	4.777048e-01	1.450821e-01	2.225242e-02	2.781553e-02	1.457085e-01	1.378005e-01	5.004486e-01	6.997965e-01
12487	8.664963e-01	5.510587e-01	3.590940e-02	4.488675e-02	2.351342e-01	2.042058e-01	5.972390e-01	4.713733e-01
6202	3.591660e-01	8.505295e-01	5.916778e-02	7.395972e-02	3.874297e-01	1.758064e-01	3.990616e-01	8.055267e-01
11404	7.719608e-01	4.122937e-01	2.230847e-02	2.788559e-02	1.460755e-01	5.774758e-02	1.654087e-01	3.916059e-01
7627	6.390520e-01	6.659338e-01	6.382776e-02	7.978470e-02	4.179432e-01	4.177785e-01	5.593078e-01	3.233444e-01
8062	2.340125e-01	7.977867e-01	4.125823e-02	5.157279e-02	2.701583e-01	2.412157e-01	1.389390e-01	2.691491e-01
9643	3.257802e-01	7.548517e-01	2.249238e-02	2.811548e-02	1.472798e-01	9.362887e-02	6.804828e-01	5.760847e-01
5317	1.791766e-01	4.215604e-01	4.269469e-02	5.336836e-02	2.795642e-01	2.773533e-01	2.365291e-01	9.638019e-01
18335	3.346176e-01	2.472034e-01	7.629730e-02	9.537163e-02	4.995935e-01	1.445762e-01	3.809082e-01	5.121027e-01
19299	9.035547e-01	5.218435e-01	2.112412e-02	2.640516e-02	1.383204e-01	1.129888e-01	9.508749e-01	7.773575e-02
24993	5.520899e-01	4.867792e-01	3.708858e-02	4.636072e-02	2.428554e-01	2.103763e-01	8.225243e-02	2.939227e-01
25113	8.256029e-01	7.808278e-01	2.074675e-02	2.593344e-02	1.358494e-01	1.019579e-01	6.182456e-01	3.427206e-02
23639	6.907880e-01	7.971795e-02	2.269050e-02	2.836312e-02	1.485770e-01	1.381808e-01	7.865293e-01	4.892455e-01
4609	7.318449e-02	6.242468e-02	2.770668e-02	3.463335e-02	1.814229e-01	1.785811e-01	7.635657e-01	4.892299e-01
7738	6.481117e-01	1.644266e-01	2.142274e-02	2.677842e-02	1.402757e-01	4.577306e-02	1.462645e-01	2.910058e-01
17681	5.118840e-02	7.851195e-01	4.104286e-02	5.130358e-02	2.687480e-01	2.686644e-01	7.032278e-01	7.401470e-02
22210	8.027214e-01	5.354215e-02	3.292248e-02	4.115309e-02	2.155759e-01	1.628943e-01	2.649293e-01	2.742509e-01
23942	8.322055e-02	8.788073e-01	6.126573e-02	7.658217e-02	4.011671e-01	2.311622e-01	2.180028e-01	3.612974e-01
16747	4.967293e-01	3.317337e-01	3.799869e-02	4.749836e-02	2.488148e-01	2.157341e-01	8.266378e-01	6.581127e-01
17257	7.313497e-01	5.179720e-01	2.211812e-02	2.764765e-02	1.448291e-01	1.117590e-01	5.648401e-01	2.703517e-01
13956	6.547669e-01	4.009278e-01	2.192190e-02	2.740237e-02	1.435442e-01	4.453501e-02	4.663584e-02	2.334952e-01
7506	6.718026e-01	2.974058e-01	2.439998e-02	3.049997e-02	1.597707e-01	1.516664e-01	7.111869e-01	2.046462e-01
20110	4.037014e-01	3.039229e-01	2.550197e-02	3.187746e-02	1.669865e-01	1.513267e-01	5.753121e-01	7.028609e-01
7769	1.781630e-01	8.906362e-01	2.653359e-02	3.316699e-02	1.737416e-01	6.223928e-02	8.371334e-01	2.176173e-01
32643	8.222083e-01	9.691723e-02	2.444447e-02	3.055558e-02	1.600620e-01	4.257966e-02	2.334215e-01	4.051128e-01
20488	2.435328e-01	7.470536e-01	6.876020e-02	8.595025e-02	4.502407e-01	1.606261e-01	1.542453e-01	5.842913e-01
2962	5.988865e-01	9.216767e-01	3.229087e-02	4.036359e-02	2.114401e-01	1.529410e-01	5.003293e-01	2.533727e-01
18148	6.777544e-01	7.224928e-01	2.267565e-02	2.834456e-02	1.484798e-01	1.119332e-01	1.123943e-01	1.286857e-01
3011	3.021799e-01	3.483658e-01	2.121427e-02	2.651784e-02	1.389107e-01	1.029800e-01	9.748793e-01	4.462115e-01
16998	1.402666e-01	7.835534e-01	3.188993e-02	3.986241e-02	2.088148e-01	1.907112e-01	8.359990e-01	4.409591e-01
29383	6.554689e-01	2.490552e-01	2.790402e-02	3.488003e-02	1.827151e-01	1.767243e-01	2.418509e-01	2.514479e-01
32059	1.564223e-01	3.058007e-01	3.120208e-02	3.900260e-02	2.043107e-01	8.937447e-02	4.411407e-01	9.357164e-01
1834	5.516257e-01	1.427560e-01	2.504037e-02	3.130046e-02	1.639640e-01	7.677193e-02	5.050833e-01	4.258610e-01
1504	8.943150e-01	6.318178e-01	2.506116e-02	3.132645e-02	1.641001e-01	6.122238e-02	4.648659e-01	2.559527e-02
11528	7.539189e-01	3.148035e-01	2.960158e-02	3.700198e-02	1.938307e-01	1.082597e-01	5.425078e-01	5.053985e-01
6594	9.663215e-01	1.550241e-01	2.308270e-02	2.885337e-02	1.511451e-01	1.505416e-01	7.487358e-01	4.539057e-01
8694	1.115993e-01	6.558963e-01	3.207939e-02	4.009924e-02	2.100554e-01	2.003150e-01	6.706782e-01	8.598811e-01
313	1.679229e-01	9.636617e-01	2.132968e-02	2.666209e-02	1.396664e-01	1.291499e-01	5.884929e-01	9.008308e-01
24339	5.684422e-02	6.271632e-01	2.667635e-02	3.334543e-02	1.746763e-01	1.136716e-01	3.990126e-01	9.742345e-01
11854	4.037158e-01	1.176932e-01	2.236679e-02	2.795849e-02	1.464574e-01	1.464203e-01	8.759733e-01	3.565205e-01
4553	4.406886e-01	3.638903e-01	3.385386e-02	4.231732e-02	2.216745e-01	2.194435e-01	2.052075e-01	8.784296e-01
11908	6.888209e-01	2.100662e-01	2.874356e-02	3.592945e-02	1.882124e-01	6.298710e-02	3.774451e-01	8.562151e-01
19361	4.307774e-01	5.499166e-01	5.237601e-02	6.547002e-02	3.429573e-01	2.145129e-01	1.784646e-01	8.180243e-02
31211	4.752546e-01	9.590408e-01	2.612039e-02	3.265049e-02	1.710359e-01	1.148094e-01	6.628561e-01	1.540886e-01
17693	7.105258e-01	6.377330e-01	2.282341e-02	2.852926e-02	1.494473e-01	1.481292e-01	7.233369e-02	4.587594e-02
27231	7.836287e-01	8.955308e-01	2.362889e-02	2.953611e-02	1.547216e-01	1.089236e-01	6.748524e-02	3.844368e-01
30306	5.164417e-01	8.317320e-01	2.551551e-02	3.189439e-02	1.670752e-01	1.640367e-01	2.012788e-01	3.623026e-01
419	3.172212e-01	5.904766e-01	3.830152e-02	4.787690e-02	2.507978e-01	2.062201e-01	5.966228e-01	6.888918e-01
7036	3.274420e-01	5.216185e-01	3.276981e-02	4.096227e-02	2.145762e-01	2.138872e-01	7.481940e-01	2.879627e-01
29454	7.194843e-01	8.230942e-01	2.572989e-02	3.216236e-02	1.684789e-01	6.628345e-02	9.519914e-01	7.553210e-01
19756	1.110100e-01	3.819884e-01	7.193894e-02	8.992368e-02	4.710551e-01	4.708107e-01	5.351675e-01	2.333742e-01
236	6.311232e-01	3.026182e-02	2.166773e-02	2.708467e-02	1.418800e-01	1.378748e-01	4.148709e-01	2.799746e-01
25254	6.156669e-01	1.956766e-01	4.876805e-02	6.096007e-02	3.193325e-01	1.781910e-01	6.163358e-01	7.002801e-01
19075	7.897827e-01	7.795636e-01	2.206866e-02	2.758583e-02	1.445053e-01	5.871290e-02	6.984867e-01	8.678064e-01
16311	6.184111e-01	4.949104e-01	2.958956e-02	3.698695e-02	1.937520e-01	1.829387e-01	7.264068e-01	9.330999e-01
28994	4.461540e-01	7.539718e-02	2.328767e-02	2.910959e-02	1.524873e-01	1.445669e-01	6.273754e-01	5.346052e-01
15596	5.263662e-01	7.099469e-01	2.132524e-02	2.665655e-02	1.396373e-01	7.534250e-02	7.911048e-01	1.270847e-01
1261	8.461019e-01	8.055630e-01	2.458705e-02	3.073382e-02	1.609956e-01	7.182787e-02	5.274826e-01	7.373187e-01
22509	2.538980e-01	8.907114e-01	4.333446e-02	5.416807e-02	2.837534e-01	2.493359e-01	6.885349e-01	3.186842e-01
17612	9.609509e-01	9.410091e-01	2.795370e-02	3.494212e-02	1.830404e-01	1.814409e-01	1.611370e-01	1.187982e-01
2726	4.881844e-01	4.020774e-01	3.137719e-02	3.922149e-02	2.054574e-01	1.442652e-01	8.871626e-01	2.886996e-01
31432	7.973519e-01	3.101782e-01	7.578156e-02	9.472695e-02	4.962165e-01	2.256707e-01	2.974537e-01	6.173230e-01
20669	3.590421e-01	4.010560e-01	2.215449e-02	2.769312e-02	1.450673e-01	5.685246e-02	6.669303e-01	2.979357e-01
3119	3.559015e-01	1.854039e-01	3.590428e-02	4.488035e-02	2.351007e-01	2.343911e-01	8.464347e-02	2.839805e-01
1356	7.107595e-01	4.455855e-01	3.873032e-02	4.841290e-02	2.536055e-01	1.722764e-01	7.627309e-01	2.369771e-01
23902	5.577644e-01	2.196943e-01	5.587973e-02	6.984966e-02	3.658996e-01	3.629816e-01	1.875391e-01	9.965316e-01
29180	1.761479e-01	7.847652e-01	3.272616e-02	4.090770e-02	2.142904e-01	1.773779e-01	3.554457e-01	8.582025e-02
9839	5.062272e-01	1.529795e-01	2.327225e-02	2.909031e-02	1.523863e-01	9.755671e-02	4.455417e-01	3.518099e-01
