7740	8.217499e-01	9.001415e-01	7.185662e-02	8.982078e-02	4.705160e-01	3.126276e-01	5.384463e-01	2.966812e-01
542	8.255917e-01	4.002917e-02	2.292287e-02	2.865358e-02	1.500986e-01	1.500520e-01	5.277721e-01	6.994711e-01
12107	9.074119e-01	4.472147e-01	5.036556e-02	6.295695e-02	3.297929e-01	2.303797e-01	3.171875e-01	2.891315e-01
29801	4.866766e-01	6.111491e-01	5.415930e-02	6.769912e-02	3.546342e-01	3.542167e-01	5.619402e-01	2.230426e-01
8436	7.044344e-01	1.289726e-01	5.084857e-02	6.356071e-02	3.329557e-01	2.188814e-01	4.602211e-01	7.961254e-01
17091	2.847326e-01	5.679122e-01	3.475407e-02	4.344259e-02	2.275691e-01	1.006008e-01	9.628658e-01	7.943276e-01
17584	6.490563e-02	2.918011e-01	2.609230e-02	3.261537e-02	1.708519e-01	1.657206e-01	2.863430e-01	9.800078e-01
5622	4.385087e-01	2.330403e-01	2.833935e-02	3.542419e-02	1.855656e-01	8.779782e-02	6.021762e-01	9.725203e-02
28561	6.849711e-01	6.412000e-01	4.063214e-02	5.079017e-02	2.660586e-01	1.001721e-01	3.784084e-02	6.998691e-01
25343	2.597080e-01	6.725452e-01	5.659459e-02	7.074323e-02	3.705805e-01	2.065760e-01	4.564217e-01	9.125851e-01
12491	6.255400e-01	1.319961e-01	2.297913e-02	2.872392e-02	1.504670e-01	1.165189e-01	7.167701e-01	4.955424e-01
22483	6.055385e-01	7.640892e-01	3.486470e-02	4.358088e-02	2.282935e-01	2.001557e-01	6.164575e-02	6.956732e-01
30206	5.147654e-01	7.606950e-01	4.002621e-02	5.003276e-02	2.620910e-01	1.248494e-01	2.536556e-01	6.133813e-01
17304	4.122139e-01	5.891710e-01	2.528734e-02	3.160918e-02	1.655811e-01	1.654678e-01	4.920808e-01	9.306611e-02
6265	1.292264e-01	4.841269e-01	2.808211e-02	3.510264e-02	1.838812e-01	1.561474e-01	3.698383e-01	7.305749e-01
29143	4.080350e-01	7.576049e-01	2.591097e-02	3.238871e-02	1.696646e-01	9.327186e-02	8.537070e-01	9.830166e-01
4294	1.893152e-01	1.140413e-01	3.963774e-02	4.954717e-02	2.595473e-01	1.340770e-01	6.821711e-01	8.900110e-01
24763	7.870274e-02	3.145140e-02	2.571722e-02	3.214653e-02	1.683960e-01	1.683816e-01	8.298988e-01	7.870238e-01
22711	9.462475e-01	6.863629e-01	4.177429e-02	5.221786e-02	2.735374e-01	1.329979e-01	9.047670e-01	2.514325e-01
26365	1.154298e-01	3.933340e-02	2.970929e-02	3.713661e-02	1.945359e-01	1.302072e-01	8.951729e-01	8.014393e-01
6400	8.290468e-01	7.044493e-01	6.222513e-02	7.778142e-02	4.074492e-01	2.074648e-01	4.593060e-01	7.864138e-01
12818	9.713285e-01	7.500315e-01	2.539556e-02	3.174445e-02	1.662897e-01	1.011280e-01	8.170899e-01	4.225372e-01
23545	5.882208e-01	4.555249e-02	3.628452e-02	4.535566e-02	2.375905e-01	1.247260e-01	8.627488e-01	2.215760e-01
9706	8.852568e-01	7.228955e-01	3.899825e-02	4.874781e-02	2.553599e-01	2.325573e-01	3.988663e-01	2.309470e-01
12600	7.575090e-01	8.177840e-01	2.776485e-02	3.470607e-02	1.818038e-01	7.172142e-02	5.503231e-01	2.164865e-01
6870	3.150777e-01	9.635744e-01	3.460771e-02	4.325964e-02	2.266108e-01	2.142021e-01	4.036414e-01	4.639720e-01
26741	4.002882e-01	3.887633e-01	4.941296e-02	6.176620e-02	3.235553e-01	2.162874e-01	8.466258e-02	2.144663e-01
17679	5.993095e-01	5.551948e-01	2.198725e-02	2.748407e-02	1.439722e-01	3.951164e-02	4.684604e-01	8.653381e-02
986	1.679401e-01	8.484553e-01	4.939531e-02	6.174413e-02	3.234397e-01	3.209792e-01	2.879162e-01	9.572927e-01
11162	8.973966e-01	2.698121e-01	2.859868e-02	3.574835e-02	1.872637e-01	1.856878e-01	7.212576e-01	3.898035e-01
29502	6.793983e-01	8.303906e-01	3.387960e-02	4.234950e-02	2.218431e-01	2.217897e-01	2.261269e-01	6.209272e-01
10182	5.345672e-01	1.852094e-01	6.794501e-02	8.493126e-02	4.449029e-01	3.844566e-01	5.503195e-01	2.747353e-02
13868	8.577095e-01	5.964506e-01	3.091248e-02	3.864060e-02	2.024145e-01	1.992527e-01	3.589917e-01	5.505019e-01
17382	9.269669e-01	7.651892e-01	3.557156e-02	4.446445e-02	2.329220e-01	1.935805e-01	3.698550e-01	3.929893e-01
1270	3.178355e-01	2.058184e-01	4.373910e-02	5.467387e-02	2.864029e-01	2.172932e-01	6.749487e-02	7.622783e-02
17490	7.648091e-01	6.311124e-01	2.170772e-02	2.713465e-02	1.421418e-01	1.421313e-01	3.023805e-01	1.757330e-01
16720	4.472836e-01	1.854008e-01	2.492967e-02	3.116209e-02	1.632391e-01	1.609625e-01	2.662417e-01	4.562812e-02
20938	3.669451e-01	7.092443e-01	3.709812e-02	4.637265e-02	2.429179e-01	7.770098e-02	6.491553e-01	8.996837e-01
31213	4.311074e-01	1.456494e-01	2.598971e-02	3.248714e-02	1.701802e-01	1.697938e-01	6.423135e-01	8.632485e-01
24834	6.840917e-02	6.592279e-01	5.965353e-02	7.456691e-02	3.906104e-01	2.797197e-01	5.905597e-01	2.383489e-01
32081	8.397583e-01	4.243668e-01	3.397688e-02	4.247110e-02	2.224801e-01	2.215021e-01	2.713276e-01	6.069796e-01
9584	8.287651e-01	1.390834e-01	5.064017e-02	6.330021e-02	3.315910e-01	3.315605e-01	9.000115e-01	3.868658e-01
20324	4.798846e-01	7.831721e-01	4.567847e-02	5.709808e-02	2.991019e-01	8.227854e-02	6.218617e-02	5.698345e-01
15825	9.236038e-01	9.260326e-01	2.341715e-02	2.927144e-02	1.533351e-01	9.080515e-02	5.549069e-01	7.182740e-01
15175	6.295047e-01	3.841961e-01	3.694923e-02	4.618654e-02	2.419430e-01	1.806708e-01	3.126886e-01	4.721196e-01
20364	6.522234e-01	6.990540e-01	2.690162e-02	3.362702e-02	1.761514e-01	1.290682e-01	2.649387e-01	4.884510e-01
5299	2.419082e-01	2.261066e-01	3.122376e-02	3.902970e-02	2.044527e-01	1.580530e-01	1.155096e-01	6.560390e-01
10942	5.193117e-02	5.386152e-01	2.908620e-02	3.635775e-02	1.904560e-01	5.547661e-02	8.044887e-01	9.114943e-03
26876	6.170222e-01	1.708957e-01	3.764042e-02	4.705052e-02	2.464689e-01	7.569546e-02	2.000691e-01	6.559033e-01
1451	1.005760e-01	9.086537e-01	5.131843e-02	6.414803e-02	3.360323e-01	2.505725e-01	1.849331e-01	1.793557e-01
30218	1.680617e-01	4.804808e-01	3.505462e-02	4.381828e-02	2.295371e-01	1.239960e-01	2.088896e-01	4.302964e-01
27320	7.095634e-01	7.894531e-01	4.180061e-02	5.225076e-02	2.737097e-01	8.026801e-02	4.712568e-01	3.915751e-01
12735	6.599674e-02	1.830916e-01	2.899879e-02	3.624849e-02	1.898836e-01	7.149642e-02	6.235275e-01	7.769383e-01
12117	5.022721e-01	3.930027e-01	4.991739e-02	6.239674e-02	3.268583e-01	1.674285e-01	7.142006e-01	4.540470e-01
11657	4.639347e-01	3.753797e-01	2.789553e-02	3.486941e-02	1.826595e-01	1.599172e-01	2.236279e-01	4.696636e-01
14557	2.697808e-01	8.300563e-01	4.190008e-02	5.237511e-02	2.743611e-01	1.061661e-01	4.718350e-01	8.289118e-01
26874	6.339244e-01	5.136446e-01	3.854926e-02	4.818657e-02	2.524199e-01	1.294492e-01	2.596113e-01	1.191295e-01
18471	7.740644e-02	8.129246e-01	2.625843e-02	3.282304e-02	1.719398e-01	7.266134e-02	2.166623e-01	2.912123e-01
19780	9.405230e-01	5.484408e-01	5.326482e-02	6.658102e-02	3.487772e-01	3.086477e-01	4.855335e-01	1.269254e-02
21450	4.309302e-01	9.433260e-01	2.391771e-02	2.989714e-02	1.566128e-01	4.905774e-02	8.921208e-01	5.258123e-01
22449	7.202636e-01	6.700792e-01	2.071640e-02	2.589550e-02	1.356507e-01	3.582603e-02	6.841525e-01	5.830799e-01
3873	5.259440e-01	2.449066e-01	2.338200e-02	2.922750e-02	1.531050e-01	8.207092e-02	5.491012e-01	4.045446e-01
21138	3.875261e-01	8.410265e-01	3.542729e-02	4.428411e-02	2.319773e-01	1.385567e-01	8.667172e-01	4.114671e-01
24481	8.893507e-01	5.419943e-02	4.518424e-02	5.648030e-02	2.958657e-01	2.865263e-01	5.332788e-01	9.108542e-01
27301	7.582215e-01	8.621732e-01	4.239847e-02	5.299809e-02	2.776245e-01	1.948993e-01	8.331993e-01	5.012945e-01
19128	3.602180e-01	9.255427e-01	4.437120e-02	5.546400e-02	2.905419e-01	1.783752e-01	4.097219e-01	7.997118e-01
32560	6.165128e-01	5.725186e-01	2.103581e-02	2.629476e-02	1.377422e-01	1.184173e-01	8.651374e-01	4.320492e-01
14275	9.465749e-01	3.661590e-01	3.997394e-02	4.996742e-02	2.617487e-01	1.933849e-01	3.892504e-01	6.485503e-02
3914	4.529301e-01	3.381789e-01	2.157136e-02	2.696420e-02	1.412490e-01	1.371747e-01	2.880163e-01	9.477480e-03
7177	7.933865e-01	4.657825e-01	6.031798e-02	7.539748e-02	3.949612e-01	3.128254e-01	2.201407e-01	9.648709e-01
15064	4.565152e-01	8.774489e-01	4.494188e-02	5.617735e-02	2.942787e-01	2.049734e-01	7.488308e-02	2.256809e-01
16430	4.517352e-01	4.729312e-01	3.308920e-02	4.136150e-02	2.166676e-01	2.092263e-01	6.635380e-01	8.472481e-01
4976	4.529436e-01	5.674115e-02	3.033515e-02	3.791894e-02	1.986341e-01	1.742213e-01	7.791075e-02	6.786805e-02
5024	7.072841e-01	5.979230e-01	3.511173e-02	4.388966e-02	2.299110e-01	1.832253e-01	7.473552e-01	4.339150e-01
17043	3.072022e-01	3.765372e-01	5.793144e-02	7.241430e-02	3.793342e-01	2.972835e-01	8.247607e-01	9.262578e-02
12800	2.756607e-01	6.117166e-01	2.270066e-02	2.837583e-02	1.486436e-01	9.732728e-02	4.126670e-01	2.488364e-01
7207	3.747752e-01	1.568647e-01	4.922394e-02	6.152993e-02	3.223176e-01	3.168921e-01	4.027471e-01	4.967937e-02
25600	2.321148e-01	7.173883e-01	2.255215e-02	2.819019e-02	1.476711e-01	1.449535e-01	9.205925e-01	9.575808e-01
22800	9.113896e-02	1.126453e-01	2.720051e-02	3.400064e-02	1.781085e-01	8.060922e-02	9.766633e-01	5.214863e-01
29558	3.479279e-01	8.151605e-01	2.993392e-02	3.741740e-02	1.960068e-01	1.465604e-01	1.971399e-01	5.965259e-01
