25863	5.685777e-01	7.511865e-01	6.025486e-02	7.531858e-02	3.945479e-01	3.709909e-01	8.684497e-01	5.407388e-01
27231	7.757427e-01	8.988593e-01	2.874766e-02	3.593458e-02	1.882393e-01	1.731376e-01	1.077182e-01	5.249620e-01
3940	7.004173e-01	3.377860e-01	3.719299e-02	4.649124e-02	2.435391e-01	1.714898e-01	5.651259e-01	3.741734e-01
8158	6.020892e-01	6.393121e-01	2.781074e-02	3.476343e-02	1.821043e-01	1.820443e-01	4.698656e-01	3.931649e-01
7069	2.468927e-01	5.078363e-01	2.231200e-02	2.788999e-02	1.460986e-01	8.507526e-02	6.362270e-01	4.341725e-01
24200	2.951658e-01	3.134395e-01	2.149600e-02	2.687000e-02	1.407555e-01	4.133627e-02	5.408724e-01	9.171640e-01
17228	5.580060e-01	8.616034e-01	3.496948e-02	4.371185e-02	2.289796e-01	9.960550e-02	8.064807e-01	2.875876e-01
16656	4.520011e-01	5.008152e-01	4.313001e-02	5.391251e-02	2.824146e-01	1.933310e-01	1.031795e-01	7.687668e-01
12645	6.571415e-01	1.248917e-01	2.620823e-02	3.276029e-02	1.716111e-01	9.808502e-02	8.456010e-01	5.508275e-01
4315	2.514364e-01	2.163409e-01	7.078666e-02	8.848333e-02	4.635100e-01	3.938279e-01	3.133613e-01	4.164799e-01
30728	1.106696e-01	1.089289e-01	4.439548e-02	5.549434e-02	2.907009e-01	1.439136e-01	2.239516e-01	5.564261e-01
30180	7.174269e-01	8.765758e-01	2.514895e-02	3.143619e-02	1.646749e-01	1.644546e-01	3.905033e-01	7.769692e-02
6249	8.437189e-01	3.473952e-01	5.589675e-02	6.987094e-02	3.660111e-01	3.065070e-01	2.948215e-01	5.038044e-01
619	5.409724e-01	1.823048e-01	7.125272e-02	8.906590e-02	4.665617e-01	3.803249e-01	5.791994e-01	4.577207e-01
6235	1.786650e-01	2.789361e-01	3.288526e-02	4.110658e-02	2.153322e-01	1.577797e-01	2.288946e-01	5.044109e-01
9633	3.383524e-01	2.888052e-01	2.113083e-02	2.641354e-02	1.383643e-01	1.035265e-01	6.099968e-01	6.025467e-01
4778	3.931340e-01	1.421369e-01	2.180507e-02	2.725633e-02	1.427792e-01	1.415001e-01	5.346921e-01	2.369160e-01
1831	9.388151e-01	8.749971e-01	2.365089e-02	2.956361e-02	1.548657e-01	5.676863e-02	9.933834e-01	3.778675e-01
1724	6.874014e-01	8.276915e-01	3.942306e-02	4.927883e-02	2.581416e-01	2.579207e-01	7.776108e-01	8.751403e-01
6720	7.621975e-01	8.441102e-01	5.148231e-02	6.435289e-02	3.371054e-01	9.751413e-02	8.559083e-01	9.642901e-02
9922	9.320403e-01	4.853136e-01	2.551205e-02	3.189006e-02	1.670525e-01	1.265397e-01	3.751774e-01	5.384578e-01
16554	5.482076e-01	5.910517e-01	3.576341e-02	4.470426e-02	2.341783e-01	1.315373e-01	4.851109e-01	6.070260e-02
30186	3.257542e-01	3.342412e-01	2.900661e-02	3.625826e-02	1.899348e-01	1.134597e-01	1.913530e-01	5.682863e-02
7409	3.851942e-01	8.489506e-01	2.768218e-02	3.460272e-02	1.812625e-01	1.023515e-01	1.798087e-01	4.041542e-03
206	9.348003e-01	8.467309e-02	3.998030e-02	4.997537e-02	2.617904e-01	2.059534e-01	7.370772e-01	3.194537e-01
56	6.195870e-01	5.022312e-01	2.870653e-02	3.588316e-02	1.879699e-01	5.544414e-02	8.589770e-01	8.724615e-01
23027	8.935084e-01	6.845224e-01	3.312507e-02	4.140633e-02	2.169024e-01	8.563793e-02	7.807695e-01	1.420515e-01
18960	7.826350e-01	4.622746e-01	2.189489e-02	2.736861e-02	1.433674e-01	9.442830e-02	7.298701e-01	7.488476e-01
11395	5.316177e-01	4.899132e-01	2.942888e-02	3.678610e-02	1.926998e-01	1.042069e-01	4.368911e-01	4.708237e-02
2133	6.517317e-01	5.816035e-01	3.472375e-02	4.340469e-02	2.273706e-01	1.204165e-01	6.914381e-01	2.535116e-02
7917	9.331368e-01	1.670156e-01	4.498185e-02	5.622732e-02	2.945405e-01	1.502742e-01	5.680221e-01	7.392370e-01
13110	4.347369e-01	1.466868e-01	2.300314e-02	2.875392e-02	1.506242e-01	1.233051e-01	8.706100e-01	4.095822e-01
29873	3.376948e-01	6.101726e-01	5.993900e-02	7.492375e-02	3.924796e-01	3.883146e-01	3.668449e-01	1.203736e-01
27471	1.130931e-01	5.141523e-01	4.730287e-02	5.912858e-02	3.097384e-01	3.044634e-01	9.731624e-01	4.952077e-01
7378	5.057065e-01	7.841070e-01	2.812040e-02	3.515050e-02	1.841319e-01	1.699273e-01	7.182145e-01	6.572685e-01
5730	8.372107e-01	7.559584e-01	2.878397e-02	3.597996e-02	1.884770e-01	1.416593e-01	5.470005e-01	6.033892e-02
12558	8.338732e-01	4.112943e-01	2.905736e-02	3.632170e-02	1.902672e-01	1.604283e-01	5.672976e-01	7.813811e-01
1658	5.750761e-01	5.737528e-02	2.743810e-02	3.429762e-02	1.796642e-01	1.373108e-01	3.147119e-01	1.949034e-01
6930	1.053642e-01	7.542922e-01	3.160188e-02	3.950236e-02	2.069286e-01	2.067147e-01	6.588327e-01	7.378849e-01
20103	8.779197e-01	4.946436e-01	2.129600e-02	2.662001e-02	1.394459e-01	1.382687e-01	5.923061e-02	2.684913e-01
24137	1.026832e-01	5.959355e-01	3.846679e-02	4.808349e-02	2.518799e-01	2.405500e-01	8.182172e-02	4.319945e-01
24237	5.321476e-02	3.295804e-01	2.534022e-02	3.167527e-02	1.659274e-01	1.346338e-01	9.369830e-01	1.446015e-01
15122	9.715454e-02	3.631035e-02	2.518771e-02	3.148464e-02	1.649287e-01	1.648558e-01	6.713179e-01	1.702476e-01
14251	4.315452e-01	6.649633e-01	4.888183e-02	6.110229e-02	3.200775e-01	2.546683e-01	5.448426e-01	1.244702e-01
27321	7.050752e-01	1.047586e-01	4.814502e-02	6.018128e-02	3.152528e-01	3.143733e-01	6.508286e-01	3.387591e-01
1895	6.802022e-02	1.583384e-01	2.653230e-02	3.316538e-02	1.737331e-01	1.737299e-01	4.857721e-01	6.623864e-01
3513	3.511133e-01	7.037874e-01	7.728084e-02	9.660105e-02	5.060337e-01	3.507599e-01	3.725247e-01	9.849644e-01
8797	1.225044e-01	4.061498e-01	4.547456e-02	5.684320e-02	2.977667e-01	1.994336e-01	8.197622e-01	3.313936e-01
10297	3.893577e-01	2.621352e-01	5.872546e-02	7.340682e-02	3.845334e-01	3.327538e-01	2.676539e-01	4.861804e-01
26306	8.140625e-01	2.543723e-01	3.105057e-02	3.881321e-02	2.033186e-01	1.502559e-01	2.378483e-01	8.085849e-01
15060	4.266021e-01	6.033481e-01	2.728577e-02	3.410722e-02	1.786668e-01	1.496266e-01	1.597424e-01	3.623260e-01
20362	8.153101e-01	8.642495e-01	3.893719e-02	4.867148e-02	2.549601e-01	1.383779e-01	5.304340e-01	6.670019e-01
21172	4.275626e-01	8.113350e-01	3.558906e-02	4.448632e-02	2.330366e-01	1.849930e-01	6.567249e-01	1.063872e-01
1449	5.024589e-01	2.637460e-01	2.407562e-02	3.009453e-02	1.576468e-01	5.226635e-02	2.050185e-01	7.677316e-01
26524	9.094922e-01	6.055508e-01	6.609675e-02	8.262094e-02	4.328005e-01	2.312022e-01	9.715677e-01	3.423590e-01
19259	5.114865e-01	4.190660e-01	4.380016e-02	5.475020e-02	2.868028e-01	2.847830e-01	5.205530e-01	3.385264e-01
9318	2.508212e-01	9.614509e-02	5.203538e-02	6.504423e-02	3.407269e-01	3.322827e-01	1.501170e-01	4.370316e-01
24563	8.139768e-01	1.139593e-01	3.523781e-02	4.404727e-02	2.307367e-01	2.175641e-01	6.627439e-02	9.346779e-02
5957	7.331730e-01	6.784096e-01	3.190309e-02	3.987887e-02	2.089010e-01	1.965833e-01	1.854441e-01	4.201522e-02
4086	4.147518e-01	9.110980e-01	2.175887e-02	2.719859e-02	1.424768e-01	3.812209e-02	3.830749e-01	3.395329e-01
7841	8.197064e-01	9.553171e-01	3.051370e-02	3.814212e-02	1.998032e-01	1.675838e-01	6.343194e-01	7.804581e-01
23154	2.476437e-01	3.589835e-01	2.391011e-02	2.988763e-02	1.565630e-01	1.550466e-01	8.364279e-02	5.999487e-01
1181	3.412849e-01	4.904612e-01	3.714730e-02	4.643412e-02	2.432399e-01	1.380837e-01	6.404403e-03	4.326494e-01
18245	7.710866e-01	5.429659e-01	3.385952e-02	4.232440e-02	2.217116e-01	1.421975e-01	9.382294e-01	8.356981e-01
17450	7.293087e-01	5.921699e-01	2.195982e-02	2.744977e-02	1.437926e-01	1.191604e-01	8.661214e-01	9.622704e-01
2975	8.000006e-01	4.289800e-01	2.460425e-02	3.075531e-02	1.611082e-01	6.312369e-02	9.571364e-01	7.983808e-01
