13676	1.647789e-01	5.276635e-01	5.534313e-02	6.917891e-02	3.623859e-01	9.491499e-02	6.785669e-01	8.642847e-01
21468	3.610342e-01	2.855704e-01	4.340627e-02	5.425784e-02	2.842236e-01	2.834686e-01	9.344760e-01	5.728356e-02
12581	3.334335e-01	1.517854e-01	7.659188e-02	9.573985e-02	5.015224e-01	4.206641e-01	9.592291e-01	8.532379e-01
16568	7.172108e-01	1.670631e-01	3.183442e-02	3.979302e-02	2.084513e-01	1.075835e-01	9.380576e-01	2.391806e-01
25387	4.814604e-01	1.744000e-01	2.781284e-02	3.476605e-02	1.821181e-01	1.068884e-01	6.646429e-02	2.072255e-01
1695	8.294888e-02	7.491842e-01	2.907449e-02	3.634311e-02	1.903793e-01	9.980338e-02	5.638727e-01	5.577040e-01
29621	8.762582e-01	8.142573e-01	3.045557e-02	3.806946e-02	1.994226e-01	1.864585e-01	6.988908e-01	7.638554e-01
11670	3.594484e-01	5.143618e-01	2.068010e-02	2.585013e-02	1.354130e-01	8.356184e-02	1.073954e-01	3.904895e-02
5815	8.560840e-01	2.696610e-01	5.505492e-02	6.881865e-02	3.604987e-01	3.556861e-01	6.565661e-01	3.524573e-01
14811	7.409340e-02	4.623313e-01	3.306704e-02	4.133380e-02	2.165225e-01	1.444039e-01	3.623178e-01	3.301405e-01
734	4.883780e-01	4.335143e-01	2.283392e-02	2.854241e-02	1.495162e-01	1.319804e-01	9.988345e-01	4.357997e-01
28463	2.509576e-01	4.872469e-01	3.723329e-02	4.654162e-02	2.438030e-01	2.096867e-01	3.927886e-01	2.685436e-01
16260	7.742857e-01	5.641634e-01	4.443628e-02	5.554535e-02	2.909681e-01	2.909534e-01	7.149147e-01	4.744667e-01
26601	8.261366e-01	6.997122e-01	4.189862e-02	5.237328e-02	2.743515e-01	2.743288e-01	1.301219e-01	5.378882e-01
27234	9.062281e-02	9.514758e-01	2.309332e-02	2.886665e-02	1.512147e-01	6.743012e-02	6.518063e-01	5.064099e-01
29717	8.551748e-02	5.548910e-01	2.153458e-02	2.691822e-02	1.410081e-01	5.532091e-02	5.349969e-01	5.527833e-01
5658	6.389299e-01	4.024486e-01	6.735954e-02	8.419943e-02	4.410692e-01	3.491637e-01	2.833168e-01	2.185771e-01
11502	6.821462e-01	5.109217e-01	4.761461e-02	5.951826e-02	3.117797e-01	2.847971e-01	7.829420e-01	2.502802e-01
20253	5.344979e-01	8.147988e-01	3.980682e-02	4.975852e-02	2.606544e-01	1.534011e-01	3.932910e-01	4.178038e-01
9686	6.961932e-01	8.988826e-01	3.890860e-02	4.863575e-02	2.547729e-01	2.450027e-01	1.270330e-01	9.917226e-01
24364	3.290193e-01	8.151831e-01	4.446318e-02	5.557898e-02	2.911442e-01	2.445622e-01	9.976563e-02	1.455134e-01
7339	9.008558e-01	8.734560e-01	3.703120e-02	4.628900e-02	2.424797e-01	8.930288e-02	8.868310e-01	7.057317e-01
14273	8.823856e-01	9.189316e-01	2.254031e-02	2.817538e-02	1.475936e-01	8.697705e-02	6.394293e-01	4.212595e-01
28032	6.850533e-01	9.715207e-01	2.253830e-02	2.817287e-02	1.475804e-01	5.722321e-02	8.478623e-01	6.148123e-01
3823	6.741769e-01	1.580822e-01	2.507871e-02	3.134839e-02	1.642150e-01	1.304657e-01	9.747427e-03	3.721029e-01
20504	4.014135e-01	5.480994e-01	4.139001e-02	5.173752e-02	2.710212e-01	1.513713e-01	6.503583e-01	2.369487e-01
3462	1.347725e-01	5.695792e-01	2.962931e-02	3.703663e-02	1.940122e-01	1.883229e-01	7.237930e-01	2.422880e-01
15428	8.872431e-01	7.256754e-01	2.139507e-02	2.674383e-02	1.400946e-01	9.287801e-02	8.778874e-01	5.827433e-01
1843	7.383311e-01	9.023292e-02	3.683387e-02	4.604234e-02	2.411876e-01	2.286739e-01	7.690205e-01	7.116921e-01
26134	3.997040e-01	1.662175e-01	3.510747e-02	4.388433e-02	2.298832e-01	1.955879e-01	7.031973e-01	9.533643e-01
1027	6.039766e-01	9.049132e-01	2.296253e-02	2.870316e-02	1.503583e-01	1.000621e-01	7.869648e-01	9.864786e-01
5995	9.311206e-01	4.641576e-01	3.721410e-02	4.651763e-02	2.436774e-01	1.720040e-01	4.630636e-01	6.894690e-01
10393	9.370333e-01	2.962315e-01	2.340497e-02	2.925621e-02	1.532553e-01	6.413765e-02	2.731481e-01	9.149203e-01
12113	7.495818e-01	6.271662e-01	4.831151e-02	6.038939e-02	3.163430e-01	3.118381e-01	7.795549e-01	1.763523e-01
952	2.740810e-01	3.411239e-01	2.837250e-02	3.546562e-02	1.857827e-01	1.730133e-01	9.119273e-01	9.921892e-01
25511	1.794402e-01	7.617492e-01	2.530019e-02	3.162524e-02	1.656653e-01	1.077434e-01	1.391208e-01	6.193240e-01
16732	3.440515e-01	6.465140e-01	5.736905e-02	7.171131e-02	3.756516e-01	2.963565e-01	5.001888e-01	1.058749e-01
11030	6.222386e-01	9.968402e-02	2.690063e-02	3.362579e-02	1.761449e-01	1.611290e-01	6.614560e-01	8.406405e-01
14607	8.680489e-01	6.085123e-01	3.396857e-02	4.246072e-02	2.224257e-01	2.213466e-01	9.962937e-01	4.725506e-01
21075	2.968978e-01	2.484549e-01	6.207623e-02	7.759529e-02	4.064742e-01	3.254697e-01	6.359580e-01	1.881423e-01
21424	3.305860e-01	3.785834e-01	2.089149e-02	2.611436e-02	1.367971e-01	1.025315e-01	5.699009e-01	4.620042e-01
20960	4.914325e-01	6.567538e-01	3.433012e-02	4.291265e-02	2.247931e-01	2.043454e-01	6.372916e-01	5.360817e-01
2914	9.432844e-01	4.661318e-02	2.949201e-02	3.686502e-02	1.931132e-01	1.798313e-01	1.794380e-01	3.157097e-01
22603	8.198674e-02	1.264433e-01	3.801249e-02	4.751561e-02	2.489052e-01	9.024402e-02	6.690900e-01	6.655206e-01
12734	2.168792e-01	4.315464e-01	2.895108e-02	3.618886e-02	1.895713e-01	1.798053e-01	9.747701e-01	8.046600e-01
2857	6.923473e-01	3.004287e-01	2.969616e-02	3.712020e-02	1.944500e-01	1.512515e-01	9.910748e-01	3.386090e-01
5801	6.564769e-01	2.952234e-01	2.332289e-02	2.915361e-02	1.527179e-01	1.274545e-01	2.618604e-01	3.145210e-01
9656	1.740909e-01	7.621348e-02	2.142781e-02	2.678477e-02	1.403090e-01	1.265160e-01	8.762726e-01	8.340900e-01
7467	7.290276e-01	7.749799e-01	3.792765e-02	4.740956e-02	2.483496e-01	2.129162e-01	3.698027e-01	1.407654e-01
9628	8.487513e-01	4.405051e-01	2.062068e-02	2.577585e-02	1.350239e-01	3.678155e-02	6.389932e-01	5.641838e-02
6572	6.955643e-01	7.675458e-01	2.672932e-02	3.341165e-02	1.750232e-01	6.103712e-02	2.436889e-01	3.102222e-01
4282	4.861194e-01	8.362805e-01	3.522532e-02	4.403165e-02	2.306549e-01	2.255114e-01	3.929246e-01	7.436101e-01
9560	5.304007e-01	2.590399e-01	4.667187e-02	5.833984e-02	3.056067e-01	2.899148e-01	3.406442e-01	9.532635e-01
18630	2.786913e-01	4.427617e-01	2.459373e-02	3.074217e-02	1.610394e-01	1.605859e-01	8.569968e-01	6.517748e-02
4770	2.912373e-01	4.069682e-01	4.088230e-02	5.110288e-02	2.676967e-01	1.564378e-01	9.960049e-01	5.664729e-01
18195	1.880286e-01	7.004595e-01	2.196142e-02	2.745177e-02	1.438030e-01	1.413101e-01	3.085660e-02	5.006326e-01
12113	3.864617e-01	1.139075e-01	2.142565e-02	2.678206e-02	1.402948e-01	1.041316e-01	6.429847e-01	2.912383e-01
24915	9.014538e-01	1.040709e-01	2.403424e-02	3.004281e-02	1.573759e-01	1.223998e-01	1.177254e-01	4.925745e-02
30554	6.515878e-01	7.039691e-01	5.508164e-02	6.885205e-02	3.606737e-01	2.486455e-01	3.801352e-01	9.380275e-01
27004	4.313229e-01	3.269071e-01	2.550376e-02	3.187970e-02	1.669982e-01	1.206705e-01	4.565459e-01	2.252685e-01
2096	5.744528e-01	2.023666e-01	3.671496e-02	4.589370e-02	2.404090e-01	2.403825e-01	5.137690e-01	2.918672e-01
1932	3.588998e-01	4.427339e-01	5.163121e-02	6.453901e-02	3.380804e-01	1.624424e-01	9.074001e-01	9.186331e-01
237	5.612970e-01	5.471455e-01	3.740964e-02	4.676205e-02	2.449577e-01	2.162844e-01	9.725201e-01	6.672327e-01
3734	5.901105e-01	4.999953e-01	3.224322e-02	4.030403e-02	2.111281e-01	1.896945e-01	8.593883e-01	9.131600e-01
405	1.430552e-01	7.360517e-01	2.095775e-02	2.619718e-02	1.372310e-01	9.467283e-02	7.027628e-02	8.638854e-01
29806	8.528392e-02	9.006669e-01	3.993084e-02	4.991354e-02	2.614665e-01	2.207355e-01	1.197362e-01	2.119077e-01
12376	8.890746e-01	1.641278e-01	2.081431e-02	2.601788e-02	1.362917e-01	9.438787e-02	3.324871e-01	7.578332e-01
12381	6.075633e-01	7.726074e-01	3.662273e-02	4.577842e-02	2.398051e-01	2.278518e-01	1.438497e-01	2.401497e-01
19779	6.633773e-01	2.401410e-01	4.213531e-02	5.266914e-02	2.759013e-01	2.721867e-01	3.630585e-02	8.419028e-01
11188	5.053581e-01	1.428414e-01	2.761021e-02	3.451276e-02	1.807912e-01	1.692953e-01	3.431421e-01	2.522343e-01
23351	3.594099e-01	9.238500e-01	2.954102e-02	3.692627e-02	1.934341e-01	1.781631e-01	4.517528e-01	5.701272e-02
29384	4.669366e-01	2.547000e-01	2.254784e-02	2.818480e-02	1.476429e-01	1.331449e-01	4.482496e-01	2.913334e-01
15055	4.256100e-01	8.650107e-01	6.748356e-02	8.435445e-02	4.418813e-01	4.299100e-01	2.869180e-01	3.812052e-01
10835	8.426918e-01	8.682074e-01	2.984497e-02	3.730622e-02	1.954244e-01	1.848509e-01	1.835687e-01	5.592289e-01
25873	1.138425e-01	2.637950e-01	2.699952e-02	3.374940e-02	1.767924e-01	9.224579e-02	4.668347e-01	2.341496e-01
1106	4.166127e-01	2.278570e-01	3.036427e-02	3.795533e-02	1.988247e-01	1.882727e-01	6.410546e-01	9.183845e-01
25249	1.211634e-01	4.255482e-01	2.762865e-02	3.453581e-02	1.809120e-01	5.969598e-02	1.695662e-01	6.547545e-01
18313	2.214320e-01	9.019783e-01	3.182217e-02	3.977772e-02	2.083711e-01	2.027464e-01	6.378128e-01	5.402164e-01
