5417	6.001955e-01	2.548530e-01	7.132940e-02	8.916176e-02	4.670638e-01	2.070472e-01	9.287919e-01	8.091536e-01
16378	1.196390e-01	7.179181e-01	2.444121e-02	3.055151e-02	1.600407e-01	1.559010e-01	8.611286e-01	3.689496e-02
8238	3.336841e-01	9.217283e-01	2.843065e-02	3.553831e-02	1.861635e-01	1.362006e-01	8.140820e-01	7.524287e-01
15479	8.653408e-01	2.197691e-01	6.333383e-02	7.916728e-02	4.147089e-01	2.571633e-01	7.404265e-01	6.830102e-01
9551	2.475284e-01	7.491093e-01	3.264120e-02	4.080150e-02	2.137340e-01	5.671723e-02	9.562338e-01	7.008316e-01
20978	7.290783e-01	2.698559e-01	3.395057e-02	4.243821e-02	2.223078e-01	1.949766e-01	6.257709e-02	4.314224e-01
24961	8.604524e-01	6.208801e-01	5.341081e-02	6.676352e-02	3.497332e-01	2.489096e-01	4.549476e-01	8.139694e-01
27803	5.535502e-01	7.088061e-01	4.998594e-02	6.248242e-02	3.273071e-01	2.907962e-01	3.666757e-01	9.311258e-01
16865	9.031944e-01	7.947270e-02	4.039054e-02	5.048817e-02	2.644766e-01	1.697735e-01	2.295946e-01	3.017259e-01
16327	6.831468e-02	3.120649e-01	5.098323e-02	6.372904e-02	3.338374e-01	3.062420e-01	7.929104e-02	2.822839e-01
27259	5.466567e-01	8.540587e-01	3.436514e-02	4.295642e-02	2.250224e-01	1.977541e-01	5.889209e-01	2.794692e-01
20138	9.048931e-01	3.584320e-01	4.907185e-02	6.133981e-02	3.213217e-01	1.792547e-01	8.603043e-01	5.258172e-01
19608	3.171903e-01	5.528666e-01	7.342996e-02	9.178745e-02	4.808182e-01	3.445950e-01	2.184811e-01	4.774830e-01
27666	8.960499e-01	3.072791e-01	2.588310e-02	3.235388e-02	1.694822e-01	6.389161e-02	5.326898e-01	6.868928e-01
29968	9.432900e-01	6.463995e-01	2.095485e-02	2.619356e-02	1.372120e-01	1.327773e-01	9.106857e-01	7.030878e-01
19261	6.315063e-01	6.839288e-01	4.539943e-02	5.674929e-02	2.972748e-01	1.234847e-01	8.729643e-01	1.778106e-01
32373	1.726292e-01	1.372916e-01	4.821658e-02	6.027072e-02	3.157214e-01	2.923728e-01	5.598507e-01	2.145974e-01
15370	7.732083e-01	9.448086e-01	3.652133e-02	4.565167e-02	2.391411e-01	2.130700e-01	2.441972e-01	7.667245e-01
29525	1.205525e-01	7.936941e-01	2.734615e-02	3.418268e-02	1.790621e-01	4.811195e-02	3.693364e-01	1.062057e-02
27372	5.215647e-01	1.392174e-01	2.246239e-02	2.807799e-02	1.470834e-01	1.233475e-01	6.499054e-01	4.132973e-01
19492	2.274988e-01	4.776038e-01	4.037612e-02	5.047014e-02	2.643822e-01	1.500229e-01	3.432297e-01	1.101715e-01
28628	2.367841e-01	3.648964e-01	2.195735e-02	2.744669e-02	1.437764e-01	1.343234e-01	7.863783e-01	7.960971e-01
4686	6.093305e-01	1.393433e-01	4.620155e-02	5.775193e-02	3.025270e-01	2.489585e-01	3.135500e-01	3.994247e-01
21350	9.491707e-01	2.503339e-01	2.803901e-02	3.504877e-02	1.835990e-01	1.827542e-01	3.061279e-01	3.395480e-01
31907	2.888517e-01	6.716117e-01	2.726925e-02	3.408657e-02	1.785587e-01	8.621938e-02	9.337696e-01	3.657325e-01
4579	7.444058e-01	4.544698e-01	2.527755e-02	3.159694e-02	1.655170e-01	8.700132e-02	1.873616e-01	3.623097e-01
15205	6.883507e-01	6.764179e-02	2.080491e-02	2.600614e-02	1.362302e-01	1.034795e-01	4.396469e-01	1.346153e-01
17652	4.709663e-01	3.414397e-01	6.929963e-02	8.662454e-02	4.537729e-01	3.430265e-01	6.514955e-01	3.303096e-03
22993	6.860103e-01	5.658973e-01	3.882038e-02	4.852547e-02	2.541952e-01	2.538758e-01	4.905853e-01	8.615585e-01
5801	6.918171e-01	8.988361e-01	5.117439e-02	6.396799e-02	3.350891e-01	1.333222e-01	1.603653e-01	5.547781e-01
5774	7.642166e-02	5.906891e-01	2.678191e-02	3.347738e-02	1.753675e-01	1.559962e-01	9.072072e-01	1.965530e-01
25401	9.354737e-01	9.375111e-01	2.087278e-02	2.609097e-02	1.366746e-01	6.464722e-02	2.147574e-01	4.079264e-01
24072	8.728830e-01	6.720232e-01	3.029011e-02	3.786264e-02	1.983392e-01	9.977323e-02	9.686252e-01	3.610835e-01
23932	6.017485e-01	5.073979e-01	3.547765e-02	4.434707e-02	2.323071e-01	9.425819e-02	6.681199e-01	4.150702e-01
14388	2.282248e-01	7.100877e-01	2.235291e-02	2.794113e-02	1.463665e-01	1.462446e-01	4.910177e-01	2.441868e-01
8070	7.231606e-01	4.091481e-01	5.022688e-02	6.278360e-02	3.288848e-01	1.633183e-01	1.612430e-01	7.400127e-01
6183	3.723550e-01	2.544687e-01	3.022464e-02	3.778080e-02	1.979105e-01	1.975200e-01	6.172993e-01	8.926309e-01
26048	1.160160e-01	6.676189e-01	3.964051e-02	4.955064e-02	2.595655e-01	1.720693e-01	3.592608e-01	5.649030e-01
14065	1.575963e-01	5.778116e-01	6.600028e-02	8.250035e-02	4.321688e-01	2.143540e-01	3.905444e-01	4.278725e-01
9350	6.256731e-01	5.721676e-01	6.953096e-02	8.691370e-02	4.552877e-01	3.933454e-01	8.874582e-01	4.097339e-01
8779	3.970849e-01	8.663663e-01	6.485247e-02	8.106559e-02	4.246530e-01	3.393081e-01	1.162708e-01	2.248694e-01
6033	6.031610e-02	6.935685e-01	3.518868e-02	4.398586e-02	2.304150e-01	1.506067e-01	3.969637e-01	9.555055e-01
29007	7.175520e-01	7.251340e-01	6.990882e-02	8.738603e-02	4.577619e-01	4.523364e-01	9.851990e-01	3.901448e-02
22544	7.604168e-01	5.223527e-01	3.655221e-02	4.569027e-02	2.393433e-01	2.083499e-01	9.251247e-01	4.182774e-01
31458	1.864569e-01	4.691720e-01	2.881845e-02	3.602307e-02	1.887028e-01	1.791579e-01	5.112366e-01	9.935806e-01
10932	4.596862e-01	8.098656e-01	2.722407e-02	3.403008e-02	1.782628e-01	1.318035e-01	5.345265e-01	8.964020e-01
12048	4.801812e-01	5.920657e-01	3.018581e-02	3.773226e-02	1.976562e-01	1.953471e-01	9.642576e-01	7.401797e-01
25029	1.882447e-01	3.687375e-01	2.495529e-02	3.119411e-02	1.634068e-01	9.560960e-02	2.223681e-01	5.329870e-01
22430	4.157199e-01	5.769412e-01	2.070216e-02	2.587770e-02	1.355574e-01	1.353595e-01	5.104219e-02	5.302485e-01
10496	9.487670e-01	3.848462e-01	3.403388e-02	4.254235e-02	2.228533e-01	6.851854e-02	2.526483e-01	2.834768e-01
25331	8.193308e-01	1.475261e-01	5.239287e-02	6.549108e-02	3.430677e-01	1.176597e-01	7.905091e-01	7.537877e-01
7476	7.548816e-01	3.536143e-01	2.254860e-02	2.818575e-02	1.476479e-01	6.874067e-02	5.061487e-01	9.824175e-01
8723	5.365324e-01	9.400246e-01	2.526110e-02	3.157637e-02	1.654093e-01	9.490417e-02	2.023696e-01	6.815884e-01
8988	8.039880e-01	6.112898e-01	4.180639e-02	5.225798e-02	2.737476e-01	2.031150e-01	8.381766e-01	2.187525e-01
25220	5.558066e-01	2.198073e-01	2.103322e-02	2.629152e-02	1.377252e-01	1.377131e-01	1.781895e-01	5.181931e-01
26326	9.195746e-01	1.245141e-01	2.565183e-02	3.206479e-02	1.679678e-01	1.675115e-01	6.680626e-02	7.226321e-01
25890	8.611477e-01	5.315127e-01	3.364847e-02	4.206058e-02	2.203296e-01	2.038631e-01	5.879256e-01	6.830021e-01
7234	3.107308e-01	7.537441e-01	4.845942e-02	6.057427e-02	3.173115e-01	2.908646e-01	4.818032e-01	4.512334e-01
19238	2.046405e-01	2.154259e-01	2.106711e-02	2.633389e-02	1.379471e-01	1.121229e-01	9.308677e-01	4.765450e-01
18547	5.946610e-01	3.497510e-01	7.449458e-02	9.311822e-02	4.877893e-01	2.429852e-01	2.319347e-03	9.471217e-01
12690	5.659536e-01	1.170245e-01	2.720085e-02	3.400106e-02	1.781108e-01	1.542040e-01	1.847886e-01	9.014444e-01
16523	3.356446e-01	6.519524e-01	2.929905e-02	3.662381e-02	1.918497e-01	1.833605e-01	4.168744e-01	3.775236e-01
17808	8.938048e-01	7.801141e-01	2.664186e-02	3.330232e-02	1.744505e-01	1.549030e-01	4.551985e-03	6.167724e-01
25352	1.424720e-01	8.587185e-01	4.838911e-02	6.048639e-02	3.168511e-01	2.923545e-01	3.884127e-01	7.068071e-01
8340	3.825075e-01	5.230763e-01	6.524964e-02	8.156205e-02	4.272536e-01	1.591138e-01	2.038111e-01	9.402767e-01
23452	4.239984e-01	7.081925e-01	2.097777e-02	2.622221e-02	1.373621e-01	1.352156e-01	6.025691e-01	9.664167e-01
4070	2.481027e-01	8.573897e-01	2.208067e-02	2.760083e-02	1.445839e-01	1.442434e-01	2.691261e-02	9.753676e-01
30127	3.271295e-01	2.803642e-01	4.340299e-02	5.425373e-02	2.842021e-01	9.579049e-02	3.264654e-01	7.268736e-01
26834	8.451264e-01	8.705228e-01	2.240146e-02	2.800182e-02	1.466844e-01	1.330920e-01	7.357131e-01	2.367335e-02
15873	3.933210e-01	1.457075e-01	2.911894e-02	3.639867e-02	1.906704e-01	1.493518e-01	9.657994e-01	2.138119e-03
11080	4.712451e-01	7.554429e-01	2.580283e-02	3.225354e-02	1.689566e-01	5.359557e-02	4.685016e-01	6.410857e-01
8992	4.276548e-01	9.298624e-01	2.252544e-02	2.815680e-02	1.474962e-01	1.442037e-01	3.377755e-01	7.772082e-01
8016	4.473117e-01	5.625824e-01	2.152130e-02	2.690163e-02	1.409211e-01	1.371833e-01	7.185388e-01	3.354517e-01
6311	4.332701e-01	4.673684e-01	5.106221e-02	6.382776e-02	3.343545e-01	2.084207e-01	9.075953e-01	9.685872e-02
21842	1.623970e-01	3.875857e-01	2.075287e-02	2.594108e-02	1.358894e-01	1.050839e-01	5.512893e-01	7.115087e-01
12047	5.086578e-01	8.102816e-02	5.233299e-02	6.541624e-02	3.426756e-01	1.358764e-01	4.611062e-01	9.708132e-01
1674	1.175485e-01	3.229741e-01	2.963261e-02	3.704076e-02	1.940339e-01	9.395753e-02	6.565124e-01	1.475600e-01
22175	4.540735e-01	2.152019e-01	2.085314e-02	2.606642e-02	1.365460e-01	6.908487e-02	9.397695e-01	5.283603e-01
