24854	3.687888e-01	4.197361e-01	2.378007e-02	2.972508e-02	1.557115e-01	1.547074e-01	2.643236e-01	8.105055e-01
25526	6.189846e-01	6.601554e-01	2.404790e-02	3.005987e-02	1.574653e-01	1.458647e-01	7.364100e-01	7.902673e-01
5077	8.645617e-01	7.843984e-01	2.850486e-02	3.563107e-02	1.866494e-01	1.708156e-01	9.614656e-01	7.928224e-02
28966	6.483685e-02	9.524648e-01	3.440992e-02	4.301240e-02	2.253156e-01	2.177614e-01	7.004947e-01	6.208701e-01
5051	7.292761e-01	6.695500e-01	5.495656e-02	6.869570e-02	3.598547e-01	2.240188e-01	8.660091e-01	5.935026e-01
27092	8.275995e-01	7.839112e-01	2.177401e-02	2.721752e-02	1.425759e-01	5.782852e-02	9.216963e-01	3.448619e-01
19270	7.823351e-01	9.090306e-01	3.000222e-02	3.750277e-02	1.964541e-01	1.214223e-01	8.208047e-01	5.261352e-01
466	7.448827e-01	8.326421e-01	2.778588e-02	3.473235e-02	1.819415e-01	1.666596e-01	3.676117e-01	5.018639e-01
13913	1.717414e-01	3.851770e-01	2.563760e-02	3.204700e-02	1.678746e-01	1.663068e-01	3.311889e-01	6.770186e-02
24824	5.501046e-01	7.305344e-01	2.135452e-02	2.669315e-02	1.398291e-01	1.004182e-01	7.808507e-02	8.173866e-01
31534	7.591500e-01	1.580910e-01	2.707102e-02	3.383877e-02	1.772606e-01	1.250678e-01	2.155311e-01	3.152194e-01
10213	1.621947e-01	2.949707e-01	3.264902e-02	4.081128e-02	2.137853e-01	2.044080e-01	8.922818e-01	8.183610e-01
5552	5.640926e-01	8.061907e-01	4.238059e-02	5.297573e-02	2.775074e-01	2.463760e-01	5.906779e-01	1.933863e-01
20400	7.535770e-01	6.529800e-02	2.390917e-02	2.988646e-02	1.565568e-01	6.389638e-02	8.165592e-01	1.117748e-01
19172	6.361243e-01	4.362058e-01	4.347420e-02	5.434274e-02	2.846684e-01	1.119897e-01	2.294687e-01	7.246857e-02
26135	4.659223e-01	3.223559e-01	3.462011e-02	4.327513e-02	2.266919e-01	1.848534e-01	5.494671e-01	2.497278e-01
20097	9.319548e-01	6.364987e-01	3.304994e-02	4.131243e-02	2.164105e-01	1.428827e-01	6.332381e-01	3.476709e-01
7476	2.758012e-01	3.858922e-01	6.654391e-02	8.317988e-02	4.357285e-01	3.134288e-01	8.459970e-01	9.765635e-01
6693	3.971198e-01	6.092476e-01	2.558307e-02	3.197884e-02	1.675176e-01	1.513467e-01	8.671689e-01	7.276687e-01
28725	6.641652e-01	8.672359e-01	2.677339e-02	3.346674e-02	1.753118e-01	1.334664e-01	3.381320e-01	7.579466e-01
19417	9.543989e-01	1.828019e-01	3.696026e-02	4.620032e-02	2.420152e-01	2.236386e-01	5.860792e-01	4.611463e-01
31955	5.679784e-01	3.469542e-01	2.974714e-02	3.718392e-02	1.947838e-01	1.751459e-01	7.833165e-01	8.844991e-01
24083	4.530537e-01	8.171642e-01	5.107984e-02	6.384979e-02	3.344700e-01	3.287336e-01	7.913445e-02	9.794371e-01
13578	1.492355e-01	1.751109e-01	7.721393e-02	9.651742e-02	5.055956e-01	1.878119e-01	3.596377e-02	7.681627e-01
17548	4.369104e-02	7.623148e-01	3.956160e-02	4.945199e-02	2.590487e-01	2.555343e-01	4.666089e-01	7.797072e-01
31498	1.371421e-01	5.109638e-01	3.415094e-02	4.268868e-02	2.236198e-01	2.231538e-01	8.508001e-01	3.831442e-01
2153	7.599321e-01	5.251595e-01	2.748836e-02	3.436045e-02	1.799933e-01	6.656132e-02	5.091383e-01	3.634020e-01
6507	2.494906e-01	7.028763e-01	5.843805e-02	7.304756e-02	3.826514e-01	3.825714e-01	4.871792e-02	2.425005e-01
1901	4.973220e-01	6.649837e-01	4.449697e-02	5.562121e-02	2.913655e-01	2.779617e-01	9.991159e-01	5.760139e-01
26676	6.204578e-01	7.877170e-02	6.302587e-02	7.878234e-02	4.126924e-01	2.706287e-01	2.549100e-01	4.768098e-01
21806	4.639140e-01	9.115172e-01	3.162387e-02	3.952984e-02	2.070726e-01	1.972759e-01	5.339631e-01	7.256212e-01
25615	1.191036e-01	7.066549e-01	2.652352e-02	3.315440e-02	1.736756e-01	5.572536e-02	9.987940e-01	9.495903e-01
11147	3.749326e-01	2.937899e-01	4.107541e-02	5.134426e-02	2.689611e-01	2.372902e-01	3.161236e-01	9.574270e-01
1484	3.991843e-01	8.833472e-01	6.112275e-02	7.640344e-02	4.002308e-01	2.585420e-01	3.793461e-01	7.222278e-01
4268	3.908999e-01	3.843893e-01	2.144911e-02	2.681139e-02	1.404485e-01	1.164550e-01	7.701878e-02	9.140828e-01
21060	1.824487e-01	8.052000e-01	6.220190e-02	7.775237e-02	4.072971e-01	4.047309e-01	5.232467e-01	1.669151e-01
20574	9.357855e-01	4.998927e-01	2.887189e-02	3.608986e-02	1.890527e-01	1.838026e-01	6.249082e-01	7.756061e-01
508	8.465120e-02	7.322536e-01	3.216363e-02	4.020454e-02	2.106070e-01	1.581376e-01	2.012153e-01	7.156659e-01
11483	9.011275e-01	1.219391e-01	6.626537e-02	8.283172e-02	4.339046e-01	1.544563e-01	4.930998e-01	8.574158e-01
28126	6.332598e-01	2.188636e-01	2.963378e-02	3.704222e-02	1.940415e-01	8.830617e-02	2.374591e-01	8.135411e-01
19104	4.646390e-01	6.212451e-01	3.671331e-02	4.589164e-02	2.403982e-01	1.969567e-01	8.050110e-01	3.896550e-01
13467	8.583243e-01	5.485520e-01	2.436701e-02	3.045877e-02	1.595548e-01	4.498647e-02	3.269759e-01	7.266770e-01
9714	2.065622e-01	3.340794e-01	3.844283e-02	4.805353e-02	2.517230e-01	7.975416e-02	5.041554e-01	6.980982e-01
4950	5.610407e-01	5.085387e-01	2.409506e-02	3.011883e-02	1.577741e-01	1.506460e-01	6.334637e-01	1.927981e-01
23351	6.888804e-01	7.128065e-01	5.248931e-02	6.561164e-02	3.436992e-01	1.771590e-01	4.779254e-01	7.874609e-01
30325	7.922973e-01	7.004413e-02	4.826823e-02	6.033528e-02	3.160596e-01	8.749578e-02	3.992517e-01	7.346052e-01
13990	3.234603e-01	8.534300e-01	2.973416e-02	3.716770e-02	1.946988e-01	8.890809e-02	2.895367e-01	5.872851e-01
13366	7.739050e-01	3.973893e-01	2.566392e-02	3.207991e-02	1.680470e-01	1.656026e-01	7.369423e-01	3.773234e-01
17575	9.327003e-01	8.862418e-01	2.112244e-02	2.640305e-02	1.383094e-01	3.657795e-02	5.331232e-01	5.849158e-01
27375	7.341920e-01	6.027396e-01	4.650365e-02	5.812956e-02	3.045052e-01	2.222925e-01	6.387182e-01	5.670929e-01
24600	9.437761e-01	6.425334e-02	3.804701e-02	4.755876e-02	2.491312e-01	2.390549e-01	3.445555e-01	5.996954e-01
28321	5.992891e-01	5.680753e-01	3.294480e-02	4.118100e-02	2.157220e-01	7.826822e-02	6.631846e-01	8.899791e-01
4166	1.150281e-01	4.766634e-01	2.721338e-02	3.401673e-02	1.781928e-01	1.049268e-01	7.210589e-01	6.531742e-01
9302	4.371184e-01	5.102142e-01	7.237016e-02	9.046269e-02	4.738787e-01	4.607984e-01	3.091579e-01	4.699482e-01
32219	4.994113e-01	9.209232e-01	2.678700e-02	3.348375e-02	1.754009e-01	1.694902e-01	9.620783e-01	3.050295e-01
10208	8.415889e-01	4.070231e-01	7.357492e-02	9.196865e-02	4.817674e-01	1.908143e-01	6.005166e-01	8.614045e-01
24991	7.236321e-01	3.041135e-01	2.141827e-02	2.677284e-02	1.402465e-01	9.734723e-02	7.576505e-01	9.975390e-01
1785	9.451422e-01	9.327809e-01	4.602540e-02	5.753175e-02	3.013736e-01	1.040338e-01	5.154337e-01	1.108023e-01
25569	6.677325e-01	2.880750e-01	7.159774e-02	8.949717e-02	4.688209e-01	3.974311e-01	8.361839e-01	6.896968e-01
13866	5.858873e-01	5.243989e-01	2.845354e-02	3.556693e-02	1.863133e-01	1.005047e-01	4.085763e-01	2.605815e-01
11032	5.052215e-01	1.914120e-01	5.962295e-02	7.452869e-02	3.904102e-01	2.541112e-01	6.289240e-01	5.943733e-01
3449	2.910101e-01	9.189931e-01	2.939891e-02	3.674863e-02	1.925036e-01	1.851308e-01	1.904297e-01	1.156676e-01
13378	4.926305e-01	2.593295e-01	2.167483e-02	2.709354e-02	1.419265e-01	7.518151e-02	6.794963e-01	9.473209e-01
4463	9.033004e-01	8.913214e-01	4.114729e-02	5.143411e-02	2.694318e-01	2.230822e-01	7.170291e-01	3.832048e-01
20852	1.378146e-01	4.888553e-02	4.386126e-02	5.482658e-02	2.872029e-01	2.846670e-01	8.050917e-01	6.867218e-01
3042	1.312641e-01	9.162398e-01	2.428707e-02	3.035884e-02	1.590314e-01	1.087837e-01	8.224446e-01	7.949877e-01
5563	8.199327e-01	7.008576e-01	5.223988e-02	6.529985e-02	3.420659e-01	3.370030e-01	3.654176e-02	9.645896e-01
11537	5.879614e-01	9.119290e-01	3.618730e-02	4.523412e-02	2.369539e-01	2.369053e-01	7.279669e-01	2.252266e-01
7878	3.159619e-02	5.314161e-01	2.929259e-02	3.661573e-02	1.918074e-01	1.049444e-01	1.105123e-01	4.202185e-01
17993	5.081726e-01	8.243320e-01	2.697923e-02	3.372403e-02	1.766596e-01	9.832317e-02	2.320716e-01	9.742124e-01
13416	2.479194e-01	9.531062e-01	2.746244e-02	3.432805e-02	1.798236e-01	1.065142e-01	5.291777e-01	7.247835e-01
21772	2.264763e-01	8.797439e-01	3.742692e-02	4.678365e-02	2.450709e-01	2.260502e-01	6.468698e-01	7.763847e-01
20318	6.830379e-01	5.265027e-01	4.390324e-02	5.487905e-02	2.874777e-01	2.820689e-01	3.275716e-01	6.739016e-01
