4369	5.918375e-02	6.404129e-01	3.443013e-02	4.303766e-02	2.254479e-01	1.968314e-01	2.875266e-01	4.590524e-01
17413	2.621410e-01	1.574912e-01	3.221431e-02	4.026789e-02	2.109388e-01	2.011710e-01	6.906343e-01	6.723559e-01
21360	8.640381e-01	7.437033e-02	2.061657e-02	2.577071e-02	1.349970e-01	6.426592e-02	2.997241e-01	2.776811e-01
6981	1.142119e-01	2.473635e-01	3.980998e-02	4.976247e-02	2.606751e-01	1.612404e-01	1.342657e-01	9.523306e-01
28719	7.544147e-01	8.312130e-01	2.860968e-02	3.576210e-02	1.873357e-01	6.666181e-02	1.024513e-01	2.437071e-01
19000	2.214722e-01	4.022189e-01	6.262942e-02	7.828677e-02	4.100965e-01	4.100487e-01	6.363826e-01	8.548873e-01
12570	5.832994e-01	1.299805e-01	2.346379e-02	2.932974e-02	1.536405e-01	1.305374e-01	6.252294e-01	5.806563e-01
17538	5.444869e-01	6.497383e-01	7.351037e-02	9.188796e-02	4.813447e-01	4.670778e-01	3.294308e-01	4.353514e-01
19351	3.957734e-01	2.558422e-01	2.831663e-02	3.539579e-02	1.854168e-01	1.850298e-01	1.183203e-02	3.433568e-01
17920	8.110832e-01	9.127645e-01	2.934517e-02	3.668146e-02	1.921517e-01	1.247580e-01	1.681204e-01	4.592824e-02
24552	3.118799e-01	7.704603e-01	4.426706e-02	5.533383e-02	2.898600e-01	2.889067e-01	5.842030e-02	2.108470e-01
17499	4.425826e-01	8.766232e-01	2.366205e-02	2.957757e-02	1.549388e-01	7.118088e-02	6.189624e-02	3.405120e-01
25764	2.737675e-01	8.464241e-01	2.356069e-02	2.945086e-02	1.542750e-01	1.361894e-01	1.931328e-01	6.837859e-01
28814	2.999611e-01	3.639912e-01	3.192434e-02	3.990542e-02	2.090401e-01	2.019522e-01	8.872435e-01	5.780041e-01
32208	1.814480e-01	6.811943e-01	7.389162e-02	9.236453e-02	4.838412e-01	4.661625e-01	5.838195e-01	4.812949e-01
4986	3.715270e-01	3.273884e-01	2.352900e-02	2.941125e-02	1.540675e-01	1.535114e-01	2.013617e-02	7.915960e-01
1620	9.288290e-01	6.689972e-01	2.738510e-02	3.423137e-02	1.793172e-01	1.175034e-01	6.502990e-01	7.581360e-01
11125	1.142185e-01	8.800097e-01	2.059617e-02	2.574521e-02	1.348634e-01	8.133937e-02	1.779278e-01	2.290104e-01
30785	7.085101e-01	6.056697e-01	2.448053e-02	3.060066e-02	1.602981e-01	1.602840e-01	4.163528e-01	7.748632e-01
12301	6.702268e-01	3.318860e-01	3.525098e-02	4.406373e-02	2.308229e-01	1.990157e-01	7.072288e-01	2.396237e-01
9315	8.345859e-01	3.091055e-01	3.304993e-02	4.131242e-02	2.164105e-01	2.163003e-01	3.440223e-01	5.842965e-01
8078	8.082673e-01	3.628547e-01	5.386673e-02	6.733342e-02	3.527185e-01	3.511586e-01	8.011260e-01	6.626110e-01
15761	6.278506e-01	7.064035e-01	2.084510e-02	2.605637e-02	1.364934e-01	1.041631e-01	8.239608e-02	9.361662e-03
317	7.593408e-01	6.970987e-01	2.587829e-02	3.234786e-02	1.694506e-01	1.186335e-01	7.210343e-01	4.320281e-01
14285	1.178131e-01	7.738445e-01	2.056394e-02	2.570492e-02	1.346523e-01	7.487232e-02	1.508003e-01	8.706262e-01
20195	2.670681e-01	6.650364e-01	5.713158e-02	7.141447e-02	3.740967e-01	3.169273e-01	6.276030e-01	9.856887e-01
30318	3.462652e-01	4.160445e-01	3.587959e-02	4.484948e-02	2.349390e-01	9.631640e-02	4.746727e-01	5.087650e-01
13954	8.717096e-02	1.840980e-01	3.286984e-02	4.108730e-02	2.152312e-01	6.517634e-02	6.720214e-01	9.066860e-01
17113	3.484141e-01	2.357971e-01	2.193305e-02	2.741632e-02	1.436173e-01	3.882966e-02	8.220846e-01	7.696471e-01
12440	5.545887e-02	4.801942e-01	3.143635e-02	3.929544e-02	2.058447e-01	6.590222e-02	9.772542e-01	4.246855e-01
22990	3.684116e-01	5.392529e-01	7.912625e-02	9.890781e-02	5.181174e-01	5.056442e-01	5.605834e-01	3.139207e-01
13032	7.769092e-01	6.525707e-01	2.839100e-02	3.548875e-02	1.859038e-01	5.753094e-02	1.950010e-01	2.476793e-01
9957	1.347647e-01	9.345710e-01	4.610675e-02	5.763344e-02	3.019063e-01	8.939893e-02	5.949545e-01	6.438135e-01
27913	5.738445e-01	3.589504e-01	3.283504e-02	4.104380e-02	2.150033e-01	1.585241e-01	1.735871e-01	8.256403e-02
18270	8.337713e-01	4.798339e-01	7.706812e-02	9.633515e-02	5.046408e-01	4.740536e-01	1.989354e-01	5.306993e-01
27464	4.673372e-01	9.086814e-01	2.141895e-02	2.677368e-02	1.402509e-01	1.399170e-01	2.784116e-01	6.735222e-01
546	4.471291e-01	4.910642e-01	4.422161e-02	5.527701e-02	2.895624e-01	2.838654e-01	9.240070e-01	7.364156e-01
13680	1.266328e-01	3.645815e-01	7.331499e-02	9.164374e-02	4.800654e-01	3.958962e-01	2.326722e-01	8.610543e-01
27642	3.937062e-01	5.102510e-02	2.851230e-02	3.564038e-02	1.866981e-01	8.957439e-02	1.941227e-02	6.967447e-01
25591	8.505554e-01	4.117178e-02	3.006761e-02	3.758452e-02	1.968823e-01	1.831170e-01	3.942078e-02	2.037784e-01
21885	4.954887e-01	3.550237e-01	4.558188e-02	5.697735e-02	2.984694e-01	2.944521e-01	4.921263e-01	8.615139e-01
13132	8.653465e-01	8.286322e-01	2.585344e-02	3.231680e-02	1.692879e-01	1.417455e-01	5.852820e-01	6.428834e-01
14390	4.887850e-01	4.719342e-01	2.317466e-02	2.896833e-02	1.517473e-01	1.431025e-01	9.900257e-01	3.464920e-02
2178	7.983002e-02	1.372667e-01	2.687263e-02	3.359079e-02	1.759616e-01	1.735292e-01	1.485832e-01	4.556887e-01
30227	1.027290e-01	4.795291e-01	2.192519e-02	2.740648e-02	1.435658e-01	1.390022e-01	3.743436e-01	9.272239e-01
23774	8.205796e-01	7.899407e-01	2.705873e-02	3.382341e-02	1.771802e-01	1.771799e-01	1.274232e-01	1.075766e-01
26671	8.482865e-01	7.644659e-01	2.973681e-02	3.717101e-02	1.947161e-01	1.829844e-01	2.049192e-01	6.934349e-03
27868	1.084708e-01	7.417943e-02	2.350207e-02	2.937759e-02	1.538912e-01	1.254219e-01	3.575636e-01	3.499282e-01
27899	4.018444e-01	7.190760e-01	4.245981e-02	5.307477e-02	2.780262e-01	1.950666e-01	7.848204e-01	5.189345e-01
32540	1.906339e-01	2.838821e-01	6.000160e-02	7.500200e-02	3.928896e-01	3.816770e-01	9.627261e-01	8.435814e-01
20881	3.699005e-01	8.379543e-01	2.598059e-02	3.247573e-02	1.701205e-01	6.370215e-02	9.444947e-02	4.880183e-02
26723	5.754797e-01	9.240097e-01	2.624465e-02	3.280581e-02	1.718496e-01	1.657262e-01	8.657329e-01	1.501988e-01
30455	4.742416e-01	5.516542e-01	2.485210e-02	3.106513e-02	1.627312e-01	1.595622e-01	1.287851e-01	7.374598e-01
23426	3.702190e-01	4.340618e-01	2.219459e-02	2.774323e-02	1.453298e-01	5.610526e-02	4.323667e-01	6.754401e-01
22471	5.921731e-01	9.626340e-01	2.101032e-02	2.626290e-02	1.375753e-01	6.103766e-02	6.197892e-01	9.051448e-01
1062	6.052497e-01	8.543644e-01	6.096614e-02	7.620767e-02	3.992053e-01	1.092751e-01	5.124329e-01	9.203346e-01
6189	4.316134e-02	3.723234e-01	3.039023e-02	3.798779e-02	1.989948e-01	1.620201e-01	5.057059e-01	7.861302e-01
24781	6.463088e-01	5.845047e-01	2.191238e-02	2.739047e-02	1.434819e-01	1.420038e-01	5.334449e-01	7.435484e-01
18532	8.405295e-01	6.426438e-01	7.245928e-02	9.057410e-02	4.744622e-01	2.695021e-01	1.165449e-01	7.183019e-01
14073	7.472585e-01	5.211601e-01	5.525379e-02	6.906724e-02	3.618010e-01	3.324227e-01	1.533675e-01	4.273195e-01
21871	1.645395e-01	2.213730e-01	4.226496e-02	5.283120e-02	2.767503e-01	2.656284e-01	4.764909e-02	4.519223e-01
29413	8.095099e-01	1.401801e-01	7.177740e-02	8.972175e-02	4.699973e-01	3.684838e-01	4.694802e-01	5.398698e-02
24270	7.626494e-01	2.258956e-01	3.083309e-02	3.854136e-02	2.018946e-01	2.011774e-01	8.127584e-02	5.996928e-01
3769	3.333867e-02	2.622035e-01	2.963465e-02	3.704331e-02	1.940472e-01	1.926403e-01	5.298070e-02	5.893318e-01
25070	8.718380e-01	9.274487e-01	2.153259e-02	2.691574e-02	1.409951e-01	6.838967e-02	3.108073e-01	9.398806e-01
14921	2.948457e-01	9.556143e-01	2.495821e-02	3.119776e-02	1.634260e-01	1.586374e-01	8.610788e-02	5.547536e-01
27539	8.852740e-01	5.658785e-01	4.880765e-02	6.100956e-02	3.195917e-01	3.074183e-01	4.331947e-02	4.106232e-01
26408	9.574135e-01	5.607358e-01	2.719820e-02	3.399776e-02	1.780934e-01	9.667457e-02	8.479706e-01	2.844486e-01
