2833	1.700507e-01	4.041329e-01	2.212984e-02	2.766230e-02	1.449058e-01	5.142815e-02	2.503063e-01	7.453799e-01
32001	9.893322e-02	2.023880e-01	6.168007e-02	7.710009e-02	4.038802e-01	3.589383e-01	1.843811e-01	4.798450e-01
5301	7.226590e-01	7.718510e-02	4.195509e-02	5.244386e-02	2.747213e-01	9.251701e-02	2.632267e-01	8.598565e-01
32006	6.055245e-01	7.630055e-01	6.035675e-02	7.544594e-02	3.952151e-01	2.708969e-01	2.111617e-01	1.517206e-01
2889	6.002324e-01	5.310651e-01	6.870553e-02	8.588191e-02	4.498827e-01	2.048606e-01	3.670529e-01	1.376236e-01
11845	7.791127e-01	6.353432e-01	2.278238e-02	2.847798e-02	1.491787e-01	9.083937e-02	6.059518e-01	7.425329e-01
21515	4.546127e-01	2.280164e-01	5.749015e-02	7.186269e-02	3.764446e-01	2.276351e-01	7.748471e-01	3.604918e-01
7187	4.785929e-01	7.098727e-01	3.408067e-02	4.260084e-02	2.231597e-01	2.231546e-01	2.592600e-01	8.364081e-01
15626	9.117155e-01	1.957833e-01	7.427120e-02	9.283900e-02	4.863267e-01	4.333921e-01	2.980592e-01	5.637080e-01
5373	7.336002e-01	2.538539e-01	3.469447e-02	4.336808e-02	2.271788e-01	1.217625e-01	5.785011e-01	5.945071e-01
10947	7.482179e-01	8.594107e-01	3.268655e-02	4.085818e-02	2.140310e-01	1.290707e-01	6.043771e-01	1.011361e-01
831	7.429454e-02	6.490398e-01	3.746118e-02	4.682648e-02	2.452952e-01	1.549775e-01	4.056967e-01	6.559906e-02
11375	4.685194e-01	9.053396e-01	2.375748e-02	2.969684e-02	1.555636e-01	1.305117e-01	8.944473e-01	9.485480e-01
5432	5.611725e-01	9.133011e-02	4.366570e-02	5.458213e-02	2.859223e-01	2.332886e-01	7.442925e-01	3.356986e-01
19900	6.148193e-01	2.602156e-01	2.983678e-02	3.729597e-02	1.953707e-01	1.419183e-01	5.718002e-01	1.909228e-02
8465	7.949612e-01	7.467944e-01	2.275642e-02	2.844553e-02	1.490087e-01	1.108476e-01	7.257187e-01	2.677171e-01
13820	5.798775e-01	4.490294e-01	3.986669e-02	4.983336e-02	2.610464e-01	2.572212e-01	9.930706e-01	3.346542e-01
15531	6.483669e-01	1.097941e-01	3.648585e-02	4.560731e-02	2.389087e-01	1.099609e-01	3.674736e-01	5.578781e-01
21020	4.474556e-01	3.013287e-01	3.467425e-02	4.334281e-02	2.270464e-01	1.355349e-01	9.945679e-02	2.590458e-01
30160	1.285061e-01	9.055729e-01	2.720843e-02	3.401054e-02	1.781604e-01	1.343978e-01	3.336298e-01	7.923150e-01
15107	7.187250e-01	3.074254e-01	2.098813e-02	2.623517e-02	1.374300e-01	1.005146e-01	3.184076e-01	6.804128e-01
7993	5.661753e-01	5.893768e-01	4.054512e-02	5.068139e-02	2.654888e-01	1.343536e-01	4.895308e-01	6.349616e-01
2588	6.585090e-01	3.200661e-01	5.082041e-02	6.352551e-02	3.327712e-01	3.210440e-01	1.556580e-01	1.561310e-01
31475	7.007151e-01	8.665087e-01	2.143559e-02	2.679449e-02	1.403599e-01	4.527309e-02	7.350171e-01	1.099352e-03
9411	1.452819e-01	4.066387e-02	3.065636e-02	3.832046e-02	2.007374e-01	1.923807e-01	9.058611e-01	6.262300e-01
32758	6.681846e-01	4.665882e-01	4.298543e-02	5.373179e-02	2.814679e-01	2.740263e-01	6.515746e-01	6.350397e-01
20628	4.081106e-01	3.063072e-01	2.573180e-02	3.216474e-02	1.684914e-01	4.739854e-02	3.672290e-02	3.991001e-02
9574	7.112583e-01	8.022899e-01	4.956871e-02	6.196089e-02	3.245752e-01	2.138984e-01	5.207763e-02	1.884865e-01
29876	5.743717e-01	2.291060e-01	3.492733e-02	4.365916e-02	2.287036e-01	2.181410e-01	9.950067e-01	7.522895e-01
29994	9.583711e-01	8.543049e-01	3.153533e-02	3.941916e-02	2.064928e-01	9.867131e-02	3.475548e-01	6.930526e-01
14287	3.649105e-01	6.742373e-01	3.770171e-02	4.712714e-02	2.468702e-01	2.362261e-01	5.688938e-01	7.829768e-01
17322	8.715542e-01	6.201876e-01	4.297299e-02	5.371624e-02	2.813865e-01	2.377745e-01	6.263512e-01	4.680513e-01
12892	3.965711e-02	5.368473e-01	2.803989e-02	3.504986e-02	1.836048e-01	1.010647e-01	6.768992e-01	4.055350e-02
17491	5.523209e-01	7.144155e-01	4.052558e-02	5.065697e-02	2.653608e-01	2.528683e-01	2.228835e-01	1.935658e-01
18208	8.329291e-01	4.609940e-01	5.624132e-02	7.030165e-02	3.682673e-01	1.362725e-01	5.412009e-01	7.569303e-02
31275	2.456831e-01	6.720413e-01	2.768354e-02	3.460443e-02	1.812714e-01	1.327604e-01	7.168679e-01	6.545470e-01
28361	8.855560e-01	8.491160e-01	4.488230e-02	5.610288e-02	2.938886e-01	1.467785e-01	3.263610e-01	7.561978e-01
27247	2.527345e-01	2.505936e-01	5.150593e-02	6.438241e-02	3.372600e-01	3.370862e-01	5.891236e-01	1.235160e-01
9451	1.627745e-01	5.095394e-01	2.894122e-02	3.617653e-02	1.895067e-01	1.894755e-01	3.818847e-02	6.110757e-01
4285	6.060211e-01	6.161215e-01	2.606475e-02	3.258094e-02	1.706716e-01	1.152216e-01	2.394946e-01	5.652591e-01
11939	8.556715e-01	6.752957e-01	2.343217e-02	2.929021e-02	1.534335e-01	1.323107e-01	8.832561e-01	2.820920e-01
12002	9.003732e-01	4.894711e-01	2.236515e-02	2.795643e-02	1.464466e-01	1.344129e-01	9.734608e-01	9.404732e-01
30965	7.974296e-01	9.020899e-01	2.269080e-02	2.836350e-02	1.485790e-01	1.288710e-01	8.634669e-01	3.032430e-01
7441	3.652920e-02	6.830180e-01	2.154782e-02	2.693478e-02	1.410948e-01	1.313065e-01	4.603700e-01	9.339770e-01
26970	8.667269e-01	5.317285e-01	4.562257e-02	5.702821e-02	2.987359e-01	1.964956e-01	8.242802e-01	9.555967e-02
26969	8.553488e-01	3.812893e-01	2.458960e-02	3.073700e-02	1.610123e-01	1.313027e-01	3.243467e-01	2.598584e-01
10713	7.017391e-01	6.939711e-01	5.385604e-02	6.732005e-02	3.526485e-01	3.485264e-01	7.629695e-02	1.541005e-01
27623	5.560124e-01	1.555431e-01	2.090410e-02	2.613013e-02	1.368797e-01	5.524862e-02	7.365072e-01	5.413870e-01
22173	3.069741e-01	7.246283e-01	3.868961e-02	4.836202e-02	2.533390e-01	2.513869e-01	2.001688e-01	1.743017e-01
2928	3.075093e-01	9.431090e-01	2.104453e-02	2.630566e-02	1.377993e-01	1.009228e-01	9.728192e-02	1.312503e-01
22080	6.592544e-01	8.702167e-02	3.412124e-02	4.265155e-02	2.234254e-01	7.123504e-02	2.727531e-01	4.488593e-01
15496	8.191088e-01	6.693607e-01	2.485905e-02	3.107382e-02	1.627767e-01	7.842487e-02	7.030489e-01	3.225072e-01
17814	1.314207e-01	6.016888e-01	2.147285e-02	2.684106e-02	1.406039e-01	1.405676e-01	9.496817e-01	9.252186e-01
22537	7.237827e-02	4.582615e-01	2.940249e-02	3.675312e-02	1.925271e-01	1.339338e-01	9.686125e-01	4.605793e-01
26813	7.855988e-01	1.948004e-01	7.103648e-02	8.879560e-02	4.651458e-01	1.624277e-01	3.690709e-01	7.987827e-01
738	6.850100e-01	1.318337e-01	2.468797e-02	3.085996e-02	1.616564e-01	5.445659e-02	2.812221e-01	3.849661e-02
16131	5.333154e-01	5.890212e-01	2.892577e-02	3.615722e-02	1.894055e-01	1.891605e-01	2.816120e-01	8.588169e-01
8556	3.899497e-01	2.830562e-01	3.056109e-02	3.820136e-02	2.001135e-01	1.930289e-01	7.699285e-01	6.856770e-01
26803	3.121083e-01	3.642478e-01	4.083007e-02	5.103758e-02	2.673546e-01	7.743650e-02	8.345422e-01	8.588446e-01
13068	5.221744e-01	3.048770e-01	2.230498e-02	2.788122e-02	1.460526e-01	1.156274e-01	5.444990e-01	2.519029e-01
26320	1.676213e-01	1.792236e-01	2.458371e-02	3.072964e-02	1.609738e-01	1.257138e-01	6.908906e-01	9.666892e-01
3914	8.184926e-01	1.109762e-01	5.248340e-02	6.560425e-02	3.436605e-01	1.639211e-01	5.672289e-01	6.898307e-01
25145	8.648425e-01	5.279205e-02	3.295535e-02	4.119419e-02	2.157911e-01	2.134551e-01	3.005415e-01	8.456878e-02
11619	2.575815e-01	5.063206e-01	4.586009e-02	5.732512e-02	3.002912e-01	1.415846e-01	3.777447e-01	1.690846e-01
30243	3.464103e-01	9.065369e-01	3.495242e-02	4.369053e-02	2.288679e-01	1.459769e-01	6.438120e-01	3.282708e-01
13484	7.455972e-01	6.847357e-01	2.247264e-02	2.809080e-02	1.471505e-01	1.206934e-01	7.208510e-01	5.419327e-02
24401	4.387080e-01	6.424731e-01	3.429159e-02	4.286449e-02	2.245408e-01	1.703777e-01	8.391587e-01	7.680866e-01
26093	5.891406e-01	8.615202e-01	4.598996e-02	5.748745e-02	3.011415e-01	2.204404e-01	9.787516e-01	8.895580e-01
12396	7.746894e-01	2.837728e-01	2.234529e-02	2.793162e-02	1.463166e-01	9.252838e-02	2.949227e-01	8.920494e-01
30978	6.684324e-01	8.937853e-01	5.722688e-02	7.153360e-02	3.747207e-01	1.123584e-01	2.087904e-01	9.482025e-01
22226	4.563991e-01	5.390961e-01	2.278294e-02	2.847868e-02	1.491823e-01	1.097440e-01	3.980059e-01	1.241036e-01
1900	8.188805e-01	4.238172e-02	2.578385e-02	3.222981e-02	1.688322e-01	9.910925e-02	2.908923e-01	9.529470e-02
6124	8.599178e-01	3.113631e-01	7.120463e-02	8.900579e-02	4.662468e-01	2.273696e-01	6.842400e-01	2.346385e-01
9689	9.560232e-01	4.967232e-01	3.182984e-02	3.978730e-02	2.084213e-01	1.648372e-01	6.053769e-01	7.997065e-02
5466	5.296772e-01	9.591672e-01	2.071225e-02	2.589031e-02	1.356235e-01	7.936544e-02	9.278403e-01	8.879476e-01
22386	1.764276e-01	6.639681e-01	3.192975e-02	3.991218e-02	2.090755e-01	2.056155e-01	2.288880e-01	6.905965e-01
