19775	3.767144e-01	8.649430e-01	3.680899e-02	4.601124e-02	2.410247e-01	1.196357e-01	3.607778e-01	4.014106e-01
30635	2.520145e-01	2.278282e-01	3.573331e-02	4.466664e-02	2.339812e-01	1.675345e-01	1.849535e-01	8.381230e-01
9277	9.535239e-01	9.106613e-01	5.114675e-02	6.393343e-02	3.349081e-01	2.245597e-01	8.164352e-01	2.018570e-01
6193	4.090420e-01	3.231930e-01	2.220826e-02	2.776033e-02	1.454193e-01	1.434868e-01	5.988927e-01	4.458453e-01
18975	7.032738e-01	6.468163e-01	2.419013e-02	3.023767e-02	1.583966e-01	4.499257e-02	8.924423e-01	1.550464e-01
15976	5.530308e-01	9.265803e-01	4.145070e-02	5.181337e-02	2.714185e-01	2.710579e-01	1.228639e-01	9.219976e-01
14036	4.681110e-01	6.753383e-01	3.581264e-02	4.476580e-02	2.345006e-01	2.344944e-01	8.821332e-01	9.166582e-01
28343	5.177590e-01	3.607177e-01	2.407664e-02	3.009581e-02	1.576535e-01	1.568283e-01	7.837644e-01	9.012252e-02
27252	6.755692e-01	7.205000e-01	5.239261e-02	6.549076e-02	3.430660e-01	2.435833e-01	9.234942e-01	1.370123e-01
12636	5.952033e-01	2.713808e-01	2.588222e-02	3.235278e-02	1.694764e-01	1.657349e-01	1.917933e-01	4.862263e-02
27888	8.797457e-01	2.100350e-01	2.310662e-02	2.888328e-02	1.513018e-01	1.492034e-01	4.864149e-01	7.114699e-01
31827	1.409461e-01	1.840135e-01	2.258452e-02	2.823065e-02	1.478831e-01	1.352225e-01	7.294845e-01	4.581514e-01
4226	7.141908e-01	6.792482e-01	2.897013e-02	3.621266e-02	1.896960e-01	1.807141e-01	7.210409e-01	3.753392e-01
27047	3.225230e-01	1.002907e-01	2.396268e-02	2.995335e-02	1.569073e-01	1.293246e-01	3.043314e-01	9.036971e-01
20696	2.266460e-01	5.395184e-01	5.137236e-02	6.421545e-02	3.363854e-01	1.319937e-01	4.779577e-01	3.399098e-01
26957	7.270572e-02	9.720672e-01	2.219566e-02	2.774458e-02	1.453369e-01	7.229244e-02	9.199962e-01	4.093361e-01
21757	6.724316e-02	5.461171e-01	5.881868e-02	7.352335e-02	3.851438e-01	3.850261e-01	1.151630e-01	2.540746e-01
3172	8.083034e-01	5.919447e-01	4.736879e-02	5.921099e-02	3.101701e-01	3.036595e-01	5.747789e-01	5.459901e-01
23223	8.050423e-01	5.073128e-01	2.600474e-02	3.250593e-02	1.702786e-01	9.981705e-02	5.269299e-01	5.875801e-02
21587	8.264888e-01	3.062150e-01	2.773025e-02	3.466281e-02	1.815772e-01	1.769172e-01	1.615888e-01	5.406731e-01
32225	8.896537e-01	4.276085e-01	3.608833e-02	4.511042e-02	2.363058e-01	1.907934e-01	5.441733e-01	6.026300e-01
3782	6.367974e-01	8.647701e-01	4.937402e-02	6.171753e-02	3.233003e-01	1.812222e-01	4.663456e-01	2.870145e-01
4622	2.206695e-01	8.024397e-01	3.400282e-02	4.250352e-02	2.226499e-01	2.204603e-01	9.754178e-01	3.281498e-01
7683	8.490436e-01	5.968868e-01	2.589618e-02	3.237023e-02	1.695678e-01	6.696767e-02	5.600943e-01	3.171798e-02
7811	3.335896e-01	2.357143e-01	3.003588e-02	3.754484e-02	1.966744e-01	9.726386e-02	7.251587e-01	9.533100e-01
29521	7.737012e-01	8.241371e-01	2.527863e-02	3.159828e-02	1.655241e-01	9.514055e-02	2.073489e-01	3.798633e-01
25218	5.766060e-01	4.927487e-01	4.426459e-02	5.533074e-02	2.898438e-01	1.344451e-01	5.596832e-01	4.716547e-01
21480	1.291313e-01	8.232065e-01	4.294266e-02	5.367833e-02	2.811879e-01	1.811122e-01	9.598914e-01	9.548951e-01
21122	3.923771e-01	1.106216e-01	6.718065e-02	8.397581e-02	4.398978e-01	2.846105e-01	6.835679e-01	8.905401e-01
11776	8.690649e-01	5.285674e-02	2.802769e-02	3.503461e-02	1.835249e-01	1.690386e-01	7.878245e-01	6.525852e-01
6175	1.464634e-01	9.535309e-01	3.556451e-02	4.445564e-02	2.328759e-01	9.689226e-02	8.229246e-01	9.615383e-01
15811	1.023750e-01	6.724741e-01	2.260037e-02	2.825047e-02	1.479869e-01	7.510504e-02	2.399629e-01	9.824342e-01
15071	9.275933e-01	6.451615e-02	5.548938e-02	6.936172e-02	3.633436e-01	2.562810e-01	9.249636e-01	2.933137e-02
18269	8.670386e-01	8.492232e-01	3.461097e-02	4.326371e-02	2.266321e-01	1.002862e-01	7.853761e-01	5.488552e-01
23115	5.599705e-01	3.597181e-01	3.393331e-02	4.241664e-02	2.221948e-01	2.060380e-01	5.613760e-01	5.339799e-01
32504	9.448075e-01	6.312637e-01	2.223699e-02	2.779624e-02	1.456075e-01	8.213062e-02	5.219839e-01	9.019942e-01
29327	5.390533e-01	5.316405e-01	2.215832e-02	2.769790e-02	1.450923e-01	7.924424e-02	6.659830e-01	1.035072e-01
22697	5.050330e-01	5.648176e-02	3.407700e-02	4.259624e-02	2.231356e-01	1.191950e-01	3.501711e-01	2.598003e-01
15953	7.169817e-01	5.843143e-01	3.844512e-02	4.805641e-02	2.517381e-01	2.517289e-01	7.431002e-01	8.391071e-01
13415	3.879645e-01	1.980723e-01	3.431256e-02	4.289070e-02	2.246781e-01	2.054985e-01	7.171724e-02	4.180383e-01
14929	6.402983e-01	3.149802e-02	2.437709e-02	3.047136e-02	1.596208e-01	1.497258e-01	1.503541e-01	5.726468e-01
25863	6.194462e-02	3.567609e-01	5.147855e-02	6.434819e-02	3.370807e-01	1.192621e-01	4.299362e-01	8.188577e-01
19741	8.394907e-01	5.333518e-01	2.605522e-02	3.256902e-02	1.706092e-01	1.697068e-01	9.463673e-01	2.737399e-01
8120	2.329277e-01	7.373446e-01	2.782266e-02	3.477832e-02	1.821823e-01	1.174934e-01	6.506531e-02	5.797652e-02
25422	7.638711e-01	5.102035e-01	2.261017e-02	2.826271e-02	1.480510e-01	1.200740e-01	4.817701e-01	8.480365e-02
10159	4.810181e-01	3.254321e-01	4.888995e-02	6.111244e-02	3.201306e-01	2.318627e-01	8.413856e-01	1.050363e-01
24844	8.281453e-01	1.661234e-01	4.241412e-02	5.301766e-02	2.777270e-01	2.012956e-01	5.035806e-01	8.232978e-01
12408	7.860957e-02	2.629240e-01	2.402601e-02	3.003251e-02	1.573219e-01	1.572671e-01	8.713775e-01	9.452065e-01
18442	9.212502e-01	3.331125e-01	4.925591e-02	6.156989e-02	3.225269e-01	1.927074e-01	3.576192e-01	5.087300e-01
29703	8.801667e-01	2.615629e-01	2.153521e-02	2.691901e-02	1.410122e-01	1.409226e-01	1.818359e-01	2.635381e-01
13717	1.159987e-01	9.344538e-01	3.119385e-02	3.899231e-02	2.042568e-01	1.135641e-01	2.442179e-01	9.195462e-01
8068	5.686382e-02	6.832266e-01	2.613963e-02	3.267454e-02	1.711619e-01	1.419093e-01	7.042863e-01	2.381856e-01
22201	6.758904e-01	4.651365e-01	3.932134e-02	4.915168e-02	2.574755e-01	8.398107e-02	8.035841e-01	8.723269e-02
16688	2.622307e-01	4.711903e-01	5.571962e-02	6.964952e-02	3.648512e-01	2.508619e-01	1.220724e-01	8.234345e-01
17869	3.304100e-01	8.822909e-01	2.520158e-02	3.150198e-02	1.650196e-01	1.613271e-01	2.912647e-01	3.282084e-01
15897	7.540622e-01	7.524116e-01	2.786998e-02	3.483748e-02	1.824922e-01	8.321359e-02	3.074354e-01	8.608869e-01
12311	9.343415e-01	5.551424e-01	5.328284e-02	6.660355e-02	3.488952e-01	2.893933e-01	1.903741e-01	8.964477e-02
7206	9.200987e-01	7.303905e-01	4.251534e-02	5.314418e-02	2.783898e-01	2.579062e-01	4.339417e-01	6.443106e-01
32306	9.407377e-01	4.057509e-01	3.401428e-02	4.251785e-02	2.227250e-01	6.473204e-02	5.980106e-01	8.538030e-01
8238	3.013394e-01	3.723815e-01	4.536555e-02	5.670694e-02	2.970529e-01	2.901402e-01	8.720066e-01	2.102793e-01
13815	2.867023e-01	1.366001e-01	3.075909e-02	3.844886e-02	2.014100e-01	5.753961e-02	4.355110e-01	7.510741e-01
15483	5.011267e-01	5.394496e-01	2.958902e-02	3.698628e-02	1.937485e-01	8.953793e-02	1.662409e-01	7.474162e-01
9451	5.788966e-01	7.068216e-01	2.233053e-02	2.791316e-02	1.462200e-01	8.120056e-02	1.993071e-01	3.743580e-01
32240	3.116055e-02	4.453779e-01	2.671813e-02	3.339766e-02	1.749499e-01	1.531431e-01	2.990358e-01	7.842480e-01
14742	6.276336e-01	2.198639e-01	5.587747e-02	6.984683e-02	3.658848e-01	3.410057e-01	3.016085e-01	4.203974e-01
32617	6.714189e-01	7.980900e-01	4.070838e-02	5.088548e-02	2.665579e-01	2.641423e-01	4.770151e-01	3.779634e-01
19237	8.246036e-01	6.948488e-01	4.873373e-02	6.091717e-02	3.191077e-01	3.175654e-01	3.392889e-01	2.393518e-01
10621	4.727000e-01	4.400070e-01	5.031412e-02	6.289265e-02	3.294561e-01	3.139881e-01	8.402890e-01	6.660494e-01
17750	8.256845e-01	6.321080e-02	3.747291e-02	4.684113e-02	2.453720e-01	1.448150e-01	8.213759e-01	5.413979e-01
17545	7.661128e-01	3.847526e-01	2.769767e-02	3.462209e-02	1.813639e-01	1.706936e-01	1.931792e-01	9.645546e-01
2950	2.778687e-01	8.817810e-01	3.857329e-02	4.821662e-02	2.525773e-01	1.685397e-01	8.453339e-01	2.347441e-01
6697	1.567013e-01	1.071566e-01	3.816765e-02	4.770956e-02	2.499212e-01	1.187472e-01	1.594063e-01	1.590906e-01
2080	4.182720e-01	7.883533e-01	3.998187e-02	4.997734e-02	2.618007e-01	1.054099e-01	9.097886e-03	1.080662e-01
5143	4.788910e-01	5.324525e-01	2.195569e-02	2.744462e-02	1.437655e-01	4.117328e-02	6.194928e-01	7.071896e-01
30607	3.854921e-01	6.296023e-01	3.466524e-02	4.333155e-02	2.269874e-01	1.897123e-01	9.018845e-01	3.282376e-02
32686	2.090786e-01	6.412508e-01	4.594031e-02	5.742539e-02	3.008164e-01	2.993091e-01	4.386590e-01	8.552717e-01
712	6.425079e-01	3.228522e-01	2.687072e-02	3.358840e-02	1.759491e-01	1.656509e-01	9.123961e-01	4.067513e-01
6862	3.645961e-01	5.824301e-01	4.892185e-02	6.115231e-02	3.203395e-01	2.110342e-01	4.047091e-01	2.703909e-01
9397	5.698699e-01	5.688144e-01	6.895930e-02	8.619912e-02	4.515444e-01	1.347174e-01	2.578248e-01	3.038488e-01
