16172	6.950565e-01	5.011908e-01	3.573055e-02	4.466319e-02	2.339631e-01	1.923327e-01	7.105674e-01	6.426622e-01
27764	5.327840e-01	2.914536e-01	3.313022e-02	4.141277e-02	2.169362e-01	2.109687e-01	4.234680e-01	8.264147e-01
26717	2.016573e-01	5.363651e-01	4.892833e-02	6.116042e-02	3.203820e-01	3.129071e-01	5.346789e-01	7.977379e-01
6468	5.994573e-01	2.959959e-01	2.536908e-02	3.171135e-02	1.661163e-01	1.549484e-01	5.724321e-01	2.493785e-01
8115	8.337442e-01	7.981098e-01	3.140673e-02	3.925841e-02	2.056508e-01	1.782045e-01	5.650017e-01	1.203643e-01
23088	5.290622e-01	9.293105e-02	2.707062e-02	3.383828e-02	1.772580e-01	1.763738e-01	4.218109e-01	1.426634e-01
19795	2.603824e-01	1.296681e-01	3.765568e-02	4.706960e-02	2.465688e-01	2.379103e-01	6.490170e-01	2.131666e-01
66	9.714172e-01	5.222656e-01	2.553137e-02	3.191421e-02	1.671790e-01	1.587936e-01	9.964474e-01	8.616797e-01
16041	1.751680e-01	9.518604e-01	4.522562e-02	5.653202e-02	2.961366e-01	2.352010e-01	2.725248e-02	9.873892e-01
19685	8.099041e-01	5.703490e-02	2.109619e-02	2.637023e-02	1.381375e-01	1.339049e-01	3.899212e-02	3.848787e-03
1150	6.733149e-01	8.498409e-01	4.114364e-02	5.142954e-02	2.694079e-01	1.381260e-01	5.506057e-01	6.647522e-01
18632	2.744346e-01	4.841485e-01	4.421267e-02	5.526584e-02	2.895039e-01	2.187747e-01	8.050594e-01	6.111977e-02
24732	4.242047e-01	4.513758e-01	2.148288e-02	2.685360e-02	1.406696e-01	1.401204e-01	1.885912e-02	8.616491e-01
1242	8.112145e-01	1.186607e-01	2.078690e-02	2.598363e-02	1.361123e-01	4.200881e-02	9.051101e-01	9.523324e-01
2439	1.599277e-01	7.480263e-02	2.787610e-02	3.484512e-02	1.825322e-01	1.695149e-01	4.341450e-01	7.756478e-01
6131	8.667254e-01	3.526725e-01	2.147763e-02	2.684704e-02	1.406352e-01	7.795291e-02	7.458625e-01	5.211927e-01
9048	7.282101e-01	3.821966e-01	2.481994e-02	3.102492e-02	1.625206e-01	1.225381e-01	9.035755e-01	6.037608e-01
15364	3.062051e-01	1.166773e-01	3.818371e-02	4.772963e-02	2.500263e-01	1.733258e-01	2.034298e-01	5.930276e-01
5900	5.015856e-02	9.579949e-01	2.208167e-02	2.760209e-02	1.445905e-01	1.347962e-01	2.436201e-01	3.012147e-01
4143	4.052012e-01	7.205128e-01	7.223552e-02	9.029440e-02	4.729971e-01	4.672477e-01	9.324366e-01	4.454652e-01
10132	5.929207e-01	1.458412e-01	2.180417e-02	2.725521e-02	1.427734e-01	1.108955e-01	6.638247e-01	6.417348e-01
26791	5.358109e-01	8.699518e-01	3.766617e-02	4.708271e-02	2.466375e-01	7.472681e-02	3.593464e-01	2.839832e-01
30437	5.341930e-01	8.062708e-01	3.657034e-02	4.571292e-02	2.394620e-01	2.137694e-01	5.707399e-01	6.296362e-01
29157	1.000651e-01	5.618064e-01	5.788690e-02	7.235863e-02	3.790426e-01	1.493566e-01	5.679446e-01	3.710259e-01
8532	7.524926e-01	1.845421e-01	5.182352e-02	6.477940e-02	3.393396e-01	3.358873e-01	8.301981e-01	7.898386e-02
10404	1.149714e-01	8.344519e-01	2.462780e-02	3.078475e-02	1.612624e-01	1.289034e-01	2.117738e-01	8.920497e-01
3762	1.522034e-01	1.233758e-01	3.669873e-02	4.587341e-02	2.403027e-01	2.345632e-01	8.287820e-01	4.376234e-01
14678	6.347139e-01	7.551316e-01	2.866643e-02	3.583304e-02	1.877073e-01	1.758961e-01	9.110137e-01	5.732503e-01
19286	7.953277e-01	3.752821e-01	2.490084e-02	3.112605e-02	1.630503e-01	1.605802e-01	6.224805e-01	3.053243e-02
3791	9.017936e-01	5.094574e-01	3.487791e-02	4.359739e-02	2.283800e-01	2.191333e-01	7.509839e-01	3.398274e-01
12309	4.968482e-01	8.048887e-02	2.728897e-02	3.411121e-02	1.786878e-01	1.069270e-01	9.149571e-01	9.924446e-01
21312	3.433781e-01	4.855256e-01	2.458680e-02	3.073350e-02	1.609940e-01	1.551261e-01	2.059159e-01	8.001644e-01
25243	7.668896e-01	8.235656e-02	2.630484e-02	3.288105e-02	1.722437e-01	1.218521e-01	2.738331e-01	5.810169e-01
25996	2.880029e-01	6.081650e-01	5.667129e-02	7.083911e-02	3.710827e-01	3.662020e-01	8.418780e-01	4.816738e-01
23081	1.970028e-01	4.464791e-01	5.848907e-02	7.311134e-02	3.829855e-01	3.663201e-01	5.339012e-01	4.139166e-01
19368	8.480043e-01	9.194774e-01	5.834894e-02	7.293617e-02	3.820679e-01	1.432485e-01	6.537207e-01	2.046421e-01
19870	9.560194e-01	7.860966e-01	2.600191e-02	3.250239e-02	1.702601e-01	1.684453e-01	7.092028e-01	7.622820e-01
7821	1.659560e-01	2.186337e-01	4.957387e-02	6.196734e-02	3.246089e-01	2.235351e-01	1.814623e-01	4.862533e-01
30276	9.851985e-02	3.997608e-01	2.855081e-02	3.568851e-02	1.869502e-01	8.242097e-02	5.529177e-01	5.845107e-01
24243	9.129418e-01	6.855636e-01	4.345465e-02	5.431831e-02	2.845404e-01	1.366900e-01	2.736568e-01	9.010106e-01
16866	9.459539e-01	2.957427e-02	2.281489e-02	2.851861e-02	1.493915e-01	5.673446e-02	1.139481e-01	9.929575e-01
10553	5.973846e-01	5.465581e-01	6.820112e-02	8.525139e-02	4.465798e-01	4.150077e-01	7.398996e-01	8.750478e-01
13500	4.691353e-02	4.833542e-01	2.577959e-02	3.222449e-02	1.688043e-01	1.162484e-01	4.557501e-01	7.918724e-01
29604	1.170797e-01	1.735230e-01	2.950028e-02	3.687535e-02	1.931674e-01	1.859075e-01	7.483407e-01	5.134520e-01
17881	2.284828e-01	3.814956e-01	4.513202e-02	5.641503e-02	2.955238e-01	2.673120e-01	9.592384e-01	1.172516e-01
19701	3.060703e-01	8.308664e-01	6.842129e-02	8.552661e-02	4.480216e-01	4.370348e-01	3.868995e-01	2.765563e-02
18162	4.518476e-01	9.366452e-02	2.637865e-02	3.297331e-02	1.727270e-01	9.150001e-02	6.754413e-01	6.917589e-01
3994	8.783464e-01	4.045203e-01	3.891201e-02	4.864002e-02	2.547953e-01	9.267031e-02	1.043980e-01	7.055196e-01
22442	3.492948e-01	7.640399e-01	3.406583e-02	4.258229e-02	2.230625e-01	1.832230e-01	7.667221e-02	9.948416e-01
24188	3.877278e-01	9.445656e-01	3.785161e-02	4.731451e-02	2.478517e-01	2.473986e-01	7.364667e-01	4.163324e-01
4873	6.155349e-01	3.596043e-01	2.463070e-02	3.078838e-02	1.612815e-01	1.298659e-01	4.153744e-01	2.526930e-01
6094	5.730449e-01	6.178369e-01	3.291934e-02	4.114918e-02	2.155553e-01	1.796965e-01	4.072209e-01	5.722127e-01
21751	6.763309e-01	1.428170e-01	3.443539e-02	4.304424e-02	2.254824e-01	2.088708e-01	2.994954e-01	4.828654e-01
4016	1.372722e-01	5.862762e-01	2.363632e-02	2.954540e-02	1.547703e-01	1.528108e-01	6.938327e-01	1.683488e-01
26196	7.119756e-01	8.944180e-01	2.388211e-02	2.985264e-02	1.563797e-01	1.463892e-01	5.291459e-01	9.684024e-01
30308	7.814057e-01	8.028265e-01	2.945946e-02	3.682432e-02	1.929001e-01	1.912087e-01	8.241135e-01	2.966938e-01
781	8.410657e-01	3.200419e-01	4.108013e-02	5.135016e-02	2.689920e-01	2.676051e-01	8.347056e-01	1.475692e-01
29391	7.331303e-01	6.416273e-01	2.694751e-02	3.368439e-02	1.764519e-01	1.552100e-01	3.185463e-01	2.312520e-01
25840	3.451660e-01	3.675830e-01	2.191966e-02	2.739957e-02	1.435296e-01	1.374537e-01	8.038235e-01	4.819965e-01
5740	1.695155e-01	8.602662e-01	4.124775e-02	5.155968e-02	2.700896e-01	2.459283e-01	6.809487e-02	9.458339e-01
26810	7.623216e-02	3.391380e-02	2.328494e-02	2.910617e-02	1.524694e-01	1.210961e-01	3.089016e-01	5.823794e-01
23826	7.091562e-01	5.086301e-02	4.654627e-02	5.818284e-02	3.047843e-01	1.428374e-01	8.781787e-01	3.142318e-01
25060	4.478624e-01	3.552889e-01	4.631963e-02	5.789953e-02	3.033002e-01	2.540091e-01	9.996371e-01	3.491223e-01
14802	6.441470e-01	3.532445e-01	2.307451e-02	2.884314e-02	1.510916e-01	1.083681e-01	9.985920e-01	9.875354e-02
4085	3.374512e-01	6.414181e-01	2.192525e-02	2.740656e-02	1.435662e-01	5.812087e-02	4.404609e-01	3.494958e-01
23334	4.486078e-01	7.843851e-01	2.088091e-02	2.610114e-02	1.367279e-01	7.381762e-02	7.256790e-01	6.044662e-01
15176	2.812099e-01	3.901433e-01	2.877016e-02	3.596270e-02	1.883866e-01	1.743377e-01	5.625702e-01	9.189234e-01
20692	4.232137e-01	5.693635e-01	3.196429e-02	3.995537e-02	2.093017e-01	2.060296e-01	8.858323e-01	5.673294e-01
15424	8.177471e-01	6.227920e-01	3.360342e-02	4.200427e-02	2.200347e-01	1.292814e-01	2.074387e-01	9.922500e-01
12429	2.530556e-01	2.345496e-01	3.816705e-02	4.770882e-02	2.499173e-01	1.908692e-01	1.293908e-01	9.397189e-02
11315	3.629290e-01	6.549422e-01	2.768352e-02	3.460440e-02	1.812713e-01	1.808742e-01	7.985758e-01	5.328226e-01
11151	2.613444e-01	9.448356e-01	3.227167e-02	4.033959e-02	2.113144e-01	1.986201e-01	4.016069e-01	6.505494e-01
