30049	3.477300e-01	5.020381e-01	2.581242e-02	3.226553e-02	1.690193e-01	1.545524e-01	3.547552e-01	6.039571e-01
5178	4.727328e-01	6.609584e-01	2.075083e-02	2.593854e-02	1.358761e-01	9.617176e-02	9.461496e-01	5.235129e-01
1725	3.565427e-01	8.290280e-01	4.340196e-02	5.425246e-02	2.841954e-01	2.803873e-01	6.151625e-01	4.803013e-01
15850	8.237154e-02	2.262580e-01	6.292869e-02	7.866086e-02	4.120561e-01	2.162042e-01	5.315086e-01	2.739212e-02
18467	1.323434e-01	8.587542e-01	2.136667e-02	2.670834e-02	1.399086e-01	8.563751e-02	2.313386e-01	4.400480e-01
15681	3.806879e-01	2.794618e-01	4.615123e-02	5.768903e-02	3.021975e-01	3.021280e-01	6.222444e-01	8.836652e-01
23634	9.139213e-01	7.337590e-01	4.990228e-02	6.237785e-02	3.267594e-01	2.499340e-01	5.060958e-01	3.011948e-01
5591	4.254335e-01	9.354371e-01	2.444561e-02	3.055701e-02	1.600695e-01	4.703231e-02	3.234266e-01	7.657267e-01
8565	5.827143e-01	8.459340e-01	4.919618e-02	6.149523e-02	3.221358e-01	1.925328e-01	7.428839e-01	9.833123e-01
30408	7.792649e-02	6.112709e-02	3.090584e-02	3.863230e-02	2.023710e-01	6.256208e-02	7.340418e-01	8.755688e-01
30011	7.099798e-01	4.296527e-02	3.776757e-02	4.720946e-02	2.473015e-01	1.780245e-01	3.927978e-01	4.395836e-01
6223	5.807908e-01	5.609225e-01	7.042113e-02	8.802641e-02	4.611165e-01	4.598845e-01	6.673095e-01	9.190701e-01
26006	8.530109e-01	6.209134e-01	2.214707e-02	2.768384e-02	1.450187e-01	9.193322e-02	3.203557e-01	7.848532e-01
2781	5.464906e-01	6.164997e-01	2.475300e-02	3.094125e-02	1.620822e-01	1.144361e-01	8.681978e-01	5.446923e-01
26968	7.004506e-01	9.159502e-01	6.102341e-02	7.627926e-02	3.995803e-01	3.995763e-01	3.259781e-02	8.506232e-01
4447	2.727153e-01	5.360969e-01	2.522646e-02	3.153307e-02	1.651824e-01	1.516572e-01	5.795074e-01	5.127812e-01
25278	2.246841e-01	8.646318e-01	2.769618e-02	3.462023e-02	1.813542e-01	1.783685e-01	5.327518e-01	3.584654e-01
3032	6.490427e-01	1.541415e-01	2.185259e-02	2.731574e-02	1.430904e-01	1.409833e-01	4.374466e-01	2.450453e-01
11825	1.763256e-01	5.725427e-01	2.649780e-02	3.312225e-02	1.735072e-01	1.648999e-01	4.472179e-01	1.285457e-02
8530	1.481389e-01	6.288255e-01	2.863045e-02	3.578806e-02	1.874717e-01	1.359975e-01	1.794471e-01	4.379593e-01
4726	4.821779e-01	3.491206e-01	2.217111e-02	2.771389e-02	1.451761e-01	1.445328e-01	9.484572e-01	6.102230e-01
16548	7.047893e-01	4.775937e-01	3.790676e-02	4.738345e-02	2.482129e-01	2.425437e-01	2.249328e-01	2.661925e-01
21538	8.481067e-01	9.080119e-01	4.553387e-02	5.691734e-02	2.981551e-01	2.924001e-01	1.393621e-01	9.551041e-01
26122	3.526858e-01	2.225767e-01	3.077133e-02	3.846416e-02	2.014902e-01	1.443410e-01	7.174988e-01	5.161840e-01
23932	3.266846e-01	7.363016e-01	3.307217e-02	4.134021e-02	2.165560e-01	1.420611e-01	9.176517e-01	8.561211e-03
1167	2.054635e-01	7.596271e-01	7.668146e-02	9.585183e-02	5.021090e-01	4.006939e-01	7.703122e-01	3.900923e-01
30861	5.633465e-01	1.249553e-01	4.074454e-02	5.093068e-02	2.667946e-01	2.292651e-01	5.668139e-01	4.495769e-01
28582	4.858733e-01	2.365537e-01	5.221725e-02	6.527156e-02	3.419178e-01	1.903199e-01	2.298147e-01	1.503910e-01
2258	4.021837e-01	4.831579e-01	5.257093e-02	6.571367e-02	3.442336e-01	2.810707e-01	6.326805e-01	3.920394e-01
17746	5.074802e-01	8.139912e-01	5.617891e-02	7.022364e-02	3.678586e-01	1.273381e-01	2.141594e-01	3.483514e-01
1823	1.844144e-01	3.043366e-01	3.404950e-02	4.256188e-02	2.229556e-01	1.821059e-01	7.037523e-01	3.027350e-01
7695	3.224085e-02	4.941604e-01	3.103139e-02	3.878924e-02	2.031931e-01	1.872957e-01	7.695264e-01	3.100676e-01
3684	9.053550e-01	6.018709e-01	2.322203e-02	2.902753e-02	1.520575e-01	5.048569e-02	6.168960e-02	5.583134e-01
17992	8.000464e-02	4.117366e-01	2.451944e-02	3.064929e-02	1.605529e-01	5.384409e-02	7.382847e-01	2.270576e-01
1938	2.374196e-01	5.168885e-01	3.675045e-02	4.593806e-02	2.406413e-01	1.682427e-01	6.247617e-01	6.072592e-01
11830	8.139926e-01	1.050314e-01	6.479465e-02	8.099331e-02	4.242744e-01	3.385659e-01	2.854478e-01	3.742730e-01
8557	7.538038e-01	2.613220e-01	6.772169e-02	8.465211e-02	4.434405e-01	4.200449e-01	7.783465e-01	7.966686e-01
13795	7.936593e-01	4.237429e-01	2.810455e-02	3.513069e-02	1.840282e-01	5.708367e-02	6.474479e-01	9.654733e-01
24282	1.029953e-01	8.712859e-01	3.808004e-02	4.760005e-02	2.493475e-01	1.546301e-01	2.458339e-01	6.372977e-01
19833	2.519881e-01	6.690451e-01	5.306801e-02	6.633502e-02	3.474885e-01	2.129103e-01	9.988051e-01	9.281358e-01
6616	8.035590e-01	8.231559e-01	3.288037e-02	4.110046e-02	2.153001e-01	2.146217e-01	8.928428e-01	2.987118e-01
21813	3.970278e-01	7.182742e-01	2.071627e-02	2.589534e-02	1.356498e-01	1.075451e-01	8.573296e-01	1.993993e-01
24801	4.670157e-01	5.743155e-01	2.373766e-02	2.967207e-02	1.554338e-01	1.529006e-01	7.705516e-01	6.533989e-01
14355	6.010396e-01	2.705932e-01	5.670839e-02	7.088549e-02	3.713257e-01	2.844505e-01	8.385475e-01	1.424492e-01
20176	6.415492e-01	4.077065e-01	2.693248e-02	3.366560e-02	1.763535e-01	1.205744e-01	6.863663e-01	8.029475e-02
24359	6.991710e-02	8.854091e-01	2.244546e-02	2.805683e-02	1.469726e-01	1.447401e-01	1.526881e-01	3.619073e-01
22472	7.047908e-01	7.091822e-01	6.148250e-02	7.685312e-02	4.025865e-01	3.768169e-01	6.230549e-01	9.455489e-01
21857	9.453463e-01	1.334133e-01	2.333758e-02	2.917197e-02	1.528141e-01	1.463103e-01	7.660916e-01	7.532683e-01
29127	7.094998e-01	8.268081e-01	4.078191e-02	5.097739e-02	2.670393e-01	2.545832e-01	2.059223e-02	1.123329e-01
17372	1.884335e-01	5.320281e-01	3.437725e-02	4.297157e-02	2.251017e-01	1.624062e-01	9.246164e-01	1.791911e-01
27761	5.406057e-01	4.096926e-01	2.280933e-02	2.851166e-02	1.493551e-01	1.385228e-01	1.861103e-01	8.822912e-02
32627	6.486489e-01	7.068327e-01	2.662474e-02	3.328093e-02	1.743384e-01	1.734290e-01	1.041005e-01	6.040008e-01
29992	9.437590e-01	9.416047e-02	3.348421e-02	4.185526e-02	2.192541e-01	9.188503e-02	1.807122e-01	1.138174e-01
10079	4.941000e-01	1.195321e-01	2.168547e-02	2.710684e-02	1.419961e-01	1.157058e-01	9.847569e-01	5.583304e-01
27615	8.182260e-01	5.680905e-01	3.825968e-02	4.782460e-02	2.505238e-01	2.498700e-01	6.156887e-01	3.887413e-01
14457	7.709539e-01	7.276326e-01	2.859670e-02	3.574587e-02	1.872507e-01	1.692631e-01	7.176541e-02	1.745422e-01
14492	8.236154e-01	6.881120e-01	3.615534e-02	4.519417e-02	2.367446e-01	1.980267e-01	6.417369e-01	2.339371e-01
2628	3.220948e-01	6.649012e-01	4.553484e-02	5.691854e-02	2.981614e-01	2.344793e-01	3.597861e-01	1.766063e-01
5752	4.500251e-01	3.139420e-01	2.669234e-02	3.336543e-02	1.747811e-01	1.094151e-01	5.901669e-02	1.355004e-01
28283	4.955596e-01	5.053175e-01	2.410620e-02	3.013275e-02	1.578470e-01	1.107070e-01	1.302671e-01	3.771332e-01
12845	6.273159e-01	6.040473e-01	2.472983e-02	3.091229e-02	1.619305e-01	1.163193e-01	9.779296e-01	5.313080e-01
26872	4.652573e-01	7.327918e-01	2.086162e-02	2.607702e-02	1.366016e-01	1.361261e-01	3.498330e-01	9.920985e-01
3058	3.464979e-01	3.100171e-01	2.180274e-02	2.725342e-02	1.427640e-01	1.200808e-01	6.101940e-01	4.818192e-01
4445	3.539743e-01	3.539301e-01	2.787478e-02	3.484347e-02	1.825236e-01	1.301345e-01	3.992456e-01	9.296879e-01
8048	3.772442e-01	5.947775e-01	4.204628e-02	5.255786e-02	2.753184e-01	1.298342e-01	8.330164e-01	7.917478e-01
3186	3.190932e-01	5.750004e-01	5.495767e-02	6.869709e-02	3.598620e-01	3.423685e-01	9.697799e-01	8.179124e-01
1367	7.460788e-01	7.446418e-01	3.711152e-02	4.638941e-02	2.430057e-01	9.264072e-02	2.939636e-01	8.967436e-01
25699	7.300809e-02	7.595627e-01	2.133391e-02	2.666739e-02	1.396941e-01	1.115254e-01	6.180133e-01	2.138997e-01
20609	8.833453e-01	2.576783e-01	2.335664e-02	2.919580e-02	1.529389e-01	1.501809e-01	6.302752e-01	2.590291e-01
18087	3.212829e-01	9.495978e-01	2.504499e-02	3.130624e-02	1.639942e-01	8.864272e-02	7.609790e-01	2.736562e-01
25839	2.016891e-01	3.538767e-01	2.219356e-02	2.774195e-02	1.453231e-01	1.134618e-01	8.317920e-01	4.476427e-01
18762	5.102448e-01	3.056008e-01	4.577351e-02	5.721689e-02	2.997243e-01	2.734542e-01	5.663567e-01	5.686478e-01
19209	2.670096e-01	3.280161e-01	3.624028e-02	4.530036e-02	2.373008e-01	8.073486e-02	2.553289e-01	1.419774e-01
18193	4.097132e-01	2.887049e-01	2.651763e-02	3.314704e-02	1.736370e-01	7.085054e-02	6.572138e-01	1.837371e-01
6608	2.692644e-01	4.055174e-01	2.262549e-02	2.828186e-02	1.481513e-01	1.282019e-01	3.313986e-01	7.186041e-01
9499	5.483144e-01	2.601759e-01	2.622607e-02	3.278259e-02	1.717279e-01	1.700782e-01	7.271466e-01	9.486567e-01
29930	2.211397e-01	4.465636e-01	4.000700e-02	5.000875e-02	2.619652e-01	1.193735e-01	7.006345e-01	6.227045e-01
9008	8.554518e-01	3.199120e-01	4.762811e-02	5.953514e-02	3.118682e-01	9.906714e-02	3.680712e-01	2.712259e-01
15945	6.756156e-01	2.767880e-01	3.168950e-02	3.961187e-02	2.075023e-01	1.816313e-01	4.428490e-01	7.212486e-01
27455	6.732157e-01	5.395693e-01	2.798879e-02	3.498599e-02	1.832702e-01	1.374780e-01	3.858833e-01	6.882904e-01
