652	7.947664e-01	3.582098e-01	3.700458e-02	4.625573e-02	2.423054e-01	2.415694e-01	5.773721e-02	3.983140e-01
13401	4.703438e-01	5.660748e-01	2.870081e-02	3.587601e-02	1.879325e-01	7.937737e-02	7.706764e-01	2.272724e-01
23983	6.750244e-01	2.516859e-01	3.476354e-02	4.345443e-02	2.276311e-01	1.553762e-01	5.564603e-01	7.143637e-03
6424	5.259567e-01	4.855944e-01	2.905775e-02	3.632219e-02	1.902697e-01	1.470644e-01	5.884536e-01	1.922764e-01
26917	6.199783e-01	6.975508e-01	7.489521e-02	9.361902e-02	4.904127e-01	4.802133e-01	4.532250e-01	2.661163e-01
21072	1.475138e-01	7.919478e-01	4.394938e-02	5.493672e-02	2.877798e-01	2.694012e-01	1.677071e-01	2.481707e-01
11804	9.176200e-01	4.130008e-01	2.661639e-02	3.327049e-02	1.742837e-01	1.740277e-01	8.068322e-01	2.791984e-01
10132	4.927284e-01	6.491634e-01	6.856894e-02	8.571117e-02	4.489883e-01	3.384657e-01	9.293997e-01	2.807278e-01
17950	1.449304e-01	1.172215e-01	6.423395e-02	8.029243e-02	4.206029e-01	1.258962e-01	7.803620e-01	3.359508e-01
4884	5.640592e-01	6.861906e-01	2.230257e-02	2.787821e-02	1.460369e-01	1.124348e-01	6.170825e-01	5.647002e-01
12649	5.530228e-01	6.807265e-02	2.204874e-02	2.756092e-02	1.443748e-01	1.427159e-01	3.120827e-01	6.844954e-01
1993	4.388329e-01	5.822465e-01	2.534414e-02	3.168017e-02	1.659530e-01	6.610247e-02	3.912607e-01	3.209388e-01
23100	5.599480e-01	8.665395e-01	2.061438e-02	2.576797e-02	1.349826e-01	1.079098e-01	4.591115e-01	6.026383e-01
10855	1.965944e-01	8.458793e-01	4.444624e-02	5.555780e-02	2.910333e-01	2.604356e-01	5.999216e-01	4.249869e-01
29413	8.749786e-01	1.107508e-01	5.217255e-02	6.521568e-02	3.416250e-01	9.422059e-02	9.954379e-02	6.611450e-01
16012	3.304547e-01	7.583067e-01	2.720369e-02	3.400462e-02	1.781294e-01	5.947234e-02	1.272651e-01	4.603254e-01
2629	9.513621e-02	2.997262e-01	4.159234e-02	5.199043e-02	2.723460e-01	9.461236e-02	4.950326e-01	9.450159e-01
4566	3.426782e-02	6.782839e-01	2.089613e-02	2.612016e-02	1.368275e-01	1.302968e-01	7.251011e-01	7.957665e-01
9565	5.292307e-01	9.374938e-01	2.176950e-02	2.721188e-02	1.425464e-01	1.276372e-01	3.107836e-01	8.269294e-01
32649	2.071182e-01	3.437525e-01	2.180383e-02	2.725479e-02	1.427712e-01	5.047685e-02	4.305226e-01	6.827973e-01
29386	4.858403e-01	4.899977e-01	3.686658e-02	4.608323e-02	2.414018e-01	2.162686e-01	7.522227e-01	2.175717e-01
10678	7.860587e-01	5.432681e-01	4.231050e-02	5.288813e-02	2.770485e-01	2.324463e-01	5.019567e-02	5.512467e-01
24138	3.047931e-01	7.112017e-01	2.221540e-02	2.776925e-02	1.454661e-01	1.199305e-01	5.177215e-01	7.269110e-01
30708	8.903590e-02	4.808223e-01	7.479943e-02	9.349929e-02	4.897855e-01	1.407096e-01	4.478866e-01	6.382696e-01
3336	2.325685e-01	2.269383e-01	2.782106e-02	3.477632e-02	1.821719e-01	1.509514e-01	3.478579e-01	8.925740e-01
1109	7.230576e-02	2.782924e-01	4.946720e-02	6.183400e-02	3.239105e-01	1.364569e-01	6.630807e-01	4.539872e-01
32013	6.289360e-01	5.906063e-01	2.773296e-02	3.466620e-02	1.815950e-01	1.729485e-01	6.901262e-01	6.859327e-01
4469	2.846816e-01	4.043062e-01	2.387597e-02	2.984496e-02	1.563395e-01	1.502762e-01	7.461546e-02	6.601248e-01
12099	5.093448e-02	5.960691e-01	3.234051e-02	4.042564e-02	2.117652e-01	1.716223e-01	9.119908e-01	4.377741e-01
26397	9.311536e-02	8.297418e-01	3.815532e-02	4.769415e-02	2.498405e-01	2.427550e-01	6.518291e-01	5.262456e-01
12133	2.319005e-01	7.251770e-01	6.780165e-02	8.475207e-02	4.439642e-01	1.634291e-01	3.264322e-01	8.643475e-01
10224	6.575411e-01	6.045634e-01	2.256354e-02	2.820443e-02	1.477457e-01	1.107909e-01	8.872505e-01	3.909156e-01
20634	6.887238e-01	8.784129e-01	3.810722e-02	4.763403e-02	2.495255e-01	1.519345e-01	7.446763e-02	4.421810e-01
31703	2.143878e-01	9.363361e-01	4.407352e-02	5.509190e-02	2.885927e-01	2.572186e-01	6.247892e-01	7.825210e-01
10865	1.503673e-01	3.856857e-01	7.700395e-02	9.625494e-02	5.042207e-01	4.304203e-01	3.420575e-01	4.349737e-01
3498	8.893258e-01	8.189985e-01	5.582971e-02	6.978714e-02	3.655721e-01	2.367369e-01	5.248102e-01	4.652930e-01
25852	2.845975e-01	5.104930e-01	4.544942e-02	5.681178e-02	2.976021e-01	2.720864e-01	7.939287e-01	3.367402e-01
25673	4.980481e-01	2.129737e-01	2.586536e-02	3.233171e-02	1.693660e-01	7.176870e-02	6.838130e-01	4.010911e-01
10646	7.787059e-01	8.579533e-01	3.407611e-02	4.259513e-02	2.231298e-01	2.107443e-01	5.879588e-01	7.577317e-01
10547	1.181998e-01	6.957507e-01	3.091104e-02	3.863880e-02	2.024050e-01	1.947469e-01	9.951151e-01	4.005852e-01
13957	7.147372e-01	5.741298e-01	2.443146e-02	3.053932e-02	1.599768e-01	1.566164e-01	9.190245e-01	3.381913e-02
7842	8.841973e-01	3.816814e-01	2.580352e-02	3.225440e-02	1.689610e-01	4.840834e-02	4.355348e-01	1.367202e-01
21997	1.408343e-01	2.262277e-01	3.292685e-02	4.115856e-02	2.156045e-01	1.507889e-01	9.194827e-01	5.207395e-01
10053	7.587060e-01	7.181566e-01	2.190869e-02	2.738587e-02	1.434578e-01	1.115647e-01	8.637385e-01	3.204847e-01
31574	6.406983e-01	8.319048e-01	3.228375e-02	4.035469e-02	2.113935e-01	5.738952e-02	8.767931e-01	6.291911e-01
26714	1.131101e-01	1.585511e-01	2.069285e-02	2.586607e-02	1.354965e-01	1.016101e-01	8.779103e-01	7.068688e-01
6263	8.251314e-01	2.368677e-01	2.160822e-02	2.701028e-02	1.414903e-01	5.589298e-02	7.073032e-01	3.563864e-01
21554	3.469871e-01	9.955975e-02	2.709033e-02	3.386291e-02	1.773871e-01	1.071097e-01	8.403265e-01	5.199839e-02
20598	5.305221e-01	7.353255e-01	2.612700e-02	3.265875e-02	1.710792e-01	9.823855e-02	1.463393e-01	7.266203e-01
27377	7.767499e-01	2.076049e-01	2.453578e-02	3.066972e-02	1.606599e-01	1.222697e-01	2.677512e-01	8.704192e-01
3562	7.596195e-01	9.338033e-01	2.159639e-02	2.699549e-02	1.414128e-01	7.816073e-02	9.053344e-01	6.550310e-01
13845	3.920608e-01	3.453116e-01	2.376024e-02	2.970030e-02	1.555817e-01	8.166988e-02	3.909883e-01	5.153450e-02
13103	9.089795e-01	1.740752e-01	5.497540e-02	6.871924e-02	3.599780e-01	2.691059e-01	4.209689e-01	2.123048e-01
8186	6.760606e-01	7.741025e-01	4.705050e-02	5.881312e-02	3.080859e-01	1.358613e-01	4.443890e-01	2.049595e-01
11651	3.273573e-01	3.978010e-01	2.141873e-02	2.677341e-02	1.402495e-01	1.396365e-01	2.257399e-01	9.413925e-02
22199	4.537245e-01	9.144368e-01	2.371438e-02	2.964297e-02	1.552814e-01	5.189634e-02	1.345691e-02	2.329839e-01
15685	1.719211e-01	4.658046e-01	2.104311e-02	2.630389e-02	1.377900e-01	1.159729e-01	8.308944e-01	8.962013e-01
9113	3.029657e-01	6.050709e-01	4.172985e-02	5.216231e-02	2.732464e-01	2.591601e-01	5.436095e-01	9.203734e-01
24480	9.526148e-01	5.865181e-01	4.273237e-02	5.341547e-02	2.798109e-01	2.792927e-01	6.283478e-01	7.891138e-01
24935	2.182246e-01	8.958597e-01	2.298144e-02	2.872680e-02	1.504821e-01	5.652152e-02	1.547880e-01	4.429841e-01
6687	9.164750e-01	4.562321e-01	2.220023e-02	2.775028e-02	1.453667e-01	1.228049e-01	7.353334e-01	8.663598e-01
29317	5.093243e-02	2.715626e-01	2.089500e-02	2.611875e-02	1.368202e-01	8.064198e-02	6.382393e-01	2.469610e-01
6081	1.269286e-01	9.346618e-01	2.645832e-02	3.307291e-02	1.732487e-01	7.546562e-02	8.060817e-01	7.315583e-01
4983	5.703432e-01	1.844461e-01	6.115527e-02	7.644409e-02	4.004438e-01	1.368714e-01	7.752634e-01	6.302399e-01
18642	8.558341e-01	5.223787e-01	3.855481e-02	4.819351e-02	2.524563e-01	6.778327e-02	7.013049e-01	7.199081e-01
3743	7.022589e-01	4.370704e-01	7.752039e-02	9.690049e-02	5.076023e-01	2.689223e-01	3.265714e-01	4.235607e-01
15353	4.737512e-02	1.499921e-01	3.345067e-02	4.181334e-02	2.190345e-01	7.623059e-02	3.101892e-01	3.992252e-01
30367	5.081498e-01	2.559651e-01	2.797173e-02	3.496466e-02	1.831584e-01	1.340474e-01	7.796223e-01	1.851321e-02
29050	5.822973e-01	2.755332e-01	7.562841e-02	9.453551e-02	4.952136e-01	4.267610e-01	2.709556e-01	8.039954e-02
30430	6.304018e-02	7.068921e-02	4.371969e-02	5.464961e-02	2.862758e-01	1.339233e-01	6.805611e-01	8.294093e-01
22805	9.662663e-01	1.413458e-01	2.213040e-02	2.766300e-02	1.449095e-01	6.353058e-02	1.563007e-01	2.201435e-01
3303	9.183241e-01	8.606975e-01	2.267217e-02	2.834021e-02	1.484570e-01	1.383333e-01	7.733064e-01	1.184200e-01
29013	8.540157e-01	9.608936e-01	2.504347e-02	3.130434e-02	1.639842e-01	8.392761e-02	1.173426e-01	5.304526e-01
30275	7.149303e-01	3.387089e-01	2.358322e-02	2.947902e-02	1.544225e-01	1.375276e-01	1.639802e-01	5.563085e-01
25314	4.441208e-01	1.800873e-01	4.054601e-02	5.068251e-02	2.654946e-01	2.454027e-01	2.095810e-01	7.611542e-01
29510	4.588830e-01	8.635711e-01	2.910975e-02	3.638719e-02	1.906102e-01	1.899076e-01	2.788614e-01	2.198365e-01
5727	6.290815e-01	4.360256e-01	2.290371e-02	2.862964e-02	1.499731e-01	1.496581e-01	2.413245e-01	5.512221e-01
8017	2.576686e-01	8.138750e-01	2.259144e-02	2.823930e-02	1.479284e-01	1.034434e-01	5.965201e-01	5.534310e-01
