29227	7.731495e-02	8.991789e-01	3.686148e-02	4.607685e-02	2.413684e-01	2.280095e-01	3.487309e-01	2.599635e-01
7560	4.419033e-01	3.833047e-01	6.062721e-02	7.578401e-02	3.969860e-01	3.539784e-01	2.141834e-01	6.134605e-01
31515	2.470589e-01	8.746679e-01	2.526701e-02	3.158376e-02	1.654480e-01	6.544359e-02	1.212106e-02	3.483545e-01
3344	3.498673e-01	2.937660e-01	3.893637e-02	4.867046e-02	2.549547e-01	2.490650e-01	2.908833e-01	9.187575e-01
5875	8.101722e-01	3.419936e-01	3.241922e-02	4.052403e-02	2.122806e-01	1.869689e-01	2.371101e-01	4.457579e-01
26294	3.338775e-01	6.366363e-01	2.113588e-02	2.641985e-02	1.383974e-01	6.217440e-02	2.072130e-01	9.795906e-01
28493	9.189794e-01	1.941337e-01	5.127996e-02	6.409996e-02	3.357804e-01	3.352253e-01	8.026725e-01	8.602028e-01
14692	2.067108e-01	8.381961e-01	2.575328e-02	3.219160e-02	1.686321e-01	4.519074e-02	3.386833e-01	3.921868e-02
12359	9.982318e-02	3.559647e-01	3.856598e-02	4.820747e-02	2.525294e-01	2.440320e-01	3.544125e-01	4.924032e-01
28579	6.690088e-01	3.803521e-01	6.293432e-02	7.866790e-02	4.120929e-01	3.117876e-01	4.928274e-01	3.416253e-01
9980	1.278809e-01	4.204239e-01	5.199941e-02	6.499926e-02	3.404913e-01	1.671148e-01	9.573139e-01	2.972192e-01
1746	2.975313e-01	8.432491e-01	2.365377e-02	2.956721e-02	1.548845e-01	1.157073e-01	3.953374e-01	7.240085e-01
2898	1.076387e-01	5.004053e-01	4.688987e-02	5.861234e-02	3.070342e-01	2.012947e-01	3.566436e-01	8.041876e-01
16998	6.376134e-01	4.241770e-01	2.210556e-02	2.763195e-02	1.447468e-01	8.983596e-02	1.457244e-01	3.751753e-01
27013	8.515204e-01	2.325868e-01	3.766272e-02	4.707840e-02	2.466149e-01	1.439622e-01	2.245822e-01	8.105649e-01
24056	3.154724e-01	3.905619e-01	2.170992e-02	2.713740e-02	1.421562e-01	1.342000e-01	2.261343e-01	6.186379e-01
2139	8.600794e-01	8.461653e-01	4.170747e-02	5.213433e-02	2.730998e-01	2.729332e-01	8.676557e-01	5.807321e-01
20059	4.725278e-01	6.081674e-01	4.805590e-02	6.006987e-02	3.146693e-01	3.146526e-01	6.791956e-01	8.492263e-01
27972	1.588070e-01	3.253510e-01	4.577793e-02	5.722242e-02	2.997532e-01	2.965872e-01	4.978479e-01	3.900931e-01
25562	8.265136e-01	3.977318e-01	2.321201e-02	2.901501e-02	1.519919e-01	1.452561e-01	3.763432e-01	4.733921e-01
15236	2.390993e-01	5.723995e-01	4.000576e-02	5.000720e-02	2.619571e-01	8.486278e-02	9.152135e-01	4.181894e-01
4578	6.739400e-01	5.177489e-01	4.867496e-02	6.084369e-02	3.187228e-01	2.664079e-01	4.092160e-01	8.955711e-01
24576	5.418486e-01	1.850177e-01	2.753237e-02	3.441546e-02	1.802815e-01	1.776250e-01	7.325916e-01	7.262751e-02
31936	5.776114e-01	4.343928e-01	3.158830e-02	3.948537e-02	2.068397e-01	8.867705e-02	2.535925e-01	2.246136e-01
7252	5.830712e-01	6.558211e-02	2.061043e-02	2.576303e-02	1.349567e-01	6.555556e-02	7.750783e-02	4.044500e-01
4821	3.525048e-01	8.627601e-01	2.739128e-02	3.423910e-02	1.793577e-01	1.041068e-01	9.915677e-01	1.531310e-01
843	5.458808e-01	9.026269e-01	3.996750e-02	4.995937e-02	2.617066e-01	2.579437e-01	8.731669e-01	8.665345e-01
10196	1.173411e-01	1.142940e-01	2.546168e-02	3.182710e-02	1.667227e-01	1.436934e-01	3.609712e-01	5.449065e-01
31378	8.566290e-01	7.275859e-01	5.377123e-02	6.721404e-02	3.520932e-01	2.030052e-01	9.292042e-01	9.373106e-01
6498	7.759813e-01	3.813510e-01	2.407549e-02	3.009436e-02	1.576459e-01	1.575640e-01	5.791648e-01	5.112760e-02
18164	6.961166e-01	1.074775e-01	2.284280e-02	2.855349e-02	1.495743e-01	1.133432e-01	5.810791e-01	5.235053e-01
19137	4.407588e-01	2.527664e-01	2.137166e-02	2.671457e-02	1.399413e-01	1.397444e-01	4.051823e-01	5.633686e-01
30501	7.212577e-01	8.429810e-01	3.603261e-02	4.504076e-02	2.359410e-01	2.092181e-01	5.013844e-01	7.358193e-01
10782	5.908623e-01	5.355883e-01	2.246529e-02	2.808161e-02	1.471024e-01	1.292011e-01	3.780225e-01	2.659714e-02
12303	2.000592e-01	1.772525e-01	2.514274e-02	3.142843e-02	1.646343e-01	1.625646e-01	1.750239e-01	6.801585e-01
21925	6.412492e-01	1.996323e-01	4.006052e-02	5.007565e-02	2.623157e-01	9.491278e-02	2.384937e-01	7.909397e-01
10380	4.155560e-01	1.345061e-01	6.761914e-02	8.452392e-02	4.427691e-01	2.065250e-01	4.715917e-01	1.926650e-01
5371	8.630354e-02	6.069969e-01	2.565928e-02	3.207409e-02	1.680165e-01	1.654722e-01	5.128746e-01	7.951152e-01
16447	3.513284e-01	1.727220e-01	7.173972e-02	8.967465e-02	4.697506e-01	2.086160e-01	8.890490e-01	1.678426e-01
7097	4.607515e-01	6.554563e-01	2.987846e-02	3.734808e-02	1.956437e-01	1.387810e-01	2.160509e-01	8.806427e-01
30954	2.849283e-01	3.014721e-01	5.198555e-02	6.498194e-02	3.404006e-01	2.455323e-01	8.539432e-01	5.666035e-01
27096	1.481497e-01	1.188221e-01	2.310095e-02	2.887618e-02	1.512646e-01	5.358487e-02	9.809797e-01	1.538066e-01
24923	9.038286e-01	9.330408e-01	4.637432e-02	5.796790e-02	3.036583e-01	3.020455e-01	2.858587e-02	6.052919e-01
15750	9.573919e-01	1.104388e-01	2.315865e-02	2.894831e-02	1.516425e-01	1.247057e-01	4.139116e-01	9.939058e-01
8506	7.425802e-01	5.243293e-01	2.254355e-02	2.817944e-02	1.476148e-01	9.828570e-02	6.878435e-01	1.377998e-01
5130	3.845498e-02	6.151190e-01	3.114914e-02	3.893642e-02	2.039641e-01	1.994066e-01	3.036710e-02	5.523664e-01
4355	5.898373e-01	8.435945e-01	2.746113e-02	3.432641e-02	1.798150e-01	1.715202e-01	3.514199e-01	9.334453e-01
10198	3.252895e-01	1.115048e-01	3.456588e-02	4.320735e-02	2.263369e-01	1.354273e-01	6.344867e-01	4.748067e-02
19702	1.617020e-01	2.257055e-01	3.262205e-02	4.077756e-02	2.136087e-01	2.031336e-01	1.436621e-02	6.227596e-01
25849	6.015644e-01	5.925614e-01	4.054990e-02	5.068737e-02	2.655201e-01	2.215076e-01	7.957339e-01	1.587777e-01
3711	6.668526e-01	7.879573e-01	4.154688e-02	5.193361e-02	2.720484e-01	2.618365e-01	3.523973e-01	1.876674e-01
11583	5.929525e-01	9.277645e-01	4.257999e-02	5.322499e-02	2.788131e-01	2.575956e-01	7.493241e-01	1.463124e-01
17844	7.831778e-01	5.013864e-01	3.759362e-02	4.699202e-02	2.461624e-01	2.162130e-01	6.041329e-01	2.488832e-01
2307	7.376631e-01	3.609076e-02	2.088779e-02	2.610974e-02	1.367729e-01	1.366769e-01	4.894800e-01	8.763654e-01
18928	8.954372e-01	3.520540e-01	3.568167e-02	4.460209e-02	2.336430e-01	1.356896e-01	4.611324e-01	7.113504e-01
19949	7.540278e-01	8.055766e-01	2.200138e-02	2.750173e-02	1.440647e-01	1.398649e-01	6.961796e-01	7.262254e-01
20405	7.192162e-01	6.009424e-01	2.803028e-02	3.503785e-02	1.835419e-01	1.834450e-01	9.341306e-01	6.514571e-01
16950	2.477953e-01	9.320928e-01	2.066769e-02	2.583461e-02	1.353317e-01	7.288167e-02	3.405502e-01	1.755814e-02
14463	3.417969e-01	7.898280e-01	5.574729e-02	6.968412e-02	3.650324e-01	3.609682e-01	7.197016e-01	8.681385e-01
19429	8.167899e-01	2.411374e-01	2.341256e-02	2.926570e-02	1.533051e-01	1.197512e-01	5.628070e-01	9.834044e-01
16835	7.755452e-01	8.783187e-01	2.899691e-02	3.624613e-02	1.898713e-01	1.726911e-01	7.263697e-01	7.398626e-01
30052	1.474073e-01	8.735272e-01	2.140134e-02	2.675167e-02	1.401356e-01	1.167596e-01	1.063814e-01	5.147741e-01
31437	5.533736e-02	2.368248e-01	2.944785e-02	3.680981e-02	1.928240e-01	1.879646e-01	3.975125e-01	6.356373e-01
21087	2.936612e-01	6.768817e-01	2.408749e-02	3.010937e-02	1.577245e-01	1.343722e-01	1.481212e-01	6.803672e-01
24121	9.627572e-01	8.968879e-01	2.157224e-02	2.696530e-02	1.412547e-01	5.820531e-02	3.180995e-01	2.990253e-01
8527	8.573207e-01	4.559506e-02	3.173354e-02	3.966693e-02	2.077907e-01	1.004804e-01	6.767521e-01	7.277854e-01
4987	1.395877e-01	6.192339e-01	2.147762e-02	2.684703e-02	1.406351e-01	5.738403e-02	3.926982e-01	7.813149e-01
13675	4.078923e-01	8.346230e-01	3.365710e-02	4.207138e-02	2.203862e-01	1.902589e-01	2.558468e-01	9.630724e-02
7649	6.961625e-01	7.308103e-01	2.369236e-02	2.961545e-02	1.551372e-01	9.781869e-02	1.811097e-01	5.949926e-01
11526	5.077076e-01	4.676715e-02	3.989920e-02	4.987400e-02	2.612593e-01	2.037020e-01	6.292331e-01	6.500331e-01
6017	6.432683e-01	6.857271e-01	2.597860e-02	3.247325e-02	1.701074e-01	1.234367e-01	2.879717e-01	2.309243e-01
5314	4.120266e-01	6.945767e-01	2.556049e-02	3.195062e-02	1.673697e-01	1.403189e-01	3.129608e-01	9.296915e-01
30510	7.455756e-02	1.227513e-01	5.389089e-02	6.736362e-02	3.528767e-01	2.676803e-01	2.510548e-02	1.488003e-01
16542	1.523576e-01	8.030393e-01	2.572841e-02	3.216052e-02	1.684693e-01	1.660678e-01	1.054620e-01	3.064398e-01
