2390	3.016537e-01	7.877421e-01	4.392100e-02	5.490125e-02	2.875940e-01	2.627987e-01	8.263468e-01	7.984243e-01
19220	9.223876e-01	6.537453e-01	4.255942e-02	5.319927e-02	2.786784e-01	1.250295e-01	7.797968e-01	9.404183e-01
22768	9.225082e-01	1.261446e-01	2.212628e-02	2.765785e-02	1.448825e-01	1.423602e-01	8.384312e-01	5.899059e-01
21823	5.218402e-01	7.569478e-01	7.868275e-02	9.835343e-02	5.152134e-01	2.676762e-01	1.271764e-01	9.395598e-01
22482	4.217481e-01	1.451346e-01	2.422791e-02	3.028489e-02	1.586440e-01	1.547200e-01	6.009220e-01	4.315647e-01
23081	5.274515e-01	8.199287e-01	3.828473e-02	4.785591e-02	2.506878e-01	2.098503e-01	6.595017e-02	9.656902e-01
3562	4.559481e-01	8.487335e-01	3.656144e-02	4.570180e-02	2.394037e-01	1.328144e-01	1.194131e-01	6.093646e-01
23264	3.037522e-02	4.893008e-01	2.544792e-02	3.180990e-02	1.666326e-01	1.637047e-01	9.521456e-01	6.121407e-01
25458	2.671724e-01	5.238361e-01	3.253604e-02	4.067005e-02	2.130455e-01	2.084312e-01	6.779838e-01	3.345143e-02
10891	4.622594e-01	5.220173e-01	2.405203e-02	3.006503e-02	1.574923e-01	1.480007e-01	7.076372e-01	1.708005e-02
6793	6.544682e-01	4.104478e-01	3.097306e-02	3.871633e-02	2.028111e-01	1.521648e-01	9.672911e-01	3.279550e-01
22977	3.696492e-01	2.858988e-01	2.100539e-02	2.625674e-02	1.375430e-01	4.890079e-02	8.925602e-01	1.790637e-01
32367	6.316133e-01	1.567900e-01	2.303200e-02	2.879000e-02	1.508132e-01	5.565800e-02	2.300890e-01	4.123026e-01
6792	5.067920e-01	1.748908e-01	2.876824e-02	3.596031e-02	1.883740e-01	7.060734e-02	1.950401e-02	4.593261e-01
3782	6.093992e-01	6.850678e-01	5.870833e-02	7.338541e-02	3.844212e-01	2.419846e-01	9.025669e-01	3.125668e-01
11566	5.338211e-01	5.075164e-01	3.810649e-02	4.763312e-02	2.495207e-01	1.583386e-01	7.573861e-01	7.974608e-01
21645	3.974004e-01	5.497735e-01	5.259330e-02	6.574162e-02	3.443801e-01	3.415155e-01	4.316601e-01	9.789884e-01
11798	9.538292e-01	7.234450e-01	2.307656e-02	2.884571e-02	1.511050e-01	1.356314e-01	3.862519e-01	7.336923e-01
10121	2.543997e-01	2.161486e-01	5.109957e-02	6.387446e-02	3.345992e-01	1.705355e-01	6.629355e-01	6.983875e-01
9863	6.441158e-02	1.811240e-01	2.448043e-02	3.060053e-02	1.602974e-01	1.438483e-01	3.777877e-01	3.717953e-02
810	3.604395e-01	7.300647e-01	2.257135e-02	2.821418e-02	1.477968e-01	1.475246e-01	3.368788e-01	6.780276e-02
11373	6.364377e-01	7.270873e-01	3.328084e-02	4.160105e-02	2.179224e-01	2.060631e-01	5.842645e-01	6.574800e-01
31961	2.266039e-01	5.209840e-01	2.661308e-02	3.326635e-02	1.742620e-01	1.307786e-01	8.867155e-01	9.476601e-01
4591	5.016536e-01	2.253554e-01	6.202780e-02	7.753474e-02	4.061570e-01	1.146644e-01	9.368579e-01	6.274755e-01
15256	6.699393e-01	6.015479e-01	2.477025e-02	3.096281e-02	1.621952e-01	6.299515e-02	1.692069e-01	4.685986e-01
27376	2.049664e-01	6.776091e-01	3.377231e-02	4.221539e-02	2.211406e-01	1.921444e-01	8.663507e-01	5.636864e-01
12000	1.153420e-01	2.173672e-01	2.213420e-02	2.766775e-02	1.449344e-01	8.565589e-02	4.800787e-01	5.020733e-01
13153	6.455743e-01	9.522361e-01	2.631173e-02	3.288967e-02	1.722888e-01	1.644434e-01	3.389264e-01	3.882820e-01
31554	2.260885e-01	9.228617e-01	2.118701e-02	2.648377e-02	1.387322e-01	1.113191e-01	8.124555e-01	4.414828e-01
13697	1.218727e-01	5.256543e-01	3.116372e-02	3.895465e-02	2.040595e-01	1.794108e-01	4.049483e-01	4.311655e-01
9009	1.794748e-01	2.800009e-01	2.431303e-02	3.039128e-02	1.592013e-01	1.148925e-01	2.130122e-01	1.145428e-01
29663	6.453008e-01	8.251594e-01	6.454301e-02	8.067876e-02	4.226266e-01	3.892354e-01	3.667434e-01	9.804467e-01
2028	6.598516e-01	5.404963e-01	2.064167e-02	2.580208e-02	1.351613e-01	1.199908e-01	3.562330e-01	7.735772e-01
658	4.372347e-01	4.108714e-01	2.619625e-02	3.274531e-02	1.715326e-01	1.517548e-01	2.950434e-01	8.674233e-01
22128	7.456602e-01	6.989965e-01	6.355175e-02	7.943968e-02	4.161359e-01	3.699791e-01	1.366750e-01	9.635812e-01
6649	8.878786e-01	6.661224e-01	3.196511e-02	3.995639e-02	2.093071e-01	6.047733e-02	6.910084e-01	7.722191e-02
10703	3.037452e-01	6.941598e-01	2.092228e-02	2.615285e-02	1.369988e-01	8.753975e-02	8.328177e-01	3.789455e-02
28267	7.056963e-01	5.188127e-01	2.537235e-02	3.171544e-02	1.661378e-01	1.375293e-01	1.107905e-02	2.198383e-02
4502	4.980740e-01	4.494682e-01	2.555104e-02	3.193880e-02	1.673078e-01	1.045921e-01	8.464773e-02	2.914724e-01
5657	4.078251e-01	6.757200e-01	3.387225e-02	4.234031e-02	2.217949e-01	2.206841e-01	2.065259e-01	3.401249e-01
26469	8.253490e-01	8.774310e-02	2.135038e-02	2.668797e-02	1.398019e-01	7.415895e-02	9.870231e-01	5.344659e-01
22290	2.069378e-01	1.180400e-01	2.873868e-02	3.592335e-02	1.881804e-01	8.629609e-02	9.997222e-01	3.750698e-01
14637	9.120950e-01	6.258229e-01	2.629936e-02	3.287420e-02	1.722078e-01	1.247562e-01	9.178578e-01	4.963000e-01
12728	6.705905e-01	1.553101e-01	4.254112e-02	5.317640e-02	2.785586e-01	2.655310e-01	7.744367e-01	3.848966e-01
1866	2.066105e-01	3.708860e-01	6.043292e-02	7.554115e-02	3.957138e-01	3.342572e-01	6.548021e-02	5.635837e-01
8437	9.026832e-01	2.680975e-01	5.546531e-02	6.933163e-02	3.631860e-01	2.749990e-01	1.762733e-01	3.885749e-01
8947	9.308987e-01	1.637454e-01	2.455275e-02	3.069093e-02	1.607710e-01	6.855765e-02	5.876203e-01	5.900770e-01
19889	2.324000e-01	5.740205e-01	2.706149e-02	3.382686e-02	1.771982e-01	5.470976e-02	4.665274e-01	3.547246e-01
12793	7.593708e-01	3.056129e-01	2.517771e-02	3.147214e-02	1.648632e-01	5.725213e-02	4.892227e-01	1.890755e-01
9205	7.531607e-01	9.424451e-01	4.778924e-02	5.973655e-02	3.129232e-01	3.126466e-01	6.964088e-01	5.353351e-01
31022	4.445150e-01	1.035190e-01	5.126546e-02	6.408183e-02	3.356855e-01	3.288005e-01	6.204452e-01	1.535674e-01
4976	9.238987e-01	7.869034e-01	3.680294e-02	4.600368e-02	2.409851e-01	1.309762e-01	8.170893e-01	9.616032e-01
5061	2.726047e-01	7.539228e-01	2.312283e-02	2.890354e-02	1.514079e-01	1.512425e-01	4.231188e-01	8.364485e-01
17242	7.954326e-01	6.896197e-02	3.563771e-02	4.454713e-02	2.333551e-01	1.988357e-01	9.506971e-01	3.531957e-01
18667	2.838069e-01	8.617352e-01	2.068627e-02	2.585784e-02	1.354534e-01	4.431627e-02	6.042788e-01	3.939188e-01
9591	7.938498e-01	8.681245e-01	3.356976e-02	4.196220e-02	2.198143e-01	6.235654e-02	8.876938e-01	9.532498e-01
17859	5.473001e-01	9.446892e-01	2.371638e-02	2.964548e-02	1.552945e-01	1.476424e-01	9.063015e-01	1.695063e-01
5396	5.773893e-01	1.240918e-01	2.677045e-02	3.346306e-02	1.752925e-01	4.862833e-02	6.660516e-02	3.074596e-01
17264	1.240079e-01	9.303656e-01	3.151866e-02	3.939833e-02	2.063837e-01	1.718232e-01	5.992766e-01	7.239270e-01
25138	7.096923e-02	2.797060e-01	2.097951e-02	2.622439e-02	1.373735e-01	1.339391e-01	7.001916e-01	2.785148e-01
2650	6.161924e-01	4.062568e-01	3.342433e-02	4.178041e-02	2.188620e-01	1.799612e-01	7.625622e-01	8.836734e-01
29419	6.631060e-01	8.894732e-01	2.593899e-02	3.242374e-02	1.698481e-01	1.071624e-01	7.106925e-01	2.349262e-01
28548	2.075812e-01	1.686607e-01	5.107433e-02	6.384291e-02	3.344339e-01	3.328173e-01	4.432114e-01	5.807306e-01
22883	8.602679e-01	4.470633e-01	3.800401e-02	4.750501e-02	2.488496e-01	2.374676e-01	4.421643e-01	5.892260e-01
28503	7.332526e-01	8.293108e-01	4.990350e-02	6.237938e-02	3.267673e-01	3.262976e-01	8.892164e-01	8.575288e-02
3781	2.822316e-01	6.482200e-01	2.259309e-02	2.824137e-02	1.479392e-01	1.111844e-01	8.826768e-01	1.289478e-01
3079	4.878659e-01	3.725745e-01	3.654713e-02	4.568391e-02	2.393100e-01	2.345899e-01	6.699292e-01	6.667273e-01
20440	8.951639e-01	1.817697e-01	2.647540e-02	3.309425e-02	1.733605e-01	9.901230e-02	1.579567e-01	7.231667e-01
13145	7.193806e-01	3.660871e-01	2.844376e-02	3.555471e-02	1.862493e-01	8.349406e-02	7.549268e-01	6.508736e-01
3204	3.267746e-01	6.584684e-01	2.702489e-02	3.378111e-02	1.769585e-01	1.724364e-01	6.950105e-01	9.791482e-01
4011	3.210216e-01	8.398732e-01	2.105385e-02	2.631732e-02	1.378603e-01	1.237648e-01	4.392657e-01	5.652515e-01
4068	7.670738e-01	5.394155e-01	2.204571e-02	2.755714e-02	1.443550e-01	5.598535e-02	5.489941e-01	8.500445e-01
19443	6.462407e-01	2.712362e-01	2.491724e-02	3.114654e-02	1.631577e-01	7.608980e-02	5.206766e-02	3.552803e-01
26377	8.064626e-01	5.964610e-01	2.212306e-02	2.765382e-02	1.448614e-01	4.900251e-02	1.760467e-01	1.616266e-01
5907	1.993143e-01	7.759955e-01	2.356127e-02	2.945159e-02	1.542789e-01	1.539722e-01	4.340017e-01	4.046472e-01
27400	3.172007e-01	5.973732e-01	3.447948e-02	4.309935e-02	2.257711e-01	1.000848e-01	9.663022e-01	1.788940e-01
12557	5.766812e-01	7.758971e-01	2.487366e-02	3.109208e-02	1.628723e-01	1.587387e-01	8.895495e-01	2.870458e-01
32602	6.543088e-02	7.468636e-02	5.832053e-02	7.290067e-02	3.818820e-01	1.701155e-01	7.829017e-02	6.176808e-01
16923	4.564725e-01	2.591925e-01	6.021691e-02	7.527114e-02	3.942994e-01	2.404784e-01	2.709967e-01	8.297879e-01
