30563	5.154440e-01	5.719451e-01	7.397853e-02	9.247316e-02	4.844103e-01	3.693753e-01	2.180880e-01	7.234028e-01
5792	4.370051e-01	6.020986e-01	2.596346e-02	3.245432e-02	1.700083e-01	1.484476e-01	4.054650e-01	4.698666e-01
28189	7.908283e-01	8.132996e-01	7.792657e-02	9.740821e-02	5.102620e-01	5.025481e-01	3.087858e-01	6.383743e-01
8443	1.338425e-01	4.489570e-01	2.729193e-02	3.411491e-02	1.787071e-01	1.432045e-01	3.516618e-01	4.373787e-01
27310	9.057766e-01	6.640520e-01	3.463526e-02	4.329408e-02	2.267912e-01	1.635110e-01	4.438732e-01	8.152363e-01
19374	1.482431e-01	2.306180e-01	2.237477e-02	2.796846e-02	1.465096e-01	1.085366e-01	4.588143e-01	3.900751e-02
30283	2.028225e-01	7.617013e-01	4.726775e-02	5.908469e-02	3.095085e-01	2.840888e-01	1.246724e-01	7.375343e-01
20428	9.720859e-01	9.285526e-01	2.421303e-02	3.026629e-02	1.585465e-01	1.466991e-01	6.496612e-01	2.589199e-01
30253	1.620722e-01	4.080848e-01	2.326696e-02	2.908370e-02	1.523517e-01	1.209982e-01	4.559671e-01	1.782965e-01
15044	1.374298e-01	5.775925e-01	2.880090e-02	3.600112e-02	1.885878e-01	6.881315e-02	7.269098e-01	1.868470e-01
26807	8.127891e-01	3.986595e-01	2.307635e-02	2.884543e-02	1.511036e-01	6.106297e-02	1.112853e-01	3.876797e-01
12357	3.259301e-01	5.527493e-01	3.864293e-02	4.830366e-02	2.530333e-01	8.618536e-02	9.173197e-01	9.785466e-01
942	1.801313e-01	8.681040e-01	6.968873e-02	8.711091e-02	4.563207e-01	1.671438e-01	2.013144e-01	2.300436e-01
2237	8.701600e-02	9.923692e-02	2.376820e-02	2.971025e-02	1.556338e-01	7.906186e-02	3.910044e-01	1.745058e-01
13323	9.249634e-01	7.881423e-01	2.799797e-02	3.499746e-02	1.833303e-01	1.705019e-01	1.794825e-01	4.780682e-01
5375	5.646536e-02	8.708549e-01	2.399394e-02	2.999242e-02	1.571119e-01	1.516793e-01	6.513634e-01	2.177463e-01
12119	4.833454e-01	4.537829e-01	6.323617e-02	7.904522e-02	4.140695e-01	3.786276e-01	2.934600e-01	8.501796e-02
30242	7.853820e-01	2.085100e-01	4.335150e-02	5.418938e-02	2.838650e-01	1.736504e-01	1.224524e-01	7.397242e-01
1345	7.457603e-01	3.680829e-01	5.546933e-02	6.933667e-02	3.632123e-01	3.603016e-01	8.149526e-01	6.317209e-02
7767	1.131226e-01	3.080217e-01	3.072673e-02	3.840841e-02	2.011981e-01	1.858404e-01	1.479008e-01	3.668308e-01
17793	3.217534e-01	7.422859e-01	2.234543e-02	2.793179e-02	1.463176e-01	1.134834e-01	8.585059e-01	2.134875e-03
27787	9.135521e-01	3.357234e-01	2.425815e-02	3.032269e-02	1.588420e-01	7.424893e-02	7.361854e-01	9.933496e-01
4598	9.008696e-01	4.634526e-01	4.830198e-02	6.037747e-02	3.162806e-01	2.674373e-01	1.840032e-01	9.099249e-01
11356	8.339063e-01	2.506993e-01	4.072201e-02	5.090251e-02	2.666471e-01	2.649600e-01	5.239470e-01	8.764840e-02
3205	4.964010e-01	1.919649e-01	4.059997e-02	5.074996e-02	2.658479e-01	2.635109e-01	5.330636e-01	4.284528e-01
13085	1.023390e-01	4.054672e-01	3.677383e-02	4.596728e-02	2.407944e-01	1.416779e-01	1.277605e-01	2.131772e-01
17255	3.656407e-01	2.220802e-01	2.795753e-02	3.494691e-02	1.830655e-01	1.699604e-01	3.785239e-01	9.997916e-01
8456	8.200480e-01	7.283092e-01	3.805775e-02	4.757218e-02	2.492015e-01	2.429286e-01	7.088332e-01	4.952570e-01
22938	1.090928e-01	3.360660e-02	2.131149e-02	2.663937e-02	1.395473e-01	1.018185e-01	1.383141e-01	3.282860e-01
23309	9.099284e-01	9.062619e-01	2.944439e-02	3.680548e-02	1.928014e-01	1.628035e-01	9.788868e-01	5.879406e-01
20320	4.259235e-01	8.952487e-01	4.830164e-02	6.037704e-02	3.162784e-01	3.080949e-01	4.980818e-02	7.435225e-01
19005	5.194628e-02	6.717459e-01	4.071311e-02	5.089138e-02	2.665888e-01	8.475749e-02	2.978393e-01	2.347314e-01
7337	3.527660e-01	9.438587e-01	3.121505e-02	3.901881e-02	2.043957e-01	2.040220e-01	9.851292e-01	3.119038e-01
25503	7.783113e-01	9.203352e-02	2.744491e-02	3.430613e-02	1.797088e-01	8.201400e-02	4.212108e-01	2.384637e-01
11954	9.719272e-01	4.950852e-01	2.055732e-02	2.569665e-02	1.346090e-01	1.330964e-01	4.115091e-01	1.151940e-01
21151	3.158054e-02	6.350379e-01	2.408855e-02	3.011069e-02	1.577314e-01	1.387342e-01	7.716894e-01	9.279118e-01
9069	8.256966e-01	7.881475e-02	2.222628e-02	2.778284e-02	1.455373e-01	5.862907e-02	3.634115e-01	8.607748e-01
835	8.923136e-01	9.622733e-02	3.468894e-02	4.336117e-02	2.271426e-01	1.636812e-01	1.878235e-01	9.254323e-02
22391	2.291798e-01	5.658846e-01	2.181506e-02	2.726883e-02	1.428447e-01	1.074910e-01	4.736080e-01	4.968789e-01
27044	3.192133e-01	3.355572e-01	2.852585e-02	3.565731e-02	1.867868e-01	1.792503e-01	7.876973e-01	3.264429e-01
19917	5.738012e-01	7.039302e-01	2.614863e-02	3.268578e-02	1.712208e-01	1.067510e-01	9.697510e-01	2.219281e-01
15663	7.439184e-01	2.769119e-02	2.269708e-02	2.837135e-02	1.486201e-01	1.482823e-01	2.120221e-01	9.191095e-01
9887	4.226875e-01	3.729093e-01	7.072117e-02	8.840146e-02	4.630811e-01	4.573466e-01	7.250203e-01	2.146215e-01
27403	9.633833e-01	2.541135e-01	2.128470e-02	2.660587e-02	1.393719e-01	6.541115e-02	3.308612e-02	3.491077e-01
2697	4.192110e-02	5.768156e-01	2.819864e-02	3.524829e-02	1.846442e-01	1.798671e-01	3.324713e-01	6.133124e-01
15685	4.832268e-01	8.246986e-01	5.749098e-02	7.186373e-02	3.764500e-01	2.746820e-01	1.435490e-01	1.256319e-01
2816	4.643439e-01	7.125539e-01	7.291560e-02	9.114451e-02	4.774502e-01	2.693060e-01	8.545651e-01	4.310749e-01
6421	6.768002e-01	7.697928e-01	4.456788e-02	5.570985e-02	2.918298e-01	2.042823e-01	5.078618e-01	2.475397e-02
28639	4.821144e-01	1.118119e-01	2.261691e-02	2.827114e-02	1.480952e-01	6.708946e-02	7.108470e-01	1.480785e-01
18543	7.256563e-01	1.006897e-01	2.325771e-02	2.907213e-02	1.522911e-01	1.443108e-01	3.601486e-01	5.674648e-01
12823	4.261053e-01	8.024797e-01	2.742396e-02	3.427994e-02	1.795716e-01	1.794969e-01	1.221187e-01	1.329713e-02
8384	3.153067e-01	6.491907e-01	5.767527e-02	7.209409e-02	3.776568e-01	1.469400e-01	7.752342e-01	4.923280e-01
8218	2.826642e-01	8.603378e-01	2.327737e-02	2.909671e-02	1.524199e-01	1.522223e-01	1.913395e-01	6.850248e-02
11965	8.011849e-01	4.338545e-01	3.687569e-02	4.609461e-02	2.414614e-01	1.581768e-01	4.481626e-01	2.877194e-01
24626	8.352737e-01	3.073477e-01	5.693897e-02	7.117371e-02	3.728355e-01	2.453478e-01	9.890376e-01	9.819433e-02
31865	1.033897e-01	9.673236e-01	2.168191e-02	2.710239e-02	1.419728e-01	6.344410e-02	5.601573e-01	4.773261e-01
17627	7.842210e-01	9.697009e-01	2.461751e-02	3.077189e-02	1.611951e-01	1.603314e-01	1.269878e-01	8.858092e-01
13254	6.034186e-01	5.731623e-01	4.855639e-02	6.069549e-02	3.179465e-01	1.959354e-01	3.385295e-01	6.454151e-01
24460	5.824884e-01	1.813680e-01	2.405378e-02	3.006723e-02	1.575038e-01	1.477398e-01	3.591706e-01	3.325916e-02
9928	5.577506e-01	3.905290e-01	3.081992e-02	3.852490e-02	2.018084e-01	1.417917e-01	7.525345e-01	7.401675e-01
241	4.548800e-02	7.906037e-01	4.433386e-02	5.541732e-02	2.902974e-01	2.192186e-01	6.907764e-01	2.773672e-01
5383	1.872564e-01	5.876848e-01	2.325372e-02	2.906716e-02	1.522650e-01	7.493738e-02	6.889147e-01	5.745591e-01
15479	3.982929e-01	6.481501e-01	2.992485e-02	3.740607e-02	1.959475e-01	1.511409e-01	8.645002e-01	1.318888e-01
2878	8.036186e-01	4.332857e-02	2.752180e-02	3.440225e-02	1.802123e-01	9.171060e-02	2.562741e-01	6.837712e-01
26886	4.673397e-01	7.954876e-02	2.566382e-02	3.207978e-02	1.680463e-01	1.546609e-01	4.192930e-01	5.175635e-01
8044	3.702837e-01	8.460965e-01	6.475117e-02	8.093896e-02	4.239896e-01	1.506133e-01	1.808939e-01	7.001654e-01
15235	1.270244e-01	6.455233e-01	2.629834e-02	3.287293e-02	1.722011e-01	1.671425e-01	3.473213e-01	2.450089e-02
2159	1.479184e-01	9.208615e-01	4.075061e-02	5.093827e-02	2.668344e-01	2.099906e-01	6.909865e-01	3.068409e-01
26750	4.652749e-01	4.017166e-02	3.634575e-02	4.543219e-02	2.379914e-01	1.317770e-01	4.319398e-01	8.748247e-01
24060	6.306810e-01	4.772446e-01	2.248068e-02	2.810085e-02	1.472031e-01	3.835983e-02	1.744860e-02	1.392631e-01
14324	8.323676e-01	1.265595e-01	2.548255e-02	3.185319e-02	1.668594e-01	1.296131e-01	4.958273e-01	4.423040e-01
7666	7.305522e-01	9.416016e-01	2.282193e-02	2.852741e-02	1.494376e-01	8.093681e-02	4.456444e-01	4.380824e-01
2532	3.281710e-01	3.934846e-01	2.298603e-02	2.873253e-02	1.505121e-01	7.205251e-02	3.301342e-01	2.338373e-01
1401	2.703887e-01	1.890738e-01	2.213784e-02	2.767230e-02	1.449582e-01	1.399979e-01	1.315268e-01	6.710340e-01
2594	8.414387e-01	5.873217e-01	2.724614e-02	3.405768e-02	1.784073e-01	1.651818e-01	3.756083e-01	8.028292e-01
22898	8.476024e-01	4.985464e-01	3.863389e-02	4.829236e-02	2.529741e-01	2.382356e-01	3.021291e-01	5.810605e-01
4169	1.102191e-01	8.204872e-01	3.132738e-02	3.915923e-02	2.051312e-01	2.043556e-01	6.395565e-01	3.492572e-01
29824	2.158119e-01	3.932957e-01	4.103583e-02	5.129479e-02	2.687020e-01	1.290054e-01	2.303356e-01	9.519128e-01
27008	3.477431e-01	5.905912e-01	2.185621e-02	2.732026e-02	1.431141e-01	1.427432e-01	4.219996e-01	8.828806e-01
26981	4.806669e-01	8.942880e-01	5.045376e-02	6.306721e-02	3.303705e-01	2.045197e-01	1.693482e-01	1.885838e-02
