17886	7.039945e-01	1.157984e-01	2.570063e-02	3.212578e-02	1.682873e-01	1.517826e-01	3.146107e-02	6.118415e-01
1148	5.655465e-01	4.130818e-01	2.355599e-02	2.944499e-02	1.542443e-01	1.281218e-01	8.043072e-01	5.507978e-01
27672	4.213164e-01	2.741226e-01	3.920916e-02	4.901145e-02	2.567410e-01	1.878189e-01	6.372008e-01	6.260280e-01
5966	4.466335e-01	6.870842e-01	4.898497e-02	6.123122e-02	3.207528e-01	2.857735e-01	9.264298e-02	2.086691e-01
10612	7.393194e-01	8.390793e-01	3.739577e-02	4.674471e-02	2.448669e-01	6.542352e-02	9.462768e-01	3.027543e-01
30840	2.491609e-01	6.438361e-01	5.512877e-02	6.891096e-02	3.609823e-01	3.136482e-01	9.593889e-01	1.776632e-01
7991	7.838482e-02	8.158066e-01	4.751985e-02	5.939981e-02	3.111592e-01	2.729820e-01	1.619896e-01	3.910283e-01
6413	7.190308e-01	6.563910e-02	2.586356e-02	3.232945e-02	1.693542e-01	1.265282e-01	3.533309e-01	1.039173e-02
12135	4.834376e-01	4.453270e-01	6.874333e-02	8.592916e-02	4.501303e-01	3.261311e-01	1.583203e-01	7.976140e-01
10350	8.130887e-01	3.997427e-01	2.104843e-02	2.631054e-02	1.378248e-01	1.364938e-01	4.968087e-01	8.118847e-01
10035	5.336331e-01	9.250706e-01	5.271541e-02	6.589427e-02	3.451797e-01	2.602260e-01	4.757675e-01	6.800169e-02
29070	8.638632e-01	5.773814e-01	5.297609e-02	6.622011e-02	3.468866e-01	1.663556e-01	5.000205e-01	9.030132e-01
25257	6.049643e-01	1.703379e-01	2.334202e-02	2.917752e-02	1.528432e-01	5.398537e-02	4.681230e-01	8.238990e-01
29507	5.033903e-01	7.409002e-01	7.039209e-02	8.799011e-02	4.609263e-01	2.907941e-01	2.960481e-01	9.675116e-01
32409	8.595496e-01	3.743320e-01	3.743888e-02	4.679860e-02	2.451492e-01	2.315593e-01	9.275476e-01	8.162081e-01
17639	3.287969e-01	5.043615e-01	2.376997e-02	2.971247e-02	1.556454e-01	1.542242e-01	5.025130e-01	3.404796e-01
5009	7.557277e-01	7.697146e-01	6.951137e-02	8.688921e-02	4.551594e-01	4.482745e-01	9.553578e-01	2.820508e-01
14699	1.783325e-01	4.828801e-01	4.150314e-02	5.187893e-02	2.717619e-01	2.692504e-01	5.972675e-01	9.494261e-01
20542	1.856672e-01	8.557547e-01	2.734830e-02	3.418538e-02	1.790763e-01	1.315540e-01	5.972853e-01	1.404504e-01
730	2.831030e-01	7.493343e-01	2.293537e-02	2.866922e-02	1.501805e-01	7.704670e-02	8.255318e-01	7.719531e-01
30586	4.720872e-01	1.845149e-01	5.389845e-02	6.737307e-02	3.529262e-01	3.252392e-01	2.412405e-01	3.251928e-03
25186	8.096337e-01	1.035629e-01	3.635824e-02	4.544780e-02	2.380732e-01	2.380068e-01	8.912140e-01	4.152259e-01
28121	1.843584e-01	1.402217e-01	3.018121e-02	3.772651e-02	1.976261e-01	1.035526e-01	3.247802e-01	4.691542e-01
14559	5.240282e-02	3.258179e-01	2.533829e-02	3.167287e-02	1.659147e-01	1.636979e-01	3.590340e-01	9.756980e-01
28845	4.542397e-01	7.625640e-01	3.590898e-02	4.488622e-02	2.351314e-01	1.035400e-01	1.574000e-01	1.360521e-01
3065	3.728995e-01	6.173475e-01	2.469473e-02	3.086842e-02	1.617007e-01	1.539490e-01	1.152991e-01	7.717448e-01
20806	1.712718e-01	2.164266e-01	2.559640e-02	3.199550e-02	1.676048e-01	1.604239e-01	2.410077e-02	8.901863e-01
15010	7.710214e-02	4.451454e-01	2.688271e-02	3.360338e-02	1.760275e-01	5.123906e-02	4.836738e-01	1.436052e-01
20165	5.847059e-01	5.785485e-01	2.820540e-02	3.525676e-02	1.846886e-01	6.196289e-02	2.263457e-01	7.017412e-01
10672	1.282542e-01	6.801514e-02	5.075645e-02	6.344557e-02	3.323525e-01	2.578249e-01	3.550841e-01	3.523545e-01
16225	8.883740e-01	8.401057e-01	2.919749e-02	3.649687e-02	1.911847e-01	1.537696e-01	3.523609e-01	5.798858e-01
32204	1.613761e-01	3.863828e-01	2.795658e-02	3.494573e-02	1.830593e-01	1.829306e-01	7.221973e-01	1.334781e-01
18279	2.445851e-01	2.362208e-01	3.227997e-02	4.034996e-02	2.113687e-01	2.085120e-01	5.947247e-01	6.363151e-01
29738	2.911593e-01	3.387444e-01	4.901913e-02	6.127391e-02	3.209765e-01	2.827702e-01	8.726855e-01	3.058439e-02
28774	9.474592e-01	9.628764e-01	2.708041e-02	3.385052e-02	1.773221e-01	1.728337e-01	9.261761e-01	5.668343e-01
18703	8.452424e-01	2.133216e-01	2.820792e-02	3.525990e-02	1.847050e-01	1.337755e-01	8.656924e-01	7.479535e-01
22590	1.021735e-01	9.021227e-01	2.067247e-02	2.584059e-02	1.353630e-01	1.342701e-01	8.949944e-01	9.470142e-02
2779	4.432167e-01	1.348588e-01	2.511953e-02	3.139941e-02	1.644823e-01	1.600857e-01	9.224861e-01	9.385034e-01
1497	9.355509e-01	9.684145e-02	3.025013e-02	3.781266e-02	1.980774e-01	1.578668e-01	4.208801e-01	2.908897e-01
8089	4.913793e-02	8.765417e-01	2.981451e-02	3.726813e-02	1.952249e-01	1.904066e-01	8.503665e-03	7.735846e-01
15700	6.453450e-01	7.288354e-01	2.307369e-02	2.884211e-02	1.510862e-01	1.501288e-01	6.279055e-01	7.140373e-01
28058	4.137915e-01	7.405061e-01	2.445083e-02	3.056353e-02	1.601036e-01	1.020996e-01	8.876483e-01	5.928883e-01
6452	1.381182e-01	1.636834e-01	3.763247e-02	4.704059e-02	2.464168e-01	1.080806e-01	5.275842e-01	8.666050e-01
47	4.280825e-01	1.934810e-01	2.110717e-02	2.638397e-02	1.382094e-01	1.027975e-01	2.991821e-01	8.358469e-01
19675	6.130048e-01	5.587837e-01	2.158684e-02	2.698355e-02	1.413503e-01	1.228069e-01	4.554329e-01	9.413106e-01
25634	9.588079e-01	4.377097e-01	4.111020e-02	5.138775e-02	2.691889e-01	1.535293e-01	6.837301e-01	4.418707e-01
12722	3.633778e-01	1.051528e-01	2.176094e-02	2.720117e-02	1.424903e-01	1.170884e-01	7.186810e-01	1.473616e-01
670	5.984569e-01	8.669693e-01	3.083806e-02	3.854757e-02	2.019271e-01	1.377855e-01	4.066722e-01	8.313974e-02
1295	3.114862e-01	8.460129e-02	3.660186e-02	4.575233e-02	2.396684e-01	2.195742e-01	5.758152e-02	2.311433e-01
19799	8.051786e-01	8.899361e-01	7.207308e-02	9.009135e-02	4.719334e-01	3.510625e-01	1.384085e-01	1.541065e-01
23221	1.369278e-01	4.218939e-01	2.445774e-02	3.057218e-02	1.601489e-01	4.527161e-02	1.495824e-02	6.600924e-01
11125	4.352918e-01	3.464494e-01	5.464072e-02	6.830090e-02	3.577866e-01	1.263346e-01	6.599120e-01	2.667317e-01
28961	2.051367e-01	9.115531e-02	4.436641e-02	5.545801e-02	2.905106e-01	1.718476e-01	3.589621e-01	5.072417e-01
27806	3.430330e-01	3.937043e-01	3.142939e-02	3.928674e-02	2.057992e-01	2.055779e-01	3.335193e-01	8.175613e-01
26170	9.055227e-01	4.149590e-01	2.987811e-02	3.734764e-02	1.956414e-01	7.363049e-02	1.554979e-01	1.740325e-01
3772	6.381249e-01	1.691705e-01	5.767110e-02	7.208887e-02	3.776295e-01	2.618810e-01	3.102367e-01	6.575447e-01
4892	6.132645e-01	7.505231e-02	2.664544e-02	3.330680e-02	1.744739e-01	5.609740e-02	5.025468e-01	5.424110e-01
2135	7.023405e-01	1.749032e-01	2.377681e-02	2.972101e-02	1.556902e-01	6.847542e-02	6.917225e-01	2.165494e-01
13782	8.618240e-01	1.471165e-01	6.704664e-02	8.380830e-02	4.390203e-01	2.051312e-01	4.542858e-01	3.490397e-01
29	6.518187e-01	5.103566e-01	5.252422e-02	6.565527e-02	3.439277e-01	3.419071e-01	5.569201e-01	9.239013e-01
16245	9.133992e-02	6.148690e-01	7.085163e-02	8.856453e-02	4.639353e-01	3.925564e-01	1.953715e-01	4.072399e-01
6433	8.174382e-01	7.050558e-01	3.091372e-02	3.864214e-02	2.024225e-01	1.726043e-01	4.737958e-01	1.141050e-01
21490	7.428296e-01	6.399750e-01	6.476661e-02	8.095826e-02	4.240907e-01	3.139133e-01	9.831748e-01	3.429731e-01
11917	7.215389e-01	4.433460e-01	2.202305e-02	2.752881e-02	1.442066e-01	5.569344e-02	3.414469e-01	1.655857e-01
30988	6.500196e-01	5.246270e-02	2.330064e-02	2.912580e-02	1.525722e-01	1.142997e-01	9.670695e-01	8.203261e-01
11847	3.776843e-01	8.188622e-01	3.699231e-02	4.624039e-02	2.422251e-01	1.057843e-01	2.326719e-01	3.957909e-01
2636	6.073302e-01	1.133964e-01	2.679205e-02	3.349006e-02	1.754339e-01	1.347221e-01	3.380614e-01	7.853712e-03
