27273	4.064565e-01	9.648273e-01	2.600342e-02	3.250428e-02	1.702700e-01	1.058378e-01	6.321506e-01	7.102063e-01
22504	3.989660e-01	6.066634e-01	2.976169e-02	3.720211e-02	1.948791e-01	1.322622e-01	5.035984e-01	2.524881e-01
10905	4.350131e-01	8.499433e-01	3.809430e-02	4.761788e-02	2.494409e-01	2.151052e-01	9.291729e-01	1.023317e-01
12676	4.438639e-01	1.297948e-01	2.503974e-02	3.129968e-02	1.639598e-01	1.479899e-01	2.375595e-01	9.000845e-01
17328	9.136265e-01	6.081019e-01	3.058098e-02	3.822623e-02	2.002438e-01	1.286171e-01	8.298104e-01	1.001897e-01
13806	5.088257e-01	7.325617e-02	5.485210e-02	6.856512e-02	3.591707e-01	2.234534e-01	8.300292e-01	2.172804e-01
611	1.714278e-01	9.339734e-01	4.123169e-02	5.153961e-02	2.699845e-01	2.581128e-01	2.983685e-01	8.524821e-01
22752	2.614586e-01	2.001366e-01	3.066357e-02	3.832946e-02	2.007846e-01	1.473543e-01	5.580922e-01	2.874198e-01
32111	7.143050e-01	5.248630e-01	6.319823e-02	7.899779e-02	4.138210e-01	4.131275e-01	3.624024e-01	4.315498e-01
1569	6.377895e-01	1.963740e-01	4.684196e-02	5.855245e-02	3.067204e-01	2.949508e-01	1.026178e-01	4.352319e-01
2680	5.493832e-01	7.704593e-01	3.098748e-02	3.873435e-02	2.029055e-01	1.097236e-01	1.802656e-01	1.208173e-01
32036	5.224610e-01	7.993668e-01	3.383178e-02	4.228972e-02	2.215299e-01	1.379443e-01	4.907042e-01	9.112810e-01
26435	7.283248e-01	3.006037e-01	5.678448e-02	7.098060e-02	3.718239e-01	3.521220e-01	6.866159e-01	3.477219e-01
6106	3.854385e-01	2.435479e-01	2.206728e-02	2.758410e-02	1.444962e-01	1.376344e-01	5.874618e-01	4.250972e-01
26306	2.240392e-01	4.431690e-01	4.077371e-02	5.096713e-02	2.669856e-01	2.542872e-01	9.049428e-01	4.725981e-01
27892	5.583905e-01	1.592147e-01	5.875256e-02	7.344069e-02	3.847108e-01	3.537105e-01	4.774657e-01	4.158656e-01
6079	3.548262e-01	1.211250e-01	2.980447e-02	3.725558e-02	1.951592e-01	1.486542e-01	7.054905e-02	1.732297e-01
8938	3.378301e-01	7.013999e-01	3.289602e-02	4.112003e-02	2.154027e-01	1.202411e-01	2.038274e-02	3.591083e-01
21936	4.812597e-01	4.013878e-01	6.915479e-02	8.644348e-02	4.528245e-01	3.161885e-01	9.640404e-01	5.752052e-01
12454	6.482129e-01	5.964215e-01	2.728550e-02	3.410687e-02	1.786650e-01	1.316485e-01	5.702459e-01	8.811276e-01
13471	7.891895e-01	8.844179e-01	5.023041e-02	6.278802e-02	3.289080e-01	1.629927e-01	3.901516e-01	1.941798e-01
11358	2.799786e-01	5.754562e-01	2.187588e-02	2.734485e-02	1.432429e-01	8.785274e-02	7.792367e-01	1.484826e-01
30707	2.136342e-01	2.990276e-01	3.326960e-02	4.158700e-02	2.178488e-01	2.164907e-01	8.581430e-01	8.463075e-01
2434	3.132703e-01	3.512758e-01	2.610106e-02	3.262633e-02	1.709094e-01	1.708129e-01	2.484608e-01	6.343454e-01
21900	1.518058e-01	8.036730e-01	2.360493e-02	2.950617e-02	1.545647e-01	1.434825e-01	6.834911e-01	1.225791e-01
22449	9.234780e-01	1.842232e-01	2.132039e-02	2.665049e-02	1.396056e-01	3.771474e-02	7.745575e-01	4.128443e-01
22546	2.585509e-01	4.043833e-01	2.950828e-02	3.688535e-02	1.932198e-01	1.247560e-01	7.830957e-01	6.313983e-01
18798	6.321019e-01	9.133479e-01	3.061656e-02	3.827070e-02	2.004768e-01	1.451142e-01	7.189697e-01	4.111651e-01
15385	4.836409e-01	2.964813e-01	4.886856e-02	6.108570e-02	3.199906e-01	2.506736e-01	3.931447e-01	5.017090e-01
12621	5.811516e-01	4.732350e-01	4.444229e-02	5.555287e-02	2.910074e-01	2.810016e-01	1.767116e-01	3.612029e-01
6464	2.742982e-01	6.457068e-01	3.235678e-02	4.044597e-02	2.118717e-01	2.076657e-01	3.694854e-01	4.829341e-01
20122	1.100354e-01	5.484652e-01	2.418340e-02	3.022925e-02	1.583525e-01	5.677635e-02	2.740839e-01	3.180306e-01
19624	6.128475e-01	2.532149e-01	3.845556e-02	4.806945e-02	2.518064e-01	2.016201e-01	6.092160e-01	8.512342e-01
32639	1.467891e-01	4.343674e-01	3.144480e-02	3.930600e-02	2.059001e-01	2.047478e-01	3.709059e-01	4.059445e-01
14942	3.630803e-01	7.321024e-01	3.436882e-02	4.296103e-02	2.250465e-01	1.686500e-01	7.197284e-01	8.209353e-01
31637	9.436380e-01	3.408843e-01	3.034700e-02	3.793375e-02	1.987117e-01	1.897345e-01	5.784585e-01	8.503396e-01
22910	1.741457e-01	2.115009e-01	2.425583e-02	3.031979e-02	1.588268e-01	9.548784e-02	4.608244e-01	1.456607e-01
28296	7.023081e-01	1.470148e-01	3.298829e-02	4.123537e-02	2.160068e-01	2.063641e-01	8.639882e-01	6.190785e-01
28224	1.320473e-01	1.177578e-01	2.620097e-02	3.275122e-02	1.715636e-01	1.321536e-01	6.098752e-01	4.216517e-01
3646	4.566178e-01	1.910734e-01	2.234290e-02	2.792862e-02	1.463009e-01	5.998159e-02	7.413708e-01	2.089909e-01
18867	6.088381e-01	8.141894e-01	7.105050e-02	8.881312e-02	4.652376e-01	1.237912e-01	7.680601e-01	5.519577e-01
5468	5.605530e-01	9.348809e-01	3.995526e-02	4.994408e-02	2.616264e-01	2.285162e-01	8.236055e-01	5.772210e-02
17483	4.271511e-01	2.361952e-01	2.200575e-02	2.750719e-02	1.440933e-01	8.390237e-02	9.695528e-02	3.193471e-01
10607	8.868335e-02	4.109643e-01	2.499940e-02	3.124925e-02	1.636957e-01	9.674529e-02	1.563694e-01	4.403335e-01
26792	6.716818e-01	8.410198e-01	4.083588e-02	5.104485e-02	2.673927e-01	2.673759e-01	3.521299e-01	6.486066e-02
7092	9.161635e-01	1.054190e-01	2.286675e-02	2.858344e-02	1.497311e-01	8.584460e-02	1.207150e-04	2.924087e-01
25668	8.257035e-01	7.872060e-01	2.287475e-02	2.859344e-02	1.497835e-01	1.115408e-01	6.944969e-01	5.738814e-01
1922	4.853608e-01	7.458593e-01	6.642673e-02	8.303342e-02	4.349612e-01	3.513639e-01	1.510985e-01	1.588357e-01
31322	5.683327e-01	4.109114e-01	2.990764e-02	3.738455e-02	1.958347e-01	1.778370e-01	1.748873e-01	8.007774e-01
23916	9.124685e-01	4.829400e-02	2.091888e-02	2.614860e-02	1.369765e-01	9.255542e-02	4.695120e-01	6.128557e-01
2723	5.342601e-01	6.278008e-01	4.167712e-02	5.209641e-02	2.729012e-01	8.521254e-02	9.785258e-01	2.346081e-01
5592	2.730146e-01	1.612317e-01	3.200541e-02	4.000677e-02	2.095710e-01	9.374472e-02	5.864055e-01	7.425250e-01
16126	8.610076e-01	2.592483e-01	3.355548e-02	4.194435e-02	2.197208e-01	1.412314e-01	7.549614e-01	7.080117e-01
29453	9.277649e-01	7.304765e-01	6.334387e-02	7.917983e-02	4.147747e-01	2.951311e-01	7.707899e-01	9.185103e-01
5142	3.533935e-01	9.380440e-01	4.080359e-02	5.100448e-02	2.671813e-01	2.263593e-01	3.709964e-01	8.482810e-01
7912	8.262567e-01	4.658779e-01	6.716227e-02	8.395283e-02	4.397775e-01	4.372812e-01	4.860339e-01	8.497280e-01
29510	6.231049e-01	1.277565e-01	2.099793e-02	2.624741e-02	1.374941e-01	4.483928e-02	6.042588e-01	6.525188e-01
9997	5.397495e-01	7.364349e-01	2.064262e-02	2.580327e-02	1.351675e-01	3.629428e-02	9.707428e-02	7.184895e-01
25691	6.140523e-01	5.601599e-01	2.122476e-02	2.653095e-02	1.389794e-01	1.324485e-01	8.959097e-01	7.866359e-01
28381	9.116070e-01	2.709496e-01	5.753943e-02	7.192429e-02	3.767673e-01	2.792041e-01	4.825080e-01	9.098561e-01
31814	8.698382e-01	8.879110e-01	2.592486e-02	3.240608e-02	1.697556e-01	8.463506e-02	3.356977e-01	9.773817e-02
14860	8.703791e-01	7.487231e-01	2.869822e-02	3.587278e-02	1.879155e-01	1.013637e-01	2.046568e-01	6.960712e-01
16845	2.273785e-01	8.084366e-01	2.420666e-02	3.025832e-02	1.585048e-01	1.170833e-01	6.787572e-01	2.029851e-02
6585	8.636167e-02	8.477635e-01	2.587722e-02	3.234653e-02	1.694437e-01	1.287671e-01	3.980890e-01	7.665101e-01
26051	9.308234e-01	1.391183e-01	3.009613e-02	3.762016e-02	1.970690e-01	1.385226e-01	5.948982e-01	2.640702e-01
5534	3.619606e-01	4.846007e-01	6.475695e-02	8.094618e-02	4.240275e-01	3.826820e-01	5.952867e-01	4.805045e-01
256	5.470753e-01	8.051300e-01	2.250233e-02	2.812791e-02	1.473449e-01	5.602204e-02	6.430005e-01	3.835597e-01
4156	2.569964e-01	4.855370e-01	2.174887e-02	2.718608e-02	1.424112e-01	1.228490e-01	3.448639e-01	5.045230e-01
404	9.466022e-01	8.786640e-01	2.452453e-02	3.065567e-02	1.605863e-01	1.515884e-01	9.658263e-01	2.162551e-01
25292	1.750838e-01	3.981115e-01	3.850828e-02	4.813535e-02	2.521516e-01	1.408235e-01	1.278200e-01	7.422362e-01
18104	5.594945e-01	2.665265e-01	2.744037e-02	3.430047e-02	1.796791e-01	6.065283e-02	3.667139e-01	1.268743e-01
10907	9.254264e-01	6.453761e-01	5.943765e-02	7.429707e-02	3.891968e-01	2.724506e-01	8.167616e-01	2.196474e-01
15875	2.130192e-01	6.780277e-01	2.538326e-02	3.172908e-02	1.662092e-01	1.491843e-01	7.750897e-01	8.867782e-01
10675	3.820039e-01	8.556427e-01	2.952914e-02	3.691143e-02	1.933564e-01	1.777731e-01	1.904566e-01	2.845638e-02
