25436	8.260791e-01	1.095682e-01	2.583433e-02	3.229292e-02	1.691628e-01	9.890290e-02	1.124911e-01	6.011990e-01
28955	2.675515e-01	5.351342e-01	3.194225e-02	3.992781e-02	2.091574e-01	1.868016e-01	2.735019e-02	4.607728e-01
4289	5.203058e-01	7.537232e-01	5.371719e-02	6.714648e-02	3.517393e-01	3.516998e-01	6.357728e-01	5.559861e-01
21487	5.817889e-01	7.269150e-01	2.963616e-02	3.704520e-02	1.940571e-01	1.512846e-01	1.336529e-01	4.958995e-01
16027	9.424160e-01	3.720021e-02	2.277019e-02	2.846273e-02	1.490988e-01	6.786175e-02	5.605535e-01	7.337990e-01
32688	4.147782e-01	3.581133e-02	2.184482e-02	2.730602e-02	1.430395e-01	6.740030e-02	4.720086e-01	6.697089e-01
12089	4.516440e-02	8.407744e-01	2.065295e-02	2.581618e-02	1.352352e-01	1.045991e-01	1.570188e-01	5.969510e-01
18162	8.164675e-01	3.860241e-01	4.675259e-02	5.844074e-02	3.061352e-01	1.727555e-01	3.934237e-01	6.183361e-01
245	4.109260e-02	6.458328e-01	2.817511e-02	3.521889e-02	1.844902e-01	1.255036e-01	5.023297e-01	3.497667e-01
25050	4.254327e-01	5.966169e-01	3.034101e-02	3.792626e-02	1.986724e-01	7.797859e-02	6.544238e-01	9.159714e-01
19542	8.115283e-01	4.821965e-01	2.822282e-02	3.527852e-02	1.848026e-01	8.550114e-02	9.300502e-01	9.159730e-01
26756	4.682064e-01	5.749782e-01	3.347668e-02	4.184585e-02	2.192048e-01	1.993051e-01	9.545247e-01	1.771869e-01
3609	6.317827e-01	3.143772e-01	5.250251e-02	6.562814e-02	3.437856e-01	1.354260e-01	3.253389e-01	3.269377e-01
26592	7.581091e-01	2.873849e-01	2.215485e-02	2.769356e-02	1.450696e-01	7.824297e-02	2.519436e-01	5.812374e-01
3590	9.117502e-01	6.298896e-01	2.189217e-02	2.736521e-02	1.433496e-01	1.418178e-01	6.443783e-01	8.119794e-01
236	7.058608e-01	2.373931e-01	4.979278e-02	6.224098e-02	3.260424e-01	2.228594e-01	6.923122e-01	9.353084e-01
11582	1.175641e-01	8.773974e-01	6.199287e-02	7.749109e-02	4.059284e-01	3.246494e-01	7.315520e-01	7.347347e-01
22799	2.956846e-01	6.672029e-01	5.667620e-02	7.084525e-02	3.711149e-01	9.729054e-02	6.922511e-01	2.148779e-01
27384	3.741370e-01	7.373152e-01	2.474095e-02	3.092619e-02	1.620034e-01	1.465757e-01	2.597375e-01	8.132075e-02
11054	9.433944e-01	8.409025e-01	2.335771e-02	2.919713e-02	1.529459e-01	9.534611e-02	7.620195e-01	5.410121e-01
14030	1.342980e-01	5.916525e-01	4.258595e-02	5.323244e-02	2.788521e-01	2.156550e-01	2.873735e-01	4.118998e-01
7547	4.833643e-01	7.151444e-01	2.076486e-02	2.595607e-02	1.359680e-01	9.835714e-02	3.706456e-01	7.669031e-02
3856	6.358667e-01	2.454751e-01	3.484641e-02	4.355802e-02	2.281738e-01	1.439793e-01	7.232803e-01	2.316968e-01
1206	5.934051e-01	7.862610e-01	2.263452e-02	2.829315e-02	1.482105e-01	1.128948e-01	5.453588e-01	5.214908e-02
19192	1.266703e-01	2.979008e-01	6.700386e-02	8.375483e-02	4.387403e-01	2.772893e-01	8.417589e-02	1.844821e-01
12664	5.657671e-01	3.299978e-01	2.285684e-02	2.857105e-02	1.496662e-01	4.878301e-02	5.385168e-02	7.369315e-01
23541	7.546880e-01	9.149371e-01	4.891659e-02	6.114574e-02	3.203051e-01	3.051635e-01	1.373647e-01	3.386532e-01
23175	2.101066e-01	7.710143e-01	6.018539e-02	7.523174e-02	3.940930e-01	1.833653e-01	9.812236e-02	2.306601e-01
12321	8.726311e-01	6.265759e-01	2.689804e-02	3.362255e-02	1.761280e-01	1.402896e-01	9.837115e-01	3.404046e-01
7214	8.960148e-01	4.965498e-01	2.803479e-02	3.504349e-02	1.835714e-01	1.832659e-01	9.825893e-01	9.089969e-01
3489	6.957850e-01	7.937252e-01	2.817921e-02	3.522401e-02	1.845170e-01	1.781333e-01	8.933242e-02	1.736719e-01
29631	6.190937e-01	8.062207e-01	4.104636e-02	5.130795e-02	2.687709e-01	1.654848e-01	4.952310e-01	9.230044e-01
12607	7.314343e-02	6.065104e-02	4.595608e-02	5.744510e-02	3.009197e-01	3.008973e-01	8.056218e-02	7.222775e-02
3166	6.768246e-01	3.407809e-02	2.335468e-02	2.919335e-02	1.529261e-01	6.849340e-02	4.086571e-01	2.935027e-01
27668	1.789083e-01	8.799607e-01	3.040628e-02	3.800785e-02	1.990999e-01	7.687381e-02	2.241684e-01	7.778704e-01
24888	6.270049e-01	6.786385e-01	2.535431e-02	3.169288e-02	1.660196e-01	1.096562e-01	1.438238e-01	3.881349e-01
5222	5.889345e-01	1.293170e-01	2.998209e-02	3.747761e-02	1.963223e-01	1.932825e-01	9.492598e-01	2.656760e-01
13427	8.835117e-01	2.376998e-01	7.879139e-02	9.848924e-02	5.159248e-01	5.102940e-01	7.550727e-01	2.353756e-01
18103	4.400814e-01	2.925563e-01	4.274638e-02	5.343298e-02	2.799027e-01	1.908316e-01	5.145537e-01	4.918265e-01
26271	5.101451e-01	3.532748e-01	2.501834e-02	3.127293e-02	1.638197e-01	1.631609e-01	3.300565e-01	1.580710e-01
31885	2.746795e-01	9.615521e-01	3.271162e-02	4.088953e-02	2.141952e-01	2.108017e-01	4.884985e-01	9.290870e-01
22476	2.213240e-01	2.145064e-01	4.907374e-02	6.134217e-02	3.213341e-01	1.584461e-01	2.739171e-01	3.005863e-01
18448	1.895166e-01	2.189274e-01	4.045139e-02	5.056424e-02	2.648751e-01	1.099585e-01	1.904518e-01	7.373896e-01
16291	7.615990e-01	4.193457e-01	2.398992e-02	2.998740e-02	1.570856e-01	1.457439e-01	2.052725e-02	3.104270e-01
30917	7.279924e-01	8.313655e-01	3.253886e-02	4.067357e-02	2.130639e-01	1.900713e-01	3.497069e-01	1.934279e-01
4362	6.711278e-01	3.408977e-01	3.443744e-02	4.304680e-02	2.254958e-01	1.408400e-01	9.850620e-01	3.792158e-01
26496	6.322230e-01	5.681924e-02	2.603636e-02	3.254545e-02	1.704857e-01	1.669533e-01	5.653181e-01	4.406674e-02
9462	3.214372e-01	7.650108e-01	3.253123e-02	4.066403e-02	2.130140e-01	2.102284e-01	3.180651e-01	6.360676e-02
20698	6.516864e-01	1.550100e-01	5.938259e-02	7.422824e-02	3.888363e-01	1.820439e-01	1.650993e-01	3.535072e-01
9687	1.845271e-01	7.093996e-01	2.673435e-02	3.341794e-02	1.750561e-01	1.203512e-01	8.770987e-01	8.207329e-01
14626	3.935167e-01	6.964125e-01	3.788638e-02	4.735798e-02	2.480795e-01	2.467850e-01	9.330033e-01	7.414288e-01
29048	3.217383e-01	3.247587e-01	3.415594e-02	4.269493e-02	2.236526e-01	2.122780e-01	5.699268e-01	1.070389e-01
25039	5.238747e-01	3.839627e-02	2.255979e-02	2.819974e-02	1.477211e-01	1.337540e-01	3.332627e-01	9.951093e-01
24333	4.638692e-01	8.011060e-01	2.128022e-02	2.660028e-02	1.393426e-01	1.248024e-01	4.366099e-01	4.849864e-01
22570	2.757575e-01	8.392962e-01	4.679576e-02	5.849470e-02	3.064179e-01	1.603666e-01	3.035422e-03	9.499379e-02
6112	3.618827e-01	3.937085e-01	2.656346e-02	3.320432e-02	1.739371e-01	1.127125e-01	8.677516e-01	9.709169e-01
10863	6.705146e-01	4.877942e-01	7.384476e-02	9.230595e-02	4.835344e-01	3.502425e-01	1.278518e-01	2.134617e-01
5370	3.305643e-01	6.082292e-01	2.253667e-02	2.817084e-02	1.475698e-01	5.955282e-02	2.194619e-01	1.654678e-01
6836	4.971217e-01	5.002792e-01	2.347578e-02	2.934473e-02	1.537191e-01	9.256045e-02	2.618592e-01	9.666365e-01
26222	7.871657e-01	3.044210e-02	2.571599e-02	3.214499e-02	1.683879e-01	1.637199e-01	3.970854e-01	7.994771e-01
13038	5.251563e-01	2.617764e-01	6.000861e-02	7.501076e-02	3.929354e-01	3.472258e-01	6.590390e-01	3.928160e-01
22660	7.699896e-01	8.524444e-01	2.172410e-02	2.715513e-02	1.422491e-01	5.085970e-02	5.077563e-01	3.176526e-03
28736	8.477749e-01	8.002142e-01	3.310670e-02	4.138338e-02	2.167822e-01	1.121241e-01	4.140783e-01	3.987799e-01
15701	1.390773e-01	7.855758e-01	3.452516e-02	4.315644e-02	2.260702e-01	7.805534e-02	1.938777e-01	1.971042e-01
27090	2.343521e-01	6.070006e-01	3.970316e-02	4.962895e-02	2.599757e-01	1.839344e-01	5.657606e-01	7.974698e-01
16856	9.627265e-01	7.706010e-01	3.074436e-02	3.843045e-02	2.013136e-01	7.147060e-02	1.626357e-01	9.065141e-01
16554	5.620194e-02	1.189079e-01	2.716099e-02	3.395124e-02	1.778498e-01	1.628961e-01	2.718755e-01	8.315906e-01
25106	9.109073e-02	3.572310e-01	2.508496e-02	3.135620e-02	1.642559e-01	1.522900e-01	5.408333e-01	2.549740e-01
4079	8.481142e-01	1.665793e-01	4.658143e-02	5.822678e-02	3.050145e-01	2.079847e-01	1.569757e-01	7.145412e-01
19386	1.980157e-01	3.946937e-01	2.163886e-02	2.704857e-02	1.416909e-01	6.786360e-02	1.940707e-01	3.595620e-01
16108	5.272800e-01	8.247986e-02	2.063567e-02	2.579459e-02	1.351221e-01	5.457346e-02	4.008973e-01	2.675146e-01
1246	6.554326e-01	9.194710e-01	4.466531e-02	5.583164e-02	2.924678e-01	2.881939e-01	6.836380e-01	3.415098e-01
28633	6.793010e-01	6.175190e-01	2.253724e-02	2.817155e-02	1.475735e-01	1.116050e-01	8.169163e-01	1.762311e-01
21373	9.195830e-01	7.590643e-01	4.846836e-02	6.058544e-02	3.173700e-01	1.717052e-01	2.309456e-02	1.563216e-01
9641	8.843042e-01	5.643170e-01	6.053279e-02	7.566599e-02	3.963678e-01	3.875551e-01	1.035278e-01	4.543404e-02
8712	4.089947e-02	1.929159e-01	2.130169e-02	2.662711e-02	1.394831e-01	6.619061e-02	4.609580e-01	9.302630e-01
21360	3.648122e-01	4.233936e-01	2.429457e-02	3.036821e-02	1.590805e-01	6.225886e-02	6.020583e-01	6.555720e-01
12417	5.682081e-01	5.877069e-01	2.447846e-02	3.059807e-02	1.602846e-01	1.151720e-01	6.417171e-01	1.541051e-01
9321	2.607194e-01	1.897398e-01	2.210643e-02	2.763303e-02	1.447525e-01	1.425333e-01	7.352388e-01	2.378627e-01
26462	1.901095e-01	1.606768e-01	4.215801e-02	5.269751e-02	2.760500e-01	1.015964e-01	3.457082e-01	9.776903e-01
12762	8.014796e-01	5.905534e-01	2.673502e-02	3.341877e-02	1.750605e-01	1.171904e-01	6.299617e-01	5.208180e-01
