21786	7.246652e-01	8.929670e-01	2.537084e-02	3.171354e-02	1.661278e-01	1.268112e-01	8.232955e-01	6.130290e-01
17201	7.736651e-01	1.640085e-01	4.205432e-02	5.256790e-02	2.753711e-01	8.819767e-02	2.118717e-01	6.599506e-01
27899	1.112822e-01	8.215077e-01	2.734416e-02	3.418020e-02	1.790492e-01	1.555204e-01	6.062830e-01	5.325878e-01
11619	3.915339e-01	2.495878e-01	5.281940e-02	6.602425e-02	3.458606e-01	2.877622e-01	4.470094e-01	2.586857e-01
25619	5.840456e-02	7.838462e-01	2.916641e-02	3.645801e-02	1.909812e-01	5.656455e-02	3.184053e-01	3.943387e-01
17844	5.773698e-01	6.197365e-01	4.586449e-02	5.733062e-02	3.003200e-01	1.428081e-01	9.427457e-01	2.916046e-01
14978	3.969891e-01	8.217928e-01	2.128328e-02	2.660410e-02	1.393626e-01	1.032358e-01	8.884120e-01	3.398602e-01
30271	4.211123e-01	1.613949e-01	2.413756e-02	3.017195e-02	1.580524e-01	1.436725e-01	4.051042e-01	7.647114e-01
1100	4.862975e-01	2.121374e-01	2.317428e-02	2.896786e-02	1.517449e-01	1.087405e-01	1.885453e-02	9.936016e-01
12128	7.074639e-01	7.416255e-01	2.339788e-02	2.924735e-02	1.532090e-01	1.521156e-01	6.011774e-01	1.255998e-02
26509	4.111016e-01	3.195286e-01	2.711895e-02	3.389869e-02	1.775745e-01	5.537766e-02	1.522035e-01	2.436921e-01
13911	8.861680e-01	6.822659e-01	2.712359e-02	3.390449e-02	1.776049e-01	1.493916e-01	4.819013e-01	5.101935e-01
17460	4.687967e-01	8.949665e-02	4.571838e-02	5.714797e-02	2.993632e-01	2.939505e-01	2.457462e-01	8.187977e-02
841	9.245237e-01	7.320381e-01	3.570826e-02	4.463532e-02	2.338171e-01	1.823528e-01	8.644109e-01	9.636483e-01
24374	6.729908e-01	4.274896e-01	3.825884e-02	4.782356e-02	2.505183e-01	2.144311e-01	4.977831e-01	3.685357e-01
20623	2.972586e-01	6.990416e-01	4.313124e-02	5.391404e-02	2.824227e-01	2.823605e-01	4.123427e-01	9.385436e-01
15944	2.826079e-01	6.540469e-01	2.520645e-02	3.150806e-02	1.650515e-01	1.650370e-01	9.276886e-01	2.190358e-01
27910	3.412585e-01	1.290288e-01	4.844934e-02	6.056168e-02	3.172455e-01	2.283352e-01	1.007959e-01	2.837836e-03
15255	5.752017e-01	2.368172e-01	2.332172e-02	2.915215e-02	1.527102e-01	1.013655e-01	1.712147e-02	9.540649e-01
29708	7.304018e-01	5.991540e-01	4.796125e-02	5.995156e-02	3.140495e-01	2.558678e-01	9.937997e-01	7.777745e-01
7874	5.103885e-01	3.713462e-01	4.895390e-02	6.119237e-02	3.205494e-01	3.198386e-01	6.839655e-01	4.149217e-01
5311	8.829929e-01	8.391111e-01	3.886874e-02	4.858593e-02	2.545119e-01	9.398711e-02	6.983836e-01	4.140612e-01
13981	2.266053e-01	7.208193e-01	2.500043e-02	3.125054e-02	1.637024e-01	1.507555e-01	2.450635e-01	8.957297e-01
5562	8.184484e-01	5.017343e-01	3.184478e-02	3.980597e-02	2.085191e-01	1.338950e-01	9.494656e-01	6.629700e-01
31601	3.389474e-01	6.110359e-01	3.168753e-02	3.960942e-02	2.074895e-01	1.512503e-01	7.382200e-01	3.872651e-01
25040	2.847967e-01	1.266546e-01	2.286312e-02	2.857890e-02	1.497074e-01	1.496534e-01	7.234806e-01	7.446835e-02
18976	4.701390e-02	5.249300e-02	3.074621e-02	3.843277e-02	2.013257e-01	1.957818e-01	2.901248e-01	2.183436e-01
766	7.254295e-01	9.494950e-01	2.697361e-02	3.371702e-02	1.766228e-01	1.520363e-01	4.289302e-01	2.764151e-01
4776	8.770943e-01	9.566742e-02	2.302645e-02	2.878306e-02	1.507768e-01	1.171823e-01	5.353594e-01	1.261578e-01
30606	3.025925e-01	3.841198e-01	7.918745e-02	9.898431e-02	5.185182e-01	3.277287e-01	3.132026e-01	1.090038e-01
22314	5.203911e-01	7.078906e-01	2.290450e-02	2.863062e-02	1.499783e-01	1.211042e-01	6.688521e-01	8.498948e-01
7866	4.315399e-02	7.280520e-01	3.167961e-02	3.959951e-02	2.074376e-01	2.044619e-01	2.402671e-01	9.882748e-01
24110	2.224403e-01	1.531629e-01	3.147922e-02	3.934903e-02	2.061255e-01	1.425645e-01	9.919286e-01	1.649786e-01
23576	4.561564e-01	8.506672e-01	4.360807e-02	5.451009e-02	2.855450e-01	2.696533e-01	1.131883e-04	1.256652e-01
8186	4.793907e-02	3.379615e-01	2.196522e-02	2.745653e-02	1.438280e-01	1.225149e-01	7.230807e-01	2.987901e-02
8670	4.683204e-01	4.576646e-01	4.531118e-02	5.663898e-02	2.966969e-01	2.917325e-01	7.078690e-01	9.586165e-02
22762	8.201444e-01	4.031722e-01	2.902257e-02	3.627821e-02	1.900393e-01	1.671380e-01	5.450846e-01	5.935397e-01
30635	1.096866e-01	4.311582e-01	3.894716e-02	4.868395e-02	2.550254e-01	2.345685e-01	5.906585e-01	2.794582e-01
7132	4.813038e-01	6.610306e-01	2.339043e-02	2.923804e-02	1.531602e-01	1.526896e-01	8.831805e-01	1.740451e-01
16088	7.124537e-01	6.624146e-01	5.280828e-02	6.601035e-02	3.457878e-01	2.332385e-01	3.951682e-01	3.060945e-01
8113	7.279165e-01	2.422183e-01	2.242808e-02	2.803510e-02	1.468587e-01	6.975475e-02	7.058193e-01	5.880556e-01
23753	1.194832e-01	5.145576e-01	6.141644e-02	7.677055e-02	4.021539e-01	3.273590e-01	9.834017e-01	5.796596e-01
3381	5.450390e-02	5.824444e-01	4.430673e-02	5.538341e-02	2.901198e-01	2.234122e-01	6.098950e-01	6.953791e-01
22819	1.759400e-01	3.734881e-01	3.087566e-02	3.859457e-02	2.021733e-01	2.009267e-01	2.009530e-01	3.881737e-01
19829	9.143062e-01	6.491214e-01	2.587090e-02	3.233863e-02	1.694023e-01	1.503433e-01	3.130197e-01	2.428390e-01
4717	9.141325e-01	2.936740e-01	3.001728e-02	3.752159e-02	1.965527e-01	1.832805e-01	1.722683e-01	7.827828e-01
29181	4.221838e-01	5.948479e-01	3.151474e-02	3.939342e-02	2.063580e-01	2.004244e-01	5.583236e-01	4.320503e-02
17000	9.646454e-01	2.899818e-02	2.139443e-02	2.674303e-02	1.400904e-01	7.666306e-02	5.518181e-01	4.458600e-01
25179	8.144782e-01	4.434950e-01	2.148294e-02	2.685367e-02	1.406699e-01	8.747670e-02	7.909712e-01	3.385951e-01
27569	8.847980e-01	7.220261e-01	2.198850e-02	2.748562e-02	1.439804e-01	5.107849e-02	6.505856e-01	4.352176e-01
31833	1.725665e-01	6.498909e-01	7.372068e-02	9.215085e-02	4.827219e-01	4.822388e-01	7.610021e-01	4.624175e-01
18785	5.890555e-01	8.463299e-01	6.619015e-02	8.273768e-02	4.334121e-01	4.058010e-01	7.704814e-03	8.735044e-01
20246	1.018273e-01	9.136147e-01	2.224627e-02	2.780784e-02	1.456682e-01	4.205151e-02	7.189266e-01	2.935933e-01
28755	5.469048e-01	4.830603e-01	2.095230e-02	2.619037e-02	1.371953e-01	9.711556e-02	1.792139e-01	2.617053e-01
13804	2.827669e-01	9.585938e-01	2.934194e-02	3.667743e-02	1.921306e-01	1.164393e-01	3.817290e-01	3.009208e-01
6907	8.269242e-01	2.697266e-01	3.085226e-02	3.856532e-02	2.020201e-01	9.131266e-02	8.333929e-01	7.247083e-01
16200	8.660722e-01	5.981780e-01	2.938909e-02	3.673637e-02	1.924393e-01	1.230461e-01	9.898159e-01	3.240597e-01
30372	5.080891e-01	8.176701e-01	6.834940e-02	8.543675e-02	4.475508e-01	1.245514e-01	3.260176e-01	4.653998e-01
10022	6.668642e-01	7.603654e-01	2.600569e-02	3.250711e-02	1.702848e-01	7.826747e-02	6.166969e-01	4.893326e-01
21580	9.423099e-01	7.999044e-01	3.538093e-02	4.422617e-02	2.316738e-01	2.113247e-01	7.267828e-01	7.060231e-01
11610	5.272754e-01	9.515968e-01	2.487518e-02	3.109397e-02	1.628823e-01	1.485804e-01	1.805193e-01	1.919277e-01
24934	6.168307e-01	7.569773e-01	2.082416e-02	2.603020e-02	1.363563e-01	1.207808e-01	1.589207e-01	9.402074e-02
12776	7.521602e-01	4.632482e-02	2.428322e-02	3.035403e-02	1.590062e-01	1.444082e-01	5.713641e-01	9.912000e-01
10499	3.914613e-01	4.659762e-01	6.635704e-02	8.294629e-02	4.345048e-01	4.066788e-01	5.998061e-01	5.769507e-01
7131	5.445858e-01	6.714795e-01	3.105362e-02	3.881703e-02	2.033386e-01	1.919730e-01	2.764068e-01	6.868282e-01
16670	7.227441e-02	6.784584e-01	2.084633e-02	2.605792e-02	1.365015e-01	8.613914e-02	7.826512e-01	8.570996e-01
30402	1.567084e-01	2.106873e-01	2.887823e-02	3.609778e-02	1.890942e-01	1.201299e-01	2.890501e-01	1.824423e-01
28388	2.633672e-01	8.683694e-01	3.187824e-02	3.984781e-02	2.087383e-01	9.260345e-02	4.303174e-02	5.620326e-01
10170	7.448572e-01	1.855624e-01	2.869305e-02	3.586632e-02	1.878817e-01	1.463612e-01	4.811842e-01	1.548881e-01
20133	6.181624e-01	6.709150e-01	6.398143e-02	7.997679e-02	4.189494e-01	1.995182e-01	6.946188e-02	7.247030e-01
12959	2.585757e-01	8.393998e-01	3.045509e-02	3.806886e-02	1.994195e-01	6.427525e-02	5.187202e-02	7.839587e-01
15555	3.219340e-01	4.542278e-01	2.343195e-02	2.928994e-02	1.534321e-01	1.382030e-01	8.122291e-01	8.388244e-02
14639	6.917460e-01	9.362313e-01	2.431338e-02	3.039172e-02	1.592036e-01	1.580551e-01	3.064459e-02	5.972571e-01
1894	1.968273e-01	4.737022e-01	3.639216e-02	4.549020e-02	2.382953e-01	6.706676e-02	5.404273e-02	5.513404e-01
467	1.588526e-01	8.269067e-02	2.339801e-02	2.924751e-02	1.532098e-01	1.374172e-01	7.148651e-01	2.738051e-01
27953	2.293343e-01	4.398924e-01	2.060379e-02	2.575474e-02	1.349133e-01	1.263664e-01	2.201368e-01	5.814636e-01
19386	9.641750e-01	7.572172e-01	2.427703e-02	3.034629e-02	1.589656e-01	9.744786e-02	3.016566e-01	4.506366e-01
27087	6.614888e-01	3.639289e-01	2.148495e-02	2.685619e-02	1.406831e-01	1.222444e-01	4.690586e-01	7.553863e-01
