14155	8.599633e-02	7.704206e-02	2.178120e-02	2.722649e-02	1.426229e-01	6.678633e-02	4.774368e-01	5.401409e-01
25829	4.975904e-01	5.927045e-01	2.472825e-02	3.091031e-02	1.619202e-01	4.297569e-02	9.782438e-01	8.723110e-01
9422	1.688672e-01	1.636456e-01	3.629907e-02	4.537383e-02	2.376857e-01	2.335140e-01	2.079128e-01	8.268863e-01
32758	8.415301e-01	4.819700e-01	2.416508e-02	3.020635e-02	1.582325e-01	1.449648e-01	5.364298e-01	5.823628e-01
3739	4.176259e-01	9.014077e-01	2.930610e-02	3.663262e-02	1.918959e-01	1.390857e-01	1.573711e-01	2.562973e-01
20179	4.999547e-01	4.067446e-01	3.571591e-02	4.464489e-02	2.338672e-01	2.322165e-01	4.438280e-01	5.744868e-03
30307	5.255685e-01	9.039239e-02	7.118511e-02	8.898138e-02	4.661190e-01	3.825950e-01	2.499709e-01	5.990550e-01
24402	3.074418e-01	7.147589e-02	5.090276e-02	6.362845e-02	3.333105e-01	2.355948e-01	1.597716e-01	8.651284e-01
24372	5.538050e-01	6.514186e-01	3.048923e-02	3.811154e-02	1.996430e-01	8.438091e-02	8.602417e-01	5.340245e-02
588	6.240125e-01	1.068378e-01	6.359266e-02	7.949083e-02	4.164038e-01	3.543247e-01	6.684138e-01	8.898091e-01
25215	1.253401e-01	1.121123e-01	4.182244e-02	5.227805e-02	2.738527e-01	2.602156e-01	9.506847e-01	6.670015e-01
12056	7.680645e-01	7.652981e-01	2.887940e-02	3.609925e-02	1.891019e-01	1.873030e-01	7.042006e-01	4.068945e-01
13330	2.077358e-01	8.513194e-01	5.194708e-02	6.493385e-02	3.401487e-01	2.716791e-01	6.062169e-01	3.853709e-01
3165	7.659521e-01	9.168599e-01	3.340256e-02	4.175320e-02	2.187195e-01	1.101974e-01	5.777666e-02	5.201185e-01
13965	2.252134e-01	5.379774e-01	2.104989e-02	2.631236e-02	1.378344e-01	1.184263e-01	6.985844e-01	2.312151e-01
1685	1.438266e-01	6.240235e-01	4.121775e-02	5.152218e-02	2.698932e-01	8.848527e-02	3.184437e-01	5.741215e-01
365	6.977995e-01	8.646481e-01	2.220216e-02	2.775270e-02	1.453794e-01	1.341879e-01	4.769551e-01	8.025479e-01
29103	7.373955e-01	6.528803e-01	3.058721e-02	3.823401e-02	2.002846e-01	1.447431e-01	1.844123e-01	9.730587e-01
22529	8.533761e-01	1.955826e-01	3.636650e-02	4.545813e-02	2.381273e-01	7.494327e-02	6.620214e-01	1.021975e-01
6271	3.919900e-01	7.656349e-01	3.398958e-02	4.248697e-02	2.225632e-01	1.706486e-01	9.957212e-01	6.345569e-01
28251	4.787521e-01	1.682723e-01	2.479405e-02	3.099256e-02	1.623510e-01	1.129634e-01	9.834316e-01	4.122120e-01
19451	2.872387e-01	4.878182e-01	7.500308e-02	9.375385e-02	4.911190e-01	4.730373e-01	4.736679e-01	6.839496e-01
31098	9.120073e-01	6.332009e-01	3.858053e-02	4.822567e-02	2.526247e-01	1.628782e-01	8.987190e-01	5.008868e-01
4165	6.467809e-02	3.227898e-01	2.192445e-02	2.740557e-02	1.435610e-01	7.322628e-02	8.994686e-01	8.585054e-01
2409	9.697895e-01	4.519867e-01	2.306904e-02	2.883630e-02	1.510557e-01	6.216990e-02	8.198424e-01	4.019080e-01
23868	5.915190e-01	8.587230e-01	2.959695e-02	3.699618e-02	1.938003e-01	8.882486e-02	7.203732e-01	2.945292e-01
8298	1.953819e-01	7.042152e-01	6.549195e-02	8.186493e-02	4.288402e-01	3.802526e-01	1.995772e-01	6.999950e-02
3418	7.121934e-01	4.635458e-01	2.447031e-02	3.058789e-02	1.602312e-01	1.242277e-01	2.140321e-02	5.982366e-01
11237	8.545239e-01	8.125249e-01	2.782028e-02	3.477535e-02	1.821668e-01	9.154431e-02	3.773822e-01	1.026926e-01
9953	3.796464e-01	2.479457e-01	6.025905e-02	7.532381e-02	3.945753e-01	3.753726e-01	1.275807e-01	1.280217e-01
2918	2.867025e-01	8.622218e-01	2.785881e-02	3.482351e-02	1.824190e-01	1.584074e-01	2.040317e-01	3.797121e-01
5466	5.767951e-02	7.782258e-01	3.573977e-02	4.467471e-02	2.340234e-01	2.332170e-01	3.190114e-01	9.825705e-02
18155	7.999003e-01	3.048034e-01	4.455089e-02	5.568861e-02	2.917185e-01	2.728040e-01	5.734179e-01	2.251027e-01
735	8.793580e-01	8.197115e-01	2.471642e-02	3.089553e-02	1.618428e-01	1.172860e-01	1.870310e-01	8.206391e-01
3286	4.691964e-01	8.005253e-01	2.063723e-02	2.579654e-02	1.351323e-01	5.265204e-02	5.585520e-01	1.061743e-01
9946	7.077054e-01	4.129806e-01	2.298998e-02	2.873747e-02	1.505380e-01	5.639520e-02	5.963620e-01	4.949765e-01
18596	2.923898e-01	9.629958e-01	2.642008e-02	3.302510e-02	1.729983e-01	1.517954e-01	6.962933e-01	7.940819e-01
20974	3.349712e-01	6.885213e-01	5.227474e-02	6.534343e-02	3.422942e-01	2.515275e-01	5.798241e-01	5.826988e-01
26528	8.745217e-01	7.235017e-01	4.574214e-02	5.717767e-02	2.995188e-01	1.608466e-01	2.933443e-01	1.787447e-01
18859	5.047754e-01	7.909530e-01	2.668703e-02	3.335878e-02	1.747462e-01	6.481559e-02	6.498657e-01	4.886666e-02
6180	6.038893e-01	6.031680e-01	2.848377e-02	3.560471e-02	1.865113e-01	1.152390e-01	8.153236e-01	3.572476e-01
23393	7.164689e-01	5.671849e-01	4.756196e-02	5.945245e-02	3.114350e-01	1.803613e-01	6.685120e-01	8.680853e-01
26710	9.459597e-01	2.453392e-01	5.063446e-02	6.329307e-02	3.315536e-01	2.963284e-01	1.420959e-01	2.456797e-01
22092	2.233777e-01	3.577004e-01	2.259627e-02	2.824533e-02	1.479600e-01	1.354590e-01	5.703563e-01	7.246679e-03
4140	3.051932e-01	2.538025e-01	4.358000e-02	5.447500e-02	2.853612e-01	2.620844e-01	1.916986e-02	2.750701e-01
25040	2.651400e-01	1.386338e-01	2.794181e-02	3.492726e-02	1.829625e-01	1.802083e-01	9.844171e-01	6.691275e-01
24401	8.331118e-01	5.385127e-01	2.123893e-02	2.654866e-02	1.390722e-01	1.160994e-01	9.166130e-01	6.173143e-01
17714	5.810607e-01	9.436775e-01	5.328202e-02	6.660252e-02	3.488898e-01	1.842825e-01	9.102398e-01	7.626868e-01
29450	9.460436e-01	2.996268e-01	2.930093e-02	3.662617e-02	1.918621e-01	1.773057e-01	3.015217e-02	2.318375e-01
31208	4.315304e-02	4.180259e-01	2.490490e-02	3.113112e-02	1.630769e-01	1.630545e-01	7.972601e-01	7.581542e-01
9387	3.303912e-01	8.563220e-01	2.603208e-02	3.254010e-02	1.704576e-01	1.413936e-01	1.756889e-01	3.185035e-01
15352	3.959499e-01	5.802448e-01	3.322800e-02	4.153500e-02	2.175764e-01	1.794365e-01	8.513040e-01	4.314698e-01
17126	1.037854e-01	4.988661e-01	7.514853e-02	9.393566e-02	4.920714e-01	1.282338e-01	1.390588e-01	4.960203e-01
437	7.285140e-01	9.319299e-01	2.123102e-02	2.653877e-02	1.390204e-01	9.611883e-02	3.665851e-01	1.656376e-01
3124	6.667523e-01	5.992036e-01	3.836385e-02	4.795482e-02	2.512059e-01	2.512035e-01	1.769240e-01	4.583941e-01
1839	2.235277e-01	1.582829e-01	4.046881e-02	5.058602e-02	2.649892e-01	1.775353e-01	7.429973e-01	2.657287e-01
1532	6.884290e-01	6.836315e-02	3.459191e-02	4.323988e-02	2.265073e-01	9.832286e-02	7.032756e-01	9.064692e-02
27075	8.398720e-01	6.795545e-01	4.159768e-02	5.199710e-02	2.723810e-01	2.222561e-01	6.789079e-01	9.668092e-01
104	7.468050e-01	3.237225e-01	2.743410e-02	3.429263e-02	1.796381e-01	9.181601e-02	5.691841e-01	6.710000e-01
14048	1.007839e-01	7.634206e-01	3.075991e-02	3.844989e-02	2.014154e-01	1.664566e-01	5.822293e-01	9.259864e-01
13436	3.958667e-01	4.339125e-01	2.720167e-02	3.400209e-02	1.781161e-01	1.711431e-01	3.248502e-01	8.000161e-01
9013	9.461134e-01	9.061666e-01	2.091502e-02	2.614377e-02	1.369512e-01	3.557584e-02	8.628243e-01	7.471622e-03
18285	8.009418e-01	7.298622e-01	3.389675e-02	4.237093e-02	2.219554e-01	6.013931e-02	5.162802e-01	2.215474e-01
8212	9.460068e-01	4.186157e-01	2.287512e-02	2.859390e-02	1.497859e-01	1.460157e-01	6.952550e-01	2.861769e-01
4860	6.202599e-01	2.899649e-01	3.843924e-02	4.804905e-02	2.516996e-01	2.463146e-01	5.044584e-01	5.065136e-01
24417	4.248046e-01	6.609086e-01	6.190186e-02	7.737732e-02	4.053324e-01	4.040202e-01	5.279915e-01	3.859437e-01
30027	1.668427e-01	7.600664e-01	2.730546e-02	3.413183e-02	1.787957e-01	1.787931e-01	3.609274e-01	7.463990e-01
14492	1.326700e-01	3.323861e-01	3.979191e-02	4.973989e-02	2.605568e-01	2.605567e-01	2.474304e-01	3.761570e-01
27581	4.518626e-01	1.881380e-01	2.935521e-02	3.669401e-02	1.922174e-01	1.859928e-01	7.020185e-01	5.906039e-01
18816	1.236197e-01	2.066963e-01	2.786155e-02	3.482694e-02	1.824370e-01	1.720194e-01	2.935782e-01	8.434979e-01
