21136	2.838479e-01	8.511869e-01	3.050153e-02	3.812691e-02	1.997235e-01	1.985497e-01	6.134576e-01	2.881843e-01
7836	6.260627e-01	8.947933e-01	3.932706e-02	4.915883e-02	2.575130e-01	1.144706e-01	4.313444e-01	6.581659e-01
2787	3.547056e-01	3.245528e-01	4.717958e-02	5.897447e-02	3.089311e-01	2.888721e-01	9.337087e-01	1.402632e-02
28168	1.297887e-01	1.993159e-01	3.005226e-02	3.756532e-02	1.967817e-01	1.259261e-01	2.544142e-01	2.833242e-01
18166	7.072862e-01	1.080921e-01	2.374835e-02	2.968544e-02	1.555038e-01	7.863511e-02	4.086875e-01	5.614745e-01
21250	5.181862e-01	4.576323e-01	4.164127e-02	5.205158e-02	2.726664e-01	1.211976e-01	6.552123e-01	6.499553e-01
16632	6.277165e-01	5.229169e-01	6.188012e-02	7.735015e-02	4.051901e-01	1.813372e-01	4.485704e-01	7.974986e-01
24488	1.192686e-01	5.398054e-01	2.418651e-02	3.023314e-02	1.583729e-01	7.382184e-02	1.678371e-01	1.543681e-01
4366	9.346516e-01	8.461700e-01	4.531323e-02	5.664154e-02	2.967103e-01	2.484376e-01	3.702358e-01	1.425988e-01
9696	9.532174e-01	3.141271e-01	3.314310e-02	4.142887e-02	2.170205e-01	1.272099e-01	1.037222e-01	5.635419e-01
21057	2.794984e-01	9.256363e-01	5.030139e-02	6.287673e-02	3.293727e-01	2.230221e-01	4.332088e-01	6.135925e-01
24588	4.474360e-01	4.475529e-01	6.233751e-02	7.792188e-02	4.081850e-01	3.980108e-01	4.110399e-02	9.288109e-01
20555	8.662007e-01	2.244372e-01	5.417053e-02	6.771316e-02	3.547078e-01	2.715874e-01	3.989922e-02	9.752875e-03
11236	5.779443e-01	3.426191e-01	2.298808e-02	2.873510e-02	1.505256e-01	1.467960e-01	3.367499e-01	5.619051e-01
27777	4.620728e-01	1.501358e-01	5.892973e-02	7.366216e-02	3.858709e-01	2.064549e-01	1.560897e-01	2.511864e-01
27723	1.200590e-01	4.265513e-01	5.533044e-02	6.916304e-02	3.623028e-01	3.552032e-01	5.754939e-02	9.390888e-01
8388	2.178299e-01	9.144689e-01	2.239268e-02	2.799085e-02	1.466269e-01	7.538897e-02	6.816131e-01	2.076918e-02
16380	2.949742e-01	3.409144e-01	6.426658e-02	8.033323e-02	4.208166e-01	2.971919e-01	3.678542e-01	3.813137e-02
14524	8.294082e-01	1.295957e-01	3.682279e-02	4.602849e-02	2.411151e-01	1.519746e-01	4.157574e-01	3.454997e-01
1681	9.631877e-01	9.401249e-01	2.846320e-02	3.557900e-02	1.863766e-01	1.841998e-01	3.891538e-03	7.599274e-01
16161	9.639180e-01	2.527059e-01	2.860946e-02	3.576182e-02	1.873343e-01	1.851523e-01	6.303900e-01	3.793755e-02
21906	6.590576e-01	8.139097e-01	2.527652e-02	3.159565e-02	1.655103e-01	1.276187e-01	8.307615e-01	1.326583e-01
8332	5.100694e-01	1.348990e-01	2.543355e-02	3.179193e-02	1.665385e-01	7.622826e-02	7.267675e-01	6.464710e-01
21660	3.016428e-01	6.699860e-02	2.302398e-02	2.877998e-02	1.507607e-01	1.501073e-01	2.003486e-01	6.590432e-01
7774	4.348259e-01	5.036474e-01	4.609992e-02	5.762490e-02	3.018616e-01	9.828944e-02	9.498309e-01	5.153248e-01
15564	6.150054e-02	9.248151e-01	3.473366e-02	4.341708e-02	2.274355e-01	1.773854e-01	4.175283e-01	2.647568e-01
30481	8.834478e-01	4.435073e-01	4.261525e-02	5.326907e-02	2.790440e-01	2.514422e-01	7.199127e-01	9.542641e-01
28622	7.805333e-01	3.532958e-01	2.135799e-02	2.669749e-02	1.398518e-01	9.529143e-02	5.243298e-01	5.735027e-02
1423	8.241723e-01	2.232722e-01	2.490628e-02	3.113284e-02	1.630859e-01	8.893407e-02	6.489509e-01	4.847988e-01
31265	3.399794e-01	1.434608e-01	5.669171e-02	7.086463e-02	3.712164e-01	1.223483e-01	6.696303e-01	9.944152e-01
7812	2.350932e-01	1.510012e-01	4.697646e-02	5.872057e-02	3.076011e-01	2.318235e-01	1.134470e-01	6.837297e-02
29938	7.667253e-01	6.400741e-02	3.548859e-02	4.436074e-02	2.323787e-01	7.759789e-02	5.716010e-01	7.692008e-01
21	8.597225e-01	5.209582e-01	2.567750e-02	3.209688e-02	1.681359e-01	1.664860e-01	9.618705e-02	6.469167e-01
23016	2.808598e-01	2.102999e-01	5.204704e-02	6.505880e-02	3.408032e-01	2.187587e-01	8.982327e-01	8.779770e-01
932	6.021483e-01	4.031771e-01	2.866605e-02	3.583257e-02	1.877049e-01	1.501762e-01	3.558574e-01	4.891820e-01
4895	6.259988e-01	8.956695e-02	4.493769e-02	5.617211e-02	2.942513e-01	1.186747e-01	9.715349e-01	6.349172e-01
151	9.208094e-01	4.090579e-01	2.216382e-02	2.770477e-02	1.451283e-01	1.375656e-01	2.890892e-01	1.802815e-01
22715	8.653124e-01	6.126813e-01	5.021176e-02	6.276470e-02	3.287858e-01	2.211395e-01	5.366626e-01	3.538739e-01
21224	5.679647e-01	1.384990e-01	2.355990e-02	2.944987e-02	1.542698e-01	1.523580e-01	4.990956e-02	6.288725e-01
13645	6.758948e-01	6.834509e-01	5.893400e-02	7.366750e-02	3.858989e-01	2.915924e-01	3.301041e-02	1.090671e-01
11968	6.806644e-01	4.219432e-01	2.939361e-02	3.674201e-02	1.924689e-01	1.413801e-01	4.933884e-02	8.865497e-01
24102	5.231007e-01	2.423036e-01	3.418031e-02	4.272539e-02	2.238122e-01	1.194485e-01	3.356186e-01	3.731903e-01
20477	9.102546e-01	1.168994e-01	6.171666e-02	7.714582e-02	4.041197e-01	1.346910e-01	1.065515e-01	1.450609e-01
16149	4.738769e-01	8.893285e-01	2.642588e-02	3.303234e-02	1.730362e-01	1.720888e-01	4.831319e-01	2.599100e-01
28321	6.191743e-01	1.674066e-01	2.112577e-02	2.640722e-02	1.383312e-01	1.165909e-01	9.288334e-01	7.665429e-03
13051	7.417798e-01	2.129910e-01	4.290082e-02	5.362602e-02	2.809139e-01	1.869926e-01	9.391680e-01	2.766781e-01
9312	9.569614e-01	4.397767e-01	4.428804e-02	5.536005e-02	2.899974e-01	2.679739e-01	4.519523e-01	5.300199e-01
2840	6.749772e-02	1.009772e-01	2.246892e-02	2.808615e-02	1.471262e-01	5.647335e-02	3.524744e-01	2.350323e-01
30629	7.762513e-01	8.023076e-01	2.509057e-02	3.136321e-02	1.642927e-01	1.318453e-01	9.348505e-01	2.815597e-01
5385	2.848266e-01	5.486441e-01	2.330424e-02	2.913030e-02	1.525958e-01	1.352519e-01	6.058776e-01	9.197760e-01
9848	4.197512e-01	7.852431e-01	5.156282e-02	6.445352e-02	3.376325e-01	2.414111e-01	9.321209e-01	7.932149e-01
5476	2.644197e-01	6.740597e-01	2.761500e-02	3.451875e-02	1.808226e-01	1.121533e-01	3.591304e-01	8.719998e-01
11961	3.185998e-01	3.224193e-02	2.454632e-02	3.068290e-02	1.607289e-01	8.493756e-02	3.028518e-01	4.549356e-01
18117	5.051570e-01	5.771374e-01	3.766736e-02	4.708420e-02	2.466453e-01	2.167485e-01	7.295326e-01	1.826666e-01
26526	9.724794e-01	5.611291e-01	2.290052e-02	2.862565e-02	1.499523e-01	1.498805e-01	5.006545e-01	2.018599e-01
16912	4.578391e-02	2.070820e-01	2.548869e-02	3.186086e-02	1.668995e-01	1.107309e-01	5.097013e-01	9.871870e-01
14002	7.484758e-01	3.252076e-01	3.940151e-02	4.925189e-02	2.580005e-01	2.241893e-01	3.941965e-01	1.531859e-01
31342	8.293236e-01	7.127325e-01	2.129826e-02	2.662282e-02	1.394606e-01	4.812481e-02	5.977788e-01	7.369882e-01
24169	5.823254e-01	5.411047e-01	3.152820e-02	3.941025e-02	2.064461e-01	1.442191e-01	7.829310e-02	3.298000e-01
441	5.357879e-01	8.124050e-01	2.903286e-02	3.629107e-02	1.901067e-01	1.650687e-01	7.490517e-01	5.720914e-01
29852	5.656027e-01	5.773024e-01	4.135869e-02	5.169836e-02	2.708161e-01	1.053570e-01	1.068577e-01	2.600674e-01
20350	8.458371e-01	5.547736e-01	2.610349e-02	3.262937e-02	1.709253e-01	8.759973e-02	4.846948e-01	8.603446e-01
12483	2.470007e-01	5.842794e-01	2.869794e-02	3.587242e-02	1.879136e-01	1.808404e-01	2.023944e-01	3.852179e-02
5447	9.226567e-02	6.947604e-01	7.940153e-02	9.925191e-02	5.199200e-01	4.279430e-01	9.135666e-01	1.895076e-01
15030	7.168034e-01	8.230418e-01	7.848804e-02	9.811005e-02	5.139385e-01	2.885325e-01	3.366870e-01	3.757338e-01
31129	1.056485e-01	1.190298e-01	2.605454e-02	3.256817e-02	1.706047e-01	7.338850e-02	3.184416e-01	6.912871e-01
3322	1.957846e-01	1.009255e-01	2.289993e-02	2.862492e-02	1.499484e-01	8.541406e-02	7.964772e-01	7.738141e-01
2730	3.338103e-01	2.173745e-01	2.816674e-02	3.520843e-02	1.844354e-01	1.840039e-01	2.687775e-01	6.597755e-01
24243	3.238224e-01	6.290233e-01	2.376485e-02	2.970606e-02	1.556119e-01	1.536041e-01	5.195913e-01	5.520265e-01
15422	1.957531e-01	5.246456e-01	4.528452e-02	5.660566e-02	2.965224e-01	1.376086e-01	2.983199e-01	6.536979e-01
16766	8.251060e-02	9.034746e-01	2.065220e-02	2.581526e-02	1.352303e-01	9.540710e-02	2.778742e-02	4.438144e-01
16010	6.617773e-01	3.189268e-01	5.142655e-02	6.428319e-02	3.367402e-01	2.807945e-01	6.229826e-01	2.076783e-01
3160	7.133696e-01	3.779896e-01	2.070269e-02	2.587837e-02	1.355609e-01	8.608831e-02	9.667655e-01	4.993076e-01
31233	5.344942e-01	7.439775e-01	2.132519e-02	2.665648e-02	1.396370e-01	1.386841e-01	2.328276e-01	8.114271e-01
18321	2.847357e-01	1.515807e-01	3.287572e-02	4.109465e-02	2.152697e-01	1.582407e-01	4.131515e-01	5.396138e-01
32291	3.167539e-01	5.775233e-01	2.322138e-02	2.902672e-02	1.520532e-01	1.376655e-01	6.706263e-01	7.182057e-02
17980	8.657140e-01	3.080583e-01	3.671429e-02	4.589286e-02	2.404046e-01	2.020875e-01	3.819724e-02	7.250425e-01
7611	7.824082e-01	4.929251e-01	2.299729e-02	2.874661e-02	1.505859e-01	1.009125e-01	5.848704e-04	7.303760e-01
