6608	8.398159e-01	7.584521e-01	2.303771e-02	2.879713e-02	1.508505e-01	1.028069e-01	2.677014e-01	1.195981e-01
6586	9.078621e-01	7.262638e-01	5.127800e-02	6.409750e-02	3.357675e-01	3.036432e-01	5.295046e-01	3.206416e-01
5446	4.064931e-01	7.782634e-01	2.223668e-02	2.779586e-02	1.456055e-01	9.804275e-02	8.618024e-01	3.092514e-01
15156	2.742855e-01	6.803784e-01	4.236099e-02	5.295124e-02	2.773791e-01	1.134583e-01	6.660082e-01	1.836864e-01
751	5.583494e-01	2.597206e-01	2.522883e-02	3.153603e-02	1.651980e-01	6.042082e-02	4.020527e-01	3.865798e-01
9940	9.589035e-01	6.130542e-01	2.486147e-02	3.107683e-02	1.627925e-01	4.499977e-02	9.219670e-01	8.194863e-01
6101	6.203020e-01	5.021464e-01	5.414891e-02	6.768614e-02	3.545662e-01	2.301382e-01	5.511604e-01	3.140784e-01
29697	7.051867e-01	6.143908e-02	2.907407e-02	3.634258e-02	1.903765e-01	1.868874e-01	6.142393e-01	2.015820e-01
28641	6.869198e-01	7.736370e-01	5.435362e-02	6.794202e-02	3.559066e-01	3.558233e-01	2.540830e-01	5.350278e-01
27392	4.235429e-01	7.566213e-01	2.071981e-02	2.589976e-02	1.356730e-01	1.303860e-01	2.004792e-01	1.055035e-01
1135	8.725580e-01	8.178827e-01	2.453633e-02	3.067042e-02	1.606635e-01	6.589895e-02	4.962984e-01	5.761125e-02
19061	2.882527e-01	3.683513e-01	2.347970e-02	2.934963e-02	1.537447e-01	7.150516e-02	7.788834e-01	6.463803e-02
27441	7.541958e-01	8.847300e-02	6.449450e-02	8.061812e-02	4.223090e-01	3.264809e-01	4.845147e-01	8.023239e-01
9309	4.911485e-01	4.976707e-01	2.991108e-02	3.738885e-02	1.958573e-01	1.958085e-01	3.174255e-01	4.635857e-01
2366	8.306104e-01	5.847218e-01	2.383516e-02	2.979396e-02	1.560723e-01	8.633526e-02	9.680032e-01	1.795125e-01
17975	2.246578e-01	8.620083e-01	3.259493e-02	4.074366e-02	2.134311e-01	1.254799e-01	3.377873e-01	3.388125e-01
29436	6.553507e-01	8.439208e-01	3.083387e-02	3.854233e-02	2.018997e-01	7.354941e-02	8.408413e-01	6.764854e-01
23172	4.123372e-01	8.708950e-01	4.053666e-02	5.067082e-02	2.654334e-01	9.574065e-02	3.655001e-01	5.127989e-01
32748	3.346516e-01	4.893918e-01	7.389292e-02	9.236615e-02	4.838497e-01	1.708418e-01	1.563575e-01	4.277812e-01
3272	7.064588e-01	8.880028e-01	2.682686e-02	3.353357e-02	1.756618e-01	1.623047e-01	9.052231e-01	6.055999e-01
1101	1.550310e-01	6.150348e-01	2.169739e-02	2.712173e-02	1.420741e-01	1.420591e-01	7.259117e-01	9.745819e-01
31628	4.442203e-01	4.383797e-01	6.853222e-02	8.566528e-02	4.487479e-01	1.442805e-01	3.101370e-04	5.789419e-01
327	1.815688e-01	4.952601e-01	2.260787e-02	2.825984e-02	1.480360e-01	8.601253e-02	8.826775e-01	6.153903e-02
504	2.537022e-01	7.695460e-01	4.762117e-02	5.952646e-02	3.118227e-01	1.245510e-01	6.476904e-01	5.735944e-01
28556	8.512258e-01	7.019821e-01	3.279385e-02	4.099232e-02	2.147336e-01	6.082817e-02	3.120001e-01	2.972352e-01
29935	8.033212e-01	1.507170e-01	3.371798e-02	4.214748e-02	2.207848e-01	1.588793e-01	7.156008e-01	8.585849e-01
3988	8.703629e-01	1.154259e-01	2.781611e-02	3.477014e-02	1.821395e-01	9.283861e-02	2.478725e-01	8.599744e-01
7912	3.522976e-01	6.192846e-01	5.672900e-02	7.091125e-02	3.714606e-01	2.063290e-01	4.569792e-01	3.148449e-01
29347	6.167448e-01	8.861935e-01	2.103536e-02	2.629420e-02	1.377392e-01	8.560441e-02	4.327796e-01	1.273492e-02
9025	1.348475e-01	8.450976e-01	3.998325e-02	4.997906e-02	2.618097e-01	1.456783e-01	4.875876e-01	5.215349e-01
11170	7.213791e-01	5.887092e-01	3.878801e-02	4.848501e-02	2.539833e-01	2.503027e-01	6.784371e-01	6.136128e-01
14805	3.462976e-01	7.723286e-01	2.168479e-02	2.710599e-02	1.419917e-01	7.920520e-02	9.010216e-01	4.257129e-01
10606	9.105446e-01	4.476593e-01	2.084324e-02	2.605405e-02	1.364812e-01	1.268397e-01	9.302709e-01	7.022636e-01
30012	6.641074e-01	5.258519e-01	3.096865e-02	3.871082e-02	2.027823e-01	2.025096e-01	8.347248e-02	3.136103e-01
2713	4.819719e-01	4.841343e-02	2.755083e-02	3.443853e-02	1.804024e-01	1.118219e-01	8.228754e-01	3.947325e-01
15513	2.930337e-01	9.305465e-01	2.129545e-02	2.661931e-02	1.394423e-01	1.020384e-01	6.057600e-01	4.604139e-01
23060	5.006088e-01	8.345100e-01	4.367048e-02	5.458810e-02	2.859536e-01	2.295243e-01	5.324988e-01	9.677176e-01
2244	2.999914e-01	2.054986e-01	7.653867e-02	9.567334e-02	5.011740e-01	4.341829e-01	8.487953e-01	2.915182e-01
15775	5.995172e-01	7.597107e-02	3.701125e-02	4.626406e-02	2.423491e-01	2.421526e-01	4.004728e-01	7.596139e-01
5732	1.853460e-01	5.791381e-01	4.405076e-02	5.506345e-02	2.884437e-01	2.879962e-01	9.689086e-01	9.213345e-01
16052	5.744506e-01	3.124552e-01	2.184992e-02	2.731240e-02	1.430729e-01	5.448502e-02	7.724860e-01	6.997120e-01
6234	7.987333e-01	6.804443e-01	6.644117e-02	8.305147e-02	4.350558e-01	2.211586e-01	9.670004e-01	8.201838e-01
26005	6.960181e-01	2.182218e-01	2.082714e-02	2.603392e-02	1.363758e-01	5.825844e-02	1.262255e-01	2.188875e-02
15479	9.789844e-02	1.326427e-01	4.876649e-02	6.095812e-02	3.193222e-01	3.142573e-01	8.135279e-01	3.687111e-01
26143	7.261026e-01	2.542856e-01	4.708055e-02	5.885069e-02	3.082827e-01	3.046253e-01	1.334430e-01	4.619206e-01
27560	7.415794e-01	7.283932e-01	2.206696e-02	2.758371e-02	1.444941e-01	4.933804e-02	2.503191e-01	5.796787e-01
31476	3.156190e-01	4.137496e-01	2.126419e-02	2.658023e-02	1.392376e-01	3.880709e-02	2.789201e-01	7.257376e-02
25478	1.323288e-01	7.063756e-01	5.625815e-02	7.032268e-02	3.683775e-01	3.200017e-01	9.650055e-01	9.881095e-01
30089	3.308694e-01	8.191435e-01	6.025317e-02	7.531646e-02	3.945368e-01	2.184302e-01	3.758260e-01	2.433542e-01
27761	8.270274e-01	9.208248e-02	3.625183e-02	4.531478e-02	2.373764e-01	1.525349e-01	2.086256e-01	9.548294e-01
21391	2.928590e-01	5.553301e-01	4.252378e-02	5.315473e-02	2.784451e-01	8.116826e-02	6.708627e-01	4.935114e-01
13750	9.567082e-02	8.353334e-01	2.261400e-02	2.826750e-02	1.480761e-01	1.005448e-01	6.101043e-01	2.020161e-01
27511	8.912820e-01	8.950093e-01	4.902875e-02	6.128594e-02	3.210395e-01	3.152530e-01	1.933326e-01	4.711139e-01
16755	4.542376e-01	4.099139e-01	3.390446e-02	4.238057e-02	2.220059e-01	1.333707e-01	9.405415e-01	1.386094e-01
6300	6.212513e-01	4.246204e-01	4.333468e-02	5.416835e-02	2.837548e-01	1.971411e-01	2.153235e-01	4.557040e-01
11762	4.556021e-01	4.897733e-01	2.534381e-02	3.167976e-02	1.659509e-01	1.659463e-01	4.904465e-01	1.981210e-02
16004	5.109054e-01	3.713866e-01	3.815157e-02	4.768946e-02	2.498159e-01	2.263482e-01	2.404538e-01	1.427841e-01
25342	5.762413e-01	6.164040e-01	3.524330e-02	4.405412e-02	2.307726e-01	1.476386e-01	6.396035e-01	9.277353e-01
10090	2.992942e-01	7.543369e-01	4.093223e-02	5.116528e-02	2.680236e-01	2.034119e-01	4.486604e-01	2.310141e-01
7397	9.528507e-01	8.988145e-01	2.152798e-02	2.690998e-02	1.409649e-01	5.514229e-02	9.620077e-02	1.292239e-01
29761	9.161552e-01	3.761727e-01	5.188359e-02	6.485449e-02	3.397329e-01	1.776852e-01	5.735923e-01	1.183781e-01
7898	5.516283e-01	4.043924e-01	3.652232e-02	4.565289e-02	2.391476e-01	2.108272e-01	9.309012e-01	9.087301e-01
14865	2.160688e-01	3.008455e-01	2.918472e-02	3.648090e-02	1.911011e-01	1.023261e-01	2.173399e-01	9.368519e-01
26737	4.579217e-01	6.833837e-01	7.814526e-02	9.768157e-02	5.116939e-01	1.363061e-01	6.023739e-01	2.657231e-01
920	7.792493e-01	2.728438e-01	5.024835e-02	6.281043e-02	3.290254e-01	1.451210e-01	7.684153e-01	1.640779e-01
3751	7.976007e-01	3.151917e-02	2.641280e-02	3.301600e-02	1.729506e-01	1.625988e-01	7.367589e-01	9.493643e-01
2908	5.083452e-01	6.677833e-01	4.389255e-02	5.486569e-02	2.874078e-01	1.430027e-01	8.969343e-01	4.245634e-01
21649	5.616086e-01	7.842268e-01	2.733917e-02	3.417397e-02	1.790165e-01	8.215904e-02	7.050560e-01	7.838028e-01
1379	5.191953e-01	3.193671e-01	2.560137e-02	3.200172e-02	1.676374e-01	1.223864e-01	8.659796e-01	6.371326e-01
2718	6.657290e-01	1.258708e-01	4.153551e-02	5.191938e-02	2.719739e-01	2.109129e-01	7.608900e-01	4.938830e-01
15993	3.940940e-01	3.898864e-01	3.083048e-02	3.853810e-02	2.018775e-01	1.299934e-01	6.608169e-01	6.585695e-01
27430	7.929283e-01	7.873711e-01	2.059165e-02	2.573956e-02	1.348338e-01	9.921269e-02	4.370091e-01	3.957185e-01
3235	8.428860e-01	3.095885e-01	5.023087e-02	6.278859e-02	3.289110e-01	2.511097e-01	4.325115e-01	9.622741e-01
286	8.280088e-01	4.975679e-01	2.758688e-02	3.448360e-02	1.806385e-01	1.100403e-01	8.770091e-01	8.994250e-01
5053	9.368676e-01	4.858131e-02	2.132313e-02	2.665392e-02	1.396235e-01	1.267026e-01	2.546186e-01	9.298590e-01
