13433	5.800887e-01	8.551333e-01	2.646252e-02	3.307815e-02	1.732761e-01	1.568514e-01	9.611869e-01	4.420938e-01
21221	1.708106e-01	4.395793e-01	3.220453e-02	4.025567e-02	2.108748e-01	1.862331e-01	8.627997e-01	8.675863e-01
9907	1.095022e-01	6.124722e-01	5.411629e-02	6.764536e-02	3.543526e-01	3.192471e-01	1.963874e-01	5.816362e-01
21793	5.440762e-01	7.929878e-01	6.931260e-02	8.664075e-02	4.538578e-01	4.354731e-01	9.406812e-01	7.881844e-02
23651	3.499350e-01	4.683139e-01	5.606308e-02	7.007886e-02	3.671002e-01	1.177801e-01	7.995724e-01	4.736876e-01
6138	2.287994e-01	7.160084e-01	5.087104e-02	6.358880e-02	3.331028e-01	3.292635e-01	9.096971e-01	3.832625e-01
18658	8.964770e-01	4.607750e-01	2.119377e-02	2.649222e-02	1.387765e-01	1.223722e-01	9.593151e-01	2.809327e-01
3807	7.077917e-01	2.805254e-01	2.374263e-02	2.967828e-02	1.554663e-01	9.383828e-02	7.545782e-01	6.849577e-01
30187	8.476852e-01	3.455876e-01	2.475068e-02	3.093834e-02	1.620670e-01	1.572773e-01	6.632544e-01	6.108790e-01
2413	7.522971e-02	5.631298e-01	3.759738e-02	4.699672e-02	2.461870e-01	2.451567e-01	2.345654e-01	8.284164e-01
19062	3.133960e-01	8.512167e-01	2.709935e-02	3.387419e-02	1.774461e-01	1.205134e-01	2.137570e-01	6.327925e-03
15853	9.262861e-01	8.046145e-01	2.108372e-02	2.635465e-02	1.380559e-01	1.374587e-01	6.569089e-01	9.910677e-01
15847	1.891037e-01	3.485092e-01	2.579668e-02	3.224585e-02	1.689163e-01	1.553732e-01	4.389922e-01	5.493652e-01
12009	5.373562e-01	1.488504e-01	6.197599e-02	7.746998e-02	4.058178e-01	4.050562e-01	6.108992e-02	1.735075e-01
2614	4.839298e-01	7.984707e-01	2.980636e-02	3.725795e-02	1.951716e-01	1.843426e-01	2.612004e-01	3.078210e-01
23850	2.742293e-01	4.475506e-01	4.000906e-02	5.001133e-02	2.619787e-01	1.846435e-01	2.699404e-01	5.288867e-01
18691	9.504454e-01	4.613430e-01	2.157800e-02	2.697250e-02	1.412924e-01	7.875851e-02	2.795821e-01	6.036656e-01
25918	4.725203e-01	2.030782e-01	2.144196e-02	2.680246e-02	1.404016e-01	9.317070e-02	9.823168e-01	2.145921e-01
4398	5.104476e-01	6.344876e-01	5.985794e-02	7.482242e-02	3.919488e-01	3.555785e-01	9.375800e-01	4.473175e-01
15041	4.719191e-01	7.444109e-01	3.293698e-02	4.117122e-02	2.156708e-01	1.601796e-01	5.720183e-01	8.625880e-01
23184	1.561884e-01	1.396115e-01	3.406464e-02	4.258080e-02	2.230547e-01	1.952269e-01	9.496993e-01	5.221790e-01
14064	1.071263e-01	4.364488e-01	4.042719e-02	5.053398e-02	2.647166e-01	1.229039e-01	4.088492e-01	2.231458e-01
6814	3.865672e-01	5.316440e-01	7.625136e-02	9.531420e-02	4.992927e-01	3.644142e-01	9.619502e-01	6.250076e-01
21212	6.674408e-01	6.236710e-01	2.225811e-02	2.782264e-02	1.457458e-01	1.457452e-01	3.424686e-01	8.069970e-01
32285	4.056770e-01	2.348375e-01	2.543988e-02	3.179985e-02	1.665800e-01	1.553379e-01	8.285929e-01	4.334752e-01
2671	4.274922e-01	8.521675e-01	5.709176e-02	7.136471e-02	3.738360e-01	3.705856e-01	6.787776e-01	4.100394e-01
24800	1.037150e-01	2.077224e-01	4.309641e-02	5.387051e-02	2.821946e-01	2.252779e-01	4.745940e-01	1.652897e-01
31679	8.912177e-01	7.315052e-01	2.955317e-02	3.694146e-02	1.935137e-01	1.541308e-01	1.429109e-01	5.501554e-01
17974	1.829536e-01	9.065475e-01	4.752824e-02	5.941030e-02	3.112142e-01	1.551937e-01	2.519777e-01	2.888344e-01
20973	8.087065e-01	5.345358e-01	2.115807e-02	2.644759e-02	1.385427e-01	3.797815e-02	6.195886e-01	1.534114e-01
21112	5.477899e-01	4.267774e-01	4.041969e-02	5.052461e-02	2.646675e-01	1.918069e-01	2.499263e-01	3.693146e-01
25413	2.348425e-01	8.753264e-01	2.804978e-02	3.506222e-02	1.836695e-01	1.057085e-01	3.296142e-01	3.330290e-01
499	6.052341e-01	7.701468e-01	2.968368e-02	3.710460e-02	1.943683e-01	6.469331e-02	7.989674e-01	1.281334e-01
7300	2.965319e-01	2.798687e-01	2.951289e-02	3.689112e-02	1.932500e-01	1.728743e-01	4.967242e-01	6.061122e-01
1006	9.084504e-01	5.102086e-01	4.097327e-02	5.121659e-02	2.682923e-01	2.445192e-01	9.533667e-01	5.542899e-01
32678	6.221959e-01	5.400704e-01	7.184441e-02	8.980551e-02	4.704360e-01	3.285951e-01	2.456744e-01	8.968166e-01
26724	3.767759e-01	7.441339e-01	2.586617e-02	3.233271e-02	1.693712e-01	5.968560e-02	1.389373e-01	7.486752e-01
17581	6.763235e-01	7.366637e-01	2.749584e-02	3.436980e-02	1.800423e-01	1.609582e-01	4.787206e-01	3.257835e-01
12822	1.139009e-01	7.735031e-01	4.027376e-02	5.034221e-02	2.637120e-01	2.626950e-01	7.703181e-01	6.028388e-01
6854	1.042003e-01	3.157968e-01	2.448299e-02	3.060374e-02	1.603143e-01	1.537908e-01	5.403847e-01	4.573139e-01
26064	7.452904e-01	7.573513e-01	2.079567e-02	2.599459e-02	1.361697e-01	5.193830e-02	4.044027e-01	1.841514e-01
2172	2.537613e-01	1.552889e-01	3.318716e-02	4.148395e-02	2.173090e-01	5.986437e-02	9.535478e-01	2.729643e-02
22664	2.361511e-01	4.221375e-01	2.122160e-02	2.652700e-02	1.389587e-01	7.236131e-02	2.010628e-01	1.573660e-01
6198	8.686296e-01	8.149805e-02	3.594874e-02	4.493593e-02	2.353918e-01	2.055041e-01	4.014986e-01	3.209048e-01
24361	4.175816e-02	6.066513e-01	2.960108e-02	3.700135e-02	1.938274e-01	1.913720e-01	9.385751e-01	9.774240e-01
419	2.510426e-01	8.006922e-01	2.407317e-02	3.009146e-02	1.576307e-01	1.576280e-01	7.022317e-02	6.352745e-01
28053	4.849597e-01	4.372110e-01	5.693363e-02	7.116704e-02	3.728005e-01	3.125797e-01	3.425427e-02	6.791476e-01
22217	6.733898e-01	5.205674e-01	2.884962e-02	3.606202e-02	1.889068e-01	9.168243e-02	6.465365e-01	2.817332e-01
6366	8.354274e-01	7.147039e-01	2.110492e-02	2.638115e-02	1.381947e-01	1.287434e-01	2.849091e-01	2.858463e-01
9457	8.562852e-01	4.849184e-01	5.732568e-02	7.165710e-02	3.753676e-01	1.295326e-01	5.386043e-01	6.477279e-01
24593	9.356102e-01	1.194897e-01	3.756769e-02	4.695961e-02	2.459927e-01	2.452646e-01	2.413743e-01	8.157637e-01
6245	2.566980e-01	9.441112e-01	2.725546e-02	3.406933e-02	1.784683e-01	1.269752e-01	6.685185e-01	5.640006e-01
23548	3.508445e-01	8.934264e-01	7.187586e-02	8.984483e-02	4.706420e-01	2.332218e-01	4.428879e-01	3.768602e-01
7316	2.820172e-01	2.094898e-01	2.475074e-02	3.093843e-02	1.620675e-01	1.616960e-01	1.174779e-01	8.380396e-01
28071	2.655534e-02	8.895891e-02	2.276537e-02	2.845671e-02	1.490673e-01	4.362988e-02	1.976505e-01	4.709507e-01
18217	7.450891e-01	6.463145e-01	2.343294e-02	2.929117e-02	1.534385e-01	1.377232e-01	4.294390e-03	4.002144e-01
18463	1.561194e-01	5.005401e-01	2.620532e-02	3.275664e-02	1.715920e-01	1.620543e-01	9.961387e-01	3.853300e-01
22376	4.149897e-01	4.624368e-01	4.426968e-02	5.533709e-02	2.898771e-01	2.142444e-01	4.813540e-01	1.681691e-01
25625	7.661875e-01	1.021281e-01	2.849073e-02	3.561341e-02	1.865569e-01	1.480246e-01	6.707531e-02	5.613352e-01
24544	1.016590e-01	6.998512e-01	3.554616e-02	4.443270e-02	2.327557e-01	2.293106e-01	9.307625e-01	1.232123e-01
15810	9.043113e-01	3.467012e-01	2.230205e-02	2.787757e-02	1.460335e-01	5.005489e-02	3.279910e-01	4.210370e-01
2652	7.964191e-01	6.957002e-01	3.399263e-02	4.249079e-02	2.225832e-01	1.175431e-01	4.713632e-01	1.827050e-01
24451	1.646324e-01	6.269946e-01	2.195518e-02	2.744397e-02	1.437622e-01	1.322821e-01	5.146130e-01	6.835077e-01
136	4.568763e-01	5.807365e-01	2.645833e-02	3.307291e-02	1.732487e-01	1.684548e-01	6.393702e-01	7.959731e-02
3931	9.468586e-01	6.619341e-01	4.495696e-02	5.619621e-02	2.943775e-01	2.925260e-01	1.143474e-01	8.937758e-01
12467	7.133881e-01	1.198383e-01	3.423124e-02	4.278905e-02	2.241456e-01	1.805908e-01	6.662692e-02	8.966681e-01
29893	4.273671e-01	1.795375e-01	5.341677e-02	6.677096e-02	3.497722e-01	3.163318e-01	1.358248e-01	4.177183e-01
22570	4.948123e-01	9.293828e-01	2.438986e-02	3.048733e-02	1.597044e-01	1.217911e-01	9.396693e-02	8.641790e-01
18124	5.795520e-01	4.139307e-01	2.072973e-02	2.591216e-02	1.357379e-01	6.014566e-02	3.570916e-01	9.177124e-01
24656	5.928489e-01	3.989998e-01	2.371267e-02	2.964084e-02	1.552702e-01	7.284804e-02	7.744833e-01	8.070547e-01
