25219	2.300143e-01	6.935043e-01	7.021844e-02	8.777305e-02	4.597892e-01	2.758799e-01	6.875200e-01	3.963800e-01
27329	6.182571e-01	8.734555e-01	3.275565e-02	4.094456e-02	2.144835e-01	1.700005e-01	9.252879e-01	5.272356e-01
8526	2.066720e-01	3.839453e-01	2.320164e-02	2.900206e-02	1.519240e-01	1.095125e-01	8.510069e-01	1.579188e-01
30084	1.267504e-01	4.739751e-01	3.805853e-02	4.757316e-02	2.492067e-01	2.455773e-01	8.367894e-01	4.067561e-01
7205	1.326522e-01	2.238372e-01	2.655420e-02	3.319275e-02	1.738765e-01	1.658888e-01	5.841208e-01	2.665077e-01
14152	7.653126e-01	5.560146e-01	2.362897e-02	2.953621e-02	1.547221e-01	9.901531e-02	8.230687e-01	7.547809e-01
24453	1.573235e-01	6.325903e-01	2.485005e-02	3.106256e-02	1.627177e-01	1.404675e-01	1.477343e-01	2.214181e-01
12448	8.939529e-01	8.574715e-01	3.023823e-02	3.779779e-02	1.979995e-01	1.316997e-01	7.720341e-01	5.984699e-02
6183	6.105756e-01	9.950571e-02	2.155476e-02	2.694345e-02	1.411402e-01	6.292481e-02	6.188088e-02	7.065426e-01
30749	2.686287e-01	5.414121e-01	7.248496e-02	9.060620e-02	4.746304e-01	3.755375e-01	6.160229e-01	2.827974e-01
24238	4.292978e-01	6.747030e-01	4.410255e-02	5.512819e-02	2.887828e-01	2.820604e-01	8.310047e-01	1.265087e-01
13440	8.224195e-01	5.596406e-01	3.059984e-02	3.824980e-02	2.003673e-01	1.990373e-01	1.437925e-01	8.110857e-01
10805	6.090994e-01	2.658295e-01	3.258667e-02	4.073333e-02	2.133770e-01	1.474645e-01	6.184999e-01	9.012283e-01
6598	2.225551e-01	1.954656e-01	2.229918e-02	2.787397e-02	1.460147e-01	1.046623e-01	8.507171e-01	9.194252e-01
30913	6.474505e-01	2.972780e-01	3.704278e-02	4.630347e-02	2.425555e-01	2.059885e-01	3.588782e-01	2.638498e-02
19845	5.047538e-01	6.090270e-02	2.694178e-02	3.367723e-02	1.764144e-01	9.567955e-02	8.079067e-01	9.408707e-01
2588	1.962660e-01	9.276014e-01	3.505543e-02	4.381929e-02	2.295424e-01	1.587066e-01	1.629026e-01	9.888955e-01
23207	6.542050e-01	2.124861e-01	4.431584e-02	5.539480e-02	2.901794e-01	2.742957e-01	3.355985e-01	7.373577e-01
8720	9.236758e-01	7.249180e-01	3.128450e-02	3.910562e-02	2.048504e-01	2.048334e-01	9.753859e-01	4.405413e-01
10084	5.079409e-01	6.744312e-01	4.444778e-02	5.555972e-02	2.910433e-01	2.892019e-01	3.265055e-01	7.141098e-02
20264	8.133354e-01	2.711265e-01	6.090136e-02	7.612670e-02	3.987812e-01	3.063747e-01	9.660951e-01	2.903243e-01
19504	6.645785e-01	6.573196e-01	3.147604e-02	3.934505e-02	2.061046e-01	1.466750e-01	7.122777e-01	5.310663e-01
11277	3.506252e-01	6.437376e-01	3.934920e-02	4.918651e-02	2.576580e-01	2.474171e-01	4.667177e-01	4.823479e-01
8825	7.861718e-01	6.349385e-02	2.675864e-02	3.344830e-02	1.752152e-01	1.226201e-01	3.011278e-01	7.333735e-01
19190	1.092718e-01	3.199915e-01	2.733914e-02	3.417393e-02	1.790163e-01	1.501341e-01	4.464726e-01	2.398140e-01
26187	7.041867e-02	4.970419e-01	5.948663e-02	7.435829e-02	3.895175e-01	3.051025e-01	3.369197e-01	4.136628e-01
28513	1.829621e-01	3.044165e-01	7.039070e-02	8.798838e-02	4.609172e-01	1.318873e-01	3.242805e-01	5.313267e-01
19708	7.032540e-02	9.235663e-01	3.920730e-02	4.900912e-02	2.567288e-01	1.978794e-01	1.659066e-01	9.575784e-03
3859	1.830235e-01	3.992598e-01	2.348657e-02	2.935821e-02	1.537897e-01	1.444294e-01	3.764004e-02	8.711705e-01
26200	4.877254e-01	4.116060e-01	2.513377e-02	3.141722e-02	1.645756e-01	1.589862e-01	5.357306e-01	2.643900e-01
16395	1.362499e-01	4.711649e-02	2.901294e-02	3.626618e-02	1.899763e-01	1.864537e-01	9.282430e-01	3.432475e-01
8081	3.096885e-01	6.997590e-01	2.865550e-02	3.581937e-02	1.876358e-01	6.723332e-02	5.823872e-01	1.474522e-01
27919	1.287422e-01	7.756506e-01	3.618325e-02	4.522907e-02	2.369274e-01	2.337853e-01	5.190145e-04	5.699121e-01
8970	9.084534e-02	2.494648e-01	4.132919e-02	5.166149e-02	2.706229e-01	2.706164e-01	6.329361e-03	3.212344e-01
10272	9.621065e-01	5.323347e-01	2.497936e-02	3.122420e-02	1.635645e-01	5.822474e-02	7.241131e-01	2.355862e-01
9226	1.555950e-01	3.657236e-01	2.234383e-02	2.792979e-02	1.463071e-01	4.985475e-02	2.989337e-02	4.131070e-01
10892	9.518504e-01	9.322750e-01	2.113637e-02	2.642046e-02	1.384006e-01	1.126011e-01	1.416895e-01	9.409190e-01
27890	5.124205e-01	9.119273e-01	2.666095e-02	3.332619e-02	1.745755e-01	1.175509e-01	9.338718e-01	5.881433e-01
31537	6.170684e-01	5.877546e-01	3.024576e-02	3.780720e-02	1.980488e-01	5.461877e-02	6.024494e-01	3.148137e-01
29122	8.863212e-01	2.891096e-01	2.617186e-02	3.271483e-02	1.713730e-01	1.250867e-01	9.989165e-01	8.004181e-01
9685	4.516673e-01	4.141158e-01	2.488329e-02	3.110411e-02	1.629354e-01	1.404716e-01	3.947300e-01	1.754100e-01
18282	3.581988e-01	1.929849e-01	3.880110e-02	4.850138e-02	2.540690e-01	2.321852e-01	8.445838e-01	9.154050e-01
29926	8.436854e-01	9.591038e-01	2.556296e-02	3.195370e-02	1.673859e-01	1.559162e-01	5.284997e-01	4.295996e-01
28746	3.489958e-01	3.068039e-01	5.509417e-02	6.886771e-02	3.607557e-01	3.134062e-01	7.387535e-01	8.837787e-01
21518	1.769306e-01	8.098890e-01	2.982407e-02	3.728009e-02	1.952875e-01	5.270149e-02	1.714456e-01	5.744173e-01
26696	5.403387e-01	2.618788e-01	2.057978e-02	2.572472e-02	1.347561e-01	1.107339e-01	5.205258e-01	8.068234e-01
21284	6.355279e-01	3.572107e-01	4.444679e-02	5.555849e-02	2.910369e-01	2.145632e-01	3.488826e-01	9.907156e-01
16083	6.312080e-01	8.165368e-01	6.174043e-02	7.717553e-02	4.042753e-01	2.227613e-01	2.722130e-01	4.381020e-01
27140	5.632197e-01	3.499192e-01	4.780100e-02	5.975125e-02	3.130002e-01	2.615598e-01	9.025332e-01	9.246669e-01
16809	8.225000e-01	8.496902e-01	5.710168e-02	7.137710e-02	3.739009e-01	3.633596e-01	4.223117e-02	7.198797e-02
14141	4.353233e-01	7.866724e-01	5.789577e-02	7.236972e-02	3.791006e-01	3.751980e-01	4.419664e-01	4.407142e-01
12014	8.559507e-01	2.322292e-01	2.751726e-02	3.439658e-02	1.801826e-01	1.006220e-01	8.636022e-02	5.623763e-01
5610	9.063629e-01	7.831900e-01	4.299951e-02	5.374939e-02	2.815601e-01	2.473764e-01	7.206993e-01	2.828676e-01
11281	7.380167e-01	8.386265e-01	2.720018e-02	3.400022e-02	1.781063e-01	1.781056e-01	9.746845e-01	8.183159e-01
32011	3.657140e-01	7.361787e-01	2.701271e-02	3.376589e-02	1.768788e-01	6.323582e-02	2.076273e-01	7.687834e-01
17198	1.281431e-01	7.278395e-01	2.264515e-02	2.830644e-02	1.482801e-01	1.481739e-01	6.098724e-01	7.662370e-01
21397	3.821182e-01	1.323525e-01	5.398839e-02	6.748549e-02	3.535151e-01	3.322965e-01	1.583510e-01	2.221577e-01
15590	4.342207e-01	1.915714e-01	2.062405e-02	2.578006e-02	1.350459e-01	1.344643e-01	7.633132e-01	4.202200e-01
392	9.433133e-01	8.286122e-02	2.626026e-02	3.282532e-02	1.719518e-01	1.258857e-01	5.154839e-01	8.523286e-01
29071	3.445850e-01	4.754278e-01	3.479223e-02	4.349028e-02	2.278190e-01	2.244511e-01	6.037795e-01	5.714726e-01
8745	4.638454e-01	2.793183e-01	2.741171e-02	3.426464e-02	1.794915e-01	1.274516e-01	7.695341e-01	9.173925e-01
24345	9.395911e-01	8.977734e-01	2.245538e-02	2.806922e-02	1.470375e-01	9.626318e-02	7.454527e-01	7.482923e-01
3364	4.818244e-01	5.780782e-01	2.289149e-02	2.861437e-02	1.498932e-01	1.465189e-01	5.501533e-01	2.422060e-01
3450	5.590524e-01	9.564762e-01	2.393829e-02	2.992286e-02	1.567476e-01	7.140736e-02	3.639859e-02	7.802361e-01
32212	2.761455e-01	6.386245e-01	3.798764e-02	4.748455e-02	2.487425e-01	1.626095e-01	8.002949e-01	6.426461e-01
1487	2.905688e-01	4.694448e-01	2.988553e-02	3.735691e-02	1.956900e-01	1.921420e-01	1.414616e-01	6.222546e-01
29698	5.929078e-01	7.666259e-01	3.747501e-02	4.684376e-02	2.453858e-01	2.402815e-01	9.022141e-01	4.258615e-01
11834	9.131778e-01	1.078176e-01	4.348492e-02	5.435615e-02	2.847386e-01	2.845984e-01	4.096460e-01	5.711883e-01
25494	1.228271e-01	8.664676e-01	2.083569e-02	2.604462e-02	1.364318e-01	4.503356e-02	8.932486e-01	5.962392e-01
27305	3.877095e-01	4.713400e-01	2.728658e-02	3.410822e-02	1.786721e-01	1.030239e-01	9.792165e-01	1.461551e-01
16300	9.536502e-02	7.213629e-02	2.774680e-02	3.468350e-02	1.816856e-01	1.814894e-01	4.150243e-01	4.499442e-01
22253	5.505270e-01	6.672180e-02	4.683308e-02	5.854135e-02	3.066623e-01	2.484384e-01	8.985676e-01	1.181227e-01
16598	9.305616e-01	4.761823e-01	5.383550e-02	6.729437e-02	3.525140e-01	1.757301e-01	1.124908e-01	4.352393e-02
25122	6.155819e-01	6.596689e-01	2.379455e-02	2.974318e-02	1.558063e-01	1.435000e-01	8.774457e-02	2.767259e-01
15536	1.976080e-01	4.915612e-01	4.279625e-02	5.349532e-02	2.802292e-01	2.776577e-01	8.438567e-01	8.141963e-01
18047	2.913531e-01	9.674431e-01	2.629850e-02	3.287312e-02	1.722021e-01	1.194413e-01	9.809716e-01	7.072007e-01
