2223	7.525699e-01	7.328517e-01	4.737719e-02	5.922149e-02	3.102251e-01	2.954475e-01	2.412194e-02	5.035508e-01
10490	8.199389e-01	1.560382e-01	2.556949e-02	3.196187e-02	1.674286e-01	1.510322e-01	3.898679e-01	4.282222e-01
27508	4.519861e-01	4.308569e-01	5.826805e-02	7.283507e-02	3.815383e-01	2.345232e-01	9.329249e-01	5.265418e-01
20204	4.515445e-01	2.011869e-01	3.738478e-02	4.673097e-02	2.447950e-01	1.340939e-01	5.104874e-01	2.094807e-01
27329	4.230813e-01	5.574602e-01	2.344875e-02	2.931094e-02	1.535421e-01	1.490041e-01	2.903902e-01	8.207088e-01
14187	6.807071e-01	2.549501e-01	6.969611e-02	8.712013e-02	4.563690e-01	4.258502e-01	5.588849e-01	3.913997e-01
29598	7.518671e-01	3.227269e-01	3.078190e-02	3.847737e-02	2.015594e-01	1.363008e-01	1.572566e-01	2.947557e-01
3083	9.667694e-01	7.530556e-01	3.281109e-02	4.101386e-02	2.148465e-01	1.279885e-01	8.929627e-01	1.670374e-01
28330	8.901345e-01	1.345234e-01	2.436270e-02	3.045338e-02	1.595266e-01	1.442032e-01	6.393811e-02	8.321170e-01
28686	1.568831e-01	8.291541e-02	2.481359e-02	3.101699e-02	1.624790e-01	1.348921e-01	8.685252e-01	5.496369e-01
24905	6.082122e-01	7.159867e-01	3.171174e-02	3.963968e-02	2.076480e-01	1.915947e-01	7.279351e-01	3.790142e-01
22884	2.917397e-01	1.363252e-01	2.684205e-02	3.355256e-02	1.757613e-01	1.681718e-01	9.661380e-01	4.546786e-01
26553	2.838412e-02	5.792751e-01	2.282234e-02	2.852792e-02	1.494403e-01	1.421943e-01	6.313125e-01	7.967170e-01
19032	8.157768e-01	3.130245e-01	2.566611e-02	3.208264e-02	1.680613e-01	1.096409e-01	7.138059e-01	5.536748e-02
32403	3.624627e-01	9.123227e-01	2.451247e-02	3.064059e-02	1.605073e-01	1.419118e-01	2.379049e-01	8.611012e-01
29825	4.901334e-01	7.710808e-01	2.521457e-02	3.151821e-02	1.651046e-01	7.023679e-02	6.664743e-01	5.158039e-03
7919	6.038540e-01	2.850805e-01	2.275692e-02	2.844615e-02	1.490120e-01	1.312601e-01	2.167089e-01	4.071811e-01
21107	1.565890e-01	4.580593e-01	3.990442e-02	4.988052e-02	2.612935e-01	1.127007e-01	9.666817e-01	3.557824e-01
26729	5.428024e-01	7.015770e-01	3.346040e-02	4.182550e-02	2.190982e-01	2.114001e-01	1.741097e-01	7.296480e-01
25969	6.819219e-01	8.343635e-01	7.648819e-02	9.561024e-02	5.008435e-01	4.650151e-01	6.147345e-01	9.663565e-01
31293	1.133198e-01	5.404925e-01	5.451916e-02	6.814895e-02	3.569906e-01	2.260057e-01	4.635977e-01	6.559132e-01
18236	4.033315e-01	3.321261e-01	2.844073e-02	3.555091e-02	1.862295e-01	1.853235e-01	9.836145e-01	1.494994e-02
27632	7.030930e-01	3.879896e-02	3.710206e-02	4.637758e-02	2.429437e-01	1.033346e-01	4.277529e-01	6.428739e-01
4302	6.132229e-01	6.605325e-01	2.159860e-02	2.699825e-02	1.414273e-01	1.413895e-01	6.838987e-01	9.884951e-01
4728	3.588528e-01	6.131025e-01	4.398419e-02	5.498024e-02	2.880078e-01	2.434935e-01	4.442565e-01	4.633116e-01
20189	6.392489e-01	1.000219e-01	3.751441e-02	4.689301e-02	2.456437e-01	2.413787e-01	5.788657e-01	6.118765e-01
4750	4.556212e-01	9.934608e-02	2.152933e-02	2.691167e-02	1.409737e-01	9.066498e-02	9.478441e-01	3.655094e-01
26581	9.470624e-01	2.484634e-01	3.360265e-02	4.200332e-02	2.200296e-01	1.694635e-01	9.925012e-01	2.211689e-01
22739	1.189095e-01	7.182158e-01	2.058687e-02	2.573359e-02	1.348025e-01	9.646350e-02	5.973043e-02	5.502858e-01
27641	5.710517e-01	9.028414e-01	5.576481e-02	6.970602e-02	3.651471e-01	3.043602e-01	5.932978e-01	4.263563e-01
32756	3.449152e-01	3.110465e-01	2.264533e-02	2.830666e-02	1.482812e-01	9.850109e-02	5.272960e-02	6.001052e-01
5283	6.969173e-01	3.569673e-01	2.104205e-02	2.630256e-02	1.377830e-01	1.099632e-01	9.334150e-02	5.584188e-01
8309	7.552741e-01	6.015453e-01	5.777832e-02	7.222290e-02	3.783315e-01	2.872409e-01	6.366238e-01	1.676293e-01
4196	5.112428e-01	7.859074e-01	3.087217e-02	3.859021e-02	2.021505e-01	1.364131e-01	6.656629e-01	4.281540e-01
12308	6.595983e-01	3.207586e-01	2.662842e-02	3.328552e-02	1.743625e-01	9.600639e-02	7.465390e-01	4.175090e-01
18179	4.731826e-01	6.303892e-01	3.406981e-02	4.258726e-02	2.230886e-01	2.080586e-01	1.510668e-01	3.425124e-01
18268	9.002313e-01	3.241421e-01	4.034634e-02	5.043292e-02	2.641872e-01	9.227535e-02	3.032029e-01	8.758719e-01
23859	2.764223e-01	6.724102e-01	3.223998e-02	4.029998e-02	2.111069e-01	1.656305e-01	4.686341e-02	8.993999e-01
26515	8.402732e-01	2.262067e-01	4.088434e-02	5.110542e-02	2.677100e-01	2.651269e-01	3.280568e-01	5.115030e-01
25042	4.610945e-01	9.300406e-01	5.136421e-02	6.420527e-02	3.363321e-01	3.220876e-01	7.872149e-01	4.179379e-01
4230	8.783338e-01	5.632467e-01	3.619260e-02	4.524075e-02	2.369886e-01	6.375633e-02	6.389508e-01	6.761914e-01
22672	6.335306e-01	2.241980e-01	7.013395e-02	8.766743e-02	4.592360e-01	2.095780e-01	5.897125e-01	1.791694e-01
18675	6.688714e-01	4.712179e-01	2.063285e-02	2.579106e-02	1.351036e-01	6.934595e-02	8.099196e-01	3.519915e-01
21162	2.236290e-01	5.893910e-01	3.237993e-02	4.047491e-02	2.120233e-01	9.889646e-02	9.039749e-02	9.000965e-01
6814	2.111624e-01	1.748751e-01	2.898229e-02	3.622786e-02	1.897756e-01	1.282013e-01	8.486371e-01	9.068172e-01
12468	3.477383e-01	1.132788e-01	3.520762e-02	4.400952e-02	2.305389e-01	1.365666e-01	2.718958e-01	4.246775e-01
14073	8.178503e-01	4.640530e-01	2.791887e-02	3.489859e-02	1.828123e-01	1.806604e-01	8.014402e-01	4.711589e-01
27486	6.321401e-01	4.222845e-01	3.698289e-02	4.622861e-02	2.421634e-01	2.340298e-01	9.216427e-01	1.493612e-02
4154	9.062897e-01	3.950735e-01	3.055809e-02	3.819761e-02	2.000939e-01	2.000937e-01	4.753218e-02	6.283123e-01
31843	5.367503e-02	8.868219e-02	2.817404e-02	3.521755e-02	1.844832e-01	7.264806e-02	4.328275e-01	1.467201e-02
10462	3.318388e-01	2.628159e-01	3.761954e-02	4.702443e-02	2.463322e-01	9.037160e-02	7.943351e-01	7.910651e-01
906	2.903908e-01	4.133702e-01	2.057763e-02	2.572204e-02	1.347420e-01	1.135421e-01	9.853248e-01	8.799628e-01
21790	6.725156e-01	9.571809e-01	2.441433e-02	3.051792e-02	1.598647e-01	1.595637e-01	1.684052e-01	6.245247e-02
26365	9.065255e-01	5.759992e-02	2.126279e-02	2.657849e-02	1.392284e-01	8.859967e-02	9.789284e-01	1.619748e-01
4077	1.767513e-01	1.489591e-01	2.092658e-02	2.615823e-02	1.370269e-01	1.224944e-01	5.096278e-01	6.615031e-01
6998	7.326894e-01	4.392282e-01	2.518542e-02	3.148178e-02	1.649138e-01	1.627427e-01	8.236299e-01	5.855692e-01
21666	8.007516e-01	5.993435e-01	2.914503e-02	3.643129e-02	1.908412e-01	1.078100e-01	3.869685e-01	1.992654e-01
14407	3.399576e-01	5.567399e-01	2.074093e-02	2.592616e-02	1.358113e-01	6.487017e-02	4.602301e-01	7.891209e-01
13317	3.666999e-02	1.904501e-01	2.067721e-02	2.584651e-02	1.353940e-01	1.209557e-01	6.380177e-01	3.371702e-01
25477	5.416243e-01	2.815029e-01	2.069951e-02	2.587438e-02	1.355400e-01	1.130439e-01	3.167338e-01	6.663677e-01
31574	4.355637e-01	6.647445e-01	2.825082e-02	3.531353e-02	1.849860e-01	8.966750e-02	1.348283e-01	4.994628e-02
31259	1.616317e-01	2.963286e-01	2.259594e-02	2.824492e-02	1.479578e-01	5.015006e-02	6.511468e-01	1.163426e-01
21822	8.566023e-01	7.607239e-01	4.222791e-02	5.278489e-02	2.765077e-01	2.703212e-01	1.610866e-01	8.756377e-01
32516	5.760678e-01	6.108936e-01	2.599756e-02	3.249695e-02	1.702316e-01	1.191223e-01	1.067700e-01	3.479875e-02
31406	1.870661e-01	4.155903e-01	2.605801e-02	3.257252e-02	1.706275e-01	1.205731e-01	8.885763e-01	3.159361e-02
11115	7.547744e-01	8.868785e-01	2.393756e-02	2.992195e-02	1.567428e-01	5.617182e-02	6.074923e-01	1.901892e-01
24026	7.382371e-01	1.006732e-01	5.168829e-02	6.461037e-02	3.384541e-01	1.899379e-01	8.337367e-01	4.467658e-01
22262	1.632884e-01	9.107563e-01	2.233679e-02	2.792099e-02	1.462610e-01	1.155308e-01	7.234615e-01	6.190690e-01
16257	5.207107e-01	6.462082e-01	2.791531e-02	3.489414e-02	1.827890e-01	1.781986e-01	2.250159e-01	1.912196e-01
17535	2.401042e-01	9.033127e-01	2.548386e-02	3.185482e-02	1.668679e-01	1.360646e-01	8.493305e-01	8.204831e-01
14902	1.946853e-01	8.645432e-01	2.676174e-02	3.345217e-02	1.752354e-01	1.706960e-01	3.781557e-01	5.586831e-01
22112	5.175718e-01	7.144481e-01	2.977678e-02	3.722097e-02	1.949779e-01	5.068646e-02	4.343768e-01	7.696565e-01
10249	9.115175e-01	5.135912e-01	3.104394e-02	3.880493e-02	2.032753e-01	2.015508e-01	5.858458e-01	8.038497e-01
16723	3.889501e-01	2.354613e-01	5.623834e-02	7.029792e-02	3.682478e-01	3.517428e-01	6.632894e-01	9.287984e-01
23562	7.836961e-01	3.106693e-01	2.340364e-02	2.925455e-02	1.532467e-01	1.512389e-01	4.643264e-01	7.039133e-01
8785	8.897544e-01	8.049188e-01	2.879439e-02	3.599298e-02	1.885452e-01	1.819923e-01	6.000534e-01	7.399414e-01
14611	9.533743e-01	8.431133e-01	3.591820e-02	4.489775e-02	2.351918e-01	6.768923e-02	9.708108e-01	8.772861e-01
