31769	6.697970e-01	8.477725e-01	4.218498e-02	5.273122e-02	2.762266e-01	9.891564e-02	8.311837e-02	5.705498e-01
93	6.922862e-01	2.586669e-01	2.924823e-02	3.656029e-02	1.915170e-01	7.778589e-02	6.821832e-02	5.716503e-01
14176	6.119489e-01	8.916452e-01	5.514200e-02	6.892750e-02	3.610690e-01	2.903114e-01	9.647359e-01	8.333612e-01
30622	3.743551e-01	2.149721e-01	3.154603e-02	3.943254e-02	2.065629e-01	5.973184e-02	3.748345e-01	9.631863e-01
11640	7.912156e-01	7.602353e-01	2.276767e-02	2.845959e-02	1.490824e-01	1.332097e-01	6.322165e-01	2.851041e-01
8271	4.463806e-01	1.042872e-01	3.235581e-02	4.044477e-02	2.118654e-01	1.100924e-01	2.677184e-01	7.335124e-01
27414	4.686980e-01	3.181345e-01	3.247104e-02	4.058880e-02	2.126199e-01	1.335262e-01	9.837024e-01	2.098694e-01
20674	7.702491e-01	9.898008e-02	2.665196e-02	3.331495e-02	1.745166e-01	7.282857e-02	4.885737e-01	7.972599e-01
13912	3.801796e-01	2.955891e-01	2.065237e-02	2.581547e-02	1.352314e-01	1.269399e-01	9.529278e-01	2.621020e-01
31721	1.869800e-01	4.431379e-01	3.923857e-02	4.904821e-02	2.569336e-01	1.094601e-01	9.446470e-01	2.649764e-01
15984	4.700305e-01	5.757651e-01	6.620466e-02	8.275583e-02	4.335071e-01	1.354789e-01	1.812652e-01	8.799947e-01
26666	4.337742e-01	6.232517e-01	3.357261e-02	4.196577e-02	2.198329e-01	6.969580e-02	3.277289e-01	5.725771e-01
13853	6.927128e-01	6.699497e-01	2.597057e-02	3.246321e-02	1.700549e-01	1.577336e-01	6.866397e-01	7.898713e-01
31065	1.331885e-01	9.531866e-02	3.713998e-02	4.642497e-02	2.431920e-01	2.212201e-01	4.478745e-01	7.100475e-01
27977	8.946502e-01	3.994932e-01	6.876799e-02	8.595999e-02	4.502918e-01	2.130649e-01	2.676839e-01	3.311336e-01
4109	5.048559e-01	7.033431e-01	3.802766e-02	4.753458e-02	2.490045e-01	6.783049e-02	2.781564e-01	7.912002e-01
30094	2.838801e-01	2.449399e-01	7.091333e-02	8.864166e-02	4.643394e-01	4.588491e-01	8.509978e-01	7.046434e-01
3985	7.471483e-01	9.115892e-01	6.498705e-02	8.123381e-02	4.255342e-01	2.246619e-01	1.133084e-01	2.521910e-01
21600	1.740670e-01	2.527122e-01	7.305002e-02	9.131253e-02	4.783304e-01	4.771995e-01	2.214166e-01	6.843060e-02
23094	9.392204e-01	3.621654e-01	3.491645e-02	4.364556e-02	2.286323e-01	1.039563e-01	8.186788e-01	2.107834e-02
25107	5.732632e-01	8.310076e-01	2.404738e-02	3.005922e-02	1.574618e-01	1.025649e-01	2.841470e-01	5.226841e-01
3642	6.491017e-01	2.259585e-01	6.368279e-02	7.960349e-02	4.169939e-01	1.859615e-01	4.765646e-01	6.711734e-01
22818	7.245943e-01	5.752644e-01	2.263731e-02	2.829663e-02	1.482287e-01	1.382342e-01	5.687594e-01	8.837073e-01
27955	3.284259e-01	1.842001e-01	4.172919e-02	5.216149e-02	2.732421e-01	1.796197e-01	7.530071e-03	5.339927e-01
32593	9.568211e-01	6.111123e-01	4.353497e-02	5.441871e-02	2.850663e-01	2.807873e-01	1.846012e-01	5.113989e-01
27848	8.874972e-01	8.018202e-01	2.176514e-02	2.720642e-02	1.425178e-01	1.423691e-01	5.379728e-01	5.895314e-02
9186	4.031353e-01	6.462027e-01	4.110451e-02	5.138064e-02	2.691517e-01	2.679810e-01	3.780071e-01	2.778532e-01
8451	3.765298e-01	7.333432e-01	2.735751e-02	3.419689e-02	1.791366e-01	1.580513e-01	6.283221e-01	7.811412e-01
19679	2.476679e-01	1.245823e-01	5.903575e-02	7.379468e-02	3.865652e-01	1.427812e-01	8.929923e-01	4.184137e-01
8995	6.453595e-02	4.756432e-01	3.266579e-02	4.083224e-02	2.138951e-01	1.568131e-01	9.981141e-01	4.943496e-01
6164	5.756520e-01	1.784439e-01	2.496325e-02	3.120406e-02	1.634590e-01	5.875863e-02	9.126373e-01	5.709198e-02
6067	2.034838e-01	1.868306e-01	3.616091e-02	4.520113e-02	2.367811e-01	7.773387e-02	8.229672e-01	9.191114e-01
6598	1.331203e-01	5.145220e-01	2.434902e-02	3.043628e-02	1.594370e-01	8.736393e-02	1.788883e-01	3.429812e-01
5822	9.260236e-01	8.525437e-01	3.437520e-02	4.296900e-02	2.250883e-01	2.243894e-01	2.082858e-01	8.193079e-02
18906	8.530070e-01	2.469211e-01	3.481857e-02	4.352321e-02	2.279914e-01	1.670373e-01	4.430373e-01	6.856294e-01
836	2.675984e-01	8.543668e-01	6.531464e-02	8.164330e-02	4.276793e-01	4.273050e-01	3.594001e-01	3.166880e-01
10945	2.657904e-02	7.568633e-01	2.360506e-02	2.950633e-02	1.545656e-01	7.583649e-02	8.724335e-01	4.191572e-01
24639	5.630805e-01	3.002289e-01	2.096497e-02	2.620622e-02	1.372783e-01	5.603211e-02	6.485558e-01	2.412895e-01
14864	7.825355e-01	6.815357e-01	3.188295e-02	3.985368e-02	2.087690e-01	1.288066e-01	5.219691e-01	6.364870e-01
9748	4.052799e-01	8.638905e-01	4.602374e-02	5.752967e-02	3.013627e-01	2.581354e-01	9.960424e-01	3.258845e-01
25108	5.289044e-01	4.304001e-01	5.041802e-02	6.302253e-02	3.301364e-01	3.190338e-01	3.061342e-01	8.182872e-02
22949	1.749936e-01	3.550001e-01	3.288222e-02	4.110277e-02	2.153123e-01	1.798415e-01	8.872778e-02	5.648309e-01
22214	5.308148e-02	3.241912e-01	2.832325e-02	3.540406e-02	1.854602e-01	1.309916e-01	5.835202e-01	2.398007e-01
32000	8.005577e-01	7.130366e-01	2.881600e-02	3.602000e-02	1.886867e-01	9.894345e-02	5.116960e-01	3.884652e-01
15092	4.308712e-01	4.265333e-01	2.330601e-02	2.913252e-02	1.526074e-01	9.577448e-02	8.118248e-01	3.286764e-01
6835	6.142313e-01	7.121350e-01	2.653812e-02	3.317265e-02	1.737712e-01	1.251847e-01	7.526771e-01	8.232700e-01
17170	3.074033e-01	2.996984e-01	2.506012e-02	3.132515e-02	1.640933e-01	1.220145e-01	2.400284e-01	7.708672e-01
9197	8.157645e-01	9.205840e-01	2.217978e-02	2.772473e-02	1.452329e-01	1.417690e-01	6.862781e-01	3.716408e-01
15030	1.749907e-01	7.233735e-01	5.572852e-02	6.966065e-02	3.649095e-01	1.324373e-01	4.610104e-01	7.922849e-01
13360	6.796780e-01	6.186946e-01	2.154158e-02	2.692697e-02	1.410539e-01	1.394267e-01	6.719312e-01	4.303518e-01
22140	6.970562e-02	9.464445e-01	3.483953e-02	4.354942e-02	2.281287e-01	9.065153e-02	1.860585e-01	8.535109e-01
27347	7.025458e-01	7.789886e-01	4.965929e-02	6.207412e-02	3.251683e-01	2.598545e-01	9.229704e-01	6.707154e-01
170	8.141943e-01	2.802122e-01	2.236126e-02	2.795158e-02	1.464212e-01	8.039230e-02	4.778046e-01	9.274177e-01
10880	3.654414e-01	3.345461e-01	2.975676e-02	3.719594e-02	1.948468e-01	1.509295e-01	5.503678e-01	1.642893e-01
14515	7.769352e-01	4.532274e-01	4.033848e-02	5.042310e-02	2.641357e-01	2.189046e-01	8.867035e-01	8.426065e-01
12428	7.588384e-01	5.253244e-01	5.239767e-02	6.549709e-02	3.430991e-01	2.532979e-01	8.204243e-01	6.527692e-01
16534	5.066118e-01	2.070965e-01	2.734467e-02	3.418084e-02	1.790525e-01	1.418787e-01	6.539678e-01	5.272391e-01
21113	6.674844e-01	1.104102e-01	5.794758e-02	7.243447e-02	3.794398e-01	3.778668e-01	6.520711e-01	7.295746e-01
15041	8.309723e-01	1.683402e-01	2.152379e-02	2.690473e-02	1.409374e-01	1.403901e-01	4.347327e-01	5.337624e-01
3478	7.769444e-02	6.672307e-01	2.852764e-02	3.565955e-02	1.867985e-01	1.848854e-01	1.562080e-01	6.955487e-01
3721	8.591992e-01	8.535357e-01	3.323460e-02	4.154325e-02	2.176197e-01	2.173752e-01	9.213556e-01	1.449293e-01
22614	6.166269e-01	3.711364e-01	7.221857e-02	9.027321e-02	4.728861e-01	1.427009e-01	9.286990e-01	2.734789e-01
20745	2.162411e-01	7.845781e-01	5.577054e-02	6.971318e-02	3.651846e-01	3.114684e-01	3.569522e-01	2.690718e-01
21544	6.057076e-01	4.811020e-01	2.836490e-02	3.545612e-02	1.857329e-01	9.817168e-02	1.656421e-01	7.605342e-01
30858	5.253496e-01	8.474435e-01	3.544362e-02	4.430453e-02	2.320843e-01	2.177110e-01	9.714827e-01	5.608409e-01
7239	6.893177e-01	5.546783e-01	3.827593e-02	4.784491e-02	2.506302e-01	1.941098e-01	8.366490e-01	5.302483e-01
18208	9.513976e-02	2.413053e-01	2.477607e-02	3.097008e-02	1.622333e-01	1.141832e-01	4.148493e-01	7.977335e-01
7355	2.293721e-01	2.737622e-01	2.575019e-02	3.218773e-02	1.686118e-01	1.537822e-01	3.703341e-01	9.054948e-01
1960	8.202876e-01	7.821635e-01	3.052824e-02	3.816031e-02	1.998985e-01	8.537350e-02	5.379251e-01	1.419425e-01
14413	8.466348e-01	8.062013e-01	2.140495e-02	2.675618e-02	1.401593e-01	1.401346e-01	3.486771e-01	3.061305e-01
6249	3.321093e-01	7.467506e-01	3.895821e-02	4.869777e-02	2.550978e-01	1.452057e-01	6.344203e-01	8.049004e-01
2871	8.753774e-02	7.465926e-01	5.975309e-02	7.469136e-02	3.912623e-01	3.891509e-01	9.347189e-01	9.707795e-01
11887	9.161062e-01	7.834416e-01	4.245028e-02	5.306285e-02	2.779638e-01	1.103087e-01	3.716029e-01	8.703264e-01
30543	2.989221e-02	7.920190e-01	2.686917e-02	3.358647e-02	1.759389e-01	1.739605e-01	9.909550e-01	3.995462e-01
6291	5.304025e-01	5.859426e-01	2.867626e-02	3.584533e-02	1.877717e-01	1.663856e-01	9.125703e-01	4.708833e-02
25246	8.781998e-01	1.555751e-01	5.860127e-02	7.325158e-02	3.837202e-01	3.029647e-01	9.920342e-01	2.012462e-01
