14952	3.915809e-01	5.692909e-01	2.772334e-02	3.465418e-02	1.815320e-01	1.327983e-01	7.240786e-01	1.085360e-01
18280	6.036150e-02	3.695777e-01	5.918125e-02	7.397657e-02	3.875179e-01	3.874258e-01	5.500194e-01	8.977292e-01
9445	5.677841e-01	5.055538e-01	3.475016e-02	4.343770e-02	2.275435e-01	1.959486e-01	9.407275e-01	2.328643e-01
19724	4.730770e-01	7.883890e-01	2.976607e-02	3.720758e-02	1.949077e-01	1.946348e-01	4.424738e-01	1.255180e-01
2158	3.862415e-01	5.008751e-01	2.925496e-02	3.656870e-02	1.915610e-01	1.821212e-01	5.100363e-01	2.929342e-01
7019	9.096238e-01	8.708384e-01	2.805353e-02	3.506692e-02	1.836941e-01	7.300788e-02	7.017216e-02	9.070568e-01
7872	8.272183e-01	8.048092e-01	5.311942e-02	6.639928e-02	3.478252e-01	2.613951e-01	3.249049e-02	7.588444e-01
11399	8.725686e-01	2.522914e-01	2.816501e-02	3.520626e-02	1.844241e-01	9.608848e-02	4.252938e-01	3.112281e-01
31722	6.606204e-01	2.677626e-01	2.523561e-02	3.154452e-02	1.652424e-01	1.439309e-01	8.325757e-01	5.566520e-01
12912	7.879269e-01	1.193708e-01	2.757848e-02	3.447310e-02	1.805834e-01	1.792205e-01	7.873269e-01	1.947520e-01
25507	5.768019e-01	9.358167e-01	2.255724e-02	2.819655e-02	1.477044e-01	1.305992e-01	4.385760e-01	3.211537e-01
18567	6.729995e-01	5.975704e-01	6.901276e-02	8.626595e-02	4.518945e-01	4.516701e-01	4.735622e-01	8.564516e-01
10880	7.493783e-01	3.676495e-01	6.875330e-02	8.594163e-02	4.501955e-01	4.476264e-01	5.407698e-01	4.646653e-02
6062	9.372105e-02	7.402456e-01	7.326854e-02	9.158567e-02	4.797612e-01	3.301664e-01	4.962888e-01	4.977692e-01
15417	5.535863e-01	4.261110e-01	2.280480e-02	2.850600e-02	1.493255e-01	1.446968e-01	1.164708e-01	7.917910e-01
11200	5.654451e-01	2.581968e-01	5.161892e-02	6.452365e-02	3.379999e-01	2.464460e-01	2.987110e-01	9.414997e-01
19449	7.299114e-01	7.184531e-01	2.960959e-02	3.701199e-02	1.938832e-01	5.677208e-02	1.270255e-01	8.205340e-01
606	4.935832e-01	7.102584e-01	3.613722e-02	4.517153e-02	2.366260e-01	2.360781e-01	9.398633e-01	6.100188e-01
12636	3.022560e-01	1.415952e-01	4.596269e-02	5.745337e-02	3.009630e-01	2.984749e-01	6.541996e-01	5.618030e-01
28888	5.409948e-02	8.770285e-01	4.715157e-02	5.893947e-02	3.087478e-01	2.234129e-01	9.179551e-01	6.918856e-01
23229	8.711407e-01	3.242890e-01	2.333173e-02	2.916466e-02	1.527758e-01	1.526861e-01	5.803481e-01	3.489532e-01
9832	5.543047e-02	9.374440e-01	2.247994e-02	2.809993e-02	1.471983e-01	8.570197e-02	1.164091e-01	2.668980e-01
1852	5.857862e-01	7.141891e-01	3.486037e-02	4.357546e-02	2.282651e-01	1.391140e-01	4.873408e-01	5.265270e-01
16096	1.246089e-01	1.109562e-01	3.624767e-02	4.530958e-02	2.373492e-01	1.156513e-01	6.194877e-01	7.253623e-01
32032	2.682256e-01	4.270183e-01	5.388167e-02	6.735209e-02	3.528163e-01	3.333025e-01	8.394171e-01	6.677378e-01
27208	8.046105e-01	6.630957e-01	6.737520e-02	8.421899e-02	4.411717e-01	3.674438e-01	2.935266e-01	7.764240e-02
20465	8.112141e-01	4.583471e-01	3.686075e-02	4.607594e-02	2.413636e-01	1.506805e-01	3.254087e-02	2.508519e-02
1335	2.117831e-01	7.043252e-01	2.326835e-02	2.908543e-02	1.523608e-01	1.505523e-01	1.808238e-01	9.051443e-01
26146	1.351417e-01	5.833903e-01	4.319972e-02	5.399965e-02	2.828711e-01	2.818362e-01	6.056219e-01	5.998641e-01
1806	2.321050e-01	4.982094e-01	2.152303e-02	2.690378e-02	1.409324e-01	1.144845e-01	4.701640e-01	3.917757e-01
30495	3.835172e-02	6.063016e-01	3.972551e-02	4.965689e-02	2.601220e-01	1.985250e-01	8.658747e-01	5.167883e-01
28244	8.799165e-01	6.958204e-01	5.407026e-02	6.758783e-02	3.540512e-01	1.908207e-01	4.192263e-01	4.070513e-01
19982	6.257946e-01	1.100819e-01	5.524774e-02	6.905967e-02	3.617613e-01	3.613337e-01	6.053164e-01	2.459210e-01
14136	8.789266e-01	9.439312e-01	2.517667e-02	3.147083e-02	1.648564e-01	6.260903e-02	1.756988e-01	7.414235e-01
26013	2.283943e-01	2.566097e-01	3.609385e-02	4.511731e-02	2.363419e-01	1.426454e-01	7.197423e-01	9.632666e-01
9882	7.568029e-01	2.079445e-01	2.629205e-02	3.286506e-02	1.721599e-01	9.946354e-02	9.763517e-01	5.878738e-01
1778	3.283454e-01	9.459417e-01	2.749453e-02	3.436816e-02	1.800337e-01	1.711785e-01	3.259455e-01	5.911635e-01
27022	9.227026e-01	3.620173e-01	2.324912e-02	2.906141e-02	1.522349e-01	8.202492e-02	5.672043e-01	7.550204e-01
11300	3.858185e-01	9.701457e-01	2.238156e-02	2.797695e-02	1.465541e-01	4.883016e-02	3.582570e-01	3.126257e-01
3420	1.450446e-01	4.446295e-01	4.451535e-02	5.564418e-02	2.914858e-01	2.901685e-01	5.259777e-02	3.083511e-01
28117	6.990353e-01	2.103769e-01	2.359341e-02	2.949177e-02	1.544893e-01	5.936951e-02	9.148352e-01	4.873416e-01
1828	8.187553e-02	6.388582e-02	2.800501e-02	3.500626e-02	1.833764e-01	1.789816e-01	1.773470e-01	2.456466e-02
13850	5.236304e-02	8.005987e-01	3.266580e-02	4.083225e-02	2.138952e-01	2.112408e-01	7.157602e-01	5.094719e-01
22312	8.791486e-01	5.452374e-01	3.581115e-02	4.476394e-02	2.344909e-01	2.177223e-01	5.866175e-01	4.009434e-01
21923	2.675614e-01	2.779583e-01	2.414500e-02	3.018124e-02	1.581011e-01	4.953593e-02	5.834075e-01	6.281491e-01
5002	1.745990e-01	6.863303e-01	2.319974e-02	2.899968e-02	1.519115e-01	1.425418e-01	8.249777e-01	1.805761e-01
8266	8.157169e-01	7.537670e-02	5.899562e-02	7.374453e-02	3.863024e-01	2.822060e-01	2.110182e-01	9.625784e-01
1216	5.285498e-01	8.656345e-01	2.209502e-02	2.761878e-02	1.446779e-01	1.070178e-01	4.624473e-01	4.216077e-02
13878	5.342000e-01	1.484675e-01	3.007519e-02	3.759399e-02	1.969319e-01	1.291144e-01	9.813226e-01	9.420870e-01
21494	1.989316e-01	9.525468e-01	3.585542e-02	4.481928e-02	2.347807e-01	1.832434e-01	3.825186e-03	8.307919e-01
8593	8.572218e-01	6.086113e-01	2.660088e-02	3.325109e-02	1.741821e-01	1.732179e-01	7.822197e-01	1.576791e-01
2332	9.096847e-01	4.545484e-01	2.474077e-02	3.092596e-02	1.620022e-01	1.413102e-01	2.289469e-01	4.809061e-01
1152	7.501731e-01	4.986703e-01	2.305461e-02	2.881826e-02	1.509612e-01	4.802142e-02	6.864202e-01	7.605211e-01
30616	6.688981e-01	8.871059e-01	2.107625e-02	2.634532e-02	1.380070e-01	1.328197e-01	3.847602e-01	4.598523e-01
7832	9.245013e-01	7.289044e-01	2.678131e-02	3.347664e-02	1.753636e-01	1.737090e-01	3.301076e-01	8.909924e-02
8771	2.525356e-01	5.806162e-01	5.165999e-02	6.457498e-02	3.382688e-01	2.733243e-01	4.412642e-01	5.628284e-01
21692	5.189765e-01	2.165225e-01	2.972009e-02	3.715012e-02	1.946067e-01	1.219398e-01	7.417526e-03	7.021528e-01
23411	4.800082e-02	1.427368e-01	3.205947e-02	4.007434e-02	2.099249e-01	1.556422e-01	6.595537e-01	2.710115e-01
25238	5.701039e-02	4.489674e-01	3.029362e-02	3.786703e-02	1.983622e-01	6.187396e-02	5.818609e-01	7.259118e-02
19284	6.827190e-01	7.541102e-01	5.824972e-02	7.281216e-02	3.814183e-01	3.810493e-01	7.974042e-01	3.460744e-03
29859	3.903069e-01	1.766761e-01	2.195032e-02	2.743790e-02	1.437303e-01	1.415533e-01	7.210456e-01	5.215906e-02
16926	7.689430e-01	8.283813e-02	2.076533e-02	2.595666e-02	1.359711e-01	1.246999e-01	6.283750e-01	8.458860e-01
19489	4.383239e-01	8.865404e-01	2.950061e-02	3.687576e-02	1.931695e-01	9.113651e-02	5.041612e-01	1.640735e-01
20391	3.398590e-01	3.525851e-01	3.631453e-02	4.539316e-02	2.377870e-01	2.190725e-01	1.833015e-02	3.972569e-01
4222	5.606942e-01	6.570572e-01	5.373206e-02	6.716508e-02	3.518367e-01	2.914010e-01	6.053011e-01	9.934859e-01
18391	6.407899e-01	5.426644e-01	2.330591e-02	2.913239e-02	1.526067e-01	4.831454e-02	7.935580e-01	1.839810e-01
15722	7.555757e-02	2.611306e-01	2.085249e-02	2.606561e-02	1.365418e-01	8.137877e-02	1.958459e-01	8.280177e-01
18554	4.072609e-01	4.399738e-01	3.765309e-02	4.706637e-02	2.465519e-01	2.375900e-01	9.587440e-02	1.949835e-01
12223	8.231530e-01	4.165663e-01	2.232934e-02	2.791168e-02	1.462122e-01	1.424768e-01	2.773846e-01	5.044069e-01
9050	2.269789e-01	3.859590e-01	2.439662e-02	3.049577e-02	1.597487e-01	1.335746e-01	5.623556e-01	4.583421e-01
1089	1.082737e-01	6.269091e-01	3.236278e-02	4.045347e-02	2.119110e-01	2.047928e-01	5.345074e-01	6.871400e-01
19897	8.551905e-01	4.828817e-01	2.514178e-02	3.142723e-02	1.646280e-01	1.018943e-01	6.981810e-01	5.084645e-01
12633	6.758090e-01	3.323368e-01	6.314797e-02	7.893497e-02	4.134919e-01	3.005360e-01	9.162524e-01	1.032663e-01
29630	5.668622e-01	8.206170e-01	2.514416e-02	3.143020e-02	1.646436e-01	1.038608e-01	3.828376e-01	2.090258e-01
19517	5.427600e-01	3.614453e-01	4.517888e-02	5.647359e-02	2.958306e-01	2.917474e-01	7.215561e-01	4.179151e-01
32214	4.619033e-01	4.602272e-01	2.359088e-02	2.948859e-02	1.544727e-01	1.526573e-01	4.580115e-01	1.293598e-01
6216	1.186925e-01	8.428631e-01	2.756137e-02	3.445172e-02	1.804714e-01	1.579309e-01	8.034909e-01	9.200590e-01
27414	4.880717e-01	4.515161e-01	2.460734e-02	3.075918e-02	1.611285e-01	8.206088e-02	5.007501e-01	5.279131e-01
13948	2.602008e-01	9.571340e-01	2.060842e-02	2.576052e-02	1.349436e-01	1.245045e-01	9.335788e-01	7.143162e-01
27649	3.851913e-01	8.252332e-01	6.955726e-02	8.694658e-02	4.554599e-01	4.473769e-01	8.212286e-01	1.428866e-01
16060	4.815680e-01	2.285257e-01	3.816742e-02	4.770927e-02	2.499196e-01	2.216973e-01	4.217270e-02	9.702956e-01
17267	5.297009e-02	5.491223e-01	2.914392e-02	3.642991e-02	1.908340e-01	1.382295e-01	9.650864e-02	9.676796e-01
19896	1.575073e-01	3.532626e-01	2.518321e-02	3.147902e-02	1.648993e-01	1.557301e-01	4.748028e-01	4.302543e-01
1651	6.164695e-01	2.603636e-01	2.120447e-02	2.650559e-02	1.388465e-01	7.539660e-02	4.537588e-01	5.901016e-01
