8638	1.220228e-01	2.827522e-01	7.193783e-02	8.992229e-02	4.710478e-01	2.350382e-01	4.458942e-01	2.899969e-01
32425	4.234520e-01	4.702575e-01	3.822402e-02	4.778003e-02	2.502903e-01	2.420180e-01	3.807377e-01	5.533011e-01
7290	6.952344e-01	3.917270e-01	4.397300e-02	5.496625e-02	2.879345e-01	2.076240e-01	5.668251e-01	8.052286e-01
405	1.970343e-01	1.736788e-01	2.780641e-02	3.475802e-02	1.820760e-01	1.610900e-01	4.596352e-01	4.546242e-02
31289	4.572498e-01	1.658732e-01	7.752728e-02	9.690910e-02	5.076474e-01	4.410308e-01	4.483017e-02	5.483465e-02
20555	8.098170e-01	2.310351e-01	2.309694e-02	2.887118e-02	1.512384e-01	1.178081e-01	7.579913e-02	6.200037e-01
30648	7.493711e-02	5.711950e-01	3.644055e-02	4.555069e-02	2.386122e-01	1.183607e-01	1.947646e-01	8.090824e-01
17281	1.197412e-01	5.491040e-01	2.248616e-02	2.810770e-02	1.472390e-01	1.029667e-01	3.956394e-01	7.166270e-01
11618	1.729441e-01	6.125259e-01	7.543052e-02	9.428816e-02	4.939179e-01	4.920277e-01	7.973958e-01	6.285142e-01
30135	2.552576e-01	5.556448e-01	3.316187e-02	4.145234e-02	2.171434e-01	1.134307e-01	5.905326e-01	1.316010e-01
13439	2.582886e-01	5.027042e-01	3.157047e-02	3.946309e-02	2.067230e-01	9.789789e-02	9.328976e-01	8.801255e-02
19893	5.496740e-01	7.694255e-01	3.239913e-02	4.049892e-02	2.121490e-01	1.927957e-01	6.330005e-01	2.917303e-01
23113	6.322991e-01	1.498707e-01	3.898885e-02	4.873606e-02	2.552984e-01	2.101347e-01	6.239718e-01	6.088468e-01
20767	7.336322e-01	3.934419e-02	2.186112e-02	2.732640e-02	1.431463e-01	1.103444e-01	9.186771e-01	3.137732e-01
7107	1.582159e-01	8.875362e-01	3.566605e-02	4.458256e-02	2.335407e-01	2.099713e-01	5.187072e-01	1.987944e-01
29899	8.200294e-01	6.043499e-01	4.651904e-02	5.814880e-02	3.046059e-01	2.781232e-01	8.872369e-01	4.232942e-01
16529	5.738895e-01	3.750433e-01	2.327803e-02	2.909754e-02	1.524242e-01	1.430268e-01	1.012114e-01	3.686197e-01
32709	7.818829e-01	8.186312e-01	2.131161e-02	2.663951e-02	1.395481e-01	1.277638e-01	7.120062e-01	6.282021e-01
10913	2.792563e-01	6.822804e-01	3.051863e-02	3.814829e-02	1.998355e-01	1.908218e-01	4.747189e-01	1.104971e-01
11047	7.998357e-01	1.222230e-01	5.801464e-02	7.251830e-02	3.798789e-01	2.723155e-01	5.672896e-01	1.322473e-01
13461	9.002100e-01	8.388174e-01	4.575029e-02	5.718786e-02	2.995722e-01	1.803032e-01	9.860226e-01	9.530640e-01
15449	7.579999e-01	4.721109e-01	2.088705e-02	2.610882e-02	1.367681e-01	8.340838e-02	3.476418e-01	4.336536e-01
8388	7.174151e-02	2.788950e-01	2.231308e-02	2.789135e-02	1.461057e-01	1.386174e-01	7.452741e-01	7.438625e-01
15163	5.367498e-01	1.384771e-01	2.886440e-02	3.608050e-02	1.890037e-01	6.755993e-02	2.638366e-01	6.007102e-01
10812	3.661755e-01	1.468005e-01	5.295298e-02	6.619123e-02	3.467353e-01	1.152216e-01	3.161287e-02	1.536873e-01
3751	3.443852e-01	7.280612e-01	6.361365e-02	7.951706e-02	4.165412e-01	2.965829e-01	9.342422e-01	3.215332e-02
30470	8.678393e-01	5.708349e-01	2.103939e-02	2.629924e-02	1.377656e-01	1.010934e-01	3.076317e-02	1.597927e-01
18822	3.009248e-01	3.453597e-01	3.613799e-02	4.517249e-02	2.366310e-01	1.805459e-01	4.583135e-01	3.911773e-01
17217	9.100312e-01	3.632787e-01	5.097548e-02	6.371935e-02	3.337867e-01	3.114042e-01	7.110414e-01	9.097950e-01
22618	1.163767e-01	3.754192e-01	3.073019e-02	3.841274e-02	2.012208e-01	7.288777e-02	6.614294e-01	6.015740e-01
7618	7.978167e-01	7.669419e-01	5.081280e-02	6.351600e-02	3.327214e-01	3.137153e-01	2.681869e-02	7.677775e-01
8737	8.881925e-01	5.755865e-01	2.384057e-02	2.980072e-02	1.561077e-01	5.093216e-02	5.615231e-01	8.648388e-01
12429	7.579485e-01	6.164558e-01	4.277631e-02	5.347039e-02	2.800986e-01	1.735364e-01	6.430876e-01	3.164477e-01
10503	7.671452e-02	2.385574e-01	2.066171e-02	2.582714e-02	1.352925e-01	4.153799e-02	8.268976e-01	3.196242e-01
16430	1.806898e-01	7.880948e-01	5.003483e-02	6.254354e-02	3.276273e-01	1.712612e-01	4.277422e-01	4.957129e-01
19144	4.387272e-02	3.875290e-01	4.031094e-02	5.038867e-02	2.639554e-01	2.517088e-01	5.392216e-01	7.357126e-01
30247	6.633442e-01	4.727229e-01	4.234447e-02	5.293059e-02	2.772709e-01	8.076138e-02	3.816093e-01	1.050009e-01
21493	8.701300e-01	1.371927e-01	2.119855e-02	2.649819e-02	1.388078e-01	1.353891e-01	4.906791e-02	8.349823e-02
14751	5.605207e-01	5.417773e-01	3.508922e-02	4.386152e-02	2.297637e-01	2.296989e-01	7.233592e-01	7.669927e-01
6675	4.521126e-01	3.441172e-01	3.699090e-02	4.623863e-02	2.422159e-01	2.381809e-01	2.634759e-01	7.047355e-01
22751	9.292058e-01	4.924415e-01	2.125955e-02	2.657444e-02	1.392072e-01	1.103926e-01	5.890468e-02	9.102506e-01
18638	9.328543e-01	4.724624e-02	2.373939e-02	2.967423e-02	1.554451e-01	1.365169e-01	2.138824e-01	4.981066e-01
11785	5.707046e-01	2.833304e-01	5.712808e-02	7.141009e-02	3.740737e-01	1.118260e-01	5.464282e-01	6.452652e-01
27101	3.624339e-01	9.496095e-01	3.448424e-02	4.310530e-02	2.258023e-01	2.251075e-01	7.855800e-01	6.879750e-02
15082	4.121356e-01	5.579932e-01	2.192899e-02	2.741124e-02	1.435907e-01	4.908660e-02	9.327967e-03	6.660620e-01
15324	4.023416e-01	7.447033e-02	2.534295e-02	3.167869e-02	1.659452e-01	1.630078e-01	9.497097e-02	2.615676e-01
28456	2.520093e-01	8.477034e-01	2.750055e-02	3.437569e-02	1.800732e-01	1.800174e-01	2.195412e-01	1.898319e-01
19297	6.708622e-01	6.960283e-01	2.509078e-02	3.136348e-02	1.642941e-01	5.269203e-02	6.355250e-01	3.187078e-01
12059	5.754141e-02	9.238089e-01	2.689781e-02	3.362226e-02	1.761264e-01	1.203351e-01	3.000037e-01	1.316676e-01
18358	5.014044e-01	3.422593e-01	2.529874e-02	3.162343e-02	1.656558e-01	8.143509e-02	5.582796e-01	3.163754e-01
12510	5.998708e-02	1.632288e-01	2.780206e-02	3.475258e-02	1.820475e-01	4.917709e-02	6.455888e-01	1.213699e-01
17246	5.205392e-01	8.896695e-02	4.130649e-02	5.163311e-02	2.704743e-01	2.673930e-01	5.302853e-01	2.489223e-01
6921	5.898556e-01	1.224049e-01	3.765245e-02	4.706556e-02	2.465477e-01	1.400853e-01	8.953155e-01	2.218065e-01
1735	1.561224e-01	2.565484e-01	3.748042e-02	4.685052e-02	2.454212e-01	7.036528e-02	9.705394e-01	5.671685e-01
25706	8.401025e-01	1.311951e-01	3.002052e-02	3.752566e-02	1.965739e-01	1.535640e-01	8.636762e-01	8.844791e-01
10037	2.688757e-01	1.840181e-01	2.266162e-02	2.832703e-02	1.483880e-01	6.942366e-02	5.099995e-01	8.132618e-01
1626	1.591369e-01	4.556246e-01	3.229364e-02	4.036705e-02	2.114582e-01	1.828168e-01	5.965699e-01	1.170189e-01
415	5.163232e-01	6.347913e-01	7.447674e-02	9.309592e-02	4.876725e-01	4.537340e-01	7.336253e-01	5.016441e-01
13141	8.289563e-01	2.961939e-01	3.636235e-02	4.545293e-02	2.381001e-01	1.975928e-01	8.732003e-01	8.992679e-01
16716	2.669736e-01	8.909476e-01	3.149398e-02	3.936747e-02	2.062221e-01	1.588002e-01	3.497428e-01	6.784735e-02
32241	5.207834e-01	8.821388e-01	2.392218e-02	2.990273e-02	1.566421e-01	8.655126e-02	6.722903e-01	8.893423e-01
3411	2.115280e-01	8.420086e-01	2.078713e-02	2.598391e-02	1.361138e-01	1.063930e-01	5.203847e-01	7.489233e-01
22781	2.636729e-01	1.264026e-01	3.025009e-02	3.781261e-02	1.980771e-01	1.905967e-01	2.654183e-01	6.728394e-01
14983	7.146516e-01	2.093960e-01	3.696645e-02	4.620806e-02	2.420557e-01	8.678068e-02	2.851344e-01	7.668537e-01
28590	4.222646e-01	7.099474e-01	7.594061e-02	9.492577e-02	4.972580e-01	3.606079e-01	6.486646e-01	5.801327e-01
19875	3.787800e-01	6.751533e-01	3.719390e-02	4.649237e-02	2.435451e-01	2.086659e-01	1.176922e-01	4.100876e-01
28294	5.687268e-01	4.870211e-01	3.428005e-02	4.285006e-02	2.244652e-01	8.805826e-02	9.359465e-01	6.561664e-01
8466	4.686762e-01	2.702505e-01	5.322203e-02	6.652754e-02	3.484970e-01	2.231161e-01	7.899540e-01	2.946765e-01
14623	1.931064e-01	1.259557e-01	2.856311e-02	3.570389e-02	1.870308e-01	1.234394e-01	9.980657e-01	9.629863e-01
28172	7.543579e-01	9.282583e-01	2.762232e-02	3.452790e-02	1.808705e-01	1.619524e-01	6.750646e-01	1.536485e-01
14740	3.591665e-01	1.910404e-01	2.636530e-02	3.295662e-02	1.726396e-01	1.643175e-01	8.462694e-01	1.913651e-01
17851	9.566059e-01	4.490662e-01	3.577456e-02	4.471820e-02	2.342513e-01	2.338372e-01	8.158579e-01	8.867641e-01
31611	9.513999e-01	1.631186e-01	2.671910e-02	3.339888e-02	1.749563e-01	9.308950e-02	5.501416e-01	1.690774e-01
23380	4.985946e-01	8.591903e-01	3.664073e-02	4.580091e-02	2.399229e-01	1.869983e-01	2.855542e-01	7.253161e-01
1930	7.967299e-01	3.328395e-01	2.799294e-02	3.499117e-02	1.832973e-01	1.791517e-01	5.394355e-01	1.890464e-01
3044	2.755782e-01	6.473002e-02	3.335047e-02	4.168809e-02	2.183784e-01	2.035226e-01	8.314855e-02	6.656042e-01
6630	5.199569e-01	3.134489e-01	2.911836e-02	3.639795e-02	1.906666e-01	1.487333e-01	4.903042e-01	2.735677e-02
23037	8.269193e-01	8.450048e-01	4.212101e-02	5.265126e-02	2.758077e-01	2.125041e-01	7.739343e-01	2.347490e-01
20075	5.885693e-01	6.541267e-01	4.791645e-02	5.989556e-02	3.137561e-01	3.105000e-01	7.875056e-01	8.590123e-01
13625	8.741121e-01	2.923735e-01	4.153231e-02	5.191539e-02	2.719529e-01	1.441398e-01	1.991124e-01	2.806801e-02
1244	9.102447e-01	9.226754e-01	2.374430e-02	2.968038e-02	1.554773e-01	4.503309e-02	9.392387e-01	5.616291e-01
