27079	3.212293e-01	3.163218e-01	4.452258e-02	5.565323e-02	2.915332e-01	2.651600e-01	3.907162e-01	1.829710e-01
12384	2.689116e-01	9.097222e-01	2.210492e-02	2.763115e-02	1.447427e-01	1.176370e-01	6.000672e-01	6.211600e-01
28492	2.950280e-02	3.733595e-01	2.556331e-02	3.195414e-02	1.673882e-01	1.223088e-01	8.129828e-02	3.508130e-01
14262	5.544737e-01	5.881539e-01	6.864686e-02	8.580857e-02	4.494986e-01	3.020984e-01	2.714491e-01	6.613233e-01
16472	7.525189e-01	3.519187e-01	4.636465e-02	5.795581e-02	3.035950e-01	2.266383e-01	9.642085e-01	6.082880e-01
17075	2.400401e-01	2.326015e-01	3.012834e-02	3.766043e-02	1.972799e-01	1.449974e-01	6.735801e-01	4.606131e-01
26740	4.799118e-01	3.604931e-01	5.165026e-02	6.456283e-02	3.382051e-01	3.337954e-01	2.216750e-01	8.977664e-01
9689	2.444303e-01	5.314601e-01	2.582563e-02	3.228204e-02	1.691058e-01	1.274272e-01	3.755660e-01	4.041344e-01
25417	2.537774e-01	9.647573e-01	2.647942e-02	3.309927e-02	1.733868e-01	1.729536e-01	3.661508e-01	4.102132e-01
14350	3.915008e-01	8.596521e-01	7.625970e-02	9.532463e-02	4.993474e-01	1.400975e-01	3.839344e-01	4.926000e-01
28490	7.011467e-01	9.396430e-02	3.394001e-02	4.242501e-02	2.222386e-01	1.669231e-01	1.785911e-01	3.193011e-01
11596	7.547809e-01	1.581207e-01	2.871307e-02	3.589133e-02	1.880127e-01	1.420402e-01	5.952500e-01	7.057020e-01
7608	8.139691e-02	4.984342e-01	3.682665e-02	4.603331e-02	2.411403e-01	1.633649e-01	8.636935e-01	5.115661e-03
14402	7.745140e-01	7.812760e-01	2.233818e-02	2.792273e-02	1.462701e-01	7.767922e-02	2.954899e-01	5.152568e-01
13742	8.695167e-01	9.188150e-01	2.285832e-02	2.857290e-02	1.496759e-01	1.439277e-01	7.149803e-01	1.142891e-01
31490	7.810863e-01	5.410325e-01	2.342304e-02	2.927880e-02	1.533737e-01	1.528912e-01	4.794024e-01	5.701870e-01
32308	8.186625e-01	5.797497e-01	5.283887e-02	6.604858e-02	3.459881e-01	1.241695e-01	6.906783e-01	1.218967e-01
29696	7.397380e-01	4.653137e-01	4.931631e-02	6.164539e-02	3.229224e-01	2.553085e-01	1.351053e-01	5.177825e-01
6332	6.156678e-01	3.988819e-01	2.159634e-02	2.699543e-02	1.414125e-01	1.400482e-01	8.702448e-01	3.771234e-02
21105	8.554567e-01	5.008532e-01	5.064558e-02	6.330697e-02	3.316265e-01	1.909796e-01	8.068656e-01	6.817511e-02
3808	9.621174e-01	1.650393e-01	3.270423e-02	4.088028e-02	2.141468e-01	2.141394e-01	8.900377e-01	4.163496e-01
24783	1.503760e-01	8.638508e-01	2.135882e-02	2.669852e-02	1.398572e-01	8.330930e-02	4.103327e-01	9.033527e-01
30094	4.219927e-01	8.592616e-01	3.143627e-02	3.929534e-02	2.058442e-01	1.064007e-01	5.224065e-01	9.150928e-01
25171	2.409378e-01	6.661250e-01	6.089435e-02	7.611794e-02	3.987353e-01	3.687158e-01	8.573979e-01	8.043216e-01
20328	5.726530e-01	7.129074e-01	3.456839e-02	4.321048e-02	2.263533e-01	1.935471e-01	7.739433e-01	5.852479e-01
9706	6.142681e-01	5.631239e-01	2.171846e-02	2.714808e-02	1.422121e-01	5.567966e-02	6.195699e-01	4.996223e-01
27563	3.520771e-01	4.125175e-01	2.175670e-02	2.719588e-02	1.424626e-01	8.100977e-02	3.427565e-01	3.864829e-01
21902	9.337406e-02	8.139000e-01	4.199118e-02	5.248898e-02	2.749576e-01	2.119094e-01	9.654976e-01	1.120903e-01
2611	6.510577e-01	7.649016e-01	3.356813e-02	4.196016e-02	2.198036e-01	1.853292e-01	6.845493e-01	7.223196e-01
6421	7.681861e-01	5.959381e-01	4.256610e-02	5.320762e-02	2.787221e-01	2.785036e-01	5.770120e-01	5.174217e-01
24361	1.485611e-01	3.869251e-01	2.107040e-02	2.633800e-02	1.379687e-01	8.710904e-02	3.985111e-01	5.757326e-01
251	6.923827e-01	4.173605e-02	3.825454e-02	4.781818e-02	2.504902e-01	1.316937e-01	8.817551e-02	2.263556e-01
24872	5.548706e-02	5.314115e-01	2.750117e-02	3.437646e-02	1.800772e-01	6.398165e-02	4.973249e-01	1.227928e-01
6279	5.713901e-01	8.085448e-01	3.307575e-02	4.134469e-02	2.165795e-01	1.909735e-01	7.765781e-01	5.527965e-01
8688	7.895940e-02	3.864368e-01	2.181003e-02	2.726254e-02	1.428118e-01	8.759478e-02	7.462849e-01	2.864104e-01
19185	6.380969e-01	1.085738e-01	2.913942e-02	3.642428e-02	1.908045e-01	1.026741e-01	6.328336e-01	9.008491e-01
8400	2.699088e-01	5.574192e-01	2.852872e-02	3.566090e-02	1.868056e-01	9.140082e-02	8.754899e-01	6.093385e-01
6642	4.438739e-01	1.813444e-01	3.049930e-02	3.812412e-02	1.997089e-01	1.209120e-01	3.731983e-01	8.577495e-01
22472	5.621598e-01	1.671327e-01	2.849312e-02	3.561640e-02	1.865725e-01	1.864461e-01	1.919557e-01	5.756366e-01
22896	3.805164e-01	6.402747e-01	4.248906e-02	5.311132e-02	2.782177e-01	2.273502e-01	2.630274e-01	8.656730e-01
3497	3.287797e-01	4.777504e-01	2.462102e-02	3.077628e-02	1.612181e-01	1.580165e-01	4.721803e-01	1.383281e-02
3515	2.593350e-01	7.742683e-01	3.456117e-02	4.320146e-02	2.263060e-01	2.261652e-01	3.910695e-01	2.900134e-01
24177	8.509168e-01	8.637485e-01	4.864792e-02	6.080990e-02	3.185458e-01	2.739260e-01	6.655137e-01	5.748586e-01
25693	1.034378e-01	8.976148e-02	5.272554e-02	6.590693e-02	3.452460e-01	2.747902e-01	7.500075e-01	7.049477e-01
4842	5.610333e-01	7.488304e-01	2.076288e-02	2.595360e-02	1.359550e-01	6.389407e-02	3.369017e-01	9.590421e-01
19489	3.506526e-01	1.377518e-01	4.205928e-02	5.257410e-02	2.754035e-01	2.462855e-01	4.540891e-01	5.906827e-01
1992	8.459314e-01	6.650820e-01	5.487160e-02	6.858950e-02	3.592984e-01	3.475989e-01	5.442831e-01	2.451781e-01
10429	9.057333e-01	2.521545e-01	2.213886e-02	2.767357e-02	1.449649e-01	1.434560e-01	3.842150e-01	3.512743e-01
2196	7.590143e-01	2.545950e-01	4.082921e-02	5.103651e-02	2.673490e-01	1.745622e-01	9.792619e-01	3.142274e-01
7569	4.853368e-01	5.515636e-01	6.188331e-02	7.735413e-02	4.052109e-01	4.036304e-01	5.709624e-01	3.634851e-01
2091	2.378480e-01	5.764510e-01	2.611929e-02	3.264911e-02	1.710287e-01	1.456593e-01	1.921086e-01	3.522020e-01
2620	6.522183e-01	4.212482e-01	3.618433e-02	4.523041e-02	2.369344e-01	1.379151e-01	5.934116e-01	5.423055e-01
31321	3.497748e-01	8.570268e-01	2.105419e-02	2.631774e-02	1.378625e-01	1.036075e-01	5.532039e-01	5.851021e-01
8737	7.945449e-01	8.015247e-01	2.124946e-02	2.656183e-02	1.391411e-01	1.363738e-01	8.263328e-01	7.495656e-01
8149	4.817314e-01	7.598187e-02	2.636569e-02	3.295712e-02	1.726422e-01	1.213983e-01	8.108403e-01	1.150182e-01
23026	4.571559e-01	9.287466e-01	2.587912e-02	3.234890e-02	1.694561e-01	1.379956e-01	9.818917e-01	3.078718e-01
7865	8.190937e-01	7.854113e-01	2.972726e-02	3.715908e-02	1.946537e-01	1.604181e-01	8.576790e-01	5.746216e-02
11937	5.528216e-01	4.974458e-01	4.906020e-02	6.132525e-02	3.212454e-01	1.715264e-01	1.662650e-01	3.016614e-02
14819	4.372719e-01	4.323162e-01	2.342001e-02	2.927501e-02	1.533538e-01	1.301763e-01	2.349094e-01	6.006046e-01
29646	2.225156e-01	2.852688e-01	4.383417e-02	5.479271e-02	2.870255e-01	2.794833e-01	6.636464e-01	2.651370e-01
26784	1.986304e-01	4.871491e-02	3.851133e-02	4.813916e-02	2.521716e-01	9.898797e-02	3.803296e-01	2.675785e-01
903	4.852175e-01	4.872966e-01	2.517758e-02	3.147198e-02	1.648624e-01	1.194544e-01	1.439575e-01	7.006939e-01
31480	1.881352e-01	9.147349e-01	2.134440e-02	2.668050e-02	1.397628e-01	1.201987e-01	2.139399e-01	3.938505e-01
21275	8.705290e-01	3.130111e-02	2.218676e-02	2.773346e-02	1.452786e-01	1.306438e-01	3.434858e-01	1.294325e-01
30132	4.984183e-01	6.901856e-01	2.848488e-02	3.560610e-02	1.865186e-01	6.666083e-02	3.182945e-01	9.645012e-02
410	4.642242e-01	8.879143e-01	3.019843e-02	3.774804e-02	1.977388e-01	1.765046e-01	3.506635e-02	3.733503e-01
31068	5.615898e-01	2.659137e-01	3.906899e-02	4.883624e-02	2.558231e-01	2.482988e-01	2.127881e-01	5.677927e-01
31301	5.184462e-01	9.053839e-01	2.268994e-02	2.836242e-02	1.485734e-01	9.551522e-02	7.688850e-01	8.021746e-01
9706	9.679494e-01	4.796813e-01	2.344323e-02	2.930404e-02	1.535059e-01	1.344295e-01	8.218550e-01	2.427434e-01
12566	4.500233e-02	3.360141e-01	2.306579e-02	2.883224e-02	1.510344e-01	1.162647e-01	4.490389e-01	6.315992e-01
30946	7.297080e-01	5.620261e-01	3.047640e-02	3.809550e-02	1.995590e-01	9.933880e-02	7.501227e-01	6.233538e-01
10080	5.088235e-01	6.482131e-01	2.155727e-02	2.694658e-02	1.411567e-01	1.159349e-01	4.028355e-01	3.951308e-01
2389	6.757723e-01	5.525919e-01	2.827570e-02	3.534462e-02	1.851488e-01	1.167200e-01	2.111097e-01	7.435840e-01
2762	2.021932e-01	3.663835e-01	3.164984e-02	3.956229e-02	2.072426e-01	2.051742e-01	2.196171e-01	2.128187e-01
17588	2.683512e-01	7.217132e-01	2.864995e-02	3.581244e-02	1.875994e-01	1.711994e-01	2.198194e-01	9.317762e-01
