2270	7.909359e-01	4.055318e-01	2.846926e-02	3.558657e-02	1.864163e-01	1.821968e-01	4.092054e-01	9.029312e-01
11796	5.945593e-01	6.284453e-01	2.484168e-02	3.105210e-02	1.626630e-01	1.260535e-01	6.607446e-01	1.690706e-01
17285	8.115604e-01	6.640139e-01	2.884875e-02	3.606094e-02	1.889012e-01	1.386577e-01	3.949621e-01	3.544605e-01
29414	2.381447e-01	8.639728e-01	3.521025e-02	4.401281e-02	2.305562e-01	1.407179e-01	7.757001e-01	8.124801e-01
18077	7.488260e-01	2.850434e-01	3.631550e-02	4.539438e-02	2.377934e-01	2.260486e-01	7.559039e-01	4.970722e-01
1014	8.603462e-01	1.373918e-01	6.196146e-02	7.745183e-02	4.057227e-01	4.043191e-01	3.765748e-02	3.705649e-01
7419	8.724500e-01	9.040644e-01	3.035074e-02	3.793843e-02	1.987362e-01	1.937196e-01	3.072473e-01	9.049364e-01
5243	9.394461e-01	7.030192e-01	3.619062e-02	4.523827e-02	2.369756e-01	1.240534e-01	6.519806e-02	6.023980e-01
26866	2.357940e-01	6.180140e-01	2.333145e-02	2.916431e-02	1.527740e-01	1.084106e-01	8.887069e-01	5.101277e-01
20086	2.618879e-01	3.343741e-01	6.280686e-02	7.850857e-02	4.112583e-01	1.097873e-01	2.834906e-01	2.291801e-01
7130	2.324780e-01	3.843718e-02	2.735511e-02	3.419389e-02	1.791208e-01	1.245398e-01	3.959712e-01	2.086467e-01
24064	1.400392e-01	8.591020e-01	2.616994e-02	3.271242e-02	1.713603e-01	1.380523e-01	4.476158e-01	3.039130e-01
14740	4.326801e-01	8.934976e-01	3.751900e-02	4.689875e-02	2.456738e-01	1.708984e-01	5.043805e-01	2.273471e-01
4701	5.476124e-01	5.748672e-01	4.306264e-02	5.382830e-02	2.819735e-01	2.168473e-01	7.041006e-01	3.316293e-01
17631	6.053243e-01	1.772677e-01	4.667024e-02	5.833781e-02	3.055960e-01	2.652354e-01	7.104436e-01	9.680203e-01
15247	1.404317e-01	9.755228e-02	3.337791e-02	4.172239e-02	2.185581e-01	1.255749e-01	4.256582e-01	9.777227e-02
21786	4.183002e-01	6.521589e-01	3.606137e-02	4.507671e-02	2.361293e-01	2.074541e-01	8.431877e-01	2.772000e-01
23508	7.123388e-01	8.949994e-02	6.774639e-02	8.468299e-02	4.436023e-01	3.472759e-01	8.886454e-01	1.794682e-01
5902	8.525125e-02	5.326526e-01	4.595423e-02	5.744278e-02	3.009076e-01	1.415027e-01	5.297332e-02	5.408179e-01
20111	2.593461e-01	3.528340e-02	2.355599e-02	2.944499e-02	1.542443e-01	1.464917e-01	9.132020e-01	3.932210e-01
15722	3.662097e-02	5.297359e-01	2.183684e-02	2.729605e-02	1.429873e-01	8.593392e-02	8.407223e-01	6.192343e-01
29707	5.599435e-01	6.591091e-01	4.259790e-02	5.324738e-02	2.789304e-01	2.662737e-01	1.215029e-01	9.381972e-01
20571	3.328891e-01	1.783823e-01	2.658287e-02	3.322859e-02	1.740642e-01	5.253226e-02	8.745752e-01	1.912093e-01
29587	4.883634e-01	8.332051e-01	5.836554e-02	7.295692e-02	3.821766e-01	1.734807e-01	6.274234e-01	5.260943e-01
19377	7.414138e-01	5.321664e-01	2.137846e-02	2.672307e-02	1.399858e-01	1.173144e-01	1.662099e-01	4.617518e-01
27228	6.169068e-01	8.791474e-01	2.786630e-02	3.483288e-02	1.824681e-01	1.810471e-01	5.302986e-01	4.246951e-01
15649	8.572422e-01	7.858803e-01	2.809638e-02	3.512048e-02	1.839747e-01	8.462288e-02	8.561240e-01	1.528241e-01
13473	8.052867e-01	1.487576e-01	2.093556e-02	2.616945e-02	1.370857e-01	1.307808e-01	4.671425e-01	8.894180e-01
4561	5.756685e-01	1.356064e-01	3.008538e-02	3.760673e-02	1.969986e-01	1.686685e-01	2.165988e-01	7.817232e-01
28660	6.309159e-01	9.328276e-01	2.485271e-02	3.106589e-02	1.627351e-01	1.048572e-01	3.817939e-01	3.445032e-01
23658	8.337596e-01	4.647738e-01	2.194137e-02	2.742672e-02	1.436718e-01	1.201433e-01	1.624110e-01	1.814220e-02
31919	6.897517e-01	8.126874e-01	4.066968e-02	5.083710e-02	2.663044e-01	2.381011e-01	3.300445e-02	5.814413e-01
20311	9.383787e-01	8.722260e-01	3.240023e-02	4.050029e-02	2.121562e-01	1.886181e-01	9.698542e-02	2.462065e-02
25261	8.129213e-01	2.085220e-01	2.092787e-02	2.615984e-02	1.370354e-01	8.622240e-02	2.498610e-01	7.588384e-01
6831	5.613893e-01	8.827775e-01	2.354423e-02	2.943029e-02	1.541673e-01	1.301283e-01	1.105605e-01	4.925955e-01
1561	8.939630e-01	3.082923e-01	3.314221e-02	4.142776e-02	2.170146e-01	2.083039e-01	7.501033e-01	8.309002e-01
6348	7.884701e-01	8.926408e-01	3.598251e-02	4.497814e-02	2.356129e-01	2.087215e-01	4.134349e-01	1.331399e-01
24493	1.044934e-01	7.506837e-01	2.201162e-02	2.751452e-02	1.441317e-01	5.976897e-02	3.320250e-01	1.000749e-01
31319	4.962490e-01	6.964928e-01	2.392971e-02	2.991213e-02	1.566913e-01	1.202987e-01	7.020603e-01	4.106885e-01
10561	3.419029e-01	2.761682e-01	2.172236e-02	2.715295e-02	1.422377e-01	5.040216e-02	7.778458e-01	5.869116e-01
27321	5.097679e-01	3.310823e-01	2.283310e-02	2.854138e-02	1.495108e-01	1.394707e-01	6.720193e-01	3.949097e-01
2829	3.012653e-01	4.439604e-01	5.631514e-02	7.039393e-02	3.687507e-01	1.084675e-01	6.085026e-03	8.682296e-01
28728	5.780907e-01	7.420466e-01	3.951042e-02	4.938802e-02	2.587136e-01	2.269913e-01	9.149127e-03	1.311297e-01
9901	6.671316e-01	1.764957e-01	4.716114e-02	5.895142e-02	3.088104e-01	1.659761e-01	7.388727e-02	1.610455e-01
18249	3.755001e-01	2.096316e-01	5.241752e-02	6.552189e-02	3.432291e-01	3.321686e-01	1.366501e-01	6.276053e-03
29578	3.072003e-01	4.061454e-01	2.395020e-02	2.993775e-02	1.568255e-01	1.326175e-01	3.131473e-03	9.798815e-01
11018	9.558672e-01	7.407376e-01	2.086732e-02	2.608415e-02	1.366389e-01	1.347615e-01	5.732811e-01	7.784641e-01
30181	1.777250e-01	7.825116e-01	2.783719e-02	3.479649e-02	1.822775e-01	1.820898e-01	8.530183e-01	9.350820e-01
24767	3.802101e-01	9.145497e-01	2.149770e-02	2.687212e-02	1.407666e-01	9.365854e-02	9.377620e-02	4.098649e-01
4238	8.661644e-01	2.673093e-01	2.173103e-02	2.716379e-02	1.422945e-01	7.746944e-02	8.921406e-01	4.964955e-01
1117	2.707661e-01	1.672438e-01	2.152888e-02	2.691110e-02	1.409707e-01	1.394139e-01	9.640924e-01	2.489230e-01
32363	1.259237e-01	1.540055e-01	2.189421e-02	2.736776e-02	1.433629e-01	1.263213e-01	2.599125e-01	6.487296e-01
17914	8.572742e-01	2.964924e-01	3.228312e-02	4.035390e-02	2.113893e-01	1.101460e-01	8.866066e-01	9.369246e-01
24717	8.018448e-01	9.511273e-01	3.947538e-02	4.934423e-02	2.584842e-01	2.583384e-01	7.029391e-01	5.766099e-01
30527	1.539792e-01	3.187666e-01	4.294358e-02	5.367947e-02	2.811939e-01	2.761743e-01	1.493784e-01	1.796349e-01
8280	6.286743e-01	6.719855e-01	3.855683e-02	4.819604e-02	2.524695e-01	2.399201e-01	2.868868e-01	4.258203e-01
17182	7.825627e-01	5.785663e-01	3.615218e-02	4.519022e-02	2.367239e-01	1.426689e-01	5.876466e-02	9.516496e-01
28396	4.554358e-01	2.256691e-01	2.381769e-02	2.977211e-02	1.559579e-01	9.814088e-02	9.344781e-01	6.703716e-01
1504	5.184472e-01	7.000883e-01	2.055257e-02	2.569071e-02	1.345779e-01	8.147828e-02	1.758999e-01	6.094169e-01
12817	5.994924e-01	5.711972e-01	2.179301e-02	2.724127e-02	1.427003e-01	1.261568e-01	1.384145e-01	1.177567e-01
32403	7.646337e-01	3.515776e-01	3.482778e-02	4.353472e-02	2.280517e-01	1.949606e-01	5.408787e-01	2.080687e-01
1453	7.405062e-01	4.806340e-01	2.139757e-02	2.674696e-02	1.401109e-01	9.179581e-02	9.978875e-01	5.102044e-01
29705	2.144491e-01	4.192651e-01	4.743021e-02	5.928776e-02	3.105723e-01	2.328664e-01	5.042505e-01	4.049032e-01
5991	2.904294e-01	6.412501e-01	4.640294e-02	5.800367e-02	3.038457e-01	2.363525e-01	9.707676e-01	9.361432e-01
1921	5.990352e-01	3.482130e-01	2.299674e-02	2.874593e-02	1.505823e-01	1.113833e-01	4.111462e-01	9.601629e-01
26530	7.624649e-01	6.277609e-01	5.343379e-02	6.679224e-02	3.498836e-01	2.132138e-01	1.741522e-01	8.797117e-01
28441	8.432048e-02	4.614083e-01	3.347965e-02	4.184957e-02	2.192243e-01	1.511893e-01	5.830572e-01	6.845806e-01
4944	1.884078e-01	6.918405e-01	3.645017e-02	4.556271e-02	2.386751e-01	1.769543e-01	8.618652e-01	6.257641e-01
7557	9.369387e-01	1.919186e-01	2.421384e-02	3.026730e-02	1.585519e-01	1.307187e-01	2.934371e-01	3.689561e-01
3078	4.847415e-01	4.832210e-01	5.252386e-02	6.565482e-02	3.439254e-01	3.381771e-01	2.171307e-01	3.483820e-01
19033	6.068582e-01	4.818464e-01	2.445969e-02	3.057461e-02	1.601617e-01	1.327677e-01	4.226644e-01	4.969336e-01
2050	3.020420e-01	5.537181e-01	3.159998e-02	3.949998e-02	2.069162e-01	1.896206e-01	9.741168e-01	9.399821e-01
10580	9.376934e-01	2.598420e-01	4.450048e-02	5.562560e-02	2.913884e-01	1.144600e-01	3.114036e-01	6.763441e-01
7140	7.023989e-01	2.672133e-01	2.637044e-02	3.296305e-02	1.726732e-01	1.342043e-01	8.153760e-01	2.591858e-02
22079	8.632253e-01	7.239907e-01	2.191062e-02	2.738827e-02	1.434704e-01	1.113538e-01	9.984336e-01	3.171526e-01
5783	2.363336e-01	2.520986e-01	4.113949e-02	5.142436e-02	2.693807e-01	2.616471e-01	9.171626e-01	3.208773e-01
27281	5.844967e-02	1.243668e-01	2.197072e-02	2.746340e-02	1.438639e-01	5.303232e-02	4.212061e-01	7.896869e-01
17485	5.516443e-01	3.730693e-01	4.908315e-02	6.135394e-02	3.213957e-01	3.071098e-01	9.383912e-01	2.367510e-03
