1966	7.970092e-01	7.340235e-01	5.143178e-02	6.428972e-02	3.367745e-01	2.737676e-01	5.162946e-01	7.090327e-01
3869	7.587395e-01	4.233045e-01	2.236156e-02	2.795195e-02	1.464231e-01	1.159747e-01	4.999482e-01	8.356233e-01
4657	8.408074e-01	1.669136e-01	2.620711e-02	3.275889e-02	1.716037e-01	1.585760e-01	3.133871e-01	4.116887e-02
5074	4.661605e-01	4.046851e-02	3.819204e-02	4.774005e-02	2.500809e-01	1.527357e-01	9.237988e-01	1.529083e-01
17117	7.821851e-01	4.183280e-01	2.139706e-02	2.674632e-02	1.401076e-01	1.306035e-01	8.726097e-01	2.584148e-01
1668	9.114545e-01	5.024966e-01	5.395111e-02	6.743888e-02	3.532710e-01	2.116927e-01	2.728198e-01	3.335018e-01
32161	9.110523e-01	9.285295e-01	5.852171e-02	7.315214e-02	3.831993e-01	2.324905e-01	7.739105e-01	6.557915e-01
18209	7.560040e-01	2.617514e-01	5.958903e-02	7.448629e-02	3.901880e-01	3.839578e-01	1.692345e-01	2.702596e-01
25453	2.330052e-01	9.104571e-01	3.666516e-02	4.583145e-02	2.400829e-01	2.197086e-01	4.323141e-02	7.159129e-02
16675	8.465609e-02	2.180673e-01	4.726094e-02	5.907618e-02	3.094639e-01	1.210309e-01	2.638571e-01	7.484546e-02
18955	1.470840e-01	5.342097e-01	2.620119e-02	3.275149e-02	1.715650e-01	1.454556e-01	9.747393e-01	8.909342e-01
6914	9.404880e-01	7.554023e-02	3.400001e-02	4.250001e-02	2.226315e-01	6.139167e-02	2.223334e-01	9.339443e-01
886	5.446296e-01	6.671321e-01	2.096846e-02	2.621058e-02	1.373012e-01	8.098414e-02	3.726344e-01	1.783690e-01
17671	9.362341e-01	5.558789e-01	4.278998e-02	5.348747e-02	2.801881e-01	9.128725e-02	5.386893e-01	5.763092e-01
30934	2.259478e-01	8.015282e-01	3.042417e-02	3.803022e-02	1.992170e-01	1.954798e-01	5.094724e-01	4.026777e-01
2341	9.125453e-02	6.966147e-01	3.009350e-02	3.761688e-02	1.970518e-01	1.911975e-01	5.597022e-01	1.390029e-01
5199	7.278138e-01	1.919710e-01	3.868624e-02	4.835780e-02	2.533169e-01	1.334849e-01	8.133490e-01	6.285425e-03
24189	5.097877e-01	8.793379e-01	2.569663e-02	3.212078e-02	1.682611e-01	1.500517e-01	8.033483e-01	1.142483e-01
47	1.880396e-01	2.661475e-01	3.434705e-02	4.293381e-02	2.249039e-01	2.038567e-01	7.258732e-01	8.730690e-01
30181	4.418794e-01	2.666381e-01	4.295759e-02	5.369699e-02	2.812856e-01	1.393666e-01	9.797735e-01	3.227088e-01
12433	5.830104e-01	7.203245e-01	4.450381e-02	5.562977e-02	2.914103e-01	2.033331e-01	7.569204e-01	8.224713e-01
6777	1.208614e-01	3.233790e-01	3.895446e-02	4.869307e-02	2.550732e-01	1.332051e-01	3.863684e-01	6.741760e-01
30642	5.032718e-01	4.581304e-01	2.221072e-02	2.776340e-02	1.454355e-01	1.371181e-01	3.906143e-02	1.597535e-04
6263	1.410876e-01	8.769754e-01	2.178097e-02	2.722621e-02	1.426214e-01	1.349287e-01	9.048038e-01	1.006236e-02
15113	2.887484e-01	3.630610e-01	2.641643e-02	3.302053e-02	1.729744e-01	8.688325e-02	4.874962e-01	6.793188e-01
4471	8.978807e-01	9.585238e-02	2.824800e-02	3.530999e-02	1.849674e-01	1.768909e-01	6.441758e-02	3.192288e-01
5350	3.722706e-02	2.976493e-01	3.322235e-02	4.152794e-02	2.175395e-01	2.077787e-01	7.332198e-01	9.169519e-01
27920	2.691552e-01	2.236769e-01	6.787355e-02	8.484194e-02	4.444349e-01	2.583134e-01	5.475726e-01	6.727991e-01
24799	7.419896e-01	8.478545e-01	5.534850e-02	6.918563e-02	3.624211e-01	3.623289e-01	2.787585e-01	4.267607e-01
940	4.501838e-01	6.962336e-01	4.443966e-02	5.554958e-02	2.909902e-01	1.712743e-01	9.518731e-03	1.777099e-01
21712	2.508320e-01	3.396014e-01	2.811801e-02	3.514752e-02	1.841163e-01	1.539551e-01	5.718748e-01	4.851895e-01
9583	8.588483e-01	3.552705e-01	6.468396e-02	8.085495e-02	4.235495e-01	3.961599e-01	5.060200e-01	4.729168e-01
21888	3.749249e-01	2.316039e-01	5.309999e-02	6.637499e-02	3.476979e-01	1.901274e-01	4.846593e-01	8.790836e-01
29524	2.415867e-01	4.529698e-01	3.024823e-02	3.781029e-02	1.980650e-01	1.078816e-01	5.305626e-02	3.256716e-01
14532	7.579253e-01	6.998967e-01	2.468730e-02	3.085913e-02	1.616521e-01	1.580139e-01	1.398073e-01	9.910407e-01
31920	1.151762e-01	7.845649e-01	7.451866e-02	9.314832e-02	4.879470e-01	4.874400e-01	1.431697e-01	5.606372e-01
10359	7.086588e-01	4.556665e-01	2.207608e-02	2.759510e-02	1.445538e-01	1.445166e-01	5.067835e-01	3.971103e-01
15446	3.413574e-01	7.106716e-01	3.062492e-02	3.828115e-02	2.005315e-01	1.993860e-01	8.429314e-01	9.849918e-01
23366	5.602489e-01	8.359284e-01	4.402537e-02	5.503171e-02	2.882774e-01	2.725634e-01	6.765650e-01	4.378134e-01
10756	5.606695e-01	3.960483e-01	3.318522e-02	4.148153e-02	2.172963e-01	1.528593e-01	6.428971e-01	6.037586e-01
6218	9.307922e-01	2.421565e-01	5.460745e-02	6.825931e-02	3.575687e-01	3.524532e-01	3.884351e-01	7.607565e-01
25155	4.816885e-01	3.493699e-01	4.503793e-02	5.629741e-02	2.949077e-01	2.590572e-01	7.934832e-01	9.013899e-01
27362	3.274571e-01	9.014417e-01	4.811816e-02	6.014770e-02	3.150770e-01	1.983745e-01	8.285541e-01	8.341293e-01
21989	8.225152e-01	8.889228e-01	4.203914e-02	5.254893e-02	2.752717e-01	2.555809e-01	1.929251e-01	2.371246e-01
25246	7.191899e-01	9.165484e-01	4.173795e-02	5.217244e-02	2.732994e-01	9.828940e-02	3.227038e-01	5.414976e-01
9179	5.934985e-01	5.302631e-01	2.084605e-02	2.605756e-02	1.364996e-01	5.040827e-02	5.843537e-01	2.648397e-02
32340	5.951259e-01	1.165569e-01	2.337046e-02	2.921308e-02	1.530294e-01	1.311768e-01	6.251735e-01	7.759336e-01
15729	3.057312e-01	6.440558e-01	3.362255e-02	4.202819e-02	2.201600e-01	6.024421e-02	4.044192e-01	1.687354e-01
18109	1.436702e-01	2.896805e-01	3.056411e-02	3.820514e-02	2.001333e-01	5.457428e-02	3.785017e-01	9.433008e-02
3248	4.861071e-01	7.059692e-02	2.403744e-02	3.004680e-02	1.573968e-01	9.115455e-02	4.397469e-01	8.872604e-01
11186	7.123759e-01	3.579893e-01	3.782615e-02	4.728268e-02	2.476850e-01	2.439117e-01	9.819233e-01	6.426268e-01
20409	8.386753e-01	9.707304e-01	2.123956e-02	2.654945e-02	1.390763e-01	7.991773e-02	2.756852e-01	2.977631e-01
24790	9.318084e-01	8.323284e-01	3.590361e-02	4.487952e-02	2.350963e-01	1.598644e-01	8.995202e-01	9.548862e-01
15011	4.921052e-02	9.217458e-01	2.566997e-02	3.208747e-02	1.680866e-01	1.621463e-01	2.609334e-01	1.942138e-01
16694	8.648982e-01	7.125614e-01	4.583885e-02	5.729857e-02	3.001521e-01	2.906192e-01	7.933584e-01	1.605777e-01
23653	4.326376e-01	6.349481e-01	2.148040e-02	2.685050e-02	1.406533e-01	9.378751e-02	8.642818e-01	1.201371e-01
14672	1.419530e-01	9.593761e-01	3.253097e-02	4.066371e-02	2.130123e-01	1.478212e-01	9.356315e-01	7.726969e-01
30483	6.327294e-01	9.526653e-02	3.783200e-02	4.729000e-02	2.477233e-01	2.186476e-01	8.754927e-01	3.960699e-01
21485	8.116489e-01	4.215055e-01	2.524430e-02	3.155537e-02	1.652993e-01	1.608476e-01	4.358856e-02	2.969781e-01
21253	6.815945e-01	8.180522e-01	3.358118e-02	4.197648e-02	2.198891e-01	1.067177e-01	3.062658e-01	4.414746e-01
6513	4.031506e-01	6.432356e-01	2.629475e-02	3.286843e-02	1.721776e-01	1.695007e-01	4.845895e-01	1.366038e-01
27662	5.483797e-01	5.050507e-01	2.798906e-02	3.498632e-02	1.832719e-01	1.773924e-01	1.829734e-01	2.215057e-01
19039	4.333920e-01	1.749964e-01	2.537404e-02	3.171755e-02	1.661488e-01	7.227597e-02	8.397546e-01	6.745859e-01
10941	5.549492e-01	6.083807e-02	2.684730e-02	3.355912e-02	1.757957e-01	1.474339e-01	8.793029e-01	3.825720e-01
14512	3.464754e-01	8.002449e-01	3.495274e-02	4.369093e-02	2.288700e-01	1.753081e-01	4.079592e-01	9.954724e-01
27141	7.983626e-01	1.695364e-01	2.566652e-02	3.208315e-02	1.680640e-01	1.676671e-01	1.381827e-01	3.453427e-01
23979	6.610529e-01	2.600811e-01	4.023281e-02	5.029101e-02	2.634438e-01	1.823653e-01	7.081099e-01	1.860989e-02
15225	8.567888e-01	8.269070e-01	3.186520e-02	3.983150e-02	2.086528e-01	2.063089e-01	4.828896e-01	2.340903e-01
5931	9.365992e-01	9.712790e-01	2.447321e-02	3.059151e-02	1.602502e-01	1.464672e-01	4.476516e-01	5.551053e-01
24574	4.288239e-01	2.109962e-01	4.498065e-02	5.622582e-02	2.945326e-01	1.272205e-01	8.206433e-01	7.782796e-01
5350	6.808845e-01	9.481994e-01	2.694533e-02	3.368166e-02	1.764376e-01	1.685452e-01	7.458575e-02	2.382684e-01
4196	4.341268e-01	4.664424e-01	3.057825e-02	3.822281e-02	2.002259e-01	1.950998e-01	9.649882e-01	1.329365e-01
