3194	2.714127e-01	7.988490e-01	5.477375e-02	6.846719e-02	3.586577e-01	1.298650e-01	6.615316e-01	8.527635e-01
28115	7.915068e-01	8.910300e-01	4.891784e-02	6.114730e-02	3.203133e-01	3.030444e-01	3.432184e-01	6.092588e-01
4003	6.116549e-01	5.841856e-01	2.261614e-02	2.827017e-02	1.480901e-01	1.453951e-01	2.788437e-01	8.350874e-02
17181	6.342504e-01	9.704433e-01	2.684737e-02	3.355921e-02	1.757961e-01	1.269222e-01	2.362219e-01	1.177463e-01
451	5.689650e-01	3.267969e-01	4.937702e-02	6.172127e-02	3.233199e-01	3.003028e-01	5.242422e-01	4.162991e-01
24624	4.223946e-01	2.381920e-01	2.429533e-02	3.036916e-02	1.590854e-01	1.583302e-01	8.652454e-01	9.115252e-01
5794	8.521405e-01	2.407873e-01	2.203206e-02	2.754007e-02	1.442656e-01	9.230141e-02	5.184123e-01	5.407449e-01
11511	6.989197e-02	6.842809e-01	3.368160e-02	4.210200e-02	2.205466e-01	2.138675e-01	2.249060e-01	8.992909e-03
16432	3.762045e-01	8.576005e-01	7.775662e-02	9.719578e-02	5.091492e-01	3.310495e-01	4.924483e-01	2.163060e-01
28994	8.967376e-01	4.496847e-01	2.507826e-02	3.134782e-02	1.642120e-01	1.198748e-01	7.176628e-01	8.103568e-01
26842	4.996334e-01	8.870614e-02	2.159497e-02	2.699371e-02	1.414035e-01	1.297188e-01	1.614339e-01	6.947366e-01
22673	5.841167e-01	8.480028e-01	5.662216e-02	7.077770e-02	3.707610e-01	2.447183e-01	8.925198e-01	9.767953e-01
2103	8.231384e-01	2.089752e-01	2.276613e-02	2.845766e-02	1.490723e-01	1.171196e-01	9.098205e-01	5.093354e-01
28897	8.109856e-02	5.425672e-01	2.070196e-02	2.587745e-02	1.355561e-01	1.249776e-01	8.505186e-01	4.754509e-01
2215	3.084687e-01	9.401692e-01	3.554195e-02	4.442743e-02	2.327281e-01	1.564880e-01	2.275428e-01	7.174378e-01
1506	4.832635e-01	7.891691e-01	4.277521e-02	5.346901e-02	2.800914e-01	1.896074e-01	6.451240e-01	6.300431e-01
26648	6.417041e-01	1.713874e-01	2.495803e-02	3.119754e-02	1.634248e-01	1.632010e-01	1.399977e-01	1.742603e-01
18015	3.032331e-01	2.060212e-01	2.677451e-02	3.346814e-02	1.753191e-01	1.255141e-01	1.581859e-01	3.734830e-01
311	4.181174e-01	1.039586e-01	5.828662e-02	7.285828e-02	3.816599e-01	3.502721e-01	1.094575e-01	5.375728e-01
27981	9.165864e-01	2.236109e-01	3.952779e-02	4.940973e-02	2.588273e-01	2.387694e-01	7.914727e-01	2.096890e-01
25405	7.458182e-01	2.533934e-01	2.784002e-02	3.480002e-02	1.822960e-01	1.247858e-01	1.971339e-01	3.275773e-03
3945	6.509417e-02	3.098699e-01	3.137280e-02	3.921600e-02	2.054286e-01	2.033556e-01	1.735839e-01	9.162610e-01
9073	4.252167e-02	1.449936e-01	3.227271e-02	4.034089e-02	2.113212e-01	1.151425e-01	7.310261e-01	4.655583e-02
4818	7.902832e-01	4.924838e-01	2.480010e-02	3.100013e-02	1.623907e-01	4.746266e-02	3.706645e-01	7.095044e-01
23631	6.613687e-01	3.815463e-01	4.672415e-02	5.840519e-02	3.059490e-01	3.028457e-01	1.339980e-01	7.507052e-01
22686	3.815761e-01	4.911115e-01	3.849303e-02	4.811629e-02	2.520518e-01	1.987403e-01	8.753443e-01	6.136162e-01
31184	4.957916e-01	6.934884e-01	2.114672e-02	2.643340e-02	1.384684e-01	3.698528e-02	5.518813e-01	5.866879e-01
19282	4.185244e-02	7.653998e-01	2.356596e-02	2.945745e-02	1.543096e-01	1.467332e-01	1.722165e-01	5.695007e-01
11855	1.503146e-01	4.737654e-01	5.229711e-02	6.537139e-02	3.424407e-01	3.286665e-01	9.780938e-01	6.666214e-01
23000	2.392578e-01	1.573075e-01	2.256743e-02	2.820928e-02	1.477712e-01	8.810841e-02	8.838278e-01	3.812046e-01
6743	7.025938e-01	7.559984e-01	7.532904e-02	9.416130e-02	4.932534e-01	4.147609e-01	7.545234e-01	9.553161e-01
26859	7.703108e-01	8.321743e-01	4.310415e-02	5.388018e-02	2.822453e-01	2.607122e-01	8.676930e-01	5.388662e-01
22158	9.381185e-01	9.520439e-01	3.383642e-02	4.229553e-02	2.215604e-01	2.211635e-01	7.305419e-02	1.273546e-01
13019	9.189423e-01	7.093461e-01	3.040046e-02	3.800057e-02	1.990617e-01	1.532827e-01	2.350023e-01	5.981808e-01
16545	7.393076e-01	1.012597e-01	2.811444e-02	3.514305e-02	1.840929e-01	1.287248e-01	1.079501e-01	8.712857e-01
18928	8.446156e-01	1.170516e-01	3.195623e-02	3.994529e-02	2.092489e-01	9.712062e-02	8.792924e-01	5.687558e-01
17080	3.382433e-01	7.366996e-01	2.655899e-02	3.319874e-02	1.739078e-01	1.682428e-01	3.451661e-01	1.153461e-01
23551	4.010993e-01	4.231972e-01	2.797436e-02	3.496795e-02	1.831757e-01	1.728106e-01	1.455583e-01	7.932674e-01
15777	4.713387e-01	5.802619e-01	3.588068e-02	4.485085e-02	2.349461e-01	2.231875e-01	2.704377e-01	5.703412e-01
29535	4.871425e-01	7.469446e-01	2.194363e-02	2.742954e-02	1.436866e-01	1.269470e-01	4.066170e-02	6.882109e-01
12626	1.051279e-01	5.520158e-02	2.719560e-02	3.399451e-02	1.780764e-01	8.089536e-02	4.715685e-01	9.792134e-01
23293	8.813733e-01	6.315961e-01	3.973926e-02	4.967407e-02	2.602120e-01	6.842948e-02	9.850905e-01	9.142712e-01
1227	3.179825e-01	5.687719e-01	2.773507e-02	3.466883e-02	1.816088e-01	1.676407e-01	8.348068e-01	7.383512e-01
9819	6.472821e-01	6.713750e-01	2.821240e-02	3.526550e-02	1.847343e-01	1.415820e-01	3.438543e-01	7.237954e-01
29342	7.492622e-01	4.434677e-01	3.086261e-02	3.857827e-02	2.020879e-01	1.360093e-01	6.414112e-01	8.342850e-01
20963	8.730905e-01	1.430278e-01	2.723964e-02	3.404955e-02	1.783647e-01	1.566408e-01	6.281758e-01	8.469374e-02
15251	3.985681e-01	9.390777e-01	2.873083e-02	3.591354e-02	1.881290e-01	7.493803e-02	6.391002e-01	9.508284e-01
29124	8.734859e-01	8.995489e-01	2.234296e-02	2.792870e-02	1.463014e-01	5.432137e-02	4.081431e-01	7.107555e-01
11390	9.076143e-01	9.445157e-01	2.432915e-02	3.041143e-02	1.593069e-01	1.021139e-01	6.879723e-02	6.871358e-01
5574	9.401787e-01	5.580588e-01	6.184035e-02	7.730044e-02	4.049297e-01	3.805509e-01	1.717662e-01	9.208197e-01
30474	8.548257e-01	9.330840e-01	2.070249e-02	2.587811e-02	1.355596e-01	1.349626e-01	8.626893e-01	6.561886e-01
2453	1.967482e-01	8.271418e-01	3.478546e-02	4.348182e-02	2.277746e-01	1.602624e-01	3.325852e-01	8.738614e-01
7172	2.106241e-01	6.437043e-01	4.855816e-02	6.069770e-02	3.179581e-01	1.276644e-01	1.503615e-01	9.996420e-01
20866	6.016062e-01	2.474965e-01	2.197317e-02	2.746647e-02	1.438800e-01	1.174011e-01	6.936582e-01	8.000626e-01
23404	3.124098e-01	4.885305e-01	6.966742e-02	8.708427e-02	4.561812e-01	4.495876e-01	6.053404e-01	7.867195e-01
21878	7.403351e-01	5.617373e-01	2.730008e-02	3.412510e-02	1.787605e-01	7.909972e-02	4.347256e-02	5.320870e-01
13843	1.088599e-01	5.862648e-01	3.318340e-02	4.147925e-02	2.172844e-01	1.681690e-01	3.461787e-01	9.400758e-01
21376	1.042238e-01	2.306997e-01	4.557338e-02	5.696673e-02	2.984138e-01	2.538575e-01	5.814296e-01	5.719549e-02
2081	7.517273e-01	2.206430e-01	2.361449e-02	2.951811e-02	1.546273e-01	8.262422e-02	2.399130e-01	1.255755e-01
5361	8.610828e-01	7.878812e-01	7.192463e-02	8.990578e-02	4.709613e-01	2.379899e-01	6.709528e-01	2.033858e-01
10616	2.081693e-01	3.460288e-02	2.418277e-02	3.022846e-02	1.583484e-01	1.573099e-01	7.061555e-01	9.017007e-01
31863	5.207680e-01	6.134456e-01	3.046774e-02	3.808468e-02	1.995023e-01	1.883024e-01	9.574013e-01	6.926851e-01
31209	5.128283e-01	4.467624e-01	7.329948e-02	9.162435e-02	4.799639e-01	3.734289e-01	8.243227e-01	9.746006e-01
26118	5.536123e-01	5.152963e-01	3.163803e-02	3.954754e-02	2.071654e-01	7.619315e-02	1.081991e-01	2.181812e-01
13401	2.016659e-01	1.733911e-01	3.467674e-02	4.334592e-02	2.270627e-01	1.119011e-01	1.938055e-01	6.842796e-01
5684	2.739929e-01	2.922181e-01	2.627628e-02	3.284535e-02	1.720567e-01	1.678214e-01	8.308076e-01	3.395129e-02
31892	7.559643e-01	6.601595e-01	4.821731e-02	6.027163e-02	3.157262e-01	1.716816e-01	2.489065e-01	6.627022e-02
29992	2.629190e-01	6.121896e-01	4.326545e-02	5.408182e-02	2.833015e-01	1.142028e-01	8.650183e-01	1.761129e-01
16129	2.370837e-01	9.313010e-01	4.347927e-02	5.434909e-02	2.847016e-01	2.526612e-01	3.891948e-01	2.520575e-02
24370	5.649805e-01	1.323466e-01	3.219662e-02	4.024577e-02	2.108229e-01	2.000083e-01	7.329962e-01	1.721163e-01
994	5.866306e-01	9.705238e-01	2.601097e-02	3.251372e-02	1.703195e-01	7.556775e-02	3.306770e-01	9.535514e-01
25809	8.212572e-01	3.280942e-01	2.663810e-02	3.329763e-02	1.744259e-01	1.741586e-01	8.569131e-01	6.151664e-01
19401	2.462824e-01	3.255527e-01	2.944724e-02	3.680905e-02	1.928200e-01	6.730610e-02	2.793483e-01	3.035233e-01
26017	4.986567e-02	4.849726e-01	2.260070e-02	2.825087e-02	1.479890e-01	8.237733e-02	8.647895e-02	2.623339e-01
25164	6.777001e-01	1.187043e-01	5.315408e-02	6.644260e-02	3.480521e-01	1.168723e-01	3.410046e-01	8.032079e-02
17284	5.225582e-01	2.407225e-01	4.795609e-02	5.994511e-02	3.140157e-01	3.076874e-01	7.330242e-01	1.703281e-01
31307	5.879731e-01	7.118611e-01	4.480871e-02	5.601089e-02	2.934068e-01	2.161035e-01	8.230627e-01	9.061040e-01
22448	4.483797e-01	3.856655e-01	2.252108e-02	2.815135e-02	1.474677e-01	1.473148e-01	1.306257e-01	4.298871e-01
13119	6.884543e-01	4.564467e-01	2.431600e-02	3.039500e-02	1.592208e-01	1.587557e-01	5.262997e-01	4.245887e-01
10418	6.479571e-01	6.169636e-01	3.084082e-02	3.855103e-02	2.019452e-01	1.235339e-01	6.320694e-01	6.185254e-01
30937	2.913381e-01	1.568120e-01	2.109862e-02	2.637327e-02	1.381534e-01	1.345503e-01	3.719559e-01	5.028428e-01
28578	4.897525e-01	2.802230e-01	2.957394e-02	3.696742e-02	1.936497e-01	1.671582e-01	7.392229e-01	5.798420e-02
24429	6.067812e-01	4.801897e-01	3.384336e-02	4.230420e-02	2.216058e-01	6.193283e-02	5.494901e-01	6.326205e-01
9803	4.036400e-01	7.482171e-01	2.597519e-02	3.246899e-02	1.700852e-01	4.825344e-02	8.914128e-01	4.734377e-01
