24447	3.663368e-01	8.248291e-01	4.982263e-02	6.227828e-02	3.262378e-01	1.905458e-01	4.298691e-01	8.480056e-01
32695	6.543301e-01	6.821050e-01	6.396595e-02	7.995744e-02	4.188481e-01	1.955689e-01	5.298239e-02	4.983399e-01
28549	6.405628e-01	8.621063e-01	3.595526e-02	4.494408e-02	2.354345e-01	8.029665e-02	4.841344e-01	2.542670e-01
15920	2.685332e-01	8.339854e-01	6.590817e-02	8.238521e-02	4.315657e-01	4.287145e-01	9.133843e-01	2.184030e-01
21559	8.698423e-01	4.744630e-01	3.998155e-02	4.997694e-02	2.617986e-01	1.421775e-01	3.983967e-01	2.716021e-03
13800	8.957019e-02	8.230493e-01	5.384252e-02	6.730315e-02	3.525600e-01	2.021715e-01	7.859457e-01	3.971130e-01
31407	5.664406e-01	3.938024e-01	3.402838e-02	4.253547e-02	2.228173e-01	2.054914e-01	6.184076e-01	6.444796e-01
22266	1.372308e-01	1.814877e-01	3.125669e-02	3.907086e-02	2.046683e-01	9.300428e-02	7.972166e-01	7.189393e-02
12081	9.644525e-01	8.465841e-01	2.231108e-02	2.788885e-02	1.460926e-01	6.066878e-02	1.398960e-01	9.550987e-01
425	5.413799e-01	8.707356e-01	3.330066e-02	4.162582e-02	2.180522e-01	1.188205e-01	9.812546e-01	1.069999e-01
8611	6.192070e-01	5.534266e-01	2.609759e-02	3.262199e-02	1.708866e-01	1.672724e-01	8.801825e-01	6.864872e-01
20827	3.448128e-01	7.666370e-01	2.402844e-02	3.003555e-02	1.573379e-01	8.921753e-02	2.438735e-02	5.481029e-01
12945	7.082195e-01	7.313888e-01	2.056592e-02	2.570740e-02	1.346653e-01	5.376636e-02	2.333784e-01	6.863984e-01
10920	2.885324e-01	1.168975e-01	7.345890e-02	9.182363e-02	4.810078e-01	2.594307e-01	4.578295e-01	5.249208e-01
8882	8.407999e-01	6.736478e-01	2.268643e-02	2.835804e-02	1.485504e-01	4.737999e-02	4.997910e-01	5.070435e-01
19141	1.756832e-01	6.032983e-01	2.675159e-02	3.343949e-02	1.751690e-01	1.645031e-01	9.500068e-01	9.998825e-01
16312	7.199566e-01	8.086734e-01	6.233330e-02	7.791662e-02	4.081575e-01	2.705552e-01	3.218258e-01	8.509787e-01
27131	8.790445e-01	3.479429e-02	3.142760e-02	3.928451e-02	2.057875e-01	2.022610e-01	2.796541e-01	9.648319e-01
3586	2.694736e-01	9.073891e-01	2.541506e-02	3.176883e-02	1.664174e-01	6.175980e-02	9.229106e-02	1.707166e-01
9837	1.988975e-01	1.092708e-01	5.218095e-02	6.522619e-02	3.416801e-01	3.332743e-01	6.725555e-01	2.732092e-01
31874	2.382210e-01	4.525151e-01	5.605727e-02	7.007159e-02	3.670621e-01	1.639842e-01	7.133418e-01	6.250201e-01
30612	1.526426e-01	8.078018e-01	2.324655e-02	2.905818e-02	1.522180e-01	1.143849e-01	3.984670e-01	1.184128e-01
28237	5.462277e-01	5.645793e-01	2.551374e-02	3.189218e-02	1.670636e-01	4.461097e-02	9.243756e-01	3.244443e-01
13811	4.506639e-01	1.285722e-01	4.845225e-02	6.056531e-02	3.172645e-01	1.740620e-01	3.474855e-01	4.052657e-01
12986	4.421285e-01	5.111916e-01	3.725288e-02	4.656610e-02	2.439313e-01	2.410104e-01	3.334620e-01	6.060813e-01
22279	3.537745e-01	6.098132e-01	5.984195e-02	7.480244e-02	3.918442e-01	3.680670e-01	7.937541e-01	5.272070e-01
24516	2.383339e-01	6.615579e-01	6.186283e-02	7.732854e-02	4.050769e-01	3.124661e-01	6.028377e-02	7.078803e-01
10800	4.620841e-01	8.304616e-01	3.164880e-02	3.956100e-02	2.072358e-01	2.055643e-01	5.516913e-01	8.558748e-01
6154	5.663255e-01	4.481224e-01	2.180918e-02	2.726147e-02	1.428062e-01	7.562787e-02	3.100654e-01	6.773701e-01
8215	3.021522e-01	6.719437e-01	2.681068e-02	3.351335e-02	1.755559e-01	1.181105e-01	8.557416e-01	8.805219e-01
32564	9.529870e-01	4.343674e-01	2.186844e-02	2.733555e-02	1.431942e-01	1.276196e-01	6.018838e-02	1.516411e-01
18121	5.771526e-01	7.632208e-01	2.472202e-02	3.090252e-02	1.618794e-01	1.232901e-01	7.459410e-02	2.257436e-01
4223	1.703176e-01	2.909302e-01	2.419286e-02	3.024107e-02	1.584145e-01	1.039467e-01	2.597983e-01	9.775950e-02
15713	2.042429e-01	2.625067e-01	2.560344e-02	3.200430e-02	1.676509e-01	1.619929e-01	3.203218e-01	5.068773e-01
15169	9.988782e-02	2.820374e-01	2.512497e-02	3.140621e-02	1.645179e-01	1.644880e-01	5.631000e-01	7.202060e-01
12625	5.889890e-01	2.365920e-01	2.069348e-02	2.586684e-02	1.355006e-01	1.081986e-01	8.998950e-01	1.498235e-01
1176	7.900137e-01	4.096625e-01	2.348106e-02	2.935133e-02	1.537536e-01	1.377908e-01	6.023413e-01	8.723048e-01
28842	4.760761e-01	3.800913e-01	2.172062e-02	2.715077e-02	1.422263e-01	6.218030e-02	8.555436e-01	1.876490e-01
15987	2.243908e-01	9.243319e-01	2.164260e-02	2.705325e-02	1.417154e-01	1.271520e-01	2.404146e-01	8.590843e-01
31249	6.121829e-02	6.656242e-02	3.631094e-02	4.538867e-02	2.377635e-01	2.333241e-01	8.393670e-01	6.661398e-02
3843	1.537747e-01	4.776391e-01	3.356868e-02	4.196085e-02	2.198072e-01	1.454078e-01	5.562054e-01	2.041471e-01
15212	8.335844e-01	8.535880e-01	7.593816e-02	9.492270e-02	4.972419e-01	4.203390e-01	7.630154e-01	6.851376e-01
19131	5.629038e-01	6.674542e-01	4.636150e-02	5.795188e-02	3.035744e-01	1.042544e-01	9.365463e-01	9.340902e-02
3328	3.324007e-01	7.423079e-02	3.188526e-02	3.985657e-02	2.087842e-01	1.517724e-01	5.814121e-01	9.450499e-01
23849	1.160212e-01	5.388079e-01	2.298371e-02	2.872964e-02	1.504970e-01	1.441739e-01	1.833083e-01	1.518568e-01
18373	6.698546e-01	1.633058e-01	2.405923e-02	3.007403e-02	1.575394e-01	1.568147e-01	2.530188e-01	3.237288e-01
6209	6.116638e-01	2.518488e-01	2.178067e-02	2.722583e-02	1.426195e-01	1.399669e-01	7.838982e-01	5.478327e-01
8349	7.676245e-02	4.822489e-01	5.557908e-02	6.947385e-02	3.639310e-01	2.382303e-01	1.937474e-02	3.047168e-02
20362	9.381093e-01	8.461609e-02	5.413840e-02	6.767300e-02	3.544974e-01	3.071230e-01	2.302315e-02	9.878289e-01
23993	8.038575e-01	1.148361e-01	2.061730e-02	2.577163e-02	1.350018e-01	1.116442e-01	4.467850e-01	6.234790e-01
10380	3.258978e-01	2.640746e-01	3.603226e-02	4.504032e-02	2.359387e-01	1.097446e-01	7.915284e-01	6.344499e-01
3325	8.810847e-01	9.604977e-01	3.570750e-02	4.463437e-02	2.338121e-01	8.602376e-02	5.331761e-05	3.919747e-01
4950	8.248080e-01	4.446838e-01	5.784788e-02	7.230985e-02	3.787870e-01	3.452902e-01	6.817914e-01	3.033245e-01
12141	4.108722e-01	8.490222e-02	4.392382e-02	5.490477e-02	2.876125e-01	1.319152e-01	7.405066e-01	9.527651e-01
8801	9.492537e-01	7.939396e-01	3.051760e-02	3.814700e-02	1.998288e-01	1.988373e-01	1.841525e-01	6.858338e-01
14827	5.451984e-01	5.213098e-01	3.714995e-02	4.643743e-02	2.432573e-01	1.645266e-01	1.769462e-01	2.577305e-02
18867	8.255997e-01	5.526505e-01	2.234899e-02	2.793624e-02	1.463408e-01	1.424080e-01	6.874415e-02	4.425866e-01
11805	8.767342e-01	5.154473e-01	2.058113e-02	2.572641e-02	1.347649e-01	1.270850e-01	2.260589e-01	2.897075e-01
26976	4.590739e-01	6.774210e-01	3.331863e-02	4.164829e-02	2.181699e-01	1.608256e-01	9.177212e-01	8.533000e-01
16814	1.534821e-01	4.248100e-01	2.635745e-02	3.294682e-02	1.725882e-01	1.701506e-01	8.945051e-01	5.149122e-01
17584	8.413668e-01	2.139784e-01	4.430766e-02	5.538458e-02	2.901259e-01	2.681408e-01	4.782287e-01	6.110900e-01
20155	2.717438e-01	3.583366e-01	2.358581e-02	2.948227e-02	1.544395e-01	1.536403e-01	3.087812e-01	9.708260e-01
3427	4.980846e-01	5.213526e-01	3.770026e-02	4.712532e-02	2.468607e-01	1.386077e-01	4.676628e-01	9.623129e-01
31421	6.271165e-01	7.490300e-01	2.304250e-02	2.880312e-02	1.508819e-01	7.479692e-02	4.915870e-01	7.061507e-01
25984	4.168663e-01	9.058890e-01	4.748043e-02	5.935054e-02	3.109011e-01	1.093650e-01	5.374887e-01	8.531496e-01
6380	4.969603e-01	7.898762e-01	2.213138e-02	2.766422e-02	1.449159e-01	1.153398e-01	7.603441e-02	9.762188e-01
8761	2.085304e-01	7.700264e-01	2.290624e-02	2.863280e-02	1.499897e-01	7.637669e-02	3.958469e-01	3.021012e-01
18066	7.290191e-01	2.774878e-01	3.385171e-02	4.231463e-02	2.216605e-01	1.467808e-01	2.140918e-01	9.869417e-01
18425	7.132275e-01	4.443712e-01	5.460069e-02	6.825086e-02	3.575244e-01	3.568060e-01	6.270100e-01	5.726450e-01
3332	8.987514e-01	6.410084e-01	2.412005e-02	3.015006e-02	1.579377e-01	1.563179e-01	1.754261e-01	9.508425e-01
14825	8.403022e-01	7.422147e-01	2.797298e-02	3.496622e-02	1.831666e-01	7.732053e-02	1.359372e-02	1.269815e-01
25887	5.603538e-01	1.071988e-01	2.691576e-02	3.364469e-02	1.762439e-01	1.731390e-01	8.912783e-01	7.552905e-01
7912	2.416949e-01	5.619775e-01	4.176555e-02	5.220694e-02	2.734802e-01	2.721182e-01	6.677248e-01	5.681635e-02
449	4.763759e-02	7.943675e-01	2.342842e-02	2.928552e-02	1.534089e-01	1.497326e-01	6.380809e-02	5.747625e-01
628	7.993414e-01	1.534680e-01	2.388114e-02	2.985142e-02	1.563733e-01	4.118637e-02	5.065350e-01	4.279940e-01
