30323	1.024194e-01	8.162868e-01	4.232242e-02	5.290303e-02	2.771266e-01	1.167305e-01	3.265943e-01	9.718780e-01
14916	4.646758e-01	5.416654e-01	2.090997e-02	2.613747e-02	1.369182e-01	1.184547e-01	3.737756e-01	2.279997e-01
14338	4.412775e-02	2.208115e-01	2.105641e-02	2.632051e-02	1.378771e-01	6.772057e-02	6.516008e-01	4.443596e-01
3443	9.728285e-01	5.769581e-02	2.332697e-02	2.915872e-02	1.527447e-01	1.124426e-01	9.796396e-01	3.403704e-01
11247	5.973722e-01	3.451587e-01	2.522375e-02	3.152969e-02	1.651647e-01	1.585198e-01	7.067859e-01	2.664013e-01
4643	6.348407e-01	4.920090e-01	4.266149e-02	5.332687e-02	2.793468e-01	7.511921e-02	8.881188e-01	5.857962e-01
2205	7.803018e-01	3.912272e-01	4.390618e-02	5.488272e-02	2.874970e-01	2.838693e-01	1.833868e-01	6.964665e-01
28214	2.257629e-01	9.120768e-01	2.415588e-02	3.019485e-02	1.581723e-01	1.496510e-01	3.994922e-01	1.308262e-01
15629	8.559495e-01	5.519655e-01	3.789754e-02	4.737192e-02	2.481525e-01	2.142580e-01	2.945788e-01	9.363378e-02
25539	5.678415e-01	4.456562e-01	4.279533e-02	5.349416e-02	2.802231e-01	1.989140e-01	3.931740e-01	1.298812e-01
17734	1.664198e-01	1.592339e-01	4.494235e-02	5.617793e-02	2.942818e-01	2.227470e-01	6.225102e-01	8.779898e-01
16851	6.351615e-02	2.750278e-01	2.266170e-02	2.832712e-02	1.483884e-01	1.283982e-01	9.298641e-01	7.397419e-01
23883	4.411946e-01	2.030959e-01	2.144983e-02	2.681228e-02	1.404531e-01	1.394609e-01	7.884211e-01	9.621290e-01
30357	6.733664e-01	3.077261e-01	3.276702e-02	4.095877e-02	2.145579e-01	1.698070e-01	6.205073e-01	1.247290e-01
25150	1.793723e-01	8.056075e-01	2.666675e-02	3.333343e-02	1.746134e-01	1.191744e-01	8.119759e-02	4.910181e-01
30287	9.300818e-01	8.770784e-01	2.754827e-02	3.443533e-02	1.803856e-01	1.590544e-01	6.311157e-01	4.179351e-02
15468	3.415114e-01	6.662442e-01	2.299581e-02	2.874477e-02	1.505762e-01	5.819641e-02	8.215209e-01	7.594080e-01
6028	2.791018e-01	5.775428e-01	2.268068e-02	2.835085e-02	1.485127e-01	1.340405e-01	5.447531e-01	2.396761e-01
7543	9.744809e-01	4.641312e-01	2.203223e-02	2.754029e-02	1.442667e-01	1.375176e-01	9.133845e-01	6.327693e-02
28458	8.734078e-01	4.508046e-01	5.208699e-02	6.510874e-02	3.410648e-01	3.339076e-01	5.171423e-01	7.296220e-01
20958	4.114125e-01	4.797933e-01	5.862136e-02	7.327670e-02	3.838518e-01	3.374549e-01	9.274520e-01	6.952559e-01
14427	4.839610e-01	7.793207e-01	2.374772e-02	2.968466e-02	1.554997e-01	1.161670e-01	6.140522e-01	9.923336e-01
3637	6.476680e-01	8.655102e-01	5.304774e-02	6.630968e-02	3.473558e-01	2.474827e-01	1.988234e-01	7.746181e-01
21628	5.866121e-01	1.309552e-01	4.608463e-02	5.760578e-02	3.017614e-01	2.123043e-01	1.633724e-02	5.672040e-01
14830	2.301506e-01	6.299719e-01	6.468829e-02	8.086036e-02	4.235779e-01	1.439708e-01	2.901414e-01	5.337946e-01
2974	2.738876e-01	5.285278e-02	3.074644e-02	3.843305e-02	2.013272e-01	7.476816e-02	1.199803e-01	4.182514e-01
28266	1.381981e-01	9.598286e-01	2.102554e-02	2.628193e-02	1.376749e-01	1.229440e-01	2.876061e-01	2.175441e-01
10960	9.412490e-01	6.824678e-01	3.856652e-02	4.820816e-02	2.525330e-01	9.378164e-02	2.003689e-01	2.181798e-01
18847	4.868386e-01	8.979775e-02	3.219902e-02	4.024878e-02	2.108387e-01	7.776904e-02	2.451477e-01	4.575018e-01
2469	8.840925e-01	5.722238e-01	2.163957e-02	2.704946e-02	1.416955e-01	1.066757e-01	7.372484e-01	1.903620e-02
2933	1.730290e-01	9.153861e-01	3.432661e-02	4.290827e-02	2.247701e-01	2.247111e-01	9.633517e-01	5.187986e-03
946	9.199370e-01	3.933919e-01	4.382999e-02	5.478748e-02	2.869981e-01	2.555384e-01	5.593494e-01	8.290502e-01
19218	6.884762e-01	6.888831e-01	6.719784e-02	8.399730e-02	4.400104e-01	3.182258e-01	2.621190e-01	8.408174e-02
29555	6.524873e-01	6.021055e-01	5.372965e-02	6.716206e-02	3.518209e-01	2.739796e-01	2.980072e-01	4.077665e-01
6353	8.666663e-01	1.040493e-01	2.585369e-02	3.231711e-02	1.692895e-01	1.505357e-01	8.594719e-01	9.733065e-01
16386	7.757421e-01	1.267313e-01	2.751519e-02	3.439399e-02	1.801691e-01	1.510364e-01	2.746926e-01	5.018858e-01
31644	8.346127e-01	3.826159e-01	4.401733e-02	5.502167e-02	2.882248e-01	2.085023e-01	4.911325e-02	9.533119e-01
24009	6.613625e-01	2.047382e-01	3.655491e-02	4.569364e-02	2.393610e-01	1.196905e-01	9.953288e-01	2.763778e-01
10470	7.467518e-01	8.206452e-01	6.756847e-02	8.446058e-02	4.424373e-01	3.982327e-01	9.946956e-01	5.025147e-01
24153	2.902295e-01	6.678505e-01	2.111334e-02	2.639168e-02	1.382498e-01	8.058476e-02	2.223146e-01	7.495490e-01
22542	6.393624e-01	1.020368e-01	2.427234e-02	3.034042e-02	1.589349e-01	6.025625e-02	7.760459e-01	4.417343e-01
20798	1.752242e-01	3.698141e-01	2.649145e-02	3.311431e-02	1.734656e-01	1.729469e-01	7.003740e-01	7.755502e-01
16217	6.137628e-01	6.847305e-01	2.686038e-02	3.357548e-02	1.758814e-01	1.450985e-01	7.055813e-01	9.052105e-01
3003	3.035789e-01	8.143593e-01	5.004394e-02	6.255492e-02	3.276869e-01	1.831819e-01	9.005607e-01	7.471801e-01
32241	6.589790e-01	1.470411e-01	5.991394e-02	7.489242e-02	3.923155e-01	2.207427e-01	9.352705e-02	7.726567e-01
20236	9.273561e-01	6.011096e-02	3.025859e-02	3.782324e-02	1.981328e-01	1.426603e-01	3.104862e-01	7.452872e-03
8242	3.644207e-01	2.315121e-01	2.507090e-02	3.133863e-02	1.641639e-01	1.467246e-01	1.009205e-01	1.369163e-02
9286	3.697585e-01	1.024687e-01	2.519658e-02	3.149573e-02	1.649868e-01	1.594044e-01	6.570740e-01	1.792088e-01
17309	8.110718e-01	1.570573e-01	3.102802e-02	3.878502e-02	2.031710e-01	2.028480e-01	1.663214e-01	2.383723e-01
4980	1.027852e-01	4.132359e-01	2.710262e-02	3.387827e-02	1.774675e-01	1.220682e-01	6.401932e-01	3.403553e-01
6738	2.494084e-01	4.863945e-01	2.519338e-02	3.149172e-02	1.649658e-01	1.325632e-01	8.316659e-01	9.602699e-01
9387	2.423381e-01	8.388174e-01	2.506616e-02	3.133270e-02	1.641328e-01	1.608633e-01	3.476287e-01	3.435628e-01
1580	8.226261e-01	8.903126e-01	7.411720e-02	9.264650e-02	4.853183e-01	3.169233e-01	1.854608e-01	5.960161e-01
12840	8.823969e-01	1.403664e-01	2.770020e-02	3.462525e-02	1.813805e-01	1.570556e-01	4.523520e-02	8.281620e-01
32431	6.953596e-01	3.863665e-01	4.378841e-02	5.473551e-02	2.867258e-01	1.742028e-01	9.586403e-01	3.131186e-01
14637	3.561608e-01	5.615824e-01	3.486175e-02	4.357718e-02	2.282742e-01	2.213736e-01	8.547603e-01	5.405180e-01
10530	6.876175e-01	2.683083e-01	3.189085e-02	3.986356e-02	2.088208e-01	1.763738e-01	6.212067e-01	7.901061e-01
2211	1.873657e-01	5.801620e-01	4.829472e-02	6.036840e-02	3.162331e-01	2.328530e-01	5.877557e-01	7.243202e-01
26163	7.527327e-01	4.943380e-01	4.547762e-02	5.684703e-02	2.977868e-01	1.083909e-01	4.527763e-01	1.403135e-01
11304	6.575221e-02	3.238596e-02	2.541488e-02	3.176860e-02	1.664162e-01	8.741815e-02	1.124359e-01	8.198099e-01
31895	4.967976e-01	4.601336e-01	6.058244e-02	7.572805e-02	3.966929e-01	3.062235e-01	3.008083e-01	7.437581e-01
29122	2.861808e-01	1.251863e-01	3.883860e-02	4.854825e-02	2.543146e-01	1.510734e-01	4.247239e-01	3.354311e-02
23136	1.938342e-01	2.474817e-01	6.806323e-02	8.507904e-02	4.456770e-01	1.408954e-01	5.489170e-02	1.671176e-01
1220	1.306109e-01	8.527642e-01	5.964224e-02	7.455280e-02	3.905365e-01	1.540120e-01	5.451820e-01	2.319069e-01
19980	1.577662e-01	5.502061e-01	3.299835e-02	4.124794e-02	2.160727e-01	6.926357e-02	2.417173e-01	8.728814e-01
22934	7.924150e-01	6.553060e-01	5.126073e-02	6.407592e-02	3.356545e-01	1.267820e-01	4.901215e-01	5.047018e-01
17340	7.453191e-01	9.695179e-01	2.062473e-02	2.578092e-02	1.350504e-01	1.329782e-01	9.831586e-01	3.504709e-01
23065	6.684749e-01	6.979923e-02	2.325737e-02	2.907171e-02	1.522889e-01	1.387511e-01	2.625306e-01	2.701332e-02
26002	2.735145e-01	7.178720e-01	2.158032e-02	2.697540e-02	1.413076e-01	7.366040e-02	3.939698e-01	9.229810e-01
25941	1.336184e-01	3.955592e-01	6.178598e-02	7.723248e-02	4.045737e-01	1.565326e-01	2.446326e-01	7.756350e-01
20763	5.441378e-01	5.925295e-01	6.693200e-02	8.366500e-02	4.382697e-01	2.233544e-01	8.253096e-01	6.368826e-01
16144	2.180731e-01	3.320264e-01	4.292855e-02	5.366069e-02	2.810955e-01	1.989037e-01	8.718675e-02	3.463215e-01
24463	3.276887e-01	2.964802e-01	2.770055e-02	3.462569e-02	1.813828e-01	1.717335e-01	9.498119e-01	5.986373e-01
17298	5.776736e-01	8.500386e-01	2.611266e-02	3.264082e-02	1.709853e-01	1.021000e-01	6.824065e-01	3.195603e-01
11048	5.682852e-01	9.464926e-01	4.390172e-02	5.487715e-02	2.874678e-01	2.862835e-01	7.053737e-01	3.712350e-01
29608	3.399942e-01	7.858409e-01	2.964739e-02	3.705924e-02	1.941307e-01	6.101926e-02	3.937118e-01	2.133961e-01
