4904	3.279408e-01	8.560852e-01	7.791659e-02	9.739573e-02	5.101966e-01	5.031492e-01	5.496775e-01	5.845541e-01
9002	4.559465e-01	5.973748e-01	2.493737e-02	3.117171e-02	1.632895e-01	1.584300e-01	9.389468e-01	1.991461e-01
2617	1.026948e-01	4.793320e-02	2.498869e-02	3.123587e-02	1.636256e-01	1.564787e-01	4.854055e-01	1.814425e-02
21622	7.882585e-01	8.834984e-01	3.992164e-02	4.990205e-02	2.614063e-01	1.562227e-01	4.783905e-01	4.034607e-01
6250	6.554395e-01	7.554181e-01	7.315187e-02	9.143984e-02	4.789973e-01	2.989665e-01	4.148364e-01	8.802655e-01
23366	6.077298e-01	2.095019e-01	2.137601e-02	2.672002e-02	1.399698e-01	1.115271e-01	6.781912e-01	6.951062e-01
4162	5.296710e-01	4.972719e-01	3.928979e-02	4.911223e-02	2.572689e-01	2.056367e-01	3.218020e-01	8.616967e-01
6786	7.308821e-01	8.700001e-01	2.393863e-02	2.992329e-02	1.567498e-01	1.556687e-01	6.121399e-01	5.729313e-01
8482	1.143116e-01	7.276814e-01	4.113356e-02	5.141695e-02	2.693419e-01	2.405591e-01	3.069680e-02	3.605846e-01
17991	8.140482e-01	8.341181e-02	6.261536e-02	7.826919e-02	4.100044e-01	1.935041e-01	8.977844e-01	5.949695e-01
7245	5.177522e-02	6.554433e-02	3.364994e-02	4.206242e-02	2.203393e-01	1.319423e-01	6.955418e-01	2.130517e-01
23274	6.440149e-02	4.336080e-01	2.075661e-02	2.594576e-02	1.359140e-01	1.210904e-01	3.078111e-01	8.983663e-01
5258	4.676209e-02	3.211858e-01	3.431160e-02	4.288951e-02	2.246719e-01	6.812892e-02	8.115585e-02	2.164853e-01
10717	7.099417e-01	2.112279e-01	2.455013e-02	3.068766e-02	1.607539e-01	4.391421e-02	5.715063e-01	7.498694e-01
6364	2.679141e-01	1.520692e-01	5.763750e-02	7.204687e-02	3.774094e-01	3.692264e-01	8.521097e-01	1.288987e-01
27232	4.814647e-01	7.844419e-01	5.617101e-02	7.021376e-02	3.678069e-01	2.450838e-01	3.494053e-01	3.489472e-01
8441	7.428200e-01	6.746907e-01	3.142489e-02	3.928111e-02	2.057697e-01	1.336354e-01	3.893006e-01	5.812244e-01
19137	6.440482e-01	3.455839e-01	2.282543e-02	2.853179e-02	1.494606e-01	1.157998e-01	6.865950e-02	5.104963e-01
15649	8.841288e-01	5.437004e-01	2.232921e-02	2.791152e-02	1.462113e-01	4.380236e-02	3.723265e-01	4.448574e-01
6881	9.572481e-01	2.171298e-01	3.191784e-02	3.989731e-02	2.089975e-01	1.049924e-01	5.457122e-02	2.918175e-01
22684	5.293590e-01	6.372589e-01	7.445146e-02	9.306433e-02	4.875070e-01	3.230137e-01	6.099357e-01	5.025264e-01
27019	4.025563e-01	7.438859e-01	3.141882e-02	3.927353e-02	2.057300e-01	1.930480e-01	5.343808e-01	1.345037e-01
11395	7.792951e-02	5.689549e-01	2.929561e-02	3.661951e-02	1.918272e-01	1.175518e-01	8.390348e-02	4.836110e-01
1672	3.286984e-01	6.021247e-01	2.779734e-02	3.474668e-02	1.820166e-01	1.807083e-01	4.751415e-01	8.530824e-01
31949	2.513157e-01	2.806156e-01	7.276787e-02	9.095984e-02	4.764829e-01	4.441995e-01	9.142466e-01	9.203751e-02
14631	4.291280e-01	4.751138e-01	3.392177e-02	4.240221e-02	2.221192e-01	1.296599e-01	8.897139e-01	8.434797e-01
16397	1.631854e-01	7.706257e-01	2.736601e-02	3.420751e-02	1.791922e-01	1.612455e-01	3.783297e-01	5.574073e-01
25566	9.294366e-01	6.965646e-01	3.092775e-02	3.865969e-02	2.025144e-01	1.878697e-01	2.028803e-01	9.510358e-03
26628	8.622925e-01	8.120076e-01	5.431255e-02	6.789069e-02	3.556377e-01	1.049948e-01	3.269938e-01	4.486219e-01
6514	5.851712e-01	1.251553e-01	2.229068e-02	2.786335e-02	1.459590e-01	1.121278e-01	2.368167e-01	8.612483e-01
30634	1.849495e-01	1.844971e-01	3.263070e-02	4.078837e-02	2.136653e-01	1.539261e-01	2.920241e-02	6.711535e-01
20600	8.640638e-01	2.401444e-01	2.750792e-02	3.438490e-02	1.801214e-01	1.795294e-01	9.981881e-01	6.400409e-01
24955	1.650309e-01	3.753923e-01	2.631450e-02	3.289313e-02	1.723070e-01	1.715760e-01	5.446343e-01	8.646955e-01
10584	3.796083e-01	7.893317e-01	2.309153e-02	2.886441e-02	1.512030e-01	1.070033e-01	6.596476e-01	5.724970e-01
30683	3.716711e-01	3.472740e-01	2.090432e-02	2.613040e-02	1.368812e-01	4.599817e-02	2.780786e-01	2.578682e-01
5362	5.875137e-01	2.483061e-01	3.146459e-02	3.933074e-02	2.060296e-01	1.271095e-01	7.583704e-01	4.624989e-01
14503	7.847537e-01	8.214880e-01	6.516962e-02	8.146202e-02	4.267296e-01	2.916617e-01	8.607687e-01	4.759229e-01
22672	1.503089e-01	9.209879e-01	3.932048e-02	4.915060e-02	2.574699e-01	2.051730e-01	6.097014e-03	9.371167e-01
13449	8.104864e-01	2.872587e-02	2.390226e-02	2.987782e-02	1.565116e-01	1.403536e-01	9.025283e-01	4.201609e-01
24999	6.490408e-01	5.207559e-01	2.236905e-02	2.796132e-02	1.464722e-01	1.415484e-01	6.599375e-01	3.993804e-01
8635	8.358140e-01	7.218450e-01	2.100156e-02	2.625195e-02	1.375179e-01	1.203201e-01	5.031273e-01	4.074220e-01
27162	7.006859e-01	1.775622e-01	4.267444e-02	5.334304e-02	2.794315e-01	1.552089e-01	8.272450e-01	4.237467e-02
6792	6.755420e-01	9.524629e-01	2.806444e-02	3.508055e-02	1.837655e-01	1.146987e-01	8.856634e-01	5.713684e-01
25449	4.395417e-01	8.477223e-01	4.741361e-02	5.926701e-02	3.104636e-01	9.931671e-02	6.316057e-01	5.095311e-01
22286	6.902653e-01	7.071846e-01	3.068451e-02	3.835564e-02	2.009217e-01	1.806704e-01	4.877266e-01	5.375750e-01
2435	2.466216e-01	6.837708e-01	4.905112e-02	6.131390e-02	3.211860e-01	9.435116e-02	3.272140e-01	6.668001e-01
4214	4.163409e-01	4.219591e-01	3.126510e-02	3.908137e-02	2.047234e-01	1.878216e-01	6.835270e-02	2.226324e-01
25238	1.205524e-01	1.748551e-01	3.994056e-02	4.992571e-02	2.615302e-01	1.810762e-01	3.145116e-01	5.540829e-01
31869	8.038410e-01	9.573159e-01	3.163142e-02	3.953927e-02	2.071220e-01	1.856466e-01	6.380599e-01	4.487851e-01
14722	3.412803e-02	6.082723e-01	2.151818e-02	2.689773e-02	1.409007e-01	8.358777e-02	9.225261e-01	5.208610e-01
18965	4.019081e-01	1.769386e-01	2.105439e-02	2.631798e-02	1.378638e-01	1.325776e-01	5.571479e-01	8.005713e-01
24708	2.576681e-01	5.602566e-01	3.485768e-02	4.357210e-02	2.282475e-01	2.081969e-01	3.092338e-01	5.458103e-01
2277	2.450944e-01	4.859196e-01	3.701167e-02	4.626459e-02	2.423518e-01	2.392243e-01	9.433064e-01	9.829821e-01
2099	8.968651e-01	3.266176e-01	5.833013e-02	7.291266e-02	3.819448e-01	1.346193e-01	7.554275e-01	9.674580e-01
20060	3.220788e-01	4.604752e-01	2.344726e-02	2.930907e-02	1.535323e-01	1.451688e-01	5.022655e-01	5.867844e-01
24781	2.526113e-01	3.525625e-01	3.042172e-02	3.802716e-02	1.992010e-01	6.426527e-02	3.009690e-01	7.232027e-01
23679	6.439061e-01	8.294501e-01	2.424587e-02	3.030733e-02	1.587616e-01	6.676573e-02	1.154030e-01	3.346327e-01
25200	9.406872e-01	2.771888e-01	3.240623e-02	4.050778e-02	2.121955e-01	2.069040e-01	4.643752e-01	6.668072e-01
23097	7.117202e-01	6.174295e-01	5.496781e-02	6.870976e-02	3.599283e-01	3.501718e-01	2.617857e-02	3.986409e-01
1238	6.080035e-01	4.774447e-01	4.764178e-02	5.955222e-02	3.119576e-01	2.908235e-01	2.175246e-01	8.121767e-01
19968	2.015905e-01	4.318234e-01	7.402188e-02	9.252735e-02	4.846941e-01	3.519520e-01	2.336552e-01	4.038307e-01
2237	6.408032e-01	5.790608e-01	2.194976e-02	2.743719e-02	1.437267e-01	9.078969e-02	7.400272e-02	5.138525e-01
31066	7.153822e-01	2.493940e-01	3.568805e-02	4.461006e-02	2.336848e-01	2.013682e-01	8.627486e-01	9.363609e-01
22529	2.738182e-01	7.494385e-01	2.145484e-02	2.681854e-02	1.404859e-01	5.014313e-02	6.719679e-01	5.860561e-01
2693	7.034632e-01	7.199982e-02	2.067030e-02	2.583787e-02	1.353488e-01	5.683974e-02	9.377254e-01	1.086766e-02
302	6.087305e-01	8.427445e-01	3.168751e-02	3.960938e-02	2.074893e-01	1.583677e-01	9.676368e-01	8.376827e-01
25607	1.350270e-01	7.847218e-01	2.266549e-02	2.833186e-02	1.484133e-01	1.407317e-01	5.207918e-01	2.654827e-01
1116	6.053359e-01	9.394348e-01	2.801903e-02	3.502378e-02	1.834681e-01	1.700748e-01	5.780714e-01	7.304766e-01
31182	4.111780e-01	2.336897e-01	3.804370e-02	4.755462e-02	2.491095e-01	1.024694e-01	2.578820e-01	4.350908e-01
32335	7.772920e-01	3.260190e-01	2.537916e-02	3.172396e-02	1.661824e-01	1.657447e-01	7.330084e-01	7.680595e-01
25337	4.756618e-01	3.823993e-01	2.881622e-02	3.602028e-02	1.886882e-01	1.675421e-01	2.058728e-01	4.673049e-01
24663	2.432189e-01	3.350992e-02	2.621476e-02	3.276845e-02	1.716539e-01	8.313903e-02	8.819026e-01	9.145659e-01
3523	1.129733e-01	5.460550e-01	2.464746e-02	3.080932e-02	1.613912e-01	1.284536e-01	5.822748e-02	6.229880e-01
19073	4.517638e-01	5.261727e-01	2.327038e-02	2.908797e-02	1.523741e-01	1.477337e-01	1.400506e-01	3.804681e-01
26732	8.958235e-01	1.892066e-01	5.691735e-02	7.114668e-02	3.726939e-01	3.198090e-01	6.939400e-01	1.392354e-01
31967	3.509998e-01	1.438772e-01	2.857605e-02	3.572006e-02	1.871155e-01	1.738002e-01	7.735310e-01	7.441016e-01
13895	6.062393e-01	6.235208e-01	2.367616e-02	2.959520e-02	1.550311e-01	1.340877e-01	4.529617e-01	4.077837e-02
12066	8.340709e-01	9.739513e-01	2.105526e-02	2.631908e-02	1.378695e-01	1.217392e-01	8.288821e-01	7.638921e-01
7375	1.206484e-01	7.696406e-02	2.743678e-02	3.429598e-02	1.796556e-01	9.416211e-02	9.074419e-01	1.241742e-01
3840	2.697663e-01	6.405703e-01	5.175487e-02	6.469358e-02	3.388901e-01	3.028227e-01	8.947338e-01	1.176772e-01
12658	1.710493e-01	4.894991e-02	3.548191e-02	4.435239e-02	2.323350e-01	2.163244e-01	4.892149e-01	5.943018e-01
