12049	9.309644e-01	6.879530e-01	5.835153e-02	7.293941e-02	3.820849e-01	3.213044e-01	3.803845e-01	4.234047e-01
24940	3.910768e-01	8.357520e-01	2.334753e-02	2.918441e-02	1.528793e-01	1.477716e-01	4.272364e-01	2.650721e-01
10607	6.578501e-01	5.867772e-01	2.148886e-02	2.686107e-02	1.407087e-01	1.367324e-01	5.341497e-01	3.199608e-01
31848	1.782320e-01	1.674763e-01	3.230788e-02	4.038485e-02	2.115515e-01	1.547883e-01	1.013165e-01	1.200925e-01
5041	1.194096e-01	6.773776e-01	5.488415e-02	6.860519e-02	3.593806e-01	2.395657e-01	9.594427e-01	3.237473e-01
12773	6.047984e-01	3.891796e-01	2.579686e-02	3.224607e-02	1.689174e-01	1.685286e-01	7.272868e-01	1.451276e-01
10015	8.607920e-01	5.507038e-01	4.590678e-02	5.738348e-02	3.005969e-01	1.336108e-01	3.770081e-02	6.590460e-01
745	2.671111e-01	7.904749e-01	5.393097e-02	6.741372e-02	3.531392e-01	1.363580e-01	7.521363e-01	1.596886e-01
26494	3.135073e-01	1.331257e-01	2.687240e-02	3.359050e-02	1.759600e-01	1.734379e-01	1.656964e-01	5.629911e-01
21317	3.914572e-01	1.329221e-01	2.278476e-02	2.848095e-02	1.491943e-01	9.420121e-02	3.672475e-01	6.185211e-01
22953	6.003382e-02	4.469526e-01	3.394295e-02	4.242869e-02	2.222579e-01	1.838511e-01	3.855202e-01	4.195665e-01
13793	3.459442e-01	4.413785e-01	2.060842e-02	2.576053e-02	1.349436e-01	7.676000e-02	6.202170e-01	1.606686e-01
14366	9.740478e-02	7.707370e-01	3.694949e-02	4.618687e-02	2.419447e-01	2.330776e-01	1.645348e-01	1.986827e-01
3464	4.394999e-01	3.555979e-01	3.002875e-02	3.753594e-02	1.966278e-01	1.959045e-01	6.924204e-02	3.199033e-01
32017	3.122554e-01	5.965927e-01	5.072666e-02	6.340832e-02	3.321573e-01	3.111544e-01	1.865160e-01	9.616745e-01
1546	5.448628e-01	5.021546e-01	4.036338e-02	5.045423e-02	2.642988e-01	1.467377e-01	5.302338e-02	7.970585e-01
16983	7.936600e-01	8.207555e-01	2.818814e-02	3.523517e-02	1.845755e-01	6.599371e-02	3.472029e-01	7.236598e-01
16856	9.201894e-01	1.859423e-01	2.634879e-02	3.293599e-02	1.725315e-01	5.286119e-02	5.593194e-01	7.578660e-01
24606	4.839936e-01	9.184744e-01	2.215988e-02	2.769985e-02	1.451025e-01	5.713050e-02	9.438688e-01	9.603921e-01
29781	3.177757e-01	5.332337e-01	2.772762e-02	3.465953e-02	1.815600e-01	1.028479e-01	1.211566e-01	5.073004e-01
3513	5.978052e-01	5.288294e-01	4.373763e-02	5.467204e-02	2.863933e-01	1.619447e-01	8.903235e-01	3.307223e-01
1683	4.091197e-01	4.876061e-01	2.218924e-02	2.773655e-02	1.452948e-01	8.443552e-02	3.883978e-01	7.694098e-01
15862	5.593569e-01	6.646230e-01	3.021009e-02	3.776261e-02	1.978152e-01	1.878849e-01	1.271190e-01	8.704766e-01
29716	8.157915e-02	5.301649e-01	2.059325e-02	2.574156e-02	1.348443e-01	1.339223e-01	1.489513e-01	6.698137e-01
15777	7.257383e-01	4.309163e-02	3.160967e-02	3.951209e-02	2.069797e-01	8.490054e-02	5.094741e-01	6.132011e-01
27478	6.737269e-02	6.332272e-01	5.118920e-02	6.398650e-02	3.351861e-01	2.295842e-01	9.499126e-01	6.408996e-01
27523	7.600127e-01	1.238117e-01	2.196744e-02	2.745929e-02	1.438424e-01	7.472409e-02	6.638484e-01	4.032322e-01
1307	1.423629e-01	7.372629e-01	2.287743e-02	2.859679e-02	1.498011e-01	1.487785e-01	1.952100e-01	8.515819e-01
840	7.066293e-02	2.225957e-01	2.225065e-02	2.781331e-02	1.456969e-01	1.365660e-01	2.511289e-01	5.106537e-01
9875	3.867191e-01	8.950543e-01	2.685959e-02	3.357449e-02	1.758762e-01	1.725616e-01	7.081468e-01	1.284357e-02
23339	1.135315e-01	8.758654e-02	2.901037e-02	3.626296e-02	1.899594e-01	7.695652e-02	2.037834e-01	7.951116e-01
24424	5.430383e-01	7.283242e-01	2.055264e-02	2.569081e-02	1.345784e-01	1.190087e-01	9.132466e-01	5.000715e-01
7303	6.130176e-01	8.275553e-01	3.915614e-02	4.894518e-02	2.563938e-01	9.211560e-02	2.585586e-01	3.607794e-01
7055	6.315734e-01	4.673458e-01	2.172116e-02	2.715145e-02	1.422298e-01	6.271564e-02	1.925592e-01	3.988148e-02
3795	8.832728e-01	4.324495e-01	3.969404e-02	4.961755e-02	2.599159e-01	9.147988e-02	8.691814e-01	9.295342e-01
5993	2.416754e-01	7.204748e-01	3.011989e-02	3.764987e-02	1.972246e-01	1.208976e-01	1.888357e-01	8.564326e-01
11366	5.771386e-01	7.587656e-01	2.302731e-02	2.878413e-02	1.507824e-01	1.177199e-01	2.346462e-01	5.342861e-01
9876	3.413888e-01	3.789140e-01	3.497442e-02	4.371802e-02	2.290120e-01	1.946176e-01	7.363042e-01	2.424533e-01
25294	7.608053e-01	2.618431e-01	4.118741e-02	5.148426e-02	2.696945e-01	2.678721e-01	2.247061e-01	7.638729e-01
9144	3.453731e-01	2.219290e-01	4.283323e-02	5.354154e-02	2.804713e-01	2.791886e-01	5.733556e-02	3.444562e-01
11834	8.267064e-01	4.873702e-01	2.626630e-02	3.283287e-02	1.719913e-01	1.600694e-01	6.073345e-01	5.252892e-01
2870	3.989671e-01	1.867642e-01	4.558330e-02	5.697913e-02	2.984788e-01	2.880508e-01	2.920814e-01	2.890846e-01
25296	4.871650e-01	7.846543e-01	4.457080e-02	5.571350e-02	2.918489e-01	2.055011e-01	4.086470e-01	2.340228e-01
510	2.367121e-01	9.324733e-01	2.663475e-02	3.329344e-02	1.744039e-01	8.155647e-02	1.866968e-01	9.228492e-01
31188	1.275335e-01	5.573088e-01	2.789136e-02	3.486420e-02	1.826322e-01	5.716676e-02	4.307974e-01	4.185881e-02
25100	5.987178e-01	4.406629e-01	2.866562e-02	3.583203e-02	1.877021e-01	1.712122e-01	9.856482e-01	7.324926e-01
1344	6.755022e-01	5.266771e-01	3.688938e-02	4.611172e-02	2.415511e-01	6.768177e-02	1.873838e-01	1.012971e-01
19982	6.256772e-02	9.172819e-01	4.479355e-02	5.599194e-02	2.933075e-01	1.168988e-01	7.702754e-01	7.706791e-01
16279	7.617830e-01	4.514788e-01	3.553041e-02	4.441301e-02	2.326525e-01	1.937344e-01	2.040737e-01	5.073059e-01
1055	8.333923e-01	8.377103e-01	2.267231e-02	2.834038e-02	1.484579e-01	1.269307e-01	3.267212e-01	3.530079e-02
25821	7.233720e-01	8.869508e-01	2.315587e-02	2.894483e-02	1.516243e-01	1.441757e-01	3.755862e-01	5.959022e-01
2006	7.495194e-01	5.057775e-01	2.730094e-02	3.412617e-02	1.787661e-01	1.369898e-01	6.789421e-01	7.767716e-01
18048	5.339079e-01	1.694789e-01	3.931498e-02	4.914373e-02	2.574339e-01	1.664043e-01	6.126143e-01	1.961281e-01
24778	6.470185e-01	7.698800e-01	3.150055e-02	3.937569e-02	2.062651e-01	5.759571e-02	7.691251e-01	5.384352e-01
32410	1.860186e-01	7.388402e-01	3.224880e-02	4.031100e-02	2.111647e-01	1.094966e-01	2.347844e-01	2.499385e-01
3984	7.259791e-01	5.973266e-01	4.328260e-02	5.410325e-02	2.834138e-01	2.450297e-01	4.813520e-01	7.289777e-01
23647	6.448492e-01	6.662082e-01	7.922821e-02	9.903526e-02	5.187851e-01	3.582846e-01	6.459782e-01	2.819640e-04
2997	7.755152e-01	1.636752e-01	2.198694e-02	2.748367e-02	1.439701e-01	8.093402e-02	9.802098e-01	8.693313e-01
7942	7.369019e-01	8.524881e-02	4.809652e-02	6.012065e-02	3.149353e-01	1.141442e-01	6.756002e-01	7.629791e-01
18712	1.252226e-01	1.989827e-01	2.343076e-02	2.928845e-02	1.534243e-01	5.210526e-02	9.078214e-01	7.936258e-01
8044	4.216603e-01	9.422937e-01	3.319786e-02	4.149733e-02	2.173791e-01	1.095277e-01	3.661096e-01	2.767178e-01
29813	8.374052e-01	7.590346e-01	4.755596e-02	5.944495e-02	3.113957e-01	2.252192e-01	1.587730e-01	6.347398e-01
13591	3.972744e-02	5.442049e-01	2.143803e-02	2.679754e-02	1.403759e-01	1.378214e-01	7.029864e-02	8.292981e-01
9758	4.946017e-01	9.402422e-02	2.316349e-02	2.895436e-02	1.516742e-01	9.631878e-02	5.698821e-01	8.620355e-01
21672	2.389887e-01	5.751081e-01	5.088703e-02	6.360879e-02	3.332075e-01	1.210422e-01	8.377940e-01	8.287458e-02
15579	5.142581e-01	3.349828e-01	4.531280e-02	5.664100e-02	2.967075e-01	8.037065e-02	2.078048e-02	5.698292e-01
8315	8.429801e-01	6.855398e-01	2.985633e-02	3.732041e-02	1.954988e-01	1.771875e-01	3.772907e-01	6.904237e-01
28940	6.893536e-01	1.125219e-01	3.492930e-02	4.366162e-02	2.287165e-01	1.472842e-01	5.977442e-01	3.459944e-01
14126	7.145213e-01	2.875596e-01	4.744577e-02	5.930721e-02	3.106741e-01	3.021522e-01	3.771173e-01	9.796907e-01
16512	3.425278e-01	8.119692e-01	3.496105e-02	4.370131e-02	2.289244e-01	1.983382e-01	5.912143e-01	4.027468e-03
8153	9.112577e-01	6.024022e-01	2.205272e-02	2.756590e-02	1.444009e-01	1.150231e-01	4.888033e-01	6.168358e-01
22586	5.798334e-01	8.327197e-01	3.172944e-02	3.966180e-02	2.077639e-01	7.083550e-02	7.214652e-01	8.453186e-02
26127	3.370691e-01	4.780319e-02	3.076207e-02	3.845259e-02	2.014296e-01	7.796429e-02	6.586540e-01	5.518174e-01
16114	9.005056e-02	1.014843e-01	4.161528e-02	5.201910e-02	2.724962e-01	1.726204e-01	2.196995e-01	6.082212e-01
12714	3.889767e-01	4.468027e-01	2.075023e-02	2.593779e-02	1.358722e-01	7.387631e-02	7.240567e-01	6.889478e-01
28231	1.849214e-01	3.230631e-01	7.825312e-02	9.781640e-02	5.124002e-01	1.351643e-01	4.836485e-01	8.075697e-02
2387	8.223180e-01	2.533295e-01	3.464585e-02	4.330731e-02	2.268605e-01	2.112772e-01	9.588736e-01	6.560019e-01
16696	9.543328e-01	8.225946e-01	3.200120e-02	4.000150e-02	2.095433e-01	7.318165e-02	3.873317e-01	3.050484e-01
26292	2.082169e-01	5.068107e-01	2.700599e-02	3.375748e-02	1.768348e-01	1.754130e-01	5.863486e-01	7.273303e-01
