13138	8.148121e-01	3.199167e-01	2.520301e-02	3.150376e-02	1.650289e-01	1.466064e-01	5.882372e-01	7.607843e-01
1931	6.333960e-01	3.940074e-02	2.388479e-02	2.985598e-02	1.563972e-01	1.064637e-01	3.173785e-01	5.313443e-01
12243	6.458352e-01	3.337379e-01	3.516126e-02	4.395157e-02	2.302354e-01	2.271164e-01	8.642049e-02	7.190516e-01
27887	4.133902e-01	2.197573e-01	2.719903e-02	3.399879e-02	1.780988e-01	1.768749e-01	8.410319e-01	5.251349e-01
13683	3.695920e-01	9.350805e-02	2.269315e-02	2.836644e-02	1.485944e-01	1.416552e-01	8.599579e-01	9.318941e-03
18987	2.835947e-01	3.792325e-01	3.533190e-02	4.416488e-02	2.313527e-01	1.552988e-01	6.322426e-01	1.022767e-01
14012	8.844844e-01	8.354980e-02	6.409713e-02	8.012141e-02	4.197070e-01	3.183629e-01	4.944470e-01	9.581704e-01
30777	3.051327e-01	1.969075e-01	3.968541e-02	4.960677e-02	2.598595e-01	9.615943e-02	9.485467e-01	2.553796e-01
30259	8.847075e-01	6.913901e-01	3.438537e-02	4.298172e-02	2.251549e-01	1.354372e-01	4.693268e-01	3.520961e-01
27619	8.054405e-01	8.066732e-01	3.907077e-02	4.883847e-02	2.558348e-01	2.030285e-01	3.693938e-01	6.229364e-01
31236	9.087388e-01	7.415985e-01	5.263464e-02	6.579330e-02	3.446508e-01	1.485644e-01	4.054714e-01	1.795153e-01
2380	3.297543e-01	6.444680e-01	2.296896e-02	2.871121e-02	1.504004e-01	1.298989e-01	5.157153e-01	1.493527e-01
2977	8.439685e-01	8.481162e-01	5.437937e-02	6.797421e-02	3.560753e-01	2.128601e-01	9.166164e-01	5.447173e-01
9986	6.496676e-01	4.794679e-01	6.480852e-02	8.101066e-02	4.243652e-01	1.861584e-01	1.110909e-01	3.048458e-01
19435	6.165420e-01	5.852218e-01	3.080610e-02	3.850762e-02	2.017179e-01	1.922195e-01	1.773211e-01	8.825214e-01
12900	1.100812e-01	4.889677e-01	2.507587e-02	3.134484e-02	1.641964e-01	1.395658e-01	2.968730e-01	6.580827e-01
15508	7.387815e-01	9.306996e-01	3.393268e-02	4.241585e-02	2.221907e-01	6.944933e-02	3.219519e-01	2.673183e-01
31953	7.920327e-01	5.809440e-01	3.618194e-02	4.522743e-02	2.369188e-01	1.846040e-01	7.608354e-01	6.222401e-01
27409	9.406410e-01	5.326735e-01	5.559044e-02	6.948805e-02	3.640053e-01	2.913941e-01	1.194711e-01	7.056349e-01
27339	5.178301e-02	5.579987e-01	2.362184e-02	2.952729e-02	1.546754e-01	7.335115e-02	6.145432e-01	9.085907e-01
25413	4.958228e-01	8.619985e-01	2.940919e-02	3.676149e-02	1.925709e-01	1.807065e-01	4.704803e-01	9.145807e-01
27792	7.683922e-01	5.629967e-01	2.101048e-02	2.626310e-02	1.375763e-01	7.730926e-02	8.166723e-01	6.331460e-01
18552	4.034989e-01	7.822830e-01	2.184594e-02	2.730742e-02	1.430469e-01	7.909689e-02	3.418230e-01	3.465092e-01
19329	7.335402e-01	6.747615e-01	7.820610e-02	9.775763e-02	5.120923e-01	4.245653e-01	3.651090e-01	3.937398e-01
24530	7.506034e-01	3.076987e-01	6.577343e-02	8.221678e-02	4.306834e-01	2.110185e-01	3.983215e-02	6.069874e-01
20587	6.956978e-01	5.632626e-01	3.733464e-02	4.666830e-02	2.444666e-01	2.308778e-01	2.252476e-03	7.071320e-01
17999	6.932788e-01	4.131513e-01	2.373071e-02	2.966338e-02	1.553883e-01	1.543532e-01	2.458203e-01	1.624455e-01
21246	4.590818e-01	9.228301e-01	3.143396e-02	3.929245e-02	2.058291e-01	2.017780e-01	6.718389e-01	1.908067e-01
28784	3.472997e-01	3.565402e-01	3.591795e-02	4.489744e-02	2.351902e-01	2.302825e-01	9.984400e-03	9.471191e-01
10646	4.604161e-01	1.584683e-01	7.039861e-02	8.799827e-02	4.609690e-01	4.581728e-01	5.125639e-01	7.710470e-01
28769	3.543196e-01	5.867810e-01	2.269643e-02	2.837054e-02	1.486159e-01	6.838396e-02	7.531031e-02	8.769286e-01
22779	2.027173e-01	8.982453e-01	2.240015e-02	2.800019e-02	1.466758e-01	5.707878e-02	9.829224e-01	3.692255e-01
14459	8.344805e-01	4.578769e-01	2.962122e-02	3.702652e-02	1.939593e-01	1.566149e-01	7.754318e-01	1.232223e-01
3298	3.673790e-01	1.763630e-01	2.061984e-02	2.577480e-02	1.350184e-01	1.350165e-01	3.958992e-01	1.949130e-01
28857	2.733944e-01	5.824888e-02	2.503442e-02	3.129303e-02	1.639250e-01	1.031188e-01	9.065439e-01	7.224917e-01
29407	8.976887e-01	8.954011e-01	4.613383e-02	5.766728e-02	3.020836e-01	1.959303e-01	6.163548e-01	6.718538e-01
20504	7.405785e-01	8.590316e-01	2.843998e-02	3.554997e-02	1.862245e-01	1.773042e-01	5.563969e-01	3.823255e-01
32728	6.938471e-02	4.527482e-01	2.099208e-02	2.624010e-02	1.374558e-01	1.077529e-01	7.393735e-01	9.789064e-01
16955	3.249279e-01	7.061619e-01	3.158520e-02	3.948150e-02	2.068194e-01	1.991316e-01	8.561285e-01	2.140016e-02
14787	1.181674e-01	8.958651e-01	2.300422e-02	2.875527e-02	1.506313e-01	4.573168e-02	6.710670e-01	5.597011e-01
12344	2.556936e-01	9.407437e-01	2.160643e-02	2.700804e-02	1.414786e-01	1.004364e-01	8.731153e-01	1.153842e-02
2757	5.576073e-01	8.825349e-01	5.065018e-02	6.331273e-02	3.316566e-01	1.921701e-01	3.668605e-03	8.186962e-01
28032	2.388250e-01	8.161361e-01	2.351912e-02	2.939890e-02	1.540028e-01	1.271341e-01	2.848953e-01	4.630358e-01
15377	6.719540e-01	7.459396e-01	4.340095e-02	5.425119e-02	2.841888e-01	1.945365e-01	9.902906e-01	3.882290e-01
20650	2.732410e-01	5.213244e-01	2.368677e-02	2.960847e-02	1.551006e-01	8.301990e-02	1.424999e-01	6.048664e-01
23481	8.321480e-01	2.078944e-01	2.907017e-02	3.633771e-02	1.903510e-01	4.997937e-02	7.160458e-02	7.756055e-01
167	5.109125e-01	8.880385e-02	4.462054e-02	5.577567e-02	2.921746e-01	1.269943e-01	7.825853e-01	8.180098e-02
18118	1.605981e-01	6.807929e-01	2.389096e-02	2.986370e-02	1.564376e-01	1.143581e-01	3.077550e-01	8.984810e-01
12248	6.696203e-02	9.279320e-01	2.919464e-02	3.649330e-02	1.911660e-01	1.910514e-01	1.871333e-01	7.303680e-01
3462	4.811101e-01	4.643549e-01	7.461913e-02	9.327391e-02	4.886049e-01	4.799896e-01	2.088373e-01	9.646140e-01
14772	5.823068e-01	9.596908e-01	2.684551e-02	3.355688e-02	1.757840e-01	5.973697e-02	9.838438e-01	6.685451e-01
5683	2.340139e-01	6.171172e-02	3.309538e-02	4.136922e-02	2.167080e-01	8.355139e-02	6.572956e-01	3.419321e-01
27197	8.454358e-01	7.587338e-01	6.291543e-02	7.864429e-02	4.119693e-01	1.511649e-01	8.501458e-01	8.594255e-01
13433	5.865831e-01	6.289882e-01	5.548378e-02	6.935472e-02	3.633069e-01	1.072613e-01	4.382910e-01	6.663742e-01
1439	3.811311e-01	5.858777e-01	2.343495e-02	2.929368e-02	1.534517e-01	1.470356e-01	3.689338e-01	1.767483e-01
16987	5.420343e-01	4.088203e-01	2.238187e-02	2.797733e-02	1.465561e-01	1.000591e-01	2.367958e-01	5.745221e-01
28974	4.347957e-01	8.403424e-01	2.665797e-02	3.332247e-02	1.745560e-01	1.108568e-01	1.321276e-01	7.924764e-01
11490	4.706480e-02	7.678168e-01	3.904070e-02	4.880088e-02	2.556379e-01	1.578805e-01	4.097472e-01	3.705481e-01
20425	1.169969e-01	1.761919e-01	2.785687e-02	3.482108e-02	1.824063e-01	1.621465e-01	8.331950e-01	9.960724e-01
25733	1.654751e-01	4.709786e-01	2.665882e-02	3.332352e-02	1.745615e-01	1.631165e-01	4.453206e-01	4.521165e-01
17360	6.454835e-01	6.040425e-01	2.425174e-02	3.031467e-02	1.588000e-01	1.132825e-01	3.804637e-01	9.092175e-01
25531	5.979727e-01	6.115891e-01	2.110524e-02	2.638156e-02	1.381968e-01	6.372814e-02	4.230515e-01	4.087075e-01
6309	3.968564e-01	1.455301e-01	2.147590e-02	2.684488e-02	1.406239e-01	7.998778e-02	7.474298e-01	8.965350e-01
13539	1.009439e-01	5.954512e-01	3.333673e-02	4.167092e-02	2.182884e-01	1.301018e-01	1.494251e-01	3.122841e-01
13171	2.876523e-01	9.403781e-01	4.789424e-02	5.986779e-02	3.136107e-01	2.320943e-01	5.760339e-01	1.006928e-01
1888	8.612692e-01	6.409170e-01	2.710196e-02	3.387745e-02	1.774632e-01	1.041587e-01	9.938606e-01	8.533561e-02
22892	2.429295e-01	6.577622e-01	3.434677e-02	4.293347e-02	2.249021e-01	2.242076e-01	5.037267e-01	3.552413e-01
6744	3.959688e-01	9.159407e-01	4.035932e-02	5.044915e-02	2.642722e-01	2.580724e-01	7.474265e-01	5.794946e-01
31867	4.507524e-02	7.096185e-01	4.011990e-02	5.014988e-02	2.627045e-01	9.008277e-02	5.615760e-01	2.166458e-01
30518	7.486186e-01	8.208835e-01	2.431106e-02	3.038882e-02	1.591884e-01	7.943597e-02	6.416352e-01	7.043279e-01
31900	6.202197e-01	9.342642e-02	3.310422e-02	4.138027e-02	2.167659e-01	9.434197e-02	9.197948e-01	6.696062e-01
2390	4.125962e-01	4.036754e-01	5.184471e-02	6.480589e-02	3.394784e-01	3.316479e-01	5.369019e-01	9.250865e-01
32601	4.336922e-02	4.786633e-01	2.708347e-02	3.385434e-02	1.773421e-01	7.739355e-02	5.393623e-01	9.342992e-01
1935	7.563400e-01	2.249677e-01	4.268558e-02	5.335698e-02	2.795045e-01	2.445694e-01	9.613662e-01	4.671972e-01
29532	9.086694e-01	4.447563e-01	3.405292e-02	4.256615e-02	2.229780e-01	8.096669e-02	3.262088e-01	8.795914e-01
6897	6.370317e-01	6.813336e-01	3.199969e-02	3.999962e-02	2.095335e-01	1.421303e-01	8.417648e-01	8.171392e-01
