10543	7.041011e-01	3.231596e-01	7.900203e-02	9.875253e-02	5.173040e-01	3.921715e-01	4.312444e-01	7.216207e-01
14903	8.653659e-01	7.718752e-01	6.319000e-02	7.898749e-02	4.137671e-01	3.828512e-01	8.129822e-01	5.651391e-01
29733	1.206106e-01	3.743915e-01	6.838631e-02	8.548289e-02	4.477925e-01	3.767164e-01	1.085941e-01	4.800066e-01
2165	6.528282e-01	2.099204e-01	2.403628e-02	3.004535e-02	1.573892e-01	5.702085e-02	4.416004e-02	9.474901e-01
30626	7.322367e-01	5.955365e-01	5.867378e-02	7.334223e-02	3.841950e-01	2.236996e-01	4.863755e-01	2.938518e-01
18516	3.077593e-01	5.462391e-01	2.165988e-02	2.707485e-02	1.418285e-01	1.398341e-01	3.198540e-01	8.531857e-01
4138	4.479641e-01	2.071038e-01	2.217897e-02	2.772371e-02	1.452275e-01	4.838175e-02	9.851988e-01	6.895280e-02
25510	4.161984e-01	7.816319e-01	2.192572e-02	2.740715e-02	1.435693e-01	6.898481e-02	5.737073e-01	3.428994e-01
9337	9.279644e-01	7.516834e-01	5.705861e-02	7.132326e-02	3.736189e-01	2.195631e-01	2.206541e-01	5.510129e-01
27292	5.656070e-02	2.090493e-01	3.522939e-02	4.403674e-02	2.306815e-01	2.248662e-01	5.681273e-01	1.676003e-01
17307	5.533129e-01	8.473200e-01	2.992618e-02	3.740773e-02	1.959562e-01	1.754261e-01	2.487918e-01	8.730706e-01
11735	8.690405e-01	4.093602e-01	5.333013e-02	6.666266e-02	3.492049e-01	2.045208e-01	8.752228e-01	2.724428e-01
29361	4.982044e-01	4.221850e-01	2.308731e-02	2.885913e-02	1.511753e-01	1.458321e-01	1.205854e-01	9.831098e-01
30348	4.586439e-01	8.399599e-01	2.161225e-02	2.701531e-02	1.415167e-01	4.267850e-02	1.712729e-01	3.830387e-01
19871	3.486929e-01	9.109817e-01	3.051435e-02	3.814294e-02	1.998075e-01	9.343121e-02	6.557656e-01	5.660570e-01
7989	2.483224e-01	8.199198e-01	4.223638e-02	5.279548e-02	2.765632e-01	2.743021e-01	6.515067e-01	8.870122e-01
22968	8.012873e-01	1.759027e-01	4.031739e-02	5.039674e-02	2.639977e-01	1.393270e-01	9.260618e-01	8.444833e-01
16013	5.936712e-01	6.204560e-01	3.553355e-02	4.441694e-02	2.326731e-01	7.196516e-02	6.241837e-01	8.014649e-01
16171	2.280208e-01	8.832849e-01	2.088662e-02	2.610827e-02	1.367652e-01	5.721354e-02	3.885072e-03	7.381385e-01
12097	3.148418e-01	1.629240e-01	4.913250e-02	6.141562e-02	3.217188e-01	2.462453e-01	2.658224e-01	3.364719e-02
12448	5.136193e-01	6.550565e-01	2.297291e-02	2.871614e-02	1.504263e-01	7.557497e-02	8.289879e-01	8.899859e-01
7110	7.596338e-01	5.163762e-01	4.327634e-02	5.409543e-02	2.833728e-01	1.831124e-01	3.981476e-01	7.582828e-01
31529	5.836416e-01	3.004583e-02	2.546600e-02	3.183250e-02	1.667510e-01	1.216601e-01	3.253252e-01	8.739261e-01
9238	1.834370e-01	5.773586e-01	2.131226e-02	2.664033e-02	1.395524e-01	4.006371e-02	8.025436e-01	5.304728e-01
9720	7.037447e-01	1.404407e-01	2.370205e-02	2.962756e-02	1.552007e-01	6.549430e-02	1.853460e-01	7.412406e-01
25346	4.080523e-01	9.122421e-01	6.301344e-02	7.876680e-02	4.126110e-01	3.745284e-01	5.646354e-01	9.623856e-02
5230	8.732682e-01	6.229933e-01	2.416118e-02	3.020148e-02	1.582070e-01	1.432704e-01	4.962449e-01	7.145307e-01
5803	6.490822e-01	2.305871e-01	2.426572e-02	3.033215e-02	1.588916e-01	5.102452e-02	6.735209e-01	7.014537e-01
4924	8.568126e-01	8.785155e-01	2.076627e-02	2.595783e-02	1.359772e-01	1.270276e-01	1.739596e-01	7.012669e-01
780	9.337145e-01	8.670455e-01	4.064724e-02	5.080905e-02	2.661575e-01	2.612028e-01	2.842611e-01	8.000422e-01
32272	8.869611e-02	1.592673e-01	3.222353e-02	4.027941e-02	2.109991e-01	2.109986e-01	5.490420e-01	4.718255e-01
29680	8.280395e-01	2.664838e-01	6.451622e-02	8.064527e-02	4.224512e-01	3.686557e-01	3.234088e-01	6.741824e-01
1780	7.589510e-01	4.382046e-01	3.786943e-02	4.733679e-02	2.479684e-01	2.387222e-01	6.692722e-01	9.182479e-01
27988	2.933321e-01	8.894674e-01	5.441828e-02	6.802285e-02	3.563301e-01	3.413884e-01	8.577058e-01	8.972728e-01
25995	8.845516e-01	3.182205e-01	5.926227e-02	7.407784e-02	3.880484e-01	2.710076e-01	1.975637e-02	1.205379e-01
2338	7.930875e-01	8.147540e-01	3.572789e-02	4.465986e-02	2.339456e-01	2.271146e-01	2.376370e-01	9.505433e-01
31250	1.164340e-01	2.864978e-01	2.499022e-02	3.123778e-02	1.636356e-01	1.617522e-01	9.026370e-01	2.243275e-01
10839	4.523277e-01	8.041612e-01	3.043130e-02	3.803913e-02	1.992637e-01	1.619417e-01	5.833564e-02	6.651824e-01
19614	7.870651e-01	9.660729e-01	2.551933e-02	3.189916e-02	1.671002e-01	1.091680e-01	1.322032e-01	5.867860e-01
21743	6.044968e-01	2.402241e-01	4.376496e-02	5.470620e-02	2.865723e-01	8.018465e-02	1.671479e-01	8.749535e-01
23246	4.686096e-01	6.201499e-01	6.038399e-02	7.547998e-02	3.953934e-01	3.918476e-01	8.225229e-01	3.259653e-01
4807	3.962575e-01	3.614604e-01	2.592102e-02	3.240127e-02	1.697304e-01	1.351658e-01	9.010531e-01	8.903038e-01
8352	9.632418e-01	1.949278e-01	3.481451e-02	4.351813e-02	2.279649e-01	2.192283e-01	6.389914e-01	8.659368e-01
27506	9.976229e-02	6.026102e-01	3.690992e-02	4.613740e-02	2.416856e-01	1.991729e-01	2.432796e-01	7.640574e-01
22660	5.019602e-02	6.375154e-02	3.775229e-02	4.719036e-02	2.472014e-01	9.271445e-02	7.536031e-01	4.518410e-01
9526	1.763795e-01	1.845950e-01	2.145531e-02	2.681913e-02	1.404890e-01	5.063621e-02	9.966336e-02	6.130639e-01
4244	3.293769e-01	3.717905e-01	2.403903e-02	3.004878e-02	1.574072e-01	1.405851e-01	5.597393e-01	8.579460e-01
18869	5.308274e-01	1.306008e-01	2.315269e-02	2.894087e-02	1.516035e-01	7.049719e-02	1.459242e-01	8.995578e-01
7814	8.751020e-01	1.632003e-01	7.152429e-02	8.940536e-02	4.683399e-01	2.604206e-01	9.393927e-01	9.965397e-02
9517	1.976245e-01	7.011241e-01	2.897756e-02	3.622195e-02	1.897446e-01	1.458155e-01	4.182680e-01	2.163615e-01
29031	9.517205e-02	8.760468e-01	4.475971e-02	5.594964e-02	2.930859e-01	2.390168e-01	9.214705e-01	9.266408e-01
21596	5.274304e-01	5.932518e-01	3.673095e-02	4.591368e-02	2.405137e-01	1.830366e-01	4.058779e-01	1.915971e-01
16341	8.236951e-01	6.247125e-01	3.241071e-02	4.051338e-02	2.122248e-01	2.078953e-01	2.802411e-01	3.781267e-01
10311	3.115897e-01	2.703869e-01	4.292927e-02	5.366159e-02	2.811002e-01	1.521991e-01	4.717819e-01	7.060655e-01
17885	7.569316e-01	3.363415e-01	3.087101e-02	3.858876e-02	2.021429e-01	5.393567e-02	5.141767e-01	8.797529e-01
15463	1.565108e-01	1.278367e-01	4.134339e-02	5.167923e-02	2.707158e-01	1.219808e-01	4.057286e-01	9.901812e-01
11806	6.718412e-01	7.787575e-01	3.680537e-02	4.600671e-02	2.410010e-01	1.123351e-01	4.682225e-01	5.404730e-02
22789	4.189551e-01	5.814550e-01	2.493106e-02	3.116383e-02	1.632482e-01	1.588880e-01	4.457797e-02	7.929711e-01
14666	3.900188e-01	5.837453e-01	3.213240e-02	4.016550e-02	2.104024e-01	1.607863e-01	5.460115e-01	7.802918e-01
7575	6.426462e-01	7.451488e-01	2.640186e-02	3.300232e-02	1.728789e-01	1.675614e-01	7.962354e-02	7.286482e-04
8573	2.015659e-01	5.906869e-01	2.525782e-02	3.157228e-02	1.653878e-01	1.074765e-01	9.894390e-01	5.526507e-01
361	2.107288e-01	9.255962e-01	5.489557e-02	6.861947e-02	3.594554e-01	3.127697e-01	1.621804e-01	5.469670e-01
14791	4.847817e-01	4.680026e-01	3.926384e-02	4.907979e-02	2.570990e-01	9.600038e-02	4.078284e-01	2.952000e-02
3273	3.365296e-01	6.486461e-01	2.435162e-02	3.043953e-02	1.594540e-01	1.329702e-01	1.517424e-01	9.432348e-02
24233	1.409857e-01	7.560965e-01	3.345778e-02	4.182223e-02	2.190810e-01	7.377135e-02	9.024239e-02	3.714674e-01
31856	5.089674e-01	5.083974e-01	3.759151e-02	4.698938e-02	2.461486e-01	2.293463e-01	2.845120e-01	6.083757e-01
17126	6.937838e-01	4.393510e-02	2.074158e-02	2.592697e-02	1.358155e-01	6.902016e-02	1.647332e-01	3.433386e-01
6047	3.690070e-01	6.580165e-02	3.653973e-02	4.567466e-02	2.392616e-01	1.925764e-01	1.350666e-01	2.144617e-01
14344	2.151084e-01	6.379219e-02	2.227189e-02	2.783986e-02	1.458360e-01	1.265245e-01	2.820604e-02	2.864954e-01
13332	2.729674e-01	6.360644e-01	4.950142e-02	6.187678e-02	3.241345e-01	3.070970e-01	3.492016e-01	2.726590e-01
