12086	3.666118e-01	9.449538e-02	3.553463e-02	4.441828e-02	2.326802e-01	9.107054e-02	2.079722e-01	7.777859e-02
15001	2.235753e-01	5.046734e-01	2.453455e-02	3.066819e-02	1.606519e-01	1.464359e-01	1.548699e-01	6.866933e-03
15455	5.612773e-01	8.493640e-01	3.335542e-02	4.169427e-02	2.184107e-01	1.464401e-01	2.904657e-01	4.695975e-01
5687	5.949728e-01	4.250407e-01	3.018220e-02	3.772775e-02	1.976326e-01	1.648361e-01	1.333309e-01	1.756625e-01
23685	3.241161e-01	4.760946e-01	3.222228e-02	4.027785e-02	2.109910e-01	6.414942e-02	5.197699e-01	5.007258e-01
12515	6.148407e-01	7.540381e-01	2.576705e-02	3.220881e-02	1.687222e-01	1.473658e-01	6.313874e-01	6.087902e-01
20107	5.963634e-01	2.589648e-01	3.385298e-02	4.231623e-02	2.216688e-01	1.396034e-01	7.610225e-01	1.783940e-01
30384	7.302347e-01	4.423830e-01	5.396928e-02	6.746160e-02	3.533900e-01	1.521578e-01	7.120365e-01	1.065391e-01
11547	3.654444e-01	8.965095e-01	2.144314e-02	2.680393e-02	1.404093e-01	8.549780e-02	7.191505e-01	5.521964e-01
15049	8.299287e-01	2.339525e-01	3.035409e-02	3.794261e-02	1.987581e-01	1.952961e-01	8.280669e-01	9.771415e-01
1723	6.940127e-01	8.440684e-01	6.712454e-02	8.390567e-02	4.395304e-01	1.249954e-01	8.701476e-02	4.364853e-01
20910	2.081285e-01	9.063949e-01	2.124037e-02	2.655047e-02	1.390816e-01	4.290124e-02	2.131822e-01	2.602360e-01
20578	9.027464e-01	4.402558e-01	2.766527e-02	3.458159e-02	1.811518e-01	1.624344e-01	6.611950e-01	5.219113e-01
11027	5.694742e-01	6.880769e-02	2.855378e-02	3.569222e-02	1.869697e-01	1.854220e-01	5.073175e-01	4.376698e-01
26562	8.070478e-02	2.342350e-01	4.248291e-02	5.310363e-02	2.781774e-01	2.601157e-01	2.215025e-01	9.552943e-01
6921	4.559765e-01	4.350835e-01	4.250919e-02	5.313649e-02	2.783495e-01	9.141499e-02	9.415366e-01	6.580146e-01
31620	3.937455e-01	8.292554e-01	2.309765e-02	2.887207e-02	1.512431e-01	1.363281e-01	2.533409e-01	8.713543e-02
12658	2.010964e-01	3.481599e-01	2.132478e-02	2.665597e-02	1.396343e-01	1.379288e-01	5.984525e-01	6.826581e-02
28236	8.231412e-02	7.299222e-01	4.146107e-02	5.182634e-02	2.714865e-01	2.489718e-01	2.821220e-01	1.860311e-01
28982	7.070963e-01	4.001838e-01	5.438413e-02	6.798017e-02	3.561065e-01	2.572137e-01	6.265472e-01	3.365006e-01
4146	4.659535e-01	2.883619e-01	3.040190e-02	3.800237e-02	1.990712e-01	1.886340e-01	8.565290e-01	5.322893e-01
4494	4.646022e-01	8.792555e-01	5.754054e-02	7.192567e-02	3.767745e-01	3.713193e-01	4.509309e-01	4.862423e-02
31861	1.296527e-01	6.239315e-01	2.747576e-02	3.434469e-02	1.799108e-01	1.017905e-01	1.749350e-01	8.084742e-02
6149	6.631483e-01	4.950989e-01	2.546717e-02	3.183396e-02	1.667586e-01	1.606747e-01	2.228099e-01	2.820496e-01
16327	8.204447e-01	5.835798e-02	2.954675e-02	3.693344e-02	1.934717e-01	7.185828e-02	7.813365e-01	5.045035e-01
23755	1.095030e-01	3.217212e-02	2.663780e-02	3.329725e-02	1.744239e-01	1.468074e-01	8.631339e-01	2.907584e-01
22713	8.618795e-01	4.885727e-02	2.187200e-02	2.734000e-02	1.432175e-01	1.051282e-01	4.223280e-02	8.072582e-01
15512	3.679564e-01	3.903239e-01	2.723299e-02	3.404123e-02	1.783212e-01	1.460047e-01	3.470269e-01	8.142552e-01
24971	2.838560e-01	7.509480e-02	3.443867e-02	4.304834e-02	2.255039e-01	2.250527e-01	7.372529e-01	7.331600e-01
12842	6.125072e-01	6.077281e-01	4.644294e-02	5.805368e-02	3.041077e-01	2.200765e-01	2.212111e-01	5.978834e-02
8993	5.365495e-01	2.747111e-01	2.970988e-02	3.713734e-02	1.945398e-01	7.713701e-02	6.255680e-02	8.784443e-01
24258	6.733913e-01	1.270375e-01	2.152858e-02	2.691073e-02	1.409688e-01	1.041639e-01	1.446182e-01	1.970796e-01
31148	1.388851e-01	4.880380e-02	2.283371e-02	2.854214e-02	1.495148e-01	1.485278e-01	7.582503e-02	9.925559e-01
22922	4.164680e-01	6.721694e-01	5.944071e-02	7.430089e-02	3.892168e-01	1.035864e-01	4.191151e-01	7.799509e-01
2636	6.606794e-01	5.565101e-01	7.637421e-02	9.546777e-02	5.000972e-01	1.622881e-01	8.595703e-01	1.410376e-01
25653	8.457803e-01	8.399632e-01	3.103502e-02	3.879378e-02	2.032169e-01	1.590201e-01	4.841614e-02	7.441970e-01
3297	4.598658e-01	3.466732e-01	2.456282e-02	3.070352e-02	1.608369e-01	1.337618e-01	3.083381e-02	3.632310e-01
17367	1.145121e-01	9.037491e-01	3.798326e-02	4.747907e-02	2.487138e-01	2.481761e-01	8.291712e-01	3.875274e-03
24074	2.225165e-01	3.866961e-01	2.378893e-02	2.973616e-02	1.557695e-01	1.016609e-01	4.126747e-01	4.810796e-01
24003	4.649864e-01	5.761266e-01	3.963218e-02	4.954022e-02	2.595109e-01	2.497858e-01	2.416583e-01	2.288719e-01
19927	2.311163e-01	7.270907e-02	4.549091e-02	5.686364e-02	2.978738e-01	1.590395e-01	6.715164e-01	6.883848e-01
19285	3.553309e-01	4.386956e-01	4.349530e-02	5.436913e-02	2.848066e-01	9.732701e-02	1.897592e-01	6.639698e-01
13198	6.320040e-02	9.023499e-01	4.676410e-02	5.845513e-02	3.062106e-01	2.691946e-01	8.523386e-01	6.255008e-01
25325	6.144611e-01	6.845254e-01	5.477644e-02	6.847055e-02	3.586753e-01	2.433846e-01	7.704580e-01	8.455034e-01
25719	7.749586e-01	5.476064e-01	6.774425e-02	8.468031e-02	4.435883e-01	4.412031e-01	5.597804e-01	4.357220e-01
2045	1.522803e-01	3.143129e-01	3.482792e-02	4.353490e-02	2.280527e-01	2.006521e-01	8.956033e-01	6.433668e-01
25754	7.266857e-01	9.328253e-01	2.136602e-02	2.670752e-02	1.399043e-01	1.293500e-01	3.273638e-01	5.104192e-01
6327	6.706275e-01	6.493088e-01	6.064399e-02	7.580498e-02	3.970959e-01	3.970252e-01	8.713302e-01	7.503929e-01
3286	6.646666e-01	7.607212e-01	2.907074e-02	3.633843e-02	1.903548e-01	1.771521e-01	8.891855e-01	7.496203e-01
9662	2.696805e-01	2.490338e-01	2.258885e-02	2.823607e-02	1.479115e-01	1.016499e-01	2.655358e-01	5.144017e-01
27888	2.163576e-01	5.564824e-01	3.367710e-02	4.209638e-02	2.205172e-01	1.801126e-01	6.680318e-02	3.683551e-01
24865	1.741192e-01	5.833695e-01	3.420615e-02	4.275768e-02	2.239813e-01	2.177814e-01	1.517435e-02	4.525965e-01
24624	6.186643e-01	1.755678e-01	3.729403e-02	4.661754e-02	2.442007e-01	1.993888e-01	4.680155e-01	6.793804e-01
22806	3.716630e-02	3.537097e-01	3.255845e-02	4.069807e-02	2.131922e-01	1.956523e-01	6.217619e-01	6.736445e-01
3566	7.789393e-01	3.342945e-01	3.301629e-02	4.127036e-02	2.161902e-01	1.416798e-01	9.465713e-01	5.424469e-01
19023	3.618933e-01	7.060711e-01	2.160355e-02	2.700443e-02	1.414597e-01	3.794896e-02	6.051062e-01	9.725475e-01
13275	4.670912e-01	9.566696e-02	6.714213e-02	8.392767e-02	4.396456e-01	3.683677e-01	4.528448e-02	6.350144e-01
8099	2.433006e-01	7.995144e-01	7.604453e-02	9.505566e-02	4.979384e-01	4.744640e-01	7.524688e-01	8.098285e-01
7830	8.458231e-01	5.727692e-01	3.028539e-02	3.785673e-02	1.983082e-01	1.859572e-01	9.696289e-01	7.206717e-01
7857	8.818653e-01	8.942980e-01	7.786257e-02	9.732821e-02	5.098429e-01	2.023847e-01	4.677788e-01	7.022357e-01
8815	1.216074e-01	7.630698e-01	2.093594e-02	2.616992e-02	1.370882e-01	1.060945e-01	4.728985e-01	3.041643e-02
4659	7.961683e-02	4.468981e-01	7.098886e-02	8.873608e-02	4.648340e-01	4.482060e-01	3.627381e-02	8.968499e-01
27885	7.125053e-01	6.235983e-01	2.465377e-02	3.081722e-02	1.614325e-01	1.523347e-01	6.416764e-02	8.747354e-01
23812	5.552157e-01	2.294273e-01	4.848436e-02	6.060545e-02	3.174748e-01	2.947576e-01	1.643800e-01	4.515106e-01
23392	4.460280e-01	6.454332e-01	3.294349e-02	4.117936e-02	2.157135e-01	1.030260e-01	9.302610e-01	2.863620e-01
8573	8.863416e-02	3.674708e-01	2.158432e-02	2.698040e-02	1.413338e-01	1.343486e-01	3.322289e-01	1.866686e-01
13182	1.899302e-01	8.600439e-01	2.210994e-02	2.763742e-02	1.447755e-01	1.149473e-01	1.749885e-01	3.285546e-01
2476	1.259417e-01	7.331215e-01	2.299796e-02	2.874745e-02	1.505903e-01	1.075383e-01	5.219924e-01	7.737720e-01
18231	8.352536e-01	4.278984e-01	3.675360e-02	4.594200e-02	2.406620e-01	2.406604e-01	2.178195e-01	9.431236e-01
14553	3.769445e-01	2.365419e-01	6.386782e-02	7.983478e-02	4.182055e-01	3.240400e-01	3.798521e-01	3.765644e-01
24623	4.952090e-01	5.392199e-01	3.055404e-02	3.819254e-02	2.000673e-01	1.339652e-01	7.070842e-01	3.802189e-02
32364	8.974075e-01	6.138790e-01	2.857014e-02	3.571267e-02	1.870768e-01	1.672448e-01	2.509151e-01	2.035485e-01
184	1.394186e-01	2.548520e-01	5.119995e-02	6.399994e-02	3.352565e-01	3.312229e-01	2.936707e-01	5.781802e-01
22490	1.088616e-01	8.347615e-01	4.458286e-02	5.572857e-02	2.919278e-01	1.540584e-01	3.801485e-02	3.962498e-01
11056	9.680426e-01	3.194286e-01	3.291907e-02	4.114884e-02	2.155535e-01	1.278949e-01	7.387568e-01	6.308075e-01
18899	5.111773e-01	7.408243e-01	2.760372e-02	3.450465e-02	1.807487e-01	1.745746e-01	7.270239e-01	3.834527e-02
10179	6.952898e-01	1.546323e-01	3.605696e-02	4.507120e-02	2.361004e-01	1.650834e-01	5.986956e-01	8.211408e-01
1248	8.960363e-01	5.249035e-01	2.140734e-02	2.675917e-02	1.401749e-01	1.125465e-01	1.225276e-01	1.581929e-01
