18126	3.944643e-01	7.710280e-01	2.889990e-02	3.612488e-02	1.892361e-01	1.854375e-01	7.803801e-01	3.187640e-01
7461	3.233069e-01	6.577502e-01	2.325951e-02	2.907439e-02	1.523029e-01	1.522646e-01	9.803976e-01	1.219465e-01
30707	7.214873e-01	4.782159e-01	7.357450e-02	9.196813e-02	4.817647e-01	1.801904e-01	6.519456e-02	7.134743e-01
23283	4.455750e-01	3.656710e-01	2.331965e-02	2.914956e-02	1.526967e-01	8.474393e-02	7.157217e-01	6.337102e-01
27658	4.358897e-01	2.847442e-01	3.370115e-02	4.212643e-02	2.206746e-01	1.748892e-01	7.163411e-01	2.625789e-01
23807	1.076011e-01	8.976562e-01	5.072594e-02	6.340743e-02	3.321527e-01	2.336910e-01	1.989012e-01	1.832442e-01
6114	6.833702e-01	2.441322e-01	3.484557e-02	4.355696e-02	2.281683e-01	1.811177e-01	7.888030e-01	7.661410e-01
3945	9.544154e-02	5.433819e-01	2.101831e-02	2.627288e-02	1.376275e-01	1.076777e-01	4.929502e-01	5.740663e-02
21671	3.101295e-01	9.140685e-01	5.906966e-02	7.383707e-02	3.867872e-01	1.297945e-01	7.733039e-01	4.590792e-01
13964	5.116038e-01	1.796224e-01	3.748288e-02	4.685360e-02	2.454373e-01	9.568890e-02	4.148945e-01	6.718049e-01
2659	5.768120e-01	7.146770e-01	5.102778e-02	6.378472e-02	3.341291e-01	1.700125e-01	5.782006e-01	1.152154e-01
19263	3.192611e-01	1.764240e-01	7.855890e-02	9.819862e-02	5.144024e-01	3.251140e-01	6.716099e-01	1.837732e-01
27787	3.684920e-01	8.342276e-02	2.680822e-02	3.351027e-02	1.755398e-01	1.475323e-01	3.770640e-02	7.245128e-02
32273	5.913813e-02	5.871176e-01	4.616090e-02	5.770113e-02	3.022609e-01	2.107062e-01	9.639721e-01	2.184399e-01
18012	9.333762e-01	3.532907e-01	2.426081e-02	3.032602e-02	1.588594e-01	1.554781e-01	3.779501e-01	8.655756e-01
21065	2.770216e-01	8.742156e-01	2.808095e-02	3.510119e-02	1.838736e-01	1.391733e-01	1.182813e-01	5.531474e-01
2386	4.915690e-01	4.794675e-01	2.295949e-02	2.869936e-02	1.503384e-01	1.461874e-01	6.906033e-01	5.227183e-01
31939	1.232738e-01	1.831136e-01	3.753222e-02	4.691527e-02	2.457604e-01	2.152698e-01	3.169079e-01	1.838564e-01
32183	1.977503e-01	6.676544e-01	5.540640e-02	6.925800e-02	3.628002e-01	2.180208e-01	8.808364e-01	5.646018e-01
1918	7.429431e-01	7.932953e-01	5.631745e-02	7.039681e-02	3.687658e-01	1.289649e-01	1.514882e-01	1.739054e-01
14033	8.967710e-01	8.029230e-01	3.244823e-02	4.056029e-02	2.124705e-01	1.261196e-01	4.239674e-01	7.894425e-01
19255	8.621388e-01	9.438643e-02	6.306474e-02	7.883092e-02	4.129469e-01	1.476996e-01	9.513209e-01	8.789740e-01
8476	7.776967e-01	4.614445e-01	3.403061e-02	4.253826e-02	2.228319e-01	2.154077e-01	4.852421e-01	6.838245e-01
31095	4.140470e-01	1.956647e-01	2.920550e-02	3.650687e-02	1.912372e-01	1.650140e-01	7.571366e-01	9.895838e-01
20470	4.699789e-01	7.416936e-01	2.641484e-02	3.301855e-02	1.729640e-01	9.108791e-02	9.551338e-01	6.499588e-01
16634	2.800444e-01	5.480396e-01	6.712936e-02	8.391170e-02	4.395620e-01	4.292277e-01	3.560752e-01	2.876214e-01
15229	7.915707e-01	9.131479e-02	2.746956e-02	3.433695e-02	1.798702e-01	1.592993e-01	7.222675e-01	4.416977e-01
16697	3.150227e-01	4.150269e-01	3.296431e-02	4.120539e-02	2.158498e-01	1.616733e-01	4.892979e-01	5.632130e-01
7745	7.877089e-01	6.797086e-01	2.799498e-02	3.499372e-02	1.833107e-01	1.816606e-01	4.187852e-01	5.153704e-01
10	4.820374e-01	2.675033e-01	2.402750e-02	3.003438e-02	1.573317e-01	9.456060e-02	6.745392e-01	5.849708e-01
30117	7.245988e-01	8.598808e-01	2.710651e-02	3.388313e-02	1.774930e-01	1.156678e-01	6.052514e-01	5.796501e-01
14815	5.846397e-01	9.241903e-01	2.412759e-02	3.015949e-02	1.579871e-01	1.550509e-01	5.076878e-01	9.355481e-01
24040	7.436892e-01	3.156723e-01	2.097287e-02	2.621609e-02	1.373301e-01	3.970551e-02	6.549935e-01	1.484297e-01
10740	4.290937e-01	1.113150e-01	4.818060e-02	6.022575e-02	3.154858e-01	1.763785e-01	2.292069e-02	1.242826e-01
16702	2.062025e-01	1.369188e-01	6.685427e-02	8.356784e-02	4.377607e-01	3.999101e-01	3.089317e-01	4.573943e-01
20338	1.766657e-01	6.127733e-01	2.528604e-02	3.160754e-02	1.655726e-01	8.633887e-02	1.947365e-01	6.299575e-01
23173	1.977486e-01	7.579082e-01	2.348641e-02	2.935801e-02	1.537886e-01	1.520759e-01	1.991351e-02	6.760089e-01
26212	2.421788e-01	3.012719e-01	3.159871e-02	3.949838e-02	2.069078e-01	1.239317e-01	6.948194e-01	9.326252e-01
5526	8.862816e-02	5.278229e-02	2.414526e-02	3.018158e-02	1.581028e-01	1.509120e-01	8.776667e-01	9.780000e-01
9006	4.240395e-01	5.135149e-01	4.269312e-02	5.336641e-02	2.795539e-01	2.715315e-01	7.611827e-01	2.850585e-01
13830	3.867467e-01	4.318624e-01	3.759233e-02	4.699041e-02	2.461540e-01	8.739136e-02	7.330560e-01	3.280736e-01
5096	6.326317e-01	3.195472e-01	3.303823e-02	4.129779e-02	2.163338e-01	1.530034e-01	6.894417e-01	7.645009e-01
7004	6.882110e-01	9.615773e-01	2.403347e-02	3.004183e-02	1.573708e-01	1.502282e-01	2.514381e-01	2.680659e-01
10554	9.410058e-01	1.875610e-01	2.808937e-02	3.511172e-02	1.839288e-01	6.182104e-02	4.533966e-01	1.494301e-01
14407	9.668031e-01	9.951513e-02	2.698729e-02	3.373412e-02	1.767124e-01	1.374007e-01	6.427746e-01	8.712179e-01
4837	4.759176e-01	6.466855e-01	6.967750e-02	8.709688e-02	4.562472e-01	3.845708e-01	5.145859e-01	1.306948e-01
3490	8.452078e-01	3.761846e-01	6.013687e-02	7.517109e-02	3.937753e-01	3.563968e-01	5.760615e-01	3.875776e-01
25234	8.413759e-01	2.636600e-01	4.060229e-02	5.075286e-02	2.658632e-01	2.497446e-01	4.955512e-01	1.615535e-01
21909	3.873600e-01	5.437746e-01	3.390337e-02	4.237921e-02	2.219987e-01	1.715131e-01	4.707775e-01	7.656336e-01
22580	6.211883e-01	6.852153e-01	2.600600e-02	3.250750e-02	1.702869e-01	1.329281e-01	6.887857e-01	1.086686e-01
14141	5.584948e-01	1.074928e-01	6.666725e-02	8.333406e-02	4.365361e-01	2.108415e-01	7.751017e-01	3.278852e-01
14279	2.020879e-01	5.277729e-01	2.906825e-02	3.633531e-02	1.903384e-01	1.646383e-01	2.796718e-01	3.354914e-01
32376	4.719735e-02	6.529487e-01	2.296192e-02	2.870240e-02	1.503543e-01	6.140863e-02	5.842421e-01	9.202194e-01
26327	6.170066e-01	6.081693e-01	2.453583e-02	3.066978e-02	1.606602e-01	1.462243e-01	6.007803e-01	9.683291e-01
25394	5.778121e-01	4.905009e-01	3.171769e-02	3.964711e-02	2.076870e-01	7.942937e-02	1.330697e-01	2.695625e-01
28541	1.948360e-01	3.035993e-01	2.294541e-02	2.868176e-02	1.502462e-01	1.083061e-01	4.205979e-01	4.700208e-01
8589	6.823219e-01	7.703029e-01	2.751281e-02	3.439101e-02	1.801534e-01	7.882545e-02	2.726555e-01	2.030436e-01
2459	5.865354e-01	5.456724e-01	2.984831e-02	3.731039e-02	1.954463e-01	1.532443e-01	2.375048e-01	5.898441e-01
379	1.636698e-01	3.757085e-02	3.582712e-02	4.478391e-02	2.345955e-01	2.308635e-01	1.980719e-01	9.012177e-01
12167	7.989451e-01	2.175601e-01	4.947310e-02	6.184138e-02	3.239491e-01	2.384642e-01	7.271844e-01	7.727268e-01
24291	3.647019e-01	2.056024e-01	3.185241e-02	3.981551e-02	2.085691e-01	1.991323e-01	2.082125e-01	9.802977e-01
9076	8.949794e-01	5.130214e-01	3.585989e-02	4.482486e-02	2.348100e-01	1.688676e-01	4.734904e-01	4.538994e-01
7178	2.969609e-01	6.078917e-02	3.375165e-02	4.218956e-02	2.210053e-01	2.069300e-01	6.873146e-01	2.784182e-01
6239	4.437242e-01	4.542739e-01	2.249865e-02	2.812331e-02	1.473208e-01	9.879720e-02	5.155685e-01	3.721851e-01
2844	1.519394e-01	8.642523e-01	2.099156e-02	2.623945e-02	1.374524e-01	4.908399e-02	2.889392e-01	4.355734e-01
5376	5.594669e-01	4.248086e-01	2.345785e-02	2.932231e-02	1.536016e-01	6.026475e-02	3.095001e-01	3.018306e-01
24798	4.161127e-01	6.321799e-01	2.355741e-02	2.944676e-02	1.542536e-01	1.436748e-01	9.813176e-01	1.659819e-01
24075	9.777983e-02	5.765032e-01	2.060668e-02	2.575835e-02	1.349322e-01	1.216074e-01	1.741839e-01	8.663924e-01
15518	5.338782e-01	9.484850e-01	2.129181e-02	2.661477e-02	1.394185e-01	7.886788e-02	5.628768e-01	1.754196e-01
22131	6.817895e-01	1.798908e-01	4.659067e-02	5.823834e-02	3.050750e-01	1.100465e-01	8.124427e-01	5.699532e-01
2016	9.177919e-01	1.888365e-01	3.486285e-02	4.357856e-02	2.282814e-01	2.186696e-01	4.976840e-01	5.360429e-01
15273	9.179335e-01	6.152932e-01	3.429911e-02	4.287389e-02	2.245901e-01	1.244178e-01	2.993800e-01	3.291755e-02
29137	7.297020e-01	6.283638e-01	2.597509e-02	3.246886e-02	1.700845e-01	1.152344e-01	1.295079e-02	8.213208e-01
28991	2.422016e-01	6.343314e-01	2.671997e-02	3.339997e-02	1.749620e-01	1.665995e-01	1.186419e-01	5.855795e-01
