2972	6.236434e-01	8.071571e-01	3.415137e-02	4.268921e-02	2.236226e-01	1.905248e-01	8.247452e-02	3.704747e-02
14715	8.261464e-01	1.600443e-01	3.271799e-02	4.089749e-02	2.142369e-01	7.362094e-02	4.199095e-01	9.312049e-01
26531	4.681459e-02	5.401417e-01	2.845671e-02	3.557089e-02	1.863341e-01	1.029681e-01	6.160315e-01	9.724102e-01
15010	3.752182e-01	9.561781e-01	2.620639e-02	3.275798e-02	1.715990e-01	7.600056e-02	2.267984e-01	5.957519e-01
31525	6.247577e-01	9.299628e-01	2.193406e-02	2.741757e-02	1.436239e-01	8.088297e-02	9.554938e-01	3.059349e-01
25113	5.779528e-01	4.140407e-01	4.885940e-02	6.107425e-02	3.199306e-01	3.121441e-01	9.269679e-01	5.252151e-01
23240	1.762597e-01	5.962745e-01	7.827433e-02	9.784291e-02	5.125391e-01	2.918413e-01	6.052832e-01	2.322556e-01
19084	5.543045e-01	9.122121e-01	3.976175e-02	4.970219e-02	2.603594e-01	2.299783e-01	4.840113e-01	6.861310e-01
25186	1.863742e-01	7.809831e-01	3.525164e-02	4.406455e-02	2.308272e-01	2.307798e-01	7.052355e-01	5.365499e-01
6638	5.667453e-01	1.713548e-01	2.823126e-02	3.528908e-02	1.848579e-01	8.608157e-02	5.320493e-02	3.322104e-01
25925	5.109446e-02	4.661155e-01	3.582076e-02	4.477595e-02	2.345538e-01	8.995868e-02	9.185232e-01	7.472997e-02
20713	6.346411e-02	8.378170e-01	2.144670e-02	2.680837e-02	1.404326e-01	8.742197e-02	8.430961e-01	1.072407e-01
18672	2.570581e-01	9.302148e-01	5.034761e-02	6.293452e-02	3.296754e-01	1.191625e-01	1.264925e-02	3.368111e-01
1278	1.655958e-01	8.945368e-01	7.566444e-02	9.458055e-02	4.954496e-01	4.894935e-01	1.135541e-01	6.758791e-01
19351	1.039181e-01	4.979824e-01	6.302402e-02	7.878003e-02	4.126803e-01	2.379107e-01	8.741209e-02	8.519340e-01
21123	9.030891e-01	8.312933e-01	2.103229e-02	2.629037e-02	1.377191e-01	4.109743e-02	5.912172e-01	1.439578e-01
2369	9.279141e-01	9.276237e-01	2.883408e-02	3.604260e-02	1.888051e-01	1.867273e-01	4.171947e-01	4.143097e-01
17534	3.197992e-01	8.079951e-01	3.973258e-02	4.966573e-02	2.601683e-01	1.085765e-01	2.940823e-01	1.275586e-01
9600	6.313666e-01	3.462210e-01	2.519502e-02	3.149377e-02	1.649766e-01	1.475230e-01	6.956376e-01	4.245764e-01
17537	2.720247e-01	8.532608e-01	5.847110e-02	7.308887e-02	3.828678e-01	2.595534e-01	4.805959e-01	8.554847e-01
15984	1.967988e-01	8.755902e-02	6.864789e-02	8.580986e-02	4.495053e-01	3.304275e-01	7.033737e-01	7.355965e-01
30128	5.137114e-01	2.221218e-01	2.270373e-02	2.837966e-02	1.486637e-01	8.544550e-02	5.056331e-01	4.538083e-01
5597	4.844287e-01	8.553429e-01	2.265941e-02	2.832426e-02	1.483735e-01	8.038238e-02	1.186814e-01	9.469007e-01
4614	8.821618e-01	8.609310e-01	3.000099e-02	3.750123e-02	1.964460e-01	1.912321e-01	4.857443e-01	3.825167e-01
9512	8.453079e-01	1.217319e-01	3.322878e-02	4.153597e-02	2.175815e-01	1.740250e-01	4.375613e-01	6.603163e-01
11740	6.011444e-02	4.279867e-01	2.111341e-02	2.639176e-02	1.382503e-01	3.791814e-02	5.854745e-01	9.131854e-01
1636	6.725534e-01	2.781582e-01	2.769461e-02	3.461826e-02	1.813438e-01	5.337033e-02	5.838124e-01	7.378854e-01
19862	8.632130e-01	3.404116e-02	2.242235e-02	2.802793e-02	1.468212e-01	4.437819e-02	5.193707e-01	5.288453e-01
23124	5.285819e-02	3.375058e-01	2.505239e-02	3.131549e-02	1.640427e-01	6.595267e-02	9.584359e-02	4.044534e-01
32165	3.065422e-01	1.844962e-01	3.825603e-02	4.782004e-02	2.504999e-01	2.274968e-01	3.356523e-01	5.919145e-01
4901	8.109989e-01	2.188521e-01	2.314989e-02	2.893736e-02	1.515851e-01	7.535695e-02	6.465428e-01	4.843921e-01
15433	7.173769e-01	7.776698e-01	4.719967e-02	5.899959e-02	3.090627e-01	1.905140e-01	4.809202e-01	5.585811e-02
32077	4.612870e-01	7.102414e-01	3.966753e-02	4.958442e-02	2.597424e-01	1.888730e-01	9.607994e-01	3.504243e-01
11929	1.124988e-01	1.188954e-01	4.045659e-02	5.057073e-02	2.649091e-01	1.569293e-01	4.876762e-01	6.284374e-02
14744	1.567935e-01	2.497809e-01	2.731753e-02	3.414692e-02	1.788748e-01	1.162159e-01	7.893302e-01	9.438521e-01
1250	1.030672e-01	2.046426e-01	2.102396e-02	2.627995e-02	1.376645e-01	1.360854e-01	1.288135e-01	2.601056e-01
7331	7.269652e-02	6.005456e-01	5.691778e-02	7.114723e-02	3.726967e-01	3.503001e-01	3.530775e-01	7.044550e-01
29558	5.895207e-01	5.195428e-01	3.570447e-02	4.463059e-02	2.337923e-01	1.858284e-01	4.056179e-01	5.707171e-01
16447	6.049434e-01	5.179622e-02	2.462812e-02	3.078515e-02	1.612645e-01	1.610564e-01	2.156016e-01	9.711741e-01
14598	6.587639e-01	6.285307e-01	6.327119e-02	7.908899e-02	4.142988e-01	3.550377e-01	4.379505e-01	2.653966e-01
14015	5.260065e-01	7.264526e-02	2.060468e-02	2.575585e-02	1.349191e-01	1.114578e-01	6.079628e-01	5.198892e-01
7987	3.362783e-01	1.058852e-01	7.807424e-02	9.759280e-02	5.112289e-01	4.384413e-01	2.037951e-01	1.087859e-01
31856	4.357911e-01	6.476735e-01	3.619385e-02	4.524231e-02	2.369967e-01	9.584723e-02	8.450937e-01	9.548114e-02
12955	4.401008e-01	9.583542e-01	2.280660e-02	2.850825e-02	1.493372e-01	1.491471e-01	6.587448e-01	9.387685e-01
16775	3.765637e-01	6.682360e-01	5.663423e-02	7.079279e-02	3.708401e-01	2.854246e-01	2.121512e-01	4.340526e-01
31089	5.694444e-01	5.727838e-01	3.591311e-02	4.489139e-02	2.351585e-01	2.243546e-01	7.556168e-01	2.934459e-01
20758	9.679483e-01	7.930319e-01	3.435172e-02	4.293965e-02	2.249346e-01	2.109237e-01	2.564212e-01	6.352112e-01
2945	2.994000e-01	3.360614e-01	2.931652e-02	3.664566e-02	1.919641e-01	1.216797e-01	6.535672e-01	3.068061e-01
16880	2.106146e-01	4.787876e-01	4.290671e-02	5.363339e-02	2.809525e-01	1.360748e-01	1.132123e-01	4.244767e-01
20764	9.318004e-01	7.399562e-01	3.727364e-02	4.659205e-02	2.440672e-01	1.315265e-01	1.244151e-01	5.451417e-01
509	4.869500e-01	6.694314e-02	2.457938e-02	3.072423e-02	1.609454e-01	1.556020e-01	5.468182e-01	8.575145e-01
15778	6.717241e-01	7.376899e-02	2.422422e-02	3.028027e-02	1.586198e-01	7.581910e-02	6.594466e-01	2.239051e-01
25606	5.040945e-01	7.453318e-01	2.439233e-02	3.049042e-02	1.597206e-01	1.553836e-01	2.199205e-01	3.876375e-02
11949	3.156583e-01	9.268032e-01	3.181019e-02	3.976273e-02	2.082926e-01	2.058312e-01	8.019829e-01	8.770286e-02
26901	4.213131e-02	1.049677e-01	2.953364e-02	3.691706e-02	1.933858e-01	1.733779e-01	1.881448e-01	1.914637e-01
18675	7.384078e-01	9.205973e-01	3.397831e-02	4.247289e-02	2.224895e-01	1.080091e-01	4.505327e-01	7.038147e-01
13653	3.333400e-01	7.561709e-01	3.818091e-02	4.772614e-02	2.500080e-01	2.099880e-01	5.951371e-01	8.670012e-01
1406	2.792853e-01	5.521899e-01	2.867041e-02	3.583801e-02	1.877334e-01	1.851890e-01	1.142284e-01	8.369829e-01
1328	5.600799e-01	8.266302e-01	2.714765e-02	3.393456e-02	1.777624e-01	1.775207e-01	5.772285e-01	5.272505e-01
16827	3.497084e-01	4.644766e-01	2.159381e-02	2.699226e-02	1.413959e-01	5.866760e-02	6.510217e-01	3.138695e-01
4933	6.965515e-02	9.622068e-01	2.126052e-02	2.657565e-02	1.392136e-01	1.027261e-01	2.835400e-01	2.268051e-01
13368	6.033096e-01	1.826390e-01	4.579123e-02	5.723904e-02	2.998403e-01	1.748902e-01	7.200485e-01	8.808758e-01
1144	6.514704e-01	9.317551e-01	2.961608e-02	3.702010e-02	1.939256e-01	1.904716e-01	5.847880e-01	5.314094e-02
19445	9.405048e-01	3.456857e-01	2.102474e-02	2.628092e-02	1.376697e-01	1.038552e-01	9.585845e-01	2.259717e-01
8524	3.476501e-01	2.854661e-01	2.682701e-02	3.353377e-02	1.756629e-01	9.396051e-02	4.979177e-01	7.847346e-01
20070	9.651367e-01	6.345801e-01	2.177588e-02	2.721985e-02	1.425881e-01	5.287809e-02	5.446073e-02	8.814831e-01
3113	5.016910e-02	9.190805e-01	3.731053e-02	4.663816e-02	2.443087e-01	2.308687e-01	3.083691e-01	6.236205e-01
25462	5.027982e-01	6.967309e-01	3.845729e-02	4.807161e-02	2.518177e-01	1.825484e-01	1.388723e-01	7.797355e-02
13809	5.656794e-01	2.544016e-01	4.530324e-02	5.662905e-02	2.966449e-01	1.478218e-01	4.332893e-01	4.911664e-01
4341	5.934832e-01	6.429780e-01	2.272078e-02	2.840098e-02	1.487753e-01	5.146736e-02	7.004676e-01	1.192463e-01
5008	6.968350e-01	8.517374e-01	7.255971e-02	9.069964e-02	4.751199e-01	1.902130e-01	1.440290e-01	1.820311e-01
4751	5.962840e-01	9.675183e-01	2.090545e-02	2.613181e-02	1.368886e-01	4.267050e-02	3.844764e-01	6.905826e-01
17972	5.537712e-01	3.421086e-01	2.309175e-02	2.886469e-02	1.512044e-01	1.344908e-01	9.179864e-02	4.250913e-01
9812	4.944536e-01	9.468321e-01	3.512327e-02	4.390409e-02	2.299866e-01	1.682318e-01	8.777718e-01	1.777910e-01
12709	7.724355e-01	8.082179e-01	2.168123e-02	2.710153e-02	1.419683e-01	1.309587e-01	9.312297e-02	8.412167e-01
16168	8.489432e-01	4.835516e-01	2.821467e-02	3.526834e-02	1.847492e-01	8.260287e-02	7.284265e-01	2.287663e-01
31353	7.919923e-01	9.071248e-01	7.313902e-02	9.142378e-02	4.789132e-01	2.935062e-01	8.610452e-01	9.687618e-01
1266	8.625305e-01	3.419816e-01	2.279482e-02	2.849352e-02	1.492601e-01	1.110456e-01	1.638588e-01	4.021053e-02
6521	8.709627e-01	7.668122e-01	4.561025e-02	5.701282e-02	2.986552e-01	1.627604e-01	6.427889e-01	9.170694e-01
28179	3.659711e-01	7.685583e-01	2.630774e-02	3.288467e-02	1.722627e-01	1.153772e-01	6.435922e-02	8.865265e-01
8207	8.121842e-01	3.899264e-01	3.441380e-02	4.301725e-02	2.253410e-01	1.342725e-01	4.825979e-01	8.549146e-01
18093	1.629795e-01	4.584751e-01	3.241132e-02	4.051415e-02	2.122288e-01	1.415470e-01	1.968522e-01	8.747552e-01
