31776	7.400103e-01	2.941040e-01	3.302850e-02	4.128562e-02	2.162701e-01	9.946074e-02	9.191295e-01	6.566422e-01
27764	1.015914e-01	6.414129e-01	4.951996e-02	6.189995e-02	3.242559e-01	3.144282e-01	4.952118e-01	2.769806e-01
3251	8.711103e-02	2.643710e-01	3.125586e-02	3.906982e-02	2.046629e-01	1.970325e-01	3.816151e-01	1.172726e-01
19813	8.920635e-01	5.522356e-01	4.565289e-02	5.706611e-02	2.989344e-01	2.926039e-01	5.398462e-01	4.774457e-01
16084	1.112729e-01	8.777097e-01	2.904429e-02	3.630536e-02	1.901815e-01	1.037311e-01	6.936015e-02	9.873612e-02
30062	6.163241e-01	5.178188e-01	2.111752e-02	2.639690e-02	1.382772e-01	6.567445e-02	3.884837e-01	3.892483e-02
9357	1.894032e-01	3.457425e-01	2.946040e-02	3.682550e-02	1.929063e-01	1.875773e-01	2.461793e-01	4.513953e-01
28683	6.671268e-01	6.995165e-01	4.677546e-02	5.846933e-02	3.062850e-01	3.004552e-01	1.967067e-02	4.511259e-01
26244	9.618761e-02	1.312279e-01	2.167054e-02	2.708817e-02	1.418983e-01	1.040257e-01	9.637740e-01	5.181356e-01
25097	7.859262e-01	1.228540e-01	6.001774e-02	7.502217e-02	3.929952e-01	2.911269e-01	9.123418e-01	3.543678e-01
15814	5.112680e-01	8.244996e-01	2.796980e-02	3.496225e-02	1.831458e-01	1.174358e-01	9.712798e-01	1.993921e-01
5191	3.264697e-01	2.393473e-01	2.878095e-02	3.597618e-02	1.884572e-01	1.821690e-01	5.095936e-01	8.484109e-01
17781	2.433928e-01	2.560638e-01	3.731150e-02	4.663938e-02	2.443151e-01	9.277656e-02	4.984930e-01	4.030605e-01
19501	3.581636e-01	9.602931e-02	6.072100e-02	7.590125e-02	3.976001e-01	1.888982e-01	1.562533e-02	9.012419e-01
6209	3.373221e-01	6.528554e-01	3.484295e-02	4.355369e-02	2.281511e-01	1.555543e-01	8.961202e-01	8.090987e-01
18975	8.954802e-01	8.727506e-01	2.271692e-02	2.839615e-02	1.487500e-01	1.111145e-01	5.213978e-02	3.082550e-01
1452	1.452487e-01	6.069465e-01	2.192319e-02	2.740399e-02	1.435527e-01	1.435251e-01	7.654359e-01	6.448682e-01
24663	5.027047e-01	8.696361e-01	2.828271e-02	3.535339e-02	1.851947e-01	5.690271e-02	2.729017e-01	7.653324e-01
15852	5.843367e-01	5.162837e-01	2.125691e-02	2.657114e-02	1.391899e-01	7.610507e-02	7.163048e-01	9.243209e-01
7045	4.126641e-01	9.176832e-01	2.053808e-02	2.567260e-02	1.344830e-01	1.344820e-01	6.110336e-01	1.963563e-01
20876	6.341152e-01	8.531649e-01	3.716329e-02	4.645412e-02	2.433447e-01	1.520227e-01	8.527482e-01	1.804773e-02
4781	8.199425e-01	5.593405e-01	2.922621e-02	3.653276e-02	1.913727e-01	1.163253e-01	8.308134e-01	2.101127e-01
18818	4.137433e-01	9.329733e-02	3.587911e-02	4.484889e-02	2.349359e-01	2.242417e-01	3.241682e-01	7.240041e-01
22186	4.124031e-01	4.730502e-01	4.774384e-02	5.967981e-02	3.126260e-01	1.471633e-01	5.274671e-02	3.381311e-01
2706	8.296805e-01	6.324552e-01	2.552853e-02	3.191067e-02	1.671604e-01	1.644603e-01	6.048834e-01	3.649493e-01
18343	8.523958e-01	3.244462e-01	2.877199e-02	3.596499e-02	1.883986e-01	1.872303e-01	4.227957e-01	3.782334e-01
31997	4.651515e-01	6.700028e-01	2.881554e-02	3.601942e-02	1.886837e-01	1.659694e-01	9.782790e-01	9.721578e-02
12803	3.821276e-01	5.686229e-01	3.274699e-02	4.093373e-02	2.144268e-01	1.229793e-01	4.878062e-01	7.326457e-01
27200	3.156373e-01	4.090962e-01	6.428406e-02	8.035508e-02	4.209310e-01	1.555292e-01	6.111962e-01	1.942413e-01
19229	7.362132e-01	4.415579e-01	2.056989e-02	2.571237e-02	1.346913e-01	9.373466e-02	3.469815e-01	1.419806e-01
17785	5.396726e-01	5.277707e-01	6.491457e-02	8.114321e-02	4.250596e-01	1.522621e-01	2.199963e-01	4.619752e-01
7984	5.398620e-01	6.352153e-01	2.102668e-02	2.628336e-02	1.376824e-01	1.372329e-01	7.182634e-01	4.468681e-01
15784	3.511909e-01	4.750923e-01	2.398651e-02	2.998314e-02	1.570633e-01	1.418855e-01	6.665383e-01	4.480112e-01
32076	3.872305e-01	7.247216e-01	4.078299e-02	5.097874e-02	2.670464e-01	2.141266e-01	8.200272e-01	8.953128e-01
9235	5.773831e-01	2.831127e-01	5.531531e-02	6.914413e-02	3.622038e-01	3.473396e-01	1.294346e-01	1.273409e-01
21139	1.523605e-01	4.574418e-01	3.100402e-02	3.875502e-02	2.030138e-01	1.460966e-01	7.459271e-01	5.002873e-02
29756	4.984347e-01	7.598608e-02	2.062014e-02	2.577517e-02	1.350203e-01	1.152783e-01	3.547602e-01	9.021090e-01
27872	8.712828e-01	6.762872e-01	2.546388e-02	3.182985e-02	1.667371e-01	1.296688e-01	4.488724e-01	9.078193e-01
4711	1.857212e-01	9.547733e-01	2.854358e-02	3.567947e-02	1.869029e-01	7.927122e-02	4.976590e-01	6.041240e-01
24432	7.798251e-01	9.181351e-01	4.162604e-02	5.203255e-02	2.725667e-01	1.223418e-01	3.098437e-01	2.934858e-01
23580	2.473672e-01	7.372491e-01	3.592672e-02	4.490840e-02	2.352476e-01	9.707112e-02	4.305650e-01	1.451470e-01
26135	1.601136e-01	7.172270e-01	6.554593e-02	8.193241e-02	4.291937e-01	4.117427e-01	2.950727e-01	1.914426e-01
8020	6.163698e-02	4.180947e-01	2.691129e-02	3.363911e-02	1.762147e-01	1.580281e-01	5.900565e-01	5.764288e-01
19343	3.809501e-01	3.581314e-01	2.357854e-02	2.947318e-02	1.543919e-01	4.700868e-02	4.676095e-01	7.387698e-01
5669	5.000779e-01	2.172619e-01	3.175340e-02	3.969175e-02	2.079208e-01	1.614614e-01	6.399103e-01	8.750780e-01
7453	4.587071e-01	8.890158e-01	4.732865e-02	5.916081e-02	3.099073e-01	3.088264e-01	8.797209e-01	9.516449e-01
9104	5.638494e-01	6.821859e-01	4.441251e-02	5.551564e-02	2.908124e-01	2.816050e-01	5.544004e-01	4.329000e-01
25919	2.958761e-01	5.276704e-01	2.543026e-02	3.178782e-02	1.665169e-01	1.527405e-01	7.740535e-01	5.338210e-01
19727	5.628549e-01	4.849277e-01	2.367782e-02	2.959727e-02	1.550420e-01	1.549629e-01	9.206227e-01	6.390279e-01
1377	3.690037e-02	7.182041e-01	2.210746e-02	2.763432e-02	1.447593e-01	1.269351e-01	8.959957e-01	3.836758e-01
585	1.310805e-01	1.686508e-01	2.331403e-02	2.914254e-02	1.526599e-01	1.272755e-01	5.333307e-01	7.497221e-01
17045	9.490627e-01	8.059403e-01	3.361773e-02	4.202216e-02	2.201284e-01	2.134835e-01	3.984351e-01	9.056807e-01
7149	3.437335e-01	8.395988e-01	3.037667e-02	3.797083e-02	1.989059e-01	7.699224e-02	6.752978e-02	8.685091e-02
22396	5.909414e-01	4.103635e-01	7.217307e-02	9.021634e-02	4.725882e-01	1.726626e-01	5.372088e-01	4.736857e-01
20292	4.004426e-01	4.073872e-01	2.641622e-02	3.302027e-02	1.729730e-01	1.339996e-01	3.044914e-01	5.198822e-01
4605	5.674820e-01	8.933280e-01	3.756489e-02	4.695612e-02	2.459743e-01	1.288486e-01	1.446359e-01	8.613325e-01
24666	4.938448e-02	7.667312e-01	3.098888e-02	3.873609e-02	2.029147e-01	1.991719e-01	6.204544e-01	9.610159e-01
20142	7.049039e-01	6.033618e-01	2.207298e-02	2.759122e-02	1.445335e-01	1.293538e-01	7.901275e-01	9.304068e-01
11358	7.873973e-01	8.260551e-01	2.724461e-02	3.405577e-02	1.783973e-01	7.666311e-02	5.549940e-01	7.579885e-01
28998	8.153549e-01	3.759573e-01	2.635750e-02	3.294688e-02	1.725885e-01	1.447177e-01	7.608352e-01	6.788455e-01
9813	6.727897e-01	2.479228e-01	2.369485e-02	2.961857e-02	1.551535e-01	1.239008e-01	6.911415e-01	6.118052e-01
7312	3.529642e-01	2.048583e-01	5.523816e-02	6.904770e-02	3.616986e-01	2.062791e-01	3.024178e-01	3.183565e-01
13833	6.559136e-01	1.411566e-01	3.748357e-02	4.685446e-02	2.454418e-01	2.451876e-01	4.198127e-01	8.925724e-02
12179	8.615327e-01	4.398015e-01	6.248772e-02	7.810964e-02	4.091686e-01	3.264904e-01	7.462612e-01	9.004136e-03
7742	2.797099e-01	6.357642e-01	3.127725e-02	3.909656e-02	2.048029e-01	2.045944e-01	8.008828e-01	9.183867e-01
19661	4.699313e-01	3.063046e-01	3.102215e-02	3.877769e-02	2.031326e-01	1.933665e-01	2.081770e-01	3.287130e-01
9920	1.919828e-01	8.648635e-01	2.173560e-02	2.716950e-02	1.423244e-01	1.068472e-01	6.216015e-01	1.912196e-01
2009	2.196543e-01	5.418579e-01	5.696076e-02	7.120095e-02	3.729782e-01	3.256071e-01	4.872240e-01	5.568696e-01
6902	7.817736e-01	6.436368e-01	3.294258e-02	4.117823e-02	2.157075e-01	1.854507e-01	7.492748e-01	9.492798e-01
4752	8.409790e-01	8.786624e-01	6.206490e-02	7.758112e-02	4.064000e-01	3.985939e-01	4.352662e-01	8.930931e-01
10501	4.238998e-01	8.271359e-01	4.241400e-02	5.301750e-02	2.777262e-01	1.132047e-01	8.822874e-01	3.101348e-01
11693	4.409288e-01	7.220592e-01	5.105136e-02	6.381420e-02	3.342835e-01	1.223136e-01	9.385653e-01	3.062061e-01
26752	8.621871e-01	9.655182e-02	2.418138e-02	3.022673e-02	1.583393e-01	4.357589e-02	8.643058e-01	8.341362e-01
28843	1.795240e-01	1.817529e-01	3.450251e-02	4.312813e-02	2.259219e-01	1.287611e-01	8.175366e-01	2.815183e-01
19823	7.532909e-01	7.780935e-01	7.681195e-02	9.601494e-02	5.029635e-01	3.597493e-01	8.292163e-01	5.671564e-01
26103	7.076534e-01	8.259218e-01	2.142353e-02	2.677941e-02	1.402809e-01	5.546330e-02	8.310836e-01	5.205946e-01
6965	9.214633e-01	1.822783e-01	2.678204e-02	3.347755e-02	1.753684e-01	1.657998e-01	2.656102e-01	2.564012e-01
15622	9.019315e-01	4.009237e-02	2.788785e-02	3.485982e-02	1.826092e-01	1.556129e-01	8.490700e-01	1.465950e-01
