9131	8.952280e-01	2.596843e-01	4.135212e-02	5.169015e-02	2.707730e-01	1.412687e-01	5.767116e-01	4.654322e-01
24458	6.322692e-01	8.819360e-01	3.953894e-02	4.942368e-02	2.589004e-01	1.416502e-01	2.368053e-01	5.219947e-02
619	5.623912e-01	2.616392e-01	2.873605e-02	3.592006e-02	1.881632e-01	1.876900e-01	1.828599e-01	4.566250e-01
17310	4.789813e-01	3.267482e-01	3.131623e-02	3.914529e-02	2.050582e-01	1.372662e-01	9.511565e-01	8.488027e-01
24384	5.827855e-01	7.601138e-01	4.062972e-02	5.078715e-02	2.660428e-01	1.338553e-01	8.890862e-02	7.448197e-01
6768	7.989773e-01	9.008133e-01	2.711535e-02	3.389419e-02	1.775509e-01	1.498337e-01	2.882310e-01	1.690521e-02
20705	2.415748e-01	1.691542e-01	2.205636e-02	2.757045e-02	1.444247e-01	1.360841e-01	2.131837e-01	9.132296e-01
18291	8.800099e-01	4.508277e-01	4.582650e-02	5.728312e-02	3.000712e-01	2.886399e-01	7.907129e-01	6.200766e-01
18464	4.775764e-01	7.854596e-02	2.517943e-02	3.147429e-02	1.648745e-01	1.289334e-01	1.408471e-02	2.237871e-01
10233	4.331366e-01	5.011045e-01	2.252412e-02	2.815515e-02	1.474876e-01	1.448407e-01	9.480249e-01	2.281741e-01
16659	8.048898e-01	1.925315e-01	2.361725e-02	2.952156e-02	1.546454e-01	1.097563e-01	5.975286e-01	4.734659e-01
16165	9.027475e-01	1.031054e-01	2.428250e-02	3.035312e-02	1.590014e-01	1.217528e-01	3.594081e-01	7.170372e-02
15721	3.298114e-01	6.648605e-01	2.071980e-02	2.589975e-02	1.356729e-01	5.928930e-02	4.804923e-01	9.340067e-01
5223	1.872510e-01	1.789926e-01	4.640296e-02	5.800370e-02	3.038459e-01	8.317248e-02	7.634193e-01	1.410959e-01
17144	1.448805e-01	2.771930e-01	2.304373e-02	2.880466e-02	1.508900e-01	4.328208e-02	2.666819e-02	5.044711e-01
1722	2.011382e-01	4.796214e-01	4.891464e-02	6.114331e-02	3.202923e-01	2.875629e-01	1.957862e-01	4.839950e-01
31479	3.340927e-01	1.582315e-01	4.535979e-02	5.669973e-02	2.970152e-01	1.546727e-01	8.342325e-02	2.766993e-01
18668	6.693340e-01	7.945239e-01	4.783112e-02	5.978890e-02	3.131974e-01	2.415946e-01	3.314600e-01	2.355507e-01
24407	7.125507e-01	7.352809e-01	3.951329e-02	4.939162e-02	2.587324e-01	2.291197e-01	8.273863e-02	8.808974e-01
23952	2.645585e-01	6.918486e-01	3.611385e-02	4.514231e-02	2.364729e-01	1.058667e-01	7.644751e-01	3.687529e-01
30511	1.048874e-01	8.878013e-01	2.820572e-02	3.525714e-02	1.846906e-01	1.833462e-01	6.906050e-01	2.652707e-01
13212	8.312967e-01	3.898087e-01	2.818000e-02	3.522500e-02	1.845222e-01	1.784326e-01	7.456172e-01	8.777321e-01
19298	2.812849e-01	4.040487e-01	2.170101e-02	2.712626e-02	1.420978e-01	1.409914e-01	9.326076e-01	9.950230e-01
26980	4.407856e-01	8.088554e-01	6.292069e-02	7.865086e-02	4.120037e-01	3.833123e-01	9.850143e-01	4.891948e-01
3851	3.015636e-01	9.360911e-01	4.275642e-02	5.344552e-02	2.799684e-01	1.822194e-01	1.389166e-01	5.901603e-02
27756	8.154912e-01	8.011227e-01	5.912044e-02	7.390055e-02	3.871197e-01	1.631305e-01	2.361168e-02	3.032128e-01
25839	1.202071e-01	1.142549e-01	6.420622e-02	8.025777e-02	4.204213e-01	3.134258e-01	7.999395e-01	3.615964e-01
28558	4.956106e-01	8.893534e-01	4.308582e-02	5.385728e-02	2.821253e-01	2.197127e-01	9.766410e-01	1.089377e-01
13580	1.954771e-01	4.162873e-01	2.954458e-02	3.693072e-02	1.934574e-01	1.819626e-01	7.262865e-01	2.347048e-01
23802	3.346547e-01	2.765959e-01	4.239107e-02	5.298884e-02	2.775761e-01	2.660217e-01	2.610184e-01	4.669005e-01
24230	6.660943e-01	1.909018e-01	4.911940e-02	6.139925e-02	3.216331e-01	2.624967e-01	7.548499e-01	1.842760e-01
29779	9.515751e-01	7.274241e-01	4.793998e-02	5.992498e-02	3.139103e-01	2.049561e-01	8.953521e-01	7.871947e-01
18498	8.821779e-02	4.993522e-01	3.805785e-02	4.757231e-02	2.492022e-01	1.717581e-01	5.260121e-01	2.503545e-01
7781	4.062024e-01	2.951847e-01	2.108499e-02	2.635623e-02	1.380642e-01	8.928830e-02	6.764678e-01	8.646595e-01
32410	4.480554e-01	1.572641e-01	3.739521e-02	4.674401e-02	2.448632e-01	2.437125e-01	4.270329e-01	7.362322e-01
26713	4.837134e-01	3.805803e-01	3.130168e-02	3.912710e-02	2.049629e-01	2.000360e-01	7.339805e-01	2.107588e-01
13011	9.202517e-02	6.709079e-01	2.299777e-02	2.874722e-02	1.505891e-01	3.961443e-02	9.333436e-02	5.562096e-01
23797	6.928079e-01	2.170509e-01	2.414793e-02	3.018491e-02	1.581203e-01	1.455888e-01	6.338570e-01	4.082159e-01
189	7.114663e-01	3.837015e-01	4.111386e-02	5.139233e-02	2.692129e-01	1.237543e-01	1.117303e-01	9.586550e-02
12027	7.718116e-01	3.617978e-01	2.739352e-02	3.424190e-02	1.793723e-01	1.487605e-01	4.766099e-01	1.336864e-01
22849	5.018249e-01	6.274429e-01	6.623455e-02	8.279319e-02	4.337028e-01	3.785482e-01	3.993764e-01	2.659128e-01
32232	1.574801e-01	6.455188e-01	2.470794e-02	3.088493e-02	1.617872e-01	1.432692e-01	3.521989e-01	4.645368e-01
1175	1.414555e-01	9.255696e-01	3.468623e-02	4.335778e-02	2.271249e-01	6.076710e-02	1.811664e-01	5.556990e-01
9568	6.769309e-01	5.913228e-01	4.269168e-02	5.336460e-02	2.795444e-01	2.764504e-01	4.241297e-02	4.348795e-01
5467	9.399389e-01	6.202084e-01	5.589255e-02	6.986569e-02	3.659836e-01	3.481859e-01	3.964605e-01	2.191047e-01
22869	1.573174e-01	5.011691e-01	4.562097e-02	5.702621e-02	2.987254e-01	7.927302e-02	1.880853e-01	3.578089e-01
29404	6.286901e-01	7.685326e-02	4.385936e-02	5.482420e-02	2.871904e-01	2.011426e-01	7.917778e-01	6.937989e-01
20996	2.755586e-01	3.289339e-01	3.367452e-02	4.209315e-02	2.205002e-01	2.183755e-01	6.655899e-01	7.737444e-01
1038	7.363353e-01	6.698832e-02	5.084999e-02	6.356249e-02	3.329649e-01	3.308835e-01	3.616728e-01	8.995201e-01
31050	7.259902e-01	6.351941e-01	3.049587e-02	3.811983e-02	1.996865e-01	1.882336e-01	5.100980e-01	7.323859e-01
419	3.065039e-01	5.849795e-01	2.896322e-02	3.620402e-02	1.896507e-01	1.896270e-01	7.573525e-01	8.349231e-01
13765	9.130852e-01	8.433418e-01	3.724838e-02	4.656047e-02	2.439018e-01	6.946953e-02	7.543167e-01	1.840702e-01
3800	3.757539e-01	4.241851e-01	5.529894e-02	6.912367e-02	3.620966e-01	1.541794e-01	1.091374e-01	7.799815e-01
10277	6.835882e-01	1.282787e-01	2.230489e-02	2.788111e-02	1.460520e-01	1.251367e-01	2.714261e-01	2.126199e-01
1112	6.324596e-02	2.416773e-01	2.901956e-02	3.627445e-02	1.900196e-01	6.074423e-02	5.703018e-01	8.419092e-01
12715	2.643013e-01	8.813731e-01	3.270890e-02	4.088613e-02	2.141774e-01	2.063698e-01	9.092405e-01	1.683072e-01
7228	3.378500e-01	8.531336e-01	2.552049e-02	3.190062e-02	1.671078e-01	1.525165e-01	9.675700e-01	5.645606e-01
28619	9.566502e-01	8.025106e-01	3.876315e-02	4.845394e-02	2.538205e-01	1.547962e-01	7.106685e-01	2.548495e-01
427	6.979481e-01	4.397689e-01	3.982369e-02	4.977961e-02	2.607649e-01	2.605178e-01	3.535942e-01	1.434861e-01
9031	2.824590e-01	7.248795e-02	3.133537e-02	3.916921e-02	2.051835e-01	5.340163e-02	8.854450e-01	4.547419e-01
17398	2.255836e-01	9.227454e-01	4.488855e-02	5.611069e-02	2.939295e-01	2.927720e-01	8.976184e-01	6.384708e-01
3933	8.866525e-01	3.545814e-01	4.034064e-02	5.042579e-02	2.641499e-01	1.623817e-01	5.008158e-01	1.102035e-01
16957	5.052162e-01	6.918462e-01	2.085068e-02	2.606335e-02	1.365299e-01	1.087597e-01	5.746486e-01	9.326904e-01
14778	4.852926e-01	4.687605e-01	3.600044e-02	4.500055e-02	2.357303e-01	2.356395e-01	3.799441e-01	4.390786e-01
17350	6.353635e-01	4.716490e-01	4.083482e-02	5.104353e-02	2.673858e-01	2.282064e-01	2.419507e-01	8.921299e-01
19147	8.757849e-01	5.661773e-02	5.194958e-02	6.493697e-02	3.401650e-01	1.970093e-01	4.276587e-01	1.051237e-02
15303	8.685628e-01	5.651657e-01	2.140227e-02	2.675284e-02	1.401418e-01	9.431132e-02	8.059301e-01	1.286736e-01
6119	6.487322e-01	3.891896e-01	2.235901e-02	2.794876e-02	1.464065e-01	1.429950e-01	7.292162e-01	2.303631e-01
31358	7.541878e-01	1.440513e-01	2.874152e-02	3.592690e-02	1.881990e-01	1.844951e-01	5.863049e-01	8.668602e-01
23441	8.005859e-01	5.753171e-01	2.239390e-02	2.799238e-02	1.466349e-01	1.458680e-01	3.255339e-01	7.987715e-01
26106	1.035338e-01	8.229839e-01	2.255232e-02	2.819040e-02	1.476723e-01	1.371448e-01	4.320026e-01	9.277997e-01
