28334	4.568907e-01	8.226391e-01	2.302709e-02	2.878386e-02	1.507810e-01	1.255307e-01	6.129301e-01	9.677424e-01
8221	7.546122e-01	8.370975e-01	2.747123e-02	3.433904e-02	1.798812e-01	1.134608e-01	6.580167e-01	8.488899e-01
25080	9.988430e-02	5.440980e-01	2.095946e-02	2.619932e-02	1.372422e-01	1.144815e-01	4.238317e-01	5.717942e-01
30386	9.322737e-01	3.266772e-01	4.182425e-02	5.228031e-02	2.738645e-01	2.415434e-01	4.694255e-03	8.098466e-01
16	6.265188e-01	8.208993e-01	3.407186e-02	4.258983e-02	2.231020e-01	1.404878e-01	4.234073e-01	4.889753e-01
17141	6.768160e-01	4.811660e-01	6.489857e-02	8.112322e-02	4.249549e-01	2.669702e-01	9.309949e-01	2.108849e-01
21596	2.075567e-01	3.027740e-01	2.551989e-02	3.189986e-02	1.671038e-01	1.156859e-01	9.654484e-01	8.461275e-01
28246	2.226277e-01	8.649825e-01	4.179736e-02	5.224669e-02	2.736884e-01	2.174740e-01	2.547455e-01	9.433106e-01
14323	7.710238e-01	4.310015e-02	3.650169e-02	4.562712e-02	2.390125e-01	1.145002e-01	1.250269e-01	8.485217e-01
8032	1.993397e-01	6.760344e-01	4.274235e-02	5.342793e-02	2.798762e-01	2.767983e-01	8.761547e-01	7.781475e-01
21795	1.545530e-01	2.592555e-01	4.318313e-02	5.397891e-02	2.827624e-01	2.352948e-01	2.462605e-01	7.587009e-01
12403	1.177897e-01	1.632670e-01	3.152264e-02	3.940330e-02	2.064098e-01	2.058554e-01	8.781639e-01	3.292185e-01
29024	1.884605e-01	2.230030e-01	2.773297e-02	3.466621e-02	1.815950e-01	1.756988e-01	8.007584e-01	8.872438e-01
30125	7.231284e-01	6.589199e-01	2.142561e-02	2.678201e-02	1.402945e-01	7.649551e-02	8.629044e-01	3.421233e-01
12708	1.717657e-01	4.916128e-01	2.932163e-02	3.665204e-02	1.919976e-01	1.919255e-01	4.883072e-01	4.787685e-01
17532	7.695414e-02	8.595901e-01	2.949730e-02	3.687163e-02	1.931479e-01	1.724195e-01	6.582174e-01	5.991641e-01
21423	8.279605e-01	1.473083e-01	5.569600e-02	6.962001e-02	3.646966e-01	1.928441e-01	3.408926e-01	4.216937e-01
30302	4.260960e-01	6.849801e-01	6.085318e-02	7.606647e-02	3.984656e-01	2.836203e-01	5.115479e-01	1.085648e-01
25731	8.922303e-01	7.384853e-01	3.345754e-02	4.182193e-02	2.190795e-01	1.800984e-01	2.052602e-01	7.263783e-01
11676	5.682234e-01	5.831305e-01	7.084648e-02	8.855810e-02	4.639017e-01	3.928283e-01	5.579734e-01	2.114204e-01
24584	6.625479e-01	7.497832e-01	2.631511e-02	3.289389e-02	1.723109e-01	1.662266e-01	7.262293e-01	7.436075e-01
17957	2.150919e-01	4.595306e-01	4.547400e-02	5.684250e-02	2.977630e-01	2.967546e-01	7.856502e-01	1.635627e-02
23042	7.763307e-01	4.837036e-01	7.381936e-02	9.227420e-02	4.833680e-01	4.489156e-01	5.965833e-01	5.842500e-01
31025	4.142847e-01	8.827016e-02	4.022612e-02	5.028265e-02	2.634000e-01	1.359074e-01	7.508031e-02	6.335625e-01
32633	1.260747e-01	7.827388e-01	2.167678e-02	2.709598e-02	1.419392e-01	9.195137e-02	4.358815e-01	4.817922e-01
10371	7.694486e-02	7.734149e-02	2.408451e-02	3.010563e-02	1.577050e-01	9.538881e-02	7.173409e-01	5.041706e-01
27586	4.460294e-01	2.022407e-01	4.617546e-02	5.771933e-02	3.023562e-01	2.637125e-01	1.812938e-01	3.324693e-01
32681	9.039069e-01	4.581847e-01	2.395028e-02	2.993785e-02	1.568261e-01	1.566437e-01	6.117372e-01	2.737389e-01
26572	7.232618e-01	3.686623e-01	3.853754e-02	4.817192e-02	2.523432e-01	2.202662e-01	6.042310e-01	9.697837e-01
7415	5.150909e-01	2.441547e-01	5.030473e-02	6.288091e-02	3.293946e-01	2.901744e-01	5.008771e-01	1.272921e-01
17248	5.012350e-01	8.823738e-01	2.756020e-02	3.445025e-02	1.804637e-01	6.205035e-02	7.111682e-01	2.856225e-01
8257	9.137386e-01	4.064629e-01	6.593296e-02	8.241620e-02	4.317280e-01	3.353507e-01	1.544937e-01	5.702104e-01
19353	3.529437e-01	5.714119e-01	2.460369e-02	3.075461e-02	1.611046e-01	1.303845e-01	7.321207e-01	2.349507e-01
29105	6.111306e-01	6.250811e-01	2.216136e-02	2.770170e-02	1.451122e-01	5.470260e-02	1.728767e-01	5.283328e-02
13898	2.042785e-01	7.375652e-01	2.729261e-02	3.411577e-02	1.787116e-01	5.636896e-02	7.271875e-02	3.568590e-01
6421	2.848689e-01	6.738454e-02	2.148601e-02	2.685752e-02	1.406901e-01	1.358164e-01	1.711854e-01	3.453857e-01
16021	8.236899e-01	9.003747e-01	2.082993e-02	2.603741e-02	1.363941e-01	1.342305e-01	6.267418e-01	4.008598e-01
19237	7.031263e-01	2.153004e-01	2.337760e-02	2.922201e-02	1.530762e-01	1.297991e-01	8.142664e-01	5.574871e-01
21676	4.394281e-01	3.339079e-02	2.875243e-02	3.594053e-02	1.882704e-01	1.871222e-01	6.474583e-01	3.475098e-01
5440	7.277305e-01	2.491839e-01	2.409384e-02	3.011730e-02	1.577661e-01	1.130843e-01	9.631047e-01	4.562140e-01
3298	1.002925e-01	2.688013e-01	2.278788e-02	2.848485e-02	1.492147e-01	7.515608e-02	4.144261e-01	2.221058e-02
30758	6.790074e-01	6.275115e-01	4.332701e-02	5.415877e-02	2.837046e-01	2.689143e-01	4.820778e-01	4.528152e-01
1854	9.192749e-02	3.348275e-01	4.343937e-02	5.429921e-02	2.844403e-01	7.468379e-02	6.312250e-01	2.165417e-01
24608	1.164105e-01	6.263064e-01	2.081993e-02	2.602492e-02	1.363286e-01	1.334863e-01	7.422302e-01	7.692891e-01
25462	1.155628e-01	3.525502e-01	3.749771e-02	4.687214e-02	2.455344e-01	2.330051e-01	5.737582e-02	1.920062e-01
11416	8.731205e-01	2.104885e-01	6.805841e-02	8.507301e-02	4.456454e-01	3.485982e-01	9.712681e-01	1.910928e-01
5101	7.249806e-01	9.639881e-01	3.478326e-02	4.347907e-02	2.277602e-01	2.193011e-01	2.697464e-01	7.354466e-01
31016	6.265644e-01	6.765085e-01	4.758054e-02	5.947568e-02	3.115566e-01	2.729523e-01	3.028537e-01	4.812230e-01
29655	9.201854e-01	7.531263e-02	2.058492e-02	2.573115e-02	1.347897e-01	1.310027e-01	8.221783e-01	4.127010e-01
25213	4.686842e-01	6.667709e-01	3.599520e-02	4.499400e-02	2.356960e-01	1.702051e-01	6.105413e-01	1.028558e-02
24565	1.975211e-01	1.688922e-01	5.260714e-02	6.575892e-02	3.444707e-01	2.055211e-01	5.795825e-02	3.989970e-01
23768	5.442265e-01	8.644241e-01	3.265321e-02	4.081651e-02	2.138127e-01	1.416244e-01	4.158551e-01	6.643664e-01
1699	4.973519e-01	3.469377e-01	2.135036e-02	2.668795e-02	1.398018e-01	1.021462e-01	1.166613e-01	3.710858e-01
7156	4.456894e-01	9.207974e-01	3.825316e-02	4.781645e-02	2.504811e-01	8.693502e-02	3.873714e-02	3.424368e-01
791	9.642563e-01	1.306624e-01	2.092030e-02	2.615037e-02	1.369858e-01	1.263663e-01	9.145917e-01	1.809010e-01
22772	3.732851e-01	7.766440e-01	4.823767e-02	6.029708e-02	3.158595e-01	1.745739e-01	8.936724e-01	8.278324e-01
22696	1.581194e-01	4.959508e-02	3.817855e-02	4.772318e-02	2.499925e-01	2.401521e-01	2.927811e-01	4.248821e-02
16328	6.371532e-01	3.268173e-01	3.930708e-02	4.913385e-02	2.573821e-01	2.548158e-01	6.731779e-01	6.930120e-01
2706	1.471246e-01	4.318908e-01	2.317070e-02	2.896338e-02	1.517214e-01	9.084503e-02	8.854890e-01	4.836346e-01
13869	8.470342e-01	7.022222e-01	6.426187e-02	8.032734e-02	4.207857e-01	1.735453e-01	5.784274e-01	6.701737e-01
12644	6.930137e-01	7.276507e-02	4.185512e-02	5.231891e-02	2.740667e-01	2.269342e-01	2.217590e-01	2.921751e-01
17853	3.508004e-01	2.808102e-01	2.525999e-02	3.157499e-02	1.654020e-01	1.598832e-01	7.162720e-01	2.324730e-01
15658	8.532309e-01	4.920019e-01	2.453550e-02	3.066937e-02	1.606580e-01	1.413454e-01	6.015947e-01	7.572369e-02
20778	5.984141e-01	8.927460e-01	4.812592e-02	6.015740e-02	3.151278e-01	2.465512e-01	6.903471e-01	1.953533e-01
8072	6.799214e-01	1.891230e-01	2.563692e-02	3.204615e-02	1.678702e-01	1.415563e-01	8.480537e-01	4.656135e-02
3029	3.819816e-01	8.299602e-01	3.068617e-02	3.835772e-02	2.009326e-01	1.250213e-01	9.569950e-01	5.878346e-01
719	8.447524e-02	2.407020e-01	2.053753e-02	2.567191e-02	1.344794e-01	1.019556e-01	9.363782e-02	5.914860e-01
393	5.218427e-01	2.872573e-01	2.343002e-02	2.928752e-02	1.534194e-01	4.435692e-02	9.608286e-01	9.831735e-01
22403	3.046802e-01	4.456624e-01	3.200026e-02	4.000033e-02	2.095372e-01	7.010388e-02	1.699876e-02	7.385098e-01
2316	3.186987e-01	6.728708e-01	2.747980e-02	3.434975e-02	1.799373e-01	9.083810e-02	2.632740e-01	1.167486e-01
2642	2.198894e-01	5.862733e-01	4.260320e-02	5.325400e-02	2.789651e-01	2.767549e-01	7.009476e-01	8.205492e-01
15037	6.138967e-01	7.411909e-01	3.361417e-02	4.201772e-02	2.201051e-01	1.813700e-01	5.318901e-01	3.614790e-01
31013	7.030564e-01	2.928529e-01	4.065059e-02	5.081323e-02	2.661794e-01	2.652600e-01	6.726912e-01	8.595764e-01
28140	3.588236e-01	7.177398e-01	3.472733e-02	4.340916e-02	2.273940e-01	1.482452e-01	7.383913e-01	4.615385e-01
22214	7.960907e-02	9.237826e-01	3.132641e-02	3.915802e-02	2.051249e-01	1.448168e-01	4.732661e-01	3.715892e-01
