13881	1.602262e-01	8.259865e-01	2.286595e-02	2.858243e-02	1.497259e-01	1.420206e-01	5.402155e-01	3.004932e-01
5232	2.455768e-01	3.607957e-01	2.341221e-02	2.926527e-02	1.533028e-01	1.499172e-01	7.083035e-01	9.665582e-01
4980	4.335123e-02	3.798628e-01	4.344171e-02	5.430214e-02	2.844556e-01	1.692233e-01	2.056969e-01	1.835449e-01
10399	4.740934e-01	3.495286e-01	4.263684e-02	5.329605e-02	2.791853e-01	2.256590e-01	4.269343e-01	6.337610e-01
16393	4.009353e-01	7.007956e-02	2.871283e-02	3.589103e-02	1.880111e-01	5.602560e-02	1.892526e-01	5.389797e-01
31336	3.802779e-01	3.362736e-01	2.673343e-02	3.341679e-02	1.750501e-01	1.199523e-01	6.904096e-01	3.551026e-02
10368	6.417431e-01	8.971241e-01	2.265383e-02	2.831728e-02	1.483369e-01	1.435010e-01	2.002979e-01	7.504522e-01
17822	7.672336e-01	5.611325e-01	5.030703e-02	6.288379e-02	3.294097e-01	1.888960e-01	5.420304e-01	7.148587e-01
5827	5.792209e-01	8.787158e-01	3.490220e-02	4.362775e-02	2.285391e-01	2.247914e-01	8.993433e-01	9.904486e-01
22821	6.531989e-01	5.060923e-01	4.267764e-02	5.334704e-02	2.794525e-01	2.639382e-01	8.751004e-01	2.023231e-01
27677	6.959219e-01	8.211286e-01	3.727050e-02	4.658813e-02	2.440467e-01	1.436460e-01	1.360354e-01	1.869815e-02
10994	7.382980e-01	8.754319e-01	3.079101e-02	3.848876e-02	2.016191e-01	1.950145e-01	1.924095e-01	9.025638e-01
957	9.360419e-01	4.113898e-01	3.099019e-02	3.873773e-02	2.029233e-01	1.756005e-01	1.431063e-01	7.509443e-01
3140	7.174964e-01	3.140079e-01	2.398726e-02	2.998408e-02	1.570682e-01	1.535502e-01	4.667163e-01	3.529524e-01
24554	5.525437e-01	1.318441e-01	3.094118e-02	3.867647e-02	2.026023e-01	1.883091e-01	2.274440e-01	6.867641e-01
22839	9.483684e-01	6.826441e-01	2.120963e-02	2.651203e-02	1.388803e-01	6.715228e-02	6.821973e-02	3.590670e-01
5879	8.829585e-01	4.108162e-01	7.555788e-02	9.444735e-02	4.947518e-01	3.594647e-01	6.883400e-01	8.338439e-01
11830	6.519154e-01	8.078154e-01	6.523820e-02	8.154775e-02	4.271787e-01	2.246180e-01	5.498841e-01	7.229367e-01
29754	1.114921e-01	3.590815e-01	3.201425e-02	4.001781e-02	2.096288e-01	2.021934e-01	9.297945e-01	3.891109e-01
13875	8.984677e-01	7.309347e-01	5.703511e-02	7.129388e-02	3.734650e-01	3.612219e-01	4.636862e-01	8.221546e-01
26789	5.440753e-01	2.916525e-01	4.266212e-02	5.332765e-02	2.793509e-01	2.642957e-01	1.253142e-01	7.952232e-01
30536	2.330960e-01	3.905511e-01	2.281344e-02	2.851680e-02	1.493821e-01	7.091216e-02	3.118197e-01	5.607369e-02
22323	6.313106e-01	3.816185e-01	5.082593e-02	6.353241e-02	3.328074e-01	1.623600e-01	8.346646e-01	8.587957e-01
4530	4.764020e-01	3.265126e-02	2.483320e-02	3.104150e-02	1.626074e-01	1.425221e-01	2.933127e-01	8.997099e-01
27632	3.101775e-01	4.218545e-01	2.801395e-02	3.501743e-02	1.834349e-01	1.649401e-01	9.126910e-01	6.455167e-01
29993	3.961510e-01	7.290353e-01	2.667231e-02	3.334038e-02	1.746499e-01	6.155094e-02	2.235323e-01	6.722483e-01
6174	5.288996e-01	8.002019e-01	2.910609e-02	3.638261e-02	1.905862e-01	1.892676e-01	3.119976e-01	3.239450e-01
11218	2.104112e-01	1.710440e-01	4.721243e-02	5.901554e-02	3.091463e-01	1.826603e-01	1.060312e-01	3.179014e-01
1741	1.395035e-01	5.663658e-01	4.770265e-02	5.962832e-02	3.123562e-01	2.900967e-01	8.879485e-01	9.451611e-01
10218	1.316053e-01	2.985251e-01	3.680943e-02	4.601179e-02	2.410276e-01	2.410000e-01	6.318530e-01	6.690152e-01
4062	1.985149e-01	4.895847e-02	3.648040e-02	4.560050e-02	2.388731e-01	2.384571e-01	1.623806e-01	7.153463e-01
12433	5.685014e-01	6.742664e-02	3.268591e-02	4.085738e-02	2.140268e-01	2.091154e-01	5.303760e-01	1.583580e-01
1002	7.854558e-01	9.102624e-01	4.038387e-02	5.047983e-02	2.644329e-01	2.228881e-01	2.578468e-01	8.154776e-01
5414	6.129539e-01	2.418985e-01	2.220951e-02	2.776189e-02	1.454275e-01	1.298050e-01	5.004875e-01	4.716620e-01
9518	9.445614e-01	8.156488e-01	2.543717e-02	3.179647e-02	1.665622e-01	1.075058e-01	1.725469e-02	2.039356e-01
7936	2.863489e-01	8.829322e-01	3.048684e-02	3.810855e-02	1.996273e-01	1.284989e-01	7.140454e-01	8.759096e-01
24936	5.534161e-01	2.196213e-01	2.184864e-02	2.731080e-02	1.430645e-01	3.782363e-02	1.017325e-02	9.184969e-01
23098	6.139275e-01	7.009198e-01	4.591676e-02	5.739595e-02	3.006622e-01	2.967762e-01	7.853573e-02	5.227823e-01
22111	2.202904e-01	7.803104e-01	2.424187e-02	3.030233e-02	1.587354e-01	8.916567e-02	9.132013e-01	9.541886e-01
14733	2.591523e-01	2.045601e-01	2.879570e-02	3.599463e-02	1.885538e-01	7.844225e-02	7.774073e-01	4.544819e-02
26582	4.181394e-01	6.962226e-01	2.614582e-02	3.268227e-02	1.712024e-01	1.711127e-01	7.121378e-01	5.891212e-01
4129	4.116469e-01	5.000290e-01	2.266355e-02	2.832944e-02	1.484006e-01	5.660941e-02	2.223916e-01	9.398336e-01
30002	4.463573e-01	9.538499e-01	2.342812e-02	2.928515e-02	1.534070e-01	1.499708e-01	7.604935e-01	1.352686e-02
10805	7.048481e-02	8.795469e-01	3.266260e-02	4.082825e-02	2.138742e-01	1.848133e-01	7.302316e-01	1.571978e-01
26516	9.148089e-01	5.603593e-01	3.320428e-02	4.150535e-02	2.174211e-01	1.009026e-01	4.238938e-01	2.113528e-01
4233	3.453651e-02	5.548027e-01	3.654288e-02	4.567860e-02	2.392822e-01	1.320923e-01	8.662256e-02	3.310339e-01
31719	5.967344e-01	5.786150e-01	3.531172e-02	4.413966e-02	2.312206e-01	2.279496e-01	3.569547e-02	6.554489e-01
16141	9.082825e-02	6.805664e-01	3.528318e-02	4.410397e-02	2.310337e-01	2.310329e-01	7.937692e-02	9.608283e-02
352	4.915696e-02	1.956720e-01	3.225971e-02	4.032464e-02	2.112361e-01	1.284494e-01	9.800570e-02	9.023742e-01
26495	3.029145e-01	3.690210e-01	3.353300e-02	4.191625e-02	2.195735e-01	2.192919e-01	8.794983e-02	3.366247e-01
19080	8.534834e-01	7.885477e-01	6.638608e-02	8.298260e-02	4.346950e-01	2.270051e-01	2.393616e-01	8.835509e-01
30804	3.219703e-01	2.224794e-01	3.326450e-02	4.158063e-02	2.178154e-01	1.727184e-01	7.243403e-01	3.397190e-01
11115	1.185009e-01	9.179748e-01	2.864273e-02	3.580341e-02	1.875521e-01	1.870159e-01	6.364063e-01	2.652849e-01
15609	8.699178e-01	5.772097e-01	2.919771e-02	3.649713e-02	1.911861e-01	1.867682e-01	1.067955e-01	1.715761e-01
18921	4.748963e-01	8.547758e-01	2.434615e-02	3.043269e-02	1.594182e-01	1.580340e-01	8.366103e-01	4.794591e-01
11692	9.621967e-01	7.794180e-01	3.533551e-02	4.416938e-02	2.313764e-01	2.242627e-01	9.382882e-01	6.568657e-01
6363	3.780393e-01	1.119573e-01	4.187915e-02	5.234894e-02	2.742240e-01	1.175632e-01	5.356794e-01	5.996940e-01
8749	7.065162e-01	5.055138e-01	2.619152e-02	3.273940e-02	1.715017e-01	1.188127e-01	8.461343e-01	5.789155e-01
8430	8.218494e-01	7.029808e-01	2.807573e-02	3.509466e-02	1.838394e-01	1.373232e-01	8.608103e-01	3.545250e-01
25305	1.349301e-01	4.384342e-01	4.578977e-02	5.723722e-02	2.998307e-01	1.004759e-01	7.308838e-01	5.988601e-01
27105	8.513715e-01	6.580725e-01	2.689804e-02	3.362255e-02	1.761279e-01	1.018156e-01	2.534972e-01	2.986959e-01
22941	9.283728e-01	9.151881e-02	2.921451e-02	3.651813e-02	1.912961e-01	1.476246e-01	6.794841e-01	7.891510e-02
14837	6.570722e-01	1.788001e-01	2.697050e-02	3.371313e-02	1.766024e-01	1.198091e-01	9.564023e-01	6.090316e-01
4762	7.860928e-01	1.117035e-01	2.165549e-02	2.706937e-02	1.417998e-01	1.286314e-01	9.427354e-01	2.444270e-01
30098	1.811642e-01	7.637198e-01	2.396073e-02	2.995091e-02	1.568945e-01	9.004487e-02	6.819707e-01	7.197416e-01
26805	4.417152e-02	9.405957e-01	3.740551e-02	4.675688e-02	2.449307e-01	2.233304e-01	5.596388e-01	4.763645e-01
20135	8.088134e-01	2.974580e-01	2.194387e-02	2.742984e-02	1.436881e-01	8.046170e-02	4.545207e-01	5.518254e-01
10564	1.235365e-01	8.337409e-01	3.649248e-02	4.561560e-02	2.389522e-01	2.212576e-01	7.077911e-01	9.797983e-01
17113	4.782863e-02	1.581859e-01	2.561806e-02	3.202258e-02	1.677467e-01	8.014227e-02	6.338622e-01	1.613173e-01
9277	5.384812e-01	8.785681e-01	3.177754e-02	3.972192e-02	2.080788e-01	2.011932e-01	3.202561e-01	3.082850e-01
15828	6.996768e-01	5.817284e-01	5.846179e-02	7.307723e-02	3.828069e-01	3.685817e-01	6.134760e-01	3.999201e-01
13941	8.180838e-01	4.371314e-02	2.576217e-02	3.220271e-02	1.686903e-01	8.549035e-02	9.824434e-01	3.193338e-01
32158	2.888378e-01	1.872285e-01	2.372894e-02	2.966117e-02	1.553767e-01	1.452813e-01	4.823963e-01	1.987347e-03
1823	2.249567e-01	8.540887e-01	4.829636e-02	6.037045e-02	3.162438e-01	2.978732e-01	1.563116e-01	7.686043e-01
28626	3.481875e-01	6.976215e-01	7.786679e-02	9.733349e-02	5.098705e-01	4.053544e-01	7.041782e-01	9.610920e-01
16935	5.832087e-01	3.609678e-01	4.634524e-02	5.793156e-02	3.034679e-01	2.552049e-01	8.955570e-01	9.164207e-01
