13855	2.157782e-01	2.164778e-01	2.704125e-02	3.380156e-02	1.770657e-01	1.592563e-01	4.869182e-01	2.464441e-01
8525	6.764389e-01	6.541781e-01	2.151292e-02	2.689115e-02	1.408663e-01	8.080936e-02	8.512455e-02	5.170963e-01
19313	3.353509e-01	6.218923e-01	3.570977e-02	4.463722e-02	2.338270e-01	2.232640e-01	8.435484e-01	7.965875e-01
29579	3.299878e-02	3.264619e-01	2.849364e-02	3.561705e-02	1.865759e-01	1.790694e-01	6.993763e-02	2.395666e-01
28452	7.425348e-01	9.069673e-01	2.864974e-02	3.581218e-02	1.875981e-01	1.870062e-01	4.636573e-01	7.560516e-02
17878	9.598012e-01	2.509811e-01	2.238014e-02	2.797517e-02	1.465448e-01	1.258054e-01	4.655758e-01	3.321319e-01
8567	4.067060e-01	6.011282e-01	4.853326e-02	6.066657e-02	3.177950e-01	1.565018e-01	4.433087e-02	1.768079e-01
7451	9.040675e-01	7.388490e-01	6.914359e-02	8.642949e-02	4.527511e-01	2.771460e-01	4.621715e-01	5.875699e-01
28136	6.317522e-01	1.164605e-01	3.333115e-02	4.166394e-02	2.182519e-01	1.724013e-01	9.878989e-01	6.399268e-01
26490	4.514202e-01	5.970316e-01	2.121283e-02	2.651604e-02	1.389013e-01	1.300249e-01	1.301280e-01	1.970552e-01
31448	5.534933e-01	2.218260e-01	4.711813e-02	5.889766e-02	3.085288e-01	9.763274e-02	5.965558e-01	3.189360e-01
5755	7.309348e-01	5.549314e-01	2.822680e-02	3.528350e-02	1.848286e-01	1.788422e-01	5.257375e-01	6.305464e-01
1555	2.423059e-01	7.169709e-02	2.295819e-02	2.869773e-02	1.503299e-01	8.695851e-02	5.708266e-01	3.002916e-01
11192	8.972888e-01	8.334368e-01	4.463038e-02	5.578798e-02	2.922390e-01	2.826451e-01	2.845340e-01	3.861693e-01
30703	5.101659e-01	6.994567e-01	5.804925e-02	7.256156e-02	3.801056e-01	3.345096e-01	9.619204e-01	3.769115e-01
21431	3.126834e-01	8.374134e-01	2.454417e-02	3.068021e-02	1.607148e-01	1.453020e-01	1.468006e-01	1.099464e-01
12981	3.434965e-01	1.657298e-01	4.649039e-02	5.811299e-02	3.044183e-01	1.002874e-01	3.331087e-01	6.328369e-01
26702	9.055386e-01	1.286856e-01	3.463970e-02	4.329962e-02	2.268202e-01	2.257090e-01	1.406382e-01	2.522511e-01
14791	1.796418e-01	2.652313e-01	2.124581e-02	2.655726e-02	1.391172e-01	7.276699e-02	6.248233e-01	3.976835e-01
3432	4.270986e-01	3.397603e-02	2.375406e-02	2.969257e-02	1.555412e-01	1.313448e-01	6.801871e-01	9.127270e-01
12483	2.536005e-01	4.034069e-01	2.991579e-02	3.739473e-02	1.958881e-01	1.048796e-01	6.256562e-01	6.607873e-01
10837	6.414849e-01	7.495759e-01	5.003971e-02	6.254964e-02	3.276592e-01	3.242057e-01	6.064742e-01	7.699648e-02
30036	6.946434e-01	8.445842e-01	2.592362e-02	3.240452e-02	1.697474e-01	1.686515e-01	1.493548e-01	4.938632e-01
30527	1.252077e-01	2.686981e-01	2.978690e-02	3.723363e-02	1.950442e-01	1.874295e-01	6.921475e-01	8.828038e-01
120	2.885662e-01	1.602682e-01	2.255318e-02	2.819148e-02	1.476779e-01	7.791768e-02	9.308289e-01	7.020228e-01
15957	8.356116e-01	2.162857e-01	4.912805e-02	6.141006e-02	3.216897e-01	2.163262e-01	5.312526e-01	7.743199e-01
28589	4.306317e-01	5.226119e-01	2.069944e-02	2.587430e-02	1.355396e-01	1.298027e-01	4.146940e-01	5.870045e-01
23558	4.733815e-01	4.251759e-01	4.193146e-02	5.241433e-02	2.745666e-01	1.892127e-01	1.356796e-01	5.057311e-01
2322	4.140183e-01	2.263202e-01	7.418513e-02	9.273141e-02	4.857631e-01	4.150856e-01	1.567078e-01	3.343178e-02
2439	5.210497e-01	9.001443e-01	3.951369e-02	4.939212e-02	2.587350e-01	1.932962e-01	2.347610e-01	7.698319e-01
25314	8.926923e-01	9.331313e-01	2.454574e-02	3.068217e-02	1.607251e-01	1.172484e-01	7.264171e-01	7.540130e-01
5313	2.984153e-01	5.264633e-01	4.193565e-02	5.241956e-02	2.745940e-01	1.963658e-01	1.474664e-01	7.874650e-01
12683	7.870527e-01	4.428229e-01	6.690173e-02	8.362717e-02	4.380715e-01	3.878977e-01	8.602194e-01	5.203041e-01
25964	3.674235e-01	9.729755e-01	2.302547e-02	2.878183e-02	1.507704e-01	1.253443e-01	4.045447e-01	5.053199e-01
30461	4.823031e-01	8.676713e-01	2.983205e-02	3.729006e-02	1.953398e-01	8.443293e-02	6.891668e-01	1.022910e-01
1955	2.964588e-01	4.767437e-01	5.516996e-02	6.896245e-02	3.612520e-01	1.804637e-01	1.598848e-01	9.666131e-01
17072	6.228218e-02	7.863597e-01	2.600638e-02	3.250798e-02	1.702894e-01	4.975178e-02	9.949399e-01	5.448698e-01
32054	4.642834e-01	3.358602e-01	4.700876e-02	5.876095e-02	3.078126e-01	1.920353e-01	4.151338e-01	1.094731e-01
17583	9.022663e-01	5.497782e-02	3.788105e-02	4.735131e-02	2.480445e-01	2.465225e-01	2.078986e-01	2.395994e-01
4661	1.138079e-01	8.877159e-01	3.652457e-02	4.565571e-02	2.391623e-01	2.369064e-01	2.154142e-01	1.100681e-01
16836	1.438271e-01	6.963115e-01	2.906366e-02	3.632957e-02	1.903084e-01	1.755000e-01	5.004106e-01	9.409684e-01
716	8.560407e-01	3.513484e-01	2.687130e-02	3.358912e-02	1.759528e-01	1.651160e-01	3.557511e-01	3.168907e-01
1409	7.313461e-01	3.713530e-01	2.259040e-02	2.823799e-02	1.479216e-01	1.475571e-01	6.502082e-01	9.600541e-01
22489	7.870174e-01	7.974220e-01	2.588242e-02	3.235302e-02	1.694777e-01	1.256421e-01	4.713060e-01	8.996764e-01
20263	1.970851e-01	9.717525e-02	2.347250e-02	2.934062e-02	1.536976e-01	1.327044e-01	1.854456e-01	1.146179e-01
20724	1.635564e-01	3.421927e-01	3.799053e-02	4.748816e-02	2.487614e-01	2.291303e-01	2.155782e-01	8.818444e-01
7509	3.546722e-01	3.199465e-01	3.353607e-02	4.192009e-02	2.195937e-01	2.129215e-01	5.993883e-01	4.235390e-02
30008	8.425030e-01	2.944489e-01	2.130746e-02	2.663432e-02	1.395209e-01	5.698694e-02	6.945936e-01	2.767987e-01
11063	1.449035e-01	8.359431e-01	3.612464e-02	4.515580e-02	2.365436e-01	6.274962e-02	3.241342e-01	1.609620e-01
13498	4.936262e-01	1.183386e-01	3.832059e-02	4.790073e-02	2.509226e-01	2.374686e-01	5.278578e-01	8.965365e-01
25048	2.890409e-01	2.536417e-01	2.566064e-02	3.207580e-02	1.680255e-01	9.169986e-02	3.740520e-01	2.021598e-01
3135	9.194546e-01	9.721237e-01	2.470911e-02	3.088639e-02	1.617949e-01	1.616605e-01	5.088062e-01	5.581482e-01
3338	5.713383e-02	4.617921e-01	2.448019e-02	3.060024e-02	1.602959e-01	1.214418e-01	9.294240e-01	9.866968e-01
9010	3.549530e-01	5.533387e-01	3.116429e-02	3.895537e-02	2.040633e-01	1.915072e-01	8.393969e-01	3.118951e-01
12524	1.977772e-01	8.075612e-01	2.113163e-02	2.641454e-02	1.383696e-01	1.156102e-01	3.936249e-01	5.848137e-01
15925	6.990922e-01	6.696003e-01	2.121106e-02	2.651382e-02	1.388897e-01	1.370801e-01	5.789475e-01	3.238235e-02
26764	7.661367e-01	2.336309e-01	2.278061e-02	2.847577e-02	1.491671e-01	1.453070e-01	5.840594e-01	1.467962e-01
27632	7.696728e-01	8.863659e-01	2.687963e-02	3.359954e-02	1.760074e-01	6.282700e-02	5.895574e-01	9.622678e-01
25917	6.700307e-01	2.901600e-01	2.557693e-02	3.197116e-02	1.674773e-01	1.599307e-01	8.658095e-01	4.876794e-01
25450	4.027437e-01	7.042285e-01	4.108824e-02	5.136030e-02	2.690452e-01	2.534758e-01	1.930895e-01	9.251517e-01
17686	7.363453e-01	1.471527e-01	5.388412e-02	6.735515e-02	3.528324e-01	2.706768e-01	8.782100e-01	5.677786e-01
14041	3.460694e-01	9.230820e-01	3.682407e-02	4.603008e-02	2.411234e-01	2.112347e-01	3.734293e-01	7.573767e-01
10089	7.639498e-01	8.925849e-02	4.497430e-02	5.621788e-02	2.944910e-01	1.440859e-01	1.894285e-01	6.516127e-01
17758	9.532061e-02	7.011717e-01	4.965352e-02	6.206689e-02	3.251305e-01	2.895219e-01	8.080204e-01	3.726430e-01
11174	6.841626e-01	4.553322e-01	2.794189e-02	3.492736e-02	1.829631e-01	1.501165e-01	2.023441e-01	9.030293e-01
18239	8.075577e-01	8.599424e-01	3.385121e-02	4.231401e-02	2.216572e-01	2.163159e-01	8.715486e-01	9.370937e-01
24880	5.343834e-02	9.390345e-02	2.976581e-02	3.720726e-02	1.949061e-01	1.579131e-01	4.954740e-01	7.533513e-01
27756	5.489873e-02	9.404631e-01	4.828626e-02	6.035783e-02	3.161777e-01	3.159043e-01	7.282534e-01	8.750935e-01
26758	5.977278e-01	5.315445e-02	2.202196e-02	2.752745e-02	1.441994e-01	1.098489e-01	1.393973e-01	7.976247e-01
14184	2.033560e-01	3.694037e-01	3.343033e-02	4.178792e-02	2.189013e-01	1.584273e-01	8.735893e-01	6.767528e-01
19289	7.938328e-01	1.969573e-01	2.467757e-02	3.084696e-02	1.615883e-01	1.285464e-01	5.025928e-01	4.916571e-01
29764	5.662467e-01	7.688495e-01	2.247122e-02	2.808902e-02	1.471412e-01	1.337237e-01	8.042995e-01	4.906395e-02
20815	1.123617e-01	8.250552e-01	3.168359e-02	3.960449e-02	2.074637e-01	1.634150e-01	7.025501e-01	4.843059e-01
12410	8.701990e-01	9.233528e-01	2.652099e-02	3.315124e-02	1.736591e-01	5.949192e-02	5.335173e-01	5.457952e-01
