8033	6.943101e-02	5.583184e-01	5.515806e-02	6.894758e-02	3.611741e-01	1.860458e-01	6.174683e-01	1.155226e-01
2643	1.076106e-01	2.235751e-01	2.128153e-02	2.660192e-02	1.393511e-01	1.023474e-01	9.288817e-01	8.765833e-01
11852	8.493349e-02	1.397338e-01	4.091060e-02	5.113825e-02	2.678820e-01	8.522998e-02	1.183609e-01	6.077656e-01
12988	6.866937e-01	1.357386e-01	2.514310e-02	3.142887e-02	1.646366e-01	7.805783e-02	9.008534e-01	1.947309e-01
20380	8.926842e-01	3.429790e-01	2.290760e-02	2.863449e-02	1.499986e-01	1.260560e-01	9.042694e-01	5.940178e-01
25651	5.401798e-01	8.438482e-01	4.307286e-02	5.384108e-02	2.820404e-01	2.454694e-01	9.669668e-01	7.190471e-01
8963	7.440180e-01	4.214474e-01	4.569038e-02	5.711298e-02	2.991799e-01	1.036429e-01	1.619734e-02	8.704528e-01
15700	8.249851e-02	3.063131e-01	3.464274e-02	4.330342e-02	2.268401e-01	2.164989e-01	3.734977e-01	4.874211e-01
22339	3.411719e-01	2.555523e-01	6.713782e-02	8.392228e-02	4.396174e-01	2.629273e-01	1.866701e-01	1.778541e-01
27553	5.770722e-01	4.486952e-01	2.794089e-02	3.492612e-02	1.829565e-01	5.994788e-02	8.265341e-01	5.924739e-01
493	9.273220e-01	8.594427e-01	6.958542e-02	8.698177e-02	4.556442e-01	4.318801e-01	3.726720e-01	9.913565e-01
9341	2.599393e-01	7.291624e-01	2.432393e-02	3.040491e-02	1.592727e-01	1.031761e-01	9.321956e-01	1.373548e-01
16234	7.510837e-01	5.158152e-02	2.419686e-02	3.024608e-02	1.584407e-01	4.620262e-02	7.614808e-01	5.266085e-01
8854	4.303506e-01	1.184194e-01	2.194900e-02	2.743625e-02	1.437217e-01	9.377415e-02	4.913423e-01	1.543442e-01
1491	3.079763e-01	4.982028e-01	2.914202e-02	3.642752e-02	1.908215e-01	1.298816e-01	7.410999e-01	5.075756e-01
10251	6.013837e-01	2.815009e-01	2.421686e-02	3.027107e-02	1.585716e-01	4.150929e-02	7.511126e-01	8.068912e-01
2661	5.893089e-01	1.325388e-01	4.448863e-02	5.561079e-02	2.913109e-01	2.626260e-01	2.680708e-01	3.165931e-01
29778	3.691602e-01	4.667575e-01	5.631157e-02	7.038946e-02	3.687273e-01	1.206258e-01	6.823046e-02	4.595246e-01
29222	1.247903e-01	5.823120e-01	7.551568e-02	9.439459e-02	4.944755e-01	1.284693e-01	4.983422e-01	4.839703e-01
22113	8.663851e-01	7.424732e-02	2.253334e-02	2.816668e-02	1.475480e-01	8.608191e-02	8.112956e-01	6.826252e-01
5123	8.953899e-01	2.289989e-01	6.491889e-02	8.114861e-02	4.250879e-01	4.062917e-01	1.432112e-01	3.145102e-01
3560	7.314675e-01	6.298198e-01	2.189958e-02	2.737448e-02	1.433981e-01	1.031876e-01	9.264576e-01	4.628285e-01
28085	4.075363e-01	7.129888e-01	5.754009e-02	7.192511e-02	3.767716e-01	3.104011e-01	1.045315e-01	5.962852e-01
658	1.399239e-01	9.136709e-02	4.604471e-02	5.755589e-02	3.015000e-01	2.999946e-01	9.847610e-01	2.836298e-01
26544	1.740227e-01	3.639130e-01	2.269622e-02	2.837027e-02	1.486145e-01	8.869700e-02	5.429555e-01	3.892379e-01
4501	4.763533e-01	5.505315e-01	6.734056e-02	8.417570e-02	4.409449e-01	4.295258e-01	7.423733e-01	1.770195e-02
27107	2.969298e-01	6.485703e-01	5.677884e-02	7.097355e-02	3.717870e-01	1.207548e-01	4.761986e-01	7.090376e-01
14203	9.382226e-01	9.866689e-02	4.665047e-02	5.831309e-02	3.054666e-01	3.049691e-01	7.399368e-01	2.307469e-01
28643	6.918873e-01	4.373952e-01	2.119657e-02	2.649571e-02	1.387948e-01	9.353257e-02	5.747037e-01	8.283865e-01
2792	5.921593e-01	9.262660e-01	2.964269e-02	3.705336e-02	1.940999e-01	1.931005e-01	8.591358e-01	4.141245e-01
31369	7.153044e-01	9.575488e-01	2.577168e-02	3.221460e-02	1.687525e-01	1.631569e-01	9.740672e-01	5.942566e-01
16613	2.070052e-01	8.296689e-01	6.668321e-02	8.335401e-02	4.366406e-01	2.396769e-01	6.708181e-01	3.746744e-02
19480	6.500161e-02	9.329829e-01	3.081891e-02	3.852364e-02	2.018017e-01	1.302921e-01	3.209835e-01	7.795811e-02
21558	8.824387e-01	5.315382e-01	2.300406e-02	2.875508e-02	1.506302e-01	9.437146e-02	6.620150e-01	6.452645e-01
29218	2.271283e-01	6.979640e-01	6.679838e-02	8.349797e-02	4.373948e-01	3.515603e-01	7.292695e-01	1.613317e-01
2094	3.823839e-01	6.203756e-01	2.435242e-02	3.044053e-02	1.594593e-01	7.126607e-02	2.165205e-01	9.466242e-01
16139	2.369860e-01	1.577134e-01	2.502925e-02	3.128657e-02	1.638912e-01	1.057968e-01	6.260047e-01	3.012635e-01
13115	5.570846e-01	3.898988e-01	2.112822e-02	2.641028e-02	1.383473e-01	1.123987e-01	4.217002e-01	6.007977e-02
11813	1.302218e-01	7.594990e-01	3.812720e-02	4.765900e-02	2.496563e-01	2.438668e-01	1.804271e-01	2.338023e-01
2651	3.838820e-01	3.558633e-01	3.298865e-02	4.123581e-02	2.160092e-01	1.281975e-01	1.388084e-01	4.069379e-01
19417	8.721382e-01	4.314420e-01	4.784687e-02	5.980859e-02	3.133006e-01	1.344605e-01	2.786678e-01	4.979860e-01
13571	7.251212e-01	2.813341e-01	2.197172e-02	2.746465e-02	1.438705e-01	1.125783e-01	5.076103e-01	4.768827e-01
10099	2.025328e-01	3.810111e-01	2.918028e-02	3.647535e-02	1.910720e-01	1.906224e-01	6.990129e-01	9.383287e-01
31280	2.106354e-01	6.042402e-01	4.019225e-02	5.024032e-02	2.631783e-01	2.631061e-01	2.082109e-01	1.930435e-01
5568	2.384116e-01	2.837934e-01	3.175544e-02	3.969430e-02	2.079341e-01	2.067140e-01	7.018062e-01	5.487282e-01
8213	4.494875e-01	7.661007e-01	2.548466e-02	3.185582e-02	1.668731e-01	1.448362e-01	6.699468e-01	2.151349e-01
5123	9.282483e-01	5.385393e-01	2.120074e-02	2.650093e-02	1.388221e-01	1.152794e-01	5.322070e-01	1.497107e-01
20297	1.176353e-01	3.565152e-01	2.350181e-02	2.937726e-02	1.538895e-01	8.348981e-02	3.015539e-01	6.660176e-01
18475	5.479829e-01	5.659833e-01	3.393148e-02	4.241435e-02	2.221828e-01	1.079365e-01	3.448134e-01	5.448117e-01
6328	8.293043e-01	5.565307e-01	2.207727e-02	2.759659e-02	1.445616e-01	1.283036e-01	8.128641e-01	2.565308e-02
9834	8.672931e-01	9.677652e-01	2.805694e-02	3.507118e-02	1.837164e-01	1.734925e-01	5.906963e-01	4.694768e-01
20962	9.273818e-02	7.004328e-01	4.410339e-02	5.512924e-02	2.887883e-01	2.599417e-01	7.099002e-02	7.516347e-01
29404	4.729315e-01	3.560944e-01	2.875275e-02	3.594093e-02	1.882725e-01	8.290159e-02	5.878445e-02	8.070961e-01
10859	4.133471e-01	9.281771e-01	2.080381e-02	2.600477e-02	1.362231e-01	1.333392e-01	3.622527e-01	9.295737e-01
28100	3.505979e-01	1.720860e-01	4.062279e-02	5.077848e-02	2.659974e-01	2.437580e-01	4.849137e-02	2.191230e-01
219	2.171625e-01	5.073279e-01	3.486443e-02	4.358054e-02	2.282918e-01	1.187131e-01	7.359392e-01	9.869113e-01
18301	3.607414e-01	6.222416e-01	2.620114e-02	3.275142e-02	1.715646e-01	1.102935e-01	2.861582e-01	1.785341e-01
8798	8.437103e-01	7.173489e-01	5.157321e-02	6.446652e-02	3.377006e-01	3.366009e-01	5.649290e-01	8.371187e-01
15621	1.403459e-01	8.772375e-01	2.941715e-02	3.677144e-02	1.926230e-01	6.907751e-02	4.006445e-01	3.086333e-01
28950	4.688803e-01	8.965347e-02	3.176072e-02	3.970090e-02	2.079687e-01	1.660644e-01	6.491948e-02	6.226253e-01
23506	6.758706e-01	7.690047e-01	4.796741e-02	5.995926e-02	3.140899e-01	2.343687e-01	3.731963e-01	6.288777e-01
12133	2.750861e-01	4.315229e-01	2.711368e-02	3.389211e-02	1.775400e-01	1.706703e-01	2.483530e-01	5.321480e-01
4795	6.081030e-01	6.398039e-01	2.470486e-02	3.088107e-02	1.617670e-01	1.355165e-01	2.261710e-01	6.995373e-02
12492	7.470419e-01	2.197392e-01	2.237998e-02	2.797497e-02	1.465437e-01	8.818379e-02	3.963833e-01	4.694036e-01
24220	5.344560e-01	3.549500e-01	2.412404e-02	3.015505e-02	1.579639e-01	1.318717e-01	5.332382e-01	5.612845e-01
9812	1.845384e-01	4.597957e-01	2.528592e-02	3.160741e-02	1.655718e-01	1.506536e-01	7.654280e-01	8.872561e-01
1098	6.193160e-01	3.015466e-01	2.430220e-02	3.037775e-02	1.591304e-01	1.585770e-01	5.139078e-01	9.270592e-02
5619	3.716828e-01	7.844323e-01	5.928745e-02	7.410931e-02	3.882133e-01	1.836544e-01	1.821960e-01	4.732152e-01
17324	4.192509e-01	4.495563e-01	2.330891e-02	2.913614e-02	1.526264e-01	1.337915e-01	8.424074e-01	6.510798e-01
22966	7.734452e-01	3.882060e-01	2.253209e-02	2.816511e-02	1.475398e-01	1.379844e-01	4.124650e-01	4.791672e-01
25261	8.397333e-01	2.715864e-01	3.039284e-02	3.799105e-02	1.990118e-01	1.197687e-01	5.707431e-01	6.829086e-01
