8843	2.006196e-01	2.336975e-01	3.828122e-02	4.785153e-02	2.506649e-01	1.417382e-01	9.748440e-01	2.521413e-01
20747	7.959754e-02	9.461186e-01	3.904375e-02	4.880469e-02	2.556579e-01	1.898143e-01	1.404227e-01	6.040332e-01
6639	3.894414e-01	4.717657e-02	2.119187e-02	2.648983e-02	1.387640e-01	5.932690e-02	2.879264e-02	5.480374e-02
22076	6.112633e-01	6.355346e-01	5.246310e-02	6.557887e-02	3.435275e-01	2.657987e-01	7.291159e-01	1.010652e-02
1827	3.181421e-01	9.322978e-02	3.683831e-02	4.604789e-02	2.412167e-01	1.271193e-01	5.151227e-01	3.793566e-01
9376	5.526797e-01	8.698854e-01	2.262872e-02	2.828590e-02	1.481725e-01	1.476533e-01	8.887633e-01	8.733765e-01
7401	1.909730e-01	5.765594e-01	7.454489e-02	9.318111e-02	4.881188e-01	3.134946e-01	4.495568e-01	5.763674e-01
18891	1.353708e-01	2.338121e-01	5.519622e-02	6.899528e-02	3.614240e-01	1.490537e-01	1.872718e-01	4.748123e-02
30145	3.453971e-01	9.178702e-01	2.667894e-02	3.334868e-02	1.746933e-01	1.728881e-01	9.237797e-01	9.024038e-01
13357	1.123469e-01	9.073711e-01	2.648778e-02	3.310972e-02	1.734415e-01	1.155297e-01	1.191716e-01	3.650308e-01
24241	7.135116e-01	3.539032e-02	2.130507e-02	2.663134e-02	1.395053e-01	7.078674e-02	1.207257e-01	5.265856e-01
11787	1.094142e-01	5.640931e-01	3.061507e-02	3.826884e-02	2.004670e-01	5.935835e-02	4.017926e-01	4.397105e-01
19378	2.868504e-01	6.334901e-01	2.832607e-02	3.540759e-02	1.854787e-01	1.269606e-01	2.829482e-01	1.025960e-01
9830	5.381387e-01	5.130785e-01	3.893311e-02	4.866639e-02	2.549334e-01	1.965779e-01	5.388364e-01	6.426148e-01
16670	8.765738e-01	8.471683e-01	3.478557e-02	4.348196e-02	2.277754e-01	1.872567e-01	4.819740e-02	5.797235e-01
23998	2.020128e-01	3.513498e-01	4.943732e-02	6.179665e-02	3.237148e-01	2.735802e-01	6.437778e-02	9.800725e-01
28478	5.348508e-01	4.430954e-01	4.722263e-02	5.902828e-02	3.092130e-01	2.137601e-01	7.694468e-01	3.778104e-01
22608	2.604757e-01	2.464179e-01	3.809583e-02	4.761979e-02	2.494509e-01	1.755707e-01	3.022176e-01	3.469409e-01
9110	6.091331e-02	5.280356e-01	2.726587e-02	3.408234e-02	1.785365e-01	1.536815e-01	9.137170e-01	9.245766e-01
29785	7.771169e-01	8.562211e-01	4.178837e-02	5.223546e-02	2.736296e-01	2.119009e-01	4.575718e-01	3.258565e-01
2706	8.971398e-01	2.203275e-01	3.664600e-02	4.580750e-02	2.399574e-01	1.713292e-01	2.701542e-01	5.647401e-01
1293	4.026660e-01	6.412056e-01	7.688245e-02	9.610307e-02	5.034251e-01	3.649704e-01	2.299034e-01	8.589500e-02
2777	6.046060e-01	3.927572e-01	3.149608e-02	3.937010e-02	2.062358e-01	1.393059e-01	2.777214e-02	8.953451e-01
17160	1.194424e-01	4.846768e-01	5.317049e-02	6.646311e-02	3.481595e-01	2.753029e-01	6.037120e-01	6.457563e-01
3886	7.687804e-01	2.284582e-01	2.145965e-02	2.682456e-02	1.405175e-01	1.162498e-01	4.237876e-01	6.257384e-02
12575	7.677056e-01	1.041647e-01	4.952046e-02	6.190058e-02	3.242592e-01	3.185936e-01	1.995360e-01	7.198357e-01
9506	5.844468e-01	3.136917e-01	5.331406e-02	6.664258e-02	3.490996e-01	2.053080e-01	6.254348e-02	6.650049e-01
18137	2.427401e-01	5.251820e-01	2.987268e-02	3.734086e-02	1.956059e-01	1.583413e-01	4.772862e-01	9.144375e-01
23359	6.815761e-01	8.115353e-01	2.202628e-02	2.753285e-02	1.442277e-01	9.581265e-02	2.011954e-01	8.442646e-01
10224	6.923212e-01	2.956983e-02	2.115005e-02	2.643757e-02	1.384902e-01	5.584214e-02	8.863508e-01	1.348283e-01
13009	6.881305e-01	5.504705e-02	2.146767e-02	2.683459e-02	1.405700e-01	9.414796e-02	2.255224e-01	7.958656e-01
8319	6.329533e-01	9.473501e-01	2.545332e-02	3.181664e-02	1.666679e-01	7.202610e-02	9.136421e-01	3.761168e-01
29600	8.516381e-01	9.132472e-01	2.322987e-02	2.903734e-02	1.521088e-01	5.539123e-02	8.471655e-01	7.443037e-01
31768	6.295824e-01	7.601186e-01	3.705020e-02	4.631275e-02	2.426041e-01	1.027185e-01	6.438050e-02	6.724098e-01
13917	8.253233e-02	9.089803e-02	3.519971e-02	4.399964e-02	2.304871e-01	1.959085e-01	3.369396e-01	8.773772e-01
13095	3.009631e-01	2.666486e-01	2.358748e-02	2.948435e-02	1.544505e-01	1.098172e-01	5.502330e-01	1.129082e-01
12955	4.581591e-01	6.756081e-02	5.942208e-02	7.427760e-02	3.890949e-01	3.282733e-01	2.753111e-01	9.863508e-01
1067	5.642033e-01	8.188662e-01	4.848094e-02	6.060118e-02	3.174524e-01	1.588823e-01	7.183514e-01	1.203627e-01
805	6.503174e-01	2.794688e-02	2.264783e-02	2.830979e-02	1.482976e-01	5.422949e-02	3.148352e-01	4.713763e-01
16986	5.868300e-01	4.901201e-01	5.500931e-02	6.876164e-02	3.602001e-01	3.457765e-01	4.799213e-02	8.716075e-01
16568	6.799413e-01	5.072867e-01	2.524630e-02	3.155788e-02	1.653124e-01	1.634038e-01	4.174450e-01	5.486577e-01
20244	9.668402e-01	5.444285e-01	3.162309e-02	3.952886e-02	2.070675e-01	1.635868e-01	4.781215e-01	8.787049e-01
21365	8.519618e-02	3.602092e-01	5.845775e-02	7.307218e-02	3.827804e-01	3.559317e-01	8.320819e-01	2.738252e-02
29943	7.959924e-01	1.853868e-01	2.085815e-02	2.607269e-02	1.365788e-01	1.181000e-01	7.020534e-01	5.967040e-01
9966	1.246287e-01	8.451652e-01	2.798543e-02	3.498178e-02	1.832481e-01	1.218147e-01	7.647026e-01	4.353165e-02
29035	3.097468e-02	2.548153e-01	2.061356e-02	2.576695e-02	1.349773e-01	1.286042e-01	1.666808e-01	9.986113e-01
7234	6.026922e-01	1.308154e-01	2.819588e-02	3.524485e-02	1.846262e-01	1.433570e-01	7.013126e-01	9.379124e-01
12601	1.253767e-01	9.224658e-02	3.608091e-02	4.510114e-02	2.362572e-01	1.215055e-01	5.279666e-01	4.965936e-01
31844	8.752354e-01	5.052255e-01	6.407410e-02	8.009262e-02	4.195562e-01	3.348409e-01	5.690021e-02	7.517972e-01
24954	7.308704e-01	8.090876e-01	4.748786e-02	5.935982e-02	3.109498e-01	2.282176e-01	9.955471e-01	7.582110e-01
1640	4.532909e-01	3.399748e-01	2.953467e-02	3.691833e-02	1.933925e-01	1.567648e-01	3.387427e-01	8.696049e-01
26560	2.372866e-01	4.006653e-01	2.333705e-02	2.917131e-02	1.528106e-01	1.041208e-01	7.920835e-01	8.484528e-01
30253	2.898059e-01	8.327079e-01	3.082269e-02	3.852837e-02	2.018265e-01	1.083511e-01	1.102741e-01	1.937249e-01
26003	4.715568e-01	7.991958e-01	4.102296e-02	5.127870e-02	2.686177e-01	2.685856e-01	6.801600e-01	4.305660e-01
21754	3.857340e-01	8.243389e-01	5.222521e-02	6.528151e-02	3.419698e-01	3.348913e-01	1.136079e-01	2.631670e-01
7406	7.118679e-01	2.734994e-01	6.029384e-02	7.536730e-02	3.948031e-01	3.938729e-01	5.259963e-02	9.972418e-01
9498	8.165041e-01	4.889861e-02	2.864973e-02	3.581216e-02	1.875980e-01	1.707963e-01	5.983591e-01	2.926498e-01
27827	4.371001e-02	8.111187e-01	2.483044e-02	3.103805e-02	1.625893e-01	1.358337e-01	1.272415e-01	3.804294e-01
19046	2.817433e-01	7.942814e-01	2.154717e-02	2.693397e-02	1.410905e-01	1.147920e-01	2.649744e-02	7.086841e-01
23559	5.058931e-02	4.885320e-01	2.530860e-02	3.163575e-02	1.657203e-01	8.954873e-02	8.217507e-01	7.447366e-01
24329	8.438440e-01	1.031885e-01	2.574705e-02	3.218382e-02	1.685913e-01	1.308225e-01	4.910040e-01	5.774166e-01
26030	5.606918e-01	3.437509e-01	2.155823e-02	2.694778e-02	1.411629e-01	9.909576e-02	9.812149e-01	2.852510e-01
8826	4.084912e-01	5.576885e-01	3.407773e-02	4.259716e-02	2.231404e-01	2.224513e-01	7.133992e-01	1.444255e-01
8261	1.327856e-01	1.631377e-01	3.191374e-02	3.989218e-02	2.089707e-01	9.501810e-02	2.282143e-01	6.945689e-01
10359	8.383618e-01	8.475572e-01	2.089806e-02	2.612258e-02	1.368402e-01	4.008765e-02	2.755149e-01	3.616832e-01
4721	2.472258e-01	1.862476e-01	2.294300e-02	2.867875e-02	1.502304e-01	1.313364e-01	8.995493e-01	5.970058e-01
9450	4.913606e-01	8.835847e-01	5.049971e-02	6.312463e-02	3.306713e-01	1.639159e-01	7.588701e-01	3.360863e-01
26747	4.978843e-01	6.277529e-01	3.570386e-02	4.462983e-02	2.337883e-01	1.748909e-01	2.843726e-01	7.941831e-01
7838	9.396065e-02	6.799220e-01	2.087466e-02	2.609332e-02	1.366869e-01	1.320848e-01	8.577384e-01	8.346579e-01
21810	8.905450e-01	7.197594e-01	5.301185e-02	6.626481e-02	3.471208e-01	1.071009e-01	9.350617e-01	8.937231e-01
7839	1.294285e-01	6.034316e-01	3.701987e-02	4.627484e-02	2.424055e-01	2.305001e-01	4.524377e-01	8.856586e-01
25799	6.353122e-01	1.827355e-01	2.071386e-02	2.589232e-02	1.356340e-01	4.719171e-02	2.087276e-01	5.387246e-01
30840	3.424292e-01	8.452552e-01	2.928709e-02	3.660886e-02	1.917714e-01	1.100406e-01	4.609480e-01	6.045346e-01
12400	4.505463e-01	1.686935e-01	5.070827e-02	6.338533e-02	3.320369e-01	2.306761e-01	7.705282e-01	8.370128e-01
17783	2.358118e-01	3.621648e-01	2.732224e-02	3.415280e-02	1.789056e-01	1.269006e-01	5.631745e-01	5.261738e-01
25432	1.720712e-01	8.285378e-01	3.713826e-02	4.642283e-02	2.431808e-01	2.206538e-01	5.752395e-01	8.641367e-01
30761	8.089771e-01	5.904155e-01	4.861397e-02	6.076746e-02	3.183235e-01	2.755568e-01	9.512096e-02	9.339942e-02
30503	1.348776e-01	7.838175e-01	2.217174e-02	2.771467e-02	1.451802e-01	1.343369e-01	1.911328e-01	7.919587e-01
