27889	4.375174e-01	2.041753e-01	6.413881e-02	8.017351e-02	4.199799e-01	3.384245e-01	1.968296e-01	7.891417e-01
9607	8.521314e-01	7.549310e-01	3.617011e-02	4.521264e-02	2.368413e-01	2.116462e-01	2.279045e-01	8.094558e-02
27022	4.996141e-01	1.021716e-01	5.421710e-02	6.777138e-02	3.550127e-01	3.496538e-01	9.796699e-01	3.932851e-01
30312	5.262694e-01	3.601801e-01	2.892201e-02	3.615251e-02	1.893809e-01	1.874744e-01	9.197578e-01	6.651795e-01
490	6.276136e-01	8.424670e-01	3.034463e-02	3.793079e-02	1.986962e-01	8.207132e-02	7.823914e-01	6.487931e-01
9258	4.651136e-02	5.484271e-02	3.838158e-02	4.797697e-02	2.513220e-01	2.005037e-01	5.500684e-01	3.807061e-01
13316	4.095816e-01	2.506552e-01	3.249375e-02	4.061718e-02	2.127686e-01	6.312015e-02	5.649656e-01	1.810996e-01
22884	3.540389e-02	3.124706e-01	2.385209e-02	2.981511e-02	1.561831e-01	1.501487e-01	5.705014e-01	8.016827e-01
11269	9.595463e-01	1.175551e-01	2.089591e-02	2.611989e-02	1.368261e-01	5.389707e-02	7.217055e-02	2.687094e-01
24032	6.188992e-01	7.361869e-01	4.632768e-02	5.790959e-02	3.033529e-01	2.844521e-01	9.865402e-01	5.461191e-01
5476	8.218559e-01	4.763187e-01	2.208472e-02	2.760590e-02	1.446104e-01	8.002840e-02	1.995071e-01	1.150260e-01
6105	2.977678e-01	3.465170e-01	2.415664e-02	3.019579e-02	1.581773e-01	1.448514e-01	4.144585e-02	7.999037e-01
15890	3.442722e-01	8.207432e-01	3.346104e-02	4.182630e-02	2.191024e-01	2.102503e-01	9.599906e-01	1.892195e-01
19134	1.679608e-01	5.382212e-01	3.609957e-02	4.512446e-02	2.363794e-01	8.754682e-02	6.152169e-01	7.467782e-01
9183	6.896773e-01	8.225004e-01	2.296457e-02	2.870572e-02	1.503717e-01	1.451127e-01	2.390322e-01	7.363985e-01
23523	1.622533e-01	5.911446e-01	2.135618e-02	2.669522e-02	1.398399e-01	1.213922e-01	9.697881e-01	6.507455e-01
15995	6.237305e-01	7.964269e-01	2.182166e-02	2.727707e-02	1.428879e-01	1.094622e-01	4.519725e-01	6.038380e-01
11281	8.686828e-01	2.103524e-01	2.077507e-02	2.596884e-02	1.360349e-01	1.159222e-01	5.595961e-01	1.891329e-01
8444	2.180970e-01	5.894103e-01	2.786074e-02	3.482592e-02	1.824317e-01	1.741623e-01	6.566431e-01	2.439512e-02
16002	4.973247e-01	2.140747e-01	3.302125e-02	4.127656e-02	2.162226e-01	2.119809e-01	6.195703e-01	6.317373e-02
24765	2.202595e-01	4.020829e-01	3.114463e-02	3.893078e-02	2.039345e-01	5.381001e-02	7.825183e-01	2.306544e-01
21714	4.120040e-01	6.508798e-02	2.377155e-02	2.971444e-02	1.556558e-01	1.072751e-01	7.418206e-02	5.907133e-01
16606	3.580831e-01	3.312101e-01	6.573621e-02	8.217026e-02	4.304397e-01	3.133117e-01	2.758314e-01	8.295582e-01
32381	3.352177e-01	4.354912e-01	2.645516e-02	3.306894e-02	1.732279e-01	1.609441e-01	4.331670e-01	5.133319e-01
17650	7.297703e-01	4.420805e-01	7.039941e-02	8.799926e-02	4.609742e-01	2.455487e-01	8.018572e-01	1.206887e-01
23175	8.668616e-01	4.393212e-01	2.630172e-02	3.287715e-02	1.722233e-01	1.655134e-01	5.661367e-01	6.925592e-01
29657	7.579871e-01	7.375023e-01	4.906749e-02	6.133437e-02	3.212932e-01	2.115119e-01	6.145987e-01	8.849796e-01
2315	2.048112e-01	6.290142e-01	3.609118e-02	4.511398e-02	2.363245e-01	9.825073e-02	7.370548e-01	9.257867e-01
22746	8.916384e-01	8.321572e-01	2.235318e-02	2.794148e-02	1.463683e-01	6.118028e-02	3.266668e-01	6.070149e-01
11930	1.717083e-01	6.232133e-01	2.629491e-02	3.286864e-02	1.721787e-01	1.479054e-01	9.939008e-01	9.234199e-01
30440	1.067365e-01	2.279813e-01	3.217458e-02	4.021823e-02	2.106787e-01	2.106602e-01	2.567920e-01	3.865569e-01
15163	9.200662e-01	6.813035e-01	2.468341e-02	3.085426e-02	1.616266e-01	1.554714e-01	6.150377e-01	9.718977e-02
29540	6.944290e-01	2.445627e-01	2.078833e-02	2.598541e-02	1.361217e-01	1.360694e-01	1.565831e-02	4.297970e-01
2167	2.818123e-02	3.958156e-01	2.402136e-02	3.002670e-02	1.572915e-01	1.529527e-01	4.181931e-02	5.806833e-01
22801	9.346823e-02	5.861116e-01	3.283531e-02	4.104414e-02	2.150051e-01	1.300504e-01	4.196707e-01	8.654716e-01
25589	1.012122e-01	8.526037e-01	6.420248e-02	8.025310e-02	4.203969e-01	3.834594e-01	8.348169e-01	6.212893e-01
13000	1.901726e-01	1.903881e-01	4.333282e-02	5.416602e-02	2.837426e-01	2.821993e-01	8.311599e-01	1.818704e-01
24191	5.318788e-01	4.331396e-01	3.124954e-02	3.906193e-02	2.046215e-01	1.489533e-01	5.487657e-01	1.982266e-01
13257	6.045707e-01	8.730594e-01	2.095981e-02	2.619977e-02	1.372445e-01	1.358105e-01	3.034746e-01	3.561412e-01
1064	8.646884e-01	8.365758e-01	3.526103e-02	4.407629e-02	2.308887e-01	8.761491e-02	8.608747e-01	9.271354e-01
6578	7.494230e-01	2.798203e-01	4.875150e-02	6.093937e-02	3.192240e-01	3.191938e-01	3.077697e-01	4.472807e-01
26820	3.251186e-01	8.151426e-02	2.627974e-02	3.284968e-02	1.720794e-01	1.420522e-01	6.931548e-01	1.103017e-01
24222	4.532932e-01	9.270801e-01	3.586952e-02	4.483690e-02	2.348731e-01	2.342268e-01	9.715541e-01	2.292509e-01
5372	6.673743e-01	8.715626e-01	2.968742e-02	3.710928e-02	1.943928e-01	1.894981e-01	8.002894e-01	3.115439e-01
5019	1.049246e-01	4.627408e-01	2.756149e-02	3.445186e-02	1.804722e-01	1.724207e-01	6.328483e-01	7.572722e-01
14942	7.175065e-01	7.354257e-01	2.726399e-02	3.407998e-02	1.785242e-01	6.167497e-02	1.849765e-01	1.661937e-01
13148	2.004086e-01	6.246141e-02	5.389556e-02	6.736945e-02	3.529073e-01	2.541145e-01	2.216487e-01	9.393504e-01
1486	2.630811e-01	7.240977e-01	2.243958e-02	2.804948e-02	1.469340e-01	1.098046e-01	3.719245e-01	2.019940e-01
23983	4.901216e-01	5.419375e-01	4.925208e-02	6.156510e-02	3.225018e-01	2.405516e-01	8.254388e-01	6.176395e-02
11811	1.832474e-01	8.549955e-01	3.976179e-02	4.970224e-02	2.603596e-01	2.526860e-01	5.152983e-01	3.616659e-01
31860	5.477010e-01	8.337615e-01	3.361714e-02	4.202143e-02	2.201245e-01	2.176731e-01	4.928266e-01	4.101603e-01
25301	8.802387e-01	5.405767e-01	5.599631e-02	6.999539e-02	3.666630e-01	2.843361e-01	1.972243e-01	5.126277e-01
10249	5.781658e-01	5.995276e-01	7.592900e-02	9.491125e-02	4.971819e-01	4.700556e-01	6.871236e-01	5.427215e-01
9640	1.917780e-01	4.763127e-01	2.124592e-02	2.655740e-02	1.391179e-01	9.395006e-02	9.152658e-01	2.856339e-01
23471	3.438826e-01	8.835250e-01	4.563825e-02	5.704782e-02	2.988386e-01	2.958649e-01	2.206906e-01	3.043226e-01
3905	4.768704e-01	4.496235e-01	2.350210e-02	2.937763e-02	1.538914e-01	4.372042e-02	2.256433e-01	1.106865e-01
32750	2.686256e-01	7.687074e-01	2.087249e-02	2.609062e-02	1.366728e-01	7.289180e-02	7.377023e-01	6.848159e-01
28469	2.102993e-01	5.168574e-01	2.660846e-02	3.326057e-02	1.742318e-01	7.402958e-02	8.040666e-01	1.899452e-01
20015	9.342337e-01	8.993315e-01	4.202651e-02	5.253313e-02	2.751889e-01	2.407038e-01	8.712195e-01	3.905194e-01
3256	3.130905e-01	6.810261e-01	2.429940e-02	3.037425e-02	1.591121e-01	1.170487e-01	2.938374e-02	3.918790e-01
12682	3.816442e-01	7.019342e-01	2.208572e-02	2.760715e-02	1.446169e-01	1.285675e-01	7.399979e-01	5.092484e-01
14805	2.978244e-01	1.956596e-01	4.525292e-02	5.656615e-02	2.963154e-01	2.778192e-01	3.310186e-01	4.610360e-01
17856	5.433827e-01	3.238599e-01	2.560563e-02	3.200704e-02	1.676653e-01	1.184032e-01	5.808238e-01	4.520326e-01
5403	8.118123e-01	2.131856e-01	2.953288e-02	3.691610e-02	1.933808e-01	7.982500e-02	9.600027e-01	2.557701e-01
29077	6.547932e-01	4.521116e-01	5.105329e-02	6.381661e-02	3.342962e-01	3.211869e-01	8.295487e-01	1.287514e-01
14839	1.718400e-01	1.049385e-01	2.144372e-02	2.680466e-02	1.404132e-01	7.400683e-02	3.439628e-02	8.717517e-01
7604	3.040049e-01	5.891402e-01	2.130705e-02	2.663381e-02	1.395182e-01	1.384634e-01	7.399828e-01	2.142255e-01
14799	9.126700e-01	9.576598e-01	3.601874e-02	4.502342e-02	2.358501e-01	2.326113e-01	6.748526e-01	2.379684e-01
30055	1.377252e-01	3.570399e-01	2.085620e-02	2.607025e-02	1.365661e-01	8.919914e-02	7.075576e-02	1.616427e-01
3219	8.099920e-01	5.815881e-01	2.177318e-02	2.721648e-02	1.425705e-01	1.413884e-01	3.436957e-01	9.862987e-02
32640	6.588200e-01	6.637972e-01	3.576507e-02	4.470634e-02	2.341891e-01	2.224748e-01	6.303468e-01	5.823308e-01
27690	4.810246e-01	5.011838e-01	2.745504e-02	3.431880e-02	1.797752e-01	1.700887e-01	8.285348e-01	7.779542e-01
6644	1.569255e-01	6.685235e-01	3.596000e-02	4.495000e-02	2.354655e-01	2.339609e-01	3.274129e-01	4.180188e-01
16209	4.783073e-01	7.992569e-01	3.393409e-02	4.241762e-02	2.221999e-01	8.397510e-02	2.994857e-01	9.367791e-01
12691	3.092862e-01	5.377318e-01	2.789523e-02	3.486904e-02	1.826576e-01	1.707200e-01	1.735100e-01	2.138432e-01
11164	2.475731e-01	9.608844e-01	2.927676e-02	3.659595e-02	1.917038e-01	1.171925e-01	1.352919e-01	5.684364e-02
30914	9.652121e-01	3.771960e-01	2.237713e-02	2.797141e-02	1.465251e-01	1.084238e-01	4.251511e-01	1.638903e-01
