21427	8.092806e-01	1.662560e-01	4.001620e-02	5.002026e-02	2.620255e-01	7.530072e-02	5.418185e-01	3.638850e-03
2792	9.072988e-01	9.191181e-01	2.374065e-02	2.967582e-02	1.554534e-01	4.747444e-02	9.772171e-01	5.531033e-01
19054	6.306889e-01	5.319847e-01	2.365585e-02	2.956982e-02	1.548982e-01	1.545528e-01	4.515435e-01	8.874157e-01
7529	3.728670e-01	7.949366e-01	2.779457e-02	3.474321e-02	1.819984e-01	1.191478e-01	2.105422e-01	4.914661e-01
12127	1.617964e-01	5.219983e-01	2.092194e-02	2.615243e-02	1.369966e-01	1.170601e-01	3.562553e-01	6.125344e-01
23034	9.415181e-01	6.092052e-01	2.145163e-02	2.681454e-02	1.404650e-01	1.010913e-01	4.683712e-01	1.880767e-01
28024	8.435147e-01	7.779935e-01	2.229310e-02	2.786638e-02	1.459749e-01	6.455969e-02	1.330743e-01	3.521445e-01
23940	8.368496e-01	2.791148e-01	4.041867e-02	5.052334e-02	2.646608e-01	2.579694e-01	4.929154e-01	6.412622e-01
27527	3.695403e-01	3.968017e-01	3.404525e-02	4.255656e-02	2.229278e-01	2.177266e-01	8.439832e-01	3.299162e-01
19403	9.121114e-01	7.660408e-01	2.388497e-02	2.985621e-02	1.563984e-01	1.280537e-01	1.311978e-01	8.974701e-01
25326	6.620452e-01	3.812754e-01	7.295508e-02	9.119386e-02	4.777088e-01	3.150249e-01	5.518074e-01	2.743993e-01
1515	8.453131e-01	9.603722e-01	3.151337e-02	3.939171e-02	2.063491e-01	1.793401e-01	9.886946e-01	8.156080e-01
9004	8.751833e-01	3.874638e-01	3.691829e-02	4.614786e-02	2.417404e-01	6.709266e-02	1.110347e-01	9.121529e-01
455	2.597776e-01	5.931277e-01	2.798410e-02	3.498013e-02	1.832395e-01	1.806514e-01	8.071989e-02	5.352414e-01
31753	5.344312e-01	1.145167e-01	6.062934e-02	7.578668e-02	3.970000e-01	3.311666e-01	4.773040e-01	5.436870e-01
24935	7.186059e-01	1.363532e-01	4.994295e-02	6.242868e-02	3.270256e-01	3.262822e-01	5.251372e-01	2.411632e-01
20750	8.976449e-01	3.401492e-01	3.535012e-02	4.418765e-02	2.314721e-01	9.356287e-02	8.478053e-01	6.475305e-01
30943	4.865054e-01	4.735645e-01	4.476630e-02	5.595788e-02	2.931291e-01	7.793233e-02	1.630811e-01	2.683175e-01
20211	9.552467e-01	7.985191e-01	4.525145e-02	5.656431e-02	2.963058e-01	1.083277e-01	4.656943e-02	9.897855e-01
19554	4.918118e-01	6.687977e-01	3.668001e-02	4.585002e-02	2.401802e-01	2.314364e-01	6.962219e-01	3.629253e-01
24985	6.199974e-01	6.894460e-01	3.395532e-02	4.244415e-02	2.223389e-01	1.647603e-01	7.922863e-01	7.845249e-01
10442	4.165243e-01	2.998335e-01	5.948402e-02	7.435503e-02	3.895004e-01	3.045546e-01	3.976290e-01	8.251195e-02
16060	6.721145e-01	6.371564e-02	5.330764e-02	6.663455e-02	3.490576e-01	1.198213e-01	3.310714e-01	3.308996e-01
20650	3.871508e-01	4.788381e-01	2.913752e-02	3.642190e-02	1.907920e-01	1.748747e-01	7.591138e-01	2.998759e-01
22295	6.160678e-01	8.554742e-01	2.202018e-02	2.752522e-02	1.441878e-01	1.225965e-01	5.268769e-01	8.803791e-02
24655	9.443740e-02	3.445816e-01	2.274930e-02	2.843662e-02	1.489620e-01	1.066642e-01	6.632918e-02	6.480104e-01
7529	7.416361e-01	8.531867e-01	3.457857e-02	4.322321e-02	2.264199e-01	1.043640e-01	2.219962e-01	7.360826e-01
24612	7.075801e-01	5.237535e-01	2.337638e-02	2.922048e-02	1.530682e-01	8.019650e-02	1.060928e-01	1.041936e-01
4107	6.511031e-01	2.688918e-01	6.724159e-02	8.405199e-02	4.402969e-01	4.149398e-01	9.272048e-01	9.110340e-01
13160	4.248373e-01	4.506251e-01	3.262491e-02	4.078114e-02	2.136274e-01	2.094197e-01	8.228748e-02	9.989100e-01
27305	4.929264e-01	7.508691e-01	3.778833e-02	4.723541e-02	2.474374e-01	2.305998e-01	5.646324e-01	4.485341e-01
19904	7.019700e-01	6.304234e-01	3.184027e-02	3.980033e-02	2.084896e-01	1.796948e-01	8.105962e-01	5.517783e-01
12349	1.261975e-01	4.667802e-01	3.308173e-02	4.135216e-02	2.166187e-01	9.879430e-02	5.664937e-01	5.729658e-01
500	1.280293e-01	2.647352e-01	2.062831e-02	2.578538e-02	1.350738e-01	8.905780e-02	9.346049e-01	9.088992e-01
25921	6.808560e-01	8.106424e-01	4.166749e-02	5.208436e-02	2.728381e-01	2.072724e-01	8.489732e-01	9.818533e-01
28493	6.179075e-01	6.430244e-01	3.186114e-02	3.982643e-02	2.086263e-01	1.819541e-01	8.792273e-01	9.251630e-01
7147	8.338965e-01	5.574468e-01	2.903890e-02	3.629862e-02	1.901462e-01	1.327545e-01	7.706684e-01	2.059976e-01
6359	7.921751e-01	4.955287e-01	2.260900e-02	2.826125e-02	1.480434e-01	1.115917e-01	5.642522e-01	3.745055e-01
23529	8.356870e-01	4.725498e-01	2.936773e-02	3.670966e-02	1.922994e-01	6.663290e-02	7.084097e-01	2.907626e-01
29034	4.664351e-02	1.812331e-01	4.155028e-02	5.193786e-02	2.720706e-01	1.033140e-01	2.332692e-01	1.235495e-01
2815	3.114940e-01	1.325333e-01	2.255359e-02	2.819199e-02	1.476806e-01	5.670066e-02	4.563794e-01	3.727319e-01
27795	3.829952e-01	2.487408e-01	3.019462e-02	3.774328e-02	1.977139e-01	1.850111e-01	9.514688e-01	9.701023e-01
8465	9.300914e-02	6.843412e-01	3.046556e-02	3.808195e-02	1.994880e-01	1.633684e-01	5.899523e-02	6.258125e-01
23464	1.139592e-01	5.975356e-01	5.795461e-02	7.244327e-02	3.794859e-01	2.724647e-01	6.205740e-01	8.288623e-01
4863	5.706883e-01	5.858426e-01	5.354535e-02	6.693168e-02	3.506141e-01	3.478171e-01	9.075851e-01	5.828956e-01
6480	9.322950e-01	2.738657e-01	2.077913e-02	2.597391e-02	1.360614e-01	1.359448e-01	2.652174e-01	5.425916e-01
27	4.527504e-01	7.251459e-01	3.373614e-02	4.217018e-02	2.209037e-01	1.492256e-01	6.943944e-01	8.202026e-01
5688	4.784015e-02	7.269431e-02	2.494844e-02	3.118556e-02	1.633620e-01	9.580864e-02	1.483535e-01	6.126937e-01
24379	5.449253e-02	7.669404e-01	2.867134e-02	3.583917e-02	1.877395e-01	6.961455e-02	9.112591e-01	1.350694e-01
12517	5.571406e-01	8.581639e-01	3.676057e-02	4.595071e-02	2.407076e-01	2.057806e-01	5.146328e-01	1.931116e-01
9428	8.709029e-01	5.370244e-01	4.011348e-02	5.014184e-02	2.626624e-01	2.056085e-01	8.190167e-01	1.358020e-01
1706	7.863418e-01	8.872461e-01	5.824405e-02	7.280507e-02	3.813812e-01	1.224242e-01	7.573510e-01	2.098794e-01
5414	1.177056e-01	1.024926e-01	4.619477e-02	5.774346e-02	3.024826e-01	2.560155e-01	7.471915e-01	3.918919e-02
24904	3.110710e-01	6.481614e-01	6.031486e-02	7.539357e-02	3.949408e-01	1.660685e-01	9.159535e-01	1.602035e-01
28087	1.833039e-01	8.796186e-01	5.591858e-02	6.989822e-02	3.661540e-01	3.659721e-01	2.291545e-01	7.374061e-01
29608	6.411352e-01	9.688780e-02	2.517524e-02	3.146905e-02	1.648471e-01	4.431419e-02	9.647440e-01	8.959227e-01
28387	5.069568e-01	5.464385e-01	2.144302e-02	2.680377e-02	1.404085e-01	7.902526e-02	2.809880e-01	5.368313e-01
29298	7.456973e-01	1.948834e-01	2.500232e-02	3.125289e-02	1.637148e-01	1.634931e-01	7.331478e-01	8.348386e-01
6163	2.456340e-01	2.033968e-01	3.178515e-02	3.973143e-02	2.081287e-01	7.801744e-02	2.560145e-01	5.124403e-01
12900	2.011042e-01	2.175686e-01	3.694666e-02	4.618333e-02	2.419262e-01	2.021197e-01	3.241684e-01	5.204878e-01
7806	4.734261e-01	2.023851e-01	4.166199e-02	5.207749e-02	2.728021e-01	2.454960e-01	5.728085e-01	9.918666e-01
519	5.988405e-01	4.724774e-01	2.893306e-02	3.616632e-02	1.894532e-01	9.071821e-02	4.191946e-01	3.958253e-01
26032	8.014227e-01	7.584482e-01	2.181210e-02	2.726512e-02	1.428253e-01	9.232121e-02	6.654283e-01	2.414296e-01
28591	5.181177e-01	7.074572e-01	2.480837e-02	3.101047e-02	1.624448e-01	1.225269e-01	6.944020e-01	2.224845e-01
12739	7.038057e-01	2.491621e-01	3.899360e-02	4.874199e-02	2.553295e-01	1.425090e-01	2.393021e-01	6.633610e-01
11906	6.107934e-01	7.568678e-01	2.576487e-02	3.220608e-02	1.687079e-01	1.225989e-01	1.087302e-01	4.349457e-01
29880	1.706442e-01	6.681122e-01	2.656128e-02	3.320160e-02	1.739228e-01	9.988030e-02	7.821563e-01	9.528396e-02
32486	8.865038e-01	6.903096e-01	6.530753e-02	8.163441e-02	4.276327e-01	4.038331e-01	6.027456e-01	3.616570e-01
19361	1.550537e-01	9.256516e-01	2.204201e-02	2.755252e-02	1.443308e-01	6.519685e-02	9.595083e-02	9.948525e-02
23015	9.679499e-02	8.323990e-01	2.172181e-02	2.715227e-02	1.422341e-01	6.981442e-02	9.836920e-01	7.050604e-01
30871	6.506067e-01	9.140273e-01	5.160627e-02	6.450783e-02	3.379170e-01	1.255715e-01	1.816961e-01	7.718259e-01
7552	5.220325e-02	3.261510e-01	2.522710e-02	3.153387e-02	1.651866e-01	1.605296e-01	1.062519e-01	3.563662e-01
32682	7.612662e-02	1.997707e-01	2.161173e-02	2.701466e-02	1.415132e-01	1.038609e-01	5.604200e-01	3.805945e-01
9317	4.482364e-02	5.826714e-01	2.901269e-02	3.626586e-02	1.899747e-01	1.723188e-01	1.409048e-01	6.726757e-01
31711	1.667681e-01	3.747883e-01	2.210214e-02	2.762768e-02	1.447245e-01	5.172272e-02	2.047120e-01	5.691841e-01
26361	6.530817e-01	6.077120e-01	2.545249e-02	3.181561e-02	1.666625e-01	1.642511e-01	2.568295e-01	7.606382e-01
28391	4.404890e-01	6.586390e-01	2.424989e-02	3.031236e-02	1.587879e-01	1.366508e-01	9.769646e-01	9.843080e-01
21982	8.507700e-01	8.897544e-01	2.068148e-02	2.585185e-02	1.354220e-01	8.799341e-02	8.271466e-01	7.149898e-01
1103	3.089617e-01	5.939895e-01	5.894814e-02	7.368517e-02	3.859915e-01	1.009899e-01	5.668486e-01	2.722569e-01
29502	6.014000e-01	9.245593e-01	3.882924e-02	4.853655e-02	2.542533e-01	2.161948e-01	5.063366e-01	7.005599e-01
23064	5.057952e-02	9.103458e-01	2.148717e-02	2.685897e-02	1.406977e-01	5.862449e-02	4.574048e-01	4.852663e-01
20363	5.805875e-01	3.005545e-01	2.754290e-02	3.442862e-02	1.803505e-01	1.802479e-01	1.021825e-02	7.866650e-01
12880	4.544889e-01	5.268122e-01	2.483980e-02	3.104975e-02	1.626506e-01	1.263775e-01	9.280004e-01	7.262118e-02
7206	3.289140e-01	8.699400e-01	3.078787e-02	3.848484e-02	2.015985e-01	1.766805e-01	1.555592e-01	6.822679e-01
30141	9.304480e-01	5.193653e-01	2.416931e-02	3.021163e-02	1.582602e-01	5.865181e-02	5.409329e-01	8.369686e-01
15761	6.787680e-01	7.097623e-01	4.368108e-02	5.460134e-02	2.860230e-01	2.243306e-01	3.726711e-02	1.960124e-01
