24251	6.393652e-01	6.173706e-01	2.383665e-02	2.979581e-02	1.560820e-01	9.169880e-02	4.122853e-01	4.311151e-01
8393	5.327963e-01	6.032152e-01	4.718042e-02	5.897553e-02	3.089367e-01	2.813019e-01	7.400790e-01	4.529211e-02
16692	2.780496e-01	1.211841e-01	2.981448e-02	3.726809e-02	1.952247e-01	1.745195e-01	4.100500e-01	4.077919e-01
7452	6.666814e-01	9.101604e-01	6.695769e-02	8.369712e-02	4.384379e-01	1.964982e-01	3.288827e-02	6.513547e-01
25675	2.337144e-01	2.765412e-01	3.377738e-02	4.222173e-02	2.211738e-01	1.792600e-01	1.799599e-01	4.134405e-01
28243	1.307381e-01	2.061488e-01	2.742237e-02	3.427796e-02	1.795613e-01	8.307962e-02	9.101890e-01	8.342570e-01
10789	7.241924e-01	3.095282e-01	2.854161e-02	3.567701e-02	1.868900e-01	1.807176e-01	8.687441e-01	1.416026e-01
14701	6.770916e-01	1.712756e-01	4.542720e-02	5.678400e-02	2.974566e-01	1.477369e-01	6.451767e-01	7.916517e-01
1305	9.315946e-01	1.173573e-01	2.983831e-02	3.729789e-02	1.953808e-01	1.774868e-01	5.130211e-01	6.175557e-01
3905	2.449089e-01	9.611003e-01	3.183333e-02	3.979166e-02	2.084441e-01	1.834524e-01	1.004137e-01	9.127004e-01
5672	8.100011e-01	4.775784e-02	4.234196e-02	5.292745e-02	2.772545e-01	1.398404e-01	9.071839e-01	8.327728e-01
31158	5.147999e-01	4.876128e-01	4.283935e-02	5.354918e-02	2.805114e-01	2.224067e-01	6.341195e-01	2.636918e-01
31330	7.585771e-01	6.859724e-01	3.783248e-02	4.729060e-02	2.477265e-01	2.191965e-01	8.228359e-01	3.041575e-01
10504	7.544067e-01	2.889980e-01	2.166916e-02	2.708645e-02	1.418893e-01	1.125142e-01	4.876420e-01	4.223655e-01
885	4.219362e-01	8.173968e-01	2.909989e-02	3.637487e-02	1.905456e-01	1.870917e-01	7.711107e-01	8.787305e-01
29376	3.770330e-01	8.783801e-01	6.927438e-02	8.659297e-02	4.536076e-01	1.333270e-01	2.348358e-01	3.744111e-01
11027	4.909500e-01	1.103030e-01	3.350546e-02	4.188182e-02	2.193932e-01	1.811985e-01	7.562893e-01	4.843827e-01
20476	3.552763e-01	2.050844e-01	2.996978e-02	3.746223e-02	1.962417e-01	6.334883e-02	3.292185e-01	6.558909e-01
27435	2.243480e-01	3.534652e-01	5.298399e-02	6.622999e-02	3.469384e-01	2.137163e-01	9.294014e-01	8.063826e-01
22474	2.198854e-01	7.571090e-02	4.303784e-02	5.379730e-02	2.818111e-01	2.603001e-01	2.528106e-01	3.971468e-01
32705	7.152137e-01	3.541691e-01	2.961530e-02	3.701913e-02	1.939205e-01	9.323646e-02	9.728162e-01	9.266963e-02
18556	4.482228e-01	3.768318e-01	2.523431e-02	3.154289e-02	1.652339e-01	1.424617e-01	1.106660e-01	5.600887e-02
5031	8.193161e-01	8.147646e-01	3.900042e-02	4.875053e-02	2.553742e-01	2.487261e-01	7.713319e-01	9.339887e-01
32400	7.831193e-01	3.622841e-01	3.086663e-02	3.858328e-02	2.021142e-01	8.168971e-02	5.076857e-01	4.317573e-01
20637	1.794897e-01	4.769270e-01	2.464822e-02	3.081027e-02	1.613962e-01	1.340930e-01	5.581156e-03	6.748798e-01
9785	4.553704e-01	1.691114e-01	3.916920e-02	4.896149e-02	2.564793e-01	1.485145e-01	7.083695e-01	6.090339e-01
7285	3.759657e-01	6.691272e-01	3.851612e-02	4.814515e-02	2.522030e-01	1.827562e-01	3.774365e-01	4.497410e-01
6849	6.780779e-01	6.105431e-01	2.356768e-02	2.945960e-02	1.543208e-01	1.534623e-01	9.402497e-01	5.596014e-01
7267	9.382293e-01	7.876018e-01	2.452462e-02	3.065577e-02	1.605868e-01	1.338922e-01	3.986731e-01	3.000626e-02
171	5.931363e-01	5.445981e-02	2.548960e-02	3.186199e-02	1.669055e-01	9.641574e-02	1.007685e-02	7.908755e-01
31641	7.325217e-01	1.131502e-01	3.513843e-02	4.392304e-02	2.300859e-01	1.866255e-01	2.690453e-01	2.306625e-02
17213	7.856511e-01	1.003020e-01	3.667280e-02	4.584100e-02	2.401329e-01	2.071585e-01	3.783753e-01	5.759732e-01
7241	6.441095e-01	3.378093e-01	4.213905e-02	5.267381e-02	2.759259e-01	1.266236e-01	2.474346e-01	5.951226e-01
19927	2.559770e-01	1.859430e-01	2.210704e-02	2.763380e-02	1.447566e-01	1.442754e-01	7.376747e-01	1.940749e-01
10510	5.820429e-01	7.051959e-01	3.006601e-02	3.758252e-02	1.968718e-01	1.081183e-01	2.949317e-01	5.128487e-01
4234	8.536798e-01	4.983313e-01	7.005257e-02	8.756571e-02	4.587031e-01	4.563476e-01	8.174738e-01	2.813602e-01
16219	8.702275e-01	2.174273e-01	3.609661e-02	4.512076e-02	2.363600e-01	1.235025e-01	3.236447e-01	4.956973e-01
30186	2.101319e-01	5.796013e-01	2.442079e-02	3.052599e-02	1.599070e-01	1.569875e-01	2.790902e-01	9.058539e-01
20843	9.226036e-01	3.237557e-01	4.412034e-02	5.515043e-02	2.888993e-01	2.650612e-01	6.747291e-01	5.831928e-02
24503	1.189571e-01	3.393802e-01	3.662837e-02	4.578547e-02	2.398420e-01	1.975299e-01	9.453866e-01	6.879997e-01
5945	7.483689e-01	2.346950e-01	3.134123e-02	3.917653e-02	2.052219e-01	1.979558e-01	4.197528e-01	4.304881e-02
8022	5.991171e-01	2.981257e-01	4.217582e-02	5.271977e-02	2.761666e-01	2.728516e-01	9.673971e-01	4.463233e-01
28026	6.631665e-01	6.702903e-01	4.873372e-02	6.091715e-02	3.191076e-01	9.476422e-02	2.170874e-01	5.239932e-01
31805	2.039903e-01	6.864969e-01	7.402739e-02	9.253424e-02	4.847302e-01	4.847301e-01	8.224128e-01	2.814769e-01
26832	8.099965e-01	2.353075e-01	3.535290e-02	4.419113e-02	2.314903e-01	2.300380e-01	5.041176e-01	2.716262e-01
15212	3.139967e-01	1.393578e-01	2.168178e-02	2.710222e-02	1.419719e-01	8.123055e-02	7.766241e-01	5.650118e-01
9641	8.313087e-01	9.041249e-01	2.471872e-02	3.089840e-02	1.618578e-01	1.580468e-01	4.959520e-01	8.763474e-01
15237	1.569939e-01	5.766425e-01	2.067043e-02	2.583803e-02	1.353496e-01	9.343377e-02	3.115793e-01	1.993447e-01
30070	3.814079e-01	2.979773e-01	3.509491e-02	4.386864e-02	2.298009e-01	1.377213e-01	1.760603e-01	5.692138e-01
22403	4.889142e-01	4.473000e-01	2.188576e-02	2.735719e-02	1.433076e-01	8.717170e-02	5.944368e-01	4.721361e-02
22438	1.657848e-01	9.605025e-01	2.594211e-02	3.242763e-02	1.698685e-01	9.328117e-02	5.162955e-01	3.640504e-01
31876	1.608893e-01	1.819103e-01	4.816489e-02	6.020611e-02	3.153829e-01	1.751193e-01	2.686363e-01	1.224931e-02
11899	3.492969e-01	9.277278e-01	2.265069e-02	2.831336e-02	1.483164e-01	4.070011e-02	2.406892e-01	9.282784e-01
22887	9.294740e-01	7.061381e-01	4.310480e-02	5.388100e-02	2.822496e-01	2.619268e-01	2.925033e-01	1.813085e-01
12794	2.703435e-02	7.545589e-01	2.289050e-02	2.861313e-02	1.498867e-01	9.954813e-02	7.555965e-01	9.519180e-01
31352	3.825387e-01	7.664094e-01	6.660428e-02	8.325535e-02	4.361238e-01	3.408498e-01	6.747549e-01	3.641506e-01
32676	4.662110e-01	5.136079e-01	4.433540e-02	5.541926e-02	2.903075e-01	2.147596e-01	5.044734e-01	7.482614e-01
20345	2.870704e-01	4.768566e-01	4.048604e-02	5.060755e-02	2.651020e-01	1.780737e-01	9.861551e-01	8.644640e-01
16116	5.168913e-01	3.123651e-01	5.948044e-02	7.435055e-02	3.894770e-01	1.252811e-01	4.364395e-01	5.342721e-01
15907	7.240950e-01	9.175424e-01	3.287330e-02	4.109162e-02	2.152538e-01	2.013388e-01	6.230919e-01	5.944261e-01
27451	7.925842e-01	2.865129e-01	2.230981e-02	2.788727e-02	1.460843e-01	9.192159e-02	4.124338e-01	2.848421e-01
16415	7.539403e-01	4.930605e-01	7.724959e-02	9.656199e-02	5.058291e-01	2.553905e-01	9.103562e-02	6.741704e-01
16140	6.570275e-01	7.035148e-01	2.756930e-02	3.446162e-02	1.805233e-01	1.259823e-01	8.348395e-01	3.785976e-01
25041	6.408572e-01	1.387948e-01	3.319134e-02	4.148917e-02	2.173364e-01	2.031274e-01	3.558482e-01	9.777079e-01
8237	9.220013e-01	2.646597e-01	2.612815e-02	3.266019e-02	1.710867e-01	1.686025e-01	4.673692e-01	2.409059e-01
5267	6.577595e-01	5.022501e-01	2.181106e-02	2.726383e-02	1.428185e-01	1.428174e-01	4.022915e-01	5.507172e-01
25611	4.447984e-01	6.023398e-01	4.246278e-02	5.307848e-02	2.780456e-01	2.737831e-01	6.476168e-01	8.489647e-03
11508	8.055065e-01	9.025014e-01	2.544070e-02	3.180088e-02	1.665853e-01	1.223445e-01	3.648739e-01	2.111202e-01
28309	1.895729e-01	5.476611e-01	4.371396e-02	5.464245e-02	2.862383e-01	1.187069e-01	6.463964e-01	4.178358e-01
11538	2.024806e-01	2.620227e-01	3.033704e-02	3.792130e-02	1.986465e-01	1.249888e-01	8.538739e-01	5.209595e-01
32316	9.737558e-01	9.155364e-01	2.415456e-02	3.019320e-02	1.581637e-01	7.909671e-02	8.003654e-01	1.708333e-01
7767	9.094398e-01	5.894281e-01	2.706742e-02	3.383428e-02	1.772371e-01	6.042637e-02	7.229797e-01	5.429119e-01
28192	5.601100e-01	5.076260e-01	4.732896e-02	5.916121e-02	3.099093e-01	2.264263e-01	8.066520e-01	3.806259e-01
6509	2.958283e-01	8.068288e-01	2.690271e-02	3.362838e-02	1.761585e-01	1.097219e-01	3.534724e-01	2.649239e-01
7648	9.034114e-01	5.713619e-02	4.582045e-02	5.727556e-02	3.000316e-01	1.074906e-01	1.491067e-01	9.057991e-01
29455	3.826300e-01	3.619452e-01	3.094512e-02	3.868140e-02	2.026282e-01	1.819553e-01	8.050180e-01	8.201888e-01
6001	8.654018e-01	5.965903e-01	2.529130e-02	3.161412e-02	1.656070e-01	1.303514e-01	6.225576e-01	5.765391e-01
31260	4.594836e-01	5.868778e-02	4.535138e-02	5.668922e-02	2.969601e-01	1.676709e-01	9.736898e-01	6.189376e-01
3922	6.252034e-01	9.679314e-01	2.075138e-02	2.593922e-02	1.358797e-01	7.824819e-02	1.024399e-01	2.176183e-01
23104	4.157596e-01	2.931417e-01	2.516488e-02	3.145610e-02	1.647792e-01	1.270953e-01	4.532508e-01	4.672801e-01
