10774	5.038764e-01	7.742915e-01	3.794839e-02	4.743549e-02	2.484855e-01	1.270525e-01	6.594650e-01	1.151324e-02
3928	5.648760e-01	4.624607e-01	6.516227e-02	8.145284e-02	4.266815e-01	1.180067e-01	7.296681e-01	7.779518e-01
31038	9.458244e-01	5.308220e-02	2.285368e-02	2.856711e-02	1.496456e-01	6.362458e-02	5.883927e-01	3.102251e-01
23107	3.873275e-01	8.319621e-01	3.255396e-02	4.069245e-02	2.131628e-01	1.227830e-01	7.155253e-01	3.927913e-01
13000	9.489780e-01	5.123586e-01	2.856829e-02	3.571036e-02	1.870647e-01	1.815454e-01	5.237474e-01	4.350972e-01
28915	7.979832e-01	7.676215e-01	3.040395e-02	3.800493e-02	1.990846e-01	1.990612e-01	1.912001e-01	6.416186e-01
25186	2.122455e-01	1.702162e-01	2.476128e-02	3.095160e-02	1.621365e-01	5.059875e-02	1.737915e-01	6.130095e-02
27558	8.004820e-01	8.395359e-01	4.995557e-02	6.244446e-02	3.271083e-01	3.127252e-01	1.455358e-01	7.624205e-01
3431	3.957088e-01	3.444353e-01	2.230908e-02	2.788635e-02	1.460795e-01	1.423418e-01	5.493473e-01	5.145149e-01
16182	4.377519e-01	7.880705e-01	2.485747e-02	3.107184e-02	1.627663e-01	1.615501e-01	7.101550e-01	5.740551e-01
22402	9.337913e-01	9.518506e-01	2.716526e-02	3.395657e-02	1.778777e-01	1.583317e-01	1.678234e-01	7.867955e-02
30931	5.861441e-01	2.042118e-01	2.967136e-02	3.708920e-02	1.942876e-01	8.359867e-02	2.967276e-01	9.806491e-01
10748	6.540974e-01	8.575105e-01	4.349457e-02	5.436821e-02	2.848018e-01	1.214614e-01	2.361165e-01	3.419551e-01
6497	7.400678e-01	3.361659e-01	6.314225e-02	7.892781e-02	4.134545e-01	4.111473e-01	4.133665e-01	3.802810e-01
12805	2.457975e-01	5.142510e-01	3.173038e-02	3.966298e-02	2.077701e-01	2.000513e-01	2.780389e-01	4.955710e-01
10162	1.587076e-01	1.873111e-01	3.098223e-02	3.872778e-02	2.028711e-01	1.864376e-01	8.491316e-01	5.285524e-01
20283	9.374635e-01	4.564116e-01	6.334886e-02	7.918607e-02	4.148073e-01	3.058883e-01	8.533562e-01	8.261332e-01
12933	7.854620e-01	6.110138e-01	2.398574e-02	2.998218e-02	1.570583e-01	6.283798e-02	9.828267e-01	3.757600e-01
24624	9.117804e-01	1.474960e-01	6.809828e-02	8.512285e-02	4.459065e-01	1.571947e-01	7.787962e-01	6.822008e-02
21051	7.479346e-01	2.410366e-01	5.983481e-02	7.479351e-02	3.917974e-01	2.986522e-01	2.146189e-01	1.972854e-01
17	5.576071e-01	9.668278e-01	2.604310e-02	3.255387e-02	1.705298e-01	9.736348e-02	6.494015e-01	3.678985e-01
15963	6.532072e-02	8.573753e-01	2.978961e-02	3.723701e-02	1.950619e-01	1.012123e-01	9.891684e-01	6.579604e-01
22841	7.653436e-01	5.721934e-01	3.280898e-02	4.101123e-02	2.148327e-01	2.118826e-01	5.966733e-01	6.177387e-01
27277	8.063204e-01	6.959469e-01	2.337138e-02	2.921422e-02	1.530354e-01	6.799385e-02	9.506726e-01	7.190756e-01
32062	9.404927e-01	7.916381e-01	4.886047e-02	6.107559e-02	3.199376e-01	1.694571e-01	7.393149e-01	5.961994e-01
25423	5.683572e-01	3.476638e-01	2.953863e-02	3.692328e-02	1.934185e-01	7.899202e-02	8.436515e-01	4.971846e-01
2497	2.488027e-01	6.961386e-01	3.445585e-02	4.306982e-02	2.256164e-01	1.142440e-01	3.364283e-01	2.982918e-01
25238	6.747982e-01	4.603685e-01	3.561023e-02	4.451279e-02	2.331752e-01	1.116486e-01	8.682472e-01	6.765689e-01
1940	3.956559e-01	8.939767e-01	4.694729e-02	5.868411e-02	3.074101e-01	2.833232e-01	6.567761e-01	2.753798e-01
6875	2.368260e-01	7.746825e-01	4.165240e-02	5.206550e-02	2.727393e-01	2.634177e-01	5.188086e-01	9.033314e-01
9558	8.016902e-02	4.673632e-01	3.753876e-02	4.692345e-02	2.458032e-01	2.404234e-01	1.554328e-01	9.640156e-01
18220	4.870633e-01	5.734017e-01	4.922741e-02	6.153426e-02	3.223403e-01	1.849918e-01	5.757153e-01	5.192566e-01
20237	9.063543e-01	8.469806e-01	2.277646e-02	2.847058e-02	1.491399e-01	1.449714e-01	6.644904e-01	2.109537e-01
7556	5.274796e-01	4.594329e-01	2.065096e-02	2.581370e-02	1.352222e-01	1.199367e-01	6.627312e-01	6.835453e-01
24922	4.756418e-02	5.840102e-01	4.048304e-02	5.060381e-02	2.650823e-01	2.201586e-01	7.476969e-02	6.867718e-02
2683	8.740827e-02	5.447527e-01	2.716424e-02	3.395530e-02	1.778710e-01	1.222744e-01	4.642737e-01	7.094967e-01
4756	5.610878e-01	7.963619e-01	3.547246e-02	4.434057e-02	2.322731e-01	2.111734e-01	8.361866e-01	6.179069e-02
16559	8.733137e-01	4.033014e-02	2.982267e-02	3.727834e-02	1.952784e-01	1.783713e-01	9.186539e-01	9.365072e-01
5894	3.838943e-01	9.617372e-01	2.124709e-02	2.655887e-02	1.391256e-01	1.391206e-01	6.625324e-02	4.208949e-01
16983	3.749586e-01	7.414116e-02	2.376942e-02	2.971178e-02	1.556418e-01	8.079860e-02	1.864319e-01	8.783097e-01
25576	4.344134e-01	5.018191e-01	4.503544e-02	5.629430e-02	2.948913e-01	2.914626e-01	3.906101e-01	2.566926e-01
24327	1.670721e-01	6.764600e-01	7.198320e-02	8.997900e-02	4.713449e-01	4.625397e-01	4.403097e-01	5.908797e-01
20295	1.518867e-01	4.105783e-01	3.269011e-02	4.086264e-02	2.140544e-01	1.752217e-01	2.511644e-01	5.244197e-01
19422	3.421153e-01	2.012358e-01	2.439849e-02	3.049811e-02	1.597609e-01	1.342198e-01	5.388776e-01	8.550067e-01
25418	6.734552e-01	6.736894e-01	2.156849e-02	2.696061e-02	1.412301e-01	6.329648e-02	4.564962e-02	6.078115e-01
12169	3.818269e-01	5.342737e-01	5.458691e-02	6.823364e-02	3.574342e-01	1.356823e-01	5.892582e-01	8.366751e-01
22367	3.812827e-01	7.512917e-01	2.302327e-02	2.877909e-02	1.507560e-01	9.894238e-02	2.172098e-01	1.454830e-01
23918	1.795254e-01	3.368127e-01	3.501590e-02	4.376988e-02	2.292836e-01	6.222399e-02	9.641358e-01	4.251941e-01
27009	8.589398e-01	4.698062e-01	3.702582e-02	4.628227e-02	2.424445e-01	7.090023e-02	1.055554e-01	2.346478e-01
14021	6.520512e-01	7.974639e-01	2.708768e-02	3.385960e-02	1.773697e-01	1.164041e-01	3.951899e-01	3.419066e-01
8801	1.214035e-01	5.336701e-01	2.314661e-02	2.893326e-02	1.515636e-01	5.830646e-02	2.538318e-01	8.746750e-01
2444	4.919592e-01	7.065041e-01	2.984824e-02	3.731030e-02	1.954458e-01	1.644167e-01	6.237496e-01	2.450874e-01
14627	2.955629e-01	2.104182e-01	4.864899e-02	6.081124e-02	3.185529e-01	2.825012e-01	9.225238e-01	7.761162e-01
30224	5.305805e-01	2.880678e-01	2.317313e-02	2.896642e-02	1.517373e-01	8.945498e-02	7.458802e-01	2.006157e-01
23939	5.722989e-02	9.502336e-01	2.549409e-02	3.186762e-02	1.669349e-01	1.551124e-01	4.579345e-02	9.798054e-01
12000	3.427237e-01	7.367655e-01	4.976051e-02	6.220064e-02	3.258310e-01	3.257459e-01	6.217110e-01	4.343656e-01
24573	5.643981e-01	5.214779e-01	2.599231e-02	3.249038e-02	1.701972e-01	1.632430e-01	6.266130e-01	1.927392e-01
14756	2.515024e-01	3.853119e-01	3.716874e-02	4.646092e-02	2.433803e-01	7.936475e-02	9.482938e-01	5.988342e-01
23604	2.532330e-01	3.245836e-01	2.511079e-02	3.138848e-02	1.644250e-01	8.899370e-02	7.085069e-01	8.409727e-01
15895	4.868246e-01	8.596236e-02	2.197903e-02	2.747379e-02	1.439183e-01	1.434874e-01	4.285874e-01	1.421714e-01
23810	7.907461e-01	9.591654e-01	2.834436e-02	3.543045e-02	1.855984e-01	1.570629e-01	1.183734e-01	1.240991e-01
19887	4.880954e-01	3.994187e-01	3.793950e-02	4.742437e-02	2.484273e-01	6.779233e-02	3.164129e-02	4.877311e-01
20839	1.237088e-01	4.818752e-01	2.860872e-02	3.576090e-02	1.873295e-01	8.434834e-02	3.001304e-01	9.973805e-01
107	2.915391e-01	3.282261e-01	2.346081e-02	2.932602e-02	1.536210e-01	1.175420e-01	7.444979e-02	3.915721e-01
21707	5.791989e-01	6.581981e-02	3.934859e-02	4.918574e-02	2.576540e-01	2.119552e-01	7.544645e-01	5.723026e-01
15205	7.342648e-01	1.661468e-01	2.475731e-02	3.094664e-02	1.621105e-01	7.282500e-02	7.342739e-01	3.891721e-01
14367	5.725046e-01	2.799260e-01	3.805294e-02	4.756617e-02	2.491701e-01	1.222329e-01	5.311257e-01	1.551855e-01
16831	5.980738e-01	9.142441e-01	5.466588e-02	6.833236e-02	3.579514e-01	2.268601e-01	3.246276e-01	7.257477e-01
24241	2.250202e-01	2.987181e-01	3.945732e-02	4.932165e-02	2.583659e-01	2.446488e-01	2.412176e-02	1.315708e-01
10373	6.952986e-01	7.947071e-01	2.711862e-02	3.389828e-02	1.775723e-01	1.254600e-01	5.982300e-01	7.102873e-02
30951	7.249162e-01	7.757546e-01	2.676762e-02	3.345953e-02	1.752740e-01	1.642566e-01	3.874647e-02	2.985810e-01
6320	7.455974e-01	5.181832e-01	7.736606e-02	9.670757e-02	5.065917e-01	3.221294e-01	8.119925e-01	8.950173e-01
16578	4.186651e-01	8.475702e-01	3.690483e-02	4.613104e-02	2.416523e-01	2.379437e-01	6.305939e-01	6.667681e-02
