29619	7.845695e-01	6.667730e-02	3.459398e-02	4.324248e-02	2.265209e-01	2.253031e-01	6.547576e-01	3.512534e-01
25665	9.191058e-01	1.197896e-01	3.665189e-02	4.581486e-02	2.399960e-01	1.773087e-01	5.074260e-01	2.255755e-01
13272	5.995853e-01	6.054443e-01	2.327386e-02	2.909232e-02	1.523969e-01	1.387883e-01	1.819724e-01	9.588337e-01
9885	4.206745e-01	1.676325e-01	5.039892e-02	6.299866e-02	3.300114e-01	3.199117e-01	5.648599e-02	3.299707e-01
5536	4.837732e-01	2.646749e-01	5.086108e-02	6.357635e-02	3.330376e-01	2.627800e-01	6.970550e-01	6.214626e-02
14271	2.466013e-01	5.419851e-01	2.483322e-02	3.104152e-02	1.626075e-01	6.009585e-02	6.071818e-01	5.107460e-01
4891	6.908913e-01	7.084480e-01	3.140914e-02	3.926143e-02	2.056666e-01	2.010982e-01	3.574186e-01	4.246199e-02
26490	6.978024e-01	6.537242e-01	2.198582e-02	2.748227e-02	1.439628e-01	1.189888e-01	7.266320e-01	5.489210e-01
2098	3.450739e-02	7.300877e-01	2.190824e-02	2.738530e-02	1.434548e-01	8.372894e-02	6.135433e-01	1.199140e-01
20866	3.461752e-01	2.050664e-01	2.098966e-02	2.623707e-02	1.374399e-01	1.285347e-01	9.738561e-01	4.507155e-01
19812	3.667821e-01	4.290528e-01	5.148269e-02	6.435336e-02	3.371078e-01	3.337989e-01	2.011697e-02	1.177268e-01
20390	7.786563e-01	5.449459e-01	2.354549e-02	2.943186e-02	1.541755e-01	4.408368e-02	3.037468e-01	1.077741e-01
21175	7.545409e-01	8.020602e-01	2.061078e-02	2.576347e-02	1.349591e-01	7.402265e-02	4.306249e-01	1.991516e-01
3092	4.985472e-01	8.875310e-02	3.584781e-02	4.480976e-02	2.347309e-01	1.818425e-01	6.765478e-01	5.461494e-01
28992	7.213874e-01	5.519798e-01	3.940548e-02	4.925685e-02	2.580265e-01	1.836965e-01	1.707583e-01	4.186367e-01
30772	6.663939e-01	1.593750e-01	2.065458e-02	2.581823e-02	1.352459e-01	1.347220e-01	3.825645e-01	7.031491e-01
5646	6.497383e-01	8.880329e-01	4.978453e-02	6.223066e-02	3.259883e-01	2.822920e-01	8.929871e-01	4.130391e-01
30492	2.601429e-01	7.472333e-01	4.186480e-02	5.233100e-02	2.741300e-01	2.104206e-01	4.268772e-01	3.536177e-02
29221	4.212362e-01	7.142466e-01	3.859390e-02	4.824237e-02	2.527123e-01	2.129104e-01	6.069242e-01	8.364314e-01
14585	8.115712e-01	2.711314e-01	2.200048e-02	2.750060e-02	1.440588e-01	1.430500e-01	5.921611e-01	4.757364e-01
5349	8.326049e-01	9.454285e-02	2.310480e-02	2.888100e-02	1.512899e-01	1.194579e-01	2.945067e-01	9.380307e-01
20402	7.819474e-02	7.776457e-01	3.655182e-02	4.568978e-02	2.393408e-01	1.747171e-01	4.964067e-01	9.159874e-01
23227	8.414881e-01	6.833284e-01	7.430278e-02	9.287847e-02	4.865334e-01	3.594154e-01	1.051609e-01	6.009400e-01
24999	1.077489e-01	1.602187e-01	3.197199e-02	3.996499e-02	2.093521e-01	1.896631e-01	5.621586e-01	2.376808e-01
28823	7.093565e-02	9.285283e-01	5.599656e-02	6.999570e-02	3.666646e-01	2.880737e-01	1.819514e-01	8.129777e-01
31625	3.798773e-01	8.928885e-01	3.176156e-02	3.970195e-02	2.079742e-01	1.475211e-01	2.100776e-01	5.130802e-01
18694	3.228353e-01	4.407455e-01	6.422313e-02	8.027891e-02	4.205321e-01	1.166076e-01	4.089063e-01	2.171852e-02
17009	4.268218e-01	8.360498e-01	5.101858e-02	6.377322e-02	3.340688e-01	1.920144e-01	7.726502e-02	3.810181e-01
20094	1.065330e-01	9.494741e-01	3.252263e-02	4.065329e-02	2.129577e-01	5.989055e-02	5.869523e-01	7.096110e-01
22939	1.889078e-01	7.385901e-02	4.657047e-02	5.821309e-02	3.049427e-01	2.192797e-01	4.429877e-01	7.857871e-01
5853	3.756423e-01	7.187434e-01	3.767478e-02	4.709347e-02	2.466938e-01	1.256189e-01	8.439840e-01	7.923740e-01
9385	6.409090e-01	1.626207e-01	2.294931e-02	2.868664e-02	1.502717e-01	5.891840e-02	5.724747e-01	9.684978e-01
15291	6.433093e-01	9.736740e-02	3.140633e-02	3.925791e-02	2.056481e-01	1.385081e-01	9.464274e-01	5.796033e-01
25278	8.141380e-01	4.495088e-01	3.474177e-02	4.342721e-02	2.274885e-01	1.953838e-01	8.473714e-01	8.125978e-01
20858	8.583955e-01	1.693227e-01	5.911804e-02	7.389755e-02	3.871040e-01	3.321507e-01	4.543053e-01	4.641827e-01
27601	5.154316e-01	3.304541e-01	7.700739e-02	9.625923e-02	5.042432e-01	2.101504e-01	5.338723e-01	6.277463e-01
31422	2.012257e-01	7.513698e-01	3.494000e-02	4.367500e-02	2.287866e-01	6.697015e-02	2.246071e-01	9.344212e-01
6455	3.703861e-01	8.214078e-01	4.263276e-02	5.329095e-02	2.791587e-01	8.957406e-02	2.680539e-01	2.447992e-02
7534	5.871361e-01	6.627109e-01	2.204683e-02	2.755853e-02	1.443623e-01	1.070351e-01	4.582360e-01	2.311875e-01
7455	5.985342e-01	1.466283e-01	3.399329e-02	4.249161e-02	2.225875e-01	1.695564e-01	5.331890e-01	8.092981e-01
21759	3.330798e-01	5.494986e-01	3.514229e-02	4.392786e-02	2.301112e-01	1.411507e-01	7.228673e-01	4.946711e-01
22353	7.586302e-02	8.089660e-01	2.625825e-02	3.282281e-02	1.719386e-01	7.664627e-02	4.020735e-02	3.445056e-01
12878	2.946993e-01	2.786421e-01	2.414430e-02	3.018038e-02	1.580965e-01	1.005293e-01	8.190089e-01	5.845550e-01
5891	7.014839e-02	7.699073e-02	5.996306e-02	7.495382e-02	3.926372e-01	2.593085e-01	4.484163e-01	1.128536e-02
2136	7.988637e-01	5.058187e-01	4.838873e-02	6.048591e-02	3.168486e-01	1.628836e-01	4.403320e-02	8.251239e-01
269	2.502279e-01	6.854078e-01	2.215597e-02	2.769497e-02	1.450770e-01	1.276064e-01	6.300846e-01	6.300644e-01
515	2.828141e-01	3.609047e-01	2.558310e-02	3.197888e-02	1.675178e-01	5.353563e-02	2.182354e-02	1.824107e-01
19740	5.857805e-01	1.893710e-01	3.058510e-02	3.823138e-02	2.002708e-01	1.510737e-01	5.890372e-01	1.658059e-01
17819	2.992709e-01	6.226956e-01	2.083886e-02	2.604857e-02	1.364525e-01	6.584934e-02	7.221035e-01	7.713786e-02
3104	4.508854e-01	4.802134e-01	5.701214e-02	7.126517e-02	3.733146e-01	3.128781e-01	9.659214e-01	2.325963e-02
20555	1.989094e-01	4.748496e-01	2.458106e-02	3.072632e-02	1.609564e-01	5.671729e-02	8.163935e-02	8.490439e-01
6294	8.090149e-01	8.979824e-01	4.727375e-02	5.909218e-02	3.095478e-01	3.086285e-01	8.750447e-01	6.514768e-01
12299	9.604240e-01	4.334389e-02	2.266883e-02	2.833604e-02	1.484351e-01	1.374760e-01	5.283548e-01	7.148156e-02
1708	5.972762e-01	6.420074e-02	2.632455e-02	3.290569e-02	1.723727e-01	5.905081e-02	5.172577e-01	1.006984e-01
11072	6.655066e-01	3.846043e-01	7.120491e-02	8.900613e-02	4.662486e-01	1.654035e-01	8.268641e-01	4.041324e-02
10990	1.643466e-01	2.985135e-01	7.055595e-02	8.819494e-02	4.619993e-01	4.213324e-01	3.680449e-01	4.278693e-01
3209	7.947844e-01	1.084666e-01	2.434035e-02	3.042544e-02	1.593802e-01	1.104651e-01	8.786129e-01	2.406124e-01
15103	4.634383e-01	6.564676e-01	4.490958e-02	5.613698e-02	2.940672e-01	2.707438e-01	1.407641e-01	8.587114e-01
22166	4.799541e-01	8.886019e-01	2.988475e-02	3.735594e-02	1.956849e-01	5.324335e-02	2.066654e-01	9.987391e-01
15353	2.734827e-01	7.230463e-02	3.668675e-02	4.585844e-02	2.402243e-01	2.333809e-01	9.731053e-01	6.555285e-01
24207	3.479146e-01	2.374836e-01	3.293770e-02	4.117213e-02	2.156756e-01	7.688892e-02	2.434897e-01	4.685024e-01
19950	6.796730e-02	1.780540e-01	3.079857e-02	3.849821e-02	2.016685e-01	1.280364e-01	1.341583e-01	6.385956e-01
25325	2.465954e-01	1.207776e-01	3.552774e-02	4.440968e-02	2.326351e-01	1.921543e-01	7.113382e-01	5.645974e-01
31474	6.121810e-01	5.440315e-01	5.759043e-02	7.198804e-02	3.771013e-01	3.766633e-01	2.604075e-01	3.378905e-01
25886	3.329399e-02	8.690637e-01	2.507518e-02	3.134397e-02	1.641919e-01	1.492134e-01	7.414044e-01	8.139600e-01
2525	8.848666e-01	7.224783e-01	3.535326e-02	4.419157e-02	2.314926e-01	1.255700e-01	6.440105e-01	5.286590e-01
12326	9.033052e-01	4.275592e-01	2.670086e-02	3.337607e-02	1.748368e-01	1.605754e-01	9.147261e-01	6.070965e-01
30792	7.489890e-01	2.115069e-01	3.428048e-02	4.285060e-02	2.244681e-01	2.140393e-01	3.183363e-01	4.199300e-01
19781	1.418080e-01	2.153798e-01	3.775673e-02	4.719591e-02	2.472305e-01	1.221153e-01	8.953306e-01	5.427146e-01
5102	7.670241e-02	6.459243e-01	2.446914e-02	3.058643e-02	1.602236e-01	1.078754e-01	6.861844e-01	5.887006e-01
13419	3.646223e-01	3.614937e-01	2.414896e-02	3.018620e-02	1.581270e-01	1.563043e-01	3.819105e-01	4.443803e-01
31965	6.077219e-02	3.707243e-01	2.259496e-02	2.824370e-02	1.479514e-01	1.313989e-01	1.475746e-01	9.718955e-02
5458	6.345698e-01	7.662992e-01	2.700760e-02	3.375949e-02	1.768453e-01	1.034401e-01	5.761868e-01	6.973103e-01
3580	8.570298e-02	2.999594e-01	5.252424e-02	6.565530e-02	3.439279e-01	3.116625e-01	2.200614e-01	2.130642e-01
22285	1.227710e-01	7.053960e-01	2.676714e-02	3.345892e-02	1.752708e-01	1.107126e-01	4.387824e-01	9.737417e-01
4203	1.637034e-01	4.371749e-01	7.167478e-02	8.959347e-02	4.693253e-01	3.086961e-01	5.722540e-01	2.894403e-01
