9287	7.052533e-01	5.377803e-01	5.798907e-02	7.248634e-02	3.797115e-01	3.514813e-01	9.725221e-01	3.694022e-01
24806	6.144279e-01	1.014181e-01	3.169465e-02	3.961831e-02	2.075361e-01	2.075001e-01	2.198908e-01	2.835957e-01
14938	1.647408e-01	7.854604e-01	2.202348e-02	2.752935e-02	1.442094e-01	8.400693e-02	8.969941e-01	9.764080e-01
14273	1.857707e-01	6.439994e-01	5.386692e-02	6.733364e-02	3.527197e-01	3.526669e-01	8.180233e-01	8.459910e-01
8947	8.782091e-01	8.773261e-01	2.085291e-02	2.606614e-02	1.365445e-01	4.920171e-02	2.207647e-01	2.064937e-01
29681	1.354998e-01	1.433580e-01	5.307214e-02	6.634018e-02	3.475156e-01	3.472716e-01	6.541925e-02	5.134982e-01
16897	6.921782e-01	8.371112e-01	5.917274e-02	7.396593e-02	3.874622e-01	2.840802e-01	2.113767e-01	8.623128e-01
10966	7.984944e-01	8.142443e-01	3.493578e-02	4.366973e-02	2.287590e-01	1.564862e-01	5.379163e-01	7.750002e-01
6370	5.700925e-01	5.885569e-01	2.526624e-02	3.158280e-02	1.654429e-01	1.572759e-01	7.295812e-01	3.333324e-01
17955	5.682092e-01	5.472645e-01	2.135903e-02	2.669879e-02	1.398586e-01	5.992546e-02	7.251914e-01	2.155964e-01
28953	6.797722e-01	4.021472e-01	5.198072e-02	6.497590e-02	3.403690e-01	3.371702e-01	6.989909e-01	2.766291e-03
5967	6.005494e-01	2.628362e-01	3.624759e-02	4.530949e-02	2.373486e-01	1.880649e-01	7.290046e-01	4.282234e-01
23042	3.545286e-01	4.164703e-01	2.395681e-02	2.994601e-02	1.568688e-01	1.562167e-01	9.691232e-01	5.672517e-01
17608	2.456365e-01	6.545850e-01	3.618776e-02	4.523470e-02	2.369569e-01	1.910052e-01	5.362966e-01	3.742570e-01
18867	2.091823e-01	2.877252e-01	4.459392e-02	5.574240e-02	2.920003e-01	1.896099e-01	3.838865e-01	7.924221e-01
19262	5.595882e-01	6.814702e-01	4.428705e-02	5.535882e-02	2.899909e-01	2.898488e-01	1.425429e-02	8.008405e-01
27212	7.387815e-01	8.851486e-01	3.226975e-02	4.033719e-02	2.113018e-01	1.873173e-01	8.746713e-01	6.254560e-01
4248	9.684237e-01	8.452938e-01	3.015017e-02	3.768771e-02	1.974228e-01	1.482580e-01	6.425703e-01	7.134624e-01
11135	3.266912e-01	4.503284e-01	4.324541e-02	5.405676e-02	2.831703e-01	1.377894e-01	5.942207e-01	6.955788e-01
1489	2.358065e-01	8.048133e-01	7.217724e-02	9.022155e-02	4.726155e-01	3.509391e-01	2.301322e-01	1.752383e-01
16373	2.125378e-01	5.051992e-01	2.308720e-02	2.885900e-02	1.511746e-01	5.174462e-02	8.673994e-01	4.656062e-02
18991	9.504811e-01	6.746507e-01	4.562847e-02	5.703559e-02	2.987745e-01	2.853074e-01	8.636391e-01	9.191488e-01
11240	4.470785e-01	5.502524e-01	5.348821e-02	6.686027e-02	3.502400e-01	1.566513e-01	2.769406e-01	7.548394e-01
16703	2.070941e-01	1.824059e-01	6.192764e-02	7.740955e-02	4.055012e-01	3.397048e-01	5.955063e-02	8.018830e-01
12882	2.117822e-01	3.489679e-01	3.661919e-02	4.577399e-02	2.397819e-01	2.387780e-01	5.039839e-01	8.150236e-01
26132	6.822948e-01	4.674738e-01	3.751506e-02	4.689382e-02	2.456480e-01	8.328740e-02	8.884490e-01	3.700589e-02
20060	6.147260e-01	9.446217e-01	4.042983e-02	5.053729e-02	2.647339e-01	1.820737e-01	9.537778e-01	5.485694e-01
8477	9.589713e-01	6.076645e-01	3.678355e-02	4.597944e-02	2.408581e-01	1.923445e-01	7.980739e-01	7.290581e-01
20148	2.618768e-01	7.398685e-01	2.519565e-02	3.149457e-02	1.649808e-01	1.366198e-01	4.091857e-01	4.406391e-01
20152	7.297798e-01	1.725275e-01	5.421468e-02	6.776835e-02	3.549969e-01	3.398315e-01	3.464642e-01	9.648477e-01
12489	4.575726e-01	7.177135e-01	3.753569e-02	4.691962e-02	2.457831e-01	1.122620e-01	4.532291e-01	7.832806e-01
4055	9.050599e-01	5.517697e-01	5.036341e-02	6.295426e-02	3.297788e-01	3.295263e-01	6.160201e-01	8.655985e-01
31113	9.151362e-01	8.726985e-02	6.348751e-02	7.935939e-02	4.157152e-01	4.144789e-01	6.460517e-01	1.678057e-01
7181	3.939147e-01	5.691616e-02	5.206358e-02	6.507948e-02	3.409115e-01	3.307204e-01	8.938251e-01	6.010797e-01
26663	7.579947e-01	4.462264e-01	5.183429e-02	6.479287e-02	3.394102e-01	2.166837e-01	9.171397e-01	8.002660e-01
18018	6.196473e-01	1.620050e-01	2.466660e-02	3.083325e-02	1.615165e-01	1.543447e-01	2.898261e-01	8.145884e-01
28208	9.582877e-01	3.625674e-01	4.133343e-02	5.166679e-02	2.706507e-01	2.515749e-01	9.070859e-01	3.052409e-01
14961	4.120458e-02	3.627281e-01	2.352050e-02	2.940062e-02	1.540118e-01	1.527287e-01	4.024328e-01	7.443837e-01
23088	9.405902e-01	9.238873e-01	6.055721e-02	7.569651e-02	3.965277e-01	1.701499e-01	8.066403e-01	3.925051e-01
22747	4.612930e-01	2.357337e-01	5.864371e-02	7.330464e-02	3.839981e-01	3.783496e-01	6.839050e-01	5.264286e-02
19490	7.205406e-01	1.234635e-01	3.514407e-02	4.393008e-02	2.301228e-01	9.321836e-02	9.160458e-01	2.385124e-01
12473	5.576026e-01	4.413514e-01	3.315273e-02	4.144091e-02	2.170836e-01	1.121901e-01	3.261242e-01	4.598514e-01
22612	6.223905e-01	7.990326e-01	2.320635e-02	2.900794e-02	1.519548e-01	6.175173e-02	7.009297e-01	7.545648e-01
17970	1.591770e-01	3.226507e-01	7.339852e-02	9.174815e-02	4.806124e-01	1.968275e-01	2.536468e-01	1.256663e-01
4094	7.617827e-01	3.085389e-01	2.152734e-02	2.690918e-02	1.409607e-01	1.105047e-01	7.085405e-01	1.541865e-01
10832	8.072206e-01	2.813936e-01	2.752950e-02	3.441187e-02	1.802627e-01	1.674154e-01	7.473311e-01	4.634423e-02
27573	4.148378e-01	4.969769e-01	3.496938e-02	4.371172e-02	2.289789e-01	1.145993e-01	7.647517e-01	3.918072e-01
18508	8.018338e-01	1.725362e-01	5.362226e-02	6.702783e-02	3.511177e-01	2.753662e-01	1.681236e-01	6.064576e-01
30364	2.838019e-01	6.659153e-01	2.084990e-02	2.606237e-02	1.365248e-01	1.309957e-01	1.342425e-01	4.428052e-01
5612	7.048456e-01	2.584064e-01	2.817596e-02	3.521996e-02	1.844958e-01	1.844836e-01	2.902584e-01	6.769956e-01
10180	4.791045e-01	5.155082e-01	2.205632e-02	2.757040e-02	1.444245e-01	1.312502e-01	3.334333e-01	2.192476e-01
9293	7.753451e-01	9.407870e-01	2.435641e-02	3.044551e-02	1.594854e-01	1.519966e-01	3.144630e-01	9.875246e-01
26342	8.012833e-01	7.539628e-01	3.309325e-02	4.136656e-02	2.166941e-01	1.973762e-01	5.322015e-01	1.505638e-01
14732	4.116707e-02	5.119731e-01	2.096208e-02	2.620259e-02	1.372593e-01	1.160699e-01	4.633672e-01	4.340563e-02
6094	8.192152e-01	5.463009e-01	2.214215e-02	2.767769e-02	1.449864e-01	1.409638e-01	6.230389e-01	3.193829e-01
5917	8.241677e-01	8.281994e-01	2.471852e-02	3.089815e-02	1.618565e-01	1.542495e-01	6.773922e-01	2.732164e-01
7319	6.364386e-01	7.416963e-01	4.359385e-02	5.449231e-02	2.854518e-01	1.795556e-01	8.067015e-01	2.167803e-01
30241	2.803745e-01	5.366958e-01	2.731858e-02	3.414823e-02	1.788817e-01	1.675293e-01	1.795416e-01	8.892733e-01
5498	1.776708e-01	5.215890e-01	2.499788e-02	3.124735e-02	1.636858e-01	8.429172e-02	2.847934e-01	1.588602e-01
23852	4.046698e-01	2.455719e-01	2.288670e-02	2.860837e-02	1.498617e-01	9.034516e-02	4.658436e-01	1.869537e-01
14920	1.486685e-01	6.924091e-01	4.588048e-02	5.735060e-02	3.004247e-01	1.337351e-01	4.166304e-01	9.629660e-01
28632	3.668441e-01	2.002177e-01	2.741085e-02	3.426356e-02	1.794858e-01	1.364979e-01	2.665507e-01	3.338373e-01
10729	3.962178e-01	7.437050e-01	3.590400e-02	4.488000e-02	2.350988e-01	1.653262e-01	9.159776e-01	6.481224e-01
6526	5.480456e-01	7.801229e-01	4.408337e-02	5.510422e-02	2.886573e-01	2.883141e-01	7.172205e-01	4.249066e-01
1637	4.690634e-01	6.256085e-01	2.578246e-02	3.222807e-02	1.688231e-01	1.406797e-01	2.784532e-01	7.418741e-01
21589	5.398379e-01	4.816417e-01	3.398388e-02	4.247985e-02	2.225259e-01	1.066773e-01	3.077926e-01	3.972515e-01
4384	3.555188e-01	8.119408e-01	3.768997e-02	4.711246e-02	2.467933e-01	2.240559e-01	8.887366e-01	5.328142e-01
26687	9.062459e-02	3.571158e-01	3.303158e-02	4.128947e-02	2.162903e-01	1.123164e-01	4.060838e-01	4.505966e-02
