2771	2.490541e-01	4.204236e-01	2.060195e-02	2.575244e-02	1.349012e-01	1.120625e-01	6.639020e-01	1.931731e-01
28325	7.279872e-01	1.653011e-01	4.842663e-02	6.053329e-02	3.170968e-01	1.338611e-01	9.308345e-02	3.211376e-01
3808	8.904742e-01	4.186639e-01	5.483079e-02	6.853848e-02	3.590311e-01	1.301706e-01	3.953334e-01	3.963932e-01
22836	4.215221e-01	9.033527e-01	3.124386e-02	3.905482e-02	2.045843e-01	6.142785e-02	3.740529e-01	3.823252e-01
21487	1.312970e-01	9.192269e-01	2.285849e-02	2.857311e-02	1.496770e-01	1.346149e-01	5.368767e-01	4.313025e-01
6162	7.532901e-01	8.706761e-01	4.350501e-02	5.438126e-02	2.848701e-01	1.605352e-01	3.908367e-01	3.731055e-01
14663	3.853909e-01	7.226836e-01	2.286944e-02	2.858679e-02	1.497487e-01	3.912654e-02	9.272174e-01	3.789977e-01
15189	1.719526e-01	5.132552e-01	2.601056e-02	3.251320e-02	1.703168e-01	1.470947e-01	6.763083e-01	2.134102e-01
3084	2.658153e-01	5.300341e-01	6.432118e-02	8.040147e-02	4.211741e-01	2.525796e-01	1.216457e-02	6.481547e-01
18809	3.025825e-01	7.916247e-01	3.609270e-02	4.511587e-02	2.363344e-01	1.141436e-01	5.981863e-01	3.579796e-01
10689	3.583351e-01	6.897163e-01	2.450032e-02	3.062540e-02	1.604277e-01	1.375953e-01	2.051344e-01	6.448317e-01
16030	5.905653e-01	5.795819e-02	3.743706e-02	4.679633e-02	2.451373e-01	1.769154e-01	1.399038e-01	4.398111e-01
28055	3.818249e-01	6.212662e-01	2.283416e-02	2.854270e-02	1.495177e-01	1.014450e-01	1.949802e-01	3.987609e-01
5731	3.664574e-01	8.687373e-01	2.339083e-02	2.923854e-02	1.531628e-01	7.111573e-02	2.679669e-01	5.098702e-01
901	5.227843e-01	7.414583e-01	2.410874e-02	3.013593e-02	1.578637e-01	1.577800e-01	7.772220e-01	5.663330e-01
25750	8.892598e-01	8.940641e-01	2.124793e-02	2.655991e-02	1.391311e-01	1.080184e-01	5.196874e-01	1.056914e-01
19260	7.113245e-01	2.348599e-01	7.863389e-02	9.829236e-02	5.148935e-01	3.753041e-01	3.182314e-01	6.561587e-01
8719	9.677435e-01	4.741089e-01	2.175736e-02	2.719670e-02	1.424669e-01	3.865717e-02	3.858428e-01	1.807600e-01
18028	1.743286e-01	6.998929e-01	3.275925e-02	4.094906e-02	2.145070e-01	1.463386e-01	6.156896e-01	1.111398e-01
18895	9.583165e-01	6.659419e-01	3.812362e-02	4.765452e-02	2.496328e-01	2.422822e-01	2.680718e-01	6.598041e-01
24923	1.470996e-01	9.135937e-02	2.717791e-02	3.397239e-02	1.779605e-01	9.499193e-02	4.219392e-01	8.817117e-01
29954	6.984540e-01	4.452329e-01	7.688783e-02	9.610978e-02	5.034603e-01	3.628712e-01	5.353148e-01	1.038504e-01
32733	4.383470e-01	9.481667e-01	2.812427e-02	3.515534e-02	1.841573e-01	1.200003e-01	6.855710e-01	1.603205e-01
7277	9.025056e-01	6.958663e-01	4.028470e-02	5.035588e-02	2.637836e-01	2.139857e-01	3.207885e-01	5.077231e-01
28543	6.385644e-01	9.374857e-01	3.759621e-02	4.699527e-02	2.461794e-01	9.930580e-02	9.196835e-01	3.246329e-01
30386	7.768804e-01	6.020677e-01	5.784844e-02	7.231055e-02	3.787907e-01	3.219174e-01	4.620720e-01	5.433254e-01
135	2.198782e-01	9.458359e-01	2.095272e-02	2.619090e-02	1.371981e-01	4.343614e-02	5.348756e-01	2.387253e-01
31787	3.534420e-01	4.272720e-01	3.801070e-02	4.751337e-02	2.488934e-01	2.466953e-01	4.784023e-01	6.633473e-01
6008	1.890437e-01	6.166385e-01	2.733857e-02	3.417321e-02	1.790125e-01	1.771168e-01	6.900139e-01	5.348915e-01
12633	4.495300e-01	4.183675e-01	7.852731e-02	9.815914e-02	5.141956e-01	4.141693e-01	4.929957e-01	2.815058e-01
4372	5.473160e-01	2.422527e-01	3.376872e-02	4.221090e-02	2.211170e-01	2.193942e-01	8.150653e-02	3.562830e-01
27658	4.458780e-01	6.852202e-01	7.465755e-02	9.332194e-02	4.888565e-01	1.963892e-01	5.904475e-01	5.820839e-01
20867	3.749804e-01	5.967043e-01	2.104251e-02	2.630314e-02	1.377860e-01	6.980241e-02	1.563479e-01	4.898332e-01
10300	6.626852e-01	7.749065e-01	5.720973e-02	7.151216e-02	3.746084e-01	1.488498e-01	6.912364e-02	4.946948e-01
5073	5.709244e-01	7.578480e-01	2.462969e-02	3.078712e-02	1.612748e-01	1.455509e-01	9.295273e-01	8.707119e-01
26497	8.976105e-01	7.758196e-01	3.100721e-02	3.875901e-02	2.030347e-01	2.029646e-01	5.488130e-01	1.174410e-01
12880	5.874078e-01	1.731280e-01	2.875223e-02	3.594028e-02	1.882691e-01	1.838566e-01	5.776025e-01	5.534341e-01
32562	8.987374e-01	6.036241e-01	2.422314e-02	3.027892e-02	1.586127e-01	1.427097e-01	6.165314e-01	4.979020e-01
13184	5.078605e-01	6.381266e-02	3.405230e-02	4.256538e-02	2.229739e-01	1.275085e-01	2.038653e-01	5.897178e-01
12678	6.877253e-01	8.140038e-01	2.193343e-02	2.741679e-02	1.436198e-01	7.913468e-02	6.171808e-01	3.864548e-01
1179	1.370937e-01	7.831461e-01	3.673490e-02	4.591862e-02	2.405395e-01	2.273258e-01	8.732071e-01	3.972281e-01
15811	7.704866e-01	6.748465e-01	3.243344e-02	4.054180e-02	2.123737e-01	1.854454e-01	5.132196e-01	9.928732e-01
8502	6.143667e-01	6.797447e-01	2.720446e-02	3.400557e-02	1.781344e-01	1.780842e-01	1.588598e-01	6.461041e-01
15852	5.948504e-01	5.665937e-01	4.415874e-02	5.519842e-02	2.891507e-01	1.062204e-01	6.781671e-01	7.211991e-01
10574	7.172388e-01	6.314354e-01	2.265778e-02	2.832222e-02	1.483628e-01	1.206905e-01	9.109258e-01	1.279957e-01
28378	7.246587e-01	8.901984e-01	2.145458e-02	2.681822e-02	1.404842e-01	6.924493e-02	9.013182e-01	8.539982e-01
30502	2.412900e-01	8.588579e-01	2.387909e-02	2.984887e-02	1.563599e-01	1.323101e-01	7.297485e-01	7.429108e-01
16033	6.513375e-01	3.330492e-01	5.000794e-02	6.250992e-02	3.274512e-01	3.088116e-01	1.033305e-01	7.487201e-01
31913	2.505508e-01	3.379530e-01	3.765931e-02	4.707414e-02	2.465926e-01	2.173014e-01	1.398414e-01	6.461120e-01
3792	8.590669e-01	4.982155e-01	4.067818e-02	5.084773e-02	2.663601e-01	2.627587e-01	4.383645e-01	9.639148e-01
30669	3.344245e-01	9.213458e-02	2.382121e-02	2.977651e-02	1.559809e-01	9.638982e-02	4.900338e-01	3.366760e-02
5011	3.646611e-01	1.865607e-01	3.666538e-02	4.583173e-02	2.400844e-01	2.178065e-01	7.400848e-01	8.494846e-01
4750	5.880893e-01	8.638658e-01	4.358696e-02	5.448370e-02	2.854067e-01	2.820739e-01	3.194711e-01	9.938613e-01
5943	3.863021e-01	3.294696e-01	7.448388e-02	9.310485e-02	4.877193e-01	3.752161e-01	6.644581e-01	8.219862e-02
4088	2.146008e-01	5.266371e-01	2.617021e-02	3.271276e-02	1.713621e-01	1.556153e-01	2.907370e-02	2.122755e-01
14487	3.539397e-01	5.045119e-02	2.170734e-02	2.713418e-02	1.421393e-01	7.286416e-02	7.161058e-01	9.398082e-03
4919	2.310399e-01	2.387251e-01	2.114581e-02	2.643227e-02	1.384625e-01	4.014555e-02	7.008384e-02	6.589477e-01
653	9.654288e-01	2.017362e-01	2.642496e-02	3.303120e-02	1.730302e-01	1.537618e-01	9.831419e-02	8.590113e-02
8956	2.195908e-01	4.359681e-01	3.457383e-02	4.321729e-02	2.263889e-01	2.091946e-01	1.169204e-02	5.357456e-01
25612	8.145152e-01	9.760532e-02	5.800114e-02	7.250143e-02	3.797906e-01	3.764372e-01	1.780143e-01	4.221558e-01
26329	4.865526e-01	1.368539e-01	7.826851e-02	9.783564e-02	5.125010e-01	4.805442e-01	6.928229e-01	6.489670e-01
24278	5.040768e-01	4.519126e-01	3.435376e-02	4.294221e-02	2.249479e-01	2.124381e-01	3.189892e-01	5.453200e-01
21892	4.066693e-01	5.354937e-01	2.668603e-02	3.335754e-02	1.747397e-01	9.535350e-02	5.506784e-01	7.157845e-01
18472	8.222477e-01	4.903516e-01	2.076855e-02	2.596068e-02	1.359921e-01	1.351041e-01	8.159560e-01	3.856539e-01
27835	3.462749e-01	2.771080e-01	2.265488e-02	2.831859e-02	1.483438e-01	1.147188e-01	2.754393e-01	7.349462e-01
11145	3.627482e-01	8.199904e-01	3.376095e-02	4.220119e-02	2.210662e-01	1.905795e-01	8.385933e-01	6.802782e-01
8412	8.852209e-01	1.398168e-01	3.131881e-02	3.914851e-02	2.050751e-01	8.288177e-02	5.470928e-01	9.360868e-02
31352	4.730202e-01	2.495215e-01	3.252269e-02	4.065337e-02	2.129581e-01	1.757031e-01	9.358499e-01	8.715095e-01
11226	2.950453e-02	7.576138e-01	2.580264e-02	3.225330e-02	1.689553e-01	1.609763e-01	5.385128e-01	5.910329e-01
26073	8.291307e-01	1.948393e-01	2.215148e-02	2.768935e-02	1.450476e-01	1.282599e-01	9.351372e-01	5.108453e-01
10820	1.428854e-01	7.025581e-01	2.244272e-02	2.805340e-02	1.469546e-01	1.249925e-01	8.332764e-01	6.710035e-01
26444	3.146125e-01	3.758074e-01	6.080910e-02	7.601138e-02	3.981770e-01	1.576896e-01	5.447019e-01	3.295579e-01
20614	4.841612e-01	9.604952e-01	2.236203e-02	2.795253e-02	1.464262e-01	1.381381e-01	6.359318e-02	8.774264e-01
2191	1.172877e-01	1.947656e-01	2.377893e-02	2.972366e-02	1.557041e-01	1.206160e-01	3.454829e-04	1.263397e-02
17448	4.726068e-01	9.258076e-01	2.199198e-02	2.748998e-02	1.440032e-01	1.097977e-01	6.806565e-01	8.850768e-01
14874	7.309447e-02	6.958372e-01	4.012061e-02	5.015077e-02	2.627091e-01	2.357535e-01	5.411468e-01	6.288513e-01
4655	7.411915e-01	3.998974e-01	2.499109e-02	3.123886e-02	1.636412e-01	8.438000e-02	1.958384e-01	9.191618e-01
12437	5.328177e-01	8.352651e-02	2.201846e-02	2.752307e-02	1.441765e-01	1.141633e-01	6.588844e-01	9.479342e-01
15317	3.222443e-01	3.125027e-01	3.248169e-02	4.060211e-02	2.126896e-01	1.184289e-01	4.011819e-01	2.773582e-01
27604	1.824764e-01	1.411861e-01	2.189024e-02	2.736280e-02	1.433370e-01	1.418557e-01	6.199372e-01	8.543157e-01
2239	8.712322e-01	8.530330e-02	2.184614e-02	2.730767e-02	1.430482e-01	1.429830e-01	9.810329e-01	8.411821e-01
