24318	9.516166e-02	5.096913e-01	2.550500e-02	3.188125e-02	1.670064e-01	1.523043e-01	8.796562e-01	9.535558e-01
3402	5.739620e-02	2.281622e-01	5.657503e-02	7.071879e-02	3.704524e-01	2.579717e-01	3.211387e-01	8.296467e-01
14818	2.126236e-01	7.766598e-01	7.445971e-02	9.307464e-02	4.875610e-01	2.065821e-01	1.499741e-02	4.116651e-01
6698	8.046851e-01	8.581833e-01	5.310723e-02	6.638403e-02	3.477453e-01	1.102343e-01	4.501029e-01	3.971775e-01
17989	2.317192e-01	1.277151e-01	2.874543e-02	3.593179e-02	1.882246e-01	1.637648e-01	2.693747e-01	1.225749e-01
14278	1.839799e-01	7.314998e-01	2.496838e-02	3.121047e-02	1.634925e-01	1.325686e-01	6.117262e-01	4.399534e-01
25086	8.315702e-01	4.181202e-02	2.293351e-02	2.866689e-02	1.501683e-01	9.186927e-02	3.012628e-01	1.947944e-01
280	5.186492e-01	5.820612e-02	2.170585e-02	2.713231e-02	1.421296e-01	5.754978e-02	3.546442e-01	1.380478e-01
26199	8.763800e-01	7.514847e-01	4.101847e-02	5.127309e-02	2.685883e-01	2.664772e-01	9.945057e-01	2.425842e-01
18484	5.739971e-01	3.625134e-01	2.820083e-02	3.525104e-02	1.846586e-01	1.424492e-01	5.790251e-01	9.265313e-01
4532	8.895072e-01	1.774129e-01	2.604855e-02	3.256069e-02	1.705655e-01	8.371099e-02	5.487752e-01	8.260337e-01
15046	7.409525e-01	6.190388e-01	2.569243e-02	3.211553e-02	1.682336e-01	1.681885e-01	2.883230e-01	4.935747e-01
298	3.469935e-01	6.995297e-01	2.717231e-02	3.396538e-02	1.779238e-01	1.543771e-01	7.913349e-01	7.948188e-01
29967	5.856976e-01	8.800543e-01	3.266888e-02	4.083609e-02	2.139153e-01	9.576455e-02	4.146050e-01	2.036861e-01
11695	2.068527e-01	3.628720e-01	4.462079e-02	5.577599e-02	2.921763e-01	2.224335e-01	1.080932e-01	8.233058e-01
15084	6.021658e-01	1.016581e-01	5.272706e-02	6.590883e-02	3.452560e-01	1.859215e-01	4.292932e-01	2.992371e-01
11696	5.949437e-01	6.276527e-01	6.997163e-02	8.746454e-02	4.581731e-01	4.362875e-01	1.259720e-01	4.617538e-02
12916	6.281731e-01	5.214664e-01	4.119000e-02	5.148750e-02	2.697115e-01	1.277313e-01	4.829804e-01	8.447636e-01
23758	9.147422e-01	3.111398e-01	5.317172e-02	6.646465e-02	3.481676e-01	3.394760e-01	2.717581e-01	4.279389e-01
19586	2.896381e-01	5.815157e-01	3.183692e-02	3.979616e-02	2.084677e-01	1.635963e-01	1.759370e-01	6.597465e-01
27992	5.370942e-01	6.665938e-01	3.707838e-02	4.634798e-02	2.427887e-01	1.163175e-01	7.205440e-01	2.631434e-01
18136	9.005917e-01	6.859557e-01	4.468544e-02	5.585680e-02	2.925996e-01	1.118032e-01	8.440179e-02	9.449676e-01
23164	4.565476e-01	7.124654e-01	2.462894e-02	3.078618e-02	1.612699e-01	7.664076e-02	6.167184e-01	9.907117e-01
30873	6.535345e-01	7.052866e-01	2.320120e-02	2.900150e-02	1.519211e-01	4.273492e-02	6.236027e-03	2.983170e-01
3772	9.620139e-01	1.098494e-01	2.237282e-02	2.796602e-02	1.464969e-01	1.158322e-01	5.187944e-01	1.538580e-01
26308	1.170317e-01	3.102339e-01	7.872010e-02	9.840013e-02	5.154580e-01	2.361857e-01	1.298259e-01	5.663132e-01
11122	6.832656e-01	4.664242e-01	2.875344e-02	3.594180e-02	1.882771e-01	1.451489e-01	4.983114e-01	1.245567e-01
16746	3.276271e-01	4.374599e-01	2.578079e-02	3.222598e-02	1.688122e-01	7.776799e-02	5.401202e-01	1.393177e-01
13480	7.068713e-01	1.380331e-01	3.583095e-02	4.478869e-02	2.346205e-01	1.107510e-01	3.665566e-01	8.045505e-01
18664	1.047291e-01	1.702403e-01	5.761255e-02	7.201568e-02	3.772461e-01	3.550136e-01	1.895075e-01	6.517174e-02
29154	9.213024e-01	1.209851e-01	5.550380e-02	6.937975e-02	3.634380e-01	1.276565e-01	5.890958e-01	4.665079e-01
28782	6.764568e-01	4.120459e-01	2.231550e-02	2.789438e-02	1.461215e-01	8.316656e-02	6.287856e-01	9.909145e-01
19805	6.442111e-01	1.093753e-01	2.809342e-02	3.511677e-02	1.839553e-01	1.821990e-01	1.484721e-03	1.030979e-02
16895	3.210060e-01	9.197400e-01	2.883485e-02	3.604356e-02	1.888101e-01	1.035037e-01	8.567173e-01	7.915415e-01
4836	5.054135e-01	1.704953e-01	2.300117e-02	2.875147e-02	1.506113e-01	1.218409e-01	1.896744e-01	1.915481e-01
28732	8.385740e-01	7.073958e-01	2.194461e-02	2.743076e-02	1.436929e-01	1.236348e-01	7.348931e-01	6.448646e-01
15018	7.864325e-01	4.347900e-01	2.374627e-02	2.968284e-02	1.554902e-01	1.242766e-01	6.586612e-02	6.221450e-01
14180	3.737190e-01	9.631303e-01	3.309991e-02	4.137489e-02	2.167377e-01	1.500607e-01	1.485346e-01	3.150024e-01
24182	2.769405e-01	8.523677e-01	4.506824e-02	5.633529e-02	2.951061e-01	2.659454e-01	2.580984e-01	1.561749e-01
13446	6.210757e-01	9.467804e-01	2.346620e-02	2.933275e-02	1.536563e-01	1.525381e-01	6.502102e-01	3.741808e-01
22553	5.713500e-01	4.866348e-01	3.212995e-02	4.016243e-02	2.103864e-01	1.756068e-01	6.431362e-01	1.480514e-01
16930	4.815752e-01	2.388681e-01	2.550777e-02	3.188472e-02	1.670245e-01	6.944857e-02	6.514497e-01	8.486817e-01
16104	9.217393e-01	7.626294e-01	3.375179e-02	4.218974e-02	2.210062e-01	1.028877e-01	4.945685e-01	5.577230e-01
17328	4.264035e-01	5.990752e-02	2.276518e-02	2.845647e-02	1.490660e-01	7.371385e-02	8.650127e-01	3.002841e-01
20998	5.158287e-01	8.824533e-01	2.536567e-02	3.170709e-02	1.660940e-01	1.473657e-01	7.752899e-02	1.779782e-01
1491	4.697994e-01	3.971556e-01	2.193357e-02	2.741696e-02	1.436206e-01	7.345530e-02	8.931282e-01	9.830088e-01
28945	7.076974e-01	2.151167e-01	3.620594e-02	4.525743e-02	2.370760e-01	2.154765e-01	9.017831e-01	6.514466e-01
25373	9.558878e-01	1.649035e-01	2.535708e-02	3.169635e-02	1.660378e-01	1.576846e-01	4.225432e-01	1.942783e-01
30207	3.195334e-01	1.136979e-01	2.206883e-02	2.758604e-02	1.445063e-01	1.445059e-01	8.074708e-01	3.109162e-01
9528	3.698795e-01	3.082079e-01	4.124256e-02	5.155319e-02	2.700556e-01	1.615804e-01	5.787160e-01	5.334006e-01
27121	3.816336e-01	6.233836e-01	5.635529e-02	7.044411e-02	3.690136e-01	2.202118e-01	3.001455e-01	6.656454e-01
29996	7.339753e-01	6.581027e-01	2.617683e-02	3.272104e-02	1.714055e-01	6.432421e-02	5.263505e-01	1.440710e-01
23655	4.204956e-01	4.513964e-01	3.836974e-02	4.796218e-02	2.512445e-01	1.251672e-01	3.413743e-01	6.180186e-01
12763	4.122601e-01	7.495733e-01	4.232017e-02	5.290021e-02	2.771118e-01	2.647954e-01	2.850167e-01	6.471961e-01
5291	1.869069e-01	5.736784e-01	2.252112e-02	2.815140e-02	1.474679e-01	7.522529e-02	1.143740e-01	1.075914e-01
5174	1.409695e-01	7.887365e-01	6.136588e-02	7.670735e-02	4.018228e-01	2.108212e-01	8.834627e-01	8.155927e-01
22168	3.670187e-01	2.359246e-01	2.981568e-02	3.726960e-02	1.952326e-01	1.034163e-01	5.581798e-02	5.154088e-01
26305	3.847263e-01	1.522364e-01	2.886894e-02	3.608617e-02	1.890334e-01	1.790234e-01	9.776920e-01	2.948481e-01
741	5.606082e-01	9.659042e-01	2.818913e-02	3.523641e-02	1.845820e-01	1.464029e-01	9.509165e-01	8.685841e-01
1964	9.140358e-01	6.321295e-01	2.720108e-02	3.400134e-02	1.781122e-01	1.462912e-01	1.914011e-01	8.417822e-01
9273	1.054754e-01	6.775189e-01	4.180419e-02	5.225524e-02	2.737332e-01	1.669552e-01	4.219925e-01	3.428894e-02
3536	8.487611e-01	8.946671e-01	3.788587e-02	4.735734e-02	2.480761e-01	6.651492e-02	9.531009e-01	5.697806e-01
2950	4.604775e-01	3.054959e-01	4.434910e-02	5.543637e-02	2.903972e-01	1.372221e-01	1.574177e-01	4.136441e-01
19019	3.145818e-01	8.066678e-02	2.057277e-02	2.571596e-02	1.347102e-01	1.119516e-01	4.735767e-01	7.966063e-01
30225	3.316453e-01	4.983969e-01	2.138520e-02	2.673151e-02	1.400300e-01	3.754986e-02	4.097627e-01	4.841081e-01
29854	1.359237e-01	2.738756e-01	2.651712e-02	3.314640e-02	1.736337e-01	1.730268e-01	5.340908e-01	8.210431e-01
13391	3.626810e-01	8.586065e-02	3.133393e-02	3.916742e-02	2.051741e-01	1.427697e-01	6.393804e-02	1.770182e-01
7235	8.247524e-01	7.540147e-01	3.821478e-02	4.776847e-02	2.502298e-01	1.089931e-01	3.792568e-01	3.314479e-01
675	7.674459e-01	9.671473e-01	2.729497e-02	3.411871e-02	1.787270e-01	5.719745e-02	1.416374e-02	8.959337e-01
23743	1.516238e-01	9.010017e-01	2.086225e-02	2.607781e-02	1.366057e-01	1.311665e-01	6.284944e-01	3.143004e-01
21072	3.433477e-02	8.230947e-01	2.341919e-02	2.927399e-02	1.533485e-01	8.364307e-02	3.003812e-01	6.613503e-01
17769	7.829443e-01	2.317869e-01	7.375556e-02	9.219445e-02	4.829503e-01	4.613617e-01	9.938622e-01	5.856646e-01
4675	4.648521e-01	5.405216e-02	2.766723e-02	3.458404e-02	1.811646e-01	1.268244e-01	5.581925e-02	9.488264e-01
27849	2.395268e-01	5.751412e-01	2.524353e-02	3.155441e-02	1.652942e-01	1.334162e-01	2.946643e-01	9.729975e-01
32210	9.093121e-01	8.094716e-01	2.682749e-02	3.353436e-02	1.756660e-01	1.500644e-01	4.866107e-01	3.961308e-01
15571	8.568161e-01	6.854989e-01	4.290330e-02	5.362913e-02	2.809302e-01	1.011547e-01	2.150143e-01	5.380588e-01
26271	8.449858e-02	4.332301e-01	6.105326e-02	7.631658e-02	3.997758e-01	2.657702e-01	3.586580e-01	7.270256e-01
5296	7.493341e-01	9.304106e-01	2.173326e-02	2.716657e-02	1.423090e-01	1.418095e-01	1.495766e-01	4.838965e-01
13976	2.674236e-01	7.042232e-01	2.511514e-02	3.139392e-02	1.644535e-01	1.174720e-01	2.987617e-01	2.839337e-01
21649	2.891973e-01	5.357917e-01	2.965548e-02	3.706935e-02	1.941836e-01	1.395283e-01	5.781060e-01	2.076872e-01
25808	5.169106e-01	1.196118e-01	2.615179e-02	3.268973e-02	1.712415e-01	1.002219e-01	7.632130e-02	5.889492e-01
