5681	7.811454e-02	2.912629e-01	6.291759e-02	7.864699e-02	4.119834e-01	1.244807e-01	8.076033e-01	7.536697e-01
2604	4.996781e-01	3.003083e-01	2.135723e-02	2.669654e-02	1.398468e-01	1.213470e-01	7.900105e-01	2.836071e-01
30754	2.812075e-01	7.785668e-01	5.242643e-02	6.553304e-02	3.432875e-01	1.501713e-01	7.324727e-01	5.999131e-01
7292	8.924915e-01	3.316877e-01	2.705919e-02	3.382399e-02	1.771832e-01	1.707295e-01	8.363218e-01	3.294584e-02
23406	6.551623e-01	7.700447e-01	4.397315e-02	5.496643e-02	2.879355e-01	2.746059e-01	8.835536e-01	4.932667e-01
16288	6.331709e-02	8.736635e-01	2.232469e-02	2.790587e-02	1.461818e-01	9.456149e-02	6.267096e-01	8.272040e-01
14744	5.388341e-01	4.872335e-01	2.397661e-02	2.997076e-02	1.569984e-01	1.501544e-01	5.585746e-01	3.137122e-02
29998	4.071311e-01	3.167702e-01	3.738848e-02	4.673559e-02	2.448192e-01	1.379705e-01	5.031313e-01	6.803500e-01
2760	8.397398e-01	5.623369e-01	3.146056e-02	3.932570e-02	2.060032e-01	1.992236e-01	6.588870e-01	3.619494e-01
17737	7.086712e-01	3.051388e-01	2.280415e-02	2.850519e-02	1.493212e-01	5.936813e-02	8.119340e-01	3.336560e-01
4113	3.768269e-01	9.032914e-01	3.594267e-02	4.492834e-02	2.353521e-01	1.487956e-01	6.004125e-01	7.938514e-01
18117	4.986918e-02	1.694908e-01	3.830319e-02	4.787899e-02	2.508087e-01	1.082181e-01	9.660336e-01	3.925350e-01
24302	8.643419e-01	7.069287e-01	2.589106e-02	3.236383e-02	1.695343e-01	1.160891e-01	5.070104e-01	1.448605e-01
19997	6.084292e-01	5.910800e-01	6.139026e-02	7.673783e-02	4.019825e-01	2.387025e-01	5.626134e-01	4.571228e-01
29715	3.254311e-01	9.315087e-01	2.670819e-02	3.338523e-02	1.748848e-01	1.681901e-01	1.518895e-01	6.129168e-02
27892	2.916735e-02	9.582642e-01	2.449330e-02	3.061662e-02	1.603817e-01	1.453888e-01	7.809756e-01	8.681237e-01
22745	6.491520e-01	2.322059e-01	2.549789e-02	3.187237e-02	1.669598e-01	1.296259e-01	6.894516e-01	6.688863e-01
1591	6.390136e-01	6.786290e-02	3.112456e-02	3.890570e-02	2.038032e-01	1.325407e-01	9.730023e-01	7.807331e-01
4681	1.307291e-01	2.911544e-01	2.792829e-02	3.491037e-02	1.828740e-01	1.092430e-01	9.229080e-01	9.156015e-01
11686	8.857274e-01	4.899360e-01	3.416352e-02	4.270440e-02	2.237022e-01	1.153390e-01	1.582709e-01	6.818411e-01
14111	5.863238e-01	8.552422e-01	6.190625e-02	7.738281e-02	4.053612e-01	3.284816e-01	7.920318e-01	5.897764e-01
15340	9.882171e-02	6.811435e-02	4.590093e-02	5.737616e-02	3.005586e-01	7.909051e-02	5.774062e-01	4.539376e-01
19203	7.667417e-01	7.051066e-01	7.523963e-02	9.404953e-02	4.926679e-01	2.028309e-01	4.586913e-01	3.723777e-01
9992	3.769237e-02	2.037244e-01	3.046069e-02	3.807586e-02	1.994561e-01	1.985880e-01	9.717061e-01	9.167285e-01
8308	5.344889e-01	7.637761e-02	2.324105e-02	2.905131e-02	1.521820e-01	1.184162e-01	7.228458e-01	7.551735e-01
24899	4.603714e-01	7.809674e-01	2.057132e-02	2.571415e-02	1.347007e-01	1.256783e-01	5.536664e-01	5.293617e-01
19680	1.237976e-01	7.758468e-01	2.158864e-02	2.698580e-02	1.413621e-01	1.233444e-01	9.560766e-01	3.154892e-01
5643	2.494573e-01	6.358013e-01	4.349160e-02	5.436451e-02	2.847823e-01	2.618939e-01	4.134327e-01	3.674097e-01
10756	9.056417e-01	7.459255e-01	2.506264e-02	3.132831e-02	1.641098e-01	4.459104e-02	8.920504e-01	9.412327e-01
29321	7.141427e-01	8.754175e-01	3.648998e-02	4.561248e-02	2.389359e-01	1.432768e-01	2.665521e-01	3.408034e-01
8070	5.258097e-01	1.343145e-01	2.817009e-02	3.521262e-02	1.844573e-01	8.710128e-02	9.303493e-02	5.336590e-01
20775	6.984623e-01	7.136732e-01	2.130391e-02	2.662988e-02	1.394976e-01	1.377962e-01	5.097319e-01	6.855008e-01
30837	2.896194e-01	1.832974e-01	4.767732e-02	5.959665e-02	3.121904e-01	2.089664e-01	9.081245e-01	3.623957e-01
19015	3.503821e-01	7.295927e-02	2.620507e-02	3.275634e-02	1.715904e-01	7.132930e-02	9.205639e-01	7.580667e-01
6157	2.577795e-01	9.653382e-01	3.113005e-02	3.891256e-02	2.038391e-01	1.133512e-01	6.960675e-01	7.074214e-01
6740	5.528271e-01	7.345704e-01	2.986264e-02	3.732830e-02	1.955401e-01	6.789369e-02	5.752017e-01	5.020144e-01
2923	5.027747e-01	7.058172e-01	6.785980e-02	8.482475e-02	4.443449e-01	3.413229e-01	2.587284e-01	6.917435e-01
15259	6.030761e-01	3.612777e-01	7.323020e-02	9.153775e-02	4.795102e-01	3.774616e-01	9.722602e-01	5.529554e-01
26867	3.659420e-01	1.191409e-01	3.180410e-02	3.975513e-02	2.082528e-01	1.560058e-01	4.535094e-01	6.786052e-01
11111	7.625295e-01	2.879172e-01	6.389367e-02	7.986709e-02	4.183748e-01	2.268816e-01	7.907215e-01	4.565406e-01
6455	4.264145e-01	8.221928e-01	2.423942e-02	3.029927e-02	1.587193e-01	1.370208e-01	7.633014e-01	5.641323e-01
3871	7.821144e-01	5.548563e-01	3.086629e-02	3.858286e-02	2.021120e-01	1.963704e-01	6.657713e-01	3.476416e-01
25203	1.227165e-01	7.276530e-01	3.691518e-02	4.614398e-02	2.417200e-01	1.896211e-01	7.190392e-01	4.706355e-01
1525	8.390944e-01	7.116849e-02	4.035914e-02	5.044892e-02	2.642710e-01	2.629120e-01	7.573040e-01	8.573694e-01
13928	7.403945e-01	2.118657e-01	4.746148e-02	5.932685e-02	3.107770e-01	8.362467e-02	1.010204e-01	7.267043e-02
27356	3.952401e-01	2.150007e-01	3.250199e-02	4.062748e-02	2.128225e-01	2.119490e-01	5.305498e-01	7.610823e-01
30056	8.472740e-01	8.608295e-01	4.661826e-02	5.827283e-02	3.052557e-01	1.971920e-01	5.913998e-01	8.340898e-01
19498	8.335942e-01	3.323891e-01	2.097309e-02	2.621636e-02	1.373314e-01	7.666688e-02	9.017854e-02	2.395227e-02
943	4.281749e-01	7.180398e-02	3.226231e-02	4.032788e-02	2.112531e-01	1.293414e-01	6.095316e-01	8.034370e-01
27758	3.072314e-01	8.064212e-01	2.697467e-02	3.371833e-02	1.766297e-01	1.241002e-01	8.682329e-01	5.954897e-02
21164	2.441116e-01	8.190271e-01	2.312247e-02	2.890309e-02	1.514056e-01	1.514049e-01	3.861787e-01	8.982799e-01
18826	1.057538e-01	9.182775e-01	2.638016e-02	3.297520e-02	1.727369e-01	1.566918e-01	6.813954e-01	8.646175e-01
15253	5.270807e-01	8.797731e-01	2.179607e-02	2.724508e-02	1.427203e-01	1.285963e-01	7.567829e-01	9.616505e-01
27086	8.867736e-01	1.892716e-01	6.095323e-02	7.619153e-02	3.991208e-01	3.989837e-01	2.845994e-01	7.672894e-01
26155	3.401749e-01	6.407925e-01	3.043270e-02	3.804087e-02	1.992728e-01	1.619385e-01	1.293813e-01	7.324792e-01
1995	1.411184e-01	4.406368e-01	4.498943e-02	5.623678e-02	2.945901e-01	2.771621e-01	2.803921e-01	9.632127e-01
161	1.476621e-01	9.461169e-02	4.148682e-02	5.185853e-02	2.716551e-01	1.714120e-01	3.842670e-01	3.778768e-01
8039	2.247121e-01	2.259133e-01	4.185300e-02	5.231624e-02	2.740528e-01	1.272754e-01	8.409476e-01	8.533899e-01
31243	4.820150e-01	8.748919e-01	4.947384e-02	6.184230e-02	3.239539e-01	2.248239e-01	9.432784e-01	8.159262e-01
31906	2.457183e-01	4.854939e-01	2.509192e-02	3.136490e-02	1.643015e-01	1.426558e-01	5.625751e-01	4.549627e-01
29248	1.885846e-01	3.603521e-01	5.728009e-02	7.160011e-02	3.750691e-01	3.427023e-01	4.983627e-03	8.410586e-01
9381	9.247217e-01	7.680087e-01	2.146791e-02	2.683489e-02	1.405716e-01	5.886658e-02	5.398540e-01	6.178354e-01
6169	5.459833e-01	7.866772e-01	2.220037e-02	2.775046e-02	1.453677e-01	1.418594e-01	4.107361e-01	4.219295e-01
1458	9.777589e-02	3.403174e-01	2.271038e-02	2.838798e-02	1.487072e-01	1.477280e-01	2.609949e-01	1.640133e-01
17627	9.458322e-01	9.370480e-01	4.131814e-02	5.164767e-02	2.705505e-01	9.338394e-02	1.997713e-01	5.293885e-01
11462	7.668870e-01	3.849288e-01	5.104450e-02	6.380562e-02	3.342386e-01	2.704630e-01	2.100311e-01	9.284317e-01
22692	7.529871e-01	1.947963e-01	2.262335e-02	2.827919e-02	1.481373e-01	5.630272e-02	8.852757e-01	3.757478e-01
6543	8.206715e-01	6.311774e-01	2.890527e-02	3.613158e-02	1.892712e-01	7.260381e-02	6.130061e-01	4.509002e-01
12650	4.542606e-01	9.551634e-01	2.112983e-02	2.641229e-02	1.383578e-01	1.325216e-01	4.693581e-01	1.357114e-01
5193	9.541819e-01	5.879878e-01	2.399483e-02	2.999354e-02	1.571178e-01	1.482742e-01	1.459138e-01	7.516701e-01
854	4.120364e-01	6.039342e-01	4.329652e-02	5.412065e-02	2.835049e-01	2.441592e-01	4.032781e-01	9.673985e-01
11238	8.163755e-01	4.994277e-01	3.454469e-02	4.318087e-02	2.261981e-01	6.979908e-02	7.055223e-01	3.831324e-01
3608	6.201761e-02	4.733597e-01	2.338760e-02	2.923450e-02	1.531417e-01	1.255184e-01	2.779608e-01	7.140808e-01
4207	9.603913e-02	1.680815e-01	3.675200e-02	4.594001e-02	2.406516e-01	2.398174e-01	5.195412e-01	5.031948e-03
18194	8.216582e-01	9.121710e-01	2.305760e-02	2.882200e-02	1.509808e-01	1.508660e-01	1.647700e-01	8.037358e-01
13838	8.663246e-01	7.876826e-01	3.014143e-02	3.767679e-02	1.973656e-01	1.948216e-01	1.901471e-01	5.580205e-01
629	6.690834e-01	2.786432e-01	5.249917e-02	6.562396e-02	3.437638e-01	1.630808e-01	2.713540e-01	9.045448e-01
22243	1.269030e-01	2.510879e-01	2.294757e-02	2.868447e-02	1.502603e-01	1.477780e-01	2.413560e-01	6.213918e-02
