8841	1.886888e-01	3.665864e-01	3.368681e-02	4.210851e-02	2.205807e-01	6.735014e-02	5.518324e-01	6.845184e-01
24724	8.466951e-01	5.084366e-01	3.169560e-02	3.961950e-02	2.075423e-01	9.834612e-02	4.903737e-02	1.030104e-01
32501	4.118435e-01	2.813507e-01	2.901837e-02	3.627297e-02	1.900119e-01	1.120590e-01	9.032484e-01	2.265141e-01
26359	2.557416e-01	6.375695e-01	4.601989e-02	5.752487e-02	3.013375e-01	2.882999e-01	5.129005e-01	2.645591e-01
7828	4.050063e-01	1.573098e-01	2.973471e-02	3.716839e-02	1.947024e-01	1.662371e-01	5.122446e-01	9.818022e-01
27634	6.358038e-01	8.810940e-01	7.445263e-02	9.306579e-02	4.875147e-01	4.863898e-01	7.735011e-01	2.469074e-01
5080	8.898244e-01	1.252278e-01	3.283680e-02	4.104600e-02	2.150149e-01	1.864934e-01	1.762584e-01	2.464405e-01
13224	7.669610e-01	5.472559e-01	3.175668e-02	3.969585e-02	2.079423e-01	1.839269e-01	5.085100e-01	8.220289e-01
17474	2.639534e-01	7.235667e-01	3.822099e-02	4.777623e-02	2.502704e-01	1.433059e-01	2.114744e-01	8.939297e-01
18683	1.410548e-01	3.768904e-01	4.127719e-02	5.159649e-02	2.702824e-01	2.175652e-01	8.316989e-01	3.922509e-01
10860	8.082657e-01	5.003574e-01	2.465895e-02	3.082369e-02	1.614664e-01	7.928615e-02	4.068829e-01	8.562236e-01
12591	8.827394e-01	4.326614e-01	2.152547e-02	2.690683e-02	1.409484e-01	5.396639e-02	7.106583e-01	8.304784e-01
2971	4.490568e-01	3.827355e-01	2.191494e-02	2.739368e-02	1.434987e-01	8.880399e-02	2.238833e-01	9.802430e-01
22726	9.597476e-01	5.675950e-01	3.167904e-02	3.959880e-02	2.074338e-01	1.263677e-01	2.374078e-02	8.182802e-01
30388	9.235039e-01	5.513052e-01	2.234095e-02	2.792619e-02	1.462882e-01	5.219282e-02	4.221034e-01	1.972894e-01
31554	6.327113e-01	4.892025e-01	4.448491e-02	5.560614e-02	2.912865e-01	2.515051e-01	4.644090e-01	9.658740e-01
9540	7.418499e-01	2.889264e-01	4.369116e-02	5.461395e-02	2.860890e-01	2.858020e-01	7.203449e-02	8.891157e-01
17039	1.229159e-01	5.285444e-01	2.684955e-02	3.356194e-02	1.758104e-01	1.387679e-01	6.440141e-01	6.103438e-01
18490	5.600989e-01	4.542763e-01	2.445175e-02	3.056469e-02	1.601097e-01	6.176515e-02	2.474340e-02	8.711480e-01
3673	7.585909e-01	3.783054e-01	2.154017e-02	2.692522e-02	1.410447e-01	9.525187e-02	7.136286e-02	5.869789e-01
20497	6.946650e-01	7.570142e-01	3.002429e-02	3.753036e-02	1.965986e-01	7.082572e-02	8.416208e-01	3.414001e-01
31902	9.519776e-01	2.276089e-01	2.543923e-02	3.179903e-02	1.665757e-01	1.665417e-01	5.827601e-02	8.883427e-01
5827	3.101969e-01	2.527060e-01	3.473122e-02	4.341402e-02	2.274195e-01	2.274143e-01	4.874600e-02	8.548704e-01
24315	8.226794e-01	2.000783e-01	2.552281e-02	3.190351e-02	1.671230e-01	1.627449e-01	3.695994e-01	1.607473e-01
2495	6.837780e-01	4.142994e-01	3.753803e-02	4.692254e-02	2.457985e-01	1.277762e-01	6.905843e-01	1.164869e-01
15310	6.605523e-01	6.849778e-01	2.759454e-02	3.449318e-02	1.806886e-01	1.227404e-01	5.230034e-01	6.429029e-01
20401	1.299661e-01	6.430160e-01	3.040242e-02	3.800303e-02	1.990746e-01	1.967799e-01	6.146645e-01	2.590096e-01
24881	7.961951e-02	3.012127e-01	2.982539e-02	3.728173e-02	1.952962e-01	1.591597e-01	2.938498e-01	1.712199e-01
30119	8.822462e-01	2.915605e-01	7.374252e-02	9.217815e-02	4.828649e-01	2.669827e-01	6.373799e-01	5.354437e-01
26425	4.943471e-01	5.111859e-01	2.811990e-02	3.514987e-02	1.841287e-01	1.395379e-01	5.206138e-02	5.601848e-02
32206	6.082529e-01	2.399413e-01	6.725859e-02	8.407324e-02	4.404082e-01	1.565413e-01	6.774915e-01	5.577438e-01
30821	1.679875e-01	1.540523e-01	4.255108e-02	5.318884e-02	2.786238e-01	2.340672e-01	3.262752e-01	6.473116e-02
28409	8.050348e-01	8.427736e-01	2.781891e-02	3.477363e-02	1.821578e-01	9.033140e-02	7.087064e-01	7.418765e-01
5777	1.805733e-01	8.796349e-01	2.137528e-02	2.671910e-02	1.399650e-01	7.934727e-02	6.889014e-01	9.550354e-01
19108	6.894042e-01	7.254029e-01	2.817219e-02	3.521524e-02	1.844711e-01	8.064002e-02	9.927169e-01	8.230599e-01
16742	8.349057e-01	4.526486e-01	2.405610e-02	3.007013e-02	1.575190e-01	6.373068e-02	4.497983e-01	8.675247e-01
31419	7.567448e-01	7.971052e-01	4.930538e-02	6.163173e-02	3.228509e-01	2.596896e-01	5.241710e-01	5.325526e-01
26241	3.835894e-01	2.567842e-01	5.049183e-02	6.311478e-02	3.306197e-01	1.601130e-01	7.445959e-01	5.309405e-01
22454	4.087972e-01	9.193817e-01	3.738118e-02	4.672648e-02	2.447714e-01	2.273103e-01	9.232146e-01	9.826113e-01
14909	7.145465e-01	1.382981e-01	2.788209e-02	3.485261e-02	1.825715e-01	6.047768e-02	7.883865e-01	1.209211e-01
5317	7.936479e-02	5.029667e-01	2.119037e-02	2.648797e-02	1.387542e-01	1.384429e-01	9.614249e-02	1.138996e-01
17581	8.153814e-01	1.134642e-01	2.936764e-02	3.670955e-02	1.922989e-01	1.369619e-01	7.087786e-01	2.873843e-02
11190	2.796939e-01	5.377779e-01	2.502650e-02	3.128313e-02	1.638731e-01	5.364115e-02	9.301288e-01	9.164774e-01
9111	2.716069e-01	2.792723e-01	4.857124e-02	6.071405e-02	3.180438e-01	1.308782e-01	4.837216e-01	7.916365e-01
7409	3.189981e-01	7.431714e-01	3.595322e-02	4.494153e-02	2.354211e-01	2.353536e-01	2.697296e-01	6.520304e-01
24045	8.420164e-01	6.150292e-01	2.172514e-02	2.715643e-02	1.422559e-01	9.911473e-02	9.131199e-01	2.179922e-01
25113	9.028144e-02	8.795718e-01	2.180004e-02	2.725005e-02	1.427463e-01	4.639899e-02	2.124953e-01	3.780306e-01
22853	2.609695e-01	4.364631e-01	7.819707e-02	9.774634e-02	5.120332e-01	5.112628e-01	3.385160e-01	5.345673e-01
14086	5.117528e-01	6.414538e-01	2.176494e-02	2.720617e-02	1.425165e-01	1.385210e-01	3.594268e-01	3.881378e-01
13636	7.085379e-01	7.949320e-01	2.154131e-02	2.692664e-02	1.410522e-01	1.180258e-01	7.683616e-01	5.639472e-02
29196	3.548257e-01	1.149054e-01	3.344260e-02	4.180325e-02	2.189816e-01	1.704332e-01	6.949266e-01	2.605245e-01
21344	6.611684e-01	8.180895e-01	2.589468e-02	3.236835e-02	1.695580e-01	6.170495e-02	9.472890e-01	9.615087e-01
1243	6.214319e-01	8.778299e-02	3.558606e-02	4.448258e-02	2.330170e-01	1.443136e-01	4.974907e-01	4.772638e-01
19075	8.959563e-02	7.067311e-01	2.099222e-02	2.624027e-02	1.374567e-01	1.113300e-01	7.687295e-01	2.775231e-01
19109	3.013605e-01	5.060707e-01	2.377323e-02	2.971653e-02	1.556667e-01	1.556275e-01	4.086594e-01	1.680280e-01
14865	7.281696e-01	4.411615e-01	2.379791e-02	2.974739e-02	1.558284e-01	6.362086e-02	1.752468e-01	4.072799e-01
2404	6.567198e-01	4.562246e-02	2.885874e-02	3.607342e-02	1.889666e-01	1.889255e-01	4.329168e-01	5.817893e-01
13574	2.001709e-01	7.408174e-01	2.738036e-02	3.422545e-02	1.792862e-01	1.792649e-01	4.943466e-01	1.927247e-02
24990	5.513702e-02	4.136828e-01	3.150519e-02	3.938148e-02	2.062955e-01	2.018249e-01	2.956499e-01	9.128856e-02
23508	4.566489e-01	6.023465e-01	3.229966e-02	4.037458e-02	2.114977e-01	1.079966e-01	5.567342e-01	5.970293e-01
29718	8.276690e-01	8.190151e-01	3.190059e-02	3.987574e-02	2.088846e-01	1.582771e-01	2.550592e-01	9.728622e-01
2989	2.035882e-01	8.401405e-01	2.557976e-02	3.197471e-02	1.674959e-01	5.870915e-02	5.354038e-01	2.064639e-01
15667	6.986254e-01	5.260160e-01	2.275963e-02	2.844953e-02	1.490297e-01	1.279674e-01	3.719922e-01	1.003688e-01
4828	3.341533e-01	9.113633e-01	3.707925e-02	4.634906e-02	2.427943e-01	2.179364e-01	4.831600e-01	9.397405e-01
19518	7.977595e-01	5.516846e-01	2.406222e-02	3.007778e-02	1.575591e-01	1.372157e-01	1.532733e-01	1.612403e-01
9254	5.145813e-01	8.145536e-01	2.301636e-02	2.877045e-02	1.507108e-01	1.274387e-01	1.506887e-01	5.551717e-01
2516	5.013310e-01	6.892205e-01	4.857929e-02	6.072412e-02	3.180965e-01	3.125218e-01	5.232140e-01	2.383340e-01
19357	6.294769e-02	6.676032e-01	3.014950e-02	3.768688e-02	1.974185e-01	1.446518e-01	6.306255e-01	1.885252e-01
