10439	2.338451e-01	2.420794e-01	4.843190e-02	6.053987e-02	3.171313e-01	3.111697e-01	6.797175e-01	6.748416e-01
21311	1.813131e-01	2.596542e-01	3.063660e-02	3.829575e-02	2.006080e-01	5.749843e-02	6.601650e-01	2.386555e-01
15170	7.755950e-01	6.900164e-01	2.387156e-02	2.983946e-02	1.563106e-01	1.278739e-01	7.591743e-01	3.848669e-01
30764	9.051929e-01	4.362692e-01	2.696511e-02	3.370639e-02	1.765671e-01	1.765626e-01	3.175084e-01	3.063629e-01
29762	7.092213e-01	2.003562e-01	6.086240e-02	7.607800e-02	3.985261e-01	2.909205e-01	5.948764e-01	9.211664e-01
11940	7.335181e-01	1.083524e-01	4.745353e-02	5.931691e-02	3.107250e-01	2.413688e-01	3.074642e-01	7.931145e-01
7455	2.438554e-01	4.042557e-01	6.106577e-02	7.633221e-02	3.998577e-01	2.201334e-01	7.326980e-01	1.586395e-01
15392	2.309307e-01	5.736982e-01	7.127696e-02	8.909620e-02	4.667204e-01	3.703149e-01	1.120325e-01	1.779842e-01
20498	1.167326e-01	5.891089e-01	3.034263e-02	3.792828e-02	1.986830e-01	1.226472e-01	3.910709e-01	8.319229e-01
6269	7.210164e-01	7.680473e-01	2.183330e-02	2.729163e-02	1.429641e-01	9.853033e-02	2.237457e-01	2.356879e-01
31903	8.565312e-01	5.153462e-02	3.332871e-02	4.166089e-02	2.182359e-01	2.109882e-01	9.994128e-01	3.962322e-01
32525	1.050106e-01	2.658315e-01	6.112555e-02	7.640693e-02	4.002491e-01	1.611890e-01	8.790623e-01	5.333197e-01
13762	8.700990e-01	5.636198e-01	4.053915e-02	5.067393e-02	2.654497e-01	2.620446e-01	4.960366e-01	6.777222e-01
26570	4.593135e-01	1.199568e-01	3.037137e-02	3.796421e-02	1.988712e-01	1.614787e-01	9.441299e-01	3.164300e-01
28880	4.895152e-01	5.998691e-01	3.900115e-02	4.875144e-02	2.553789e-01	2.194879e-01	2.633942e-01	3.682875e-01
28707	1.965651e-01	7.548565e-01	3.076670e-02	3.845837e-02	2.014599e-01	1.724720e-01	8.084980e-02	5.344403e-01
4230	4.024782e-01	2.825402e-01	2.467368e-02	3.084209e-02	1.615628e-01	7.407448e-02	6.870226e-01	4.793981e-01
28328	9.490399e-01	8.637526e-01	3.426245e-02	4.282806e-02	2.243500e-01	1.703671e-01	5.930909e-01	5.067028e-01
29138	4.182541e-01	3.915763e-01	2.726585e-02	3.408231e-02	1.785364e-01	9.601083e-02	2.250779e-01	4.265161e-01
11724	1.379732e-01	1.691174e-01	2.870522e-02	3.588153e-02	1.879613e-01	1.793232e-01	7.965785e-02	8.852652e-02
12727	3.715442e-01	9.219024e-01	5.701205e-02	7.126506e-02	3.733140e-01	1.089838e-01	8.136663e-01	9.419147e-01
32115	7.087286e-01	4.784443e-01	2.674234e-02	3.342793e-02	1.751084e-01	4.733374e-02	1.209258e-01	5.457443e-01
27840	3.115301e-01	6.693351e-01	7.305589e-02	9.131986e-02	4.783688e-01	3.483353e-01	7.239898e-01	9.057008e-01
13949	8.198935e-01	8.906953e-01	2.116614e-02	2.645767e-02	1.385955e-01	4.252748e-02	8.325097e-01	9.410130e-01
4167	5.956193e-01	6.117288e-01	7.203246e-02	9.004057e-02	4.716674e-01	3.415566e-01	6.472445e-02	9.380374e-01
10677	6.779058e-02	9.541661e-01	2.130724e-02	2.663405e-02	1.395195e-01	1.290637e-01	7.941457e-01	2.832512e-01
582	7.691023e-01	1.745931e-01	5.169630e-02	6.462037e-02	3.385066e-01	1.183413e-01	1.860603e-01	7.354829e-01
17946	8.466014e-01	7.481717e-01	2.964694e-02	3.705868e-02	1.941277e-01	1.940785e-01	5.732484e-01	9.143207e-01
32416	3.732732e-01	6.029538e-01	2.119047e-02	2.648809e-02	1.387549e-01	6.588007e-02	1.927738e-01	2.839460e-03
6429	5.001392e-01	2.473816e-01	3.797143e-02	4.746428e-02	2.486363e-01	9.115420e-02	1.646942e-01	7.451639e-01
8083	5.718336e-01	3.333775e-01	4.595779e-02	5.744724e-02	3.009309e-01	2.944428e-01	9.913716e-02	9.874252e-01
18532	9.475566e-01	6.289116e-01	2.431978e-02	3.039973e-02	1.592456e-01	1.291121e-01	4.343990e-01	5.239724e-01
20688	4.060624e-01	4.789691e-01	2.400987e-02	3.001234e-02	1.572163e-01	6.446282e-02	8.818258e-02	7.703967e-01
20209	2.879390e-01	5.350586e-01	3.685496e-02	4.606870e-02	2.413257e-01	2.330586e-01	1.379443e-01	2.370771e-01
1553	9.114748e-01	1.666800e-01	2.412123e-02	3.015153e-02	1.579454e-01	1.075988e-01	9.439815e-02	4.874547e-01
20282	3.947229e-01	2.147416e-01	6.645197e-02	8.306496e-02	4.351264e-01	1.202613e-01	7.243022e-01	6.777714e-01
18489	8.188565e-01	6.126008e-01	2.094384e-02	2.617980e-02	1.371400e-01	1.341850e-01	6.464817e-01	7.484188e-01
27820	1.579946e-01	4.116430e-01	2.760494e-02	3.450618e-02	1.807567e-01	1.398711e-01	9.331970e-01	2.532830e-01
11582	4.231217e-01	6.225773e-01	2.639053e-02	3.298816e-02	1.728048e-01	1.552694e-01	1.180948e-01	2.392170e-01
4734	5.166259e-01	8.969066e-01	7.750553e-02	9.688191e-02	5.075050e-01	3.817490e-01	4.193644e-01	6.351692e-01
23405	6.327148e-01	3.475654e-01	2.267349e-02	2.834186e-02	1.484657e-01	4.987055e-02	3.501905e-01	8.641913e-01
25519	5.285496e-01	3.661309e-01	3.456876e-02	4.321095e-02	2.263557e-01	1.550447e-01	4.129093e-01	8.581032e-01
6196	6.859878e-01	6.181943e-01	3.251035e-02	4.063794e-02	2.128773e-01	1.845875e-01	1.694118e-01	2.447925e-01
18976	3.928609e-01	6.481717e-02	4.843523e-02	6.054404e-02	3.171531e-01	3.124238e-01	8.696431e-01	4.691797e-01
29044	3.531070e-01	5.533375e-01	2.487332e-02	3.109165e-02	1.628701e-01	1.540272e-01	8.972344e-01	1.870538e-01
30840	6.205486e-01	8.784738e-01	6.669507e-02	8.336884e-02	4.367183e-01	3.882816e-01	5.811468e-01	9.670503e-01
2237	3.203695e-01	2.767660e-01	6.209412e-02	7.761765e-02	4.065913e-01	1.157166e-01	6.695848e-01	5.781182e-01
15831	3.365463e-01	3.123506e-01	3.591935e-02	4.489918e-02	2.351993e-01	9.857182e-02	9.091817e-02	9.538657e-01
138	5.709210e-01	4.008427e-01	2.771729e-02	3.464661e-02	1.814924e-01	1.813170e-01	7.433744e-02	3.406800e-01
3186	8.933057e-01	8.216114e-01	6.696088e-02	8.370110e-02	4.384588e-01	4.283340e-01	7.212711e-01	3.100213e-01
19706	8.628081e-01	4.634915e-01	2.538638e-02	3.173297e-02	1.662296e-01	1.658157e-01	1.854552e-01	7.599046e-01
9074	9.003272e-01	6.157077e-01	2.288867e-02	2.861084e-02	1.498747e-01	1.241138e-01	9.598578e-01	3.977615e-01
26328	5.726988e-01	8.530442e-01	3.155670e-02	3.944588e-02	2.066328e-01	7.628198e-02	6.531830e-01	3.613950e-01
940	8.761852e-02	5.572488e-01	2.077924e-02	2.597405e-02	1.360621e-01	1.171954e-01	2.604888e-01	7.503304e-01
19233	6.253074e-01	6.449984e-02	2.205872e-02	2.757340e-02	1.444401e-01	4.224885e-02	9.207039e-01	1.909215e-01
4531	2.915979e-01	3.598561e-01	2.066998e-02	2.583747e-02	1.353467e-01	1.243806e-01	1.582892e-01	3.721563e-01
19027	3.759839e-01	3.282638e-01	3.207309e-02	4.009136e-02	2.100141e-01	1.079513e-01	8.026727e-01	4.309648e-01
15092	2.923786e-01	4.302953e-01	4.273608e-02	5.342010e-02	2.798352e-01	7.939573e-02	4.682523e-01	1.312632e-02
18982	5.022917e-01	7.852237e-01	5.161743e-02	6.452178e-02	3.379901e-01	3.372526e-01	5.543870e-01	5.920888e-01
29636	2.114884e-01	4.826116e-02	2.758313e-02	3.447892e-02	1.806139e-01	1.750015e-01	2.709672e-01	7.672736e-01
31075	4.778993e-01	1.685926e-01	2.876764e-02	3.595955e-02	1.883701e-01	1.254294e-01	1.786305e-01	6.551066e-01
14251	7.963343e-01	5.489610e-02	4.963762e-02	6.204703e-02	3.250264e-01	2.684618e-01	3.969813e-02	5.857166e-01
10817	7.144347e-01	6.516619e-01	2.523753e-02	3.154692e-02	1.652550e-01	7.936704e-02	7.124558e-01	5.432474e-01
7331	4.336490e-02	1.265324e-01	2.081793e-02	2.602241e-02	1.363155e-01	6.230380e-02	2.775239e-02	3.690660e-01
31081	6.459680e-02	5.242943e-01	6.497970e-02	8.122462e-02	4.254861e-01	2.397984e-01	8.502744e-01	4.096610e-01
15016	5.893217e-01	3.611695e-02	2.736781e-02	3.420976e-02	1.792040e-01	1.336226e-01	3.190154e-01	6.424569e-01
7364	8.163970e-01	4.366714e-01	3.811029e-02	4.763786e-02	2.495456e-01	1.923276e-01	9.868635e-02	5.302231e-01
19607	4.269440e-01	3.030000e-01	2.214523e-02	2.768154e-02	1.450066e-01	1.321027e-01	1.359528e-01	3.064724e-01
7835	7.525777e-01	9.170141e-01	6.135520e-02	7.669400e-02	4.017529e-01	1.311989e-01	6.910321e-01	5.838370e-01
31390	1.102182e-01	3.608175e-01	2.055489e-02	2.569362e-02	1.345931e-01	1.154522e-01	6.012279e-02	5.092102e-01
1005	5.555716e-02	9.742725e-02	2.126324e-02	2.657905e-02	1.392314e-01	5.893645e-02	5.618536e-01	4.198999e-02
9103	9.140650e-01	5.520353e-01	2.255845e-02	2.819806e-02	1.477124e-01	1.238485e-01	2.431722e-01	6.916689e-01
7306	2.170404e-01	2.931273e-01	2.165805e-02	2.707257e-02	1.418166e-01	1.382416e-01	2.598263e-01	8.275279e-01
16268	2.165529e-01	7.837309e-01	3.386051e-02	4.232564e-02	2.217181e-01	1.041216e-01	8.231166e-01	8.261311e-01
