19344	6.517420e-01	7.312525e-01	3.230212e-02	4.037766e-02	2.115138e-01	1.940789e-01	4.748810e-01	1.774788e-01
16360	3.487994e-01	8.882237e-01	3.726179e-02	4.657724e-02	2.439896e-01	1.077648e-01	4.642825e-01	1.849741e-01
21085	4.071680e-01	6.313212e-01	2.698936e-02	3.373670e-02	1.767259e-01	1.756889e-01	3.670181e-01	3.844010e-01
5573	1.480476e-01	2.803694e-01	2.650946e-02	3.313683e-02	1.735835e-01	7.079409e-02	9.255501e-01	5.672100e-01
3439	7.677056e-02	7.328157e-01	2.406434e-02	3.008042e-02	1.575729e-01	4.195934e-02	8.544216e-01	6.459254e-01
4326	3.139740e-01	8.310180e-01	2.154968e-02	2.693710e-02	1.411070e-01	1.394005e-01	5.904986e-01	2.076483e-01
15287	6.304289e-01	6.226227e-01	6.268872e-02	7.836090e-02	4.104848e-01	3.614481e-01	6.130914e-01	2.430545e-01
9672	7.479840e-01	7.503286e-01	5.261981e-02	6.577476e-02	3.445537e-01	2.327479e-01	3.353221e-01	9.398274e-01
26029	2.438725e-01	4.533190e-01	5.744615e-02	7.180768e-02	3.761565e-01	3.738921e-01	8.905449e-01	4.205608e-02
5525	8.397438e-02	1.838827e-01	3.776899e-02	4.721124e-02	2.473108e-01	1.580841e-01	3.324037e-01	9.982179e-01
11258	7.898606e-01	3.547869e-01	3.109511e-02	3.886889e-02	2.036103e-01	1.455356e-01	1.553344e-01	9.050994e-02
10675	3.204059e-01	9.396415e-01	2.178397e-02	2.722996e-02	1.426411e-01	8.996375e-02	3.145461e-01	1.305763e-01
10392	9.282618e-01	6.269685e-02	2.768038e-02	3.460047e-02	1.812507e-01	1.376097e-01	9.302352e-01	5.119082e-01
10245	4.615189e-01	2.147036e-01	2.206067e-02	2.757584e-02	1.444529e-01	4.605194e-02	4.066290e-01	3.634983e-01
18751	2.970169e-01	7.998678e-02	3.381129e-02	4.226412e-02	2.213958e-01	1.176837e-01	2.695006e-02	5.843862e-01
17677	9.178218e-01	8.575328e-01	7.329129e-02	9.161411e-02	4.799102e-01	4.570882e-01	3.244506e-01	1.207738e-01
2790	7.261028e-01	2.520349e-01	2.428152e-02	3.035191e-02	1.589950e-01	1.303982e-01	5.902234e-01	5.399826e-01
6208	3.699723e-01	1.817115e-01	2.133237e-02	2.666546e-02	1.396840e-01	5.073495e-02	4.591691e-01	2.913923e-01
27344	3.805873e-01	7.346523e-01	4.385772e-02	5.482215e-02	2.871797e-01	2.076711e-01	9.211546e-01	8.841556e-03
26167	1.455139e-01	4.554501e-01	6.307999e-02	7.884999e-02	4.130468e-01	1.536332e-01	2.734392e-01	4.038814e-02
21675	6.897893e-01	6.330288e-02	4.257721e-02	5.322151e-02	2.787949e-01	8.009539e-02	4.913134e-01	9.464037e-01
21838	9.497305e-01	1.177528e-01	2.892332e-02	3.615415e-02	1.893895e-01	1.889849e-01	5.062994e-01	9.733861e-01
7281	4.643935e-01	9.454022e-02	6.276013e-02	7.845016e-02	4.109523e-01	3.777253e-01	1.927318e-01	1.409966e-01
27312	9.291169e-01	9.320224e-01	2.448141e-02	3.060176e-02	1.603039e-01	9.686762e-02	7.773575e-01	6.267279e-01
30624	5.013393e-01	6.469586e-01	3.011330e-02	3.764163e-02	1.971814e-01	7.956172e-02	5.899890e-01	2.318904e-01
15458	8.869465e-02	4.379826e-01	2.486652e-02	3.108316e-02	1.628256e-01	1.392800e-01	2.217550e-01	1.085205e-01
18554	9.055359e-01	5.088313e-01	3.206730e-02	4.008413e-02	2.099762e-01	1.629453e-01	5.989780e-01	1.444530e-01
7631	6.232384e-01	4.507715e-01	3.868146e-02	4.835182e-02	2.532856e-01	2.491232e-01	3.581562e-01	6.664823e-01
29376	4.456493e-01	4.112019e-01	2.961705e-02	3.702132e-02	1.939320e-01	1.753470e-01	5.749409e-01	5.505453e-01
1485	8.236093e-01	5.200650e-01	2.879366e-02	3.599208e-02	1.885404e-01	1.525882e-01	9.664839e-01	8.482268e-01
10351	2.364242e-01	8.587818e-01	2.809703e-02	3.512128e-02	1.839789e-01	1.148528e-01	9.792296e-03	3.018853e-01
4249	6.636034e-01	8.280639e-01	2.146086e-02	2.682607e-02	1.405254e-01	4.858854e-02	1.665583e-01	3.712976e-01
21202	6.512618e-01	7.929301e-01	2.429062e-02	3.036327e-02	1.590546e-01	6.414157e-02	9.926961e-01	9.833663e-01
10275	6.628879e-01	8.653859e-01	4.022708e-02	5.028385e-02	2.634063e-01	2.467044e-01	8.287425e-02	2.981087e-01
12702	5.639594e-01	6.697145e-01	5.567005e-02	6.958756e-02	3.645266e-01	2.182923e-01	1.365400e-01	3.744595e-01
16226	3.509124e-01	6.521771e-01	3.634384e-02	4.542980e-02	2.379789e-01	1.964241e-01	8.913158e-01	8.242941e-01
20705	3.797119e-02	6.240602e-01	4.096380e-02	5.120475e-02	2.682303e-01	2.314585e-01	8.491700e-01	4.182830e-02
30286	2.448514e-01	5.797748e-01	3.440099e-02	4.300124e-02	2.252571e-01	1.423173e-01	6.501786e-01	3.310749e-01
26737	5.883605e-01	1.778988e-01	5.074327e-02	6.342909e-02	3.322662e-01	2.187269e-01	7.845207e-01	1.487439e-01
16723	6.495754e-01	3.650394e-01	2.181695e-02	2.727119e-02	1.428570e-01	8.456888e-02	1.256848e-01	5.506947e-02
5121	2.570621e-01	1.927757e-01	4.453425e-02	5.566782e-02	2.916096e-01	2.766225e-01	3.164990e-02	5.784960e-01
14028	7.911772e-01	7.307611e-01	2.993490e-02	3.741862e-02	1.960132e-01	1.271896e-01	9.797173e-01	3.570055e-01
27534	7.703564e-01	8.423656e-01	5.128295e-02	6.410369e-02	3.358000e-01	1.220928e-01	7.502024e-01	9.764413e-01
27904	5.933060e-01	3.439033e-01	6.305209e-02	7.881512e-02	4.128641e-01	2.630888e-01	3.446284e-01	9.526012e-01
23303	5.291976e-01	2.507001e-01	2.410448e-02	3.013060e-02	1.578358e-01	1.247925e-01	4.293009e-01	5.162639e-01
10826	3.096799e-01	7.132836e-01	3.161067e-02	3.951334e-02	2.069862e-01	1.000832e-01	1.227686e-02	7.459370e-01
7252	1.092037e-01	6.665172e-01	2.074683e-02	2.593354e-02	1.358499e-01	1.049156e-01	4.595989e-01	6.829324e-02
14796	1.478533e-01	1.176215e-01	4.928010e-02	6.160012e-02	3.226853e-01	3.029702e-01	1.566059e-01	2.217205e-03
18984	6.197478e-01	6.928427e-01	4.223343e-02	5.279178e-02	2.765438e-01	1.054583e-01	6.956459e-01	4.320415e-01
684	4.076255e-01	1.455887e-01	2.462529e-02	3.078161e-02	1.612460e-01	1.229183e-01	3.365221e-02	3.608981e-01
16491	6.798566e-01	6.393935e-01	3.627202e-02	4.534002e-02	2.375086e-01	1.580691e-01	4.047237e-01	7.772708e-01
27583	7.726978e-01	8.068681e-02	2.105894e-02	2.632367e-02	1.378936e-01	1.310343e-01	5.528703e-01	9.558624e-01
25933	8.728318e-02	3.249539e-01	3.720193e-02	4.650242e-02	2.435977e-01	2.433435e-01	6.819363e-01	2.615668e-01
13344	8.225489e-01	3.937607e-01	2.227779e-02	2.784724e-02	1.458746e-01	3.851153e-02	5.994692e-01	5.256773e-01
16252	4.633461e-01	3.724133e-01	2.126677e-02	2.658346e-02	1.392545e-01	8.738727e-02	5.907576e-01	7.021545e-01
17238	2.983226e-01	5.475040e-01	3.272108e-02	4.090135e-02	2.142571e-01	6.176606e-02	6.678265e-01	2.486473e-01
25193	6.817970e-01	4.382071e-01	5.096372e-02	6.370465e-02	3.337097e-01	2.927008e-01	6.444596e-01	9.140485e-01
19224	2.637359e-01	5.473678e-01	2.463944e-02	3.079930e-02	1.613387e-01	1.248577e-01	4.989595e-01	1.548626e-01
21406	7.373222e-01	1.344639e-01	3.520566e-02	4.400707e-02	2.305261e-01	1.845885e-01	3.502902e-01	6.082279e-02
6550	4.234788e-01	6.813777e-01	2.708872e-02	3.386090e-02	1.773765e-01	1.666151e-01	1.514782e-01	9.028982e-01
19556	4.787284e-01	2.961006e-01	6.192815e-02	7.741019e-02	4.055046e-01	2.230515e-01	8.841207e-01	1.797737e-01
14086	1.318379e-01	2.375067e-01	5.356040e-02	6.695050e-02	3.507127e-01	2.705336e-01	9.934919e-01	2.952483e-01
9189	5.636173e-01	7.442716e-01	3.893483e-02	4.866854e-02	2.549447e-01	2.549434e-01	9.481327e-01	4.841060e-01
3329	7.265098e-02	4.692720e-01	2.362319e-02	2.952899e-02	1.546843e-01	1.405296e-01	6.133407e-01	2.288178e-01
8965	6.095555e-01	8.973614e-01	4.579507e-02	5.724384e-02	2.998654e-01	2.984464e-01	7.298070e-01	8.568547e-01
28066	2.255123e-01	6.703421e-01	2.145391e-02	2.681739e-02	1.404799e-01	5.045595e-02	4.458545e-01	5.727636e-01
9483	1.197069e-01	7.365912e-01	2.872065e-02	3.590082e-02	1.880624e-01	1.266822e-01	4.369647e-01	9.096653e-01
18534	7.971501e-01	5.521294e-01	2.519137e-02	3.148922e-02	1.649527e-01	6.998766e-02	1.602466e-01	6.440418e-01
29636	1.159397e-01	8.232998e-01	4.214140e-02	5.267675e-02	2.759412e-01	7.973998e-02	7.085214e-01	1.843459e-01
26103	5.066376e-01	2.058707e-01	2.705575e-02	3.381968e-02	1.771606e-01	1.756605e-01	5.476533e-01	3.469458e-01
24750	5.592435e-01	1.067362e-01	3.594912e-02	4.493640e-02	2.353943e-01	2.156707e-01	4.437852e-01	1.620846e-01
6779	4.920629e-01	4.854400e-01	2.553978e-02	3.192473e-02	1.672341e-01	8.361432e-02	6.890041e-01	3.431092e-01
26541	2.505726e-01	9.302943e-01	4.150967e-02	5.188709e-02	2.718047e-01	2.483402e-01	8.231955e-01	2.010891e-01
20174	6.200832e-01	7.588298e-01	2.429400e-02	3.036750e-02	1.590767e-01	1.584632e-01	9.896108e-01	3.521668e-01
3698	3.189296e-01	4.682112e-01	4.063762e-02	5.079702e-02	2.660945e-01	2.590740e-01	3.103797e-01	8.296862e-01
21470	2.730908e-01	7.081758e-01	2.503583e-02	3.129478e-02	1.639342e-01	1.516929e-01	2.381859e-01	2.662737e-01
26615	8.367589e-01	7.996736e-01	2.170378e-02	2.712972e-02	1.421160e-01	1.411299e-01	3.135377e-01	9.164829e-01
8651	5.688800e-01	4.062591e-01	6.268985e-02	7.836231e-02	4.104922e-01	1.319719e-01	5.036687e-01	4.956507e-01
