27784	5.894803e-01	3.003015e-01	3.495175e-02	4.368968e-02	2.288635e-01	1.904091e-01	9.712891e-01	8.655471e-01
19780	4.832477e-01	2.704946e-01	4.848211e-02	6.060264e-02	3.174601e-01	1.344595e-01	2.092683e-01	2.451477e-01
25786	7.096765e-01	2.055265e-01	7.462786e-02	9.328482e-02	4.886620e-01	2.251523e-01	8.568267e-01	9.055862e-01
26754	4.783671e-01	8.678933e-01	5.930663e-02	7.413328e-02	3.883389e-01	1.859762e-01	6.587396e-01	2.275170e-01
3259	1.977312e-01	2.387599e-01	3.813798e-02	4.767248e-02	2.497269e-01	1.802485e-01	2.161547e-01	4.960441e-01
16468	4.996299e-01	4.365017e-01	7.883930e-02	9.854912e-02	5.162385e-01	1.606083e-01	6.357585e-01	1.604845e-01
2350	2.709395e-01	4.733331e-01	5.170480e-02	6.463100e-02	3.385623e-01	3.375690e-01	6.118771e-01	7.608013e-01
18002	7.332553e-01	7.982496e-01	6.629499e-02	8.286874e-02	4.340986e-01	3.202494e-01	4.188027e-02	5.559981e-01
12645	1.500309e-01	6.122738e-01	7.237841e-02	9.047301e-02	4.739327e-01	3.598969e-01	8.766158e-01	9.125833e-01
32040	6.811042e-01	3.488737e-01	2.063662e-02	2.579577e-02	1.351282e-01	1.293589e-01	3.378404e-01	1.550863e-01
6345	5.997565e-01	7.805910e-01	2.878387e-02	3.597983e-02	1.884763e-01	1.876698e-01	3.912247e-02	6.064152e-01
27677	4.705924e-01	4.327550e-01	2.069940e-02	2.587425e-02	1.355394e-01	1.314576e-01	8.406957e-02	8.573771e-01
3503	1.269086e-01	8.015898e-01	5.070910e-02	6.338637e-02	3.320424e-01	1.806702e-01	2.811227e-01	7.005996e-01
4569	6.559250e-01	4.899876e-01	2.860344e-02	3.575430e-02	1.872949e-01	1.826423e-01	6.954688e-01	3.624662e-01
22979	5.040717e-01	9.181566e-02	5.503242e-02	6.879053e-02	3.603514e-01	3.585288e-01	3.916796e-03	8.930414e-01
11969	2.627742e-01	6.855362e-01	2.728773e-02	3.410966e-02	1.786796e-01	1.166076e-01	4.908424e-01	7.345086e-01
15861	8.861045e-01	2.682802e-01	7.899125e-02	9.873906e-02	5.172335e-01	3.730372e-01	8.175201e-01	7.106520e-01
8821	9.688485e-01	4.831223e-01	2.197268e-02	2.746585e-02	1.438768e-01	1.207360e-01	3.094513e-01	3.470405e-01
30977	5.443025e-01	2.435523e-01	2.747381e-02	3.434226e-02	1.798981e-01	1.497141e-01	6.652492e-01	7.101905e-01
26054	1.984729e-01	7.741067e-01	5.046784e-02	6.308481e-02	3.304627e-01	3.303122e-01	2.197278e-02	3.937530e-01
20785	6.608957e-02	6.294865e-01	4.026303e-02	5.032879e-02	2.636417e-01	1.084034e-01	4.124943e-01	6.176508e-01
17237	7.949564e-01	5.865806e-01	4.495603e-02	5.619504e-02	2.943714e-01	2.860329e-01	8.159262e-01	6.372850e-01
11743	6.314278e-01	3.644281e-01	5.087412e-02	6.359265e-02	3.331229e-01	2.682517e-01	7.837622e-01	8.825605e-01
17847	6.218589e-01	2.113253e-01	3.048665e-02	3.810832e-02	1.996261e-01	1.675193e-01	8.817545e-01	9.970694e-01
31769	9.260135e-01	7.999199e-01	2.731968e-02	3.414960e-02	1.788888e-01	1.203533e-01	1.154953e-01	8.128360e-01
9887	4.088080e-01	9.295945e-01	3.055463e-02	3.819329e-02	2.000713e-01	1.805478e-01	8.788914e-01	5.531324e-01
13647	8.411210e-02	3.988915e-01	7.629533e-02	9.536916e-02	4.995806e-01	3.606496e-01	4.776666e-01	8.601274e-01
26784	1.713281e-01	8.706380e-01	2.285419e-02	2.856774e-02	1.496489e-01	1.461758e-01	6.088091e-01	2.069016e-01
10580	4.750430e-01	7.676382e-01	5.505507e-02	6.881883e-02	3.604997e-01	3.324784e-01	9.164467e-01	5.179929e-01
24818	4.513089e-01	6.152184e-01	2.513162e-02	3.141452e-02	1.645614e-01	4.543001e-02	9.211518e-01	9.157448e-01
15489	2.085600e-01	5.349451e-01	4.945419e-02	6.181773e-02	3.238252e-01	2.859953e-01	3.569418e-01	5.142390e-01
15071	7.190909e-01	1.185189e-01	2.209224e-02	2.761530e-02	1.446596e-01	1.231417e-01	2.341896e-01	2.598633e-01
26807	2.770844e-01	2.630615e-01	2.263687e-02	2.829608e-02	1.482259e-01	4.819392e-02	1.246354e-02	2.312309e-01
18479	8.819304e-01	6.087073e-01	2.069843e-02	2.587304e-02	1.355330e-01	7.504922e-02	3.164150e-03	1.327063e-01
283	4.089104e-01	3.431288e-01	4.600558e-02	5.750697e-02	3.012438e-01	2.014918e-01	2.960289e-01	8.375476e-01
17643	8.916695e-01	6.838527e-01	7.897235e-02	9.871544e-02	5.171097e-01	4.801687e-01	2.971824e-01	9.360414e-01
23341	5.796121e-01	8.657078e-01	2.571976e-02	3.214970e-02	1.684126e-01	1.638559e-01	4.228750e-01	2.008814e-01
23549	3.268052e-01	5.530778e-01	2.553979e-02	3.192474e-02	1.672341e-01	1.447476e-01	9.623224e-01	5.732607e-01
14095	7.581950e-01	4.912754e-01	3.067191e-02	3.833989e-02	2.008392e-01	2.003496e-01	2.822865e-02	2.846257e-01
19439	9.000242e-01	3.594570e-01	3.218142e-02	4.022678e-02	2.107234e-01	1.476573e-01	3.618825e-01	4.019884e-01
583	1.420543e-01	4.960391e-01	5.149210e-02	6.436512e-02	3.371695e-01	2.745628e-01	9.788614e-01	7.640825e-01
29597	9.659613e-01	9.358992e-02	2.231921e-02	2.789901e-02	1.461458e-01	6.869835e-02	8.490026e-02	1.438952e-01
6904	5.600052e-01	1.461965e-01	6.081420e-02	7.601775e-02	3.982104e-01	3.744815e-01	2.325993e-01	9.632621e-02
3522	5.651167e-01	5.645165e-01	2.743597e-02	3.429497e-02	1.796503e-01	1.794358e-01	1.273899e-01	6.172536e-01
10558	9.636786e-01	6.064183e-01	2.780698e-02	3.475872e-02	1.820796e-01	1.626717e-01	7.664591e-01	8.563229e-01
22486	2.515822e-01	2.587763e-01	3.193902e-02	3.992378e-02	2.091362e-01	1.868356e-01	5.701547e-01	7.801862e-01
22594	8.540093e-01	6.145189e-01	2.280129e-02	2.850162e-02	1.493025e-01	5.070425e-02	9.265960e-01	3.183028e-01
10999	6.003663e-01	5.280513e-01	4.431255e-02	5.539069e-02	2.901579e-01	2.023791e-01	8.821283e-01	9.350870e-01
24314	1.688596e-01	6.726777e-02	2.681416e-02	3.351771e-02	1.755787e-01	1.686377e-01	8.466673e-01	5.136172e-01
21871	1.067729e-01	9.496190e-01	4.136622e-02	5.170777e-02	2.708653e-01	1.378587e-01	3.427472e-01	6.592800e-01
18067	4.569261e-01	9.286018e-01	2.056041e-02	2.570051e-02	1.346293e-01	1.037171e-01	3.495042e-01	7.027096e-01
29140	7.432949e-01	8.834087e-01	2.363396e-02	2.954245e-02	1.547548e-01	1.532985e-01	9.388614e-01	3.682809e-01
16926	1.222537e-01	2.823713e-01	7.897609e-02	9.872011e-02	5.171342e-01	4.374895e-01	4.685125e-01	4.743954e-02
26983	9.324659e-01	3.568338e-01	2.138585e-02	2.673231e-02	1.400342e-01	7.927585e-02	6.721327e-01	6.231684e-01
20592	4.864006e-01	3.214479e-01	3.520401e-02	4.400501e-02	2.305153e-01	1.706184e-01	8.786784e-01	8.137462e-01
9315	6.082531e-01	6.890062e-01	3.607642e-02	4.509553e-02	2.362279e-01	1.591151e-01	2.034170e-01	5.714457e-02
23733	6.033690e-01	7.665485e-02	2.518339e-02	3.147924e-02	1.649005e-01	1.487619e-01	5.025982e-01	7.826292e-01
13493	5.223551e-01	1.982567e-01	2.889801e-02	3.612252e-02	1.892237e-01	1.096206e-01	9.759162e-01	6.822622e-01
28960	6.298212e-01	4.530391e-01	2.596600e-02	3.245750e-02	1.700250e-01	1.087021e-01	3.969672e-03	5.282416e-01
12142	3.427625e-01	2.212194e-01	4.962070e-02	6.202587e-02	3.249156e-01	2.663031e-01	6.159289e-01	9.088498e-01
30132	7.247222e-01	4.206365e-01	2.774388e-02	3.467985e-02	1.816665e-01	1.690814e-01	3.754933e-03	1.334149e-01
31879	6.411328e-01	1.346627e-01	2.081613e-02	2.602016e-02	1.363037e-01	1.019755e-01	5.926202e-01	3.024738e-01
10034	7.387862e-01	5.827497e-01	2.624554e-02	3.280692e-02	1.718554e-01	5.853136e-02	5.950264e-01	2.801366e-01
5490	3.006957e-01	6.286736e-01	2.788559e-02	3.485698e-02	1.825944e-01	1.368646e-01	4.467646e-01	2.719973e-01
7462	3.639580e-01	4.048565e-01	4.325259e-02	5.406574e-02	2.832173e-01	1.672933e-01	9.026276e-01	3.210609e-01
22273	4.326067e-01	1.616771e-01	4.413761e-02	5.517201e-02	2.890124e-01	7.546424e-02	1.871793e-01	3.269088e-01
18093	2.939601e-01	4.094169e-01	2.088342e-02	2.610427e-02	1.367443e-01	1.307793e-01	2.993609e-01	1.767915e-01
2176	3.924225e-01	8.735391e-01	4.384752e-02	5.480940e-02	2.871129e-01	2.556162e-01	9.507292e-02	3.986393e-01
3306	8.265398e-01	3.742702e-01	4.820235e-02	6.025293e-02	3.156282e-01	3.060122e-01	4.596674e-01	6.582180e-01
28322	3.420157e-01	3.582760e-01	2.113447e-02	2.641808e-02	1.383882e-01	4.740044e-02	2.681352e-01	9.868213e-01
13265	9.406125e-01	1.753898e-01	2.809941e-02	3.512426e-02	1.839945e-01	1.068726e-01	6.774101e-01	3.454743e-01
23340	1.806302e-01	1.697489e-01	4.083577e-02	5.104471e-02	2.673920e-01	2.124629e-01	4.339618e-01	1.650245e-01
1849	8.150035e-01	6.949055e-01	7.875748e-02	9.844685e-02	5.157027e-01	2.900801e-01	5.283702e-01	3.349564e-01
