7437	9.429402e-01	8.116390e-01	2.392522e-02	2.990653e-02	1.566620e-01	1.416878e-01	5.878280e-02	4.098205e-01
13191	3.993712e-01	5.901723e-01	2.240567e-02	2.800709e-02	1.467120e-01	6.444414e-02	8.749842e-01	4.153827e-01
18025	6.373822e-01	4.615866e-01	2.894844e-02	3.618555e-02	1.895539e-01	1.793386e-01	7.916193e-01	2.462995e-01
21054	2.583105e-01	9.515229e-01	3.333495e-02	4.166869e-02	2.182767e-01	1.261540e-01	1.997737e-01	5.064805e-02
9100	8.464007e-01	2.350730e-01	2.505082e-02	3.131352e-02	1.640324e-01	1.388448e-01	3.793495e-01	7.187821e-01
29004	5.074454e-01	3.269235e-01	3.717880e-02	4.647350e-02	2.434462e-01	2.135674e-01	2.350312e-01	7.333107e-01
32598	3.953414e-01	1.279434e-01	6.610497e-02	8.263122e-02	4.328543e-01	3.249546e-01	2.896046e-01	3.682009e-01
29551	3.374478e-01	6.274144e-01	3.794109e-02	4.742636e-02	2.484377e-01	7.531238e-02	4.998297e-01	5.429696e-01
29322	1.193472e-01	5.332701e-01	2.487280e-02	3.109100e-02	1.628667e-01	1.434113e-01	4.664684e-01	8.352036e-02
30259	4.569251e-01	6.721528e-01	2.854842e-02	3.568553e-02	1.869346e-01	6.359631e-02	3.151136e-01	1.516868e-01
24075	8.685840e-01	4.934479e-01	5.078098e-02	6.347622e-02	3.325131e-01	3.170474e-01	1.344516e-01	1.007264e-01
4624	1.294048e-01	3.389359e-01	4.623732e-02	5.779664e-02	3.027612e-01	2.607750e-01	6.561658e-01	6.224778e-01
19551	2.079506e-01	5.642737e-01	7.111098e-02	8.888873e-02	4.656336e-01	3.921266e-01	3.051632e-01	3.056932e-01
13849	2.848525e-01	4.059627e-01	2.834419e-02	3.543023e-02	1.855973e-01	1.416721e-01	7.864046e-01	6.161067e-01
26248	2.827952e-01	4.752911e-01	2.461003e-02	3.076254e-02	1.611461e-01	1.490386e-01	9.622822e-01	8.620616e-01
31434	6.826614e-01	7.209524e-01	2.083611e-02	2.604514e-02	1.364345e-01	1.354045e-01	3.042320e-01	8.026308e-01
7693	4.349922e-01	9.049413e-01	2.560204e-02	3.200254e-02	1.676417e-01	1.285396e-01	5.233214e-01	4.110970e-01
28733	6.951679e-01	3.371033e-01	5.127390e-02	6.409237e-02	3.357407e-01	3.312852e-01	3.168316e-02	3.823952e-01
12519	1.556603e-01	1.003812e-01	2.440191e-02	3.050238e-02	1.597833e-01	9.641778e-02	4.903023e-01	8.227495e-01
12096	5.846744e-01	1.357926e-01	3.299759e-02	4.124698e-02	2.160677e-01	1.677730e-01	8.467452e-01	1.394596e-01
23875	6.333941e-01	3.522125e-01	3.218066e-02	4.022583e-02	2.107185e-01	1.780521e-01	1.189788e-01	4.011492e-01
3169	2.843774e-01	9.168689e-01	2.643970e-02	3.304963e-02	1.731267e-01	1.715751e-01	9.658733e-01	8.065815e-01
2601	7.971704e-01	3.619168e-01	5.944185e-02	7.430231e-02	3.892243e-01	3.488282e-01	9.459827e-01	1.594824e-01
31290	1.723548e-01	6.799571e-02	2.590996e-02	3.238745e-02	1.696580e-01	7.885118e-02	4.483528e-01	9.238341e-01
8063	1.787232e-01	8.556532e-01	3.933749e-02	4.917186e-02	2.575812e-01	2.509227e-01	4.361170e-01	7.915040e-01
29150	1.041793e-01	8.899884e-01	5.409885e-02	6.762356e-02	3.542384e-01	3.426074e-01	4.844235e-01	4.691724e-01
25389	2.573967e-01	1.273655e-01	5.148712e-02	6.435890e-02	3.371369e-01	3.326592e-01	6.323030e-01	3.311929e-02
21122	6.628067e-02	4.014740e-01	3.237944e-02	4.047430e-02	2.120201e-01	1.118055e-01	7.220182e-01	1.324788e-01
30357	4.951900e-01	1.444966e-01	2.592530e-02	3.240663e-02	1.697585e-01	1.634898e-01	4.858924e-01	4.110748e-01
8443	6.067965e-01	7.561296e-01	4.675091e-02	5.843864e-02	3.061242e-01	1.284384e-01	7.522593e-01	6.551390e-01
18288	3.361127e-01	5.306953e-01	4.147651e-02	5.184564e-02	2.715875e-01	2.296291e-01	1.686673e-02	1.874382e-01
12943	6.628611e-01	1.399787e-01	2.696489e-02	3.370611e-02	1.765657e-01	1.127947e-01	5.571240e-01	8.933043e-01
8375	8.007506e-02	9.616557e-01	2.871283e-02	3.589104e-02	1.880112e-01	1.742594e-01	9.878473e-01	8.359161e-01
7080	3.258301e-01	6.615375e-01	2.264921e-02	2.831151e-02	1.483067e-01	3.881439e-02	9.924510e-01	2.542061e-01
27758	6.342750e-01	8.190512e-01	5.580485e-02	6.975607e-02	3.654093e-01	2.421929e-01	5.884449e-01	3.762627e-01
30507	9.537309e-01	9.195755e-02	3.708994e-02	4.636242e-02	2.428643e-01	2.421521e-01	8.288066e-01	9.610447e-01
32672	5.961545e-01	7.075070e-01	3.177080e-02	3.971350e-02	2.080347e-01	1.634683e-01	8.097372e-01	9.479402e-03
28675	3.129480e-01	7.036217e-01	4.465262e-02	5.581577e-02	2.923846e-01	1.805187e-01	4.290218e-02	1.650609e-02
17785	9.003217e-01	2.769050e-01	6.072448e-02	7.590560e-02	3.976230e-01	2.630409e-01	9.428236e-01	7.588489e-01
26342	8.103460e-01	3.731436e-02	2.707679e-02	3.384598e-02	1.772984e-01	1.766713e-01	3.311169e-01	6.639420e-01
25941	5.721148e-01	8.969334e-01	3.801627e-02	4.752034e-02	2.489300e-01	1.300784e-01	6.431241e-01	1.777163e-01
9542	8.032904e-01	5.765911e-01	2.600227e-02	3.250283e-02	1.702624e-01	8.072587e-02	4.885035e-01	3.050548e-01
23915	6.541375e-01	5.354979e-01	2.306490e-02	2.883113e-02	1.510286e-01	1.461742e-01	1.012118e-01	8.506651e-01
12055	5.899790e-02	3.517343e-01	4.167219e-02	5.209024e-02	2.728688e-01	2.622980e-01	9.272254e-01	4.614359e-01
25139	5.640819e-01	6.485709e-01	6.071866e-02	7.589832e-02	3.975848e-01	3.862855e-01	8.604282e-02	4.436510e-01
26808	9.139110e-01	5.234829e-01	3.501244e-02	4.376555e-02	2.292609e-01	2.040961e-01	1.265277e-01	8.073237e-02
31109	5.425659e-02	5.593118e-02	3.857518e-02	4.821897e-02	2.525897e-01	2.493139e-01	9.135132e-01	6.816121e-01
29223	8.746932e-01	4.411141e-01	2.055157e-02	2.568947e-02	1.345714e-01	9.597030e-02	9.456674e-01	7.355391e-01
25159	8.224582e-01	1.355789e-01	7.210825e-02	9.013531e-02	4.721637e-01	1.895933e-01	5.682608e-03	6.165914e-01
608	8.677831e-01	9.005279e-01	2.835347e-02	3.544184e-02	1.856581e-01	1.455584e-01	9.008215e-01	6.480000e-01
18852	6.065918e-02	1.026506e-01	2.098475e-02	2.623094e-02	1.374078e-01	1.281046e-01	2.227118e-01	9.039414e-02
21250	7.763511e-01	7.197214e-01	2.815576e-02	3.519470e-02	1.843635e-01	8.687229e-02	1.048846e-01	2.562710e-01
6847	4.626215e-01	6.504913e-01	3.459666e-02	4.324583e-02	2.265384e-01	1.028864e-01	2.147085e-01	9.667152e-01
17158	3.503048e-02	4.454845e-01	3.413643e-02	4.267054e-02	2.235248e-01	9.228515e-02	2.746314e-01	2.049061e-01
22709	2.245288e-01	3.092400e-01	3.679545e-02	4.599432e-02	2.409361e-01	1.800835e-01	5.490786e-01	2.740801e-01
13012	4.491351e-01	3.969676e-01	3.516827e-02	4.396034e-02	2.302813e-01	7.037588e-02	8.514280e-02	6.718325e-01
30547	2.328301e-01	6.661900e-01	2.382579e-02	2.978224e-02	1.560109e-01	5.146742e-02	9.539913e-01	6.000641e-01
29512	9.180583e-01	9.247247e-01	2.695183e-02	3.368979e-02	1.764802e-01	8.598488e-02	7.511378e-01	9.174486e-02
26109	2.258792e-01	7.932748e-01	2.207676e-02	2.759596e-02	1.445583e-01	1.137085e-01	4.570807e-01	3.625466e-01
26436	6.071764e-01	9.500082e-01	2.621929e-02	3.277411e-02	1.716835e-01	7.731213e-02	5.247833e-01	5.768246e-01
3900	1.877557e-01	7.498621e-01	5.682873e-02	7.103591e-02	3.721136e-01	1.791107e-01	6.104735e-01	4.887050e-01
16182	5.325701e-01	1.103851e-01	3.293733e-02	4.117166e-02	2.156731e-01	7.364484e-02	4.104580e-01	8.925111e-01
9851	6.189852e-01	4.191001e-01	2.634034e-02	3.292542e-02	1.724761e-01	1.724688e-01	5.382022e-01	1.960605e-01
6500	2.642740e-01	5.200505e-01	3.725823e-02	4.657279e-02	2.439663e-01	1.626136e-01	2.833933e-01	8.926360e-01
18784	4.688393e-01	9.574089e-01	2.515363e-02	3.144204e-02	1.647056e-01	1.110800e-01	3.853109e-01	9.270046e-01
14392	4.787109e-01	2.353689e-01	2.182383e-02	2.727979e-02	1.429021e-01	1.256837e-01	4.201533e-01	3.026373e-01
26069	7.299646e-01	8.972551e-01	6.257875e-02	7.822344e-02	4.097647e-01	1.289120e-01	4.996897e-01	1.689388e-01
24971	7.908121e-01	4.545700e-01	3.158551e-02	3.948189e-02	2.068214e-01	2.048241e-01	2.651615e-01	4.603230e-02
1530	2.236481e-01	2.300249e-01	2.125009e-02	2.656262e-02	1.391453e-01	9.633453e-02	2.522562e-01	5.010172e-01
16040	9.166672e-01	1.858142e-01	2.305033e-02	2.881292e-02	1.509332e-01	7.410476e-02	8.393830e-01	3.274900e-01
19142	8.976828e-01	2.359459e-01	2.400626e-02	3.000783e-02	1.571926e-01	4.229870e-02	6.317642e-01	4.346042e-02
16440	9.066874e-01	8.564114e-01	3.524387e-02	4.405484e-02	2.307763e-01	2.263851e-01	2.614456e-01	8.571151e-01
11633	3.466206e-02	4.815822e-01	3.323382e-02	4.154228e-02	2.176145e-01	1.070451e-01	2.146237e-01	7.847282e-01
7658	3.995479e-01	2.774578e-01	2.239769e-02	2.799711e-02	1.466597e-01	1.082680e-01	4.617159e-01	9.761625e-01
8072	3.911539e-01	9.479840e-01	3.239375e-02	4.049218e-02	2.121138e-01	9.539314e-02	8.721001e-01	6.708477e-01
17107	4.132078e-02	7.959071e-01	3.842117e-02	4.802647e-02	2.515812e-01	2.479833e-01	7.535088e-02	2.544514e-01
24993	5.859108e-01	5.313254e-02	3.736074e-02	4.670093e-02	2.446376e-01	2.431964e-01	1.771345e-01	9.766854e-01
9515	4.435068e-01	3.588422e-01	3.836326e-02	4.795408e-02	2.512020e-01	1.943668e-01	1.375244e-01	4.487214e-01
20355	6.981192e-01	4.632776e-01	4.274992e-02	5.343740e-02	2.799258e-01	2.375154e-01	8.273645e-01	8.406060e-01
17897	8.900257e-01	3.892723e-01	2.980299e-02	3.725374e-02	1.951495e-01	1.801632e-01	4.386793e-01	7.406509e-01
