27516	2.666346e-01	6.728842e-01	3.575495e-02	4.469369e-02	2.341229e-01	2.335269e-01	6.476538e-01	1.370726e-01
16311	6.417322e-01	2.090342e-01	5.177978e-02	6.472472e-02	3.390532e-01	2.886816e-01	2.937604e-01	4.479712e-01
15988	7.889763e-01	6.217564e-01	3.378749e-02	4.223436e-02	2.212399e-01	1.661473e-01	6.351803e-01	5.005623e-01
14051	9.161077e-01	3.488809e-01	3.529675e-02	4.412093e-02	2.311225e-01	2.199936e-01	4.028242e-01	1.462848e-01
28961	5.829053e-01	3.745212e-01	2.336558e-02	2.920697e-02	1.529974e-01	8.487466e-02	1.617178e-01	1.104359e-01
17921	8.590320e-01	2.023542e-01	3.146022e-02	3.932527e-02	2.060010e-01	1.816366e-01	7.033727e-01	9.630971e-01
15561	6.840598e-01	8.363894e-01	5.144038e-02	6.430048e-02	3.368308e-01	3.227212e-01	8.854524e-01	7.271721e-02
27071	1.218030e-01	6.155051e-01	2.749849e-02	3.437311e-02	1.800597e-01	1.795849e-01	7.476356e-01	5.014210e-01
5070	3.055708e-01	4.210280e-01	3.071791e-02	3.839739e-02	2.011404e-01	8.357493e-02	4.851047e-01	4.327083e-01
31481	9.171399e-01	1.762545e-01	5.845719e-02	7.307148e-02	3.827768e-01	3.121270e-01	6.627911e-02	2.732782e-01
31770	4.875486e-01	3.874991e-01	3.533606e-02	4.417007e-02	2.313800e-01	1.760885e-01	2.700591e-01	7.844488e-01
9181	4.643740e-01	2.987896e-01	2.316698e-02	2.895873e-02	1.516970e-01	1.499922e-01	5.499944e-01	2.627888e-01
22510	3.651634e-01	3.684914e-01	3.526504e-02	4.408130e-02	2.309149e-01	1.480139e-01	5.196562e-01	2.624229e-01
13361	4.387778e-01	3.313590e-01	2.250596e-02	2.813244e-02	1.473686e-01	1.467684e-01	9.404108e-01	9.087395e-01
8398	2.626762e-01	4.274141e-01	3.287424e-02	4.109280e-02	2.152600e-01	2.143353e-01	1.297364e-01	7.287869e-02
19116	9.559795e-01	7.780590e-02	3.317888e-02	4.147360e-02	2.172548e-01	1.587884e-01	2.838984e-01	9.926132e-02
30504	4.824032e-01	7.748310e-02	2.339766e-02	2.924708e-02	1.532075e-01	1.389401e-01	8.999930e-01	4.329124e-01
22129	5.493111e-01	3.401393e-02	2.282161e-02	2.852701e-02	1.494355e-01	4.656260e-02	2.231776e-02	9.961356e-01
19120	3.956081e-01	4.303907e-01	3.522319e-02	4.402898e-02	2.306409e-01	2.220221e-01	6.118639e-01	6.059819e-01
28780	5.955291e-01	5.269623e-01	4.210280e-02	5.262850e-02	2.756885e-01	1.261826e-01	1.023392e-01	7.119666e-01
26230	9.023051e-01	1.005223e-01	2.784319e-02	3.480399e-02	1.823168e-01	1.092758e-01	9.709643e-01	3.540816e-01
10831	2.940715e-01	4.573026e-01	2.445174e-02	3.056467e-02	1.601096e-01	1.158006e-01	4.328486e-01	4.774737e-01
19011	2.537088e-01	8.764295e-01	4.536643e-02	5.670804e-02	2.970587e-01	2.278030e-01	6.437550e-01	1.563264e-01
7620	2.325760e-01	1.412700e-01	6.510705e-02	8.138382e-02	4.263200e-01	3.965834e-01	9.177323e-01	3.768233e-02
16792	8.873526e-01	4.336349e-01	6.471905e-02	8.089881e-02	4.237793e-01	3.133884e-01	2.663544e-01	3.534438e-01
27400	2.636834e-01	4.752592e-01	2.631471e-02	3.289339e-02	1.723083e-01	4.830724e-02	2.976908e-01	2.346680e-01
29247	1.351508e-01	6.885432e-01	3.638641e-02	4.548301e-02	2.382577e-01	6.442096e-02	9.729238e-01	3.158548e-01
11510	7.738426e-01	1.704183e-01	6.818419e-02	8.523024e-02	4.464690e-01	3.856122e-01	4.022212e-01	6.271295e-02
3373	6.795464e-02	4.938798e-01	2.261088e-02	2.826360e-02	1.480557e-01	5.751287e-02	1.612812e-01	2.195859e-01
13559	9.155767e-01	3.484461e-02	2.520472e-02	3.150590e-02	1.650401e-01	1.131503e-01	4.745204e-01	2.871994e-01
1304	5.889343e-01	1.245531e-01	2.384563e-02	2.980704e-02	1.561408e-01	8.658992e-02	5.514809e-01	7.462930e-01
6912	2.062016e-01	8.951117e-01	2.093082e-02	2.616353e-02	1.370547e-01	6.010425e-02	2.429228e-02	6.858469e-01
28069	5.537984e-01	4.296960e-01	2.667717e-02	3.334646e-02	1.746817e-01	1.621975e-01	1.656903e-02	8.425184e-01
13656	1.900049e-01	8.308660e-01	2.333981e-02	2.917476e-02	1.528287e-01	1.502099e-01	8.080577e-01	7.011569e-01
8717	3.633600e-01	9.179193e-01	3.471524e-02	4.339405e-02	2.273148e-01	2.268725e-01	2.796983e-01	8.753468e-01
21326	4.049484e-01	2.184666e-01	2.264289e-02	2.830362e-02	1.482653e-01	7.294980e-02	7.827168e-01	7.346128e-01
18072	8.684334e-01	8.307456e-01	4.121980e-02	5.152475e-02	2.699066e-01	2.288049e-01	3.229489e-01	8.180151e-01
9816	2.251124e-01	8.263935e-01	2.765387e-02	3.456734e-02	1.810771e-01	1.171143e-01	8.866238e-01	4.899104e-01
31526	8.542398e-01	3.668742e-01	4.347037e-02	5.433796e-02	2.846433e-01	8.798576e-02	5.013430e-01	6.868846e-01
13179	4.189208e-01	4.995687e-01	4.217931e-02	5.272413e-02	2.761894e-01	1.321139e-01	8.774179e-01	5.892454e-01
17343	5.988395e-01	8.569218e-01	4.474680e-02	5.593350e-02	2.930013e-01	1.410931e-01	1.556677e-01	6.315239e-01
24789	9.585234e-01	6.028346e-01	3.104368e-02	3.880460e-02	2.032735e-01	1.657617e-01	8.032147e-01	1.242203e-01
4873	3.247184e-01	7.730769e-01	3.479704e-02	4.349630e-02	2.278505e-01	2.184593e-01	6.911737e-01	2.801252e-01
14706	1.584110e-01	1.538730e-01	5.335931e-02	6.669914e-02	3.493959e-01	2.528022e-01	9.827583e-02	3.240709e-01
28228	6.689629e-01	6.743785e-01	2.318909e-02	2.898636e-02	1.518418e-01	1.156716e-01	5.132286e-01	9.877990e-01
31660	1.254182e-01	3.582071e-01	3.017123e-02	3.771404e-02	1.975608e-01	1.058717e-01	3.757376e-01	1.476259e-01
4148	1.476510e-01	6.428722e-02	3.122760e-02	3.903450e-02	2.044778e-01	2.044749e-01	2.307735e-01	8.491936e-01
2030	8.938886e-01	7.138444e-01	3.316056e-02	4.145069e-02	2.171348e-01	2.148160e-01	8.043725e-01	9.313032e-01
8322	6.180279e-01	4.148099e-01	4.391612e-02	5.489515e-02	2.875621e-01	2.831281e-01	5.322850e-01	2.519540e-01
26577	8.740427e-01	6.325190e-01	3.394584e-02	4.243230e-02	2.222768e-01	1.815487e-01	5.505298e-01	6.840121e-01
18248	2.596719e-01	5.287484e-01	5.189489e-02	6.486861e-02	3.398069e-01	3.037759e-01	9.159409e-01	1.906709e-01
29979	5.029457e-01	2.291042e-01	2.346054e-02	2.932568e-02	1.536193e-01	1.506254e-01	1.291395e-01	7.560516e-01
19479	7.161654e-01	9.091682e-01	2.202318e-02	2.752897e-02	1.442074e-01	1.282521e-01	3.246615e-01	4.508574e-01
19538	3.812686e-01	7.918591e-01	4.193495e-02	5.241869e-02	2.745894e-01	7.578543e-02	4.076177e-02	5.156345e-02
12287	7.672185e-01	7.475076e-01	5.950364e-02	7.437955e-02	3.896289e-01	2.227942e-01	7.183262e-03	3.032675e-01
31195	3.358562e-01	6.000243e-01	2.057952e-02	2.572440e-02	1.347544e-01	4.094043e-02	6.292793e-01	8.132027e-01
10557	4.627804e-01	4.448746e-02	2.935015e-02	3.668769e-02	1.921844e-01	1.921290e-01	1.694099e-01	1.582353e-01
16932	4.455306e-01	5.966766e-01	5.835262e-02	7.294078e-02	3.820921e-01	2.373906e-01	9.614824e-01	4.412355e-01
10502	7.261819e-01	6.592867e-01	2.610068e-02	3.262586e-02	1.709069e-01	1.707412e-01	2.218858e-01	5.117935e-01
2160	3.113093e-01	6.040535e-01	2.311299e-02	2.889124e-02	1.513435e-01	1.046399e-01	3.238305e-01	1.373410e-01
19771	9.301894e-01	1.200031e-01	3.666213e-02	4.582766e-02	2.400630e-01	1.549986e-01	7.295048e-01	9.352199e-01
26407	2.302890e-01	7.887180e-01	2.614846e-02	3.268557e-02	1.712197e-01	1.519090e-01	9.043591e-01	1.239990e-01
29879	9.574832e-01	5.038881e-01	4.311321e-02	5.389152e-02	2.823047e-01	2.341301e-01	8.605058e-01	8.867492e-01
27982	5.972635e-01	3.272401e-01	3.486859e-02	4.358573e-02	2.283190e-01	2.280637e-01	1.020455e-01	6.811281e-01
30945	9.306193e-01	6.040683e-01	2.401834e-02	3.002292e-02	1.572717e-01	7.601906e-02	5.445077e-01	1.991895e-03
17001	4.530722e-01	9.470358e-01	4.708618e-02	5.885773e-02	3.083196e-01	3.043100e-01	7.227468e-02	7.712190e-01
13095	3.681796e-01	6.453023e-01	5.031732e-02	6.289665e-02	3.294770e-01	1.326370e-01	9.412811e-01	5.171199e-01
2043	2.778485e-01	5.934231e-01	2.545853e-02	3.182316e-02	1.667021e-01	1.229985e-01	4.867751e-01	4.540279e-01
3553	5.085843e-01	9.196469e-01	2.693563e-02	3.366954e-02	1.763741e-01	1.693050e-01	6.512262e-01	4.776248e-01
7964	3.811418e-01	5.589128e-01	6.016451e-02	7.520564e-02	3.939563e-01	1.156787e-01	5.065697e-02	9.225885e-01
32658	1.568348e-01	4.590159e-01	2.695773e-02	3.369716e-02	1.765188e-01	8.814393e-02	7.702263e-01	7.278958e-01
2838	3.764049e-01	7.355449e-01	4.435613e-02	5.544516e-02	2.904432e-01	2.252587e-01	6.063594e-01	9.799063e-01
22458	6.938518e-02	6.552888e-01	2.432484e-02	3.040605e-02	1.592787e-01	1.290633e-01	8.946818e-02	4.175930e-01
15968	5.917615e-01	1.747937e-01	2.288820e-02	2.861025e-02	1.498716e-01	1.461676e-01	4.421142e-01	2.152338e-01
