32297	2.631997e-01	1.479738e-01	2.667927e-02	3.334908e-02	1.746954e-01	8.871415e-02	6.385410e-01	4.893078e-01
8075	2.885205e-01	1.889713e-01	5.211397e-02	6.514246e-02	3.412414e-01	1.848879e-01	7.160495e-01	9.538149e-02
4899	6.430023e-01	8.166760e-01	3.377627e-02	4.222034e-02	2.211665e-01	1.210222e-01	6.190392e-01	5.668276e-01
28258	1.546319e-01	5.344987e-01	7.228468e-02	9.035585e-02	4.733190e-01	4.723145e-01	4.260883e-02	3.193871e-01
28445	3.532622e-01	5.165173e-01	4.526187e-02	5.657734e-02	2.963740e-01	2.005279e-01	2.855081e-01	3.716293e-01
18167	9.176762e-01	5.488139e-01	2.166431e-02	2.708038e-02	1.418575e-01	3.707691e-02	5.778311e-01	9.278063e-01
29752	4.601627e-01	8.812437e-01	2.813974e-02	3.517467e-02	1.842585e-01	1.284701e-01	8.995624e-02	4.668490e-01
23023	5.258833e-01	4.658066e-01	2.900734e-02	3.625918e-02	1.899396e-01	1.836360e-01	7.079939e-01	2.059520e-01
16820	2.542029e-01	5.327375e-01	4.208049e-02	5.260062e-02	2.755424e-01	2.399785e-01	5.420361e-01	1.282976e-01
11988	8.934237e-02	3.612965e-01	2.119929e-02	2.649912e-02	1.388126e-01	3.911161e-02	2.141162e-01	6.209599e-01
13239	1.454658e-01	1.661988e-01	6.972428e-02	8.715535e-02	4.565535e-01	3.605385e-01	1.289710e-01	1.555884e-02
13169	3.427486e-02	9.268775e-01	2.359454e-02	2.949318e-02	1.544967e-01	1.536660e-01	4.477617e-01	8.887695e-01
7700	6.918759e-01	7.222244e-01	2.472811e-02	3.091014e-02	1.619193e-01	8.918334e-02	3.351719e-01	8.105460e-01
943	4.336274e-01	4.821874e-01	4.361032e-02	5.451289e-02	2.855597e-01	1.886013e-01	7.239010e-01	4.076319e-02
18956	4.803979e-01	6.798568e-02	2.386446e-02	2.983058e-02	1.562641e-01	1.538213e-01	8.597306e-01	1.582747e-01
9124	4.566494e-01	4.795744e-02	2.666782e-02	3.333478e-02	1.746205e-01	1.675311e-01	7.815011e-01	9.866970e-01
23543	2.167630e-01	7.698786e-01	2.487590e-02	3.109487e-02	1.628870e-01	1.446278e-01	2.501486e-01	9.124442e-02
24994	5.893212e-02	4.300536e-02	3.147071e-02	3.933839e-02	2.060698e-01	2.022794e-01	1.735072e-01	3.123662e-02
31541	8.345991e-01	2.772497e-01	2.088617e-02	2.610772e-02	1.367623e-01	7.752494e-02	9.755999e-01	7.859417e-01
13082	7.239343e-02	2.393676e-01	4.426938e-02	5.533672e-02	2.898752e-01	1.020071e-01	5.260251e-01	6.155905e-01
6896	8.210087e-01	1.251276e-01	2.483714e-02	3.104643e-02	1.626332e-01	1.187394e-01	1.901624e-01	2.709350e-02
24324	8.677005e-01	6.143634e-01	2.696532e-02	3.370664e-02	1.765685e-01	1.752253e-01	2.233177e-01	5.873854e-01
13508	5.707599e-01	2.557525e-01	4.901494e-02	6.126867e-02	3.209490e-01	1.886864e-01	9.523909e-01	9.161490e-02
18999	9.589893e-01	4.510943e-01	3.260195e-02	4.075244e-02	2.134771e-01	2.046348e-01	7.985450e-02	1.558860e-01
7730	7.690282e-01	4.846548e-01	2.084843e-02	2.606053e-02	1.365152e-01	1.346194e-01	3.134242e-01	9.635686e-01
24664	4.173732e-01	1.543793e-01	2.711091e-02	3.388863e-02	1.775218e-01	6.233052e-02	7.496462e-01	2.119046e-01
10353	5.512965e-01	2.985649e-01	3.127688e-02	3.909611e-02	2.048006e-01	9.140251e-02	8.060386e-01	4.524664e-01
22462	3.030128e-01	9.061738e-01	6.764078e-02	8.455097e-02	4.429108e-01	4.429028e-01	1.198789e-01	1.757747e-01
19109	9.433994e-01	3.862203e-01	2.883645e-02	3.604557e-02	1.888206e-01	1.175803e-01	8.068455e-01	4.803996e-01
27525	9.501855e-01	5.542638e-01	3.265044e-02	4.081305e-02	2.137945e-01	1.898253e-01	4.001468e-01	8.637209e-01
10109	2.882054e-01	5.890289e-01	4.936842e-02	6.171052e-02	3.232636e-01	1.482840e-01	8.127729e-01	3.617149e-01
13482	6.735808e-01	6.375503e-01	3.431688e-02	4.289610e-02	2.247064e-01	8.296051e-02	6.416779e-01	5.842789e-01
26419	8.438267e-01	4.822886e-01	6.840868e-02	8.551085e-02	4.479390e-01	3.076615e-01	6.178345e-02	3.047816e-02
30377	7.360110e-01	2.205246e-01	2.084373e-02	2.605466e-02	1.364844e-01	3.846190e-02	8.881351e-01	9.907990e-01
19119	4.880569e-01	9.660489e-02	2.702505e-02	3.378131e-02	1.769596e-01	1.416587e-01	8.737906e-01	4.895845e-01
14913	7.497684e-01	5.838686e-01	2.222833e-02	2.778541e-02	1.455507e-01	1.402202e-01	1.837884e-01	2.567055e-01
5710	9.196274e-01	3.118367e-01	2.906378e-02	3.632973e-02	1.903092e-01	9.874455e-02	4.055221e-02	2.998359e-01
5423	5.832603e-01	8.194464e-01	2.934349e-02	3.667936e-02	1.921407e-01	1.637100e-01	4.336588e-01	4.590905e-01
15691	5.524628e-01	5.578049e-01	5.151426e-02	6.439282e-02	3.373145e-01	1.794450e-01	5.744864e-01	8.286658e-01
10273	3.673148e-01	8.739931e-01	3.292499e-02	4.115624e-02	2.155923e-01	1.704948e-01	1.076573e-01	7.811529e-01
6230	1.144599e-01	2.714274e-01	3.501380e-02	4.376726e-02	2.292698e-01	2.092652e-01	8.401376e-01	1.450427e-01
11225	6.739702e-01	2.424242e-01	3.027325e-02	3.784156e-02	1.982287e-01	1.375596e-01	4.516688e-01	6.349983e-03
25757	2.352065e-01	7.142933e-01	2.982724e-02	3.728405e-02	1.953083e-01	1.953064e-01	3.211846e-01	2.813704e-01
24388	6.678112e-01	2.889999e-01	2.258976e-02	2.823720e-02	1.479174e-01	1.407886e-01	4.832087e-01	7.995099e-01
14985	3.052945e-01	1.056254e-01	2.726537e-02	3.408171e-02	1.785332e-01	1.774782e-01	4.829023e-01	1.703546e-02
25542	9.315060e-01	2.190877e-01	2.418350e-02	3.022938e-02	1.583532e-01	5.032761e-02	3.779918e-02	8.625825e-01
17475	5.212251e-01	8.606353e-01	2.401996e-02	3.002494e-02	1.572823e-01	8.842166e-02	8.847065e-01	3.215398e-01
19734	7.965235e-01	7.132467e-01	2.988625e-02	3.735782e-02	1.956947e-01	1.002231e-01	1.441290e-01	9.687014e-01
9290	7.903287e-01	1.130742e-01	2.779068e-02	3.473835e-02	1.819729e-01	6.565484e-02	7.783030e-02	8.522138e-01
11604	2.452184e-01	5.640014e-02	4.750735e-02	5.938418e-02	3.110774e-01	2.818390e-01	6.269304e-02	5.260214e-01
17197	7.800865e-01	5.372804e-01	2.613805e-02	3.267257e-02	1.711516e-01	9.985465e-02	4.921269e-01	1.342538e-01
31578	7.266207e-01	6.801155e-01	2.093559e-02	2.616949e-02	1.370859e-01	4.787176e-02	9.541106e-01	6.567664e-01
24372	3.373488e-01	2.579101e-01	3.285902e-02	4.107378e-02	2.151604e-01	9.884341e-02	8.201363e-02	4.573599e-01
26812	8.913703e-01	1.270967e-01	3.979644e-02	4.974555e-02	2.605864e-01	2.458520e-01	4.616223e-01	7.729345e-01
19272	1.966766e-01	1.123631e-01	4.305633e-02	5.382042e-02	2.819322e-01	2.770508e-01	5.508516e-02	4.242669e-01
19278	6.348840e-01	1.666163e-01	2.412289e-02	3.015361e-02	1.579563e-01	1.065857e-01	4.951458e-01	7.544887e-01
28804	4.120162e-01	2.512630e-01	3.561953e-02	4.452442e-02	2.332362e-01	1.621200e-01	3.231265e-02	4.200779e-01
27398	2.310416e-01	2.926900e-01	2.292453e-02	2.865566e-02	1.501095e-01	1.175037e-01	7.235350e-01	7.796901e-01
12277	7.725438e-01	1.731359e-01	2.088438e-02	2.610548e-02	1.367506e-01	1.367415e-01	6.609224e-01	7.548331e-01
13234	9.438808e-02	6.188066e-01	3.708934e-02	4.636168e-02	2.428605e-01	1.202917e-01	7.363807e-01	2.146256e-01
6203	8.210836e-01	6.218702e-01	2.077339e-02	2.596674e-02	1.360239e-01	7.627109e-02	5.328457e-01	4.315759e-02
15673	5.142637e-01	8.227597e-02	2.353093e-02	2.941366e-02	1.540802e-01	1.339560e-01	8.304187e-01	8.610476e-01
3295	1.354521e-01	6.700018e-01	3.232448e-02	4.040560e-02	2.116602e-01	1.779570e-01	7.594561e-01	7.443230e-01
5762	6.418280e-01	5.522360e-01	4.645199e-02	5.806499e-02	3.041669e-01	2.209917e-01	5.120254e-01	4.380858e-01
9546	8.879612e-01	1.950987e-01	5.460455e-02	6.825569e-02	3.575498e-01	2.865320e-01	2.899999e-01	8.724437e-01
5902	7.294195e-01	8.171840e-01	3.629487e-02	4.536859e-02	2.376582e-01	1.974888e-01	1.654155e-01	7.431867e-02
21184	9.177624e-01	7.715359e-01	5.462709e-02	6.828386e-02	3.576973e-01	1.951063e-01	3.505843e-01	8.442012e-01
28169	5.222735e-01	1.956101e-01	6.728587e-02	8.410733e-02	4.405868e-01	4.405845e-01	6.871771e-01	6.605672e-02
28222	4.142441e-01	7.476388e-01	5.838791e-02	7.298488e-02	3.823231e-01	1.779345e-01	4.396688e-01	5.343346e-01
150	1.824262e-01	9.395028e-01	2.805218e-02	3.506522e-02	1.836852e-01	1.836100e-01	8.250284e-02	9.602880e-01
13289	8.271245e-02	8.663690e-01	2.677614e-02	3.347017e-02	1.753297e-01	1.478136e-01	1.605652e-01	1.811579e-01
9149	8.321408e-01	6.630368e-01	2.426301e-02	3.032876e-02	1.588738e-01	1.478449e-01	4.901025e-01	5.726541e-01
22755	8.939640e-01	5.556491e-01	3.377082e-02	4.221352e-02	2.211308e-01	1.087419e-01	1.680792e-01	8.036361e-01
11009	7.272220e-01	4.393618e-01	5.964426e-02	7.455533e-02	3.905497e-01	2.548981e-01	6.231302e-01	7.623322e-01
2523	2.999133e-01	7.271100e-01	3.615522e-02	4.519402e-02	2.367438e-01	2.303178e-01	5.447991e-01	4.027199e-01
24500	6.746890e-01	3.917115e-01	5.059894e-02	6.324868e-02	3.313211e-01	2.533012e-01	7.772143e-01	9.506320e-01
9673	2.044113e-01	8.287047e-01	2.449519e-02	3.061898e-02	1.603941e-01	1.573873e-01	9.079453e-01	9.793203e-02
18626	5.083126e-01	3.096512e-01	2.068461e-02	2.585576e-02	1.354425e-01	1.226181e-01	7.314017e-01	7.157051e-01
26413	4.263138e-01	3.483035e-01	5.855929e-02	7.319912e-02	3.834453e-01	3.791584e-01	9.799600e-01	4.542207e-01
5775	3.038523e-01	3.357500e-01	5.422956e-02	6.778695e-02	3.550943e-01	1.254489e-01	2.288763e-01	7.465728e-02
12097	4.728098e-01	5.425640e-01	5.698245e-02	7.122807e-02	3.731202e-01	1.947672e-01	1.121563e-01	3.990400e-01
10319	3.414504e-01	1.038511e-01	3.690224e-02	4.612780e-02	2.416353e-01	9.212711e-02	7.969693e-01	5.867243e-01
