20359	3.520656e-01	7.564750e-01	2.297354e-02	2.871693e-02	1.504304e-01	9.554512e-02	9.334677e-01	2.620880e-01
13073	9.305129e-01	4.644765e-01	2.637179e-02	3.296474e-02	1.726821e-01	1.652822e-01	1.285298e-01	9.809462e-02
30170	6.051450e-01	7.014189e-02	4.048433e-02	5.060541e-02	2.650907e-01	1.358233e-01	7.336711e-01	7.558996e-01
18838	1.041959e-01	4.918568e-01	4.995986e-02	6.244983e-02	3.271364e-01	2.595231e-01	4.147989e-01	1.058964e-01
4046	2.500455e-01	7.860179e-01	2.992500e-02	3.740625e-02	1.959484e-01	6.090045e-02	5.724421e-01	4.848179e-01
18207	3.130949e-01	3.179055e-01	2.438142e-02	3.047678e-02	1.596492e-01	1.570987e-01	8.444174e-01	3.723955e-01
1301	1.547866e-01	8.709321e-02	4.064589e-02	5.080737e-02	2.661487e-01	1.955652e-01	4.271643e-01	2.206811e-01
8018	1.229538e-01	2.338769e-01	3.273074e-02	4.091342e-02	2.143204e-01	1.000185e-01	7.457197e-02	6.855445e-01
2769	7.287303e-01	1.040905e-01	2.570121e-02	3.212651e-02	1.682911e-01	1.122570e-01	4.081162e-02	7.413515e-01
8134	8.741543e-01	5.007020e-01	4.577567e-02	5.721959e-02	2.997384e-01	1.651322e-01	6.295182e-02	2.223207e-01
5134	8.699217e-01	2.811358e-01	3.501855e-02	4.377319e-02	2.293009e-01	1.381424e-01	6.221801e-01	5.240215e-01
14931	1.776834e-01	5.509892e-01	3.717322e-02	4.646652e-02	2.434097e-01	7.480286e-02	1.918360e-02	5.518664e-01
28322	4.421973e-01	2.820568e-01	5.067125e-02	6.333907e-02	3.317946e-01	3.288608e-01	6.727698e-01	5.112102e-02
12085	6.341509e-01	2.548214e-01	2.893190e-02	3.616488e-02	1.894456e-01	1.806084e-01	1.266184e-01	1.300607e-01
17853	9.387376e-01	5.724356e-01	3.765899e-02	4.707373e-02	2.465905e-01	1.813411e-01	4.789374e-01	1.566733e-01
8352	5.763458e-01	1.082817e-01	2.140515e-02	2.675643e-02	1.401606e-01	1.401334e-01	9.984956e-01	5.288304e-01
15228	4.872548e-01	1.001042e-01	4.355341e-02	5.444176e-02	2.851870e-01	1.669349e-01	6.922595e-01	4.167653e-01
9093	8.094428e-01	2.938934e-01	3.794353e-02	4.742941e-02	2.484536e-01	9.296053e-02	6.794009e-01	9.634631e-01
22472	1.993306e-01	8.030087e-01	4.415074e-02	5.518843e-02	2.890984e-01	2.417434e-01	3.222109e-01	3.449197e-01
30300	6.660514e-01	4.107268e-02	2.351778e-02	2.939723e-02	1.539941e-01	4.945733e-02	8.183694e-01	2.441919e-01
15313	7.178157e-01	5.109982e-01	2.832923e-02	3.541154e-02	1.854994e-01	1.838905e-01	3.934815e-02	3.389743e-01
8470	6.687171e-01	6.810076e-01	2.173751e-02	2.717189e-02	1.423369e-01	1.354754e-01	6.380321e-01	8.142648e-01
10693	4.030145e-01	5.098968e-01	3.559684e-02	4.449605e-02	2.330876e-01	1.249967e-01	5.511336e-01	6.578745e-01
6818	9.140234e-01	2.966005e-01	2.765436e-02	3.456795e-02	1.810803e-01	1.307312e-01	4.552863e-01	8.034161e-01
9850	5.579435e-01	2.529464e-01	4.360814e-02	5.451018e-02	2.855455e-01	1.297933e-01	9.744871e-01	8.042179e-01
25304	8.891829e-02	3.518059e-01	3.788552e-02	4.735689e-02	2.480738e-01	2.169030e-01	2.264487e-01	9.179683e-01
90	2.190892e-01	7.106471e-01	2.747081e-02	3.433852e-02	1.798785e-01	1.467121e-01	4.471717e-01	7.467135e-01
7682	2.922274e-01	7.179204e-01	3.942167e-02	4.927709e-02	2.581325e-01	1.704415e-01	8.528814e-01	8.012952e-01
28322	8.773711e-01	8.958209e-01	2.903392e-02	3.629239e-02	1.901136e-01	9.515326e-02	3.780893e-01	2.757327e-01
10920	4.333428e-02	4.759070e-01	2.559951e-02	3.199939e-02	1.676252e-01	1.581977e-01	4.664986e-01	7.891172e-01
31443	8.803908e-01	1.199167e-01	2.573224e-02	3.216530e-02	1.684943e-01	1.534430e-01	4.324023e-01	3.484439e-01
18690	8.493665e-01	1.983880e-01	2.565265e-02	3.206581e-02	1.679731e-01	1.474503e-01	6.290663e-01	4.682946e-01
5124	2.895234e-01	5.141309e-01	2.197084e-02	2.746355e-02	1.438647e-01	1.394956e-01	5.797705e-02	5.618209e-01
20972	8.368005e-01	8.416477e-01	2.540872e-02	3.176091e-02	1.663759e-01	1.596019e-01	5.764060e-01	6.428402e-01
8583	5.899999e-01	1.596266e-01	3.403560e-02	4.254450e-02	2.228646e-01	2.208200e-01	1.592259e-01	3.360762e-01
29894	5.700770e-01	7.433719e-02	2.171548e-02	2.714436e-02	1.421927e-01	1.326752e-01	1.818090e-01	5.974152e-01
3691	1.068222e-01	8.249251e-01	5.515523e-02	6.894403e-02	3.611556e-01	1.394538e-01	5.227061e-01	7.326128e-01
13679	3.565595e-01	5.531985e-01	3.857941e-02	4.822426e-02	2.526174e-01	2.029403e-01	6.603511e-01	8.631451e-01
25779	7.026631e-01	7.282958e-01	3.260925e-02	4.076156e-02	2.135248e-01	1.223872e-01	3.395029e-01	5.283488e-01
3678	5.943455e-01	8.532951e-01	3.089328e-02	3.861660e-02	2.022887e-01	2.020607e-01	6.231496e-01	9.790620e-02
8554	6.832146e-01	8.281989e-01	3.342158e-02	4.177697e-02	2.188440e-01	8.257338e-02	5.801562e-01	5.625819e-01
1921	7.698605e-01	2.974627e-01	6.413050e-02	8.016313e-02	4.199255e-01	2.173047e-01	7.044732e-01	1.213725e-01
5809	6.677831e-01	5.905947e-01	3.468803e-02	4.336003e-02	2.271367e-01	2.211282e-01	4.629265e-01	8.634014e-01
12578	4.231019e-01	7.926123e-01	5.665266e-02	7.081582e-02	3.709607e-01	1.405569e-01	3.770643e-02	2.299651e-01
10834	4.866206e-01	1.965177e-01	3.908568e-02	4.885710e-02	2.559324e-01	8.415785e-02	6.282061e-01	3.879937e-01
11694	5.912975e-01	5.233263e-01	5.107807e-02	6.384759e-02	3.344584e-01	2.263137e-01	6.364614e-01	5.312913e-01
5135	7.315519e-01	5.738592e-01	2.229684e-02	2.787105e-02	1.459994e-01	1.319491e-01	5.549069e-01	1.975337e-02
22439	3.770613e-01	6.675130e-01	2.136461e-02	2.670577e-02	1.398952e-01	6.977764e-02	3.817795e-01	2.975154e-01
25810	2.273108e-01	2.882410e-01	4.679131e-02	5.848914e-02	3.063888e-01	2.924962e-01	6.159051e-01	2.565233e-01
2064	9.094210e-01	8.196076e-01	7.190041e-02	8.987552e-02	4.708028e-01	2.193717e-01	1.191979e-01	3.396440e-01
3766	3.766131e-01	4.058429e-01	3.271212e-02	4.089015e-02	2.141985e-01	1.656421e-01	4.792758e-01	1.193231e-01
14508	2.895858e-01	2.594978e-01	3.413934e-02	4.267417e-02	2.235439e-01	2.189022e-01	7.342164e-01	3.718855e-01
26201	4.064609e-01	7.227457e-01	2.263621e-02	2.829526e-02	1.482216e-01	1.105524e-01	1.580615e-01	5.022703e-01
32364	5.281328e-01	6.971751e-01	7.504307e-02	9.380383e-02	4.913808e-01	2.116416e-01	2.771459e-01	7.439955e-01
32080	2.488932e-01	4.511314e-01	4.442176e-02	5.552720e-02	2.908730e-01	2.592273e-01	4.255857e-01	8.302675e-01
32762	8.853893e-01	7.711428e-01	2.198610e-02	2.748262e-02	1.439646e-01	1.419292e-01	4.945428e-01	9.644047e-01
24008	4.822517e-01	2.964618e-01	2.329746e-02	2.912183e-02	1.525514e-01	7.183254e-02	2.739021e-01	1.905569e-01
8617	7.129546e-01	3.643242e-01	2.270901e-02	2.838627e-02	1.486983e-01	1.254814e-01	4.872431e-01	7.592264e-01
30488	8.866252e-01	5.890955e-01	3.202451e-02	4.003064e-02	2.096960e-01	1.315431e-01	1.696558e-01	2.353968e-01
31131	5.290113e-01	9.093412e-01	6.389027e-02	7.986284e-02	4.183525e-01	4.173982e-01	5.477903e-02	2.418645e-01
5057	5.603074e-01	4.337138e-01	2.906833e-02	3.633541e-02	1.903390e-01	1.502615e-01	2.747962e-01	8.870577e-01
24592	6.936808e-02	8.774873e-01	2.575516e-02	3.219395e-02	1.686444e-01	1.593252e-01	5.840015e-01	3.823806e-01
22501	8.483253e-01	3.561710e-01	5.994843e-02	7.493553e-02	3.925414e-01	3.839337e-01	6.274315e-01	2.205696e-01
23997	8.829951e-01	1.703735e-01	3.683175e-02	4.603969e-02	2.411737e-01	1.233956e-01	1.510978e-01	2.523408e-01
16089	2.224680e-01	5.254868e-01	2.366007e-02	2.957509e-02	1.549258e-01	1.519999e-01	8.603421e-01	8.670122e-01
14076	2.364329e-01	1.563025e-01	3.947240e-02	4.934049e-02	2.584646e-01	2.202348e-01	2.705548e-01	5.069778e-01
5900	8.625619e-01	4.078712e-02	3.552164e-02	4.440206e-02	2.325952e-01	2.187807e-01	5.536231e-01	6.179575e-01
5147	7.597747e-01	9.654018e-01	2.275031e-02	2.843788e-02	1.489686e-01	5.054894e-02	4.011704e-01	4.459861e-01
17614	5.070938e-01	5.719818e-01	4.464093e-02	5.580116e-02	2.923081e-01	1.446778e-01	4.346496e-02	3.595162e-02
24507	2.997291e-01	1.926239e-01	3.063942e-02	3.829927e-02	2.006264e-01	1.083649e-01	4.084067e-01	3.144129e-01
2667	6.154695e-02	1.689548e-01	2.205372e-02	2.756715e-02	1.444074e-01	1.419664e-01	6.653184e-01	5.256887e-01
31846	3.608775e-01	8.974147e-01	2.729703e-02	3.412129e-02	1.787405e-01	1.599232e-01	8.769922e-01	1.330766e-01
24805	4.634826e-02	8.485572e-01	2.340557e-02	2.925697e-02	1.532593e-01	1.480195e-01	6.767618e-01	3.396736e-02
29387	8.288572e-01	8.941692e-01	2.168142e-02	2.710178e-02	1.419696e-01	1.418660e-01	7.054362e-01	5.115952e-01
28709	1.731245e-01	5.972966e-01	3.884192e-02	4.855240e-02	2.543363e-01	2.542384e-01	1.650370e-01	4.747305e-01
16875	3.443108e-01	3.672999e-01	2.361687e-02	2.952109e-02	1.546429e-01	1.266818e-01	7.321803e-01	9.383593e-01
28067	3.223038e-01	6.041481e-01	2.867479e-02	3.584349e-02	1.877621e-01	1.740320e-01	3.960177e-01	9.375552e-01
2253	6.808444e-01	7.880765e-01	2.479590e-02	3.099487e-02	1.623632e-01	4.819161e-02	9.520454e-01	4.138460e-01
15563	8.988265e-01	2.467790e-01	2.803191e-02	3.503989e-02	1.835525e-01	1.123961e-01	8.516333e-01	4.971065e-01
