9647	2.418186e-01	8.620277e-01	7.775699e-02	9.719623e-02	5.091515e-01	4.050125e-01	2.581058e-01	7.832971e-01
12706	7.154584e-01	8.512000e-01	2.266279e-02	2.832849e-02	1.483956e-01	5.300560e-02	8.937686e-01	7.303370e-01
19276	3.869930e-01	1.108447e-01	2.722716e-02	3.403396e-02	1.782830e-01	6.289349e-02	9.330581e-01	1.930519e-01
24040	7.364791e-01	2.378807e-01	2.373464e-02	2.966830e-02	1.554141e-01	7.578842e-02	4.552869e-01	4.414402e-01
4438	6.453997e-01	6.540264e-01	2.386501e-02	2.983126e-02	1.562677e-01	1.558399e-01	3.918360e-01	4.487392e-01
3972	8.091723e-01	3.541766e-01	2.476229e-02	3.095286e-02	1.621431e-01	9.584289e-02	1.063093e-01	6.953738e-01
909	8.888781e-01	9.458696e-01	2.943837e-02	3.679796e-02	1.927620e-01	1.891403e-01	6.379809e-01	3.898006e-01
16456	7.686682e-01	5.979157e-01	2.875491e-02	3.594363e-02	1.882867e-01	1.098590e-01	8.595161e-01	2.546041e-01
14306	2.174365e-01	7.671346e-01	7.298893e-02	9.123616e-02	4.779304e-01	1.891311e-01	5.746397e-01	3.244885e-01
31707	5.758460e-01	8.272460e-01	7.805111e-02	9.756389e-02	5.110775e-01	3.278327e-01	1.962067e-01	1.888830e-01
29467	4.088830e-01	7.138880e-01	3.828507e-02	4.785634e-02	2.506900e-01	1.866012e-01	8.503585e-01	7.553750e-01
22301	3.660098e-01	4.844331e-01	5.116216e-02	6.395269e-02	3.350090e-01	3.273334e-01	7.498941e-01	7.407845e-01
3675	9.552220e-01	3.643609e-01	4.040058e-02	5.050073e-02	2.645424e-01	2.573715e-01	5.455788e-01	7.294665e-01
31049	4.801298e-01	7.831797e-01	3.049072e-02	3.811340e-02	1.996528e-01	1.707790e-01	5.249656e-02	3.606250e-01
16594	9.515522e-01	8.864986e-01	4.341267e-02	5.426584e-02	2.842655e-01	1.796550e-01	4.990033e-01	7.420701e-01
21699	8.233880e-01	5.821104e-01	2.089527e-02	2.611909e-02	1.368219e-01	1.108923e-01	4.300101e-01	7.831841e-01
24544	1.112856e-01	2.883981e-01	5.234890e-02	6.543613e-02	3.427798e-01	3.134929e-01	2.256768e-01	1.305767e-01
32211	3.425537e-01	7.118117e-02	2.338454e-02	2.923067e-02	1.531216e-01	1.220030e-01	2.861685e-01	5.269035e-01
29785	6.088994e-01	4.848215e-01	2.178389e-02	2.722987e-02	1.426406e-01	9.631203e-02	2.233186e-02	5.762512e-01
30885	7.959631e-01	1.980865e-01	4.535742e-02	5.669677e-02	2.969997e-01	1.583100e-01	9.418421e-01	3.381432e-01
16661	6.459278e-01	4.071739e-01	7.848392e-02	9.810491e-02	5.139115e-01	4.436533e-01	8.483084e-01	2.080806e-01
15418	6.951789e-02	2.365933e-01	2.294549e-02	2.868186e-02	1.502467e-01	1.016860e-01	1.414036e-01	4.103885e-01
24955	8.423669e-01	6.943427e-01	2.649665e-02	3.312081e-02	1.734996e-01	1.705256e-01	2.265606e-01	7.654580e-01
20749	2.585700e-01	9.519008e-01	2.117002e-02	2.646253e-02	1.386210e-01	1.163074e-01	1.933681e-01	1.975598e-01
9364	4.639453e-01	6.764630e-01	3.672297e-02	4.590372e-02	2.404615e-01	1.593665e-01	8.362721e-03	7.767220e-01
536	6.949312e-01	7.911954e-01	4.640700e-02	5.800874e-02	3.038723e-01	1.212854e-01	2.554494e-01	8.107049e-01
21899	8.104678e-02	9.337315e-01	3.470110e-02	4.337637e-02	2.272222e-01	2.200336e-01	5.862498e-01	8.199090e-01
30471	5.115407e-01	4.900398e-01	3.077241e-02	3.846551e-02	2.014973e-01	1.702698e-01	1.281665e-01	6.159414e-02
26896	5.538476e-01	3.163263e-01	6.410310e-02	8.012888e-02	4.197461e-01	1.471127e-01	2.676281e-01	6.152986e-01
14891	2.647691e-01	6.972898e-02	3.872305e-02	4.840381e-02	2.535579e-01	2.426106e-01	3.476988e-01	7.938804e-02
6420	8.591106e-01	1.050930e-01	2.577087e-02	3.221358e-02	1.687472e-01	7.791090e-02	9.372193e-03	9.351037e-01
27241	4.812631e-01	3.451475e-01	2.396876e-02	2.996095e-02	1.569471e-01	1.556980e-01	4.490679e-01	6.186948e-01
12233	9.847710e-02	5.002449e-01	2.253220e-02	2.816525e-02	1.475405e-01	5.985174e-02	2.975950e-01	1.931644e-01
19318	6.105911e-01	2.029050e-01	2.104390e-02	2.630488e-02	1.377951e-01	8.568556e-02	4.423888e-01	5.797912e-01
5908	1.864712e-01	3.806693e-01	2.723652e-02	3.404565e-02	1.783443e-01	5.852293e-02	9.431658e-02	7.614685e-01
7449	9.896538e-02	4.082427e-01	2.434503e-02	3.043129e-02	1.594109e-01	8.926620e-02	2.221562e-01	8.283812e-01
31747	9.920451e-02	5.861737e-01	2.425242e-02	3.031553e-02	1.588045e-01	1.486770e-01	1.643764e-02	8.163113e-01
32257	4.219066e-01	3.082234e-01	2.333237e-02	2.916546e-02	1.527800e-01	1.339819e-01	7.405665e-02	2.887874e-03
23509	8.819120e-01	2.797344e-01	2.220414e-02	2.775517e-02	1.453923e-01	1.296025e-01	8.682534e-02	8.429383e-01
16379	1.738321e-01	2.161037e-01	2.268234e-02	2.835292e-02	1.485236e-01	1.387986e-01	8.040890e-01	4.538868e-01
7797	3.114014e-01	1.370728e-01	2.794263e-02	3.492829e-02	1.829679e-01	1.793893e-01	2.884700e-01	5.412415e-01
24762	9.392431e-01	6.700723e-01	2.076193e-02	2.595241e-02	1.359488e-01	1.344196e-01	4.542205e-01	7.072296e-01
5013	6.489837e-01	7.399905e-01	2.746634e-02	3.433293e-02	1.798492e-01	9.614103e-02	5.719482e-01	5.167022e-01
8405	4.683833e-01	9.438043e-01	3.304868e-02	4.131086e-02	2.164023e-01	2.151215e-01	5.688577e-01	4.796018e-01
31394	9.331731e-01	2.855903e-01	3.982778e-02	4.978473e-02	2.607917e-01	2.385156e-01	7.424620e-01	2.932738e-01
19879	8.285267e-01	5.196932e-01	6.479528e-02	8.099411e-02	4.242785e-01	3.004142e-01	3.285431e-01	1.719583e-01
17437	5.409892e-01	2.189188e-01	3.118632e-02	3.898289e-02	2.042075e-01	1.413024e-01	7.298273e-03	3.729259e-01
10450	4.512073e-01	8.803784e-01	4.801168e-02	6.001460e-02	3.143797e-01	3.054113e-01	4.802530e-01	1.068920e-01
23121	2.018526e-01	2.695494e-01	2.062783e-02	2.578479e-02	1.350707e-01	1.177463e-01	9.743401e-01	7.781335e-01
2570	2.168514e-01	4.923281e-02	2.944407e-02	3.680509e-02	1.927993e-01	5.786918e-02	4.646158e-01	2.282969e-01
5445	1.920108e-01	5.939543e-01	4.294464e-02	5.368080e-02	2.812008e-01	2.666702e-01	5.421018e-01	8.085919e-01
27084	2.976374e-01	5.622779e-01	2.238803e-02	2.798504e-02	1.465965e-01	1.235552e-01	3.629028e-01	3.816451e-01
19804	1.120230e-01	8.373827e-02	2.186659e-02	2.733323e-02	1.431821e-01	1.030931e-01	4.385939e-02	2.205736e-01
8687	2.498277e-01	5.432057e-01	3.231885e-02	4.039857e-02	2.116233e-01	1.627007e-01	8.801160e-01	1.931533e-02
28038	5.468755e-02	1.742581e-01	2.473075e-02	3.091344e-02	1.619366e-01	9.750162e-02	2.855671e-02	9.242820e-01
18280	5.002812e-02	4.483630e-01	4.956262e-02	6.195328e-02	3.245353e-01	1.371066e-01	9.930261e-01	8.590981e-01
17093	1.633345e-01	7.977283e-01	2.169475e-02	2.711844e-02	1.420569e-01	1.323481e-01	1.850092e-02	2.235566e-01
22617	8.030153e-01	8.031673e-01	2.559176e-02	3.198969e-02	1.675744e-01	1.020139e-01	5.905673e-01	9.125507e-01
13196	2.691063e-01	7.259766e-01	2.095266e-02	2.619082e-02	1.371977e-01	1.279032e-01	8.939185e-01	7.922106e-01
8688	2.936161e-01	4.728486e-01	4.776963e-02	5.971204e-02	3.127948e-01	1.143672e-01	6.651185e-01	1.703818e-01
242	7.991185e-01	7.122260e-01	5.742965e-02	7.178707e-02	3.760485e-01	1.667482e-01	4.675881e-01	5.055811e-01
23378	3.902335e-01	8.705269e-01	3.045669e-02	3.807086e-02	1.994299e-01	1.062483e-01	8.737717e-01	5.315562e-01
28774	2.412714e-01	5.954279e-01	2.490139e-02	3.112674e-02	1.630539e-01	1.506434e-01	6.791644e-02	5.077020e-01
14242	7.081874e-02	8.469183e-01	5.004866e-02	6.256083e-02	3.277179e-01	1.646097e-01	2.931150e-01	5.636885e-02
32239	3.624209e-01	3.639863e-01	5.355163e-02	6.693954e-02	3.506553e-01	1.821434e-01	4.683250e-01	9.503596e-01
19700	9.119918e-02	3.395496e-01	2.579422e-02	3.224278e-02	1.689002e-01	1.464988e-01	4.562695e-01	7.917065e-01
3874	4.467830e-01	2.362148e-01	4.644393e-02	5.805491e-02	3.041141e-01	1.309543e-01	4.911521e-02	4.495761e-01
3971	5.007390e-01	7.027224e-01	6.273949e-02	7.842437e-02	4.108172e-01	1.284224e-01	7.653745e-01	8.516079e-01
29357	7.562521e-01	4.202035e-01	2.524937e-02	3.156172e-02	1.653325e-01	1.591696e-01	7.720554e-01	8.721850e-01
12315	1.858149e-01	9.913833e-02	5.604663e-02	7.005829e-02	3.669925e-01	1.508951e-01	2.094616e-01	3.229689e-01
30725	3.449668e-01	7.380837e-01	2.988833e-02	3.736042e-02	1.957084e-01	5.484093e-02	3.677942e-01	8.966515e-01
16045	4.375464e-01	6.526068e-01	4.580443e-02	5.725553e-02	2.999267e-01	1.208013e-01	5.892524e-01	8.223035e-01
19924	5.775663e-01	9.088098e-01	2.602387e-02	3.252984e-02	1.704039e-01	1.466934e-01	2.887069e-01	6.010260e-01
