8944	8.077940e-01	4.297638e-01	2.203608e-02	2.754510e-02	1.442919e-01	1.340430e-01	7.736293e-01	7.093983e-02
20325	5.274290e-01	8.685427e-01	3.225133e-02	4.031416e-02	2.111812e-01	1.568332e-01	3.987501e-01	9.774524e-01
18295	1.242813e-01	5.833384e-01	2.087864e-02	2.609830e-02	1.367130e-01	9.455366e-02	1.698650e-01	3.454480e-01
5398	8.568517e-01	6.122164e-01	7.901685e-02	9.877107e-02	5.174011e-01	3.656318e-01	3.510930e-01	3.263635e-01
10422	6.149946e-01	1.401508e-01	3.355386e-02	4.194232e-02	2.197101e-01	2.001626e-01	6.032741e-01	4.829712e-01
11099	4.732745e-01	8.630876e-01	2.328023e-02	2.910028e-02	1.524386e-01	1.487322e-01	1.019430e-01	3.782037e-01
8532	6.959618e-01	4.460050e-01	6.901453e-02	8.626816e-02	4.519061e-01	1.694015e-01	6.930868e-01	4.422989e-01
28763	7.030632e-01	5.347223e-01	3.775160e-02	4.718950e-02	2.471969e-01	8.605865e-02	9.127951e-01	2.932112e-01
29578	4.416653e-01	5.260080e-01	5.466218e-02	6.832772e-02	3.579271e-01	3.125473e-01	8.201158e-01	1.328140e-01
14222	5.414156e-01	4.848001e-01	2.172411e-02	2.715514e-02	1.422491e-01	1.231568e-01	5.312679e-01	6.488419e-01
12521	7.413825e-01	7.114265e-01	2.129087e-02	2.661358e-02	1.394123e-01	1.271694e-01	7.471680e-01	6.535944e-01
8864	4.392923e-01	3.900244e-01	2.170435e-02	2.713043e-02	1.421197e-01	1.168968e-01	6.107464e-01	2.348048e-01
12600	6.564388e-01	2.372295e-01	3.054192e-02	3.817740e-02	1.999880e-01	1.911665e-01	8.446568e-01	5.969059e-01
16060	2.709321e-01	6.761330e-01	3.554963e-02	4.443704e-02	2.327785e-01	1.681437e-01	1.251220e-01	3.072223e-02
30977	9.045256e-01	1.892351e-01	3.426124e-02	4.282655e-02	2.243421e-01	1.540432e-01	2.148401e-01	1.269176e-01
9382	5.719351e-01	2.362884e-01	4.354672e-02	5.443340e-02	2.851433e-01	1.878406e-01	5.696146e-01	8.591298e-02
8331	1.828441e-01	2.123696e-01	4.384281e-02	5.480351e-02	2.870820e-01	2.670115e-01	8.179868e-01	4.005897e-01
20424	3.851061e-01	8.064445e-01	3.994015e-02	4.992519e-02	2.615275e-01	9.386259e-02	3.135708e-01	8.944315e-01
26123	8.667274e-01	2.483984e-01	3.862185e-02	4.827731e-02	2.528952e-01	2.521438e-01	2.289849e-01	6.450619e-01
14990	7.950319e-01	7.619785e-01	5.533091e-02	6.916363e-02	3.623059e-01	2.759823e-01	2.077080e-02	3.938396e-01
2728	7.381155e-01	2.866287e-01	7.539706e-02	9.424633e-02	4.936988e-01	4.933135e-01	7.282187e-01	6.257361e-01
17899	9.383058e-01	4.948424e-01	6.244889e-02	7.806111e-02	4.089144e-01	3.650232e-01	1.319143e-01	3.159370e-01
19612	4.754355e-01	7.518830e-01	2.972892e-02	3.716116e-02	1.946645e-01	1.932152e-01	3.820638e-02	2.634886e-01
11344	3.602628e-02	5.575988e-01	2.666391e-02	3.332989e-02	1.745949e-01	1.631724e-01	2.898583e-01	2.317860e-01
18792	3.092430e-02	5.950894e-01	2.811987e-02	3.514984e-02	1.841285e-01	1.437600e-01	8.272747e-02	6.278915e-01
4366	3.256643e-01	1.100541e-01	6.536941e-02	8.171176e-02	4.280379e-01	2.775253e-01	3.450438e-01	3.105211e-01
8038	3.024316e-01	9.484573e-01	2.694252e-02	3.367815e-02	1.764192e-01	1.720737e-01	3.323986e-01	1.458550e-02
25095	4.054726e-01	7.431352e-01	2.169270e-02	2.711588e-02	1.420435e-01	1.401885e-01	5.368985e-01	7.725639e-01
11616	4.000096e-01	6.795199e-01	2.368594e-02	2.960743e-02	1.550952e-01	1.549678e-01	5.192536e-01	8.308941e-01
30901	9.216755e-01	8.782198e-01	2.196628e-02	2.745785e-02	1.438349e-01	1.292219e-01	7.021070e-03	1.278355e-01
22647	3.195183e-01	5.961802e-01	4.125895e-02	5.157369e-02	2.701630e-01	1.622304e-01	7.884703e-01	8.548164e-01
30304	7.124709e-01	9.194199e-01	2.159551e-02	2.699439e-02	1.414071e-01	5.231041e-02	3.115550e-01	7.667559e-01
30144	5.007762e-01	9.167116e-01	2.381057e-02	2.976321e-02	1.559112e-01	6.421331e-02	6.343725e-01	9.746207e-01
19750	5.047382e-01	9.690494e-02	6.093402e-02	7.616753e-02	3.989950e-01	2.938452e-01	1.249776e-01	3.767028e-01
5666	1.544440e-01	1.600281e-01	2.246533e-02	2.808166e-02	1.471026e-01	1.314672e-01	2.204593e-01	6.420724e-01
15774	4.745705e-01	5.708625e-01	5.469048e-02	6.836310e-02	3.581124e-01	1.184046e-01	8.864334e-01	5.470084e-01
23005	2.087295e-01	6.781597e-01	2.515514e-02	3.144393e-02	1.647155e-01	1.382496e-01	6.564413e-01	9.009654e-01
22756	8.338631e-01	4.798082e-01	2.322385e-02	2.902981e-02	1.520694e-01	1.348177e-01	8.379683e-01	8.300660e-01
18488	7.280323e-01	1.034893e-01	2.426565e-02	3.033206e-02	1.588911e-01	1.487152e-01	4.435729e-02	5.435111e-01
22473	5.681503e-01	6.590627e-01	5.020119e-02	6.275149e-02	3.287166e-01	3.174504e-01	2.020233e-02	2.870676e-01
31229	1.512919e-01	2.969811e-01	2.195113e-02	2.743891e-02	1.437357e-01	1.422146e-01	5.300862e-01	1.908861e-01
17710	9.036658e-01	5.455629e-01	2.786907e-02	3.483634e-02	1.824862e-01	1.776298e-01	4.362669e-01	4.534823e-01
5863	8.783135e-01	3.516465e-01	4.141594e-02	5.176993e-02	2.711909e-01	1.613196e-01	8.865815e-01	2.894461e-01
1343	3.904008e-01	3.983386e-01	3.354140e-02	4.192675e-02	2.196285e-01	6.613604e-02	3.359142e-01	1.549053e-01
28735	1.953808e-01	7.399634e-01	2.164742e-02	2.705928e-02	1.417470e-01	6.692313e-02	9.695272e-01	7.549853e-01
5274	3.234056e-01	8.920516e-01	3.006708e-02	3.758385e-02	1.968788e-01	7.995718e-02	5.229691e-01	1.760789e-01
26857	9.000388e-01	4.262115e-01	4.331936e-02	5.414920e-02	2.836545e-01	1.295959e-01	9.004023e-01	5.286375e-01
32333	1.513397e-01	6.929805e-01	3.010980e-02	3.763725e-02	1.971585e-01	1.629694e-01	2.584601e-02	6.458895e-01
22622	8.399759e-01	3.035973e-01	2.128024e-02	2.660030e-02	1.393427e-01	1.380893e-01	8.253218e-01	7.358229e-01
28079	2.640898e-01	5.036528e-01	2.394471e-02	2.993088e-02	1.567896e-01	1.566707e-01	2.181802e-01	8.825350e-01
3252	4.145325e-01	1.509917e-01	2.344766e-02	2.930958e-02	1.535349e-01	1.264251e-01	9.486056e-01	9.329810e-01
6490	8.416530e-01	8.726063e-01	5.697721e-02	7.122152e-02	3.730859e-01	3.728317e-01	8.556405e-01	5.878233e-01
19580	8.804811e-02	7.004118e-01	2.868884e-02	3.586105e-02	1.878541e-01	1.821611e-01	4.649416e-01	4.045274e-01
23325	8.505920e-01	2.000664e-01	2.554757e-02	3.193447e-02	1.672851e-01	1.085856e-01	6.345547e-01	8.533476e-01
8672	7.141405e-01	6.403833e-01	3.692424e-02	4.615530e-02	2.417793e-01	2.150749e-01	6.252047e-01	4.131347e-02
24030	2.622016e-01	6.122579e-02	2.151277e-02	2.689097e-02	1.408653e-01	1.397099e-01	8.177754e-01	6.508459e-01
32615	2.079899e-01	7.111853e-01	3.994079e-02	4.992599e-02	2.615317e-01	1.463412e-01	9.706299e-01	8.938380e-01
19774	2.675698e-01	1.342134e-01	6.562531e-02	8.203164e-02	4.297135e-01	2.955199e-01	9.075266e-01	2.075949e-01
32033	3.435411e-01	7.798563e-01	2.119488e-02	2.649360e-02	1.387837e-01	4.409707e-02	9.439147e-01	1.631244e-01
14718	5.838179e-01	9.419566e-01	2.765030e-02	3.456288e-02	1.810538e-01	1.507067e-01	1.671798e-01	8.954878e-02
5243	5.228325e-01	1.858831e-01	2.733160e-02	3.416450e-02	1.789669e-01	1.721199e-01	6.620619e-01	5.899080e-01
13447	9.267208e-01	2.634934e-01	2.483973e-02	3.104967e-02	1.626502e-01	1.599231e-01	9.140788e-02	4.308231e-01
28927	8.917945e-01	9.090554e-01	2.139634e-02	2.674543e-02	1.401029e-01	1.040979e-01	3.352352e-01	9.026134e-01
20650	5.145632e-01	5.696469e-01	2.918592e-02	3.648240e-02	1.911090e-01	8.824757e-02	4.491127e-01	2.546714e-01
26979	2.838283e-01	5.449875e-01	2.113933e-02	2.642417e-02	1.384200e-01	1.167692e-01	9.502134e-01	6.429898e-01
30717	4.455132e-01	1.557957e-01	2.889384e-02	3.611730e-02	1.891964e-01	6.530951e-02	1.782956e-01	8.277761e-01
5489	8.762741e-01	2.969165e-01	2.441945e-02	3.052432e-02	1.598982e-01	4.681935e-02	4.987384e-01	6.932736e-03
24675	9.078428e-01	7.547614e-01	2.385968e-02	2.982461e-02	1.562328e-01	1.543259e-01	4.403965e-01	2.450833e-01
20652	4.831920e-01	1.740472e-01	3.918514e-02	4.898142e-02	2.565837e-01	1.039791e-01	1.297620e-01	4.207816e-01
32649	7.784115e-01	9.131060e-01	4.924826e-02	6.156033e-02	3.224769e-01	3.166103e-01	2.143045e-01	6.809520e-01
18490	3.173336e-02	3.664721e-01	3.141386e-02	3.926732e-02	2.056975e-01	2.056868e-01	3.149170e-01	5.030498e-01
16812	8.739797e-01	7.664681e-02	6.370167e-02	7.962708e-02	4.171175e-01	2.638832e-01	3.023593e-01	7.196172e-01
19799	6.584849e-01	6.202378e-01	2.487985e-02	3.109981e-02	1.629129e-01	1.491756e-01	7.408457e-04	9.807419e-01
11636	7.789587e-01	6.415571e-02	3.891790e-02	4.864737e-02	2.548338e-01	1.785601e-01	1.991118e-01	9.124115e-01
2830	3.428423e-01	9.365840e-01	2.604930e-02	3.256163e-02	1.705704e-01	1.090888e-01	1.316282e-01	4.155794e-01
28262	7.810586e-01	3.353610e-01	3.022953e-02	3.778691e-02	1.979425e-01	1.878031e-01	6.496112e-01	8.130335e-01
12989	1.051890e-01	3.507874e-01	5.417774e-02	6.772218e-02	3.547550e-01	2.402538e-01	3.146816e-01	5.921913e-01
18545	2.586785e-01	4.217064e-01	2.636451e-02	3.295564e-02	1.726344e-01	9.448686e-02	8.895182e-01	3.754275e-01
2122	4.296689e-01	1.863902e-01	2.525403e-02	3.156753e-02	1.653630e-01	1.202919e-01	3.546894e-01	2.401498e-01
