11658	5.544293e-01	3.830653e-01	3.049168e-02	3.811461e-02	1.996591e-01	1.767002e-01	6.167741e-01	3.079242e-01
20290	8.913937e-01	5.865726e-01	6.193029e-02	7.741287e-02	4.055186e-01	3.235008e-01	6.747663e-01	1.249192e-01
30555	4.222917e-02	4.164950e-02	2.539845e-02	3.174807e-02	1.663087e-01	1.338747e-01	6.408537e-01	3.895788e-01
1687	5.960105e-01	8.441635e-01	4.629628e-02	5.787035e-02	3.031473e-01	2.873155e-01	5.846820e-01	4.868595e-01
17194	6.914525e-01	8.060437e-01	2.696518e-02	3.370648e-02	1.765676e-01	1.407032e-01	3.177006e-01	2.506959e-01
14729	5.723189e-01	8.143531e-02	2.263121e-02	2.828902e-02	1.481888e-01	1.096204e-01	3.859049e-01	8.958560e-01
23393	6.339827e-01	7.786592e-01	3.143020e-02	3.928775e-02	2.058045e-01	2.022320e-01	3.287467e-01	9.035744e-01
24471	6.771956e-01	5.293936e-01	3.338654e-02	4.173317e-02	2.186145e-01	9.627341e-02	5.552883e-01	4.870814e-01
7272	8.685322e-01	1.658302e-01	2.825350e-02	3.531688e-02	1.850035e-01	1.810866e-01	1.192688e-01	7.920630e-01
21095	5.746605e-01	7.369395e-01	2.490077e-02	3.112597e-02	1.630499e-01	1.559544e-01	7.706306e-01	4.602102e-01
13455	6.377973e-01	4.597015e-02	2.736298e-02	3.420373e-02	1.791724e-01	1.195578e-01	9.988373e-01	7.526876e-01
28622	8.416306e-01	7.365898e-01	7.529915e-02	9.412393e-02	4.930576e-01	4.791571e-01	5.044721e-01	5.004598e-01
29595	1.362261e-01	6.072787e-01	2.791219e-02	3.489023e-02	1.827686e-01	1.503707e-01	1.938020e-01	8.417798e-02
22721	1.123272e-01	5.044630e-02	2.739226e-02	3.424033e-02	1.793641e-01	1.758401e-01	5.697391e-01	9.092691e-01
6019	1.362324e-01	6.823951e-01	2.539092e-02	3.173865e-02	1.662593e-01	1.658044e-01	4.649998e-01	7.125786e-01
20435	8.998406e-01	8.165653e-01	7.500876e-02	9.376095e-02	4.911562e-01	2.714208e-01	3.041976e-02	7.115790e-01
15669	3.055470e-01	2.159583e-01	6.260068e-02	7.825085e-02	4.099083e-01	1.257877e-01	7.536993e-01	7.395038e-01
2296	3.425035e-01	4.482414e-02	2.055825e-02	2.569781e-02	1.346151e-01	1.227928e-01	2.258525e-01	1.444290e-01
17395	4.554632e-01	4.254033e-01	2.549585e-02	3.186981e-02	1.669464e-01	4.406391e-02	9.662838e-01	7.219809e-01
29523	4.773837e-01	3.679347e-01	5.527860e-02	6.909825e-02	3.619634e-01	3.221454e-01	4.779301e-01	1.177776e-01
1206	6.486541e-01	3.758169e-01	2.795916e-02	3.494895e-02	1.830761e-01	1.677393e-01	2.166689e-01	6.108101e-01
15927	2.973285e-01	6.604149e-01	2.177777e-02	2.722221e-02	1.426005e-01	1.307822e-01	9.774978e-01	6.831339e-01
17550	6.418192e-02	5.869355e-01	2.599105e-02	3.248882e-02	1.701890e-01	1.691378e-01	5.457173e-01	1.659893e-01
5451	7.929023e-01	2.989207e-01	6.620232e-02	8.275290e-02	4.334918e-01	2.750962e-01	1.194376e-01	6.650793e-01
13204	4.107692e-01	5.244447e-01	5.281936e-02	6.602420e-02	3.458604e-01	3.060036e-01	3.537758e-01	5.643360e-01
6463	3.058242e-01	1.122403e-01	2.184410e-02	2.730512e-02	1.430348e-01	1.252693e-01	8.646353e-01	2.970227e-01
31253	8.138454e-01	3.490449e-01	2.065849e-02	2.582311e-02	1.352714e-01	4.175814e-02	8.951557e-01	6.933644e-01
9646	2.722514e-01	5.975130e-01	7.056717e-02	8.820897e-02	4.620728e-01	2.690415e-01	1.881526e-01	1.369277e-01
32073	8.648191e-01	4.024021e-02	3.177997e-02	3.972496e-02	2.080947e-01	8.060408e-02	4.974491e-01	7.974882e-01
17986	1.690533e-01	6.603105e-01	2.286181e-02	2.857726e-02	1.496988e-01	7.887505e-02	9.185924e-02	3.856831e-01
22388	7.070083e-02	1.669444e-01	3.129189e-02	3.911486e-02	2.048988e-01	2.037469e-01	2.882309e-01	9.199843e-01
26119	5.045478e-01	4.789183e-01	3.673160e-02	4.591450e-02	2.405179e-01	2.147405e-01	3.015420e-01	1.479190e-01
12094	9.630897e-01	7.993154e-01	3.237186e-02	4.046482e-02	2.119704e-01	1.360141e-01	8.991967e-01	1.262642e-01
3033	5.128826e-02	6.870658e-01	2.573050e-02	3.216313e-02	1.684829e-01	1.681960e-01	8.009302e-01	6.634498e-01
31499	1.753851e-01	1.911344e-01	2.956792e-02	3.695990e-02	1.936103e-01	9.178494e-02	4.766634e-01	5.013221e-01
15985	3.570101e-01	6.074925e-01	2.810751e-02	3.513439e-02	1.840475e-01	1.494381e-01	3.362083e-01	8.553907e-01
23870	4.317691e-01	2.725838e-01	5.794204e-02	7.242755e-02	3.794036e-01	3.284708e-01	5.367920e-01	8.620957e-01
9360	9.651020e-01	5.890804e-01	2.630034e-02	3.287542e-02	1.722142e-01	1.541222e-01	5.802643e-01	2.708907e-01
5581	8.085832e-01	6.100725e-01	4.423386e-02	5.529232e-02	2.896426e-01	1.701044e-01	2.190922e-01	2.237823e-01
12991	7.783362e-01	2.256616e-01	4.149348e-02	5.186685e-02	2.716987e-01	1.467160e-01	8.537011e-01	6.713349e-02
15507	4.162694e-01	9.233671e-01	4.721367e-02	5.901708e-02	3.091544e-01	2.142260e-01	4.170346e-01	5.366382e-01
22662	1.318505e-01	5.564138e-01	2.978887e-02	3.723609e-02	1.950571e-01	9.161414e-02	3.928834e-01	7.414159e-01
31885	3.855501e-01	4.643524e-01	2.589810e-02	3.237263e-02	1.695804e-01	1.688073e-01	6.127199e-03	9.495257e-01
7855	3.101281e-01	7.680545e-01	2.458143e-02	3.072679e-02	1.609588e-01	1.589915e-01	1.553993e-01	9.548285e-01
26488	2.978086e-01	1.611780e-01	2.459650e-02	3.074562e-02	1.610575e-01	7.840301e-02	3.460713e-01	9.296517e-01
30767	7.107083e-01	4.408359e-01	2.932784e-02	3.665980e-02	1.920383e-01	5.088956e-02	6.712269e-01	9.721355e-01
14522	2.894366e-01	9.319982e-01	2.704093e-02	3.380116e-02	1.770636e-01	7.371746e-02	3.640349e-01	5.024122e-01
25332	7.075546e-01	7.066127e-01	2.892182e-02	3.615227e-02	1.893796e-01	1.224836e-01	8.359987e-01	5.882375e-01
30660	4.503999e-01	8.069593e-01	2.810443e-02	3.513054e-02	1.840274e-01	1.128712e-01	8.643932e-01	3.744151e-02
12918	3.466680e-01	4.061779e-01	2.440299e-02	3.050374e-02	1.597904e-01	9.757419e-02	6.348829e-01	9.659204e-01
1247	4.285223e-01	7.318016e-01	4.540557e-02	5.675696e-02	2.973149e-01	2.736155e-01	4.975803e-01	1.599527e-01
25235	6.366234e-01	1.004745e-01	3.450067e-02	4.312584e-02	2.259099e-01	1.494711e-01	2.016327e-01	3.322263e-01
27577	3.287429e-01	3.709943e-01	2.161859e-02	2.702323e-02	1.415582e-01	1.375828e-01	1.781047e-01	9.307368e-01
29246	1.738077e-01	3.758827e-01	6.684781e-02	8.355976e-02	4.377184e-01	4.093473e-01	2.218621e-01	2.087192e-01
24423	9.564016e-01	9.051949e-01	2.361945e-02	2.952431e-02	1.546598e-01	9.021948e-02	4.086738e-01	9.459339e-01
22543	1.260373e-01	9.419008e-01	4.140466e-02	5.175583e-02	2.711171e-01	2.214034e-01	2.969278e-01	5.870412e-02
23620	5.468753e-01	1.888877e-01	4.855082e-02	6.068852e-02	3.179100e-01	1.126945e-01	7.137724e-01	4.639994e-01
15480	2.204597e-01	4.407243e-01	4.102868e-02	5.128585e-02	2.686552e-01	2.578402e-01	6.240918e-02	6.618655e-01
4192	2.489518e-01	4.982202e-01	2.587818e-02	3.234773e-02	1.694499e-01	1.595968e-01	1.967222e-01	3.113677e-01
5957	6.247129e-01	4.063702e-01	2.198527e-02	2.748159e-02	1.439592e-01	1.313476e-01	7.385263e-01	3.393429e-01
19994	1.689150e-01	5.799442e-02	4.800679e-02	6.000849e-02	3.143477e-01	1.105192e-01	8.087924e-01	5.341060e-01
14129	2.585947e-01	9.364393e-02	2.822531e-02	3.528163e-02	1.848189e-01	1.838720e-01	5.378951e-01	3.128892e-01
19528	7.035833e-01	3.449828e-01	4.177683e-02	5.222104e-02	2.735540e-01	2.542554e-01	5.398782e-01	2.900179e-01
21514	3.846049e-01	4.133392e-01	2.805628e-02	3.507035e-02	1.837121e-01	1.294057e-01	5.402719e-01	8.593737e-01
30776	1.005605e-01	5.175668e-01	3.418620e-02	4.273276e-02	2.238507e-01	2.233393e-01	4.880681e-01	2.553100e-01
16877	5.624464e-01	4.865373e-01	5.008231e-02	6.260288e-02	3.279382e-01	3.279280e-01	4.438170e-01	6.756785e-01
8977	2.839921e-01	7.205926e-01	6.083737e-02	7.604671e-02	3.983622e-01	3.317868e-01	9.510617e-01	4.399411e-01
10974	1.763626e-01	2.370127e-01	2.900454e-02	3.625567e-02	1.899213e-01	1.894670e-01	5.499185e-01	9.231709e-01
20685	2.200053e-01	2.112486e-01	2.103465e-02	2.629331e-02	1.377346e-01	1.262372e-01	8.721863e-01	8.971252e-01
7808	7.544509e-01	5.762277e-01	4.119015e-02	5.148769e-02	2.697125e-01	2.042058e-01	1.939548e-01	9.893349e-01
30487	1.763984e-01	5.395627e-01	3.830656e-02	4.788320e-02	2.508307e-01	1.480661e-01	1.500835e-01	7.484265e-01
3168	7.760278e-01	1.227346e-01	2.204353e-02	2.755441e-02	1.443407e-01	5.076552e-02	4.200111e-01	2.627655e-01
30621	5.387523e-01	6.344092e-01	4.914146e-02	6.142682e-02	3.217775e-01	3.092293e-01	2.453040e-01	7.954564e-02
22758	8.229230e-01	4.875946e-01	2.133426e-02	2.666782e-02	1.396964e-01	4.666480e-02	9.696142e-02	3.471904e-01
6817	7.941552e-01	3.874869e-01	4.447043e-02	5.558804e-02	2.911917e-01	1.728853e-01	3.752636e-01	6.587543e-01
20502	1.226842e-01	3.534766e-01	4.357023e-02	5.446278e-02	2.852972e-01	9.391342e-02	6.868172e-01	2.420577e-01
28504	1.337512e-01	8.023360e-01	2.404850e-02	3.006063e-02	1.574692e-01	6.095507e-02	4.200571e-01	3.085011e-01
