23178	7.342035e-01	2.318821e-01	5.106738e-02	6.383422e-02	3.343884e-01	2.028655e-01	3.573886e-02	8.958668e-01
21538	4.557942e-01	2.660391e-01	4.893853e-02	6.117316e-02	3.204487e-01	2.008370e-01	6.184206e-01	3.336684e-01
23882	8.826726e-01	3.477753e-01	2.333836e-02	2.917295e-02	1.528192e-01	8.469182e-02	1.332704e-02	3.017224e-01
13073	6.375014e-01	8.922794e-01	5.368065e-02	6.710081e-02	3.515000e-01	1.555542e-01	9.001827e-01	7.905722e-01
20493	6.441769e-01	1.774460e-01	2.061109e-02	2.576387e-02	1.349611e-01	6.978957e-02	7.613259e-02	6.026355e-01
4503	2.100269e-01	1.353217e-01	7.210033e-02	9.012541e-02	4.721118e-01	3.964141e-01	8.592892e-01	9.121032e-01
23674	4.824834e-01	4.462444e-02	3.679320e-02	4.599150e-02	2.409213e-01	1.771137e-01	1.130403e-01	1.709253e-01
3993	1.971708e-01	3.005007e-01	2.864991e-02	3.581239e-02	1.875992e-01	1.695819e-01	7.032146e-01	4.186403e-02
27479	5.339130e-01	6.445044e-02	3.884412e-02	4.855515e-02	2.543507e-01	2.063217e-01	9.940259e-01	8.907021e-01
13747	1.107932e-01	2.046966e-01	3.178712e-02	3.973390e-02	2.081416e-01	2.052483e-01	5.262670e-01	3.523490e-01
23350	3.049113e-01	2.896520e-01	2.375357e-02	2.969197e-02	1.555380e-01	1.153157e-01	6.680577e-02	8.200720e-02
31855	6.090470e-01	3.534840e-01	2.088930e-02	2.611162e-02	1.367828e-01	7.466955e-02	9.245766e-01	8.356102e-01
17719	3.185412e-01	7.674850e-01	2.450578e-02	3.063222e-02	1.604635e-01	1.324028e-01	9.316593e-02	1.408296e-02
3520	9.143297e-01	8.461747e-01	5.596137e-02	6.995172e-02	3.664342e-01	3.664335e-01	9.974283e-01	4.521474e-01
9339	5.545245e-02	4.172132e-01	3.077669e-02	3.847086e-02	2.015253e-01	6.836480e-02	8.543435e-01	4.043066e-01
21764	2.174546e-01	4.056120e-01	6.644546e-02	8.305682e-02	4.350838e-01	4.054754e-01	1.849687e-01	4.820515e-01
2041	9.406626e-01	2.666384e-01	3.037993e-02	3.797491e-02	1.989273e-01	1.975976e-01	6.426742e-01	2.202544e-02
676	7.201904e-01	8.113541e-01	2.204282e-02	2.755353e-02	1.443361e-01	7.514119e-02	5.007516e-01	6.963137e-01
22952	8.436783e-01	6.060172e-01	2.566188e-02	3.207735e-02	1.680336e-01	6.878684e-02	6.700916e-01	1.120846e-02
27373	6.826470e-01	4.406657e-02	2.186568e-02	2.733210e-02	1.431761e-01	1.129482e-01	3.271324e-01	5.688006e-01
9859	6.437109e-01	3.714568e-01	2.619045e-02	3.273806e-02	1.714946e-01	1.691314e-01	3.421273e-01	7.149968e-01
10325	8.561005e-01	4.366531e-01	3.252749e-02	4.065936e-02	2.129895e-01	1.674398e-01	9.563699e-01	7.800520e-01
15982	4.126950e-01	3.233127e-01	3.677553e-02	4.596941e-02	2.408056e-01	1.539294e-01	2.201697e-01	6.739766e-01
4814	1.054030e-01	9.091723e-01	4.730115e-02	5.912644e-02	3.097272e-01	3.075954e-01	9.799646e-01	4.419582e-01
5822	7.176796e-01	5.375196e-02	3.294930e-02	4.118662e-02	2.157515e-01	2.147420e-01	1.065582e-01	4.803198e-01
7561	8.475599e-01	6.909225e-02	2.812137e-02	3.515171e-02	1.841383e-01	7.137670e-02	5.005552e-02	9.152964e-01
32463	6.787047e-01	6.272275e-01	3.827281e-02	4.784102e-02	2.506098e-01	1.867401e-01	5.833234e-01	5.320441e-01
29564	5.742023e-01	9.501087e-01	4.270608e-02	5.338260e-02	2.796387e-01	2.796107e-01	5.121495e-01	7.823853e-01
27375	1.865553e-01	5.581900e-01	2.984428e-02	3.730535e-02	1.954199e-01	1.153609e-01	9.792746e-01	2.972462e-01
13455	4.740169e-01	4.553954e-01	5.757581e-02	7.196976e-02	3.770055e-01	3.589668e-01	4.978910e-01	2.641587e-01
26196	8.006019e-01	7.981983e-01	3.891538e-02	4.864422e-02	2.548173e-01	2.089845e-01	3.547963e-01	2.491562e-01
822	2.410717e-01	7.309627e-01	3.016343e-02	3.770429e-02	1.975097e-01	1.808544e-01	8.283970e-01	9.550784e-01
25499	4.965976e-01	6.565494e-01	2.456834e-02	3.071043e-02	1.608731e-01	1.198894e-01	2.325885e-01	3.140889e-02
16798	2.861929e-01	2.245510e-01	2.058722e-02	2.573403e-02	1.348048e-01	1.161929e-01	6.831472e-02	3.020281e-01
12311	6.298366e-01	8.069595e-01	4.283327e-02	5.354159e-02	2.804716e-01	2.769998e-01	3.305886e-01	7.507768e-01
18721	4.079353e-01	7.062242e-01	3.090959e-02	3.863699e-02	2.023955e-01	9.742281e-02	3.935757e-01	9.926998e-01
27003	2.799969e-01	6.404706e-01	3.427799e-02	4.284749e-02	2.244518e-01	1.008067e-01	6.205326e-01	6.072347e-01
9544	3.814742e-01	6.436685e-01	2.833979e-02	3.542474e-02	1.855685e-01	1.687284e-01	3.169983e-01	1.359619e-02
4455	3.839129e-01	5.565561e-01	4.011218e-02	5.014023e-02	2.626540e-01	7.794682e-02	1.746162e-01	1.120614e-01
29017	3.150484e-01	9.443596e-01	4.653129e-02	5.816411e-02	3.046862e-01	1.919034e-01	7.500927e-01	3.704877e-01
19053	5.550006e-01	7.597917e-01	6.066199e-02	7.582749e-02	3.972138e-01	2.026260e-01	4.671569e-01	7.956733e-01
30713	4.102993e-01	7.991494e-01	4.113685e-02	5.142106e-02	2.693634e-01	2.186438e-01	9.964694e-01	9.792990e-01
26870	8.713072e-01	9.260387e-01	2.610409e-02	3.263011e-02	1.709292e-01	1.260060e-01	5.123420e-01	3.700047e-01
7346	7.307805e-01	1.638041e-01	6.709081e-02	8.386351e-02	4.393096e-01	4.099242e-01	4.508795e-02	8.594866e-02
21789	1.085116e-01	4.076892e-01	2.080853e-02	2.601066e-02	1.362539e-01	8.034866e-02	7.633520e-01	7.903086e-01
24236	5.645674e-01	2.635373e-01	3.794287e-02	4.742859e-02	2.484493e-01	2.218727e-01	4.660850e-01	9.524359e-02
3449	5.117411e-01	8.709925e-01	7.031013e-02	8.788766e-02	4.603896e-01	2.836010e-01	9.702186e-01	8.502949e-01
20273	7.907761e-01	6.100885e-01	4.818554e-02	6.023193e-02	3.155182e-01	1.518401e-01	9.503818e-01	3.879127e-02
20393	6.258155e-01	4.340590e-01	5.020865e-02	6.276081e-02	3.287654e-01	3.263886e-01	6.237616e-01	5.516418e-01
18627	4.804263e-01	7.129915e-01	2.299521e-02	2.874401e-02	1.505723e-01	4.978340e-02	3.516503e-01	9.681413e-01
8908	7.821950e-01	8.977189e-02	3.682517e-02	4.603146e-02	2.411306e-01	1.780379e-01	9.362699e-02	2.463026e-01
17899	6.497400e-01	9.607620e-01	3.036543e-02	3.795679e-02	1.988324e-01	9.388510e-02	3.881469e-01	4.855579e-01
32193	5.971188e-01	5.923410e-01	2.276416e-02	2.845520e-02	1.490593e-01	7.500522e-02	1.649209e-01	2.615134e-01
1542	6.508953e-01	6.787593e-01	3.780336e-02	4.725420e-02	2.475358e-01	2.334404e-01	1.975145e-01	1.691613e-01
32092	1.054352e-01	5.252133e-01	5.212696e-02	6.515870e-02	3.413265e-01	3.276400e-01	6.588970e-01	1.852544e-01
26428	9.409895e-01	5.043030e-01	3.423608e-02	4.279510e-02	2.241773e-01	6.275033e-02	2.136739e-01	2.163929e-02
25186	9.667791e-01	8.792369e-01	2.253684e-02	2.817105e-02	1.475709e-01	1.465131e-01	6.621896e-01	1.239583e-01
31289	3.834275e-01	2.163702e-01	3.513081e-02	4.391351e-02	2.300360e-01	9.554671e-02	8.689928e-01	8.874342e-01
11845	5.813461e-01	3.322101e-01	5.874849e-02	7.343561e-02	3.846842e-01	1.958376e-01	7.783637e-01	1.394270e-01
23162	8.006945e-01	4.155918e-01	4.027836e-02	5.034795e-02	2.637421e-01	2.049051e-01	9.478573e-01	5.378637e-01
14799	7.397655e-01	7.954717e-01	2.063726e-02	2.579657e-02	1.351325e-01	1.251753e-01	1.951851e-01	2.568620e-01
9394	5.974170e-02	2.514319e-01	2.151721e-02	2.689651e-02	1.408943e-01	8.120422e-02	1.465497e-01	7.629388e-01
6068	7.867770e-02	6.137336e-01	4.128208e-02	5.160260e-02	2.703144e-01	8.368625e-02	6.277545e-01	4.403675e-01
28816	5.004852e-01	8.216250e-01	2.170090e-02	2.712612e-02	1.420971e-01	9.249610e-02	4.654053e-02	7.760044e-01
1697	3.320759e-02	7.823974e-01	2.514051e-02	3.142564e-02	1.646197e-01	1.435515e-01	6.893219e-01	7.370508e-02
11445	3.025818e-01	5.856907e-01	2.691556e-02	3.364445e-02	1.762427e-01	7.151066e-02	2.340003e-01	2.239269e-02
4934	9.020295e-01	1.567404e-01	3.223554e-02	4.029443e-02	2.110778e-01	2.107863e-01	8.338963e-01	9.483461e-01
27089	1.039737e-01	3.508627e-01	2.068324e-02	2.585405e-02	1.354335e-01	1.275601e-01	1.007166e-01	2.896258e-02
30441	9.325680e-01	5.423672e-02	4.690662e-02	5.863327e-02	3.071438e-01	9.488333e-02	7.800446e-01	5.787747e-01
12103	1.758707e-01	6.717392e-01	3.249309e-02	4.061637e-02	2.127643e-01	2.066969e-01	4.398809e-01	9.901594e-02
5795	9.101243e-01	5.344940e-01	2.675316e-02	3.344145e-02	1.751793e-01	1.318500e-01	9.037541e-01	6.347773e-01
2133	8.216140e-01	2.415160e-01	2.750159e-02	3.437699e-02	1.800800e-01	5.801711e-02	8.496660e-02	7.589821e-02
