14578	8.786869e-01	2.808767e-01	2.932922e-02	3.666152e-02	1.920473e-01	1.912350e-01	3.129215e-03	9.456710e-01
6722	5.872984e-01	4.340638e-01	4.585209e-02	5.731512e-02	3.002388e-01	9.173758e-02	1.390282e-01	3.130801e-01
32200	8.020548e-01	1.683377e-01	2.709575e-02	3.386969e-02	1.774226e-01	1.699210e-01	2.887934e-01	8.739392e-01
15668	9.121837e-01	8.555422e-01	5.663594e-02	7.079493e-02	3.708513e-01	3.107803e-01	5.106190e-01	6.472104e-01
17179	7.359414e-01	3.866678e-01	5.129002e-02	6.411252e-02	3.358462e-01	3.346302e-01	4.320016e-01	4.895734e-01
16371	3.529184e-01	7.104067e-01	4.892157e-02	6.115196e-02	3.203377e-01	2.098768e-01	4.725213e-01	8.901792e-01
22732	4.412110e-01	8.149065e-01	4.427356e-02	5.534195e-02	2.899026e-01	2.791021e-01	1.358043e-01	8.365756e-01
11214	1.143960e-01	4.818606e-01	5.221631e-02	6.527039e-02	3.419116e-01	2.371131e-01	3.247828e-01	2.528915e-01
19203	5.202924e-01	5.415293e-01	4.009446e-02	5.011807e-02	2.625379e-01	2.608166e-01	7.353958e-01	5.651077e-01
21144	8.085827e-01	3.348763e-02	3.082428e-02	3.853035e-02	2.018369e-01	1.254252e-01	5.643531e-01	2.799804e-01
16794	7.547466e-01	8.404677e-01	2.095883e-02	2.619854e-02	1.372381e-01	6.475536e-02	8.514232e-01	8.355835e-01
23066	2.307789e-01	3.414198e-01	2.748821e-02	3.436026e-02	1.799923e-01	1.029746e-01	3.726574e-01	5.431353e-01
28486	5.560384e-01	4.807192e-01	5.268261e-02	6.585326e-02	3.449649e-01	2.288998e-01	9.971169e-01	8.115663e-01
17288	6.434988e-01	6.863263e-01	2.385299e-02	2.981623e-02	1.561890e-01	5.363134e-02	9.685023e-01	9.360374e-01
18639	1.712917e-01	7.922082e-01	2.366994e-02	2.958743e-02	1.549904e-01	1.377230e-01	1.884432e-01	5.415664e-01
12952	5.832008e-01	1.124138e-01	2.160105e-02	2.700131e-02	1.414433e-01	1.414232e-01	6.618821e-01	2.108468e-01
14601	3.208045e-01	5.514095e-01	3.262213e-02	4.077766e-02	2.136092e-01	1.932529e-01	1.188179e-01	1.840308e-01
15955	6.264833e-01	5.510236e-01	3.624456e-02	4.530570e-02	2.373288e-01	8.774422e-02	1.735035e-01	8.461475e-01
6253	9.291401e-01	2.042611e-01	3.533030e-02	4.416288e-02	2.313423e-01	2.228964e-01	2.700488e-01	3.048249e-01
31924	1.619724e-01	8.838933e-01	5.962100e-02	7.452625e-02	3.903974e-01	1.106473e-01	9.770745e-01	1.260042e-02
7093	2.656335e-01	5.102029e-01	6.760058e-02	8.450073e-02	4.426476e-01	4.372978e-01	1.398342e-01	4.037681e-02
11179	3.980170e-01	6.996069e-01	2.570667e-02	3.213334e-02	1.683269e-01	1.498374e-01	8.558301e-01	5.378257e-01
22925	8.141397e-01	6.378214e-01	5.119254e-02	6.399068e-02	3.352080e-01	3.226417e-01	2.363188e-01	9.705298e-01
16904	1.665414e-01	3.917572e-01	3.698541e-02	4.623176e-02	2.421799e-01	1.224960e-01	1.717092e-01	4.310912e-01
8430	6.887844e-01	7.304255e-02	2.101821e-02	2.627276e-02	1.376269e-01	1.177561e-01	4.807483e-01	5.078248e-01
31490	6.494042e-01	8.445425e-01	2.092664e-02	2.615829e-02	1.370273e-01	6.793092e-02	6.258929e-01	5.590452e-01
22775	3.131536e-02	7.685166e-01	2.118852e-02	2.648565e-02	1.387421e-01	1.360474e-01	7.169655e-01	9.623943e-01
7940	2.580377e-01	9.354272e-01	3.285484e-02	4.106855e-02	2.151330e-01	1.715223e-01	2.843870e-01	5.664665e-01
14984	1.493243e-01	8.104789e-01	4.280584e-02	5.350731e-02	2.802920e-01	8.054369e-02	4.691229e-01	7.344579e-01
17301	7.323856e-01	4.757810e-01	2.764588e-02	3.455735e-02	1.810248e-01	1.564072e-01	9.142572e-01	1.607369e-02
2829	3.897626e-01	4.487402e-01	2.874938e-02	3.593673e-02	1.882505e-01	1.581886e-01	3.274217e-01	8.040429e-01
12636	7.846539e-01	3.424837e-01	2.085635e-02	2.607044e-02	1.365671e-01	5.643146e-02	5.843556e-02	2.958824e-01
16125	4.598626e-01	3.980877e-01	2.450878e-02	3.063597e-02	1.604831e-01	4.376021e-02	8.817711e-01	8.594482e-01
5466	2.084914e-01	7.184409e-01	3.552254e-02	4.440317e-02	2.326010e-01	1.309239e-01	5.179037e-01	3.544562e-01
235	9.590255e-01	5.595862e-01	3.051341e-02	3.814176e-02	1.998013e-01	1.402792e-01	7.673648e-01	3.238468e-01
8392	6.552272e-01	9.070480e-01	2.391578e-02	2.989473e-02	1.566002e-01	9.801900e-02	7.766098e-01	8.663405e-01
6866	1.215993e-01	2.475110e-01	2.681199e-02	3.351498e-02	1.755645e-01	9.271749e-02	8.531850e-01	7.263933e-01
3781	5.831386e-01	7.411325e-01	5.677250e-02	7.096562e-02	3.717454e-01	1.109821e-01	5.256882e-01	7.814267e-01
4039	2.499330e-01	5.920537e-01	2.357138e-02	2.946423e-02	1.543451e-01	1.073740e-01	1.232383e-01	6.733801e-01
7263	8.204888e-01	8.658422e-01	5.640628e-02	7.050785e-02	3.693474e-01	2.285829e-01	9.281700e-01	5.327457e-01
11107	8.991884e-01	5.906502e-01	5.744323e-02	7.180404e-02	3.761374e-01	1.477432e-01	8.209130e-01	9.199219e-01
9409	1.124024e-01	3.579271e-01	3.156150e-02	3.945188e-02	2.066642e-01	8.631052e-02	9.523067e-01	4.803697e-01
30771	8.021223e-02	9.165000e-01	2.229668e-02	2.787085e-02	1.459983e-01	7.376353e-02	6.921530e-01	7.462958e-01
10707	7.963257e-01	3.975731e-01	2.905631e-02	3.632039e-02	1.902603e-01	1.884593e-01	5.603609e-01	6.255120e-01
15950	6.607430e-01	2.371079e-01	3.830144e-02	4.787680e-02	2.507972e-01	9.716858e-02	4.878768e-01	5.303328e-01
3137	8.548593e-01	1.356858e-01	2.361511e-02	2.951888e-02	1.546313e-01	1.382502e-01	9.708832e-01	1.524668e-01
4503	6.455819e-02	4.225271e-01	6.064349e-02	7.580437e-02	3.970926e-01	3.403980e-01	8.129727e-01	8.650709e-01
19676	4.335521e-01	1.896778e-01	6.035767e-02	7.544708e-02	3.952211e-01	3.198736e-01	5.068035e-01	7.926146e-01
23143	1.896169e-01	2.532447e-01	3.360193e-02	4.200241e-02	2.200249e-01	2.199446e-01	7.664088e-01	2.698022e-01
7146	5.258890e-01	6.944483e-01	2.609954e-02	3.262443e-02	1.708994e-01	1.471859e-01	7.220720e-01	2.950267e-01
13196	9.164146e-01	1.151784e-01	3.349549e-02	4.186936e-02	2.193279e-01	1.269000e-01	8.615634e-01	6.878666e-01
23007	4.708730e-01	5.350235e-01	6.740883e-02	8.426104e-02	4.413920e-01	1.432043e-01	5.893668e-01	3.892297e-01
24468	9.604001e-01	4.583057e-01	2.727252e-02	3.409066e-02	1.785801e-01	1.532759e-01	4.693816e-01	1.572925e-01
13968	7.472545e-01	2.318576e-01	7.793172e-02	9.741465e-02	5.102957e-01	4.844800e-01	5.979908e-01	5.681246e-01
8391	5.404237e-01	3.908328e-01	2.204875e-02	2.756094e-02	1.443749e-01	1.337942e-01	9.281744e-01	9.924575e-02
14179	3.881122e-01	3.873437e-02	2.155056e-02	2.693820e-02	1.411127e-01	1.344973e-01	8.908343e-01	3.811097e-01
27749	5.084604e-01	3.108460e-01	4.057284e-02	5.071605e-02	2.656703e-01	2.620770e-01	4.174194e-01	8.563773e-01
20200	1.190174e-01	8.580283e-01	2.784191e-02	3.480239e-02	1.823084e-01	9.214000e-02	5.260385e-01	5.837834e-01
20975	8.815040e-01	1.353857e-01	3.457313e-02	4.321641e-02	2.263843e-01	1.032303e-01	5.102300e-01	1.352021e-01
12083	1.923718e-01	1.621247e-01	3.369724e-02	4.212155e-02	2.206490e-01	2.180560e-01	6.036910e-02	7.485949e-01
8059	5.026531e-01	2.026714e-01	7.224272e-02	9.030340e-02	4.730442e-01	4.282519e-01	2.204280e-02	5.152181e-01
21676	6.208032e-01	1.614348e-01	3.288366e-02	4.110458e-02	2.153217e-01	1.191012e-01	7.836591e-01	2.060582e-01
25108	7.194874e-01	9.056890e-01	6.256232e-02	7.820290e-02	4.096571e-01	1.918590e-01	6.025210e-01	6.981996e-01
18744	5.715578e-01	2.303948e-01	2.328015e-02	2.910019e-02	1.524381e-01	1.364802e-01	9.253359e-02	5.252287e-01
8295	3.218117e-01	9.345764e-01	5.569639e-02	6.962048e-02	3.646991e-01	2.853545e-01	2.823950e-01	1.920233e-01
23938	5.372578e-01	8.569132e-01	3.150779e-02	3.938474e-02	2.063125e-01	1.203508e-01	4.847985e-01	3.818280e-02
1450	6.159972e-01	7.804375e-01	2.887701e-02	3.609626e-02	1.890862e-01	1.568933e-01	1.278151e-01	9.963551e-01
14993	7.797959e-01	5.725146e-01	4.312839e-02	5.391049e-02	2.824041e-01	2.684357e-01	8.299846e-01	8.275010e-02
20932	3.478154e-01	3.995291e-01	6.021210e-02	7.526512e-02	3.942679e-01	3.942267e-01	7.540899e-01	5.656323e-01
5579	1.683237e-01	9.232988e-01	3.240426e-02	4.050532e-02	2.121826e-01	1.305133e-01	7.560390e-01	1.998476e-02
9004	7.435119e-01	6.235503e-01	3.379975e-02	4.224969e-02	2.213203e-01	5.789569e-02	9.750414e-01	5.314994e-01
3668	9.398478e-01	7.401311e-01	2.828715e-02	3.535894e-02	1.852238e-01	9.029926e-02	5.390894e-01	9.420290e-01
9027	8.315680e-01	7.570871e-01	2.217100e-02	2.771375e-02	1.451754e-01	1.451109e-01	5.083969e-01	1.179256e-01
27520	2.715079e-01	9.249368e-02	2.457549e-02	3.071936e-02	1.609199e-01	1.608531e-01	4.130026e-01	3.774058e-01
