28224	7.398602e-01	6.482102e-01	3.909219e-02	4.886524e-02	2.559751e-01	2.441573e-01	7.690904e-01	6.019921e-01
14377	3.794965e-01	1.267416e-01	2.397028e-02	2.996285e-02	1.569570e-01	1.224174e-01	8.107936e-01	3.845808e-01
21745	6.564964e-01	5.272919e-01	7.233179e-02	9.041474e-02	4.736274e-01	1.450320e-01	2.430527e-02	3.273386e-01
19287	9.143128e-01	5.957068e-01	2.480183e-02	3.100229e-02	1.624020e-01	8.527298e-02	9.970172e-01	5.274645e-01
11660	4.136241e-01	3.098299e-01	6.346281e-02	7.932851e-02	4.155535e-01	3.653861e-01	3.751901e-01	8.828365e-01
32125	6.781993e-01	3.907458e-01	3.814403e-02	4.768004e-02	2.497665e-01	2.496688e-01	6.332742e-01	7.905720e-01
14760	9.140474e-01	4.180337e-01	3.196917e-02	3.996146e-02	2.093336e-01	2.092458e-01	4.389960e-01	2.308630e-01
18436	4.323151e-01	4.321494e-01	2.875856e-02	3.594820e-02	1.883106e-01	1.110349e-01	2.715872e-02	8.777431e-01
12282	6.943695e-01	7.031018e-01	2.735029e-02	3.418786e-02	1.790893e-01	8.525183e-02	2.002898e-01	4.045304e-02
25566	3.027846e-01	3.137664e-01	6.155318e-02	7.694147e-02	4.030492e-01	2.913470e-01	5.951728e-01	3.226694e-01
26573	2.898306e-01	6.316181e-01	4.988519e-02	6.235649e-02	3.266474e-01	3.161178e-01	3.468717e-01	6.036917e-02
886	1.924914e-01	5.882074e-01	5.758764e-02	7.198456e-02	3.770830e-01	3.169298e-01	8.946329e-01	6.573192e-01
19204	7.975898e-02	8.430054e-01	5.075198e-02	6.343998e-02	3.323232e-01	3.288679e-01	5.578174e-01	3.897837e-01
19483	7.077689e-01	9.300113e-01	2.087549e-02	2.609436e-02	1.366924e-01	5.144831e-02	8.481021e-01	4.011684e-01
22381	5.631017e-01	4.947208e-01	2.962410e-02	3.703013e-02	1.939782e-01	1.926856e-01	4.357680e-01	1.441963e-01
7152	3.915029e-01	7.418010e-01	4.657467e-02	5.821834e-02	3.049702e-01	1.609821e-01	5.664368e-02	6.626879e-01
12940	6.920172e-01	6.490001e-01	2.264733e-02	2.830916e-02	1.482944e-01	1.171346e-01	6.958273e-01	9.508968e-01
7717	6.659723e-01	8.695796e-01	2.874211e-02	3.592763e-02	1.882029e-01	1.267378e-01	7.018811e-01	7.784470e-02
24762	8.483470e-01	7.952689e-01	6.997895e-02	8.747369e-02	4.582211e-01	4.468111e-01	7.346245e-01	9.905415e-01
32030	5.572179e-01	8.557107e-01	2.276494e-02	2.845618e-02	1.490645e-01	1.073569e-01	6.754959e-02	4.182693e-01
11781	3.386529e-01	2.248309e-01	2.696761e-02	3.370952e-02	1.765835e-01	6.113293e-02	7.480179e-01	6.707502e-01
28378	1.342963e-01	1.373540e-01	3.273138e-02	4.091423e-02	2.143246e-01	1.627682e-01	8.944465e-01	1.160136e-01
760	5.863394e-01	1.325565e-01	3.572185e-02	4.465231e-02	2.339061e-01	2.153534e-01	9.225538e-01	4.326008e-02
3015	3.204754e-01	4.102238e-01	2.547291e-02	3.184114e-02	1.667962e-01	1.659177e-01	3.908667e-01	5.330857e-01
20144	7.103150e-01	7.891375e-01	3.143890e-02	3.929863e-02	2.058614e-01	1.101749e-01	8.093509e-01	2.219272e-01
32557	5.756592e-01	2.729793e-01	6.064812e-02	7.581015e-02	3.971230e-01	3.836757e-01	3.241681e-01	4.001157e-01
22825	8.282447e-01	1.918310e-01	6.988398e-02	8.735497e-02	4.575992e-01	3.738702e-01	4.532007e-01	2.765358e-01
25027	1.035109e-01	6.290222e-01	2.825982e-02	3.532477e-02	1.850449e-01	1.184461e-01	7.790439e-01	5.044078e-01
1806	4.251939e-01	6.136616e-01	6.779337e-02	8.474171e-02	4.439099e-01	3.109450e-01	8.370197e-01	7.595083e-01
10696	5.246509e-01	1.841197e-01	5.276894e-02	6.596118e-02	3.455302e-01	1.553741e-01	1.209974e-01	7.408630e-01
9513	3.981776e-01	1.974671e-01	2.803222e-02	3.504027e-02	1.835545e-01	1.678615e-01	9.758902e-01	1.468713e-01
25582	8.239964e-01	7.246453e-01	2.289578e-02	2.861972e-02	1.499212e-01	7.789457e-02	4.210444e-01	3.876211e-01
31193	2.675863e-01	8.800686e-01	3.184359e-02	3.980449e-02	2.085113e-01	1.790661e-01	5.216129e-01	1.085587e-01
17614	2.048412e-01	6.722912e-01	2.314699e-02	2.893373e-02	1.515661e-01	1.432631e-01	3.382689e-01	4.154215e-01
20226	9.584895e-01	8.460392e-01	2.795111e-02	3.493889e-02	1.830234e-01	1.727297e-01	6.755788e-01	5.459629e-01
4292	1.752014e-01	3.965931e-01	2.761370e-02	3.451713e-02	1.808141e-01	1.805518e-01	3.465481e-01	8.569596e-02
15588	8.782952e-01	3.023132e-01	3.764928e-02	4.706160e-02	2.465269e-01	8.962727e-02	6.545435e-01	6.538455e-01
7951	9.485442e-01	4.685046e-01	2.831549e-02	3.539436e-02	1.854094e-01	1.669321e-01	3.882251e-01	4.149318e-01
17664	5.930310e-01	3.914011e-01	2.130934e-02	2.663667e-02	1.395332e-01	6.059029e-02	8.420475e-01	9.356667e-01
19317	2.094389e-01	3.773332e-01	2.744375e-02	3.430469e-02	1.797013e-01	1.797005e-01	7.645690e-01	3.050035e-01
24790	6.225570e-01	8.392918e-01	7.819258e-02	9.774072e-02	5.120038e-01	1.421994e-01	2.053595e-02	6.128681e-01
22213	7.913538e-01	5.784230e-01	5.941127e-02	7.426408e-02	3.890241e-01	3.834051e-01	9.603453e-01	6.061608e-01
8557	1.055487e-01	1.808009e-01	3.033924e-02	3.792405e-02	1.986609e-01	6.678115e-02	5.925037e-01	1.858054e-01
6716	1.549488e-01	8.309535e-01	5.504834e-02	6.881043e-02	3.604557e-01	3.592793e-01	6.599549e-01	5.853076e-01
25251	1.461459e-01	5.103782e-01	4.273148e-02	5.341435e-02	2.798051e-01	2.727091e-01	5.524415e-01	9.132476e-01
10689	7.669372e-01	1.729426e-01	4.180583e-02	5.225729e-02	2.737439e-01	2.047589e-01	7.844119e-01	9.373153e-01
607	8.693971e-01	9.339196e-01	3.077551e-02	3.846939e-02	2.015176e-01	1.096767e-01	5.520275e-01	6.880801e-02
15426	6.073743e-02	4.321682e-01	3.320835e-02	4.151044e-02	2.174478e-01	2.048545e-01	3.919335e-01	7.592325e-01
27244	2.907587e-01	5.431738e-01	2.108654e-02	2.635817e-02	1.380743e-01	1.329971e-01	9.607157e-01	6.044160e-01
19366	5.580326e-01	6.205856e-01	5.887979e-02	7.359974e-02	3.855440e-01	3.516114e-01	7.702603e-01	6.428862e-01
31500	9.016997e-01	8.594349e-01	6.170759e-02	7.713449e-02	4.040604e-01	1.382306e-01	7.585073e-01	1.252207e-01
3058	1.133973e-01	5.050658e-01	2.176898e-02	2.721122e-02	1.425429e-01	1.370853e-01	9.490885e-02	7.031181e-01
8191	1.576652e-01	6.662762e-01	4.267870e-02	5.334837e-02	2.794594e-01	2.626515e-01	5.382594e-01	9.532755e-01
21102	7.196435e-01	5.575154e-01	4.838477e-02	6.048096e-02	3.168227e-01	1.171231e-01	1.979166e-01	7.515787e-01
19571	8.186552e-01	7.460144e-01	2.971377e-02	3.714222e-02	1.945653e-01	5.539805e-02	2.471224e-01	9.680887e-01
12786	5.918981e-01	7.218179e-01	3.124791e-02	3.905988e-02	2.046108e-01	1.872964e-01	1.220639e-01	7.298402e-01
5121	5.908376e-01	5.433699e-01	5.512574e-02	6.890718e-02	3.609625e-01	3.325828e-01	3.173907e-01	8.599130e-01
16604	1.129224e-01	5.448078e-01	2.174449e-02	2.718061e-02	1.423826e-01	1.262788e-01	4.277617e-01	5.134409e-01
4064	2.063568e-01	1.068105e-01	6.924793e-02	8.655992e-02	4.534344e-01	2.994209e-01	8.859774e-01	8.335674e-01
20942	8.061645e-01	4.452600e-01	2.635555e-02	3.294444e-02	1.725757e-01	1.725688e-01	5.048048e-01	2.494020e-02
26273	9.353633e-01	7.951879e-01	3.017541e-02	3.771926e-02	1.975881e-01	9.023707e-02	4.501750e-04	7.131856e-01
6489	3.496122e-01	9.164610e-01	5.487068e-02	6.858835e-02	3.592923e-01	3.324857e-01	4.057900e-01	3.963429e-01
223	6.466245e-01	8.994576e-02	4.914979e-02	6.143724e-02	3.218321e-01	1.205321e-01	9.270533e-01	5.302187e-01
10294	8.189648e-01	3.302027e-01	2.451065e-02	3.063831e-02	1.604954e-01	8.414008e-02	2.450272e-01	1.507908e-01
26682	6.836136e-01	1.251621e-01	2.577950e-02	3.222437e-02	1.688037e-01	1.157584e-01	5.908857e-01	6.133515e-01
14938	4.312316e-01	4.811656e-01	3.188721e-02	3.985901e-02	2.087970e-01	1.934047e-01	9.217667e-01	2.528575e-01
12717	3.518296e-01	4.104812e-01	3.209194e-02	4.011492e-02	2.101375e-01	1.238339e-01	9.188506e-01	4.696814e-01
23473	9.056601e-01	3.348677e-01	3.261504e-02	4.076879e-02	2.135627e-01	2.135527e-01	5.001956e-01	3.122675e-01
14583	8.858808e-01	6.993170e-01	3.529948e-02	4.412435e-02	2.311405e-01	6.334380e-02	1.763702e-01	6.956862e-01
30967	3.479302e-01	7.742642e-01	2.389242e-02	2.986553e-02	1.564472e-01	1.233051e-01	8.252118e-01	1.043209e-01
22166	8.119068e-01	9.054345e-01	3.698753e-02	4.623441e-02	2.421937e-01	8.393964e-02	9.344325e-01	8.029852e-01
9528	6.973872e-01	2.945865e-01	4.573912e-02	5.717390e-02	2.994991e-01	1.436789e-01	5.889146e-01	5.205509e-01
2652	4.614803e-01	4.276360e-02	2.505583e-02	3.131978e-02	1.640652e-01	1.638473e-01	3.534170e-01	8.197566e-01
25512	9.420611e-01	9.462361e-01	2.423376e-02	3.029219e-02	1.586823e-01	1.059071e-01	4.321318e-01	8.208778e-01
