23054	7.350975e-01	5.120044e-01	3.235566e-02	4.044457e-02	2.118643e-01	1.839824e-01	8.593136e-01	9.065846e-01
30774	8.829978e-01	9.205582e-01	4.794366e-02	5.992958e-02	3.139343e-01	2.956702e-01	9.598478e-01	1.295443e-01
9047	4.777484e-01	5.419189e-01	3.013665e-02	3.767082e-02	1.973343e-01	1.729934e-01	5.802533e-01	6.928754e-01
20348	9.170469e-01	4.709907e-01	2.996255e-02	3.745318e-02	1.961943e-01	1.812958e-01	3.057240e-01	7.359674e-01
28119	4.496509e-01	8.405194e-01	7.879380e-02	9.849225e-02	5.159406e-01	5.134708e-01	5.790070e-01	7.652446e-01
7159	1.659630e-01	6.679754e-01	6.214028e-02	7.767535e-02	4.068936e-01	2.743525e-01	1.422364e-01	3.514732e-01
21523	6.362994e-01	5.394082e-01	3.676505e-02	4.595631e-02	2.407370e-01	2.396942e-01	5.855800e-01	8.253813e-01
26758	6.556424e-01	9.053726e-01	2.294684e-02	2.868356e-02	1.502556e-01	7.507455e-02	5.171846e-01	7.845168e-01
14612	5.783528e-01	5.245062e-01	2.533886e-02	3.167358e-02	1.659185e-01	7.909614e-02	8.077205e-01	1.068237e-02
5749	7.828656e-01	7.031041e-01	3.997503e-02	4.996879e-02	2.617559e-01	1.435183e-01	8.167218e-01	2.044687e-01
22671	8.074704e-01	9.487310e-01	2.646297e-02	3.307871e-02	1.732791e-01	1.251843e-01	1.648676e-01	2.164113e-01
3567	8.463411e-02	8.009669e-01	6.244322e-02	7.805403e-02	4.088773e-01	4.011548e-01	4.298796e-01	7.588806e-02
19112	4.311948e-01	1.114634e-01	2.414771e-02	3.018463e-02	1.581188e-01	1.441928e-01	1.394237e-01	8.706298e-01
6207	1.865666e-01	9.172147e-01	3.743946e-02	4.679933e-02	2.451530e-01	2.407919e-01	7.545465e-02	4.260066e-01
23398	7.492888e-01	3.035654e-01	5.540360e-02	6.925450e-02	3.627819e-01	3.584740e-01	4.810977e-01	7.774854e-02
25335	5.946834e-01	8.224093e-01	3.526318e-02	4.407897e-02	2.309028e-01	1.317218e-01	5.076110e-01	2.453827e-01
1236	1.820071e-01	1.993855e-01	5.296217e-02	6.620271e-02	3.467955e-01	1.573250e-01	7.739160e-01	9.719084e-01
26904	3.223792e-01	5.764457e-01	2.125606e-02	2.657007e-02	1.391843e-01	1.345057e-01	1.181500e-01	9.816431e-01
2187	5.389261e-01	9.183226e-01	2.410362e-02	3.012953e-02	1.578301e-01	5.696392e-02	6.285336e-01	4.236411e-01
28440	7.708984e-01	7.553730e-01	3.524835e-02	4.406044e-02	2.308057e-01	1.319317e-01	5.984144e-01	8.597712e-01
8772	3.216483e-01	8.709122e-01	3.354540e-02	4.193175e-02	2.196548e-01	1.896235e-01	8.552507e-01	2.289181e-01
22880	4.592260e-01	3.248105e-01	2.675444e-02	3.344306e-02	1.751877e-01	1.096665e-01	6.421191e-01	1.908621e-01
7576	6.301918e-01	2.881514e-01	2.572241e-02	3.215301e-02	1.684299e-01	6.580809e-02	1.560521e-01	3.003489e-01
29810	1.569569e-01	3.354144e-01	3.321616e-02	4.152021e-02	2.174989e-01	2.089521e-01	3.472767e-01	5.209687e-01
16231	4.130198e-01	3.660753e-02	2.853379e-02	3.566724e-02	1.868388e-01	1.823432e-01	5.956669e-01	1.559481e-01
8665	6.638870e-01	3.860412e-01	2.229410e-02	2.786763e-02	1.459814e-01	9.548850e-02	7.682951e-01	5.147799e-01
4352	8.194693e-01	6.348335e-01	4.652213e-02	5.815266e-02	3.046262e-01	2.493284e-01	7.099999e-01	3.875131e-01
20381	5.179076e-01	9.449513e-01	2.752664e-02	3.440831e-02	1.802440e-01	1.301528e-01	5.832174e-01	7.094872e-01
11829	8.669420e-01	5.372994e-01	3.699743e-02	4.624679e-02	2.422586e-01	2.116927e-01	3.432632e-01	8.221874e-01
22752	8.787348e-02	1.985845e-01	2.318698e-02	2.898372e-02	1.518280e-01	1.475283e-01	4.273077e-01	7.124920e-01
2184	3.397310e-01	4.710129e-01	3.507776e-02	4.384720e-02	2.296886e-01	1.243559e-01	4.355421e-01	7.869109e-02
21036	6.118210e-01	4.720731e-01	2.930997e-02	3.663747e-02	1.919212e-01	1.458632e-01	9.520502e-01	9.527708e-01
3595	1.387323e-01	4.084969e-01	4.100881e-02	5.126101e-02	2.685250e-01	2.594123e-01	5.919004e-01	7.573255e-01
6218	8.290000e-01	2.925400e-01	2.147626e-02	2.684533e-02	1.406262e-01	1.038732e-01	5.085961e-01	6.511747e-01
13530	1.900630e-01	5.494632e-01	4.847247e-02	6.059058e-02	3.173970e-01	1.407244e-01	3.429700e-01	8.633269e-01
19190	4.133964e-01	5.697292e-01	2.681812e-02	3.352265e-02	1.756046e-01	6.912020e-02	5.294954e-01	5.296062e-01
13821	2.858939e-01	3.330010e-01	2.057923e-02	2.572404e-02	1.347525e-01	1.345369e-01	3.630221e-01	6.670118e-01
31106	6.936125e-01	5.770251e-01	7.211811e-02	9.014763e-02	4.722282e-01	2.193373e-01	9.620991e-02	6.053848e-01
27497	4.780433e-01	4.859467e-01	3.183189e-02	3.978987e-02	2.084347e-01	1.112538e-01	8.192734e-01	6.336188e-01
29830	5.154897e-01	7.173316e-01	3.888584e-02	4.860730e-02	2.546239e-01	2.545788e-01	7.255678e-01	5.702235e-01
25349	9.411538e-01	9.697542e-02	3.694668e-02	4.618335e-02	2.419263e-01	1.581056e-01	1.434889e-01	1.670845e-01
1278	9.384108e-01	3.232067e-01	2.508740e-02	3.135924e-02	1.642719e-01	1.629449e-01	1.892839e-01	6.978759e-01
3400	6.485639e-01	1.197765e-01	3.644498e-02	4.555622e-02	2.386411e-01	9.758715e-02	4.960989e-01	9.211780e-01
18511	2.841344e-01	2.114828e-01	5.113454e-02	6.391818e-02	3.348282e-01	3.347544e-01	7.815432e-01	6.910411e-01
26288	6.194691e-01	6.720522e-01	3.765484e-02	4.706855e-02	2.465633e-01	1.861863e-01	3.339341e-03	9.382989e-02
9077	5.226457e-01	3.285428e-01	3.655721e-02	4.569651e-02	2.393760e-01	2.321777e-01	5.660856e-03	7.815929e-01
29267	2.844940e-01	6.827621e-01	7.367291e-02	9.209114e-02	4.824091e-01	3.994052e-01	8.454710e-01	2.785759e-01
29118	4.041094e-01	6.834813e-01	2.105884e-02	2.632355e-02	1.378930e-01	9.042730e-02	6.879542e-01	6.222010e-01
1526	8.984670e-01	2.527134e-01	5.901694e-02	7.377117e-02	3.864420e-01	3.794088e-01	9.367661e-01	6.568877e-01
8737	9.059861e-01	7.088078e-01	7.042371e-02	8.802964e-02	4.611334e-01	1.293039e-01	9.145367e-01	9.058350e-01
31339	3.005976e-01	9.358471e-01	2.132730e-02	2.665912e-02	1.396508e-01	1.279420e-01	8.466207e-01	3.379595e-01
8408	4.978442e-01	6.684351e-01	5.628731e-02	7.035914e-02	3.685684e-01	1.655211e-01	8.394839e-01	2.525400e-01
17359	9.577442e-01	4.100286e-01	2.202495e-02	2.753118e-02	1.442190e-01	1.233798e-01	5.624628e-01	2.734818e-02
19898	6.231414e-01	9.453860e-01	2.964470e-02	3.705588e-02	1.941130e-01	1.627511e-01	9.067746e-01	4.324782e-01
9304	5.541505e-02	2.505925e-01	2.307657e-02	2.884571e-02	1.511050e-01	1.487865e-01	9.966405e-02	7.510892e-01
27925	3.754680e-01	5.696712e-01	5.002754e-02	6.253442e-02	3.275795e-01	1.388758e-01	7.321294e-01	6.872412e-01
9438	7.843154e-01	9.750997e-02	2.831162e-02	3.538952e-02	1.853840e-01	1.842267e-01	2.844653e-02	4.991260e-01
4422	3.210495e-01	9.103411e-01	2.305817e-02	2.882272e-02	1.509846e-01	1.156118e-01	3.285301e-01	8.123146e-01
1119	9.525359e-01	1.811837e-01	3.039406e-02	3.799257e-02	1.990198e-01	1.904160e-01	2.510560e-01	7.021099e-01
12573	6.779326e-01	8.287326e-01	7.010917e-02	8.763647e-02	4.590738e-01	4.581329e-01	7.637298e-02	1.136330e-01
18009	4.080106e-01	2.198773e-01	2.344592e-02	2.930740e-02	1.535235e-01	9.173983e-02	9.259297e-01	4.672412e-01
9695	7.398900e-01	9.331345e-01	5.441593e-02	6.801992e-02	3.563147e-01	2.598878e-01	8.345360e-01	2.273881e-01
14272	1.445219e-01	1.789649e-01	2.195499e-02	2.744374e-02	1.437609e-01	9.783215e-02	4.258771e-02	8.261716e-01
17302	3.787341e-02	5.553337e-01	2.205298e-02	2.756623e-02	1.444026e-01	1.434891e-01	1.439486e-01	4.088141e-01
31420	3.763392e-01	8.573822e-01	2.652503e-02	3.315629e-02	1.736855e-01	1.666642e-01	3.832208e-01	1.155062e-01
4830	1.005564e-01	2.705918e-01	2.798803e-02	3.498503e-02	1.832652e-01	1.635152e-01	1.752626e-01	2.384376e-01
19653	2.571953e-01	4.808700e-01	4.495033e-02	5.618791e-02	2.943340e-01	2.590900e-01	7.670808e-01	9.248219e-01
12679	7.910428e-01	8.690611e-01	4.277864e-02	5.347330e-02	2.801139e-01	1.665964e-01	9.689030e-01	9.516362e-01
31288	2.518029e-01	3.080393e-01	3.438850e-02	4.298562e-02	2.251754e-01	1.582202e-01	7.841952e-01	4.707456e-01
20346	9.660755e-01	2.407586e-01	2.439772e-02	3.049715e-02	1.597559e-01	1.575682e-01	3.806955e-01	9.806005e-01
13580	9.607784e-01	6.474406e-01	2.555096e-02	3.193870e-02	1.673073e-01	6.050440e-02	3.723597e-01	6.476353e-01
7240	9.152634e-01	8.293490e-01	3.110432e-02	3.888041e-02	2.036706e-01	8.599882e-02	2.533976e-01	2.165465e-01
30520	7.794292e-01	5.449483e-01	7.134047e-02	8.917559e-02	4.671363e-01	1.380675e-01	8.667153e-01	9.306065e-01
