19103	1.514119e-01	6.259070e-01	5.094637e-02	6.368296e-02	3.335960e-01	1.489235e-01	6.824285e-01	6.051550e-01
11966	8.178408e-01	1.160380e-01	4.217165e-02	5.271456e-02	2.761393e-01	1.416977e-01	9.350290e-01	2.109529e-01
11002	9.515159e-01	9.442775e-01	2.159963e-02	2.699954e-02	1.414340e-01	5.588328e-02	3.003506e-01	8.622361e-01
14096	9.046541e-02	1.900133e-01	7.094931e-02	8.868664e-02	4.645750e-01	4.645749e-01	1.257559e-02	3.011319e-01
17334	6.555471e-01	7.426128e-01	2.238206e-02	2.797757e-02	1.465574e-01	9.903836e-02	4.868473e-02	3.336631e-01
2666	8.522792e-01	3.028212e-01	3.952084e-02	4.940105e-02	2.587819e-01	2.247664e-01	8.562784e-01	9.766425e-01
19726	3.937021e-01	2.554992e-01	4.466073e-02	5.582592e-02	2.924378e-01	2.643935e-01	6.352398e-01	4.638950e-01
7555	1.574704e-01	3.057503e-01	2.544537e-02	3.180672e-02	1.666159e-01	1.643575e-01	5.842691e-02	4.454132e-01
32257	4.183221e-01	6.411065e-01	2.141303e-02	2.676629e-02	1.402122e-01	1.192579e-01	6.086808e-01	8.900850e-02
7113	6.332010e-01	7.635720e-02	3.794802e-02	4.743502e-02	2.484830e-01	2.480300e-01	8.984957e-02	4.035341e-01
10939	1.996637e-01	7.294334e-01	2.711709e-02	3.389636e-02	1.775623e-01	1.652090e-01	1.965441e-01	3.707875e-01
6630	7.774407e-01	1.160901e-01	2.211448e-02	2.764310e-02	1.448053e-01	1.405799e-01	1.688535e-01	2.962396e-01
4508	5.602875e-01	7.677574e-01	2.634165e-02	3.292707e-02	1.724847e-01	1.220668e-01	8.427966e-01	4.825452e-02
19104	5.796553e-01	5.139668e-01	3.127799e-02	3.909749e-02	2.048078e-01	9.679277e-02	8.762818e-01	5.559683e-01
26774	3.220351e-01	1.826278e-01	3.310767e-02	4.138458e-02	2.167885e-01	1.588958e-01	7.963977e-01	4.947072e-01
32462	7.884753e-01	8.710771e-01	2.130019e-02	2.662524e-02	1.394733e-01	5.305888e-02	5.608448e-01	3.863916e-01
15756	5.787726e-02	6.479580e-01	2.435747e-02	3.044684e-02	1.594924e-01	1.432703e-01	1.144523e-01	1.459018e-01
15885	8.841899e-01	8.093716e-01	7.288578e-02	9.110723e-02	4.772550e-01	4.085431e-01	1.706562e-01	1.288952e-01
6441	8.919713e-01	7.469744e-01	2.295804e-02	2.869755e-02	1.503289e-01	1.131869e-01	2.353061e-01	3.783183e-01
3918	5.691482e-01	9.467065e-01	3.311541e-02	4.139427e-02	2.168392e-01	1.603335e-01	3.809337e-01	2.751200e-01
28586	5.234433e-02	1.046301e-01	2.322146e-02	2.902682e-02	1.520537e-01	1.398265e-01	3.232623e-01	7.576923e-01
12021	2.364010e-01	5.669810e-01	3.974997e-02	4.968746e-02	2.602822e-01	2.465081e-01	2.196764e-01	6.910981e-01
4042	4.840939e-01	2.614481e-01	2.673488e-02	3.341860e-02	1.750596e-01	1.201587e-01	9.237445e-01	9.045012e-02
14856	1.831498e-01	1.623095e-01	4.050496e-02	5.063119e-02	2.652258e-01	1.654991e-01	7.377350e-01	4.635915e-02
29957	3.217124e-01	9.252955e-02	5.391664e-02	6.739580e-02	3.530453e-01	1.005273e-01	1.839527e-01	6.527372e-01
23489	1.913958e-01	3.702032e-02	2.113339e-02	2.641673e-02	1.383811e-01	5.335202e-02	2.366888e-01	2.850592e-01
4770	8.891499e-01	4.384362e-02	2.505818e-02	3.132273e-02	1.640806e-01	1.121334e-01	9.677379e-01	5.925913e-01
15396	8.335210e-01	6.436838e-01	3.294785e-02	4.118482e-02	2.157420e-01	2.131837e-01	4.390151e-01	6.843778e-01
2429	4.048558e-01	4.158462e-01	7.486320e-02	9.357900e-02	4.902031e-01	3.712053e-01	6.894648e-01	8.757353e-01
1946	8.020586e-01	5.630034e-01	2.380439e-02	2.975549e-02	1.558708e-01	1.427374e-01	8.813826e-01	1.468426e-01
22537	1.264884e-01	5.200522e-01	2.098085e-02	2.622606e-02	1.373823e-01	1.354381e-01	6.094024e-01	8.983068e-01
4822	4.714240e-01	6.493153e-01	5.127401e-02	6.409252e-02	3.357414e-01	2.488306e-01	1.278870e-01	4.086783e-01
22119	4.323383e-01	4.723346e-01	2.628624e-02	3.285780e-02	1.721219e-01	6.488667e-02	8.168447e-01	1.886478e-01
1201	6.098444e-02	7.818113e-01	2.113945e-02	2.642432e-02	1.384208e-01	1.256973e-01	5.005940e-01	5.528056e-01
6166	5.214989e-01	8.589806e-01	5.009043e-02	6.261303e-02	3.279913e-01	1.084856e-01	9.162201e-01	8.944986e-01
29387	6.898058e-01	6.474712e-01	2.159314e-02	2.699142e-02	1.413915e-01	8.049280e-02	3.552216e-01	1.055297e-01
4474	8.243444e-01	2.585602e-01	2.509259e-02	3.136573e-02	1.643059e-01	5.707980e-02	6.075193e-01	1.304544e-01
26616	6.806687e-01	7.610266e-01	3.006717e-02	3.758396e-02	1.968794e-01	1.333697e-01	8.348303e-01	8.807214e-02
20999	5.212510e-01	9.443395e-01	4.459669e-02	5.574587e-02	2.920184e-01	2.378346e-01	4.578353e-02	1.846330e-01
22770	3.431404e-01	2.687414e-01	2.520081e-02	3.150102e-02	1.650145e-01	8.122226e-02	5.346651e-01	5.954695e-01
31996	6.711798e-01	4.552088e-01	4.671073e-02	5.838842e-02	3.058612e-01	1.459445e-01	7.908669e-01	6.314400e-01
28858	1.537471e-01	7.666444e-01	3.655800e-02	4.569750e-02	2.393812e-01	2.390870e-01	7.656251e-01	8.001195e-01
14019	3.138467e-01	6.799011e-01	4.768201e-02	5.960251e-02	3.122210e-01	3.118303e-01	5.287184e-01	4.415447e-01
20614	6.640010e-01	6.988175e-01	3.050514e-02	3.813143e-02	1.997472e-01	1.847705e-01	4.199401e-01	3.733941e-01
25484	8.797552e-01	6.939016e-01	2.348059e-02	2.935074e-02	1.537505e-01	1.117568e-01	8.901811e-01	1.876984e-01
25546	7.496061e-02	4.637193e-01	6.415779e-02	8.019724e-02	4.201042e-01	3.842565e-01	9.103887e-01	3.320684e-01
7667	2.058302e-01	6.183000e-01	2.116553e-02	2.645691e-02	1.385915e-01	1.307388e-01	3.640305e-01	1.129011e-01
17394	3.805853e-01	8.054557e-01	3.286235e-02	4.107794e-02	2.151822e-01	1.772998e-01	7.151939e-01	4.528226e-01
24953	6.491269e-01	1.809394e-01	5.811178e-02	7.263973e-02	3.805151e-01	3.728000e-01	4.437626e-03	6.411144e-01
13154	7.449581e-02	8.327505e-01	3.782735e-02	4.728418e-02	2.476929e-01	1.998344e-01	7.911278e-01	9.895594e-01
30389	8.726661e-01	4.083035e-01	7.049527e-02	8.811909e-02	4.616020e-01	2.178651e-01	3.204195e-01	8.456380e-01
8592	4.250055e-01	5.900169e-01	2.937624e-02	3.672030e-02	1.923551e-01	1.838960e-01	7.916694e-01	2.489030e-01
7432	3.864520e-01	9.256402e-01	2.692800e-02	3.366000e-02	1.763241e-01	1.414426e-01	8.532281e-01	9.068433e-01
29705	2.536410e-01	8.931021e-02	2.285573e-02	2.856966e-02	1.496590e-01	1.047361e-01	7.712089e-01	3.558064e-01
23950	5.196484e-01	4.932434e-01	3.464491e-02	4.330613e-02	2.268543e-01	1.642178e-01	5.647864e-01	3.833165e-01
9466	6.120281e-01	4.834958e-01	2.371144e-02	2.963930e-02	1.552621e-01	1.545306e-01	6.896316e-01	4.444053e-01
31075	6.578858e-01	5.776501e-01	5.504737e-02	6.880922e-02	3.604493e-01	1.966692e-01	8.236852e-01	5.924311e-01
5082	3.107117e-01	5.547509e-01	4.904282e-02	6.130353e-02	3.211316e-01	2.063755e-01	1.140694e-01	7.625015e-01
14760	8.631073e-01	5.693768e-01	6.347121e-02	7.933901e-02	4.156085e-01	1.873322e-01	2.216697e-01	3.733873e-01
13969	6.197324e-01	8.362320e-01	2.605278e-02	3.256597e-02	1.705932e-01	1.688151e-01	8.684370e-01	2.948572e-01
9336	6.448214e-01	8.148282e-01	3.121860e-02	3.902325e-02	2.044189e-01	9.656244e-02	4.014019e-01	3.267757e-01
28218	6.545677e-01	3.334435e-01	3.615999e-02	4.519999e-02	2.367750e-01	1.133347e-01	6.126119e-01	8.090595e-01
4837	5.108366e-01	7.564871e-01	2.776298e-02	3.470372e-02	1.817915e-01	1.794596e-01	6.516946e-01	3.644292e-01
32492	9.216734e-02	6.804277e-01	2.288653e-02	2.860816e-02	1.498607e-01	1.157776e-01	7.751576e-01	9.500869e-01
22193	7.995740e-01	6.957318e-01	2.139700e-02	2.674624e-02	1.401072e-01	1.389268e-01	3.606729e-01	8.696565e-01
3831	5.277575e-01	5.619149e-01	2.417260e-02	3.021575e-02	1.582818e-01	1.414861e-01	8.011854e-02	1.515945e-02
1808	2.855349e-01	8.008610e-01	2.307009e-02	2.883762e-02	1.510626e-01	1.418189e-01	8.812443e-01	3.871714e-01
5305	8.319515e-02	5.797932e-01	6.301573e-02	7.876966e-02	4.126260e-01	3.659679e-01	2.477566e-01	1.713397e-01
6384	7.918659e-01	3.526028e-01	3.179285e-02	3.974106e-02	2.081791e-01	1.824249e-01	4.410396e-01	2.672705e-01
24949	8.331771e-01	7.473417e-01	2.420546e-02	3.025683e-02	1.584970e-01	1.072828e-01	3.280971e-01	6.020940e-01
582	8.369715e-02	3.723850e-01	3.677368e-02	4.596711e-02	2.407935e-01	2.351385e-01	2.113229e-01	6.247608e-01
6167	7.610939e-01	3.057770e-01	2.106793e-02	2.633491e-02	1.379525e-01	1.131366e-01	6.672570e-01	6.892569e-02
24378	9.275058e-01	2.966993e-01	5.884006e-02	7.355008e-02	3.852838e-01	3.502066e-01	8.977518e-01	4.266510e-01
6067	7.376959e-01	6.689656e-01	2.118335e-02	2.647919e-02	1.387083e-01	1.336461e-01	9.537940e-02	3.402652e-01
18397	3.991727e-01	5.978413e-01	2.074034e-02	2.592542e-02	1.358074e-01	6.229590e-02	5.188128e-01	7.785753e-01
31488	7.054758e-01	3.725315e-01	4.369116e-02	5.461395e-02	2.860890e-01	2.169226e-01	4.454878e-01	7.805693e-01
3502	3.759870e-01	8.658474e-01	4.074554e-02	5.093193e-02	2.668012e-01	1.428604e-01	7.083661e-01	1.944328e-01
20599	6.545027e-01	5.269750e-01	3.456767e-02	4.320959e-02	2.263486e-01	1.491913e-01	2.890088e-01	5.326947e-01
24258	7.645696e-01	9.240378e-01	3.177067e-02	3.971334e-02	2.080339e-01	2.001958e-01	9.407913e-01	3.176967e-01
