25344	8.145476e-01	5.282219e-01	2.500251e-02	3.125314e-02	1.637161e-01	7.270444e-02	5.183097e-02	2.633352e-01
24412	4.401894e-01	1.539554e-01	2.079575e-02	2.599469e-02	1.361703e-01	1.159879e-01	8.745152e-02	9.638973e-02
6522	1.436614e-01	7.422983e-01	5.713204e-02	7.141506e-02	3.740997e-01	1.023124e-01	9.379397e-01	9.409243e-01
4139	1.960913e-01	7.703023e-01	2.220608e-02	2.775759e-02	1.454050e-01	1.453994e-01	9.591743e-02	7.262458e-01
8835	1.075965e-01	3.595787e-01	3.212089e-02	4.015111e-02	2.103271e-01	5.750385e-02	2.135826e-01	4.083730e-01
9962	6.131367e-01	3.970754e-01	5.139907e-02	6.424883e-02	3.365603e-01	2.522639e-01	7.566346e-01	6.560433e-01
5741	5.540171e-01	5.883132e-01	2.385697e-02	2.982121e-02	1.562151e-01	9.078836e-02	4.143850e-01	8.107798e-01
11956	7.438626e-01	2.174126e-01	3.925189e-02	4.906486e-02	2.570208e-01	2.515250e-01	7.985407e-01	6.894403e-01
8425	8.986178e-01	3.255609e-01	2.464738e-02	3.080922e-02	1.613906e-01	1.586957e-01	6.262086e-02	4.638507e-01
18756	9.811922e-02	6.771295e-01	7.810507e-02	9.763134e-02	5.114308e-01	5.114156e-01	4.994245e-01	5.661570e-01
29452	5.189525e-01	9.451335e-01	2.180854e-02	2.726067e-02	1.428020e-01	7.765306e-02	7.958629e-02	9.063709e-01
11630	8.532781e-01	7.376121e-01	3.161445e-02	3.951806e-02	2.070109e-01	2.032385e-01	4.455614e-01	8.956756e-02
13540	6.180773e-01	9.330203e-02	5.080485e-02	6.350606e-02	3.326694e-01	3.312908e-01	2.769764e-02	7.169780e-01
27996	1.646343e-01	1.815993e-01	5.833988e-02	7.292485e-02	3.820086e-01	3.807169e-01	7.861451e-02	1.076933e-01
27565	9.299901e-01	6.281136e-01	2.768579e-02	3.460723e-02	1.812861e-01	1.308716e-01	5.117441e-01	9.774744e-01
2972	9.538520e-01	5.205529e-01	4.545409e-02	5.681761e-02	2.976326e-01	2.958429e-01	5.313986e-01	2.678143e-01
29283	6.623032e-01	1.938705e-01	2.182718e-02	2.728397e-02	1.429240e-01	1.428553e-01	4.179080e-01	9.812697e-01
25827	5.528804e-01	5.406999e-01	3.147793e-02	3.934741e-02	2.061170e-01	1.257963e-01	3.587305e-02	9.751305e-01
32684	6.877301e-01	6.598452e-01	7.189207e-02	8.986508e-02	4.707481e-01	1.852936e-01	2.828617e-01	2.047187e-01
8875	1.638660e-01	4.424516e-01	2.397224e-02	2.996529e-02	1.569698e-01	4.322732e-02	4.388252e-01	6.193093e-01
8960	2.047540e-01	3.406347e-01	3.466132e-02	4.332665e-02	2.269618e-01	7.832789e-02	7.726474e-01	8.934520e-01
24839	6.084424e-01	1.712386e-01	4.481482e-02	5.601853e-02	2.934468e-01	2.756528e-01	9.164820e-01	2.720042e-01
3320	6.179516e-01	4.606165e-02	2.498691e-02	3.123364e-02	1.636139e-01	7.499826e-02	3.861081e-01	9.549369e-01
20389	6.766463e-01	8.783227e-01	5.544159e-02	6.930199e-02	3.630307e-01	1.946234e-01	9.847169e-01	1.644273e-01
31613	6.188008e-01	5.642266e-01	4.176104e-02	5.220130e-02	2.734507e-01	1.763128e-01	9.950862e-01	4.854888e-01
25064	4.533361e-02	8.589350e-02	4.792396e-02	5.990495e-02	3.138054e-01	8.700371e-02	4.379677e-01	3.526204e-01
6945	3.788020e-01	9.491556e-01	2.054665e-02	2.568331e-02	1.345391e-01	1.100796e-01	1.971847e-01	7.356319e-01
26291	6.084265e-01	8.617227e-01	3.473134e-02	4.341418e-02	2.274203e-01	8.345356e-02	7.691123e-01	6.939051e-01
22779	8.320479e-01	1.468174e-01	3.345625e-02	4.182031e-02	2.190710e-01	1.678304e-01	8.114288e-01	9.415447e-02
24153	2.919803e-01	6.204349e-01	7.430866e-02	9.288583e-02	4.865720e-01	4.843780e-01	7.313966e-01	6.748541e-01
24203	2.175771e-01	1.706679e-01	3.547697e-02	4.434621e-02	2.323027e-01	1.656900e-01	9.974251e-01	9.284751e-01
27875	7.957491e-01	4.992169e-01	7.405196e-02	9.256495e-02	4.848911e-01	1.498943e-01	8.664305e-01	4.496581e-01
25081	6.750677e-01	4.145292e-01	2.538691e-02	3.173363e-02	1.662331e-01	6.903541e-02	6.908702e-01	9.087192e-01
21694	6.569971e-01	3.757584e-01	2.443510e-02	3.054387e-02	1.600006e-01	7.526629e-02	2.163470e-01	5.273786e-01
23726	8.556870e-01	6.406382e-01	7.761247e-02	9.701559e-02	5.082052e-01	2.781403e-01	6.273639e-01	2.106049e-01
5384	3.500416e-01	9.848373e-02	2.816277e-02	3.520347e-02	1.844094e-01	5.044944e-02	4.939877e-01	6.964948e-01
24706	4.652836e-01	9.284235e-01	2.721353e-02	3.401692e-02	1.781938e-01	1.420171e-01	4.156881e-01	2.164844e-01
6766	5.475838e-01	6.685774e-01	2.590536e-02	3.238171e-02	1.696279e-01	1.683577e-01	6.480418e-02	9.222987e-01
16838	4.343432e-01	2.443265e-01	6.672188e-02	8.340234e-02	4.368938e-01	3.721205e-01	7.554901e-01	5.574372e-01
26865	6.987380e-01	1.074601e-01	2.104266e-02	2.630332e-02	1.377870e-01	1.221834e-01	3.872179e-01	8.598883e-01
21438	3.720057e-01	5.100258e-01	4.477209e-02	5.596512e-02	2.931670e-01	2.845857e-01	2.609052e-01	8.455693e-01
11706	8.614502e-01	4.206069e-01	5.366826e-02	6.708533e-02	3.514190e-01	9.589152e-02	6.166354e-01	3.688305e-02
32233	7.929524e-02	4.716532e-01	3.066584e-02	3.833230e-02	2.007995e-01	5.246251e-02	9.536860e-01	8.871895e-01
22738	6.071309e-01	4.772670e-01	4.252324e-02	5.315405e-02	2.784415e-01	1.375181e-01	1.793825e-01	6.183662e-01
24677	7.235117e-01	7.301236e-01	2.136767e-02	2.670959e-02	1.399152e-01	1.288904e-01	9.323684e-01	8.843767e-02
21675	6.429425e-01	3.211440e-01	4.460226e-02	5.575282e-02	2.920549e-01	2.576535e-01	5.796123e-01	2.468298e-03
30395	3.119751e-01	4.540772e-01	4.684886e-02	5.856107e-02	3.067656e-01	3.053377e-01	6.181373e-01	1.722723e-01
17694	4.223203e-01	6.047472e-01	2.332930e-02	2.916162e-02	1.527599e-01	1.438195e-01	1.232261e-01	9.309971e-01
19377	5.061303e-01	1.153836e-01	3.281582e-02	4.101978e-02	2.148775e-01	1.016354e-01	3.775814e-01	4.764920e-02
28208	9.499099e-02	8.075735e-01	2.885614e-02	3.607018e-02	1.889496e-01	1.135268e-01	3.417363e-01	1.940950e-02
6432	3.306643e-01	1.715927e-01	3.275559e-02	4.094449e-02	2.144831e-01	1.751045e-01	2.087362e-01	9.363606e-01
3604	4.791068e-01	8.290829e-01	3.758257e-02	4.697822e-02	2.460901e-01	9.540347e-02	9.952450e-01	7.163570e-01
19712	3.514799e-01	3.044920e-01	3.287927e-02	4.109909e-02	2.152930e-01	1.260249e-01	5.591643e-01	3.536982e-01
5043	6.923272e-01	3.721823e-02	3.276501e-02	4.095626e-02	2.145448e-01	2.132220e-01	3.640612e-02	2.145694e-01
1785	8.314768e-01	9.277863e-01	2.642447e-02	3.303059e-02	1.730270e-01	1.237822e-01	5.454054e-01	7.108361e-01
25510	4.696894e-01	1.064645e-01	3.201992e-02	4.002489e-02	2.096659e-01	1.428890e-01	4.504503e-01	7.347893e-01
9398	6.979354e-01	7.387544e-01	3.762217e-02	4.702771e-02	2.463494e-01	1.014019e-01	3.644578e-01	6.769111e-01
6668	4.983703e-01	2.049042e-01	2.338009e-02	2.922511e-02	1.530925e-01	1.046377e-01	6.970100e-01	7.035083e-01
23303	1.484678e-01	8.112489e-01	2.961372e-02	3.701715e-02	1.939102e-01	1.873855e-01	3.311339e-01	6.879973e-01
28454	7.665617e-01	3.741437e-01	2.579170e-02	3.223963e-02	1.688837e-01	5.380350e-02	9.548083e-01	6.860402e-01
31340	7.844763e-01	1.226806e-01	3.498108e-02	4.372635e-02	2.290555e-01	2.246103e-01	2.341816e-01	7.289606e-01
17746	9.159648e-01	8.521971e-01	6.079194e-02	7.598993e-02	3.980647e-01	3.947407e-01	6.342264e-01	4.573393e-01
25450	9.574227e-01	9.129321e-01	3.060063e-02	3.825078e-02	2.003724e-01	1.848588e-01	6.080699e-01	1.337198e-01
2690	4.252379e-01	3.575550e-02	2.215040e-02	2.768800e-02	1.450405e-01	1.298680e-01	3.737317e-02	5.676883e-01
6481	7.682034e-01	8.850203e-01	2.736218e-02	3.420273e-02	1.791672e-01	9.428782e-02	2.146838e-01	4.018463e-01
14430	3.091878e-01	8.333545e-01	3.983558e-02	4.979447e-02	2.608427e-01	1.654196e-01	2.680871e-01	5.298429e-02
25107	5.457070e-01	8.116594e-01	3.282511e-02	4.103139e-02	2.149383e-01	2.039721e-01	6.015453e-01	4.049223e-01
26313	2.624698e-01	7.143098e-01	2.874041e-02	3.592551e-02	1.881917e-01	5.676718e-02	4.228174e-01	7.700547e-01
31723	6.105200e-02	7.582803e-01	2.307021e-02	2.883776e-02	1.510634e-01	1.473528e-01	2.215597e-01	5.936985e-01
31408	5.324741e-02	2.416785e-01	2.678166e-02	3.347708e-02	1.753659e-01	1.138283e-01	6.402398e-01	9.417273e-01
5956	5.774213e-01	7.147981e-01	3.288409e-02	4.110511e-02	2.153245e-01	2.120253e-01	5.090337e-02	9.272661e-01
27563	4.309414e-01	4.735446e-01	6.324401e-02	7.905501e-02	4.141208e-01	2.639811e-01	4.524084e-01	6.311076e-01
7008	2.108268e-01	6.197137e-01	3.080210e-02	3.850262e-02	2.016917e-01	1.540830e-01	4.808230e-01	8.503715e-01
14372	1.165506e-01	1.092751e-01	2.083413e-02	2.604266e-02	1.364216e-01	9.420574e-02	4.691606e-01	9.285439e-01
9188	3.298303e-01	5.459274e-01	3.642960e-02	4.553700e-02	2.385404e-01	1.965338e-01	3.316524e-01	3.588349e-02
24816	1.909006e-01	6.702041e-01	4.182136e-02	5.227671e-02	2.738456e-01	2.439618e-01	4.464260e-01	2.322071e-01
22121	7.586202e-01	9.381877e-01	3.095614e-02	3.869517e-02	2.027003e-01	1.393242e-01	9.820964e-01	2.515566e-01
