14575	5.304646e-01	5.676204e-01	7.219827e-02	9.024784e-02	4.727532e-01	1.615646e-01	3.266014e-01	9.595897e-01
13105	1.311734e-01	7.076637e-01	2.452700e-02	3.065875e-02	1.606024e-01	1.142561e-01	1.957446e-01	3.287375e-01
30126	5.527937e-01	8.205513e-02	3.107114e-02	3.883892e-02	2.034533e-01	1.155295e-01	8.813080e-01	9.895813e-01
18963	4.223633e-01	9.344131e-01	2.589287e-02	3.236609e-02	1.695461e-01	1.646741e-01	7.295473e-01	5.208106e-01
3957	9.631700e-01	2.186964e-01	2.358762e-02	2.948452e-02	1.544514e-01	8.450173e-02	5.056881e-02	9.423314e-01
27557	7.834857e-01	1.265466e-01	4.167881e-02	5.209852e-02	2.729122e-01	1.468991e-01	9.820252e-01	2.019860e-01
11495	2.662841e-01	3.227913e-01	5.916069e-02	7.395087e-02	3.873833e-01	3.658776e-01	2.113210e-01	2.984004e-01
16664	4.937775e-01	1.025788e-01	4.193858e-02	5.242322e-02	2.746132e-01	2.714252e-01	8.026639e-01	5.320112e-01
22093	6.448710e-01	3.330663e-01	4.627669e-02	5.784586e-02	3.030190e-01	2.643083e-01	6.443485e-01	3.416332e-02
22011	9.244033e-01	8.200110e-01	2.334356e-02	2.917945e-02	1.528532e-01	1.225564e-01	2.332930e-01	4.415125e-01
19013	3.033577e-01	9.247199e-01	5.864154e-02	7.330192e-02	3.839839e-01	3.621244e-01	6.566541e-02	8.205708e-01
8195	9.523449e-01	6.619989e-01	4.104566e-02	5.130708e-02	2.687663e-01	2.559070e-01	9.717758e-01	3.299788e-01
4999	6.205338e-01	7.241761e-01	4.336503e-02	5.420629e-02	2.839535e-01	1.472556e-01	3.662434e-01	7.968171e-01
30631	8.178940e-01	6.031208e-01	7.214024e-02	9.017530e-02	4.723732e-01	2.460256e-01	3.295005e-01	7.163500e-02
25790	4.677744e-01	1.912074e-01	2.788143e-02	3.485179e-02	1.825672e-01	7.659425e-02	1.383321e-01	1.971130e-01
28588	3.743785e-01	4.399460e-01	4.316683e-02	5.395854e-02	2.826558e-01	8.415525e-02	4.281865e-01	4.119736e-01
12566	2.984453e-01	4.799035e-01	4.712229e-02	5.890286e-02	3.085560e-01	2.556843e-01	2.118668e-01	6.365216e-01
26866	8.535459e-02	1.063748e-01	3.087683e-02	3.859603e-02	2.021810e-01	2.002502e-01	1.414646e-01	5.846463e-01
14557	3.853713e-01	9.229559e-01	2.237897e-02	2.797371e-02	1.465371e-01	1.384795e-01	4.082326e-02	7.067828e-01
8758	1.019731e-01	5.154441e-01	3.576325e-02	4.470406e-02	2.341772e-01	1.823442e-01	1.615682e-01	3.095235e-01
1786	5.984136e-01	4.843406e-01	2.271743e-02	2.839679e-02	1.487534e-01	1.379206e-01	3.550811e-01	6.860937e-01
30195	8.357228e-01	1.670228e-01	4.012878e-02	5.016097e-02	2.627626e-01	1.774341e-01	6.941473e-01	5.277034e-01
8339	7.141184e-01	5.297198e-01	4.983944e-02	6.229930e-02	3.263479e-01	2.423930e-01	7.017328e-01	1.171317e-01
337	4.557608e-01	9.361628e-01	5.194288e-02	6.492860e-02	3.401212e-01	1.430805e-01	3.412601e-01	6.605002e-01
32575	5.836826e-01	8.411004e-01	5.627585e-02	7.034482e-02	3.684934e-01	1.414682e-01	3.684490e-01	2.040326e-01
13366	6.364259e-01	7.751163e-01	2.167493e-02	2.709366e-02	1.419271e-01	1.304631e-01	6.336548e-02	1.637134e-01
17893	5.293545e-01	8.883216e-01	6.235213e-02	7.794016e-02	4.082807e-01	1.566483e-01	1.243971e-01	7.540090e-01
14612	2.664961e-01	6.805543e-01	2.497215e-02	3.121519e-02	1.635173e-01	1.529645e-01	1.789547e-01	2.877073e-01
9762	2.264022e-01	4.904657e-01	4.060732e-02	5.075915e-02	2.658961e-01	1.897734e-01	8.861254e-01	5.188528e-01
27493	9.048401e-01	6.235389e-01	2.531567e-02	3.164459e-02	1.657666e-01	1.620680e-01	1.560929e-01	1.160786e-01
26934	9.162065e-01	9.062479e-01	4.349513e-02	5.436892e-02	2.848055e-01	2.216144e-01	5.663745e-01	8.012985e-01
32410	9.395171e-01	5.005712e-01	3.716272e-02	4.645340e-02	2.433409e-01	1.710033e-01	4.798013e-01	8.536249e-01
24847	9.881859e-02	2.456164e-01	2.468916e-02	3.086145e-02	1.616643e-01	1.393035e-01	6.093584e-01	9.389717e-01
18187	5.369315e-01	1.719433e-01	2.419331e-02	3.024163e-02	1.584174e-01	7.212111e-02	7.481094e-01	9.696824e-01
17947	5.892385e-01	3.255864e-01	3.388275e-02	4.235343e-02	2.218637e-01	1.367658e-01	2.906999e-01	4.242436e-02
4947	2.075805e-01	3.237137e-01	4.185025e-02	5.231281e-02	2.740348e-01	1.667325e-01	6.643046e-01	9.506843e-01
18089	5.508759e-01	8.491139e-01	2.715522e-02	3.394402e-02	1.778119e-01	8.329581e-02	7.688094e-01	2.325791e-01
27739	3.565724e-01	7.771077e-01	5.424470e-02	6.780588e-02	3.551935e-01	3.502200e-01	2.827904e-01	6.916803e-01
3993	8.379804e-01	7.044971e-01	3.503810e-02	4.379762e-02	2.294289e-01	2.277801e-01	4.316563e-01	4.890966e-01
27290	1.945679e-01	2.268853e-01	3.417448e-02	4.271810e-02	2.237740e-01	1.378660e-01	5.251540e-01	9.193494e-01
24467	2.161479e-01	4.459668e-01	2.820136e-02	3.525170e-02	1.846621e-01	1.822020e-01	3.262652e-01	5.554394e-01
44	6.792590e-01	4.549893e-01	6.047523e-02	7.559403e-02	3.959908e-01	2.908542e-01	4.601334e-01	8.790333e-01
8445	3.091537e-01	5.969298e-01	5.148300e-02	6.435375e-02	3.371099e-01	3.201903e-01	7.305879e-01	8.582228e-01
19467	5.968354e-01	9.296717e-01	2.592931e-02	3.241164e-02	1.697847e-01	1.670219e-01	5.627375e-01	1.757343e-02
29811	7.287435e-01	3.330462e-01	2.131694e-02	2.664617e-02	1.395830e-01	1.369408e-01	2.002495e-02	1.451444e-01
31264	4.168756e-01	3.376219e-01	4.854732e-02	6.068415e-02	3.178871e-01	3.166193e-01	6.823036e-01	8.802678e-01
598	5.842996e-01	6.485210e-01	2.745535e-02	3.431919e-02	1.797772e-01	1.549691e-01	4.716109e-01	3.334158e-02
10557	4.577962e-02	4.265810e-02	2.397719e-02	2.997149e-02	1.570023e-01	1.359426e-01	5.544721e-01	3.046564e-01
20511	8.689041e-01	4.716098e-01	2.301456e-02	2.876821e-02	1.506990e-01	1.482442e-01	7.322779e-01	9.565901e-01
14568	8.178381e-01	9.617691e-01	3.575931e-02	4.469914e-02	2.341514e-01	8.740873e-02	8.869226e-01	2.400110e-01
5115	9.269704e-01	1.507253e-01	2.888632e-02	3.610790e-02	1.891472e-01	1.707058e-01	8.834567e-01	9.408062e-01
22527	9.218299e-01	4.400918e-01	6.793466e-02	8.491833e-02	4.448351e-01	2.749971e-01	7.055583e-01	5.765373e-01
5867	3.087092e-01	4.218732e-01	2.827456e-02	3.534320e-02	1.851414e-01	1.846464e-01	2.139678e-01	7.503996e-01
4096	4.508534e-01	6.275494e-01	7.828249e-02	9.785311e-02	5.125925e-01	5.121629e-01	1.808816e-01	4.787823e-01
28787	7.962111e-01	9.331866e-01	2.151334e-02	2.689168e-02	1.408690e-01	1.152440e-01	5.959370e-02	6.660986e-01
11961	7.590908e-01	7.371731e-01	4.053247e-02	5.066559e-02	2.654060e-01	1.970749e-01	3.230336e-01	1.279457e-01
7960	5.258320e-01	1.389112e-01	3.087393e-02	3.859242e-02	2.021620e-01	1.785716e-01	7.472062e-01	2.127857e-02
3349	1.804502e-01	3.158311e-01	3.225371e-02	4.031714e-02	2.111968e-01	7.503133e-02	9.054066e-01	3.135334e-01
25090	1.228749e-01	4.779910e-02	2.608911e-02	3.261139e-02	1.708311e-01	1.266516e-01	1.746383e-01	6.227447e-01
6359	9.183739e-01	5.581624e-01	3.523567e-02	4.404458e-02	2.307226e-01	1.542178e-01	5.574245e-01	1.616403e-01
18489	8.923428e-01	2.347459e-01	2.683791e-02	3.354739e-02	1.757342e-01	1.710484e-01	4.471561e-01	1.492068e-01
20764	4.895471e-01	2.452311e-01	2.832476e-02	3.540595e-02	1.854701e-01	1.758165e-01	2.807975e-01	4.392473e-01
127	6.422848e-01	6.118889e-01	2.907609e-02	3.634512e-02	1.903898e-01	1.255642e-01	3.572495e-01	6.520083e-01
31798	8.542097e-01	3.789872e-01	7.584623e-02	9.480778e-02	4.966399e-01	4.425628e-01	2.510803e-01	4.258660e-01
22327	2.207429e-01	7.763295e-01	3.542467e-02	4.428084e-02	2.319602e-01	2.296052e-01	8.977624e-01	1.550785e-01
11529	6.390959e-01	5.009464e-01	2.960744e-02	3.700929e-02	1.938690e-01	1.433705e-01	2.252958e-01	5.955542e-01
13424	1.280268e-01	1.981948e-01	2.779643e-02	3.474553e-02	1.820106e-01	1.622857e-01	5.068442e-01	7.851776e-01
28908	5.380303e-01	7.638983e-01	2.155208e-02	2.694011e-02	1.411227e-01	1.035927e-01	9.041934e-01	5.677034e-01
30289	1.581055e-01	4.053323e-01	7.572010e-02	9.465013e-02	4.958141e-01	4.433996e-01	5.297131e-01	6.513419e-01
18117	9.295408e-01	1.042767e-01	2.821407e-02	3.526759e-02	1.847453e-01	1.822953e-01	4.388289e-01	2.695480e-02
30451	6.883599e-01	6.663929e-01	3.302369e-02	4.127961e-02	2.162386e-01	2.060753e-01	1.286405e-01	6.197884e-01
30312	2.504956e-01	2.420078e-01	5.058842e-02	6.323553e-02	3.312522e-01	3.081216e-01	3.561555e-01	2.897388e-01
29809	7.791402e-01	6.627662e-01	2.355695e-02	2.944618e-02	1.542505e-01	1.308168e-01	6.414887e-01	3.750879e-01
3119	8.158056e-01	3.200982e-01	2.720500e-02	3.400625e-02	1.781379e-01	1.751325e-01	6.042092e-01	4.753564e-01
18440	6.936480e-01	9.281695e-01	3.976872e-02	4.971091e-02	2.604050e-01	1.436644e-01	8.398350e-01	3.744852e-01
16507	1.833671e-01	4.786254e-01	2.191839e-02	2.739799e-02	1.435213e-01	1.349105e-01	6.296500e-01	1.959199e-01
15158	6.941633e-01	3.576051e-01	3.667026e-02	4.583782e-02	2.401163e-01	2.169320e-01	5.393714e-01	4.004440e-01
24675	3.503272e-01	3.432101e-01	4.743098e-02	5.928873e-02	3.105773e-01	2.976300e-01	8.973588e-01	4.436006e-01
17401	2.545972e-01	1.565245e-01	4.905604e-02	6.132005e-02	3.212182e-01	1.446422e-01	5.449306e-01	8.643997e-01
27906	5.337234e-01	4.125443e-01	5.982331e-02	7.477914e-02	3.917221e-01	1.570397e-01	6.637006e-01	8.727970e-01
