20689	4.534991e-01	7.446176e-01	4.123354e-02	5.154193e-02	2.699966e-01	1.082830e-01	5.047756e-01	6.903207e-01
13927	7.912535e-01	7.933834e-01	6.353023e-02	7.941279e-02	4.159950e-01	4.032650e-01	6.686512e-01	9.055447e-04
26635	2.530603e-01	5.441610e-01	4.729934e-02	5.912417e-02	3.097153e-01	3.051551e-01	6.564219e-01	6.867782e-02
14893	7.183548e-01	2.375978e-01	3.116141e-02	3.895177e-02	2.040445e-01	1.998262e-01	9.314178e-02	2.532705e-01
32059	8.922612e-01	5.333583e-01	4.016838e-02	5.021048e-02	2.630219e-01	1.908576e-01	3.590357e-01	6.073070e-01
19086	2.295464e-01	1.938510e-01	3.758992e-02	4.698740e-02	2.461382e-01	1.463806e-01	7.490150e-01	4.244247e-01
26842	8.238644e-01	3.536252e-01	5.646736e-02	7.058420e-02	3.697474e-01	1.907392e-01	9.060471e-01	3.095606e-01
20000	6.155325e-01	4.263657e-01	3.261502e-02	4.076877e-02	2.135626e-01	1.511417e-01	5.712837e-01	6.277642e-01
1777	1.864578e-01	5.068804e-01	2.278250e-02	2.847812e-02	1.491794e-01	1.150060e-01	9.452372e-01	3.005487e-01
19076	6.432873e-01	5.108235e-01	2.675764e-02	3.344705e-02	1.752086e-01	1.693406e-01	8.769696e-01	7.919562e-01
16141	4.744236e-01	9.247960e-01	2.479754e-02	3.099692e-02	1.623739e-01	6.476251e-02	5.404250e-01	7.271919e-01
27600	1.720198e-01	8.775582e-01	4.599445e-02	5.749306e-02	3.011710e-01	2.938694e-01	6.539922e-01	3.576261e-01
614	9.031962e-01	1.959184e-01	2.218314e-02	2.772892e-02	1.452548e-01	8.333676e-02	5.680236e-01	9.453885e-01
27596	8.704794e-01	9.372692e-01	2.491652e-02	3.114565e-02	1.631530e-01	1.434015e-01	6.763531e-01	9.693885e-01
4538	7.544738e-01	8.536305e-01	2.551719e-02	3.189649e-02	1.670862e-01	1.670340e-01	6.918282e-01	1.952088e-01
16758	6.046904e-01	8.052782e-01	7.762289e-02	9.702861e-02	5.082735e-01	1.898463e-01	8.902865e-01	5.734222e-02
17612	3.338615e-01	2.035151e-01	3.654882e-02	4.568602e-02	2.393211e-01	1.885519e-01	5.142306e-01	5.022310e-01
18791	4.433243e-01	5.234171e-01	7.382936e-02	9.228670e-02	4.834335e-01	3.692035e-01	4.153347e-01	3.228083e-01
5046	1.569160e-01	6.050008e-01	3.072133e-02	3.840167e-02	2.011628e-01	6.557742e-02	9.032997e-02	4.428979e-01
10160	3.332222e-01	4.589234e-01	3.578841e-02	4.473552e-02	2.343420e-01	2.106120e-01	3.297474e-01	8.170922e-01
2286	4.701991e-01	8.681577e-01	2.110558e-02	2.638198e-02	1.381990e-01	1.371633e-01	4.215382e-01	2.781321e-01
2666	6.677369e-01	8.643546e-01	4.079698e-02	5.099623e-02	2.671380e-01	1.305327e-01	3.220016e-01	9.792535e-03
23594	5.348266e-01	7.356693e-01	2.626258e-02	3.282822e-02	1.719670e-01	8.713206e-02	4.032189e-02	1.301262e-02
32557	4.770527e-01	6.566643e-02	3.068578e-02	3.835722e-02	2.009300e-01	1.150107e-01	2.846533e-01	4.605401e-01
20696	7.386197e-02	9.622928e-01	2.945377e-02	3.681722e-02	1.928629e-01	1.665325e-01	2.215324e-01	7.260167e-01
20003	4.980979e-01	7.694171e-01	7.207872e-02	9.009840e-02	4.719703e-01	1.660324e-01	2.435952e-01	1.625062e-01
24007	8.254304e-01	4.428264e-01	3.364655e-02	4.205819e-02	2.203171e-01	6.505367e-02	9.593678e-01	9.774920e-01
19582	1.941657e-01	3.669541e-01	5.352978e-02	6.691222e-02	3.505122e-01	3.349497e-01	2.448676e-01	7.567090e-01
28741	6.022302e-01	4.958753e-01	2.829093e-02	3.536366e-02	1.852486e-01	5.750803e-02	6.909698e-01	7.594352e-01
24651	2.785282e-01	4.593609e-01	5.175938e-02	6.469922e-02	3.389196e-01	3.083484e-01	6.362072e-02	1.963188e-01
24404	1.509013e-01	1.058198e-01	4.023914e-02	5.029892e-02	2.634853e-01	2.191337e-01	7.281037e-01	7.495311e-01
26851	9.696032e-01	8.026708e-01	2.232690e-02	2.790862e-02	1.461962e-01	8.472504e-02	4.386608e-01	3.392877e-01
13742	1.129716e-01	5.327727e-01	3.627808e-02	4.534759e-02	2.375483e-01	1.460284e-01	6.391706e-01	6.734529e-01
15984	5.624434e-01	4.214367e-01	2.176838e-02	2.721048e-02	1.425390e-01	1.057742e-01	5.307298e-01	8.271017e-01
33	8.737666e-01	3.402525e-01	2.146801e-02	2.683501e-02	1.405722e-01	1.028127e-01	9.372327e-01	1.594601e-01
14412	5.127292e-01	2.257299e-01	4.484112e-02	5.605140e-02	2.936189e-01	2.510431e-01	9.212107e-01	2.398662e-01
26478	3.562715e-01	6.065223e-01	2.592629e-02	3.240786e-02	1.697649e-01	8.294215e-02	6.717859e-01	4.065292e-01
6949	5.372443e-01	8.276678e-01	3.462748e-02	4.328435e-02	2.267402e-01	2.034320e-01	6.509307e-01	5.707434e-01
3793	7.256626e-01	7.056315e-01	5.453044e-02	6.816305e-02	3.570645e-01	3.469647e-01	7.833812e-01	9.982176e-01
22427	2.079722e-01	6.898849e-01	3.998854e-02	4.998567e-02	2.618443e-01	1.813606e-01	5.319104e-01	2.013611e-01
26803	1.085846e-01	7.667727e-01	6.161971e-02	7.702464e-02	4.034849e-01	2.349005e-01	3.434687e-01	9.391890e-01
22356	7.278937e-01	9.276315e-01	6.422984e-02	8.028730e-02	4.205760e-01	4.205242e-01	8.517276e-01	3.560192e-02
11037	4.165964e-01	2.152791e-01	2.239508e-02	2.799385e-02	1.466427e-01	8.881698e-02	3.022677e-01	2.458100e-02
30826	2.099441e-01	2.563838e-01	5.565645e-02	6.957056e-02	3.644376e-01	3.637247e-01	5.332693e-01	1.784066e-01
7744	1.275716e-01	3.048130e-01	5.766421e-02	7.208026e-02	3.775843e-01	2.418591e-01	3.392680e-01	9.014404e-01
23995	7.555528e-01	1.721256e-01	2.399226e-02	2.999032e-02	1.571009e-01	1.364889e-01	5.940516e-01	9.287794e-01
6703	8.147786e-01	6.154263e-01	3.323263e-02	4.154079e-02	2.176068e-01	2.169313e-01	7.880453e-01	5.999182e-01
18608	6.725034e-01	7.708109e-01	2.073175e-02	2.591469e-02	1.357512e-01	1.314370e-01	9.123663e-01	3.729153e-01
21261	2.808302e-01	1.558574e-01	6.599395e-02	8.249244e-02	4.321273e-01	3.873776e-01	2.482601e-01	9.696484e-01
24318	3.068330e-01	4.409459e-02	2.815340e-02	3.519176e-02	1.843481e-01	1.607962e-01	6.553130e-02	6.335111e-01
19169	8.762123e-01	8.575686e-01	2.657625e-02	3.322031e-02	1.740209e-01	1.227415e-01	7.263557e-01	4.781737e-01
11531	9.263897e-01	4.426346e-01	2.507408e-02	3.134260e-02	1.641847e-01	1.408376e-01	3.677516e-01	6.874205e-01
3961	5.579653e-01	8.323621e-02	2.351499e-02	2.939373e-02	1.539758e-01	1.269485e-01	8.610782e-01	6.253926e-01
5348	9.377535e-01	4.688035e-01	2.538588e-02	3.173235e-02	1.662263e-01	7.260202e-02	9.153212e-01	1.314945e-01
3760	7.769157e-01	5.057815e-01	3.141167e-02	3.926459e-02	2.056831e-01	2.011305e-01	9.865957e-01	2.421648e-01
23398	1.888877e-01	6.144119e-02	2.608076e-02	3.260095e-02	1.707764e-01	1.253722e-01	8.443961e-01	6.871373e-01
24494	3.394285e-02	6.423922e-01	3.575611e-02	4.469514e-02	2.341305e-01	1.994454e-01	8.775607e-01	4.441102e-01
419	1.885359e-01	4.573572e-01	5.144588e-02	6.430735e-02	3.368668e-01	2.284857e-01	6.959165e-01	9.854454e-01
2271	8.591517e-01	7.939165e-01	4.048717e-02	5.060896e-02	2.651093e-01	1.826231e-01	5.432280e-01	2.102562e-01
13250	5.477537e-01	1.198140e-01	2.572606e-02	3.215757e-02	1.684538e-01	9.459661e-02	2.467097e-01	6.127668e-01
9679	6.598870e-01	1.304609e-01	2.776934e-02	3.471168e-02	1.818332e-01	6.490858e-02	8.778514e-01	7.336332e-01
20481	4.161825e-01	9.318097e-01	2.833418e-02	3.541773e-02	1.855318e-01	9.917289e-02	8.009258e-01	6.330130e-01
14792	4.891178e-01	5.306606e-01	2.118137e-02	2.647671e-02	1.386953e-01	1.360922e-01	8.224883e-01	1.677874e-01
936	6.924819e-01	3.263663e-01	2.123984e-02	2.654980e-02	1.390782e-01	1.111006e-01	9.191227e-01	9.646306e-01
17565	6.943822e-01	4.836426e-01	3.339824e-02	4.174780e-02	2.186911e-01	1.481173e-01	7.685467e-01	4.205414e-01
30813	4.105172e-01	7.849700e-01	7.380902e-02	9.226127e-02	4.833003e-01	4.809184e-01	8.961538e-01	5.623328e-01
10435	5.834905e-02	7.868991e-01	4.364400e-02	5.455500e-02	2.857802e-01	2.857757e-01	7.700294e-01	6.871384e-01
8571	5.254136e-01	9.095967e-01	2.272576e-02	2.840720e-02	1.488079e-01	1.105746e-01	3.330515e-01	7.439663e-01
25049	3.065972e-01	9.250308e-01	4.465793e-02	5.582241e-02	2.924194e-01	7.596659e-02	7.553376e-01	6.407010e-01
28868	5.550762e-01	4.789339e-01	2.354051e-02	2.942564e-02	1.541429e-01	8.272355e-02	4.998321e-01	2.812228e-01
31354	4.731380e-01	1.967113e-01	3.800425e-02	4.750531e-02	2.488512e-01	8.487222e-02	4.818100e-02	1.467372e-02
12930	4.537204e-01	2.781115e-01	7.112047e-02	8.890059e-02	4.656958e-01	3.651740e-01	3.722698e-01	3.811905e-01
31018	8.002144e-01	1.259994e-01	3.094373e-02	3.867966e-02	2.026190e-01	1.777562e-01	5.149764e-01	9.975087e-01
32191	2.403268e-01	3.242257e-01	2.597958e-02	3.247448e-02	1.701139e-01	9.486876e-02	3.965357e-01	6.936660e-01
15180	3.415009e-01	6.878823e-01	2.142942e-02	2.678677e-02	1.403195e-01	1.287293e-01	5.576799e-01	1.199306e-01
28380	3.419736e-01	2.692219e-01	5.460369e-02	6.825462e-02	3.575441e-01	2.632811e-01	3.359242e-01	9.062251e-01
7723	3.645377e-01	2.146190e-01	2.216944e-02	2.771180e-02	1.451652e-01	1.446741e-01	7.379673e-01	2.459543e-01
22908	6.386266e-01	6.060962e-02	4.431277e-02	5.539097e-02	2.901594e-01	1.752247e-01	7.063969e-01	1.131415e-01
9225	8.285350e-01	8.295221e-01	2.075612e-02	2.594514e-02	1.359107e-01	8.555374e-02	8.334552e-01	3.199815e-01
26740	8.431469e-01	5.310769e-01	3.329670e-02	4.162088e-02	2.180263e-01	2.067544e-01	3.832582e-01	7.896910e-01
32732	3.792119e-01	4.062959e-01	5.639967e-02	7.049959e-02	3.693042e-01	3.611891e-01	9.916375e-01	9.265390e-02
16549	3.852691e-01	2.957564e-02	2.562215e-02	3.202769e-02	1.677735e-01	1.555190e-01	3.084885e-01	9.982931e-01
23413	7.931193e-01	2.238677e-01	2.329767e-02	2.912209e-02	1.525528e-01	8.217873e-02	6.463087e-01	8.773174e-01
