27644	7.657836e-01	9.208326e-01	2.329953e-02	2.912441e-02	1.525649e-01	1.078424e-01	5.564920e-01	3.866544e-01
12229	6.600706e-02	7.323981e-01	5.168308e-02	6.460384e-02	3.384200e-01	2.256076e-01	1.005141e-01	9.007304e-01
23767	2.249892e-01	6.623597e-01	2.382600e-02	2.978250e-02	1.560123e-01	5.991603e-02	9.807830e-01	5.498305e-01
8472	1.271552e-01	4.846503e-01	3.122361e-02	3.902951e-02	2.044517e-01	1.880499e-01	3.442925e-01	8.442303e-01
19335	8.017803e-01	2.387031e-01	2.092923e-02	2.616154e-02	1.370443e-01	1.301928e-01	5.289677e-01	3.766360e-01
14415	1.478859e-01	5.383110e-02	2.166383e-02	2.707978e-02	1.418544e-01	1.411310e-01	3.994401e-01	2.286886e-01
11448	7.288940e-01	7.674415e-01	3.612390e-02	4.515487e-02	2.365387e-01	1.531731e-01	9.177989e-01	3.226754e-01
20676	4.097461e-02	2.438505e-01	2.893955e-02	3.617444e-02	1.894957e-01	1.710483e-01	6.983243e-01	9.662243e-01
12882	7.088427e-01	4.933289e-01	2.531582e-02	3.164477e-02	1.657676e-01	1.319524e-01	4.345447e-01	3.672966e-01
5655	7.525918e-01	4.389708e-02	3.569723e-02	4.462153e-02	2.337449e-01	2.331668e-01	7.701419e-01	7.039268e-01
18250	9.480348e-01	5.062936e-02	2.951350e-02	3.689187e-02	1.932539e-01	1.806045e-01	2.455473e-02	3.439964e-01
1835	6.312632e-01	1.538968e-01	2.417565e-02	3.021956e-02	1.583017e-01	1.518932e-01	1.769388e-01	5.403070e-01
29096	6.865433e-02	4.825515e-01	3.539054e-02	4.423818e-02	2.317367e-01	1.655172e-01	8.811929e-01	8.654351e-01
22121	6.477116e-02	3.468503e-01	2.167019e-02	2.708774e-02	1.418961e-01	6.081602e-02	3.848573e-01	3.864963e-01
22420	2.521531e-01	8.522591e-02	3.471151e-02	4.338939e-02	2.272904e-01	2.212769e-01	3.824526e-01	9.850962e-01
6002	3.975342e-01	9.459811e-01	2.542377e-02	3.177971e-02	1.664745e-01	1.326736e-01	1.228644e-01	2.909416e-01
20699	1.559852e-01	8.904630e-01	3.053191e-02	3.816489e-02	1.999225e-01	1.708016e-01	8.283136e-02	3.042358e-01
12683	3.848473e-01	1.298128e-01	6.107373e-02	7.634216e-02	3.999098e-01	3.960748e-01	1.497375e-01	6.929257e-01
18888	8.839114e-01	6.621483e-01	5.283650e-02	6.604562e-02	3.459726e-01	1.875125e-01	9.507451e-01	9.405813e-01
27975	9.426652e-01	7.413770e-01	2.224372e-02	2.780464e-02	1.456515e-01	6.786269e-02	6.707078e-01	1.217747e-01
4043	8.051801e-01	8.126517e-01	2.572117e-02	3.215146e-02	1.684218e-01	1.324786e-01	5.638934e-01	9.937453e-01
12694	9.571455e-01	3.329696e-01	2.650707e-02	3.313384e-02	1.735679e-01	1.712671e-01	2.620999e-01	5.732789e-01
7427	5.667065e-01	9.306113e-01	3.069723e-02	3.837154e-02	2.010050e-01	2.009015e-01	2.682817e-02	3.366752e-01
24338	1.787218e-01	8.367016e-01	4.093996e-02	5.117495e-02	2.680742e-01	2.125212e-01	3.065281e-01	5.660754e-01
26436	6.863733e-01	5.783838e-01	2.918273e-02	3.647842e-02	1.910881e-01	9.059611e-02	5.799325e-01	1.548008e-02
9528	3.348340e-01	8.618412e-01	5.315419e-02	6.644273e-02	3.480528e-01	2.215710e-01	2.278303e-02	5.958160e-01
12785	3.435732e-01	7.275703e-01	3.659106e-02	4.573883e-02	2.395977e-01	1.774694e-01	1.375479e-01	2.326886e-01
13007	9.227164e-01	7.389452e-01	2.826872e-02	3.533589e-02	1.851031e-01	1.651105e-01	6.087537e-01	3.070292e-01
2846	2.933334e-01	5.108380e-01	2.386319e-02	2.982899e-02	1.562558e-01	1.069515e-01	1.428837e-01	7.902578e-01
9667	5.919954e-01	8.340137e-01	4.140957e-02	5.176197e-02	2.711492e-01	1.624966e-01	7.466944e-02	6.625313e-01
15558	9.354611e-02	8.726087e-01	3.943853e-02	4.929816e-02	2.582429e-01	1.600312e-01	8.766957e-01	9.499389e-01
1149	2.335833e-01	5.343069e-01	4.874380e-02	6.092974e-02	3.191736e-01	1.721795e-01	9.676581e-01	3.123996e-01
29082	8.342959e-01	8.493047e-01	4.610523e-02	5.763153e-02	3.018963e-01	2.694570e-01	8.519181e-01	2.243621e-01
22840	7.340213e-01	8.841647e-01	2.893233e-02	3.616541e-02	1.894484e-01	1.510448e-01	1.919697e-01	1.516180e-01
29388	6.539573e-01	6.918328e-01	2.899438e-02	3.624297e-02	1.898547e-01	7.205163e-02	8.182786e-01	5.761692e-01
6116	5.402377e-01	5.318209e-01	3.647877e-02	4.559846e-02	2.388624e-01	1.664494e-01	5.631973e-01	2.326527e-01
32668	4.410573e-01	5.552182e-01	7.812855e-02	9.766069e-02	5.115845e-01	2.707617e-01	8.972736e-01	1.432145e-01
26372	5.414031e-01	3.291936e-01	2.763220e-02	3.454025e-02	1.809352e-01	5.501119e-02	8.930469e-01	9.007170e-01
15500	2.654011e-01	1.316348e-01	2.193699e-02	2.742124e-02	1.436431e-01	1.244850e-01	8.979030e-01	4.996521e-02
15531	6.910907e-01	8.786749e-01	2.945494e-02	3.681867e-02	1.928705e-01	1.492339e-01	8.024227e-02	1.288157e-01
8321	5.510247e-01	6.955897e-02	2.316006e-02	2.895007e-02	1.516517e-01	6.074674e-02	3.810953e-01	1.911794e-01
12077	1.066770e-01	4.028493e-01	3.696486e-02	4.620608e-02	2.420453e-01	2.020676e-01	5.655177e-01	6.430980e-01
13356	2.343827e-01	6.270586e-01	2.210954e-02	2.763692e-02	1.447729e-01	1.123515e-01	6.986253e-01	8.116092e-01
7300	2.950475e-01	7.738942e-01	2.293599e-02	2.866998e-02	1.501845e-01	1.284569e-01	7.938982e-01	6.891511e-01
3275	3.504369e-01	8.646668e-02	2.787360e-02	3.484200e-02	1.825159e-01	1.702457e-01	6.474506e-01	7.833085e-01
32393	5.908386e-01	3.982750e-01	4.438910e-02	5.548637e-02	2.906591e-01	2.903551e-01	9.433568e-01	3.427362e-01
4204	4.230910e-01	7.511250e-01	2.528901e-02	3.161126e-02	1.655920e-01	9.093391e-02	4.437593e-01	3.822851e-01
6203	8.130718e-02	7.786732e-01	2.321749e-02	2.902186e-02	1.520277e-01	1.041495e-01	6.441909e-01	3.171706e-01
21789	8.165311e-01	6.458239e-01	4.313944e-02	5.392430e-02	2.824764e-01	1.823659e-01	7.742057e-01	6.218202e-01
11784	6.201140e-01	9.187949e-01	2.513971e-02	3.142464e-02	1.646144e-01	1.161708e-01	7.523885e-01	7.163910e-01
5155	8.144386e-01	3.981979e-01	3.064815e-02	3.831019e-02	2.006836e-01	1.084804e-01	2.654588e-01	6.948300e-01
4875	3.779425e-01	4.421939e-01	2.104324e-02	2.630405e-02	1.377908e-01	1.375657e-01	5.390195e-01	2.245442e-02
25726	8.840745e-01	5.842569e-01	5.304404e-02	6.630505e-02	3.473316e-01	3.319945e-01	3.950815e-01	3.457693e-01
26710	6.759451e-01	6.319674e-01	2.458187e-02	3.072734e-02	1.609617e-01	8.276517e-02	2.541274e-01	9.705086e-01
19343	7.814948e-01	8.800606e-01	5.470098e-02	6.837623e-02	3.581812e-01	1.471408e-01	9.829521e-01	4.737117e-01
8607	6.965380e-01	2.687385e-01	2.721708e-02	3.402135e-02	1.782170e-01	1.716838e-01	6.123772e-01	4.983290e-01
2092	9.404642e-01	6.479062e-01	2.274582e-02	2.843227e-02	1.489393e-01	1.488247e-01	2.449637e-01	3.721731e-01
10420	8.217268e-01	4.858195e-01	3.620102e-02	4.525127e-02	2.370437e-01	2.343976e-01	6.886710e-01	3.608917e-01
26577	6.947990e-01	9.367187e-01	2.899315e-02	3.624144e-02	1.898467e-01	1.837962e-01	3.137271e-01	8.831039e-01
30265	4.718994e-01	4.949253e-02	3.251600e-02	4.064500e-02	2.129143e-01	1.804475e-01	6.485206e-01	8.033260e-01
12803	4.798672e-01	7.649474e-01	2.538906e-02	3.173633e-02	1.662472e-01	1.550831e-01	2.088186e-01	1.433662e-01
3773	4.257467e-01	6.306037e-01	5.031428e-02	6.289284e-02	3.294571e-01	3.294008e-01	3.402475e-02	1.474252e-01
22893	1.330988e-01	2.051359e-01	2.439492e-02	3.049365e-02	1.597376e-01	1.562979e-01	6.276283e-01	3.585934e-01
13594	4.917922e-01	1.894016e-01	3.291490e-02	4.114363e-02	2.155263e-01	9.119833e-02	3.896438e-01	8.066887e-01
2764	6.151712e-01	4.812081e-01	5.916493e-02	7.395616e-02	3.874111e-01	2.169025e-01	9.560178e-01	6.886082e-01
550	3.457773e-01	6.191610e-01	3.416230e-02	4.270288e-02	2.236942e-01	7.250123e-02	8.667745e-01	2.210686e-01
13760	7.432695e-01	1.560603e-01	3.320373e-02	4.150466e-02	2.174175e-01	2.110141e-01	6.193250e-01	8.283752e-01
20052	4.596146e-01	1.201770e-01	2.280951e-02	2.851189e-02	1.493563e-01	1.284653e-01	1.982581e-01	6.245150e-01
27496	2.881594e-01	5.774841e-01	3.010151e-02	3.762689e-02	1.971042e-01	7.015130e-02	9.217928e-01	3.575768e-01
26894	3.190970e-01	3.842369e-01	6.391011e-02	7.988764e-02	4.184824e-01	1.889378e-01	4.213984e-01	7.643158e-01
22261	5.635831e-01	7.998519e-01	4.093131e-02	5.116414e-02	2.680176e-01	1.864714e-01	7.173756e-01	1.008609e-01
6958	1.923815e-01	6.357856e-01	2.503309e-02	3.129136e-02	1.639163e-01	1.605907e-01	8.672595e-02	9.313494e-01
25066	4.106076e-01	8.460124e-01	3.179179e-02	3.973974e-02	2.081721e-01	1.550839e-01	9.231833e-01	2.019311e-01
