5001	3.048740e-01	8.037473e-01	2.749982e-02	3.437478e-02	1.800684e-01	1.764790e-01	3.754875e-01	5.172169e-01
27577	8.469166e-01	1.719796e-01	2.818630e-02	3.523287e-02	1.845634e-01	7.005415e-02	8.692585e-01	8.748235e-01
18841	3.260240e-01	5.305215e-01	2.699333e-02	3.374167e-02	1.767519e-01	1.525392e-01	3.662823e-02	6.661857e-01
14428	2.060213e-01	3.436780e-01	3.917166e-02	4.896457e-02	2.564954e-01	1.694788e-01	1.495247e-01	6.183365e-02
32591	3.893978e-01	9.405335e-01	3.548476e-02	4.435595e-02	2.323536e-01	2.027452e-01	6.226413e-01	8.047598e-01
18561	4.630372e-01	3.819103e-01	5.118671e-02	6.398339e-02	3.351698e-01	3.270754e-01	7.050431e-01	7.444305e-01
9935	7.188256e-01	7.486746e-01	2.488304e-02	3.110380e-02	1.629338e-01	7.791693e-02	4.273537e-01	4.151947e-01
29711	1.472217e-01	7.541469e-01	4.997662e-02	6.247077e-02	3.272461e-01	2.068875e-01	6.404623e-01	1.763810e-01
18444	2.228064e-01	4.920422e-01	5.765849e-02	7.207311e-02	3.775469e-01	2.920699e-01	1.489730e-02	9.092986e-01
22118	4.638841e-01	8.079759e-01	3.265575e-02	4.081968e-02	2.138293e-01	1.656548e-01	8.423369e-01	7.314305e-01
13987	8.426513e-01	3.543965e-02	2.807277e-02	3.509096e-02	1.838200e-01	1.835850e-01	7.613560e-01	2.033671e-01
12993	5.195751e-01	9.521944e-01	2.574142e-02	3.217678e-02	1.685544e-01	1.231468e-01	2.406882e-01	6.933981e-01
14630	7.815094e-01	4.738693e-01	2.141776e-02	2.677220e-02	1.402431e-01	1.383596e-01	2.104062e-01	8.882813e-01
17937	2.441428e-01	8.514384e-01	2.084668e-02	2.605835e-02	1.365038e-01	6.487664e-02	8.930316e-01	2.694286e-01
16304	3.504740e-01	4.501271e-01	5.806941e-02	7.258676e-02	3.802376e-01	1.415538e-01	6.867768e-01	1.312941e-01
26260	9.197055e-01	9.599285e-01	2.161898e-02	2.702373e-02	1.415608e-01	1.409499e-01	4.177473e-01	4.305732e-01
13136	7.148583e-01	4.554673e-01	2.854916e-02	3.568646e-02	1.869395e-01	5.534354e-02	3.066375e-01	9.945833e-01
8653	7.500249e-01	1.980764e-01	4.605295e-02	5.756619e-02	3.015540e-01	2.995939e-01	8.168014e-01	1.254336e-01
22296	5.487412e-02	3.261522e-01	2.419734e-02	3.024668e-02	1.584438e-01	6.216384e-02	1.644263e-01	2.762545e-01
1095	6.911411e-01	1.578244e-01	4.336966e-02	5.421208e-02	2.839839e-01	1.362072e-01	6.408184e-01	4.750305e-01
5588	5.123477e-01	1.745010e-01	2.243031e-02	2.803788e-02	1.468733e-01	8.342544e-02	8.284359e-01	8.998909e-01
11307	5.336716e-01	6.831523e-01	2.923794e-02	3.654743e-02	1.914496e-01	1.855774e-01	2.550952e-01	9.999802e-01
299	1.654291e-01	5.658274e-01	2.094402e-02	2.618002e-02	1.371411e-01	9.135168e-02	8.946504e-01	1.727253e-02
11464	1.017344e-01	5.358044e-01	3.311364e-02	4.139205e-02	2.168276e-01	1.382079e-01	6.486005e-01	8.714864e-01
2008	3.634764e-01	5.352648e-01	7.846102e-02	9.807627e-02	5.137615e-01	1.656163e-01	7.129545e-01	2.088323e-01
17693	5.514325e-01	2.176966e-01	6.487812e-02	8.109765e-02	4.248209e-01	3.294057e-01	2.790752e-01	4.314389e-01
8596	7.295349e-01	8.478198e-01	2.137572e-02	2.671965e-02	1.399679e-01	1.123606e-01	3.877793e-01	5.065822e-01
10899	3.771805e-01	1.838347e-01	2.417081e-02	3.021352e-02	1.582701e-01	5.722350e-02	2.713309e-01	7.959688e-03
7257	5.089335e-01	7.592640e-01	5.194818e-02	6.493522e-02	3.401559e-01	2.703301e-01	7.339633e-01	4.353417e-01
29626	2.155704e-01	1.695212e-01	2.213603e-02	2.767004e-02	1.449464e-01	7.153958e-02	6.648784e-02	9.424254e-01
17447	9.627326e-01	8.871816e-01	2.875023e-02	3.593779e-02	1.882561e-01	1.379362e-01	8.293238e-01	7.409913e-02
28926	6.598280e-01	8.277915e-01	2.643236e-02	3.304045e-02	1.730787e-01	1.694348e-01	9.697125e-01	7.531636e-01
8377	3.588723e-01	6.153215e-01	3.653220e-02	4.566525e-02	2.392123e-01	1.833297e-01	9.608884e-01	6.709936e-01
19196	7.304224e-01	9.423929e-01	2.844733e-02	3.555916e-02	1.862727e-01	1.741321e-01	5.403593e-01	7.697495e-01
21275	6.203288e-01	3.766085e-01	2.745270e-02	3.431588e-02	1.797599e-01	5.850435e-02	1.919298e-02	1.802285e-01
29535	4.183179e-02	6.389761e-01	2.978760e-02	3.723450e-02	1.950488e-01	1.940890e-01	2.718514e-01	1.459843e-01
20184	8.123165e-01	8.498256e-01	2.425522e-02	3.031902e-02	1.588228e-01	6.575429e-02	4.542441e-01	1.438957e-02
5309	8.364659e-01	6.399666e-01	7.269241e-02	9.086552e-02	4.759888e-01	2.086953e-01	4.797844e-01	5.900743e-01
2211	3.251281e-01	3.311176e-01	6.015829e-02	7.519786e-02	3.939155e-01	2.401476e-01	9.201040e-01	6.156890e-01
14310	4.878132e-01	8.500134e-01	3.205684e-02	4.007105e-02	2.099077e-01	1.538674e-01	6.287132e-01	4.270965e-01
5716	3.320790e-01	8.172793e-01	2.154130e-02	2.692663e-02	1.410521e-01	1.033818e-01	6.189048e-01	8.619670e-01
17583	9.704432e-01	2.084861e-01	2.595926e-02	3.244908e-02	1.699809e-01	1.189618e-01	2.626065e-01	6.900039e-01
31026	5.907668e-01	8.209487e-01	2.513362e-02	3.141702e-02	1.645745e-01	1.036590e-01	8.425934e-01	2.659391e-01
12473	8.801875e-01	9.987540e-02	2.485238e-02	3.106548e-02	1.627330e-01	1.543838e-01	5.095312e-01	3.088149e-01
11867	1.264560e-01	7.145139e-01	2.652587e-02	3.315734e-02	1.736910e-01	1.678453e-01	7.619864e-01	1.432378e-01
11219	4.177877e-01	5.186885e-01	2.720142e-02	3.400178e-02	1.781145e-01	1.624632e-01	8.555192e-01	3.887161e-01
31086	4.522575e-01	2.355181e-01	5.522800e-02	6.903500e-02	3.616321e-01	2.907611e-01	5.259036e-01	3.333988e-01
10697	2.563892e-01	2.779975e-01	2.598173e-02	3.247716e-02	1.701280e-01	1.700223e-01	4.846954e-01	6.834163e-01
31639	8.683628e-01	7.663641e-01	4.873400e-02	6.091750e-02	3.191095e-01	3.032200e-01	6.866231e-02	4.432293e-01
31798	6.313082e-01	5.551086e-01	2.161443e-02	2.701804e-02	1.415310e-01	8.660501e-02	4.318082e-01	4.527458e-01
27635	3.205742e-01	8.562723e-01	2.436883e-02	3.046104e-02	1.595667e-01	1.489603e-01	9.343719e-01	2.703719e-01
21227	9.615533e-01	6.979237e-02	2.096735e-02	2.620919e-02	1.372939e-01	1.268445e-01	9.398843e-01	6.951407e-01
10033	4.419435e-01	9.030419e-01	3.156848e-02	3.946060e-02	2.067099e-01	1.453606e-01	6.339776e-01	9.044775e-01
21085	7.984944e-01	3.523834e-01	3.314463e-02	4.143079e-02	2.170306e-01	1.379371e-01	1.137414e-01	6.299113e-01
18688	5.872976e-01	9.409529e-01	2.593279e-02	3.241599e-02	1.698075e-01	1.638912e-01	1.505903e-01	1.683143e-01
10122	8.312950e-01	8.188689e-01	2.114745e-02	2.643431e-02	1.384732e-01	1.337879e-01	7.121476e-01	5.579868e-01
11975	9.106164e-01	5.480105e-01	2.111603e-02	2.639504e-02	1.382674e-01	1.373754e-01	4.739008e-01	2.793012e-01
19541	8.081664e-01	5.456563e-01	2.640392e-02	3.300490e-02	1.728924e-01	8.458963e-02	8.123961e-01	9.001727e-01
22265	8.010008e-01	1.025193e-01	2.476324e-02	3.095405e-02	1.621493e-01	1.612923e-01	3.785935e-01	2.471892e-01
20393	6.340796e-01	9.239911e-01	4.342296e-02	5.427870e-02	2.843328e-01	2.232848e-01	2.600131e-02	2.819549e-01
12563	2.914807e-01	4.956143e-01	6.384186e-02	7.980232e-02	4.180355e-01	1.774618e-01	8.485601e-01	3.181242e-01
19218	4.763134e-01	1.248261e-01	3.123447e-02	3.904309e-02	2.045229e-01	2.042671e-01	5.582927e-01	5.459717e-01
12251	4.052723e-01	7.018341e-01	5.228347e-02	6.535433e-02	3.423513e-01	1.381066e-01	3.444128e-01	2.295302e-01
1494	8.667202e-01	9.187694e-01	2.357923e-02	2.947403e-02	1.543964e-01	1.419785e-01	9.453637e-03	7.786322e-01
4597	9.633871e-01	6.239350e-01	3.076185e-02	3.845232e-02	2.014281e-01	9.472832e-02	2.241309e-01	6.667762e-01
8032	3.804020e-01	2.871712e-01	2.463615e-02	3.079519e-02	1.613171e-01	1.579373e-01	2.263888e-01	3.729205e-01
23097	2.241646e-01	8.833972e-01	2.604074e-02	3.255093e-02	1.705144e-01	1.296801e-01	1.288936e-01	9.708812e-02
15057	5.773194e-01	6.555930e-01	2.362435e-02	2.953044e-02	1.546919e-01	1.434085e-01	1.987833e-01	8.084367e-01
31580	6.090038e-01	6.071400e-01	6.392283e-02	7.990354e-02	4.185657e-01	2.919134e-01	7.544910e-01	6.058203e-01
29296	5.999358e-01	1.231590e-01	3.851473e-02	4.814341e-02	2.521939e-01	1.614008e-01	8.051470e-01	1.082361e-01
24168	4.964655e-01	4.564088e-01	3.929772e-02	4.912215e-02	2.573209e-01	9.083161e-02	5.989797e-01	4.817541e-01
28147	2.468468e-01	1.218992e-01	6.442858e-02	8.053573e-02	4.218774e-01	3.884256e-01	8.169942e-01	1.556551e-01
19693	9.138158e-01	7.893586e-01	2.698740e-02	3.373426e-02	1.767131e-01	1.716495e-01	6.381182e-01	7.243924e-01
14117	3.221705e-01	2.134917e-01	3.420861e-02	4.276077e-02	2.239975e-01	1.731286e-01	5.415610e-01	7.053301e-01
9136	7.384316e-01	1.451602e-01	2.834088e-02	3.542609e-02	1.855756e-01	1.642115e-01	9.293315e-03	5.153500e-01
20623	4.890344e-01	1.953584e-01	3.223667e-02	4.029584e-02	2.110852e-01	1.633896e-01	4.387850e-01	9.661978e-01
30249	2.363272e-01	2.210669e-01	2.229045e-02	2.786306e-02	1.459575e-01	1.432859e-01	3.381686e-01	2.183530e-01
26532	3.584488e-01	9.033822e-01	3.136246e-02	3.920307e-02	2.053609e-01	1.748201e-01	7.435177e-01	4.434339e-01
8546	7.649669e-01	5.068933e-01	2.077943e-02	2.597429e-02	1.360634e-01	1.298714e-01	3.490665e-01	2.831373e-01
