2786	1.661626e-01	4.133004e-01	2.208778e-02	2.760972e-02	1.446304e-01	4.165431e-02	7.669119e-01	4.260020e-01
7971	1.522659e-01	1.394733e-01	2.446307e-02	3.057883e-02	1.601838e-01	1.240098e-01	1.816716e-01	8.815385e-01
25971	2.777558e-01	5.918573e-01	4.272142e-02	5.340178e-02	2.797392e-01	1.992754e-01	6.264638e-01	3.106932e-01
20528	8.480037e-02	7.165755e-01	3.876857e-02	4.846072e-02	2.538560e-01	1.277612e-01	5.307056e-01	8.655077e-01
25472	8.636089e-01	7.411384e-01	2.211722e-02	2.764653e-02	1.448232e-01	9.431838e-02	3.313918e-01	6.210476e-02
8582	1.032524e-01	2.357995e-01	4.350579e-02	5.438224e-02	2.848753e-01	8.398307e-02	9.825542e-01	2.300867e-01
23897	3.857958e-01	2.476041e-01	2.072955e-02	2.591193e-02	1.357367e-01	6.874709e-02	6.860744e-01	5.504208e-01
15357	7.714875e-02	6.440490e-01	2.955472e-02	3.694340e-02	1.935239e-01	1.330872e-01	6.197415e-01	5.943081e-01
27694	3.080754e-02	7.537589e-01	2.941509e-02	3.676887e-02	1.926096e-01	9.031438e-02	7.672790e-01	8.742226e-01
10177	3.637119e-01	5.108159e-01	7.090832e-02	8.863539e-02	4.643065e-01	4.156602e-01	4.545691e-01	1.990878e-01
25406	8.353851e-01	7.712483e-01	2.781526e-02	3.476907e-02	1.821339e-01	1.820011e-01	9.235087e-01	9.826453e-01
132	8.445908e-01	8.498742e-01	4.976567e-02	6.220709e-02	3.258649e-01	2.523883e-01	6.270383e-01	5.626504e-01
8675	6.822938e-01	7.270342e-01	5.108859e-02	6.386074e-02	3.345273e-01	2.882483e-01	6.799713e-01	4.008803e-01
30933	2.359781e-01	8.536989e-01	2.961504e-02	3.701880e-02	1.939188e-01	1.659018e-01	3.771196e-01	3.055393e-01
18103	9.005393e-01	4.202890e-01	2.252387e-02	2.815483e-02	1.474859e-01	1.466762e-01	7.393739e-01	1.954019e-01
9170	9.379257e-01	9.126717e-01	2.129337e-02	2.661672e-02	1.394287e-01	1.386028e-01	2.052389e-01	2.150671e-01
3013	2.193974e-01	1.805668e-01	2.241186e-02	2.801482e-02	1.467525e-01	1.356709e-01	1.203645e-01	7.126179e-01
19581	6.428625e-01	8.695872e-01	4.003892e-02	5.004865e-02	2.621742e-01	9.789163e-02	2.977333e-01	5.286870e-01
19019	5.694174e-01	5.122781e-01	2.805073e-02	3.506341e-02	1.836757e-01	1.471287e-01	6.836816e-01	5.590060e-01
23079	1.115317e-01	1.641283e-01	3.199066e-02	3.998833e-02	2.094743e-01	2.063552e-01	5.933029e-01	3.200804e-01
8872	5.397854e-01	5.942991e-01	2.350385e-02	2.937981e-02	1.539028e-01	1.476322e-01	5.650876e-01	4.614808e-01
17599	2.258173e-01	4.473524e-01	3.977758e-02	4.972198e-02	2.604630e-01	2.554453e-01	5.628847e-01	2.264116e-01
2776	1.418209e-01	4.426117e-01	2.155183e-02	2.693979e-02	1.411211e-01	4.022014e-02	1.247386e-02	2.028977e-01
6050	3.040108e-01	2.117361e-01	4.120683e-02	5.150854e-02	2.698217e-01	1.892493e-01	7.190426e-01	3.134258e-01
30552	7.676965e-01	7.179965e-01	2.666124e-02	3.332655e-02	1.745774e-01	1.724874e-01	7.477645e-01	3.304854e-01
6165	4.384301e-01	4.356095e-02	2.188540e-02	2.735675e-02	1.433053e-01	9.140979e-02	9.987919e-01	6.408986e-01
31002	7.857118e-01	2.325622e-01	5.721847e-02	7.152309e-02	3.746656e-01	3.732417e-01	8.264435e-01	8.850600e-01
11962	6.388245e-01	3.841376e-01	4.660821e-02	5.826027e-02	3.051899e-01	2.169521e-01	4.101750e-01	2.939388e-01
7344	8.525133e-02	8.309591e-01	3.112332e-02	3.890415e-02	2.037950e-01	1.101106e-01	1.682373e-01	5.692504e-01
1163	4.067423e-01	1.805397e-01	2.256093e-02	2.820116e-02	1.477286e-01	7.393648e-02	2.719662e-01	1.255298e-02
26576	1.049256e-01	7.991752e-01	2.113650e-02	2.642062e-02	1.384015e-01	1.192012e-01	9.772498e-01	6.416307e-01
9672	8.885841e-01	1.323103e-01	4.842222e-02	6.052777e-02	3.170679e-01	1.264701e-01	5.455242e-01	1.246351e-01
29537	4.119509e-01	3.644987e-01	5.198602e-02	6.498252e-02	3.404036e-01	1.167378e-01	9.372779e-02	1.307206e-01
367	1.963978e-01	5.401956e-01	3.484292e-02	4.355366e-02	2.281509e-01	1.690129e-01	6.224410e-01	5.341353e-01
13049	8.139815e-01	6.294195e-01	6.039432e-02	7.549290e-02	3.954610e-01	2.952873e-01	7.410753e-01	1.391603e-01
31380	6.570594e-01	4.984229e-01	2.941484e-02	3.676855e-02	1.926079e-01	1.907064e-01	1.808568e-01	1.746195e-01
19959	7.655815e-01	3.083452e-01	3.523132e-02	4.403915e-02	2.306942e-01	1.073464e-01	2.319335e-01	1.077348e-01
5913	5.080104e-01	8.112266e-01	4.025791e-02	5.032238e-02	2.636081e-01	1.313278e-01	9.644768e-01	1.199688e-01
17226	8.853963e-01	8.490872e-01	2.090727e-02	2.613409e-02	1.369005e-01	1.365119e-01	1.304875e-01	4.766411e-01
29484	4.012615e-01	7.653083e-01	2.228353e-02	2.785441e-02	1.459122e-01	1.459096e-01	7.142310e-01	5.903652e-01
1882	2.795481e-01	5.354538e-01	3.258848e-02	4.073560e-02	2.133888e-01	1.197724e-01	5.234072e-01	8.954966e-01
7477	7.191725e-01	1.851723e-01	3.665174e-02	4.581467e-02	2.399950e-01	2.399912e-01	2.677826e-01	8.566052e-01
30653	5.671597e-01	8.301582e-01	3.505487e-02	4.381859e-02	2.295388e-01	1.929518e-01	4.587727e-01	4.894630e-01
31452	6.690083e-01	2.368944e-01	6.384619e-02	7.980774e-02	4.180639e-01	3.667493e-01	9.035918e-01	2.131091e-01
5344	4.436496e-01	2.221482e-01	2.287843e-02	2.859803e-02	1.498076e-01	4.561278e-02	3.202600e-01	9.294883e-01
20773	7.205808e-01	2.711018e-01	2.762906e-02	3.453632e-02	1.809146e-01	1.645486e-01	1.954806e-01	2.072216e-01
27500	4.190175e-01	5.079016e-01	2.557085e-02	3.196357e-02	1.674375e-01	1.370904e-01	6.970181e-01	7.527662e-01
13713	9.089514e-01	1.823301e-01	2.333255e-02	2.916568e-02	1.527812e-01	4.942470e-02	6.793623e-01	8.727800e-01
30709	2.451292e-01	9.625223e-01	3.153899e-02	3.942374e-02	2.065168e-01	1.486051e-01	1.485977e-01	1.862540e-01
723	4.691522e-01	8.619788e-01	5.558890e-02	6.948613e-02	3.639953e-01	3.485678e-01	8.481393e-02	6.746076e-01
11201	2.732035e-01	7.624400e-01	3.759005e-02	4.698756e-02	2.461390e-01	2.320506e-01	4.652904e-01	6.588481e-01
19587	8.538496e-02	6.774867e-02	3.103392e-02	3.879240e-02	2.032096e-01	2.028122e-01	7.517951e-02	7.484075e-01
159	5.761602e-01	3.061400e-01	6.886330e-02	8.607912e-02	4.509158e-01	4.035564e-01	3.740063e-01	1.966017e-01
19890	4.960192e-01	3.309563e-01	2.613425e-02	3.266781e-02	1.711267e-01	1.044903e-01	1.436298e-01	1.522061e-01
28834	3.225610e-01	3.026353e-01	3.358865e-02	4.198582e-02	2.199380e-01	1.734637e-01	2.221539e-01	3.938993e-01
27727	6.568669e-01	8.176548e-01	2.793602e-02	3.492002e-02	1.829246e-01	1.142991e-01	9.570537e-01	9.081719e-01
19318	5.937414e-01	4.277982e-01	2.488768e-02	3.110960e-02	1.629642e-01	4.375712e-02	6.393568e-01	9.997974e-01
153	1.430008e-01	2.895821e-01	2.292634e-02	2.865793e-02	1.501213e-01	1.493413e-01	6.360158e-01	8.020026e-01
29542	3.623149e-01	2.284324e-01	2.208766e-02	2.760958e-02	1.446297e-01	8.129297e-02	8.311467e-01	2.099329e-01
24333	5.020217e-01	7.656466e-01	7.562191e-02	9.452738e-02	4.951711e-01	1.653420e-01	7.900760e-01	7.439894e-01
2806	4.125092e-01	2.436439e-01	5.497767e-02	6.872209e-02	3.599929e-01	2.027013e-01	5.241894e-01	1.324107e-01
27755	7.551437e-01	1.445133e-01	5.375862e-02	6.719828e-02	3.520106e-01	1.430142e-01	1.495673e-01	7.708625e-01
660	1.801349e-01	4.610596e-01	2.729771e-02	3.412214e-02	1.787450e-01	1.409630e-01	7.388453e-01	2.719082e-01
6642	4.819006e-01	1.832418e-01	6.039696e-02	7.549620e-02	3.954784e-01	1.823041e-01	4.129591e-01	5.115489e-01
27572	1.581081e-01	9.519026e-01	3.783580e-02	4.729475e-02	2.477482e-01	7.692317e-02	2.644466e-01	6.402378e-01
27648	5.345612e-01	1.574271e-01	2.963678e-02	3.704598e-02	1.940612e-01	1.452927e-01	7.263977e-02	9.076893e-01
6238	8.709498e-01	6.601076e-01	3.053976e-02	3.817470e-02	1.999739e-01	1.642111e-01	2.990237e-01	8.714896e-01
21241	1.720303e-01	6.391737e-01	2.922211e-02	3.652764e-02	1.913459e-01	1.767609e-01	8.062184e-01	9.773602e-01
23098	1.654556e-01	8.133301e-01	7.336401e-02	9.170501e-02	4.803864e-01	4.795692e-01	3.710569e-01	6.729751e-01
19786	3.690937e-01	3.634245e-01	2.939101e-02	3.673877e-02	1.924519e-01	1.898601e-01	1.108061e-01	5.356891e-01
15007	8.985492e-01	6.960946e-01	4.750515e-02	5.938144e-02	3.110630e-01	2.199434e-01	6.349364e-01	1.217955e-02
1107	9.436636e-01	7.911516e-01	3.850413e-02	4.813017e-02	2.521245e-01	2.497353e-01	6.974856e-01	2.615485e-01
10093	7.963316e-01	5.563021e-01	2.242331e-02	2.802913e-02	1.468275e-01	1.318219e-01	3.771637e-01	6.081569e-01
6684	6.191393e-01	2.767524e-01	2.251626e-02	2.814532e-02	1.474361e-01	1.381167e-01	8.925386e-01	2.664900e-01
24850	2.370360e-01	6.821105e-01	6.773808e-02	8.467259e-02	4.435479e-01	1.984824e-01	4.998591e-01	8.989122e-01
12234	9.418891e-01	7.189489e-01	3.012427e-02	3.765533e-02	1.972532e-01	6.364451e-02	1.515696e-01	4.616242e-01
11467	7.611116e-01	7.884338e-01	3.126129e-02	3.907662e-02	2.046985e-01	1.632944e-01	8.008944e-01	8.051968e-01
25185	1.466551e-01	2.580787e-01	4.609268e-02	5.761584e-02	3.018141e-01	1.306340e-01	3.556011e-02	7.912715e-01
26794	3.080247e-01	9.489826e-01	4.410153e-02	5.512692e-02	2.887761e-01	7.629604e-02	5.581369e-01	6.343654e-01
6302	2.978198e-02	9.252331e-01	2.516174e-02	3.145218e-02	1.647587e-01	4.362019e-02	8.287841e-01	4.741149e-01
22977	4.363309e-01	9.310722e-01	2.307012e-02	2.883764e-02	1.510628e-01	7.353132e-02	3.214150e-01	3.883419e-02
5613	8.210814e-01	5.193189e-01	7.026751e-02	8.783439e-02	4.601106e-01	1.908794e-01	3.165070e-01	5.944374e-01
