20208	7.767730e-01	6.568229e-02	2.076608e-02	2.595760e-02	1.359760e-01	1.304324e-01	4.739312e-02	8.218737e-01
6409	5.018762e-01	4.482281e-01	2.564502e-02	3.205628e-02	1.679232e-01	1.638106e-01	9.197497e-01	2.822361e-01
28468	1.388815e-01	2.519326e-01	4.793159e-02	5.991448e-02	3.138553e-01	1.061740e-01	2.611477e-01	1.370171e-01
9967	7.001251e-01	6.327335e-02	2.896483e-02	3.620604e-02	1.896613e-01	1.756157e-01	7.935953e-01	6.422355e-01
13602	3.168414e-02	9.154448e-01	2.164993e-02	2.706241e-02	1.417634e-01	1.272802e-01	1.366622e-01	1.691852e-02
29736	2.047787e-01	7.335239e-02	2.636329e-02	3.295412e-02	1.726264e-01	1.506281e-01	2.690195e-01	6.119517e-01
32312	2.929149e-01	5.300244e-01	3.030953e-02	3.788691e-02	1.984663e-01	1.936079e-01	2.565015e-01	9.546453e-01
29473	4.810785e-01	6.826801e-01	7.554911e-02	9.443639e-02	4.946944e-01	3.831862e-01	7.299419e-01	6.126409e-01
443	6.897997e-01	8.273798e-01	4.443481e-02	5.554351e-02	2.909584e-01	2.447441e-01	6.080798e-01	5.518249e-01
30685	4.668041e-01	3.413429e-01	2.988251e-02	3.735314e-02	1.956702e-01	1.785131e-01	4.174966e-01	6.688503e-01
24857	6.057859e-01	1.885272e-01	4.006613e-02	5.008266e-02	2.623524e-01	2.451996e-01	7.804461e-01	3.167562e-01
22096	4.460397e-01	5.989279e-01	2.679441e-02	3.349301e-02	1.754494e-01	5.879415e-02	6.115198e-01	1.272335e-01
15331	4.248545e-01	5.380479e-01	3.348187e-02	4.185234e-02	2.192388e-01	2.082565e-01	3.216076e-01	8.940322e-03
21995	7.078118e-01	3.988359e-01	6.386560e-02	7.983200e-02	4.181910e-01	1.921607e-01	8.763658e-01	8.519315e-01
13823	9.051077e-01	4.536675e-01	5.979419e-02	7.474274e-02	3.915314e-01	1.386809e-01	3.473463e-01	8.868872e-01
4447	1.212217e-01	4.432905e-01	4.944780e-02	6.180975e-02	3.237834e-01	2.561973e-01	2.586328e-01	5.624874e-01
28365	6.973743e-01	5.084229e-01	5.028169e-02	6.285211e-02	3.292437e-01	2.534693e-01	8.547974e-01	2.735340e-01
20803	3.158876e-01	6.152190e-01	2.467343e-02	3.084179e-02	1.615612e-01	1.021967e-01	9.006217e-01	4.408473e-01
8149	2.320973e-01	7.618594e-01	2.970172e-02	3.712716e-02	1.944864e-01	1.833624e-01	8.308466e-01	2.216373e-01
29694	4.144466e-01	7.160854e-01	3.310395e-02	4.137994e-02	2.167642e-01	1.737870e-01	4.175475e-01	7.900745e-01
16401	7.428642e-01	9.082104e-01	3.111375e-02	3.889219e-02	2.037323e-01	1.444253e-01	9.419112e-01	6.899824e-01
29020	6.560443e-01	3.779310e-01	3.872550e-02	4.840688e-02	2.535740e-01	1.120721e-01	3.670125e-01	8.558390e-01
11492	1.305442e-01	5.553688e-01	2.131220e-02	2.664025e-02	1.395519e-01	9.780682e-02	6.090684e-01	1.041777e-01
24458	2.673705e-01	7.733717e-01	4.504659e-02	5.630823e-02	2.949644e-01	1.386158e-01	7.916775e-01	1.667278e-01
24796	1.067271e-01	3.884433e-01	2.308805e-02	2.886006e-02	1.511802e-01	8.618302e-02	8.616085e-01	8.747094e-01
22336	8.942077e-01	5.584798e-01	4.029992e-02	5.037490e-02	2.638833e-01	2.542384e-01	6.647775e-01	7.281833e-01
14027	3.412120e-01	8.236613e-01	2.911216e-02	3.639020e-02	1.906260e-01	1.124629e-01	1.012674e-01	7.148283e-03
3218	5.286008e-01	8.698965e-01	4.805574e-02	6.006968e-02	3.146683e-01	1.075465e-01	6.097289e-01	2.785736e-01
15044	6.818843e-01	2.950996e-01	7.693234e-02	9.616542e-02	5.037518e-01	4.205444e-01	8.165561e-01	2.904318e-01
30402	8.823262e-01	1.942159e-01	2.098532e-02	2.623165e-02	1.374115e-01	1.323615e-01	7.653696e-01	8.191096e-01
31569	6.390495e-01	7.016515e-01	4.657060e-02	5.821325e-02	3.049436e-01	2.872791e-01	1.595547e-01	9.189548e-01
18027	7.859733e-01	7.136128e-01	2.231307e-02	2.789134e-02	1.461056e-01	7.783147e-02	2.438386e-01	4.412513e-02
5870	1.932849e-01	5.519203e-01	2.123152e-02	2.653940e-02	1.390237e-01	1.313518e-01	1.134359e-01	6.994318e-01
18674	8.484624e-01	3.310309e-01	4.287433e-02	5.359292e-02	2.807405e-01	2.279615e-01	7.732317e-01	4.146243e-01
3205	5.647878e-01	4.024464e-01	2.636763e-02	3.295954e-02	1.726548e-01	9.554368e-02	7.911869e-03	6.775399e-01
21064	4.953270e-01	9.263583e-02	4.349096e-02	5.436370e-02	2.847781e-01	9.477379e-02	3.879943e-01	4.161840e-01
15596	5.941419e-01	3.564717e-01	5.206233e-02	6.507792e-02	3.409034e-01	3.355797e-01	1.225814e-01	1.301097e-01
6288	3.236756e-01	6.904742e-01	2.108446e-02	2.635557e-02	1.380607e-01	1.372047e-01	9.731907e-03	3.840113e-01
28096	4.079511e-01	2.053618e-01	2.336569e-02	2.920711e-02	1.529982e-01	7.785599e-02	9.193634e-02	3.943114e-01
9169	3.514151e-02	4.464367e-01	2.153960e-02	2.692450e-02	1.410410e-01	1.409721e-01	2.745691e-01	8.146828e-02
16909	4.735328e-02	6.654807e-01	2.591486e-02	3.239357e-02	1.696901e-01	1.527371e-01	9.692081e-01	5.419867e-01
2730	9.553018e-01	9.290043e-01	2.607429e-02	3.259287e-02	1.707341e-01	1.609613e-01	6.770591e-01	4.342063e-01
18974	3.839299e-01	3.927078e-02	3.427364e-02	4.284204e-02	2.244232e-01	9.485797e-02	1.382783e-01	5.493333e-01
23041	5.372161e-01	2.034610e-01	3.504637e-02	4.380796e-02	2.294831e-01	2.134831e-01	4.411197e-01	6.810685e-01
6793	6.410055e-02	7.919319e-01	3.392155e-02	4.240193e-02	2.221178e-01	1.915246e-01	1.362132e-01	7.624699e-01
20037	2.768452e-01	9.562463e-01	3.022008e-02	3.777510e-02	1.978806e-01	1.164480e-01	4.348343e-02	9.829196e-02
4054	4.389239e-01	8.999032e-01	5.210852e-02	6.513565e-02	3.412058e-01	2.146424e-01	7.667545e-01	1.603102e-01
8200	5.026052e-01	5.856269e-01	5.984545e-02	7.480681e-02	3.918671e-01	2.618063e-01	8.031772e-01	5.726535e-01
5125	2.076599e-01	5.214864e-01	4.079195e-02	5.098994e-02	2.671050e-01	1.683473e-01	2.451394e-01	8.714665e-01
7235	1.635691e-01	7.909806e-01	4.668274e-02	5.835343e-02	3.056779e-01	3.036652e-01	6.013325e-01	5.549163e-01
418	2.295248e-01	8.506406e-01	7.439729e-02	9.299662e-02	4.871523e-01	4.252445e-01	2.734730e-01	5.822233e-01
13519	6.371513e-01	8.524397e-01	2.245729e-02	2.807161e-02	1.470500e-01	1.470362e-01	5.816286e-01	4.228800e-01
14014	2.618830e-01	3.717271e-01	5.782131e-02	7.227664e-02	3.786131e-01	3.779907e-01	6.243472e-01	9.207843e-02
24550	9.358143e-01	2.874092e-01	4.782088e-02	5.977610e-02	3.131304e-01	1.569965e-01	6.050049e-01	8.682947e-01
23435	9.582540e-01	2.255225e-01	3.722413e-02	4.653016e-02	2.437430e-01	1.587439e-01	3.397721e-01	3.514817e-01
6623	8.691032e-01	3.681479e-01	2.187850e-02	2.734813e-02	1.432601e-01	3.943185e-02	3.097252e-01	6.742786e-01
24827	2.097325e-01	1.169089e-01	2.321606e-02	2.902008e-02	1.520184e-01	1.304529e-01	7.558795e-02	3.480653e-01
12065	1.737598e-01	3.579748e-01	3.893224e-02	4.866529e-02	2.549277e-01	2.420463e-01	4.880538e-01	5.464049e-01
19477	6.119428e-01	4.765135e-01	2.492548e-02	3.115685e-02	1.632117e-01	7.772137e-02	1.381599e-01	6.734785e-01
24886	7.127013e-01	5.997757e-01	2.536761e-02	3.170952e-02	1.661067e-01	6.702183e-02	3.633783e-02	9.027744e-01
12297	4.236753e-01	1.409254e-01	6.862848e-02	8.578560e-02	4.493782e-01	3.157924e-01	6.937604e-01	3.451202e-01
10483	4.011415e-01	3.166186e-01	4.602750e-02	5.753437e-02	3.013873e-01	1.276285e-01	4.051078e-01	8.226317e-01
23549	8.041911e-01	1.122039e-01	2.875696e-02	3.594620e-02	1.883001e-01	1.876762e-01	2.688368e-01	9.125560e-01
9399	6.824058e-01	5.573845e-01	2.689788e-02	3.362234e-02	1.761269e-01	1.489697e-01	9.215848e-01	9.733695e-01
9329	2.051810e-01	9.182023e-01	2.614711e-02	3.268389e-02	1.712109e-01	1.048551e-01	5.608837e-01	1.237992e-01
17822	2.665349e-01	1.809111e-01	2.401676e-02	3.002095e-02	1.572614e-01	9.228925e-02	9.007615e-01	9.335963e-01
16683	3.267247e-01	2.620739e-01	2.139159e-02	2.673949e-02	1.400718e-01	9.308057e-02	5.645370e-01	4.282543e-01
11905	4.629785e-01	5.689190e-01	2.324566e-02	2.905708e-02	1.522123e-01	5.373063e-02	6.193766e-01	6.801374e-01
30981	7.963826e-01	2.809055e-02	2.141104e-02	2.676380e-02	1.401992e-01	1.393710e-01	4.487225e-01	2.859597e-02
15797	5.611665e-01	4.658265e-01	2.358155e-02	2.947693e-02	1.544116e-01	1.093771e-01	8.682368e-01	4.357839e-01
16354	6.566576e-01	9.119627e-01	3.110266e-02	3.887832e-02	2.036597e-01	1.066194e-01	3.492670e-01	2.244732e-01
15405	9.018360e-02	8.834497e-01	2.192499e-02	2.740624e-02	1.435645e-01	8.662118e-02	8.881214e-02	5.378756e-01
13329	3.130067e-01	8.985852e-01	2.241662e-02	2.802077e-02	1.467837e-01	9.392473e-02	2.741706e-01	8.593638e-01
15682	1.827363e-01	3.401911e-02	3.113917e-02	3.892397e-02	2.038988e-01	1.009899e-01	1.900984e-02	8.882763e-02
5998	3.058545e-01	2.527921e-01	2.644984e-02	3.306230e-02	1.731931e-01	1.460513e-01	4.048472e-02	6.683758e-02
17223	1.149887e-01	8.822444e-01	2.295182e-02	2.868977e-02	1.502881e-01	4.346344e-02	1.411389e-01	6.881228e-01
