14137	1.917348e-01	9.650224e-01	3.033854e-02	3.792317e-02	1.986563e-01	1.858897e-01	8.687776e-01	9.140033e-02
1791	2.073780e-01	8.430986e-01	2.551955e-02	3.189944e-02	1.671016e-01	9.678206e-02	3.606221e-01	2.769370e-01
24680	1.505268e-01	4.417823e-01	2.231155e-02	2.788944e-02	1.460957e-01	5.388438e-02	6.166178e-01	4.929274e-01
14345	5.879019e-01	3.784921e-01	2.473455e-02	3.091818e-02	1.619614e-01	1.038515e-01	8.080780e-02	7.969596e-02
7059	5.590236e-01	1.947159e-01	4.156908e-02	5.196135e-02	2.721937e-01	1.854612e-01	7.902382e-01	1.091263e-01
28649	9.120248e-02	6.592593e-01	3.516780e-02	4.395975e-02	2.302782e-01	8.800581e-02	3.882989e-01	8.882418e-01
3653	8.629799e-01	1.380120e-01	2.245516e-02	2.806895e-02	1.470360e-01	3.865796e-02	8.951836e-01	1.177278e-01
7264	8.172114e-01	1.831686e-01	2.258256e-02	2.822820e-02	1.478702e-01	5.868625e-02	9.189374e-01	4.626954e-01
9743	8.822423e-01	3.367579e-01	2.346562e-02	2.933202e-02	1.536525e-01	9.229209e-02	7.535843e-01	5.058513e-02
21126	2.559920e-01	1.991524e-01	3.299581e-02	4.124476e-02	2.160560e-01	2.127644e-01	7.630131e-01	3.218335e-01
26115	7.075195e-01	6.635671e-01	3.487570e-02	4.359462e-02	2.283655e-01	1.135775e-01	3.857744e-01	6.707742e-01
22430	1.612911e-01	9.394828e-01	2.711799e-02	3.389749e-02	1.775682e-01	6.751514e-02	5.374074e-01	3.988889e-02
17504	2.547241e-01	8.656122e-01	3.607993e-02	4.509992e-02	2.362508e-01	1.282788e-01	2.451635e-01	5.817093e-01
30656	2.396468e-01	5.476834e-01	4.265212e-02	5.331515e-02	2.792854e-01	2.764858e-01	5.468418e-01	8.332575e-01
15342	8.131894e-01	7.203743e-01	2.771501e-02	3.464376e-02	1.814775e-01	1.256619e-01	6.131570e-01	4.102718e-01
30352	4.334124e-01	7.537094e-01	2.250168e-02	2.812710e-02	1.473406e-01	1.288034e-01	5.414052e-01	5.658833e-02
19852	6.747884e-01	8.605707e-01	4.314659e-02	5.393323e-02	2.825232e-01	2.433191e-01	4.939006e-02	8.347871e-01
31007	8.520713e-02	1.194355e-01	4.497644e-02	5.622054e-02	2.945050e-01	1.972445e-01	5.897280e-01	5.895312e-01
4549	1.061062e-01	5.054884e-02	3.771457e-02	4.714321e-02	2.469544e-01	1.221392e-01	1.684987e-01	2.957740e-01
7608	8.043113e-01	9.099309e-01	2.758393e-02	3.447991e-02	1.806191e-01	6.518641e-02	7.189168e-01	7.103992e-01
9266	5.159233e-01	4.491244e-01	3.896199e-02	4.870248e-02	2.551225e-01	2.548627e-01	2.423523e-01	3.842379e-02
27273	7.216148e-01	6.193664e-01	2.289746e-02	2.862182e-02	1.499322e-01	8.967190e-02	7.181212e-01	4.806482e-01
18920	3.091209e-01	6.770487e-01	2.120462e-02	2.650578e-02	1.388475e-01	1.099626e-01	3.831402e-01	5.154731e-02
21706	1.027202e-01	7.604256e-01	3.067244e-02	3.834056e-02	2.008427e-01	1.377355e-01	6.791076e-01	8.398829e-01
22017	5.277942e-01	6.658042e-01	3.114900e-02	3.893625e-02	2.039632e-01	7.557258e-02	6.046809e-01	3.242662e-01
4747	8.949856e-01	7.362154e-01	4.036506e-02	5.045632e-02	2.643098e-01	2.319576e-01	3.722009e-01	1.450168e-01
9394	4.772401e-01	5.889441e-01	2.846588e-02	3.558236e-02	1.863942e-01	1.814685e-01	4.064266e-01	3.701179e-01
22601	1.690606e-01	7.801689e-01	4.630719e-02	5.788398e-02	3.032187e-01	2.170258e-01	5.888730e-01	9.858276e-01
17614	1.715283e-01	5.513609e-01	2.423227e-02	3.029034e-02	1.586725e-01	1.586083e-01	5.939728e-01	7.642562e-01
28733	4.742450e-01	8.744192e-01	3.045645e-02	3.807056e-02	1.994283e-01	1.868821e-01	6.641020e-01	3.331461e-01
30502	8.935464e-01	8.313660e-01	4.316167e-02	5.395209e-02	2.826220e-01	1.171030e-01	9.558451e-01	7.083484e-01
4381	2.994296e-01	1.498142e-01	2.891396e-02	3.614245e-02	1.893281e-01	1.831342e-01	1.702164e-01	7.960091e-01
7244	2.536866e-01	2.889725e-01	2.423194e-02	3.028992e-02	1.586703e-01	1.557904e-01	1.623888e-01	2.816973e-01
2830	4.366897e-01	3.750361e-01	5.075899e-02	6.344874e-02	3.323691e-01	2.278744e-01	5.574180e-01	9.638686e-01
25922	6.208695e-01	6.127674e-01	2.502330e-02	3.127912e-02	1.638522e-01	1.614470e-01	1.359053e-01	1.448024e-01
8495	1.656840e-01	1.800424e-01	2.849712e-02	3.562140e-02	1.865987e-01	1.849292e-01	1.029085e-01	1.631750e-02
17364	6.714995e-01	2.311876e-01	3.101822e-02	3.877278e-02	2.031068e-01	1.798839e-01	9.013934e-01	5.177796e-01
19277	5.119546e-01	8.969815e-01	2.174140e-02	2.717675e-02	1.423624e-01	1.374681e-01	1.272452e-01	4.002450e-01
20773	2.331798e-01	4.634555e-01	3.546543e-02	4.433179e-02	2.322271e-01	1.201468e-01	9.717334e-01	5.808171e-02
16032	7.362129e-01	7.896260e-01	2.735976e-02	3.419970e-02	1.791513e-01	1.735898e-01	2.413873e-01	7.605487e-01
13421	2.570106e-01	3.552110e-01	5.719360e-02	7.149200e-02	3.745028e-01	2.334416e-01	5.971940e-02	4.431560e-01
4254	8.822628e-01	3.937319e-01	3.011598e-02	3.764498e-02	1.971990e-01	1.251078e-01	5.670278e-01	7.717406e-01
15831	5.447270e-01	3.142146e-01	2.278006e-02	2.847507e-02	1.491635e-01	9.041866e-02	7.107815e-01	8.086676e-01
4259	4.171809e-01	9.644161e-01	2.270830e-02	2.838538e-02	1.486936e-01	1.475628e-01	4.032039e-01	2.939078e-01
928	7.539661e-02	3.020514e-01	5.253012e-02	6.566265e-02	3.439664e-01	2.068992e-01	8.570561e-01	9.127924e-01
25467	3.286597e-01	8.348528e-01	2.726566e-02	3.408207e-02	1.785351e-01	7.347746e-02	1.319022e-01	9.817020e-01
1972	8.343580e-01	5.111724e-01	4.483240e-02	5.604050e-02	2.935619e-01	2.145072e-01	8.388967e-01	9.188486e-01
31675	5.886682e-01	4.514576e-01	6.958203e-02	8.697754e-02	4.556220e-01	4.487475e-01	2.951784e-02	8.033866e-01
8458	7.254843e-02	2.203792e-01	4.288273e-02	5.360341e-02	2.807954e-01	2.396562e-01	5.548429e-01	3.794332e-01
22082	3.941692e-01	3.382873e-01	2.410745e-02	3.013431e-02	1.578552e-01	1.451790e-01	2.912179e-01	6.652818e-02
10081	9.324062e-01	1.403967e-01	6.121395e-02	7.651743e-02	4.008280e-01	3.501373e-01	2.180582e-01	8.913305e-01
10645	5.025511e-01	5.350685e-01	3.197597e-02	3.996996e-02	2.093781e-01	1.019756e-01	9.639067e-01	6.406717e-01
30863	6.669442e-01	3.245581e-01	2.073086e-02	2.591357e-02	1.357453e-01	1.196333e-01	1.818830e-01	1.574169e-01
15088	5.915554e-02	5.830222e-01	3.708803e-02	4.636003e-02	2.428518e-01	7.169150e-02	9.110622e-01	1.508407e-01
24543	1.270347e-01	9.046153e-01	3.923938e-02	4.904922e-02	2.569388e-01	1.817037e-01	9.850179e-01	2.615696e-01
22006	9.650105e-02	3.903553e-01	3.308041e-02	4.135052e-02	2.166100e-01	7.403842e-02	1.159868e-01	8.681797e-01
4968	9.447892e-01	3.602289e-01	4.429943e-02	5.537428e-02	2.900720e-01	2.406064e-01	6.008060e-01	6.987582e-01
10975	6.437538e-01	4.049252e-01	3.015350e-02	3.769188e-02	1.974447e-01	1.936045e-01	4.338877e-01	6.179291e-01
704	9.647125e-01	4.216796e-01	2.980699e-02	3.725874e-02	1.951757e-01	1.648109e-01	7.778321e-01	5.584528e-01
414	8.489116e-01	5.822608e-01	2.303664e-02	2.879580e-02	1.508436e-01	1.409157e-01	6.147566e-01	4.778432e-01
20967	3.883863e-01	2.422918e-01	2.616048e-02	3.270061e-02	1.712984e-01	1.515816e-01	8.551742e-02	6.290797e-02
18301	6.986576e-01	4.818437e-01	2.659441e-02	3.324302e-02	1.741398e-01	1.741136e-01	3.805522e-01	3.367243e-01
27587	8.234587e-01	1.202261e-01	2.336702e-02	2.920877e-02	1.530069e-01	1.509681e-01	1.677133e-01	2.373177e-01
22799	3.527327e-01	4.679797e-01	6.276650e-02	7.845813e-02	4.109941e-01	2.372909e-01	8.930729e-02	8.914955e-01
32546	7.630642e-01	8.508012e-01	4.674706e-02	5.843383e-02	3.060990e-01	2.583976e-01	7.588321e-01	8.074096e-01
16840	6.690392e-01	5.830932e-01	2.593861e-02	3.242327e-02	1.698456e-01	6.238779e-02	5.717348e-01	9.556964e-01
15695	2.517866e-01	5.351195e-02	2.148663e-02	2.685829e-02	1.406941e-01	9.336594e-02	2.943587e-01	5.985610e-01
205	9.254631e-01	5.667071e-02	2.541413e-02	3.176767e-02	1.664114e-01	1.663189e-01	3.428324e-01	5.972724e-01
18430	5.925160e-01	1.416130e-01	2.168903e-02	2.711128e-02	1.420194e-01	1.268974e-01	5.852987e-01	1.332480e-01
29714	6.248325e-01	2.091480e-01	2.907838e-02	3.634797e-02	1.904048e-01	8.591897e-02	8.305974e-01	7.135493e-02
21822	9.590686e-01	9.275218e-02	2.279316e-02	2.849145e-02	1.492493e-01	5.713911e-02	2.467857e-01	3.581328e-01
16203	4.272227e-01	2.919454e-01	4.409273e-02	5.511591e-02	2.887185e-01	2.313975e-01	1.343328e-01	1.610800e-01
11437	7.458948e-01	4.314719e-01	3.846684e-02	4.808355e-02	2.518803e-01	1.763676e-01	6.145211e-01	4.447241e-03
15780	6.439141e-02	7.754986e-01	4.514909e-02	5.643636e-02	2.956355e-01	1.999447e-01	4.580880e-01	5.060009e-01
