15146	4.041853e-01	7.254455e-01	2.565964e-02	3.207456e-02	1.680190e-01	1.619458e-01	5.630726e-04	2.974584e-01
23913	7.089466e-01	8.884115e-01	2.354678e-02	2.943347e-02	1.541839e-01	9.461233e-02	9.105580e-01	5.757860e-01
20741	4.717694e-01	9.210750e-01	5.091235e-02	6.364044e-02	3.333733e-01	2.864344e-01	6.542925e-01	2.527471e-01
18199	4.010716e-01	2.387344e-01	6.345722e-02	7.932153e-02	4.155169e-01	3.792845e-01	8.615993e-01	2.319665e-01
19583	2.302959e-01	5.456147e-02	4.344278e-02	5.430347e-02	2.844626e-01	1.180348e-01	8.923597e-01	2.433215e-01
2030	2.324113e-01	1.740573e-01	2.220934e-02	2.776167e-02	1.454264e-01	1.237075e-01	5.998952e-02	2.901080e-01
24723	6.444272e-01	7.135819e-01	6.874669e-02	8.593337e-02	4.501523e-01	1.508483e-01	2.693266e-01	1.535549e-01
31007	8.472640e-01	2.021036e-01	2.116065e-02	2.645081e-02	1.385596e-01	8.422375e-02	7.414001e-01	8.643743e-01
14250	2.910056e-01	4.941462e-01	2.206649e-02	2.758311e-02	1.444910e-01	1.444891e-01	1.885318e-01	7.894728e-01
28806	6.088563e-01	8.345512e-01	6.880063e-02	8.600079e-02	4.505055e-01	4.003702e-01	5.704510e-02	1.546020e-01
24541	3.156991e-01	8.946692e-01	2.845367e-02	3.556709e-02	1.863142e-01	1.813815e-01	1.727980e-01	8.538829e-01
7745	1.078780e-01	1.483094e-01	2.654346e-02	3.317932e-02	1.738062e-01	8.659485e-02	5.502817e-01	3.700114e-01
705	5.674979e-01	6.695070e-01	4.580033e-02	5.725042e-02	2.998999e-01	2.383672e-01	2.606979e-01	1.435339e-01
17382	3.645560e-01	7.468070e-01	3.504344e-02	4.380430e-02	2.294639e-01	2.263399e-01	3.108736e-01	3.516857e-01
27758	8.858865e-01	8.838191e-01	2.794213e-02	3.492766e-02	1.829646e-01	9.776177e-02	4.234213e-01	6.718348e-01
11298	8.522087e-01	4.686450e-01	7.307192e-02	9.133989e-02	4.784738e-01	2.674347e-01	1.993875e-01	7.950579e-01
13943	8.660027e-01	1.075178e-01	3.429029e-02	4.286286e-02	2.245323e-01	2.231664e-01	8.158445e-01	3.361861e-01
10722	7.236017e-01	5.460743e-01	3.339527e-02	4.174409e-02	2.186717e-01	7.537583e-02	2.295717e-01	2.168992e-01
17009	8.987995e-01	7.376701e-01	5.720101e-02	7.150126e-02	3.745513e-01	2.847334e-01	5.168821e-01	1.630931e-02
16436	1.620713e-01	4.954639e-01	3.023761e-02	3.779701e-02	1.979954e-01	1.129554e-01	5.940526e-01	9.969892e-01
1517	5.232600e-01	1.776882e-01	4.029995e-02	5.037493e-02	2.638834e-01	2.562610e-01	6.861773e-01	1.912958e-02
27678	3.054127e-01	3.483894e-01	5.806274e-02	7.257843e-02	3.801939e-01	3.686446e-01	8.347047e-01	4.404581e-01
18361	4.426774e-01	5.393130e-01	3.484170e-02	4.355212e-02	2.281429e-01	2.076367e-01	1.778249e-01	2.873010e-01
28349	8.979591e-01	5.602850e-01	4.086800e-02	5.108500e-02	2.676030e-01	1.750604e-01	5.164609e-03	7.761117e-01
21155	2.062121e-01	7.120088e-01	2.325834e-02	2.907292e-02	1.522952e-01	9.561486e-02	2.824080e-02	6.864231e-01
17007	5.524371e-01	9.214561e-01	5.342783e-02	6.678479e-02	3.498446e-01	3.300657e-01	8.566658e-01	3.518529e-01
25024	6.173282e-01	4.988896e-01	4.882071e-02	6.102589e-02	3.196773e-01	2.009119e-01	5.186686e-01	4.534244e-01
7217	2.392084e-01	4.820519e-01	2.688993e-02	3.361242e-02	1.760749e-01	7.398506e-02	5.179531e-01	1.993644e-01
16470	7.607720e-01	1.707966e-01	2.911720e-02	3.639650e-02	1.906590e-01	1.827890e-01	2.402798e-01	5.856804e-02
29648	8.976985e-01	4.271703e-01	2.801594e-02	3.501993e-02	1.834479e-01	1.774532e-01	4.473775e-01	4.970313e-01
9778	3.007455e-01	1.878747e-01	2.648333e-02	3.310416e-02	1.734124e-01	4.830438e-02	3.432912e-01	4.158181e-01
5486	1.661389e-01	6.774889e-01	4.982293e-02	6.227867e-02	3.262398e-01	2.671565e-01	8.504154e-01	1.623578e-01
31570	6.478097e-02	2.051377e-01	5.672156e-02	7.090195e-02	3.714119e-01	3.540985e-01	7.076382e-01	8.891527e-01
31463	1.272800e-01	6.576366e-02	3.734533e-02	4.668167e-02	2.445367e-01	1.398156e-01	6.128043e-01	5.250758e-01
18230	9.093177e-01	3.261486e-01	3.526320e-02	4.407900e-02	2.309029e-01	7.963327e-02	5.798706e-01	3.701565e-02
22973	2.754848e-01	8.145052e-01	7.739490e-02	9.674363e-02	5.067806e-01	5.067229e-01	8.156337e-01	2.841693e-01
9857	3.037343e-01	5.928330e-01	5.359498e-02	6.699372e-02	3.509391e-01	1.403647e-01	2.194547e-01	6.517058e-01
32311	6.006995e-01	1.171075e-01	4.134076e-02	5.167595e-02	2.706986e-01	2.621631e-01	4.472324e-01	7.680076e-01
1777	2.491636e-01	6.857217e-01	2.293989e-02	2.867487e-02	1.502101e-01	1.473239e-01	9.738609e-01	4.799092e-01
15546	2.751009e-01	1.798193e-01	3.268774e-02	4.085967e-02	2.140388e-01	7.617128e-02	2.768723e-01	1.913773e-01
6255	9.513203e-01	5.442123e-01	3.027060e-02	3.783825e-02	1.982114e-01	5.907564e-02	6.962785e-01	3.900704e-01
4273	7.541977e-01	7.239032e-01	3.518951e-02	4.398689e-02	2.304204e-01	2.303937e-01	5.338208e-01	3.265200e-01
28736	8.227283e-01	5.432622e-01	3.351484e-02	4.189355e-02	2.194547e-01	1.581123e-01	5.199475e-01	5.968771e-01
6366	4.217283e-01	5.695463e-01	2.969813e-02	3.712266e-02	1.944629e-01	1.350374e-01	1.192320e-01	3.622179e-01
17622	5.029976e-01	7.382526e-01	3.654472e-02	4.568090e-02	2.392943e-01	1.579863e-01	1.250495e-01	1.080835e-01
6692	1.765508e-01	3.298104e-01	2.388083e-02	2.985104e-02	1.563713e-01	1.249110e-01	5.123213e-01	3.883825e-01
14830	7.940600e-01	6.407098e-01	3.777997e-02	4.722497e-02	2.473827e-01	1.968227e-01	8.602027e-01	7.936606e-01
27998	5.041064e-01	5.667799e-01	5.026963e-02	6.283704e-02	3.291648e-01	3.241816e-01	2.204455e-02	7.479285e-02
26468	2.774261e-01	9.060282e-01	3.859889e-02	4.824862e-02	2.527449e-01	1.568647e-01	3.846340e-01	2.763459e-03
16995	1.566785e-01	3.098609e-01	2.321869e-02	2.902336e-02	1.520356e-01	7.581333e-02	8.315245e-01	3.797940e-01
27588	2.327998e-01	7.706327e-01	3.838600e-02	4.798250e-02	2.513509e-01	1.477049e-01	8.214854e-01	4.547156e-01
8987	5.642268e-01	4.798061e-01	2.158507e-02	2.698134e-02	1.413387e-01	4.302771e-02	7.179184e-01	1.460456e-01
27543	2.414527e-01	2.541717e-01	3.126519e-02	3.908148e-02	2.047240e-01	7.594564e-02	6.872897e-01	8.762952e-01
539	5.154944e-01	4.677227e-01	3.056587e-02	3.820734e-02	2.001448e-01	6.846097e-02	1.861845e-01	6.929291e-01
14861	7.474388e-01	5.880306e-01	4.826352e-02	6.032940e-02	3.160288e-01	1.378440e-01	8.364378e-01	1.989735e-01
25359	3.622995e-01	5.407108e-01	6.107730e-02	7.634663e-02	3.999332e-01	3.362017e-01	7.317613e-01	4.279173e-01
29833	8.132355e-01	7.746036e-01	4.472644e-02	5.590805e-02	2.928680e-01	2.546887e-01	1.963201e-01	7.484966e-02
18447	6.394038e-01	3.834081e-01	2.204523e-02	2.755653e-02	1.443518e-01	1.396413e-01	4.539675e-01	5.952086e-01
5002	6.816067e-01	1.481837e-01	2.338984e-02	2.923730e-02	1.531563e-01	1.512913e-01	3.869497e-01	7.911217e-01
18884	6.015021e-01	9.514174e-01	2.453708e-02	3.067135e-02	1.606684e-01	1.248264e-01	9.869239e-01	4.314047e-01
10063	5.522491e-01	3.192387e-01	3.888799e-02	4.860998e-02	2.546379e-01	2.128153e-01	7.864504e-01	8.185260e-01
10018	8.044245e-01	8.484051e-01	2.545917e-02	3.182396e-02	1.667063e-01	1.145481e-01	9.123620e-01	6.655277e-01
30988	6.908071e-01	3.700690e-01	2.079308e-02	2.599135e-02	1.361528e-01	5.004033e-02	2.606772e-02	1.356157e-01
31810	8.388673e-01	8.762659e-01	4.126376e-02	5.157970e-02	2.701945e-01	2.537029e-01	1.849572e-02	5.041892e-01
13413	6.388719e-01	3.078960e-01	2.524149e-02	3.155186e-02	1.652809e-01	1.521534e-01	6.256577e-01	6.906259e-01
30945	4.341123e-01	1.422354e-01	3.281660e-02	4.102076e-02	2.148826e-01	2.121258e-01	5.938144e-02	1.040923e-01
5743	8.294663e-02	8.094773e-01	3.780916e-02	4.726145e-02	2.475738e-01	1.471882e-01	3.424217e-01	3.846127e-01
10822	7.953925e-01	5.110870e-01	2.132809e-02	2.666011e-02	1.396560e-01	1.357479e-01	7.523172e-01	8.061758e-01
24829	1.255981e-01	5.255462e-01	3.346313e-02	4.182891e-02	2.191160e-01	1.363495e-01	7.451420e-01	5.740249e-01
4954	5.086360e-01	8.242589e-02	4.629527e-02	5.786909e-02	3.031407e-01	1.886866e-01	6.236310e-01	8.423854e-01
20652	3.609117e-01	8.321840e-01	3.836913e-02	4.796142e-02	2.512405e-01	1.015887e-01	9.985462e-01	4.487892e-01
2183	8.690535e-01	2.862460e-01	2.386440e-02	2.983051e-02	1.562637e-01	1.435875e-01	9.961220e-01	8.826449e-01
31400	6.169020e-01	3.757383e-01	2.266497e-02	2.833121e-02	1.484099e-01	5.797657e-02	4.168513e-01	1.117974e-02
24566	6.472061e-01	6.245786e-01	3.433934e-02	4.292418e-02	2.248535e-01	6.724325e-02	2.636762e-01	7.903545e-01
