29008	6.344405e-02	6.216597e-01	4.598764e-02	5.748454e-02	3.011263e-01	1.061619e-01	3.454045e-01	6.069093e-02
26381	5.921753e-01	3.983607e-01	4.132665e-02	5.165832e-02	2.706063e-01	1.429582e-01	9.258416e-01	4.728150e-01
22247	5.387060e-01	7.598981e-01	7.108260e-02	8.885325e-02	4.654477e-01	1.301290e-01	5.463611e-01	2.833503e-01
23193	3.406136e-01	5.973106e-01	3.390190e-02	4.237738e-02	2.219891e-01	2.182626e-01	9.840700e-01	5.698186e-01
20654	7.125535e-01	4.942244e-01	5.422269e-02	6.777836e-02	3.550493e-01	3.040878e-01	3.681093e-02	1.030662e-01
3331	1.350693e-01	5.538749e-01	2.958297e-02	3.697872e-02	1.937089e-01	1.931863e-01	9.586470e-01	3.385599e-01
21694	5.488677e-01	2.831644e-01	7.283571e-02	9.104463e-02	4.769271e-01	1.820730e-01	9.946552e-01	6.762503e-01
22255	2.512792e-01	4.013851e-01	3.639517e-02	4.549397e-02	2.383150e-01	1.162786e-01	7.641268e-01	6.123476e-01
25888	3.665181e-01	9.206785e-01	2.479287e-02	3.099109e-02	1.623433e-01	1.593362e-01	1.557939e-01	5.341291e-01
12013	3.061466e-01	3.115473e-01	2.148300e-02	2.685374e-02	1.406703e-01	5.316331e-02	4.370803e-01	5.194696e-01
16975	8.874340e-01	2.687375e-01	2.594919e-02	3.243648e-02	1.699149e-01	4.820503e-02	3.517250e-01	8.853269e-01
27257	5.803199e-01	5.838695e-01	3.316953e-02	4.146191e-02	2.171936e-01	1.075292e-01	1.978110e-02	8.548638e-01
12872	8.065707e-01	8.444409e-01	3.073595e-02	3.841994e-02	2.012585e-01	8.986009e-02	9.861324e-01	4.958017e-01
27387	4.513851e-01	7.705111e-01	2.352985e-02	2.941231e-02	1.540731e-01	1.457004e-01	4.541026e-01	3.053393e-01
26472	4.290446e-01	4.239539e-01	2.265549e-02	2.831936e-02	1.483478e-01	9.958155e-02	3.101869e-01	4.857453e-01
28262	7.806910e-01	4.467742e-01	4.486505e-02	5.608131e-02	2.937756e-01	2.352652e-01	1.476016e-01	4.116147e-02
9409	5.349962e-01	1.609256e-01	3.372731e-02	4.215914e-02	2.208459e-01	2.163030e-01	8.163479e-01	5.874381e-01
2462	3.507198e-01	7.569236e-01	2.731151e-02	3.413939e-02	1.788353e-01	1.408229e-01	9.726542e-01	1.054332e-01
939	2.990071e-01	1.522783e-01	4.186716e-02	5.233395e-02	2.741455e-01	1.433426e-01	4.592600e-01	7.838667e-01
2616	5.187717e-01	1.176585e-01	2.214694e-02	2.768368e-02	1.450178e-01	1.224286e-01	3.104192e-01	2.436659e-01
11478	2.212672e-01	4.568097e-01	3.006484e-02	3.758105e-02	1.968641e-01	1.919407e-01	8.688551e-01	6.281230e-01
22991	7.751647e-01	1.033844e-01	4.978791e-02	6.223488e-02	3.260104e-01	2.249308e-01	7.089048e-01	9.131274e-01
5107	2.693584e-01	2.115659e-01	4.550157e-02	5.687696e-02	2.979435e-01	2.919026e-01	6.059220e-01	3.561873e-01
10781	2.457967e-01	1.263908e-01	3.952041e-02	4.940051e-02	2.587790e-01	1.078390e-01	5.510619e-01	6.860510e-01
31975	4.712190e-01	3.291948e-01	3.535985e-02	4.419982e-02	2.315358e-01	1.330598e-01	4.587670e-01	5.792926e-01
24381	5.043025e-01	6.700303e-01	6.526861e-02	8.158577e-02	4.273779e-01	4.108878e-01	3.123343e-01	4.200357e-02
3425	8.425034e-01	3.596226e-01	4.352542e-02	5.440678e-02	2.850038e-01	2.709873e-01	2.713301e-01	4.053381e-01
6037	4.959586e-01	5.373991e-01	3.485436e-02	4.356795e-02	2.282258e-01	2.220287e-01	4.655566e-01	6.872394e-01
18984	6.697597e-01	2.840180e-01	2.623480e-02	3.279349e-02	1.717850e-01	1.221170e-01	8.995216e-01	9.340675e-01
31049	8.757951e-01	8.946902e-01	7.342878e-02	9.178597e-02	4.808105e-01	3.327569e-01	6.225035e-01	2.100000e-01
28046	3.778557e-01	3.904175e-01	6.923943e-02	8.654928e-02	4.533787e-01	3.079752e-01	2.137590e-02	1.198065e-01
16337	3.800900e-01	3.069160e-01	3.437321e-02	4.296651e-02	2.250752e-01	1.982484e-01	7.442545e-01	2.983146e-01
10845	8.598581e-01	7.602570e-01	4.836507e-02	6.045633e-02	3.166937e-01	2.736298e-01	1.315363e-01	6.868940e-03
14509	5.237346e-01	9.365189e-01	3.568898e-02	4.461122e-02	2.336909e-01	2.299647e-01	1.527339e-01	3.500212e-01
12842	5.638000e-01	7.304888e-01	2.075170e-02	2.593962e-02	1.358818e-01	6.503483e-02	9.320122e-01	8.548962e-01
30715	8.326104e-01	4.352139e-01	4.206247e-02	5.257808e-02	2.754244e-01	1.719632e-01	1.351304e-01	5.758526e-01
9810	1.209017e-01	2.280757e-01	2.411384e-02	3.014230e-02	1.578971e-01	1.532355e-01	7.108729e-01	7.762717e-01
27505	4.526401e-01	6.148086e-01	5.791044e-02	7.238805e-02	3.791967e-01	3.364183e-01	2.715929e-01	5.404893e-01
29191	7.485876e-01	2.633699e-01	2.259919e-02	2.824899e-02	1.479792e-01	1.437328e-01	4.446571e-01	4.059754e-01
6767	9.155995e-01	3.230287e-01	3.429528e-02	4.286910e-02	2.245650e-01	6.689650e-02	5.395491e-02	4.260762e-01
10468	4.405169e-01	1.863373e-01	3.882904e-02	4.853630e-02	2.542519e-01	8.823854e-02	9.345233e-01	2.445024e-01
865	2.278091e-01	6.494420e-01	7.541691e-02	9.427113e-02	4.938287e-01	2.840132e-01	4.707760e-01	8.433267e-01
5609	9.010515e-01	2.019107e-01	5.656256e-02	7.070320e-02	3.703708e-01	1.881444e-01	4.136202e-01	8.872320e-01
32516	8.515798e-01	8.250642e-01	2.286673e-02	2.858341e-02	1.497310e-01	1.444596e-01	5.517329e-01	7.449958e-01
28049	7.987987e-01	7.484715e-01	5.221539e-02	6.526923e-02	3.419055e-01	3.019307e-01	5.766572e-01	2.183660e-01
22583	9.262513e-01	5.665132e-01	3.667617e-02	4.584521e-02	2.401550e-01	2.060761e-01	2.302540e-01	4.230218e-01
31296	1.768290e-01	4.124638e-02	2.677820e-02	3.347275e-02	1.753433e-01	1.604081e-01	4.294990e-01	9.358880e-03
32297	1.240143e-01	8.082729e-01	3.202930e-02	4.003662e-02	2.097273e-01	2.086917e-01	1.764260e-01	8.477019e-01
18529	1.210343e-01	1.392609e-01	2.701857e-02	3.377321e-02	1.769172e-01	1.166905e-01	3.467368e-01	8.052946e-02
26304	8.084478e-01	1.261952e-01	3.974393e-02	4.967991e-02	2.602426e-01	1.294636e-01	9.269653e-01	6.874845e-01
20435	5.003251e-01	8.264606e-01	4.421793e-02	5.527241e-02	2.895383e-01	2.801319e-01	2.265881e-01	5.207076e-02
5269	2.832065e-01	6.629808e-01	6.595170e-02	8.243963e-02	4.318507e-01	1.701253e-01	9.379940e-01	1.588960e-01
13022	3.808141e-01	7.059220e-01	3.826676e-02	4.783344e-02	2.505701e-01	2.472449e-01	7.135234e-02	1.944433e-01
24234	4.350513e-01	1.044530e-01	2.085406e-02	2.606758e-02	1.365521e-01	1.140803e-01	2.719093e-02	5.973149e-01
1718	8.869274e-01	1.250393e-01	2.067573e-02	2.584466e-02	1.353844e-01	3.534849e-02	9.569778e-01	1.165895e-01
28240	7.331830e-01	2.005706e-01	3.560742e-02	4.450927e-02	2.331568e-01	2.199641e-01	7.065832e-02	8.476313e-01
31657	5.796441e-01	8.420365e-02	6.098784e-02	7.623479e-02	3.993474e-01	1.659376e-01	7.346485e-01	9.979824e-01
30269	2.611763e-01	7.909101e-01	2.372613e-02	2.965766e-02	1.553583e-01	9.379588e-02	9.495033e-01	7.007892e-01
2587	2.344402e-01	7.673084e-01	3.507123e-02	4.383903e-02	2.296459e-01	9.848218e-02	7.599826e-01	7.679645e-01
10214	6.411659e-01	7.171985e-01	5.385836e-02	6.732295e-02	3.526637e-01	3.161329e-01	3.525599e-01	8.272710e-01
23023	9.648035e-01	6.934466e-02	2.080884e-02	2.601106e-02	1.362560e-01	1.265196e-01	9.111219e-01	4.027554e-01
1093	6.434820e-01	2.275255e-01	2.561129e-02	3.201412e-02	1.677024e-01	1.548256e-01	1.855554e-01	4.641514e-01
25099	3.500913e-01	5.448959e-01	5.995989e-02	7.494987e-02	3.926164e-01	2.454040e-01	9.082513e-01	8.248849e-02
20170	4.193822e-01	8.546661e-01	2.277187e-02	2.846483e-02	1.491098e-01	1.442343e-01	6.394374e-01	2.782332e-01
25341	8.426250e-01	3.172383e-02	2.258378e-02	2.822972e-02	1.478782e-01	6.149021e-02	2.729982e-03	7.200407e-01
9538	8.668790e-01	6.946917e-01	2.693258e-02	3.366572e-02	1.763541e-01	1.571970e-01	8.594030e-01	1.772764e-01
18848	3.533940e-01	4.463591e-01	2.878622e-02	3.598278e-02	1.884917e-01	1.877082e-01	2.302655e-01	5.227635e-01
11276	8.042856e-01	2.119136e-01	2.990774e-02	3.738467e-02	1.958354e-01	1.522499e-01	3.754884e-01	8.080515e-01
28736	1.311718e-01	3.415145e-01	2.124524e-02	2.655655e-02	1.391135e-01	6.625100e-02	9.558582e-01	7.788088e-01
30055	8.238319e-01	5.175445e-01	3.803593e-02	4.754491e-02	2.490587e-01	2.369892e-01	1.957033e-01	4.787364e-01
8762	2.344039e-01	9.465960e-01	4.817490e-02	6.021862e-02	3.154485e-01	3.030011e-01	4.216462e-01	2.987268e-01
19333	1.601299e-01	4.819999e-01	5.199961e-02	6.499951e-02	3.404926e-01	2.362757e-01	7.559471e-01	2.266246e-01
814	6.864099e-01	1.218054e-01	7.387189e-02	9.233987e-02	4.837120e-01	3.429012e-01	5.316942e-01	4.987847e-01
23047	2.734621e-01	1.400958e-01	2.468669e-02	3.085836e-02	1.616481e-01	9.504682e-02	4.337923e-01	2.969829e-01
12281	5.551128e-01	4.158812e-01	2.480862e-02	3.101077e-02	1.624464e-01	5.543464e-02	4.525351e-04	5.169266e-01
16820	9.968521e-02	1.076742e-01	3.769112e-02	4.711391e-02	2.468009e-01	9.311087e-02	6.119028e-01	6.517935e-01
27358	1.543374e-01	6.014064e-01	2.137792e-02	2.672240e-02	1.399823e-01	1.352867e-01	3.426170e-01	8.477903e-01
