14210	8.093395e-01	8.063520e-01	2.154900e-02	2.693626e-02	1.411025e-01	1.362780e-01	4.649888e-01	4.868884e-02
31022	5.297673e-01	5.114170e-01	2.326855e-02	2.908569e-02	1.523621e-01	1.509818e-01	9.024245e-01	3.600523e-01
15754	1.837767e-01	2.083442e-01	2.987161e-02	3.733952e-02	1.955989e-01	7.718356e-02	3.042448e-01	7.199872e-01
30125	7.942573e-01	4.782486e-01	5.885130e-02	7.356413e-02	3.853574e-01	3.850328e-01	6.015927e-01	9.006343e-01
18203	2.835620e-01	9.293476e-01	2.423638e-02	3.029547e-02	1.586994e-01	6.923577e-02	3.491817e-01	1.722930e-01
17525	8.659003e-01	8.885707e-02	2.805745e-02	3.507181e-02	1.837197e-01	1.545079e-01	3.305653e-01	4.058496e-01
12656	7.956118e-01	8.725027e-01	2.438332e-02	3.047915e-02	1.596616e-01	1.151729e-01	1.845715e-02	6.123764e-04
18678	5.606013e-02	3.475717e-02	2.428702e-02	3.035877e-02	1.590310e-01	1.222985e-01	6.076379e-01	4.417571e-01
21934	9.278835e-01	9.394663e-01	2.267806e-02	2.834757e-02	1.484956e-01	8.626613e-02	8.345591e-01	5.094475e-01
26755	4.267930e-01	5.856037e-01	4.294351e-02	5.367939e-02	2.811934e-01	2.783952e-01	9.550114e-01	6.875951e-01
2101	1.225570e-01	7.898310e-01	3.094160e-02	3.867700e-02	2.026051e-01	1.938162e-01	7.042572e-01	3.486753e-01
24368	9.462526e-01	6.782574e-01	5.318365e-02	6.647956e-02	3.482457e-01	2.591233e-01	7.068334e-02	8.097855e-01
25210	2.405260e-01	1.542591e-01	4.321145e-02	5.401432e-02	2.829479e-01	2.827555e-01	4.717863e-01	6.441357e-01
9168	7.357211e-01	5.434412e-01	2.661676e-02	3.327095e-02	1.742862e-01	1.273222e-01	1.313893e-01	1.988729e-01
4033	4.598359e-01	9.442072e-01	2.690074e-02	3.362593e-02	1.761457e-01	1.438455e-01	7.446204e-01	5.080335e-01
8624	6.115697e-01	2.180485e-01	4.065514e-02	5.081892e-02	2.662092e-01	1.540574e-01	8.551681e-01	1.122846e-01
15092	9.140004e-01	1.272233e-01	2.127627e-02	2.659533e-02	1.393167e-01	1.199732e-01	7.974457e-01	2.992133e-01
14637	5.696275e-01	2.708030e-01	2.210265e-02	2.762831e-02	1.447278e-01	7.332776e-02	6.509540e-01	3.325638e-02
27831	6.771725e-01	9.035749e-01	2.532635e-02	3.165793e-02	1.658365e-01	1.594143e-01	5.935972e-01	7.146685e-01
32	4.022848e-01	4.341778e-01	3.086101e-02	3.857626e-02	2.020774e-01	1.863578e-01	1.333635e-02	1.189366e-01
4617	1.144651e-01	2.595758e-01	2.257829e-02	2.822286e-02	1.478423e-01	7.116665e-02	6.337869e-02	6.230762e-01
21312	5.588645e-01	4.285791e-01	6.587906e-02	8.234882e-02	4.313751e-01	4.114973e-01	1.159081e-01	8.732228e-01
3714	3.008839e-01	3.706021e-01	2.155488e-02	2.694360e-02	1.411410e-01	1.074022e-01	2.263514e-01	3.854407e-01
17361	3.766281e-01	3.846844e-01	2.490325e-02	3.112907e-02	1.630661e-01	1.466497e-01	9.045780e-01	7.328054e-01
18266	3.831470e-01	8.449633e-02	3.128951e-02	3.911189e-02	2.048832e-01	1.723562e-01	2.976547e-01	9.376266e-01
20261	8.915435e-01	9.326387e-01	2.378545e-02	2.973182e-02	1.557468e-01	7.392267e-02	7.107563e-01	6.575657e-01
15535	5.916544e-01	7.301521e-01	3.472027e-02	4.340033e-02	2.273478e-01	1.974297e-01	9.848451e-02	2.399176e-01
5791	9.353396e-01	6.102013e-01	3.009439e-02	3.761798e-02	1.970576e-01	1.566671e-01	9.209934e-01	8.147870e-01
25442	7.156054e-01	3.239960e-01	2.054429e-02	2.568036e-02	1.345237e-01	1.345093e-01	1.136860e-01	5.206570e-01
8099	3.717252e-01	5.747626e-01	3.060198e-02	3.825248e-02	2.003813e-01	1.876812e-01	6.481972e-01	2.023797e-01
13538	6.132596e-01	4.345980e-01	3.030858e-02	3.788573e-02	1.984601e-01	1.889427e-01	4.483147e-01	3.193085e-01
20158	7.451867e-01	2.355803e-01	6.000570e-02	7.500713e-02	3.929164e-01	2.643197e-01	4.747623e-01	3.283238e-01
7943	6.546700e-01	9.533287e-02	7.546593e-02	9.433242e-02	4.941498e-01	4.528055e-01	7.086165e-01	7.636953e-01
3005	6.368235e-01	9.575526e-01	2.219616e-02	2.774521e-02	1.453401e-01	9.934087e-02	3.967019e-01	7.508901e-01
26622	4.199427e-01	5.051088e-01	2.115141e-02	2.643926e-02	1.384991e-01	1.366980e-01	4.695878e-01	9.899414e-01
30829	1.123944e-01	5.569048e-01	3.567657e-02	4.459572e-02	2.336097e-01	1.018021e-01	8.746640e-01	6.468569e-01
13571	7.197235e-01	1.525864e-01	2.191534e-02	2.739417e-02	1.435013e-01	1.297932e-01	4.278352e-01	3.225854e-01
20672	1.878198e-01	3.050089e-01	2.092488e-02	2.615610e-02	1.370158e-01	3.820762e-02	4.882336e-01	3.068214e-02
12392	4.603208e-01	5.148024e-01	3.444978e-02	4.306223e-02	2.255767e-01	1.407792e-01	3.327958e-01	8.141189e-01
26546	6.283008e-01	8.005731e-01	7.176334e-02	8.970418e-02	4.699052e-01	4.610281e-01	5.137808e-01	2.450912e-02
29210	4.294640e-01	8.269999e-01	2.820848e-02	3.526060e-02	1.847087e-01	1.841468e-01	5.361878e-02	3.335338e-01
28937	1.879847e-01	4.067917e-01	2.714879e-02	3.393599e-02	1.777699e-01	1.171078e-01	1.479995e-02	2.087292e-01
16640	9.305391e-02	3.053701e-01	2.346054e-02	2.932567e-02	1.536192e-01	9.979086e-02	1.698847e-01	8.326510e-01
6555	4.486643e-01	4.679572e-01	2.784580e-02	3.480725e-02	1.823339e-01	1.792038e-01	9.088974e-01	1.949024e-01
982	3.670657e-01	7.846073e-01	4.712708e-02	5.890885e-02	3.085874e-01	2.203263e-01	9.858234e-01	8.839333e-01
20564	3.379242e-01	3.564484e-01	4.234120e-02	5.292650e-02	2.772495e-01	2.004552e-01	8.143843e-01	8.532230e-01
492	7.566632e-01	3.227341e-01	2.253988e-02	2.817485e-02	1.475908e-01	1.414606e-01	4.375585e-01	8.975795e-01
6028	3.182355e-01	6.047649e-01	6.602815e-02	8.253518e-02	4.323513e-01	1.969520e-01	9.717344e-01	2.542549e-01
4002	2.982595e-01	4.679898e-01	5.202134e-02	6.502668e-02	3.406350e-01	3.314353e-01	8.199098e-01	3.575501e-01
22866	2.193090e-01	3.135402e-01	3.688222e-02	4.610278e-02	2.415042e-01	1.614783e-01	1.951634e-01	8.992113e-01
5108	3.415545e-01	6.906403e-01	5.305392e-02	6.631740e-02	3.473963e-01	1.710162e-01	8.040727e-02	3.707075e-01
26915	1.710012e-01	8.781863e-01	4.364372e-02	5.455465e-02	2.857784e-01	2.850461e-01	2.745710e-01	4.907252e-01
904	8.594106e-01	7.333554e-01	7.635492e-02	9.544365e-02	4.999708e-01	3.674707e-01	3.657235e-01	7.398065e-01
22079	8.404561e-01	8.770010e-01	2.189071e-02	2.736339e-02	1.433400e-01	5.967902e-02	6.650059e-01	4.923043e-02
27319	8.559985e-01	3.689690e-01	7.606211e-02	9.507763e-02	4.980535e-01	1.988108e-01	9.872897e-01	3.808656e-01
24044	5.055567e-02	8.538343e-02	4.647758e-02	5.809698e-02	3.043345e-01	2.173321e-01	1.525239e-01	7.164269e-01
6661	4.235869e-01	3.814479e-01	4.116262e-02	5.145328e-02	2.695322e-01	1.691354e-01	6.751651e-01	7.539266e-01
11457	7.410557e-01	9.057854e-01	2.936663e-02	3.670829e-02	1.922923e-01	9.583914e-02	2.233247e-01	9.009278e-01
847	4.766765e-01	2.623590e-01	2.337744e-02	2.922180e-02	1.530751e-01	1.487567e-01	9.113582e-01	1.836229e-01
21331	3.184607e-01	7.382390e-01	2.107692e-02	2.634615e-02	1.380113e-01	1.379981e-01	8.901006e-01	6.812939e-01
10381	3.465759e-01	4.752822e-01	2.961311e-02	3.701639e-02	1.939062e-01	6.872056e-02	5.140808e-01	9.519649e-01
18386	3.603061e-01	9.362215e-01	3.449059e-02	4.311323e-02	2.258438e-01	2.085873e-01	4.239993e-01	7.271043e-01
22016	7.777204e-01	4.185138e-02	3.376017e-02	4.220021e-02	2.210611e-01	1.747793e-01	6.593242e-01	8.998853e-01
24257	4.796837e-01	8.722215e-01	2.560518e-02	3.200647e-02	1.676623e-01	1.500632e-01	5.433122e-01	2.879729e-01
22427	4.853386e-01	6.049387e-01	2.987249e-02	3.734062e-02	1.956046e-01	1.525658e-01	5.924959e-01	1.694713e-01
17186	2.131587e-01	9.518685e-01	2.209113e-02	2.761391e-02	1.446524e-01	1.130732e-01	5.263174e-01	7.082699e-01
28232	6.799713e-01	7.226820e-01	2.524300e-02	3.155375e-02	1.652908e-01	5.927222e-02	3.399937e-01	7.489570e-01
12414	9.467359e-02	2.101937e-01	2.072415e-02	2.590518e-02	1.357014e-01	1.330663e-01	6.604617e-01	9.194608e-01
20462	8.698318e-02	3.522889e-01	2.167668e-02	2.709585e-02	1.419386e-01	1.060453e-01	2.093327e-01	6.793010e-01
242	4.499460e-01	8.017684e-02	2.142612e-02	2.678265e-02	1.402979e-01	1.221895e-01	7.561022e-01	5.298950e-01
14691	8.133709e-01	9.611948e-01	3.051800e-02	3.814750e-02	1.998314e-01	1.162306e-01	1.883392e-03	6.832262e-01
8377	3.191068e-01	8.304501e-01	3.110396e-02	3.887995e-02	2.036683e-01	1.174314e-01	3.299600e-01	9.335277e-01
31575	1.625526e-01	2.450339e-01	2.160964e-02	2.701205e-02	1.414996e-01	1.284783e-01	9.592813e-01	4.464312e-01
5045	5.375015e-01	7.726521e-01	5.589792e-02	6.987240e-02	3.660187e-01	2.490773e-01	3.319627e-01	5.059649e-01
25108	2.152073e-01	2.679750e-01	2.184690e-02	2.730863e-02	1.430532e-01	1.120141e-01	7.767491e-01	3.210010e-01
26289	5.945456e-01	6.373893e-01	5.499133e-02	6.873917e-02	3.600824e-01	2.975631e-01	9.097673e-01	2.852709e-01
25823	2.804110e-01	2.364445e-01	2.993587e-02	3.741983e-02	1.960196e-01	1.345406e-01	5.724366e-01	3.653066e-01
4756	9.468341e-01	3.402955e-01	2.259270e-02	2.824087e-02	1.479366e-01	1.455153e-01	3.392060e-02	9.159292e-01
27154	3.792986e-01	1.484782e-01	3.293735e-02	4.117169e-02	2.156733e-01	2.057157e-01	1.312487e-01	1.613447e-02
27190	3.217578e-01	8.185449e-02	3.186033e-02	3.982542e-02	2.086210e-01	1.351975e-01	9.753424e-01	5.901579e-01
2121	2.216650e-01	5.449573e-01	2.242920e-02	2.803650e-02	1.468661e-01	3.808784e-02	4.972004e-01	1.895698e-01
15422	7.772912e-01	6.770642e-01	4.564505e-02	5.705632e-02	2.988831e-01	1.996060e-01	3.098538e-01	1.747688e-01
21351	6.637051e-01	6.155312e-01	2.914341e-02	3.642927e-02	1.908306e-01	1.611841e-01	5.501161e-01	2.879253e-02
22524	2.068650e-01	6.399980e-01	2.192774e-02	2.740967e-02	1.435825e-01	4.123332e-02	7.646807e-01	2.523936e-01
