25882	3.771818e-01	3.536021e-01	4.083697e-02	5.104622e-02	2.673999e-01	2.204476e-01	5.444881e-01	1.394553e-01
25248	2.014568e-01	6.488729e-01	2.954120e-02	3.692650e-02	1.934353e-01	1.505511e-01	1.346466e-02	6.462432e-01
11077	3.493190e-01	8.055366e-01	6.485251e-02	8.106564e-02	4.246533e-01	4.191473e-01	2.975605e-01	6.214438e-01
31347	3.678769e-01	8.898709e-01	2.204911e-02	2.756138e-02	1.443772e-01	1.438809e-01	3.266210e-01	9.221652e-01
32542	2.155975e-01	5.807024e-01	2.619381e-02	3.274227e-02	1.715167e-01	1.152461e-01	2.579061e-01	6.025523e-01
8843	5.270948e-01	1.590881e-01	2.749367e-02	3.436709e-02	1.800281e-01	1.731713e-01	2.234887e-01	2.736802e-01
13395	8.243759e-01	4.560550e-01	3.294968e-02	4.118711e-02	2.157540e-01	1.468291e-01	3.399585e-02	5.769445e-01
29679	6.413158e-02	3.541514e-01	2.341022e-02	2.926278e-02	1.532898e-01	5.609998e-02	2.517937e-01	1.383203e-01
28495	5.947979e-01	2.972732e-01	3.089203e-02	3.861503e-02	2.022805e-01	8.630461e-02	2.890467e-01	6.961080e-02
1140	4.766230e-01	6.504280e-01	3.219647e-02	4.024559e-02	2.108220e-01	1.740967e-01	3.770131e-01	2.525470e-01
16386	7.333084e-01	9.073011e-01	5.526594e-02	6.908242e-02	3.618805e-01	1.104281e-01	2.713571e-01	2.223947e-01
12009	9.170953e-02	5.199479e-01	3.261647e-02	4.077059e-02	2.135721e-01	1.964761e-01	4.497343e-02	4.278328e-01
7179	3.239157e-01	3.738015e-01	3.261970e-02	4.077463e-02	2.135933e-01	7.503677e-02	9.687002e-01	2.627918e-01
24796	3.123329e-01	9.480859e-01	4.383280e-02	5.479100e-02	2.870165e-01	1.670980e-01	7.692591e-02	8.306210e-01
22540	7.289574e-01	6.474373e-01	7.386916e-02	9.233645e-02	4.836941e-01	3.040662e-01	2.910784e-01	2.459992e-01
13495	7.582097e-01	1.497672e-01	7.719474e-02	9.649343e-02	5.054700e-01	5.034295e-01	7.882266e-01	9.443240e-01
30436	7.496667e-01	3.480628e-01	2.163691e-02	2.704614e-02	1.416782e-01	7.502677e-02	3.429258e-01	4.643238e-02
14633	7.555114e-01	7.357809e-01	3.293754e-02	4.117192e-02	2.156745e-01	1.012318e-01	9.056428e-01	2.145114e-01
14774	5.730429e-01	1.935793e-01	6.126435e-02	7.658044e-02	4.011580e-01	3.542663e-01	1.693167e-01	1.802473e-01
13183	5.139539e-01	7.846528e-01	3.150193e-02	3.937742e-02	2.062742e-01	7.836396e-02	7.519763e-01	2.987420e-01
21090	4.030071e-01	4.224338e-02	2.614531e-02	3.268164e-02	1.711991e-01	1.116010e-01	6.365584e-01	1.778610e-01
28918	8.546242e-01	6.601276e-01	4.202671e-02	5.253338e-02	2.751902e-01	1.732927e-01	3.932443e-01	5.559316e-01
32020	8.740299e-01	8.996683e-01	5.984820e-02	7.481025e-02	3.918851e-01	2.195121e-01	1.290468e-01	1.894536e-01
24377	7.449306e-01	5.417185e-01	3.930878e-02	4.913598e-02	2.573933e-01	2.129799e-01	9.206781e-01	1.391033e-01
32298	7.128781e-01	3.700672e-01	6.288481e-02	7.860602e-02	4.117688e-01	2.917124e-01	8.266105e-01	8.428259e-01
8010	8.589327e-01	3.280645e-01	2.386638e-02	2.983297e-02	1.562767e-01	1.321081e-01	9.549938e-01	8.108665e-01
23996	4.530857e-01	9.001614e-01	5.876129e-02	7.345161e-02	3.847680e-01	3.629374e-01	1.502887e-01	4.895725e-01
12410	2.476376e-01	8.833153e-01	3.206304e-02	4.007880e-02	2.099483e-01	1.423635e-01	6.447989e-01	3.617168e-02
2039	7.828251e-01	2.890288e-01	4.609712e-02	5.762140e-02	3.018432e-01	3.017865e-01	9.697804e-01	2.314461e-01
8408	4.787534e-01	1.212260e-01	4.026735e-02	5.033418e-02	2.636700e-01	1.159631e-01	7.815745e-01	9.499421e-01
32703	3.730324e-02	1.263941e-01	3.206219e-02	4.007774e-02	2.099427e-01	1.913206e-01	8.822836e-02	6.175824e-01
10258	3.056710e-01	6.750203e-01	7.064671e-02	8.830839e-02	4.625936e-01	4.541975e-01	7.592212e-01	1.172464e-02
10010	2.486526e-01	1.301825e-01	2.170788e-02	2.713485e-02	1.421428e-01	1.421428e-01	6.862899e-01	6.799701e-01
3639	3.033633e-01	5.088989e-01	3.041899e-02	3.802374e-02	1.991831e-01	1.179566e-01	4.610797e-01	7.293449e-01
24467	5.100808e-01	6.000122e-01	3.578221e-02	4.472776e-02	2.343014e-01	2.215491e-01	7.566254e-01	4.276329e-01
22666	5.220946e-01	3.658579e-01	5.719736e-02	7.149670e-02	3.745274e-01	1.397507e-01	5.399481e-01	7.019341e-01
5707	6.734897e-01	2.184929e-01	3.544995e-02	4.431244e-02	2.321257e-01	2.284705e-01	3.716026e-01	4.519115e-02
12338	4.066369e-01	2.948834e-01	5.998605e-02	7.498257e-02	3.927878e-01	2.997451e-01	6.684276e-01	3.062019e-01
26461	1.753960e-01	1.269614e-01	2.121456e-02	2.651819e-02	1.389126e-01	1.339740e-01	5.646581e-01	5.273866e-01
17772	6.834087e-01	5.295585e-01	2.505930e-02	3.132412e-02	1.640879e-01	1.607184e-01	3.029854e-01	6.307245e-01
22854	8.505546e-01	4.054966e-01	2.255159e-02	2.818949e-02	1.476674e-01	5.535459e-02	6.880627e-01	1.638907e-01
16483	6.538409e-01	9.122491e-01	2.059361e-02	2.574202e-02	1.348467e-01	7.339585e-02	9.465112e-01	2.157546e-01
18281	7.986942e-01	6.971030e-01	3.504194e-02	4.380243e-02	2.294541e-01	2.278667e-01	4.391094e-01	4.130066e-02
16442	7.083499e-02	4.382746e-01	2.962294e-02	3.702868e-02	1.939706e-01	1.935523e-01	9.874627e-01	3.071617e-01
25473	9.534305e-01	7.214391e-01	3.541047e-02	4.426308e-02	2.318672e-01	1.698463e-01	6.245169e-01	3.153306e-02
13110	1.667338e-01	1.698976e-01	2.525020e-02	3.156275e-02	1.653379e-01	1.643282e-01	7.896798e-01	4.855998e-02
21232	1.918806e-01	1.857107e-01	3.603515e-02	4.504394e-02	2.359576e-01	1.388330e-01	8.241670e-01	3.517191e-01
18696	3.566326e-01	5.044255e-01	2.759174e-02	3.448967e-02	1.806703e-01	1.804937e-01	2.453705e-01	6.374033e-01
15645	3.411061e-01	9.071961e-02	3.739974e-02	4.674967e-02	2.448929e-01	2.393003e-01	6.689949e-01	2.468301e-01
31640	9.238120e-01	8.422566e-01	6.361053e-02	7.951317e-02	4.165208e-01	1.627241e-01	1.833931e-01	5.724787e-01
23695	2.075060e-01	7.251837e-01	2.939106e-02	3.673882e-02	1.924522e-01	8.856064e-02	1.581591e-01	8.914409e-02
25458	1.875937e-01	4.092516e-01	2.125922e-02	2.657402e-02	1.392050e-01	1.376134e-01	2.442810e-01	5.717886e-01
12872	1.050547e-01	3.708321e-01	2.564129e-02	3.205161e-02	1.678988e-01	1.675997e-01	5.796078e-01	1.670683e-02
9634	4.830883e-01	7.615489e-01	4.338660e-02	5.423326e-02	2.840948e-01	2.599264e-01	2.079467e-01	9.882969e-01
4512	5.533573e-01	2.856974e-01	2.348001e-02	2.935002e-02	1.537468e-01	1.255658e-01	5.964805e-01	1.329695e-01
6726	4.177310e-01	2.414860e-01	2.128664e-02	2.660831e-02	1.393846e-01	1.313132e-01	7.889617e-02	9.950695e-01
3061	5.841077e-01	4.624911e-01	2.900655e-02	3.625819e-02	1.899345e-01	1.798266e-01	8.110566e-01	5.558102e-01
812	9.373352e-01	9.409248e-01	4.366497e-02	5.458121e-02	2.859175e-01	7.598253e-02	4.000900e-01	3.382368e-01
16934	7.714330e-02	6.607406e-01	3.896142e-02	4.870177e-02	2.551187e-01	2.295690e-01	5.294986e-01	4.693184e-01
11915	6.612439e-01	1.046334e-01	2.522053e-02	3.152567e-02	1.651437e-01	1.636521e-01	1.232288e-01	9.074471e-01
24166	6.708778e-01	7.135665e-01	2.358463e-02	2.948079e-02	1.544318e-01	1.465147e-01	5.136436e-01	4.683342e-01
25423	1.410728e-01	8.525889e-01	2.380272e-02	2.975341e-02	1.558599e-01	1.110902e-01	9.239760e-01	5.706839e-01
2625	4.899709e-01	2.401689e-01	4.828679e-02	6.035849e-02	3.161812e-01	2.729861e-01	8.878656e-01	5.025268e-01
14957	8.792847e-01	4.788606e-01	2.222743e-02	2.778429e-02	1.455449e-01	1.447930e-01	2.185113e-01	8.919276e-01
27009	1.465951e-01	3.818105e-01	2.180277e-02	2.725346e-02	1.427642e-01	1.344239e-01	1.295606e-01	3.450567e-01
29438	1.039602e-01	7.604369e-01	2.611300e-02	3.264125e-02	1.709875e-01	1.677737e-01	9.377535e-01	6.823602e-01
30629	5.447565e-01	7.030635e-01	3.059539e-02	3.824424e-02	2.003381e-01	1.274607e-01	1.326333e-01	4.553515e-01
10273	2.629706e-01	2.330677e-01	2.171378e-02	2.714223e-02	1.421815e-01	1.408983e-01	8.902309e-01	9.610572e-01
4925	3.411275e-01	4.358095e-01	3.230674e-02	4.038343e-02	2.115441e-01	1.047046e-01	7.331554e-01	8.018711e-01
9263	4.796425e-02	3.141399e-01	4.161334e-02	5.201668e-02	2.724835e-01	1.218878e-01	1.738843e-01	5.683107e-02
1751	3.178112e-01	3.010327e-01	2.354523e-02	2.943154e-02	1.541738e-01	1.540646e-01	9.035527e-01	5.411258e-01
24612	9.650886e-01	2.307189e-01	2.457632e-02	3.072040e-02	1.609254e-01	1.101597e-01	7.621346e-01	7.992437e-01
20657	8.125006e-01	8.535389e-01	5.628490e-02	7.035613e-02	3.685527e-01	1.101279e-01	4.094616e-01	7.737046e-01
