8895	7.953866e-01	2.476727e-01	2.992455e-02	3.740569e-02	1.959455e-01	6.500039e-02	1.035273e-01	8.796318e-02
21739	3.218508e-01	7.216174e-01	4.746468e-02	5.933085e-02	3.107980e-01	1.826277e-01	5.697850e-01	9.266765e-01
24196	2.069252e-01	9.077162e-01	6.788568e-02	8.485710e-02	4.445144e-01	4.415640e-01	2.093000e-01	7.967949e-01
4624	3.611488e-01	1.143707e-01	7.721554e-02	9.651943e-02	5.056062e-01	1.600939e-01	7.093679e-01	8.383526e-02
18431	1.202111e-01	7.711408e-01	7.300298e-02	9.125373e-02	4.780224e-01	4.626267e-01	1.966461e-01	8.251646e-01
6363	5.605351e-01	9.280031e-01	2.372714e-02	2.965893e-02	1.553650e-01	1.245438e-01	6.158480e-01	9.372307e-01
26954	5.002944e-01	3.174895e-01	2.381173e-02	2.976467e-02	1.559189e-01	1.553303e-01	2.991749e-01	4.231230e-01
23499	5.881136e-01	8.335811e-01	3.054626e-02	3.818283e-02	2.000165e-01	6.662125e-02	3.367924e-01	2.124667e-02
23144	1.890051e-01	2.343055e-01	6.347545e-02	7.934431e-02	4.156362e-01	3.994252e-01	2.145975e-01	3.168195e-01
15154	8.374925e-01	8.447153e-01	2.226881e-02	2.783602e-02	1.458158e-01	1.297519e-01	2.602665e-01	4.197855e-01
12777	7.170747e-01	4.659821e-01	2.159979e-02	2.699974e-02	1.414351e-01	1.346316e-01	5.020381e-01	5.750382e-01
28094	2.020776e-01	3.904854e-01	2.176558e-02	2.720698e-02	1.425207e-01	1.332017e-01	5.845272e-01	7.827378e-01
27077	7.559738e-02	1.740173e-01	2.082220e-02	2.602775e-02	1.363435e-01	3.962350e-02	5.863087e-01	6.392522e-01
31780	7.697915e-01	4.317762e-01	5.442912e-02	6.803641e-02	3.564011e-01	1.749345e-01	4.177804e-01	2.216009e-01
32766	8.815851e-01	8.962477e-01	6.523339e-02	8.154174e-02	4.271472e-01	4.195470e-01	8.971310e-01	4.857048e-02
20506	3.196985e-01	4.183886e-01	3.555654e-02	4.444567e-02	2.328237e-01	8.252111e-02	4.366284e-01	3.596810e-01
28051	5.670010e-01	4.238112e-01	2.461382e-02	3.076727e-02	1.611709e-01	7.056115e-02	3.576122e-01	3.111642e-01
3208	7.029901e-01	8.980001e-01	2.584322e-02	3.230402e-02	1.692210e-01	1.623045e-01	9.500647e-01	7.864183e-01
28677	3.752827e-02	4.877538e-01	2.153736e-02	2.692170e-02	1.410263e-01	1.374178e-01	4.899722e-01	4.023636e-01
12663	6.753471e-01	3.859007e-01	5.342487e-02	6.678108e-02	3.498252e-01	3.064263e-01	6.390955e-01	8.236328e-01
5159	8.716164e-01	2.154800e-01	2.384956e-02	2.981196e-02	1.561666e-01	8.239318e-02	8.197362e-01	3.708240e-01
13295	5.069585e-01	4.747979e-01	2.670962e-02	3.338702e-02	1.748942e-01	1.132311e-01	1.389205e-01	2.548997e-01
16725	3.255693e-01	6.031149e-01	2.462094e-02	3.077618e-02	1.612175e-01	1.326513e-01	9.518570e-01	9.412020e-01
18640	8.463166e-01	9.466255e-01	2.427912e-02	3.034890e-02	1.589793e-01	1.490307e-01	3.390661e-01	4.189140e-01
7668	6.703429e-01	1.520748e-01	2.472939e-02	3.091174e-02	1.619277e-01	1.579367e-01	4.675074e-01	3.796632e-01
15415	7.662650e-01	6.736309e-01	4.856244e-02	6.070305e-02	3.179861e-01	3.163545e-01	7.940433e-01	2.797175e-01
21521	3.997317e-01	6.475771e-01	2.295211e-02	2.869014e-02	1.502901e-01	1.500279e-01	6.459632e-01	6.630399e-01
18074	1.922394e-01	5.179076e-01	3.035897e-02	3.794871e-02	1.987900e-01	5.673173e-02	9.847304e-01	5.385662e-01
10012	3.901791e-01	2.381770e-01	5.340694e-02	6.675867e-02	3.497078e-01	3.055844e-01	1.921215e-01	4.529015e-01
30217	6.261427e-01	5.634013e-01	3.211518e-02	4.014397e-02	2.102897e-01	2.086957e-01	4.356021e-01	8.480432e-01
5155	6.939908e-01	9.427250e-01	4.073139e-02	5.091424e-02	2.667085e-01	1.225048e-01	5.851631e-01	6.673549e-01
21316	4.118648e-01	5.294137e-01	2.405663e-02	3.007079e-02	1.575224e-01	1.438673e-01	2.271094e-01	2.029684e-01
10166	3.911550e-01	4.697913e-01	3.006712e-02	3.758390e-02	1.968790e-01	1.423169e-01	9.891150e-02	6.999154e-01
20509	4.305340e-01	6.041301e-02	3.989171e-02	4.986464e-02	2.612103e-01	2.373160e-01	1.075266e-01	3.960022e-01
2816	3.452806e-01	8.922145e-01	2.455231e-02	3.069039e-02	1.607682e-01	4.443576e-02	2.111353e-01	1.677872e-03
7454	8.765548e-01	5.896701e-01	7.117788e-02	8.897235e-02	4.660716e-01	4.248273e-01	9.245814e-01	8.508174e-01
22753	5.879225e-01	2.923894e-01	3.242627e-02	4.053284e-02	2.123267e-01	2.123169e-01	6.279297e-01	8.154851e-01
12367	4.032161e-01	3.771864e-01	2.691711e-02	3.364639e-02	1.762528e-01	5.283327e-02	8.524881e-01	1.516978e-01
6918	5.230787e-01	2.554205e-01	3.200454e-02	4.000568e-02	2.095652e-01	1.431983e-01	5.480397e-02	6.528316e-01
9089	9.618964e-01	8.113582e-01	2.951758e-02	3.689698e-02	1.932807e-01	5.842296e-02	2.360734e-01	6.770263e-02
27446	6.617485e-01	6.883519e-01	5.321411e-02	6.651764e-02	3.484452e-01	2.753086e-01	2.182782e-01	9.515291e-01
18552	2.793061e-01	4.559024e-01	2.614301e-02	3.267876e-02	1.711840e-01	1.325054e-01	9.595524e-02	4.316978e-01
21493	4.806257e-01	3.156515e-02	2.299798e-02	2.874747e-02	1.505904e-01	9.642680e-02	3.052133e-01	9.860775e-01
3380	2.766775e-01	3.713863e-01	4.887200e-02	6.109000e-02	3.200131e-01	3.032576e-01	5.895924e-01	9.412188e-01
21224	6.394030e-01	9.614046e-01	2.197866e-02	2.747332e-02	1.439159e-01	5.491323e-02	5.640153e-01	9.798650e-01
8851	7.973994e-01	3.434117e-01	6.095571e-02	7.619464e-02	3.991370e-01	1.465739e-01	5.104255e-01	4.540036e-01
4999	1.886196e-01	7.294727e-01	2.620027e-02	3.275033e-02	1.715589e-01	1.317579e-01	1.439961e-01	4.587490e-01
31658	9.180321e-02	7.303415e-02	3.311487e-02	4.139358e-02	2.168356e-01	9.327012e-02	3.481183e-01	3.912568e-01
30793	9.102908e-01	4.799496e-01	3.035534e-02	3.794418e-02	1.987663e-01	1.975724e-01	9.580689e-01	5.057480e-01
13723	2.153065e-01	6.648019e-01	2.354321e-02	2.942902e-02	1.541606e-01	8.173490e-02	4.396436e-01	6.660842e-01
26720	8.654207e-02	2.448857e-01	3.824854e-02	4.781068e-02	2.504509e-01	2.469044e-01	4.037547e-01	8.050489e-01
12876	3.245560e-01	8.320445e-01	7.041840e-02	8.802299e-02	4.610986e-01	3.275090e-01	8.440892e-01	7.095567e-01
27648	7.805646e-01	9.859278e-02	2.161167e-02	2.701459e-02	1.415129e-01	8.067453e-02	5.918808e-01	6.349898e-01
23239	7.274895e-01	3.341467e-01	4.391751e-02	5.489689e-02	2.875712e-01	2.343785e-01	1.225485e-01	5.928707e-01
15249	2.514809e-01	4.407391e-01	3.093465e-02	3.866832e-02	2.025596e-01	1.150355e-01	5.547526e-01	4.447664e-01
13680	5.362823e-01	7.583392e-01	5.367425e-02	6.709281e-02	3.514582e-01	2.615479e-01	4.400177e-01	7.136895e-01
818	2.374396e-01	1.090809e-01	2.937870e-02	3.672338e-02	1.923713e-01	1.603521e-01	9.778985e-01	4.383161e-02
20084	2.905399e-01	9.075389e-01	3.815732e-02	4.769665e-02	2.498536e-01	2.426403e-01	8.451892e-01	2.812012e-01
8995	9.430408e-01	6.118583e-01	3.195866e-02	3.994832e-02	2.092648e-01	1.330168e-01	6.552517e-01	1.264939e-01
4284	5.429834e-01	4.944964e-01	2.370720e-02	2.963400e-02	1.552344e-01	1.533686e-01	1.863423e-01	8.423613e-01
19273	4.620510e-01	8.013015e-01	2.599892e-02	3.249865e-02	1.702405e-01	1.630369e-01	9.935311e-01	8.179630e-01
21534	5.999791e-01	2.038064e-01	3.495546e-02	4.369432e-02	2.288878e-01	1.189935e-01	8.701704e-01	8.223636e-02
26552	6.055544e-01	8.250092e-01	2.510343e-02	3.137929e-02	1.643769e-01	5.090782e-02	3.590729e-01	1.058480e-01
24519	7.757563e-01	2.298665e-01	2.584993e-02	3.231241e-02	1.692649e-01	7.783326e-02	8.359156e-01	2.712446e-01
18017	4.247889e-01	7.483283e-01	2.831767e-02	3.539709e-02	1.854237e-01	5.623550e-02	4.486455e-01	2.284473e-01
26057	2.791716e-01	5.570280e-01	6.992170e-02	8.740213e-02	4.578462e-01	4.201182e-01	4.185903e-01	4.743764e-01
31811	1.213605e-01	9.607401e-02	2.741470e-02	3.426838e-02	1.795110e-01	1.765602e-01	2.087451e-02	2.409132e-01
22301	9.653172e-01	6.108934e-02	2.718510e-02	3.398138e-02	1.780076e-01	1.075346e-01	3.059688e-01	4.079651e-01
8632	5.863008e-01	4.786769e-01	2.882450e-02	3.603062e-02	1.887423e-01	1.238380e-01	5.911512e-01	2.299477e-01
627	8.631763e-01	5.121128e-01	3.682856e-02	4.603571e-02	2.411529e-01	2.397246e-01	3.304575e-01	1.729808e-01
14581	6.972006e-01	5.771489e-01	2.812083e-02	3.515103e-02	1.841347e-01	1.649941e-01	7.583835e-01	4.700939e-01
7101	5.137718e-02	8.880034e-01	5.030963e-02	6.288704e-02	3.294267e-01	1.076571e-01	3.180771e-01	3.432267e-01
21257	4.288350e-01	9.346400e-01	2.140347e-02	2.675434e-02	1.401496e-01	6.650744e-02	2.210480e-01	6.637845e-01
27640	2.076691e-01	4.616123e-02	2.441134e-02	3.051418e-02	1.598451e-01	1.338217e-01	4.819258e-01	5.651645e-01
13262	4.350207e-01	4.180460e-01	5.680301e-02	7.100376e-02	3.719452e-01	3.333425e-01	7.382547e-01	8.160557e-01
6462	7.413206e-01	5.682476e-01	5.606227e-02	7.007784e-02	3.670949e-01	2.498003e-01	5.091880e-01	5.198744e-01
