4998	4.572614e-02	4.288974e-01	4.590835e-02	5.738544e-02	3.006072e-01	1.897404e-01	3.087968e-01	6.172984e-01
29689	6.148158e-01	1.624188e-01	2.326911e-02	2.908639e-02	1.523658e-01	1.519256e-01	4.153815e-01	7.907745e-01
19019	7.220514e-01	6.611951e-01	2.573905e-02	3.217381e-02	1.685389e-01	9.267412e-02	8.776530e-01	2.959241e-01
21298	6.389678e-01	7.500460e-02	2.602554e-02	3.253193e-02	1.704148e-01	1.410741e-01	4.285742e-01	6.397393e-01
7223	1.947106e-01	6.153916e-01	2.441306e-02	3.051633e-02	1.598564e-01	1.458858e-01	8.588593e-01	3.272828e-01
22398	2.835314e-01	5.886665e-01	3.230497e-02	4.038121e-02	2.115324e-01	1.809285e-01	5.117151e-01	5.299458e-01
28469	2.667513e-01	7.708912e-01	2.307155e-02	2.883944e-02	1.510721e-01	1.456534e-01	6.581864e-01	3.612295e-01
1865	6.687954e-01	5.068506e-01	2.365745e-02	2.957181e-02	1.549086e-01	1.053105e-01	4.375304e-01	1.861407e-01
24754	2.908461e-01	3.949375e-01	2.113784e-02	2.642230e-02	1.384102e-01	1.329053e-01	5.558648e-01	7.163092e-02
25725	4.810101e-01	7.504090e-01	5.986141e-02	7.482676e-02	3.919716e-01	3.375366e-01	8.887465e-01	7.524545e-01
2853	8.066618e-01	4.547384e-01	2.524975e-02	3.156218e-02	1.653350e-01	1.410822e-01	3.238321e-01	6.499460e-02
32209	1.759412e-01	4.080702e-01	3.207294e-02	4.009117e-02	2.100131e-01	1.974736e-01	4.773806e-02	6.883821e-01
11553	6.192538e-01	7.464472e-01	2.199948e-02	2.749935e-02	1.440523e-01	1.371667e-01	3.423239e-01	9.511521e-02
22914	7.985861e-01	5.489932e-01	6.706950e-02	8.383687e-02	4.391700e-01	3.629772e-01	9.873072e-01	1.601808e-03
26607	1.709047e-01	9.434354e-01	3.357950e-02	4.197438e-02	2.198781e-01	1.182788e-01	2.879732e-02	7.721924e-01
32281	3.288043e-01	1.738934e-01	2.131031e-02	2.663789e-02	1.395396e-01	1.306861e-01	7.346736e-01	5.801526e-01
25904	3.097337e-01	6.683137e-01	2.423639e-02	3.029549e-02	1.586995e-01	1.156393e-01	9.394712e-01	9.528802e-01
10790	4.745762e-01	5.483426e-01	2.120804e-02	2.651004e-02	1.388699e-01	1.062947e-01	8.992058e-01	3.948280e-01
3429	2.261017e-01	2.899979e-01	2.214156e-02	2.767695e-02	1.449826e-01	1.201749e-01	3.917673e-01	3.649696e-01
28968	8.429598e-01	8.145361e-01	5.075954e-02	6.344942e-02	3.323727e-01	1.107174e-01	4.138770e-01	1.291837e-01
4789	8.377841e-02	1.860018e-01	7.589124e-02	9.486405e-02	4.969346e-01	4.951545e-01	9.652441e-01	5.160045e-01
16943	5.170100e-01	9.330890e-01	4.638807e-02	5.798509e-02	3.037484e-01	1.875668e-01	5.077376e-01	4.206834e-01
28039	1.734882e-01	8.389260e-01	3.368386e-02	4.210482e-02	2.205614e-01	2.065819e-01	8.039086e-01	7.080817e-01
28974	2.899670e-01	7.128202e-01	2.106240e-02	2.632799e-02	1.379162e-01	1.346635e-01	1.721709e-01	4.813876e-01
30895	7.998816e-02	8.304044e-01	2.950948e-02	3.688685e-02	1.932276e-01	1.105495e-01	8.905763e-01	9.618268e-01
5189	6.354373e-01	5.983403e-01	2.693370e-02	3.366713e-02	1.763615e-01	1.311324e-01	8.649546e-01	6.811651e-01
12532	5.352928e-01	3.893313e-01	7.867592e-02	9.834489e-02	5.151687e-01	5.044511e-01	5.525143e-01	5.754826e-02
3739	8.307597e-01	6.306971e-01	2.069035e-02	2.586294e-02	1.354801e-01	6.094991e-02	5.535926e-01	8.656001e-01
25080	3.544766e-01	5.734451e-01	3.316626e-02	4.145782e-02	2.171722e-01	2.171123e-01	6.374085e-01	7.856051e-01
23074	3.887606e-01	2.330509e-01	3.037733e-02	3.797167e-02	1.989103e-01	7.496398e-02	4.100240e-01	8.835386e-01
18685	7.726843e-01	8.489096e-01	3.056167e-02	3.820209e-02	2.001173e-01	1.703229e-01	1.424983e-01	8.116331e-01
29044	6.968049e-01	8.132021e-01	2.827351e-02	3.534188e-02	1.851345e-01	1.132199e-01	8.531208e-01	3.958204e-01
4370	8.324062e-01	8.946117e-01	2.451264e-02	3.064080e-02	1.605084e-01	1.222304e-01	6.696288e-01	2.327792e-01
7389	9.338081e-01	2.484121e-01	4.344403e-02	5.430504e-02	2.844709e-01	9.353084e-02	1.826301e-01	7.514336e-01
19543	1.318266e-01	6.957002e-01	2.160166e-02	2.700207e-02	1.414473e-01	8.523847e-02	6.418104e-01	5.905488e-01
12065	8.790555e-01	8.781687e-01	2.461802e-02	3.077253e-02	1.611984e-01	1.596796e-01	2.232718e-01	4.000111e-01
21715	7.728771e-01	1.284658e-01	5.102753e-02	6.378442e-02	3.341275e-01	2.020900e-01	4.381674e-01	4.389330e-01
5340	7.206666e-01	4.858336e-02	2.959877e-02	3.699847e-02	1.938123e-01	1.420375e-01	5.596333e-01	3.261648e-01
9564	8.692820e-01	1.239755e-01	5.677501e-02	7.096877e-02	3.717619e-01	1.070004e-01	9.731373e-01	3.603696e-01
16261	5.873054e-01	2.013451e-01	3.953107e-02	4.941383e-02	2.588488e-01	2.084012e-01	2.413833e-01	5.532430e-01
14972	3.479665e-01	7.482828e-01	5.117968e-02	6.397460e-02	3.351238e-01	2.039856e-01	3.037132e-01	4.371699e-01
2867	7.244641e-01	8.607616e-01	2.549114e-02	3.186392e-02	1.669156e-01	1.582147e-01	4.928368e-01	3.383058e-01
17057	3.613166e-01	3.734825e-01	3.154442e-02	3.943052e-02	2.065524e-01	7.280977e-02	2.365504e-01	1.103264e-01
17205	6.951744e-01	2.620107e-01	3.187626e-02	3.984533e-02	2.087253e-01	5.576338e-02	8.381931e-01	7.309175e-02
31080	2.490079e-01	8.449039e-01	2.742987e-02	3.428733e-02	1.796103e-01	5.270719e-02	8.323293e-01	1.873574e-01
24492	4.788347e-01	1.509795e-01	4.548976e-02	5.686220e-02	2.978662e-01	2.697113e-01	5.544618e-02	7.822203e-01
22642	5.796322e-01	9.038081e-02	2.705073e-02	3.381341e-02	1.771278e-01	1.284559e-01	5.265868e-02	2.103389e-01
25597	1.605803e-01	5.673210e-01	4.909615e-02	6.137018e-02	3.214808e-01	2.661575e-01	6.039395e-01	3.861083e-02
14756	8.930941e-01	2.154090e-01	3.960118e-02	4.950148e-02	2.593079e-01	1.587395e-01	7.016482e-01	7.982962e-01
13930	8.036424e-01	7.992499e-01	2.573940e-02	3.217424e-02	1.685412e-01	1.673169e-01	7.557421e-01	3.558885e-03
28704	2.114571e-01	7.295127e-01	2.353501e-02	2.941876e-02	1.541069e-01	1.385223e-01	6.121138e-01	3.022585e-01
6826	3.103029e-01	8.745016e-01	7.900250e-02	9.875313e-02	5.173072e-01	4.946156e-01	1.970508e-01	7.929192e-02
8087	7.057218e-01	9.662589e-01	2.486927e-02	3.108659e-02	1.628436e-01	1.625704e-01	5.540069e-02	7.830719e-01
22373	5.286560e-01	1.963651e-01	5.391491e-02	6.739363e-02	3.530340e-01	3.189875e-01	4.753498e-03	5.008227e-01
32338	6.486962e-01	7.070627e-01	5.805757e-02	7.257196e-02	3.801600e-01	3.730548e-01	8.349772e-01	3.233894e-01
20932	9.421521e-01	4.001923e-01	4.202917e-02	5.253646e-02	2.752064e-01	1.245566e-01	8.874919e-01	2.184054e-01
1189	7.575207e-01	4.213506e-01	2.228141e-02	2.785176e-02	1.458983e-01	1.207257e-01	2.357612e-01	6.799403e-01
5122	5.550228e-01	7.869330e-01	2.348417e-02	2.935521e-02	1.537739e-01	1.534617e-01	2.996697e-01	1.747706e-01
7193	6.400920e-01	3.395806e-01	2.278769e-02	2.848462e-02	1.492135e-01	1.460035e-01	3.086114e-01	4.126025e-01
30899	1.290058e-01	4.830054e-01	2.083112e-02	2.603890e-02	1.364018e-01	9.222445e-02	3.311070e-01	8.827133e-01
12152	8.324645e-02	7.494734e-01	6.292486e-02	7.865608e-02	4.120310e-01	4.116401e-01	2.026651e-01	8.290827e-01
21124	5.351058e-01	7.613715e-02	2.212428e-02	2.765535e-02	1.448694e-01	4.486214e-02	3.531086e-01	8.817461e-01
6523	2.194022e-01	4.533052e-01	3.870726e-02	4.838408e-02	2.534546e-01	1.681775e-01	1.811998e-02	5.835967e-02
8531	2.838257e-01	8.711668e-02	2.426331e-02	3.032914e-02	1.588758e-01	1.585804e-01	2.550935e-02	6.462635e-01
25795	1.898002e-01	7.514419e-01	4.056417e-02	5.070521e-02	2.656136e-01	7.534522e-02	9.979382e-02	8.455145e-02
6932	8.432265e-01	4.183979e-01	3.545435e-02	4.431793e-02	2.321545e-01	1.849667e-01	7.710216e-01	4.033433e-01
6274	6.996060e-01	3.587340e-01	5.469420e-02	6.836775e-02	3.581368e-01	9.786974e-02	8.332915e-02	2.155527e-01
28063	2.583414e-01	6.822901e-01	2.331310e-02	2.914137e-02	1.526538e-01	6.459588e-02	8.691088e-01	9.047819e-01
5628	6.264151e-01	4.575314e-01	2.809834e-02	3.512293e-02	1.839875e-01	1.769065e-01	3.117887e-01	4.743251e-01
17571	3.151575e-01	6.349591e-01	3.004243e-02	3.755304e-02	1.967174e-01	7.158102e-02	5.749498e-01	2.762482e-01
3490	4.225314e-01	2.266850e-01	2.204452e-02	2.755565e-02	1.443472e-01	1.087301e-01	5.282683e-01	9.021927e-01
4362	8.317037e-01	3.609276e-01	2.173472e-02	2.716839e-02	1.423186e-01	1.265963e-01	2.497150e-02	7.187382e-02
25845	4.323372e-01	4.323039e-01	2.681155e-02	3.351444e-02	1.755616e-01	9.394588e-02	7.857831e-01	2.543133e-01
27185	6.961629e-01	6.890351e-01	2.333446e-02	2.916807e-02	1.527937e-01	1.413685e-01	6.611737e-02	4.748976e-01
12544	2.709812e-01	3.626285e-01	3.635838e-02	4.544798e-02	2.380741e-01	1.659449e-01	6.732812e-01	8.686410e-01
17198	6.785498e-01	4.157999e-01	2.229575e-02	2.786969e-02	1.459922e-01	9.301522e-02	2.453142e-02	4.457459e-01
1040	5.490432e-01	5.191811e-01	3.136253e-02	3.920317e-02	2.053614e-01	8.920829e-02	5.285693e-01	7.830393e-03
5206	3.322243e-01	3.536042e-01	2.149475e-02	2.686844e-02	1.407473e-01	1.122365e-01	9.247546e-01	9.227257e-01
6025	8.815217e-01	3.228261e-01	2.709228e-02	3.386536e-02	1.773999e-01	1.761213e-01	5.731326e-01	3.071501e-01
22970	6.565444e-01	7.918592e-01	3.687256e-02	4.609069e-02	2.414409e-01	2.365814e-01	3.020109e-01	2.535747e-02
7463	7.448498e-01	9.254510e-01	2.102745e-02	2.628432e-02	1.376874e-01	1.326326e-01	7.675777e-01	8.332868e-02
