24766	6.568853e-01	4.333567e-01	2.393730e-02	2.992163e-02	1.567411e-01	6.743700e-02	3.182929e-01	9.198490e-01
23624	4.407482e-01	8.198010e-01	3.164439e-02	3.955549e-02	2.072070e-01	9.487411e-02	8.977060e-01	5.213629e-01
15803	2.715388e-01	8.208602e-02	3.278622e-02	4.098277e-02	2.146836e-01	2.053746e-01	4.046279e-01	4.559609e-01
9448	7.031527e-01	5.044574e-01	7.749317e-02	9.686646e-02	5.074240e-01	2.151149e-01	7.570586e-01	6.461747e-01
21657	8.592790e-01	4.842003e-01	4.685668e-02	5.857085e-02	3.068168e-01	2.914118e-01	9.591112e-01	5.256976e-01
4074	6.367876e-01	2.894040e-01	3.949718e-02	4.937147e-02	2.586269e-01	2.264877e-01	9.164234e-01	1.598398e-01
15889	2.488535e-01	7.739677e-01	5.068696e-02	6.335871e-02	3.318975e-01	2.950210e-01	6.502118e-01	4.563969e-01
19331	7.114945e-01	8.611348e-01	2.715800e-02	3.394751e-02	1.778302e-01	4.623547e-02	6.862372e-01	2.118966e-02
32617	3.561301e-01	7.029577e-01	3.326345e-02	4.157931e-02	2.178085e-01	1.799747e-01	2.352141e-01	1.775848e-01
16536	9.317823e-01	8.738532e-01	3.713219e-02	4.641524e-02	2.431410e-01	2.328010e-01	5.093180e-01	3.704344e-01
8152	9.704046e-02	5.616864e-01	3.105274e-02	3.881593e-02	2.033329e-01	1.826619e-01	2.548174e-01	2.223519e-01
30206	5.260136e-01	2.344563e-01	7.393909e-02	9.242387e-02	4.841520e-01	3.767545e-01	4.376090e-01	1.483484e-01
6184	3.357971e-01	5.045998e-01	2.395032e-02	2.993790e-02	1.568263e-01	7.148238e-02	9.958911e-01	9.390876e-01
5987	5.897476e-01	1.381810e-01	2.815310e-02	3.519137e-02	1.843460e-01	8.660449e-02	5.209335e-02	3.717528e-01
27299	5.255036e-01	9.602204e-01	2.520714e-02	3.150892e-02	1.650559e-01	1.245135e-01	9.326581e-01	4.136823e-01
20095	8.429175e-01	6.746117e-01	4.747967e-02	5.934959e-02	3.108961e-01	2.424783e-01	2.287438e-01	4.241168e-01
14176	6.897249e-01	6.061976e-01	3.116796e-02	3.895995e-02	2.040873e-01	1.844273e-01	4.285028e-01	4.389813e-01
3889	5.960652e-01	6.435595e-01	3.701948e-02	4.627435e-02	2.424030e-01	2.360886e-01	7.791056e-01	6.078896e-01
32	6.651418e-01	3.626891e-01	7.564735e-02	9.455918e-02	4.953377e-01	4.765673e-01	4.826508e-01	7.166166e-01
27135	6.070685e-02	5.379152e-01	3.315840e-02	4.144800e-02	2.171207e-01	1.139425e-01	2.033938e-01	2.971055e-01
5311	6.236715e-01	1.656321e-01	2.111493e-02	2.639366e-02	1.382602e-01	1.352383e-01	2.905564e-01	4.418519e-01
6210	3.290052e-01	8.653280e-01	5.636952e-02	7.046191e-02	3.691068e-01	3.546541e-01	8.455769e-01	2.502862e-01
27349	5.173426e-01	7.301930e-01	4.791423e-02	5.989279e-02	3.137416e-01	3.000201e-01	9.789582e-01	1.755270e-01
1271	7.995598e-01	8.429464e-02	4.911327e-02	6.139159e-02	3.215929e-01	2.834973e-01	3.079539e-01	5.084605e-01
19844	8.017057e-01	3.186020e-01	3.139350e-02	3.924187e-02	2.055641e-01	1.665030e-01	3.996013e-01	8.834774e-01
4821	3.397620e-01	4.329671e-01	3.537248e-02	4.421560e-02	2.316184e-01	2.143256e-01	5.594082e-01	4.782779e-01
29028	2.520994e-01	5.298821e-01	2.184092e-02	2.730115e-02	1.430140e-01	1.085897e-01	6.057943e-01	4.414363e-01
21357	8.619261e-01	3.717456e-01	2.478608e-02	3.098259e-02	1.622988e-01	9.643567e-02	6.349059e-01	2.252861e-02
12772	7.484789e-01	5.883611e-01	2.472022e-02	3.090028e-02	1.618676e-01	1.204876e-01	9.055614e-01	1.377303e-01
24337	3.386075e-01	7.412630e-01	3.318059e-02	4.147573e-02	2.172660e-01	6.583091e-02	8.687861e-01	1.684968e-01
31171	1.995608e-01	3.279913e-01	4.281096e-02	5.351369e-02	2.803255e-01	8.928154e-02	8.306821e-01	4.702948e-03
6738	6.750847e-02	6.248283e-01	2.204874e-02	2.756093e-02	1.443748e-01	1.344266e-01	5.207303e-01	2.816318e-01
29960	8.391166e-01	8.724612e-01	7.903120e-02	9.878900e-02	5.174951e-01	5.171395e-01	1.924333e-01	1.174311e-02
3385	7.217453e-01	1.730621e-01	4.808435e-02	6.010544e-02	3.148556e-01	1.635365e-01	1.163447e-01	1.640419e-01
4974	4.875715e-01	5.636512e-01	5.885311e-02	7.356638e-02	3.853692e-01	3.302549e-01	5.944575e-01	2.547802e-01
2092	2.338982e-01	1.611108e-01	2.968622e-02	3.710778e-02	1.943849e-01	1.863998e-01	9.929823e-01	7.384418e-01
26009	8.500868e-02	2.553668e-01	4.326284e-02	5.407854e-02	2.832844e-01	2.446239e-01	1.660788e-01	5.755928e-01
1885	2.040198e-01	7.684405e-01	2.496887e-02	3.121108e-02	1.634957e-01	4.960490e-02	5.271425e-01	9.915874e-01
15634	5.229352e-01	4.737080e-01	2.163710e-02	2.704637e-02	1.416794e-01	9.209775e-02	1.160409e-01	8.099424e-01
4866	6.526247e-01	5.917135e-01	4.262673e-02	5.328342e-02	2.791192e-01	1.083726e-01	5.478274e-01	4.341769e-01
12458	1.729146e-01	7.675730e-01	2.419652e-02	3.024565e-02	1.584385e-01	1.375977e-01	8.508449e-01	5.357983e-01
32672	4.277061e-01	5.132048e-01	2.270804e-02	2.838505e-02	1.486919e-01	1.130885e-01	9.888205e-01	7.509128e-02
27800	3.781805e-01	4.826795e-01	4.492738e-02	5.615923e-02	2.941838e-01	2.921939e-01	5.147089e-01	1.037052e-01
20577	2.048205e-01	8.127446e-01	2.469605e-02	3.087006e-02	1.617094e-01	4.726777e-02	4.226315e-01	1.334887e-01
21972	9.565334e-01	3.424161e-01	2.199006e-02	2.748757e-02	1.439906e-01	9.208285e-02	6.340994e-01	6.980002e-01
9891	7.843695e-01	4.296693e-01	6.083231e-02	7.604039e-02	3.983290e-01	3.328708e-01	3.445851e-01	5.008133e-01
8803	3.419998e-02	3.160409e-01	2.174211e-02	2.717764e-02	1.423670e-01	9.766621e-02	5.287377e-01	3.102408e-02
32436	6.878695e-01	8.547595e-01	2.521391e-02	3.151739e-02	1.651003e-01	6.886579e-02	1.866968e-01	6.063690e-01
22166	8.924362e-01	6.309290e-01	5.069302e-02	6.336628e-02	3.319371e-01	2.962452e-01	1.592567e-01	6.325276e-01
25500	5.423455e-01	4.261311e-01	2.088876e-02	2.611095e-02	1.367793e-01	5.145324e-02	2.393671e-01	4.150383e-01
6124	3.613873e-01	3.971163e-01	2.249997e-02	2.812497e-02	1.473295e-01	5.523045e-02	4.659140e-02	4.859980e-01
13539	3.447900e-02	4.031756e-01	3.435812e-02	4.294766e-02	2.249765e-01	2.155309e-01	6.650291e-01	3.116410e-01
16853	6.945259e-01	7.235417e-01	6.077479e-02	7.596848e-02	3.979523e-01	3.657449e-01	9.528596e-01	4.627002e-01
16507	6.286446e-01	1.280388e-01	2.111276e-02	2.639095e-02	1.382460e-01	1.306850e-01	6.119395e-01	9.787921e-01
21290	7.916153e-01	7.690093e-01	2.580312e-02	3.225390e-02	1.689584e-01	1.082186e-01	3.185809e-01	6.751978e-01
5878	4.019593e-01	9.204451e-02	2.810074e-02	3.512593e-02	1.840032e-01	1.304914e-01	9.901450e-01	9.135632e-01
966	5.513593e-01	4.796123e-01	2.684913e-02	3.356141e-02	1.758077e-01	1.485822e-01	9.883971e-01	5.785508e-01
16831	3.327862e-01	2.114832e-01	4.268272e-02	5.335340e-02	2.794858e-01	7.947854e-02	4.358262e-01	2.560812e-01
22427	2.065370e-01	5.583105e-01	2.544826e-02	3.181032e-02	1.666348e-01	1.304539e-01	2.272440e-01	2.347435e-01
16219	5.241964e-01	6.732886e-01	2.124134e-02	2.655168e-02	1.390880e-01	1.390448e-01	7.203940e-01	6.843270e-01
8946	1.067971e-01	6.097431e-01	3.526802e-02	4.408502e-02	2.309344e-01	1.832373e-01	8.980808e-01	5.725643e-01
14734	8.050649e-01	2.064323e-01	2.946974e-02	3.683718e-02	1.929674e-01	1.808691e-01	1.857453e-01	5.354524e-01
15284	9.209593e-01	3.467171e-01	2.857942e-02	3.572428e-02	1.871376e-01	1.867049e-01	9.976258e-01	9.701145e-01
2282	3.534077e-01	9.377011e-01	2.507791e-02	3.134739e-02	1.642098e-01	1.582961e-01	5.461087e-01	4.103835e-03
6554	9.429519e-01	5.326075e-01	3.168953e-02	3.961191e-02	2.075025e-01	1.934956e-01	1.543528e-01	9.498133e-01
16375	1.693197e-01	8.670746e-01	5.608963e-02	7.011203e-02	3.672740e-01	3.621007e-01	9.139306e-01	7.111645e-01
15675	6.221715e-01	7.851963e-01	6.196973e-02	7.746216e-02	4.057768e-01	2.386208e-01	8.693525e-01	7.631694e-01
10783	5.642528e-01	8.750377e-01	2.332075e-02	2.915093e-02	1.527039e-01	1.299441e-01	8.981563e-01	9.589221e-01
29460	2.725044e-01	6.790805e-01	3.144932e-02	3.931164e-02	2.059296e-01	1.110664e-01	2.258017e-01	7.281041e-01
4067	1.841647e-01	7.020822e-01	3.656010e-02	4.570012e-02	2.393950e-01	1.704136e-01	2.849545e-01	2.264540e-01
7741	5.343377e-01	9.149785e-01	3.942470e-02	4.928088e-02	2.581523e-01	2.553873e-01	3.231332e-01	3.925624e-01
20754	7.135664e-01	9.515604e-01	2.174800e-02	2.718500e-02	1.424056e-01	1.371425e-01	2.969733e-01	6.429043e-01
18575	5.554311e-02	1.570801e-01	2.776660e-02	3.470826e-02	1.818153e-01	1.672032e-01	7.000636e-01	9.041426e-01
14008	9.130652e-01	6.798180e-01	2.335786e-02	2.919732e-02	1.529469e-01	4.808547e-02	1.126162e-01	5.714767e-01
17552	6.357638e-01	6.558191e-01	2.933259e-02	3.666573e-02	1.920693e-01	1.386092e-01	5.159369e-02	8.950497e-01
22928	6.905704e-01	8.432530e-02	6.031018e-02	7.538772e-02	3.949101e-01	3.945551e-01	5.432170e-01	5.914853e-01
29536	2.003586e-01	1.564089e-01	3.851152e-02	4.813940e-02	2.521729e-01	9.311349e-02	6.660792e-01	3.047058e-01
23396	5.473449e-01	6.177026e-02	5.500551e-02	6.875689e-02	3.601752e-01	2.807565e-01	4.303760e-01	7.915065e-01
