25629	1.582559e-01	8.013971e-01	4.808179e-02	6.010223e-02	3.148388e-01	3.100928e-01	3.464232e-01	2.721920e-01
12582	4.649764e-01	1.508905e-01	7.131147e-02	8.913934e-02	4.669464e-01	4.084459e-01	2.668479e-01	3.520722e-01
9913	7.213146e-01	3.828801e-01	2.333525e-02	2.916906e-02	1.527989e-01	1.463762e-01	4.227045e-01	6.667496e-01
11587	5.255894e-01	3.002170e-01	5.526970e-02	6.908712e-02	3.619051e-01	3.553879e-01	9.374303e-01	4.167906e-01
680	5.830438e-01	7.251454e-01	5.152756e-02	6.440945e-02	3.374017e-01	1.373600e-01	9.977131e-01	2.879218e-01
28226	7.761769e-01	3.050375e-01	3.738848e-02	4.673560e-02	2.448192e-01	2.009852e-01	2.844174e-01	2.166540e-01
30506	1.295790e-01	4.968323e-01	3.845751e-02	4.807188e-02	2.518192e-01	1.866426e-01	3.420935e-01	4.484480e-01
16702	6.783970e-01	9.002423e-01	5.911927e-02	7.389908e-02	3.871120e-01	1.789803e-01	4.040163e-01	7.396937e-01
21248	8.441246e-01	6.845086e-01	3.919212e-02	4.899015e-02	2.566294e-01	2.559387e-01	6.528410e-01	1.015693e-01
10353	2.549224e-01	3.943447e-01	4.217424e-02	5.271780e-02	2.761563e-01	2.735317e-01	7.711648e-01	8.355024e-01
3686	8.162720e-01	8.683603e-01	6.898240e-02	8.622800e-02	4.516957e-01	3.855257e-01	4.346029e-02	8.851813e-01
21295	1.029520e-01	7.249482e-01	5.242273e-02	6.552842e-02	3.432632e-01	8.901009e-02	8.032640e-02	6.513792e-01
14495	2.153314e-01	1.738319e-01	2.565780e-02	3.207225e-02	1.680069e-01	1.242012e-01	3.415653e-01	1.482388e-01
21104	3.270434e-01	1.903802e-01	3.105108e-02	3.881385e-02	2.033220e-01	1.105761e-01	9.773592e-01	5.869350e-01
31284	2.754301e-01	8.575457e-02	2.199933e-02	2.749917e-02	1.440513e-01	1.425350e-01	4.919486e-01	2.239385e-01
8559	5.792686e-01	4.829645e-01	4.525760e-02	5.657200e-02	2.963461e-01	2.505309e-01	8.839037e-01	1.549887e-01
25295	6.084201e-02	3.537791e-01	2.619635e-02	3.274544e-02	1.715333e-01	1.516959e-01	9.512175e-01	1.034755e-02
13385	9.413106e-01	8.000553e-01	6.176763e-02	7.720954e-02	4.044535e-01	3.390728e-01	8.387329e-01	4.711183e-01
20085	3.154355e-01	5.870924e-01	3.807601e-02	4.759501e-02	2.493211e-01	2.486966e-01	2.693550e-04	2.644235e-02
16530	8.237288e-01	4.285721e-01	2.212971e-02	2.766214e-02	1.449050e-01	1.061180e-01	8.785927e-01	4.272312e-01
4031	7.658149e-01	3.852785e-01	3.026340e-02	3.782925e-02	1.981643e-01	1.896136e-01	7.316807e-02	4.619770e-01
22923	9.491737e-01	5.766832e-01	2.460907e-02	3.076134e-02	1.611398e-01	1.603577e-01	5.752809e-02	4.389808e-01
11653	5.540560e-01	6.477273e-01	2.198891e-02	2.748614e-02	1.439830e-01	1.295868e-01	9.412176e-01	7.698675e-01
131	7.647919e-01	7.816534e-01	2.133964e-02	2.667455e-02	1.397317e-01	1.123607e-01	9.081977e-01	4.606841e-01
26531	3.190228e-01	8.143097e-01	2.558318e-02	3.197898e-02	1.675183e-01	5.909353e-02	6.184961e-01	3.757232e-01
3214	9.171169e-01	3.170543e-01	3.297441e-02	4.121801e-02	2.159159e-01	2.114348e-01	1.344211e-01	2.615840e-02
26816	4.312539e-01	7.251607e-01	2.405329e-02	3.006662e-02	1.575006e-01	6.580440e-02	1.821570e-01	6.843537e-01
24211	2.374728e-01	9.521889e-02	2.094971e-02	2.618714e-02	1.371784e-01	7.201706e-02	4.561257e-02	7.975134e-01
4969	6.231010e-01	7.789883e-01	7.238944e-02	9.048680e-02	4.740049e-01	3.627096e-01	6.820641e-01	3.546548e-01
13323	1.380611e-01	6.404086e-01	2.622069e-02	3.277586e-02	1.716927e-01	7.467760e-02	9.968592e-01	2.103518e-01
10195	4.272890e-01	3.451564e-01	2.127409e-02	2.659262e-02	1.393024e-01	1.043891e-01	6.852044e-01	3.932521e-01
4441	6.029811e-01	2.616883e-01	5.728760e-02	7.160951e-02	3.751183e-01	1.885501e-01	3.962511e-01	5.397583e-01
11383	5.853278e-01	1.167061e-01	6.644707e-02	8.305884e-02	4.350944e-01	4.336409e-01	3.721999e-01	5.770050e-01
30097	7.943694e-01	5.218730e-01	3.018481e-02	3.773101e-02	1.976496e-01	1.975585e-01	8.923046e-01	1.846129e-01
15452	1.211503e-01	3.342041e-01	7.190943e-02	8.988678e-02	4.708618e-01	3.374464e-01	8.465582e-01	8.306331e-01
19450	6.544658e-01	8.253565e-01	2.149250e-02	2.686562e-02	1.407325e-01	1.397198e-01	3.928396e-02	2.928410e-02
17733	7.749695e-01	6.973569e-01	4.284228e-02	5.355285e-02	2.805306e-01	2.598376e-01	5.695602e-01	6.252078e-01
11012	7.076254e-01	5.297586e-01	7.899611e-02	9.874514e-02	5.172653e-01	4.583026e-01	6.594632e-01	4.223009e-01
4201	3.329711e-01	2.775577e-01	3.023271e-02	3.779088e-02	1.979633e-01	1.908734e-01	8.138554e-01	6.319948e-01
17990	7.842607e-01	4.712589e-01	4.461405e-02	5.576756e-02	2.921321e-01	2.851846e-01	9.872853e-01	1.701505e-01
12583	4.492594e-01	7.610162e-01	2.477232e-02	3.096540e-02	1.622088e-01	1.621649e-01	7.516843e-01	4.301101e-01
30734	1.955722e-01	9.261756e-01	4.175079e-02	5.218848e-02	2.733835e-01	2.731620e-01	3.090830e-02	8.001003e-01
32732	2.999481e-01	4.401891e-02	2.226549e-02	2.783186e-02	1.457941e-01	1.406897e-01	8.569687e-01	1.140834e-02
26620	3.861987e-01	6.476668e-01	2.901847e-02	3.627308e-02	1.900125e-01	1.899896e-01	9.167426e-01	7.448540e-01
4257	9.525655e-02	7.148667e-02	2.439073e-02	3.048842e-02	1.597101e-01	1.580940e-01	1.121507e-01	7.280694e-01
29971	9.750182e-01	8.932937e-01	2.159975e-02	2.699969e-02	1.414348e-01	9.220905e-02	2.383002e-02	9.821227e-01
1394	2.866384e-01	1.880252e-01	4.117705e-02	5.147131e-02	2.696267e-01	1.681591e-01	3.825670e-01	4.672403e-01
15556	6.571466e-01	6.813893e-01	3.643855e-02	4.554819e-02	2.385991e-01	1.147647e-01	1.292494e-02	3.701415e-01
27454	1.750705e-01	1.987282e-01	5.001520e-02	6.251900e-02	3.274988e-01	3.252587e-01	8.712335e-01	7.360879e-01
27018	3.512197e-01	3.960031e-01	7.471474e-02	9.339342e-02	4.892309e-01	3.686357e-01	8.611031e-01	1.038719e-01
30366	4.497957e-02	9.673543e-01	2.577894e-02	3.222367e-02	1.688001e-01	9.752635e-02	9.129430e-01	8.411234e-01
4011	9.224741e-01	9.264479e-01	2.146688e-02	2.683360e-02	1.405648e-01	4.521272e-02	9.808107e-01	9.652711e-01
379	7.686856e-01	2.427732e-01	3.652307e-02	4.565384e-02	2.391525e-01	1.242567e-01	3.065084e-02	9.949304e-01
32439	9.093839e-01	6.696763e-01	2.196362e-02	2.745453e-02	1.438175e-01	1.039878e-01	1.302445e-01	3.987395e-01
27315	8.597605e-01	1.335386e-01	4.142608e-02	5.178261e-02	2.712574e-01	1.818500e-01	2.892835e-01	7.958653e-01
1110	5.271989e-01	5.512923e-01	2.162313e-02	2.702892e-02	1.415879e-01	9.981624e-02	9.329455e-01	4.974705e-01
16204	7.874868e-01	3.644191e-02	3.154692e-02	3.943366e-02	2.065688e-01	2.050323e-01	4.497953e-01	8.740105e-01
3638	3.712125e-01	8.659418e-01	2.701506e-02	3.376883e-02	1.768942e-01	1.741270e-01	6.368625e-01	1.594194e-01
26470	1.848024e-01	6.553370e-01	2.569087e-02	3.211359e-02	1.682234e-01	8.836660e-02	7.201821e-01	9.526940e-01
25138	6.841024e-01	3.490418e-01	2.578417e-02	3.223021e-02	1.688343e-01	1.637116e-01	1.841088e-01	8.145730e-01
2046	1.498766e-01	5.865286e-02	2.572111e-02	3.215138e-02	1.684214e-01	1.147239e-01	7.486744e-02	4.681469e-01
15586	5.812399e-01	6.019093e-01	2.226427e-02	2.783033e-02	1.457861e-01	1.025078e-01	2.137392e-01	6.727095e-01
30253	5.272282e-01	4.103700e-01	3.823071e-02	4.778839e-02	2.503341e-01	7.339291e-02	1.911313e-01	1.368440e-03
11333	1.034712e-01	7.694420e-01	2.372780e-02	2.965975e-02	1.553693e-01	1.061702e-01	2.231002e-01	1.125494e-01
24564	2.437173e-01	8.073342e-01	4.105910e-02	5.132388e-02	2.688544e-01	1.886305e-01	4.169728e-01	7.157209e-01
32576	8.866750e-02	4.482173e-01	2.174606e-02	2.718258e-02	1.423929e-01	1.380499e-01	2.730180e-01	9.599226e-01
3300	9.431199e-01	2.886146e-01	2.520577e-02	3.150721e-02	1.650470e-01	1.599413e-01	2.093440e-01	1.153359e-01
10441	9.488196e-01	3.606463e-01	3.518400e-02	4.398000e-02	2.303843e-01	2.176258e-01	2.304725e-01	8.082998e-02
18321	6.494676e-01	2.257399e-01	2.295770e-02	2.869712e-02	1.503267e-01	1.234489e-01	2.452752e-01	6.580113e-01
6451	8.445689e-01	5.178942e-01	4.267078e-02	5.333847e-02	2.794076e-01	1.336598e-01	6.526017e-01	6.986121e-01
19727	8.605159e-01	6.057669e-01	3.388426e-02	4.235532e-02	2.218736e-01	1.021987e-01	2.279555e-01	6.843540e-01
16635	8.799094e-02	8.254975e-01	5.752927e-02	7.191159e-02	3.767008e-01	3.625200e-01	7.320585e-02	1.174932e-01
