23614	3.136725e-01	3.427146e-01	2.249954e-02	2.812443e-02	1.473267e-01	6.123620e-02	5.229385e-01	9.691111e-01
7312	7.980380e-01	5.286741e-01	6.666458e-02	8.333072e-02	4.365186e-01	4.084300e-01	7.947230e-01	3.418520e-02
22762	4.498195e-01	1.999206e-01	2.766073e-02	3.457591e-02	1.811220e-01	1.710686e-01	8.541118e-01	6.024062e-01
4332	1.525278e-01	7.112847e-01	2.061024e-02	2.576281e-02	1.349556e-01	5.941910e-02	2.240360e-01	6.265463e-01
13783	1.185062e-01	3.982661e-01	2.113108e-02	2.641385e-02	1.383660e-01	1.256019e-01	4.436344e-01	8.622190e-02
2456	1.895400e-01	4.148943e-01	2.315172e-02	2.893965e-02	1.515971e-01	1.324678e-01	1.098171e-01	9.902510e-01
11984	8.139425e-01	6.452825e-01	2.846525e-02	3.558156e-02	1.863900e-01	1.651058e-01	6.833925e-01	8.497490e-01
253	4.578925e-01	7.202831e-01	2.746043e-02	3.432553e-02	1.798105e-01	1.466531e-01	8.084059e-01	4.362265e-02
5672	2.304901e-01	9.626798e-02	5.655849e-02	7.069812e-02	3.703441e-01	3.668170e-01	5.324766e-01	5.201037e-01
9749	4.049600e-01	3.247344e-01	3.147064e-02	3.933831e-02	2.060693e-01	1.780963e-01	8.507926e-01	9.091578e-01
11478	5.955039e-01	3.093695e-01	7.525915e-02	9.407394e-02	4.927958e-01	4.369856e-01	6.122601e-01	6.942030e-01
19857	5.206450e-01	5.404987e-01	6.563079e-02	8.203848e-02	4.297494e-01	1.149927e-01	6.553123e-01	4.188708e-01
13400	2.210168e-01	2.175269e-01	2.392733e-02	2.990917e-02	1.566758e-01	1.566191e-01	9.425830e-03	7.396037e-01
6508	3.626947e-01	4.184946e-01	7.362169e-02	9.202711e-02	4.820737e-01	2.386974e-01	1.362635e-01	9.801372e-01
26599	4.310883e-01	8.410472e-01	4.960653e-02	6.200817e-02	3.248228e-01	3.179757e-01	2.096498e-01	2.969246e-01
1676	3.834594e-01	7.735996e-01	5.508069e-02	6.885086e-02	3.606675e-01	1.760852e-01	5.688689e-01	6.977602e-01
14239	8.240583e-01	5.800807e-01	3.872147e-02	4.840184e-02	2.535476e-01	1.636769e-01	7.192869e-01	1.348291e-01
27976	8.514329e-01	1.646967e-01	4.216524e-02	5.270655e-02	2.760974e-01	1.458300e-01	3.739821e-01	1.281868e-01
4638	3.573581e-01	5.031135e-01	2.779886e-02	3.474857e-02	1.820265e-01	1.184146e-01	3.492613e-01	7.665922e-01
12176	8.994269e-01	8.411234e-01	2.066400e-02	2.582999e-02	1.353075e-01	7.498455e-02	2.836577e-01	9.021250e-01
15629	5.278735e-01	7.589483e-02	3.220804e-02	4.026005e-02	2.108977e-01	7.305119e-02	8.330649e-02	8.498268e-01
17667	7.973586e-01	8.826520e-02	4.107069e-02	5.133836e-02	2.689303e-01	1.822042e-01	7.187959e-01	6.803903e-01
13927	4.593938e-01	6.188985e-01	2.118941e-02	2.648676e-02	1.387479e-01	7.466234e-02	6.396648e-01	3.136782e-01
22984	3.271716e-02	3.777165e-02	2.155673e-02	2.694592e-02	1.411531e-01	1.335602e-01	7.346787e-01	2.302780e-01
21640	8.531890e-01	6.174817e-01	3.342990e-02	4.178737e-02	2.188984e-01	2.166504e-01	7.944582e-01	3.380476e-03
1043	1.164207e-01	1.264319e-01	6.570554e-02	8.213193e-02	4.302389e-01	2.129257e-01	9.467979e-01	6.173539e-01
11858	2.688686e-01	8.199276e-01	2.604192e-02	3.255240e-02	1.705221e-01	1.014917e-01	6.034688e-01	9.811539e-01
8327	9.049711e-01	9.692769e-01	2.308542e-02	2.885678e-02	1.511630e-01	7.579307e-02	9.826577e-01	4.006702e-01
383	2.104741e-01	6.346032e-01	6.015764e-02	7.519705e-02	3.939113e-01	2.245848e-01	3.929078e-01	1.659199e-01
8372	5.275667e-01	3.933907e-01	2.222284e-02	2.777854e-02	1.455148e-01	5.930420e-02	3.251468e-01	5.155829e-01
14754	8.035210e-02	6.802799e-01	3.102321e-02	3.877901e-02	2.031395e-01	1.788157e-01	2.353243e-01	8.362394e-01
7499	6.755865e-01	3.904896e-01	2.095217e-02	2.619021e-02	1.371945e-01	1.293270e-01	1.226662e-01	4.093615e-01
14672	4.072526e-01	2.440229e-01	2.828131e-02	3.535163e-02	1.851856e-01	7.802786e-02	4.638249e-01	3.566844e-01
18539	8.330291e-02	8.247800e-01	5.147356e-02	6.434195e-02	3.370481e-01	3.358739e-01	1.094978e-01	3.155227e-01
23097	4.782739e-01	3.281686e-01	4.022297e-02	5.027871e-02	2.633794e-01	2.583305e-01	2.090501e-01	3.060769e-02
6264	3.379404e-02	3.404640e-01	3.147772e-02	3.934715e-02	2.061156e-01	1.845412e-01	7.312965e-01	8.235559e-01
19076	6.601321e-01	7.300873e-01	6.516202e-02	8.145252e-02	4.266799e-01	3.687270e-01	9.692988e-01	7.428814e-01
3906	6.194159e-01	1.031427e-01	5.675096e-02	7.093869e-02	3.716044e-01	1.175085e-01	5.283640e-01	8.710656e-01
31859	5.909815e-01	4.461217e-01	3.979171e-02	4.973963e-02	2.605555e-01	7.972231e-02	5.125741e-01	9.410925e-02
31635	9.013871e-01	3.918116e-01	2.590473e-02	3.238091e-02	1.696238e-01	1.128904e-01	5.836067e-01	5.127581e-01
23043	3.012319e-01	5.450473e-01	3.391777e-02	4.239722e-02	2.220931e-01	2.215112e-01	7.108979e-01	5.257479e-01
28593	7.032377e-01	7.717875e-01	2.136255e-02	2.670319e-02	1.398817e-01	8.980091e-02	5.167977e-01	2.664736e-02
20037	6.595841e-01	8.645969e-01	3.799743e-02	4.749679e-02	2.488066e-01	1.387102e-01	8.680051e-01	6.834120e-01
21289	8.102342e-01	8.592235e-01	3.172890e-02	3.966113e-02	2.077604e-01	1.116661e-01	7.101313e-01	3.210305e-01
32497	3.486828e-01	6.961724e-01	4.849463e-02	6.061829e-02	3.175421e-01	3.123802e-01	7.980284e-01	2.142301e-01
6210	9.546114e-01	8.568646e-01	2.830953e-02	3.538691e-02	1.853704e-01	1.553391e-01	1.093148e-01	5.876919e-01
26638	9.606829e-01	1.921600e-01	2.545917e-02	3.182396e-02	1.667063e-01	1.204296e-01	6.955323e-01	8.422033e-01
17206	9.452952e-01	3.818922e-02	2.626266e-02	3.282833e-02	1.719675e-01	6.627521e-02	9.194286e-02	3.305084e-03
27019	9.092231e-01	8.906835e-01	2.092796e-02	2.615995e-02	1.370360e-01	1.262968e-01	1.285721e-01	5.438716e-01
20497	9.189358e-01	4.937479e-01	2.240437e-02	2.800546e-02	1.467034e-01	1.444561e-01	9.156394e-02	1.909109e-01
11738	7.440219e-01	4.976628e-01	3.710921e-02	4.638651e-02	2.429905e-01	7.247900e-02	6.524542e-01	9.166742e-01
26657	2.591164e-01	2.322202e-01	2.691918e-02	3.364897e-02	1.762664e-01	1.762192e-01	5.327302e-01	5.413085e-01
16241	3.505858e-01	3.398877e-01	4.355167e-02	5.443959e-02	2.851757e-01	1.092238e-01	4.655657e-02	3.545678e-01
11153	1.013309e-01	3.573719e-01	2.416732e-02	3.020915e-02	1.582472e-01	1.140673e-01	5.220164e-01	5.936733e-01
13627	4.636663e-01	1.609015e-01	2.658172e-02	3.322714e-02	1.740567e-01	1.738962e-01	1.063584e-01	4.085705e-01
6490	1.054659e-01	9.433546e-01	3.107414e-02	3.884268e-02	2.034730e-01	6.038614e-02	7.161562e-01	2.063339e-02
10330	7.202677e-01	6.460967e-01	2.727943e-02	3.409929e-02	1.786253e-01	1.623128e-01	1.521120e-01	6.940446e-01
12199	7.373761e-01	9.091495e-01	5.364198e-02	6.705247e-02	3.512468e-01	3.490139e-01	1.634671e-01	6.743681e-01
32598	6.936019e-01	3.151993e-01	2.925201e-02	3.656501e-02	1.915417e-01	6.634193e-02	6.107882e-01	8.084204e-01
7846	6.063094e-01	8.797453e-01	3.051373e-02	3.814216e-02	1.998034e-01	1.994071e-01	1.653856e-01	7.696784e-01
27992	5.315811e-01	4.527578e-01	2.506681e-02	3.133352e-02	1.641371e-01	1.199285e-01	5.005411e-01	9.203536e-01
14126	3.706175e-02	9.597379e-02	2.938659e-02	3.673324e-02	1.924229e-01	1.890369e-01	2.580421e-01	5.990661e-01
18330	3.306223e-01	5.721529e-01	3.194193e-02	3.992741e-02	2.091553e-01	1.760803e-01	8.781748e-01	8.455949e-01
17222	7.772027e-01	7.554254e-01	4.011067e-02	5.013834e-02	2.626441e-01	2.575637e-01	6.088328e-01	9.995791e-02
30375	2.765404e-01	4.160961e-01	3.238777e-02	4.048472e-02	2.120746e-01	1.867839e-01	8.768800e-01	9.156781e-01
24681	9.131232e-01	7.418469e-01	3.989799e-02	4.987249e-02	2.612514e-01	9.076381e-02	2.909509e-02	1.283575e-01
31847	8.501430e-01	4.955618e-01	2.885040e-02	3.606300e-02	1.889120e-01	9.338756e-02	7.370906e-02	5.859605e-01
356	8.892842e-01	5.177062e-01	2.223498e-02	2.779372e-02	1.455943e-01	5.049571e-02	7.226429e-02	1.948225e-01
30754	6.668632e-01	1.720253e-01	4.825783e-02	6.032229e-02	3.159915e-01	1.693251e-01	6.365950e-01	9.389376e-01
17776	3.300267e-01	5.137648e-01	3.265597e-02	4.081997e-02	2.138308e-01	6.533031e-02	9.127792e-02	2.759436e-01
31883	4.135044e-02	9.099439e-01	2.296449e-02	2.870562e-02	1.503711e-01	1.464879e-01	4.232976e-01	1.518255e-01
31699	8.488645e-01	9.108906e-01	2.433630e-02	3.042037e-02	1.593537e-01	7.694609e-02	4.256206e-01	9.395944e-01
14192	6.515830e-01	6.399119e-01	3.484473e-02	4.355591e-02	2.281627e-01	7.746537e-02	6.736539e-02	1.987510e-01
2650	3.898128e-01	5.255222e-01	3.078673e-02	3.848341e-02	2.015910e-01	1.667565e-01	9.888257e-01	8.101134e-01
