2085	7.057519e-02	6.596321e-01	2.432221e-02	3.040276e-02	1.592615e-01	6.069500e-02	9.672627e-01	5.910102e-01
15345	7.540494e-01	7.288591e-01	6.517964e-02	8.147456e-02	4.267953e-01	3.587065e-01	8.477837e-01	3.375747e-01
23448	3.719597e-01	1.016572e-01	6.740724e-02	8.425905e-02	4.413816e-01	1.391099e-01	3.392452e-01	3.086191e-01
5564	8.068191e-01	7.973327e-01	3.898944e-02	4.873680e-02	2.553023e-01	2.141558e-01	8.017089e-01	8.539842e-01
5402	2.066031e-01	9.389965e-01	2.234414e-02	2.793017e-02	1.463091e-01	1.385950e-01	2.897482e-01	8.966046e-01
27718	8.665448e-01	1.797785e-01	2.442454e-02	3.053067e-02	1.599315e-01	1.597342e-01	2.599049e-01	4.147247e-01
27070	3.298359e-01	5.175860e-01	4.745492e-02	5.931866e-02	3.107341e-01	9.913993e-02	6.755677e-01	6.636236e-01
28813	5.792016e-01	3.776465e-01	3.085680e-02	3.857100e-02	2.020498e-01	1.483404e-01	2.419826e-01	4.075944e-01
8472	3.418491e-01	1.759438e-01	5.935903e-02	7.419878e-02	3.886820e-01	1.511121e-01	2.454610e-01	5.593555e-02
870	4.375063e-01	9.709456e-01	2.292695e-02	2.865869e-02	1.501253e-01	9.321696e-02	4.863768e-01	5.346985e-01
657	6.645866e-01	4.683645e-01	6.742019e-02	8.427524e-02	4.414664e-01	2.715955e-01	1.382818e-01	6.619145e-01
5871	2.343146e-01	8.254425e-01	4.869408e-02	6.086760e-02	3.188481e-01	2.988771e-01	4.388249e-01	3.744256e-01
14839	7.921596e-01	3.862596e-01	3.832743e-02	4.790929e-02	2.509674e-01	1.774583e-01	8.116980e-02	5.956741e-02
8266	6.818853e-01	8.034025e-01	2.061656e-02	2.577070e-02	1.349969e-01	7.807185e-02	1.819009e-02	7.223516e-01
26969	1.895862e-01	4.095636e-01	7.785348e-02	9.731685e-02	5.097834e-01	4.726032e-01	7.621981e-01	6.760491e-01
5645	5.784437e-01	8.200243e-01	2.114418e-02	2.643023e-02	1.384518e-01	1.204777e-01	9.716222e-01	2.098133e-02
7393	9.334576e-01	1.525226e-01	3.870112e-02	4.837640e-02	2.534143e-01	1.042993e-01	9.861356e-02	8.254961e-01
818	4.756286e-01	1.147037e-01	2.998431e-02	3.748039e-02	1.963368e-01	6.490834e-02	5.324330e-01	5.756711e-01
14827	3.860420e-02	4.935475e-01	2.641007e-02	3.301259e-02	1.729327e-01	1.227328e-01	7.545601e-01	6.664467e-01
17826	8.225652e-01	2.077913e-01	3.010108e-02	3.762635e-02	1.971014e-01	7.429772e-02	8.557540e-01	5.278541e-01
23411	5.117292e-01	4.060825e-01	5.006724e-02	6.258405e-02	3.278395e-01	2.303536e-01	7.666312e-01	6.877783e-01
5124	5.424049e-01	6.086374e-01	2.711576e-02	3.389470e-02	1.775536e-01	1.562503e-01	6.909588e-01	1.673300e-03
28308	9.138727e-01	8.050125e-01	2.396166e-02	2.995207e-02	1.569006e-01	7.195345e-02	4.598959e-01	5.169493e-01
14438	3.080991e-01	8.655192e-01	2.104016e-02	2.630020e-02	1.377707e-01	1.314372e-01	9.466509e-01	8.252669e-01
21838	1.626102e-01	7.434798e-01	2.125109e-02	2.656386e-02	1.391518e-01	1.371939e-01	2.888669e-01	1.795568e-01
30867	8.871011e-02	1.707660e-01	7.035809e-02	8.794761e-02	4.607037e-01	3.969314e-01	8.922477e-01	7.253936e-01
6951	1.221926e-01	8.635791e-01	7.607768e-02	9.509710e-02	4.981555e-01	4.929671e-01	1.169807e-01	5.069544e-01
29007	5.263195e-01	2.732025e-01	6.626191e-02	8.282739e-02	4.338819e-01	3.561833e-01	7.650842e-01	4.313843e-03
23806	5.060253e-02	7.173572e-01	3.831574e-02	4.789467e-02	2.508908e-01	1.005619e-01	1.602132e-01	4.164846e-01
25343	4.525939e-01	2.452500e-01	2.377572e-02	2.971965e-02	1.556830e-01	1.441405e-01	2.304879e-01	1.887968e-01
124	4.881942e-01	5.984586e-01	4.571123e-02	5.713904e-02	2.993164e-01	1.140338e-01	1.464918e-01	6.515852e-01
20166	6.620575e-01	7.683129e-01	3.136222e-02	3.920277e-02	2.053593e-01	1.897790e-01	2.702205e-01	6.329192e-01
12986	2.559991e-01	4.304412e-01	2.331704e-02	2.914630e-02	1.526796e-01	1.365726e-01	3.038053e-01	4.427671e-01
10792	2.091709e-01	6.206421e-01	2.271311e-02	2.839138e-02	1.487251e-01	1.044070e-01	7.908823e-01	4.591410e-01
7813	3.552533e-01	3.710396e-01	4.884916e-02	6.106144e-02	3.198635e-01	2.779913e-01	7.591901e-01	8.763138e-01
24124	9.126105e-01	1.115428e-01	3.621313e-02	4.526641e-02	2.371230e-01	1.532311e-01	3.337604e-01	6.261996e-01
1252	1.584181e-01	3.399660e-01	2.438032e-02	3.047540e-02	1.596419e-01	1.142201e-01	3.191438e-01	1.955712e-01
19719	6.323173e-01	3.285202e-01	2.080502e-02	2.600628e-02	1.362310e-01	1.354493e-01	5.144434e-01	8.235440e-01
31586	6.974585e-01	1.906874e-01	2.673241e-02	3.341552e-02	1.750434e-01	5.614266e-02	6.926011e-02	1.100159e-02
32293	4.813990e-01	9.435566e-01	2.150548e-02	2.688185e-02	1.408175e-01	1.275636e-01	7.897919e-01	6.134207e-01
10867	8.429108e-01	5.039900e-01	3.727798e-02	4.659747e-02	2.440956e-01	7.345627e-02	9.817405e-01	3.663661e-03
30002	7.617471e-02	4.357687e-01	5.675205e-02	7.094007e-02	3.716116e-01	2.758059e-01	1.247433e-01	2.700813e-01
13905	1.698625e-01	6.014400e-01	2.534839e-02	3.168549e-02	1.659809e-01	1.487480e-01	6.896310e-02	9.953840e-01
5388	3.650739e-01	2.466988e-01	2.799263e-02	3.499079e-02	1.832953e-01	7.880550e-02	1.086298e-01	3.295175e-02
12985	7.045634e-01	8.838406e-01	5.284780e-02	6.605975e-02	3.460466e-01	2.121551e-01	6.874548e-01	5.961924e-01
27088	9.386659e-01	2.143250e-01	2.488348e-02	3.110435e-02	1.629367e-01	1.016763e-01	2.634594e-03	1.008770e-02
27611	3.247340e-01	4.181741e-01	2.922251e-02	3.652814e-02	1.913485e-01	1.275308e-01	7.445197e-01	8.737701e-01
11480	4.144228e-01	4.168604e-01	6.511146e-02	8.138933e-02	4.263489e-01	4.262259e-01	2.431187e-01	9.906019e-01
3279	8.812066e-01	6.920817e-02	3.262841e-02	4.078551e-02	2.136503e-01	1.295534e-01	7.503704e-01	6.285740e-01
17364	8.119878e-01	5.862918e-01	2.204841e-02	2.756052e-02	1.443727e-01	1.182915e-01	7.671665e-01	8.007127e-01
9489	9.357249e-01	6.596909e-01	2.265737e-02	2.832171e-02	1.483601e-01	1.416505e-01	5.274923e-01	6.989709e-01
28695	6.014743e-01	2.321592e-01	3.786991e-02	4.733738e-02	2.479716e-01	1.557366e-01	2.914604e-01	3.192487e-01
22796	8.851986e-01	9.074010e-01	6.198791e-02	7.748489e-02	4.058959e-01	3.249334e-01	7.496995e-01	4.859590e-01
30401	2.434114e-01	5.812170e-01	2.234505e-02	2.793132e-02	1.463151e-01	9.244429e-02	9.128517e-01	9.818582e-01
31809	8.778713e-01	7.097381e-01	2.330051e-02	2.912564e-02	1.525714e-01	1.474955e-01	8.548542e-01	5.034164e-01
21794	8.565293e-01	4.578202e-01	2.271091e-02	2.838863e-02	1.487107e-01	4.214768e-02	2.340222e-01	6.469298e-02
6213	1.898634e-01	6.602544e-01	4.708608e-02	5.885760e-02	3.083189e-01	2.000919e-01	7.718052e-01	3.665279e-01
12274	6.745379e-01	8.295068e-01	2.229729e-02	2.787162e-02	1.460023e-01	1.459850e-01	2.119365e-01	1.452218e-01
3094	4.365712e-01	6.082031e-01	3.758719e-02	4.698399e-02	2.461204e-01	1.706454e-01	7.181362e-01	6.435971e-01
20656	6.184266e-01	6.107051e-01	3.782879e-02	4.728598e-02	2.477023e-01	8.615488e-02	3.364402e-01	7.416500e-01
25362	6.298428e-02	2.960864e-01	3.771067e-02	4.713834e-02	2.469289e-01	2.467785e-01	6.336051e-01	9.367809e-01
32301	6.498165e-01	5.659154e-01	2.352647e-02	2.940808e-02	1.540509e-01	1.046539e-01	7.210259e-02	8.716897e-01
13166	2.345687e-01	2.836776e-01	5.240691e-02	6.550864e-02	3.431596e-01	2.723783e-01	4.933300e-01	1.464326e-01
7148	7.229595e-01	5.489640e-01	7.161836e-02	8.952295e-02	4.689559e-01	2.665511e-01	7.561395e-01	7.723811e-01
18791	5.586160e-01	7.431062e-01	2.832779e-02	3.540974e-02	1.854899e-01	8.355032e-02	7.867594e-02	5.885635e-01
6479	8.444996e-02	8.108109e-01	2.355830e-02	2.944788e-02	1.542594e-01	1.461400e-01	6.172838e-01	2.621292e-01
4436	9.171912e-01	5.065905e-01	2.146864e-02	2.683580e-02	1.405763e-01	6.657183e-02	6.223881e-01	7.460084e-01
5700	9.494427e-01	4.768458e-01	2.805763e-02	3.507203e-02	1.837209e-01	1.533572e-01	6.371875e-01	5.959049e-01
10241	4.670332e-01	6.667495e-01	4.565900e-02	5.707375e-02	2.989744e-01	1.016095e-01	1.172519e-01	7.804050e-01
4057	2.951157e-01	1.709677e-01	3.033943e-02	3.792429e-02	1.986621e-01	1.861627e-01	9.138979e-01	7.635703e-01
15459	4.258604e-01	9.390492e-01	2.121171e-02	2.651464e-02	1.388940e-01	7.891803e-02	1.432184e-01	6.721661e-01
7542	8.156301e-01	4.979359e-01	2.613750e-02	3.267188e-02	1.711480e-01	8.804645e-02	7.220642e-01	4.333485e-03
22257	3.469920e-01	7.722132e-01	2.702210e-02	3.377762e-02	1.769403e-01	1.645975e-01	9.193532e-02	7.639259e-01
16527	6.905938e-02	5.134525e-01	2.408097e-02	3.010121e-02	1.576818e-01	1.351345e-01	6.911924e-01	4.548202e-01
13141	9.528805e-01	4.170198e-01	2.921994e-02	3.652492e-02	1.913317e-01	1.784350e-01	1.633715e-01	3.506372e-01
1707	4.276710e-01	6.506040e-02	4.852763e-02	6.065954e-02	3.177582e-01	3.054731e-01	2.533316e-01	6.445056e-01
15190	4.872172e-01	8.088348e-01	2.889924e-02	3.612405e-02	1.892318e-01	7.328046e-02	6.189639e-01	6.937855e-01
2530	6.294923e-01	5.354221e-01	3.409122e-02	4.261403e-02	2.232288e-01	1.045256e-01	8.483757e-01	4.492997e-01
27631	6.907221e-01	3.690615e-01	2.567669e-02	3.209586e-02	1.681306e-01	7.009504e-02	8.848512e-02	9.563709e-01
