20584	4.239720e-01	6.817635e-01	2.482936e-02	3.103670e-02	1.625823e-01	9.739682e-02	4.016868e-01	1.333994e-01
12109	1.110187e-01	8.024613e-01	6.125838e-02	7.657298e-02	4.011189e-01	3.816745e-01	9.362153e-01	1.519823e-01
22092	4.478652e-01	9.610948e-01	3.504774e-02	4.380968e-02	2.294921e-01	6.314721e-02	8.299216e-01	8.288869e-01
12183	7.039969e-01	1.337014e-01	2.667455e-02	3.334319e-02	1.746645e-01	1.357968e-01	4.672893e-01	7.290644e-01
11625	8.928610e-01	2.328315e-01	4.177996e-02	5.222496e-02	2.735746e-01	1.622067e-01	2.721777e-01	9.327256e-01
21260	2.715306e-01	9.339983e-01	2.543031e-02	3.178789e-02	1.665173e-01	1.147132e-01	8.596363e-01	3.807611e-01
7319	2.536319e-01	5.481774e-01	3.636214e-02	4.545267e-02	2.380987e-01	8.218189e-02	8.761311e-01	5.622895e-02
25955	5.694928e-01	7.991201e-01	2.368919e-02	2.961148e-02	1.551164e-01	1.534230e-01	7.946535e-02	8.656031e-01
21139	7.981093e-01	7.859521e-01	3.758849e-02	4.698561e-02	2.461288e-01	2.075428e-01	5.426658e-01	2.479765e-01
16333	8.716867e-01	8.604708e-01	2.073081e-02	2.591352e-02	1.357450e-01	1.191301e-01	6.361701e-01	7.921912e-01
13830	2.910742e-01	7.546202e-01	6.481469e-02	8.101837e-02	4.244056e-01	3.965323e-01	5.009282e-01	1.767261e-01
5114	5.039837e-01	4.677842e-01	2.229400e-02	2.786750e-02	1.459808e-01	1.039272e-01	6.379188e-01	9.922648e-01
19503	5.290424e-01	9.070539e-01	2.650954e-02	3.313693e-02	1.735841e-01	1.318860e-01	5.641743e-01	1.813107e-01
10082	6.536653e-01	3.425833e-01	6.128555e-02	7.660693e-02	4.012968e-01	1.731981e-01	4.745970e-01	1.546982e-01
3757	1.732881e-01	8.897138e-01	2.413823e-02	3.017279e-02	1.580567e-01	1.579262e-01	5.916361e-01	1.129027e-01
18178	5.911455e-01	1.029533e-01	5.091292e-02	6.364115e-02	3.333770e-01	2.004838e-01	7.536822e-01	5.140568e-01
13380	5.611223e-01	2.584405e-01	2.076828e-02	2.596035e-02	1.359904e-01	1.353998e-01	5.420803e-01	3.632148e-01
30207	4.309355e-01	1.427785e-01	3.308769e-02	4.135961e-02	2.166577e-01	1.990306e-01	9.178012e-01	9.304556e-01
28482	4.963038e-01	3.606421e-01	2.762762e-02	3.453453e-02	1.809052e-01	7.375094e-02	4.365345e-01	1.478972e-01
27604	2.383490e-01	4.696099e-01	2.217708e-02	2.772135e-02	1.452152e-01	1.232419e-01	5.912042e-01	9.424763e-01
24818	6.770022e-01	6.220108e-01	3.636975e-02	4.546219e-02	2.381486e-01	2.038240e-01	5.332413e-01	3.271465e-01
9600	4.003219e-01	1.604398e-01	2.885267e-02	3.606584e-02	1.889268e-01	6.750622e-02	3.588342e-01	2.654692e-01
9822	8.707019e-01	1.707590e-01	2.535148e-02	3.168935e-02	1.660011e-01	1.474397e-01	4.289321e-01	7.481349e-01
6429	8.700324e-01	6.482500e-02	2.754734e-02	3.443418e-02	1.803796e-01	1.607979e-01	9.262529e-01	7.041511e-01
21633	7.153115e-02	4.373739e-01	2.404171e-02	3.005213e-02	1.574247e-01	1.199992e-01	4.203714e-01	5.309969e-01
30507	8.758120e-01	7.242547e-01	2.312140e-02	2.890175e-02	1.513986e-01	1.508257e-01	9.931806e-01	2.782959e-01
17691	9.101642e-01	8.461238e-01	2.523091e-02	3.153864e-02	1.652116e-01	1.038906e-01	1.797644e-01	4.787778e-03
25375	6.529276e-01	2.711174e-01	2.370924e-02	2.963654e-02	1.552477e-01	1.268886e-01	4.409490e-01	2.793897e-02
18046	5.164156e-01	5.312512e-01	2.095095e-02	2.618868e-02	1.371865e-01	1.301916e-01	1.287626e-01	4.830655e-01
14463	3.975044e-01	3.253027e-01	2.622472e-02	3.278090e-02	1.717191e-01	1.420393e-01	8.359672e-01	3.302948e-01
14445	7.201543e-01	5.138814e-01	4.027176e-02	5.033970e-02	2.636989e-01	2.518702e-01	7.574593e-01	4.750566e-01
29839	4.260528e-02	1.475119e-01	2.678993e-02	3.348741e-02	1.754200e-01	1.048941e-01	6.192122e-01	5.546781e-01
4810	2.984262e-01	2.476769e-01	2.761620e-02	3.452025e-02	1.808304e-01	1.761641e-01	3.381736e-01	3.921945e-01
25762	5.750634e-01	4.635483e-01	4.611802e-02	5.764752e-02	3.019801e-01	2.234880e-01	2.051733e-02	4.782187e-01
8304	7.038844e-01	3.271758e-01	2.743685e-02	3.429606e-02	1.796560e-01	1.767076e-01	2.582254e-01	2.319619e-01
8841	4.320044e-01	3.631824e-01	6.020936e-02	7.526170e-02	3.942500e-01	3.828153e-01	7.970836e-01	8.056099e-01
372	2.008149e-01	5.562829e-01	3.229382e-02	4.036727e-02	2.114594e-01	2.088981e-01	9.127754e-01	9.810546e-01
2628	3.108563e-01	3.038828e-01	2.297124e-02	2.871405e-02	1.504153e-01	1.473842e-01	1.478578e-01	8.264959e-01
12840	2.569831e-01	6.288761e-01	5.383030e-02	6.728788e-02	3.524800e-01	3.409779e-01	2.184586e-01	3.733831e-01
27637	7.392821e-01	3.658649e-02	2.338228e-02	2.922786e-02	1.531068e-01	9.901634e-02	7.396808e-02	2.642648e-01
7895	3.773814e-01	2.045450e-01	5.315710e-02	6.644637e-02	3.480719e-01	1.889226e-01	1.962833e-01	4.355010e-01
3712	3.155149e-02	8.948072e-01	2.765992e-02	3.457491e-02	1.811168e-01	7.545448e-02	8.700305e-01	7.846894e-01
16665	3.599989e-01	9.417387e-01	5.245781e-02	6.557226e-02	3.434929e-01	2.540470e-01	8.362287e-03	1.103865e-01
29077	5.127121e-01	8.464052e-01	3.283841e-02	4.104801e-02	2.150254e-01	2.148889e-01	4.217347e-01	2.373565e-02
22507	1.036990e-01	1.607826e-01	3.704861e-02	4.631076e-02	2.425937e-01	2.410805e-01	5.858899e-02	1.651290e-01
15655	9.215573e-02	5.232896e-01	2.133463e-02	2.666829e-02	1.396989e-01	4.611718e-02	1.633743e-01	2.369693e-01
23662	7.693746e-01	6.503802e-01	3.231958e-02	4.039948e-02	2.116281e-01	2.093700e-01	6.456809e-01	6.696245e-01
18459	1.925919e-01	9.210708e-01	3.868914e-02	4.836142e-02	2.533359e-01	1.636419e-01	6.768073e-01	6.182448e-01
2321	3.552031e-01	8.134450e-01	2.178552e-02	2.723190e-02	1.426513e-01	6.927832e-02	4.892866e-01	1.946702e-01
18984	6.656489e-01	5.041758e-01	2.726771e-02	3.408463e-02	1.785485e-01	1.593862e-01	8.535500e-01	1.527010e-01
16274	8.372509e-01	8.848655e-01	3.542789e-02	4.428486e-02	2.319813e-01	2.068464e-01	6.713718e-01	7.814568e-01
30206	6.983438e-01	2.451494e-01	6.891521e-02	8.614402e-02	4.512557e-01	4.490454e-01	2.415802e-03	3.817569e-01
2235	9.295150e-01	1.785199e-01	2.546282e-02	3.182852e-02	1.667301e-01	1.371830e-01	5.589426e-01	2.852284e-01
31629	9.177949e-01	5.854943e-01	3.684305e-02	4.605381e-02	2.412477e-01	2.300364e-01	8.576331e-01	2.470790e-01
14815	3.308599e-01	5.604061e-01	4.588124e-02	5.735154e-02	3.004296e-01	2.970516e-01	5.560019e-01	1.697222e-01
13929	3.776850e-01	3.863480e-01	3.095300e-02	3.869125e-02	2.026798e-01	1.899656e-01	8.422074e-01	7.728863e-01
18944	8.681402e-02	3.213858e-01	3.751153e-02	4.688941e-02	2.456249e-01	1.260984e-01	1.869162e-01	7.364268e-01
17270	1.364882e-01	1.591378e-01	2.058325e-02	2.572906e-02	1.347788e-01	1.249083e-01	5.840644e-01	7.275455e-01
29077	9.751286e-01	5.856231e-02	2.145924e-02	2.682405e-02	1.405148e-01	4.352609e-02	3.001745e-01	5.151005e-01
15823	3.453808e-01	2.684434e-01	4.355191e-02	5.443989e-02	2.851773e-01	2.794998e-01	4.867593e-01	1.104387e-02
9035	7.888794e-01	2.606147e-01	3.149907e-02	3.937384e-02	2.062554e-01	1.282324e-01	2.660460e-01	9.395646e-01
27081	5.403455e-01	8.254489e-02	2.210150e-02	2.762688e-02	1.447203e-01	1.395266e-01	2.277028e-01	2.212622e-01
12938	8.879719e-01	5.506398e-01	3.281718e-02	4.102147e-02	2.148864e-01	1.366102e-01	5.804932e-01	9.772314e-01
11702	8.738912e-01	2.681253e-01	4.001653e-02	5.002067e-02	2.620276e-01	1.934921e-01	2.082833e-01	8.827094e-01
24265	8.452389e-01	6.170970e-01	2.867368e-02	3.584209e-02	1.877548e-01	1.864150e-01	1.047749e-01	8.783194e-01
15902	3.087747e-01	4.531712e-02	2.216376e-02	2.770469e-02	1.451279e-01	1.450312e-01	8.664475e-01	1.269746e-01
30063	4.560060e-01	2.188143e-01	4.288230e-02	5.360287e-02	2.807926e-01	2.752583e-01	3.068326e-01	5.419730e-01
9874	6.907820e-01	9.136619e-01	6.305273e-02	7.881591e-02	4.128683e-01	3.217579e-01	2.700663e-01	6.658275e-01
7969	4.921255e-01	1.922956e-01	2.637401e-02	3.296751e-02	1.726966e-01	7.435047e-02	6.274503e-01	4.784946e-01
1693	8.501678e-01	4.098135e-01	3.270361e-02	4.087951e-02	2.141427e-01	2.083011e-01	9.979780e-01	4.099833e-01
29316	9.562782e-01	8.223140e-01	2.432873e-02	3.041091e-02	1.593042e-01	1.586935e-01	3.528186e-01	6.071395e-01
12505	9.563352e-01	7.292035e-01	4.515957e-02	5.644947e-02	2.957042e-01	2.956384e-01	5.017478e-01	3.594769e-01
5911	9.593047e-01	4.024565e-01	3.324703e-02	4.155879e-02	2.177010e-01	2.175490e-01	4.703541e-01	1.935482e-01
28890	5.622633e-01	6.296452e-01	5.237871e-02	6.547338e-02	3.429749e-01	1.715919e-01	3.604844e-01	6.817441e-01
32692	7.971711e-01	8.771750e-02	4.992861e-02	6.241077e-02	3.269318e-01	3.266933e-01	2.280669e-01	3.780608e-01
8937	4.874434e-01	7.046737e-01	7.820720e-02	9.775900e-02	5.120995e-01	4.010891e-01	3.316091e-02	9.542291e-01
30156	2.040585e-01	2.697305e-01	5.363163e-02	6.703954e-02	3.511791e-01	2.997307e-01	6.814890e-01	8.370070e-02
24492	4.684203e-01	6.384884e-02	2.670988e-02	3.338735e-02	1.748959e-01	1.692526e-01	3.367810e-01	6.511932e-01
2520	1.512861e-01	3.930188e-01	2.450910e-02	3.063638e-02	1.604852e-01	1.555592e-01	2.354449e-01	2.240113e-01
29548	6.992928e-01	7.520400e-01	4.044981e-02	5.056226e-02	2.648647e-01	2.614914e-01	7.370495e-01	9.696547e-01
