25703	8.716034e-01	9.307060e-01	2.326897e-02	2.908621e-02	1.523648e-01	1.440943e-01	8.369298e-01	4.243465e-01
10499	9.241039e-02	4.216922e-02	2.846957e-02	3.558696e-02	1.864183e-01	1.219798e-01	4.442721e-01	4.224617e-01
17934	2.545853e-01	3.217897e-01	2.172792e-02	2.715991e-02	1.422741e-01	9.698455e-02	8.303463e-01	4.926550e-01
18054	3.481155e-01	2.181354e-01	3.073235e-02	3.841544e-02	2.012350e-01	1.166737e-01	8.566445e-01	8.758051e-01
29372	1.967193e-01	1.278894e-01	2.651703e-02	3.314629e-02	1.736331e-01	9.816008e-02	1.403040e-01	3.961555e-01
17706	3.239797e-01	8.963749e-01	3.250802e-02	4.063502e-02	2.128620e-01	2.019099e-01	8.714231e-01	1.974231e-01
1020	5.238980e-01	4.082698e-01	5.098232e-02	6.372790e-02	3.338314e-01	1.719914e-01	3.023567e-01	2.622897e-01
7695	5.638224e-01	3.019439e-02	2.555826e-02	3.194782e-02	1.673551e-01	7.950132e-02	3.455091e-01	2.503333e-01
1520	7.764801e-01	5.110369e-01	5.318668e-02	6.648335e-02	3.482656e-01	1.893709e-01	1.520323e-01	6.361092e-01
18954	7.300415e-01	2.523887e-01	5.035730e-02	6.294662e-02	3.297388e-01	3.241905e-01	7.095423e-01	7.009945e-01
10106	3.548106e-01	7.876910e-01	3.417061e-02	4.271326e-02	2.237486e-01	1.365432e-01	5.882649e-01	5.486058e-01
14313	4.208653e-01	7.377454e-01	2.378569e-02	2.973212e-02	1.557484e-01	6.229590e-02	5.482843e-01	7.431005e-01
16839	5.147964e-01	9.574879e-01	3.286248e-02	4.107811e-02	2.151830e-01	1.901218e-01	8.362486e-01	7.322049e-01
24988	6.438869e-02	2.665394e-01	2.077582e-02	2.596978e-02	1.360398e-01	1.273148e-01	8.087094e-01	9.014656e-02
20108	3.805715e-01	9.650429e-01	2.142209e-02	2.677761e-02	1.402715e-01	7.015458e-02	3.138103e-01	8.463987e-01
15583	9.256732e-01	2.175001e-01	2.311896e-02	2.889870e-02	1.513826e-01	1.513497e-01	7.155384e-01	4.037918e-01
20912	6.040471e-01	1.565580e-01	4.761248e-02	5.951560e-02	3.117658e-01	2.288037e-01	9.636174e-01	4.098924e-01
7776	6.258863e-01	9.221584e-01	3.360954e-02	4.201192e-02	2.200747e-01	1.575627e-01	3.329551e-01	2.697605e-01
28438	1.478106e-01	2.937717e-01	3.577328e-02	4.471661e-02	2.342429e-01	6.529040e-02	3.843652e-01	5.792272e-01
2560	7.581982e-01	4.398653e-01	2.423751e-02	3.029689e-02	1.587068e-01	4.985182e-02	3.684538e-01	1.394674e-01
30945	3.749083e-01	3.215059e-01	2.319959e-02	2.899948e-02	1.519105e-01	1.313608e-01	4.393613e-01	4.216344e-01
4985	2.554224e-01	4.740839e-02	3.727060e-02	4.658825e-02	2.440473e-01	2.122849e-01	4.335320e-01	4.344194e-01
11918	1.697383e-01	8.018791e-01	3.028601e-02	3.785751e-02	1.983123e-01	1.819694e-01	1.754894e-01	4.583246e-01
21558	5.473141e-01	5.139147e-01	2.201212e-02	2.751515e-02	1.441350e-01	1.004514e-01	7.824629e-01	3.249177e-01
17266	1.826829e-01	3.189155e-02	2.238655e-02	2.798319e-02	1.465868e-01	1.335197e-01	1.800773e-01	5.466059e-02
6372	6.945877e-01	3.607548e-01	3.127213e-02	3.909016e-02	2.047694e-01	1.924425e-01	5.434952e-02	4.705008e-01
32552	4.714550e-01	5.765621e-01	6.997058e-02	8.746322e-02	4.581663e-01	4.056469e-01	1.108762e-01	4.531675e-02
32540	7.862919e-01	8.477036e-01	3.254207e-02	4.067759e-02	2.130850e-01	1.351540e-01	4.976034e-01	1.260183e-02
32486	4.200215e-01	1.886142e-01	7.002456e-02	8.753070e-02	4.585197e-01	1.236591e-01	4.961636e-01	7.316457e-01
27280	4.361285e-02	1.284468e-01	4.501768e-02	5.627210e-02	2.947751e-01	2.737085e-01	5.874751e-01	5.627480e-01
17555	7.733452e-01	5.960815e-01	5.191391e-02	6.489239e-02	3.399315e-01	3.398518e-01	7.188380e-02	8.130550e-01
12944	6.609125e-01	1.695393e-01	2.995155e-02	3.743944e-02	1.961223e-01	1.172583e-01	9.422208e-01	2.732859e-01
9750	2.823868e-01	5.302415e-01	2.203481e-02	2.754352e-02	1.442836e-01	1.441233e-01	9.911523e-01	8.209072e-01
29718	1.473051e-01	5.079326e-01	5.913644e-02	7.392055e-02	3.872245e-01	2.555409e-01	5.088654e-01	1.769973e-01
26456	9.332167e-02	1.024655e-01	3.088308e-02	3.860385e-02	2.022219e-01	1.411665e-01	4.912556e-01	4.556369e-01
26827	5.167215e-01	8.694903e-01	3.188824e-02	3.986030e-02	2.088037e-01	6.011776e-02	2.872312e-01	6.467131e-02
11526	5.869669e-01	4.374679e-01	4.371120e-02	5.463900e-02	2.862203e-01	8.658232e-02	5.661933e-01	2.132951e-01
20760	8.157262e-01	8.726811e-01	3.420413e-02	4.275516e-02	2.239681e-01	1.032295e-01	6.169566e-01	7.669131e-01
2862	8.670484e-01	9.752074e-02	5.379595e-02	6.724493e-02	3.522550e-01	9.410231e-02	4.467099e-01	3.592368e-02
7995	8.756318e-01	7.835690e-01	2.984068e-02	3.730084e-02	1.953963e-01	1.936586e-01	2.114142e-01	1.460808e-01
25987	8.316594e-02	5.495750e-01	2.115743e-02	2.644679e-02	1.385385e-01	6.054941e-02	6.637486e-01	9.549924e-01
30351	1.889157e-01	7.164799e-01	5.090814e-02	6.363518e-02	3.333457e-01	3.332081e-01	7.374109e-01	2.041953e-02
5473	6.112903e-01	7.543733e-01	5.679952e-02	7.099940e-02	3.719224e-01	3.181543e-01	6.239590e-01	7.242631e-01
13645	2.999014e-01	2.151253e-01	3.211607e-02	4.014508e-02	2.102955e-01	1.926127e-01	2.496548e-03	5.393683e-01
6324	1.635915e-01	4.299118e-01	3.748592e-02	4.685740e-02	2.454572e-01	2.017856e-01	1.865628e-01	6.243504e-01
17476	4.746386e-02	4.515118e-02	4.340377e-02	5.425471e-02	2.842072e-01	1.410599e-01	1.490289e-01	1.746170e-01
29669	8.027896e-02	9.196194e-01	4.149359e-02	5.186699e-02	2.716994e-01	1.920648e-01	2.231015e-02	5.886635e-01
20311	3.230696e-01	4.581210e-01	2.481066e-02	3.101333e-02	1.624598e-01	9.137653e-02	4.100848e-01	2.988726e-01
12430	7.356091e-01	7.606273e-01	3.195371e-02	3.994214e-02	2.092324e-01	1.600568e-01	5.952430e-02	1.176248e-01
28102	1.970631e-01	4.866147e-01	3.896961e-02	4.871201e-02	2.551724e-01	1.748968e-01	2.995205e-01	8.172347e-01
1013	5.597751e-01	8.325847e-01	4.503411e-02	5.629263e-02	2.948826e-01	1.266426e-01	8.264100e-01	4.879964e-02
6376	3.994605e-01	6.939433e-01	5.880289e-02	7.350361e-02	3.850404e-01	1.950312e-01	8.712210e-01	3.071053e-01
7524	6.917391e-01	6.739488e-01	2.773158e-02	3.466448e-02	1.815860e-01	1.613252e-01	7.061879e-01	6.430762e-01
2175	1.766280e-01	8.848393e-01	4.051666e-02	5.064582e-02	2.653024e-01	2.004843e-01	1.220036e-01	7.085733e-01
19502	5.155013e-01	4.715485e-01	2.866631e-02	3.583289e-02	1.877065e-01	1.661295e-01	7.440527e-01	2.932614e-02
13484	4.414172e-01	4.679554e-01	6.609857e-02	8.262322e-02	4.328124e-01	3.900901e-01	1.321806e-01	5.996060e-01
17192	6.145222e-01	8.323250e-02	6.312076e-02	7.890095e-02	4.133138e-01	1.198846e-01	7.780268e-01	2.831665e-01
18528	3.091472e-01	4.868472e-01	2.349635e-02	2.937044e-02	1.538538e-01	4.199330e-02	6.023391e-01	4.207311e-01
9733	7.734598e-01	3.495766e-01	3.346106e-02	4.182633e-02	2.191025e-01	2.154440e-01	2.087377e-02	4.550200e-01
32181	4.696802e-01	1.936583e-01	5.377274e-02	6.721592e-02	3.521031e-01	1.303244e-01	9.767445e-01	4.860124e-01
21075	6.521411e-01	5.679531e-01	2.993543e-02	3.741929e-02	1.960167e-01	1.856979e-01	8.830879e-01	7.032174e-03
16367	5.173040e-01	7.234330e-01	5.600679e-02	7.000849e-02	3.667316e-01	3.548541e-01	1.533196e-01	1.559671e-01
6220	2.858078e-01	5.648822e-01	4.331146e-02	5.413932e-02	2.836028e-01	9.676638e-02	8.467516e-02	4.777330e-01
14917	8.896254e-01	5.113147e-01	6.662145e-02	8.327682e-02	4.362362e-01	4.360642e-01	5.268758e-02	5.069166e-01
15503	6.892453e-01	8.788910e-01	3.875683e-02	4.844604e-02	2.537791e-01	2.136955e-01	9.169735e-01	8.968527e-01
23745	4.065187e-01	7.142585e-02	2.658187e-02	3.322733e-02	1.740576e-01	1.298728e-01	2.945292e-01	2.310480e-01
7806	4.937190e-01	3.495288e-01	2.557330e-02	3.196663e-02	1.674536e-01	1.278442e-01	9.052197e-01	9.727373e-02
17794	7.012702e-01	6.068061e-01	2.346932e-02	2.933664e-02	1.536767e-01	7.532525e-02	5.792956e-01	7.098830e-01
24574	9.112539e-02	4.553683e-01	4.803134e-02	6.003917e-02	3.145084e-01	1.661900e-01	6.646313e-01	2.087713e-01
21463	2.023388e-01	3.224807e-01	3.027304e-02	3.784129e-02	1.982274e-01	1.550546e-01	2.524600e-01	2.499056e-01
7168	6.236687e-01	4.183864e-01	2.383663e-02	2.979578e-02	1.560819e-01	7.681861e-02	6.800789e-01	9.248019e-01
22945	1.064325e-01	7.901901e-01	4.568855e-02	5.711069e-02	2.991679e-01	2.877062e-01	6.842458e-01	2.466460e-01
27015	8.390230e-01	3.114858e-01	4.972735e-02	6.215919e-02	3.256139e-01	9.093813e-02	5.451622e-02	2.384540e-01
11741	9.119154e-01	9.403486e-02	3.324955e-02	4.156193e-02	2.177175e-01	1.078030e-01	3.520901e-01	7.061667e-02
27242	2.779151e-01	6.994210e-01	2.237974e-02	2.797467e-02	1.465422e-01	1.275861e-01	7.682241e-01	9.966617e-02
