26577	1.011046e-01	2.264484e-01	5.017315e-02	6.271644e-02	3.285330e-01	3.249836e-01	4.431156e-01	6.521661e-01
7782	4.900419e-01	6.174337e-01	2.263322e-02	2.829153e-02	1.482020e-01	1.452570e-01	7.006399e-02	5.323596e-01
11417	9.349511e-01	3.687240e-01	2.118346e-02	2.647932e-02	1.387090e-01	1.386401e-01	5.522713e-01	8.306278e-01
25537	4.900611e-01	6.950243e-01	7.677641e-02	9.597051e-02	5.027307e-01	4.268551e-01	6.280882e-01	9.879552e-01
17647	2.707696e-01	1.345276e-01	3.068013e-02	3.835017e-02	2.008930e-01	1.715777e-01	1.859513e-01	4.093368e-02
7106	8.619728e-01	4.932114e-01	6.242575e-02	7.803219e-02	4.087628e-01	3.099498e-01	4.033445e-01	2.008871e-01
20748	5.944471e-01	7.816520e-01	2.237267e-02	2.796583e-02	1.464959e-01	6.784940e-02	8.437998e-02	1.322622e-01
23431	8.635417e-01	6.554889e-01	3.900375e-02	4.875469e-02	2.553960e-01	2.549156e-01	9.415666e-01	2.837287e-01
17326	3.262274e-01	2.524080e-01	2.292600e-02	2.865750e-02	1.501191e-01	1.365043e-01	6.337482e-01	1.877793e-01
23729	4.373783e-01	5.787184e-01	5.094375e-02	6.367969e-02	3.335789e-01	1.734641e-01	4.380580e-01	3.083021e-01
17493	5.706693e-01	4.406752e-01	2.303969e-02	2.879962e-02	1.508635e-01	1.417618e-01	2.496892e-01	4.732834e-01
21887	3.054911e-01	6.443516e-01	2.443725e-02	3.054656e-02	1.600147e-01	1.576574e-01	4.722262e-01	3.148727e-01
4459	6.750305e-01	7.618815e-01	2.135530e-02	2.669412e-02	1.398342e-01	4.690551e-02	7.506524e-01	6.782641e-01
19883	7.882100e-01	9.394329e-01	2.458175e-02	3.072719e-02	1.609609e-01	1.564773e-01	1.440591e-01	7.876110e-01
22156	2.403593e-01	6.267271e-01	2.349903e-02	2.937379e-02	1.538713e-01	8.538745e-02	3.524729e-01	7.028663e-01
27945	8.980573e-01	2.170039e-01	5.580858e-02	6.976072e-02	3.654337e-01	3.654104e-01	5.990440e-02	2.187427e-01
10776	7.454306e-01	7.557922e-01	4.577433e-02	5.721792e-02	2.997296e-01	1.955645e-01	2.785547e-02	5.850109e-01
20228	9.174815e-01	7.970693e-01	3.616793e-02	4.520991e-02	2.368271e-01	2.368063e-01	5.414153e-01	1.411951e-01
25604	5.796300e-01	2.873097e-01	5.246033e-02	6.557542e-02	3.435095e-01	2.532204e-01	8.165727e-01	7.518692e-01
2888	5.226192e-01	4.353989e-01	3.910250e-02	4.887812e-02	2.560426e-01	2.120897e-01	7.736329e-01	2.146157e-01
17174	7.182887e-01	4.735958e-02	2.194743e-02	2.743429e-02	1.437114e-01	1.437078e-01	1.194613e-01	3.553574e-01
4740	1.325861e-01	5.524415e-01	3.111353e-02	3.889191e-02	2.037309e-01	2.025401e-01	5.962430e-01	4.950309e-02
11987	9.014268e-01	9.005128e-01	2.374652e-02	2.968315e-02	1.554919e-01	1.048086e-01	2.565633e-01	3.466289e-01
12928	6.700620e-01	9.669172e-02	4.559384e-02	5.699230e-02	2.985478e-01	2.897897e-01	6.526467e-01	2.998952e-01
5340	3.441310e-01	3.984840e-01	4.016518e-02	5.020648e-02	2.630010e-01	1.104350e-01	8.088965e-01	3.759015e-01
4706	8.005925e-01	1.299735e-01	3.352775e-02	4.190969e-02	2.195392e-01	2.182710e-01	9.906565e-01	3.987975e-01
32747	4.023244e-01	4.813800e-02	3.328453e-02	4.160566e-02	2.179466e-01	8.498822e-02	4.994660e-01	1.167962e-01
580	3.687736e-01	4.709814e-01	2.945716e-02	3.682145e-02	1.928850e-01	1.795441e-01	6.817456e-01	4.314805e-01
13237	3.981721e-02	1.618369e-01	2.970480e-02	3.713100e-02	1.945065e-01	1.862896e-01	9.216794e-02	3.163399e-01
19381	8.589042e-01	9.606102e-02	5.906279e-02	7.382849e-02	3.867422e-01	1.368626e-01	1.186263e-01	5.963659e-01
18106	4.356857e-01	3.962319e-01	2.466977e-02	3.083721e-02	1.615373e-01	1.279455e-01	5.435214e-01	2.111392e-04
10525	4.780512e-01	3.923085e-01	3.108300e-02	3.885375e-02	2.035310e-01	1.259914e-01	4.231141e-01	1.547210e-01
4487	4.590441e-01	7.665585e-01	4.342894e-02	5.428617e-02	2.843720e-01	1.104075e-01	8.487783e-01	8.114610e-01
9327	5.292829e-01	5.414912e-01	4.184991e-02	5.231239e-02	2.740326e-01	1.861103e-01	4.833125e-01	5.818061e-01
31917	1.911316e-01	9.095909e-01	2.666995e-02	3.333744e-02	1.746344e-01	1.239725e-01	9.690217e-01	2.049518e-01
20026	2.633984e-01	8.653652e-01	3.250335e-02	4.062919e-02	2.128315e-01	2.101390e-01	2.579141e-03	1.565860e-01
4886	8.937373e-01	7.113057e-01	2.350892e-02	2.938616e-02	1.539361e-01	1.377032e-01	8.481009e-01	7.951149e-01
25271	4.610272e-01	2.293804e-01	2.467548e-02	3.084434e-02	1.615746e-01	1.438245e-01	5.193543e-01	6.460619e-02
19819	7.572183e-01	1.926995e-01	6.415879e-02	8.019849e-02	4.201108e-01	3.030993e-01	5.225196e-01	6.732426e-01
1755	5.028603e-01	5.288948e-02	3.521356e-02	4.401695e-02	2.305779e-01	2.261370e-01	1.917609e-01	8.690935e-01
27814	1.914658e-01	2.288894e-01	2.147768e-02	2.684710e-02	1.406355e-01	5.284617e-02	1.465425e-01	7.561683e-01
4815	2.468349e-01	5.795377e-01	6.633908e-02	8.292385e-02	4.343873e-01	2.589518e-01	2.882301e-01	3.370137e-01
9137	9.251534e-01	5.731391e-01	5.349395e-02	6.686744e-02	3.502776e-01	3.449868e-01	9.351008e-01	1.561434e-01
12048	1.097339e-01	6.694922e-01	4.162772e-02	5.203465e-02	2.725777e-01	2.079708e-01	8.820077e-01	9.989316e-02
27808	1.777465e-01	2.719502e-01	2.249060e-02	2.811324e-02	1.472681e-01	1.082384e-01	4.474854e-01	8.463530e-01
2538	1.171374e-01	4.905701e-01	3.267079e-02	4.083848e-02	2.139278e-01	5.808088e-02	1.397239e-01	1.338907e-01
25730	9.407278e-02	7.065820e-02	2.332954e-02	2.916192e-02	1.527614e-01	1.193338e-01	2.429612e-02	5.021548e-01
9676	7.060057e-01	1.233305e-01	2.586094e-02	3.232617e-02	1.693370e-01	1.423977e-01	1.086404e-01	6.246439e-01
8741	5.348824e-01	9.562096e-01	3.170273e-02	3.962842e-02	2.075890e-01	2.069332e-01	5.132746e-01	7.981950e-01
22210	1.623986e-01	8.030928e-01	3.799542e-02	4.749427e-02	2.487934e-01	1.873098e-01	9.402452e-01	4.210988e-01
29863	4.264135e-01	2.605616e-01	2.271141e-02	2.838926e-02	1.487140e-01	1.046626e-01	9.439751e-01	7.993216e-01
12901	7.024031e-01	6.624955e-01	2.435994e-02	3.044992e-02	1.595085e-01	6.158842e-02	3.093733e-01	3.194032e-01
5625	2.730269e-01	2.424865e-01	2.162975e-02	2.703719e-02	1.416313e-01	1.404414e-01	8.504034e-01	2.233319e-01
31066	3.943775e-01	3.015065e-01	3.689974e-02	4.612468e-02	2.416189e-01	7.981714e-02	5.237465e-01	9.759200e-01
5342	4.869642e-01	2.707311e-01	2.285902e-02	2.857378e-02	1.496805e-01	1.088611e-01	4.871113e-01	1.832538e-01
20773	6.322868e-01	4.774362e-01	4.901979e-02	6.127473e-02	3.209808e-01	3.069001e-01	9.933551e-01	5.680538e-01
28343	4.177834e-01	8.869681e-01	3.418653e-02	4.273316e-02	2.238528e-01	2.186858e-01	6.585906e-01	5.122287e-01
8018	8.232717e-01	9.068001e-01	3.719003e-02	4.648753e-02	2.435197e-01	2.266262e-01	7.718265e-01	8.098260e-01
401	9.158348e-01	6.631848e-01	2.173308e-02	2.716635e-02	1.423079e-01	1.003399e-01	8.241478e-01	5.259823e-02
7389	2.065042e-01	1.250433e-01	3.769988e-02	4.712485e-02	2.468582e-01	2.298404e-01	1.409945e-01	9.892355e-01
7538	4.869982e-01	3.601462e-01	2.318730e-02	2.898413e-02	1.518301e-01	8.033697e-02	1.406650e-01	8.139296e-01
1014	6.810802e-01	5.816708e-01	2.752742e-02	3.440928e-02	1.802491e-01	1.470293e-01	3.550252e-01	8.277564e-01
22986	6.096361e-02	8.401459e-01	3.209766e-02	4.012208e-02	2.101750e-01	1.978117e-01	5.910394e-01	5.195180e-02
16714	7.976706e-01	3.393010e-01	5.170102e-02	6.462628e-02	3.385375e-01	1.652663e-01	2.033946e-01	5.818339e-01
30476	6.130246e-01	1.590451e-01	6.833226e-02	8.541532e-02	4.474386e-01	2.060047e-01	2.292496e-01	7.292304e-01
14793	6.491149e-01	6.307829e-01	3.233184e-02	4.041480e-02	2.117084e-01	1.593782e-01	5.609840e-01	6.227004e-01
10626	3.556769e-01	8.417648e-01	4.848648e-02	6.060810e-02	3.174887e-01	2.911635e-01	5.274548e-01	7.592722e-01
27414	1.061083e-01	9.544102e-01	2.523551e-02	3.154438e-02	1.652417e-01	1.424132e-01	3.786846e-01	4.982608e-01
8425	8.443461e-01	3.068608e-01	4.579662e-02	5.724577e-02	2.998755e-01	1.689808e-01	5.944941e-01	7.579540e-01
3125	3.229491e-01	4.895334e-01	2.365488e-02	2.956860e-02	1.548918e-01	7.889030e-02	7.299408e-01	6.784217e-01
2370	5.678840e-01	8.238123e-01	2.973386e-02	3.716733e-02	1.946969e-01	1.893306e-01	8.808669e-01	2.620039e-01
17725	3.594340e-01	3.607678e-02	2.161471e-02	2.701839e-02	1.415328e-01	6.162892e-02	1.191482e-01	6.192506e-01
24148	7.323946e-01	4.255864e-01	6.253215e-02	7.816518e-02	4.094595e-01	2.820348e-01	1.349463e-01	1.789976e-01
5039	2.790603e-01	7.488580e-02	3.193493e-02	3.991867e-02	2.091094e-01	2.081849e-01	2.163274e-01	7.018961e-01
31808	8.179137e-01	2.676453e-01	2.154677e-02	2.693346e-02	1.410879e-01	6.746729e-02	8.665280e-01	6.053612e-01
20050	3.638156e-01	1.831341e-01	6.670560e-02	8.338200e-02	4.367872e-01	2.397183e-01	7.472402e-01	1.619192e-01
