30123	6.530609e-01	4.782768e-01	7.573023e-02	9.466278e-02	4.958803e-01	4.924258e-01	1.260098e-02	6.674439e-01
28674	7.387205e-02	7.089589e-01	3.775066e-02	4.718833e-02	2.471907e-01	2.095974e-01	4.165682e-01	8.508312e-01
23509	7.786031e-01	8.758079e-01	3.239979e-02	4.049973e-02	2.121533e-01	1.398905e-01	9.834864e-01	3.155009e-01
3740	8.764733e-01	5.613140e-01	2.630556e-02	3.288195e-02	1.722484e-01	1.432068e-01	3.160948e-01	3.343192e-01
4111	5.878622e-02	6.662905e-01	2.388866e-02	2.986082e-02	1.564225e-01	8.722832e-02	5.329986e-02	9.495838e-01
11100	6.429184e-01	1.566475e-01	3.960378e-02	4.950472e-02	2.593249e-01	2.589728e-01	1.230817e-01	3.254691e-01
31126	9.111284e-01	2.807599e-01	3.127341e-02	3.909176e-02	2.047778e-01	1.638369e-01	4.961158e-01	1.336911e-01
30262	1.949150e-01	8.128240e-01	4.155883e-02	5.194853e-02	2.721265e-01	2.337361e-01	9.111699e-01	1.252279e-01
2023	7.699522e-01	1.099596e-01	4.153162e-02	5.191452e-02	2.719484e-01	2.637055e-01	8.867161e-01	7.065210e-01
7311	5.553325e-01	1.439214e-01	4.834739e-02	6.043423e-02	3.165779e-01	1.509345e-01	5.131842e-01	2.302449e-02
18947	3.483398e-02	5.385865e-01	2.306438e-02	2.883047e-02	1.510252e-01	1.009462e-01	9.846836e-01	2.367684e-01
27111	8.147683e-01	2.471443e-01	4.390816e-02	5.488520e-02	2.875099e-01	1.256784e-01	3.647817e-02	9.933802e-01
22615	9.248626e-01	6.649158e-01	3.070594e-02	3.838242e-02	2.010620e-01	6.212410e-02	1.580335e-01	9.242394e-01
16777	2.880729e-01	7.930121e-02	2.269742e-02	2.837177e-02	1.486223e-01	1.469620e-01	9.383488e-01	9.733684e-02
6969	2.159987e-01	6.510852e-01	7.579557e-02	9.474447e-02	4.963082e-01	1.396422e-01	2.279438e-02	8.065542e-01
31292	4.251310e-01	7.698273e-02	3.825347e-02	4.781684e-02	2.504831e-01	1.472192e-01	3.086074e-03	5.427845e-01
13037	6.012978e-02	2.214580e-01	5.654752e-02	7.068440e-02	3.702723e-01	3.485224e-01	2.648665e-01	2.947939e-01
16141	1.989743e-01	7.461849e-01	3.709665e-02	4.637081e-02	2.429083e-01	2.419358e-01	5.748937e-01	9.159618e-01
28243	4.085583e-01	3.518481e-01	2.253289e-02	2.816611e-02	1.475450e-01	1.193347e-01	3.278211e-01	5.195681e-01
9704	2.185674e-01	8.126180e-02	4.584311e-02	5.730388e-02	3.001799e-01	2.761325e-01	5.559937e-01	3.250634e-01
19266	7.261424e-01	1.800474e-01	4.996481e-02	6.245601e-02	3.271688e-01	2.017262e-01	4.830911e-01	8.122330e-01
3712	7.331442e-02	4.829072e-01	2.072913e-02	2.591141e-02	1.357340e-01	7.038174e-02	9.036618e-01	4.616553e-01
3676	5.405623e-01	3.880443e-01	2.553442e-02	3.191802e-02	1.671990e-01	1.593454e-01	1.676753e-02	2.011387e-01
2875	8.798342e-01	4.171509e-01	5.127600e-02	6.409500e-02	3.357544e-01	3.351981e-01	2.774696e-01	8.709125e-01
2777	4.436628e-01	3.655157e-01	2.465245e-02	3.081556e-02	1.614239e-01	1.604345e-01	4.322309e-01	1.842186e-01
21722	8.987233e-01	1.219435e-01	2.318559e-02	2.898198e-02	1.518189e-01	1.445437e-01	9.985098e-01	8.432506e-01
10499	7.516580e-01	6.889691e-01	3.872666e-02	4.840832e-02	2.535815e-01	1.062254e-01	9.802165e-01	3.715608e-02
19931	7.320160e-01	6.117521e-01	2.244098e-02	2.805122e-02	1.469432e-01	7.308319e-02	8.844306e-01	9.420840e-01
28705	8.934538e-01	8.854809e-01	5.654731e-02	7.068414e-02	3.702709e-01	3.592387e-01	6.424945e-01	2.849299e-01
11850	7.778035e-01	5.178515e-01	3.995620e-02	4.994525e-02	2.616326e-01	7.914467e-02	8.685717e-01	2.898053e-01
21573	2.595578e-01	5.212699e-02	4.006609e-02	5.008261e-02	2.623521e-01	1.020998e-01	2.093893e-01	4.009681e-02
29668	2.578464e-01	2.985955e-01	3.209047e-02	4.011309e-02	2.101279e-01	1.029553e-01	3.633705e-01	4.868568e-01
15255	3.529581e-01	3.906628e-01	2.891360e-02	3.614200e-02	1.893258e-01	5.421300e-02	9.711050e-01	8.515061e-01
16224	3.843293e-01	2.354544e-01	2.788717e-02	3.485896e-02	1.826047e-01	1.180859e-01	2.822179e-01	1.667657e-01
27351	5.392094e-01	9.227998e-01	4.227240e-02	5.284050e-02	2.767990e-01	1.122974e-01	2.428343e-01	9.382597e-01
11097	2.075944e-01	4.107727e-01	2.400920e-02	3.001150e-02	1.572119e-01	5.792767e-02	1.407117e-01	1.231523e-01
8687	6.539482e-01	7.549815e-01	2.569489e-02	3.211861e-02	1.682497e-01	1.242364e-01	1.433264e-01	1.396255e-02
3402	6.650787e-02	4.623088e-01	2.352524e-02	2.940655e-02	1.540429e-01	8.815083e-02	8.203733e-01	5.539118e-01
17935	1.846410e-01	8.948917e-01	3.745952e-02	4.682440e-02	2.452844e-01	2.283569e-01	1.013086e-01	9.173711e-02
4549	4.667703e-01	7.717216e-01	4.880600e-02	6.100750e-02	3.195809e-01	2.569338e-01	4.763069e-01	4.840976e-01
11547	7.747318e-01	6.361725e-01	2.336409e-02	2.920511e-02	1.529877e-01	1.126763e-01	8.743965e-01	3.342095e-01
27892	1.493696e-01	7.014572e-01	5.052779e-02	6.315973e-02	3.308552e-01	3.214228e-01	8.524228e-01	7.299770e-01
8529	5.199880e-01	8.106036e-01	5.912855e-02	7.391069e-02	3.871728e-01	2.172371e-01	8.717045e-01	4.615777e-01
24305	1.409837e-01	8.233058e-01	4.646772e-02	5.808465e-02	3.042699e-01	2.017951e-01	9.137321e-03	1.526579e-01
9380	8.616595e-01	6.068565e-01	3.027368e-02	3.784210e-02	1.982316e-01	1.903990e-01	3.213767e-01	4.243382e-01
21679	9.196029e-01	3.433445e-01	5.844455e-02	7.305569e-02	3.826940e-01	1.996101e-01	4.468201e-01	7.675896e-01
12521	3.890318e-01	1.643057e-01	3.346921e-02	4.183652e-02	2.191559e-01	2.103088e-01	8.225625e-01	7.553988e-01
17580	7.646824e-01	7.856910e-01	2.759425e-02	3.449281e-02	1.806867e-01	1.595969e-01	8.975477e-02	7.657697e-01
19166	3.872089e-01	4.991636e-01	2.274723e-02	2.843404e-02	1.489485e-01	8.942914e-02	4.943612e-01	4.643367e-01
13468	7.422497e-01	4.672889e-02	2.737388e-02	3.421735e-02	1.792437e-01	7.915082e-02	5.742004e-01	9.815751e-02
20151	8.665114e-01	2.575099e-01	4.433286e-02	5.541608e-02	2.902909e-01	2.024468e-01	7.421017e-01	8.603635e-01
27564	3.333486e-01	5.986912e-01	2.638034e-02	3.297542e-02	1.727381e-01	1.404106e-01	9.074071e-01	2.850133e-01
10221	1.777896e-01	2.409472e-01	7.482800e-02	9.353500e-02	4.899726e-01	4.890683e-01	8.118815e-01	5.283194e-01
24012	1.133760e-01	5.846934e-01	6.680092e-02	8.350115e-02	4.374114e-01	3.725204e-01	1.102368e-01	7.402276e-01
30593	5.990312e-01	9.507036e-01	2.131655e-02	2.664569e-02	1.395805e-01	1.278251e-01	6.520155e-01	9.556299e-01
13906	6.094996e-01	8.004027e-01	6.530828e-02	8.163535e-02	4.276376e-01	4.264093e-01	9.947353e-02	5.210348e-01
11248	7.276471e-01	6.615527e-01	3.573809e-02	4.467261e-02	2.340124e-01	1.829031e-01	7.470425e-01	5.690393e-01
13960	1.883520e-01	5.149349e-01	3.412960e-02	4.266200e-02	2.234801e-01	1.185811e-01	9.918581e-01	8.091407e-01
29962	4.081616e-01	1.995735e-01	3.141410e-02	3.926762e-02	2.056990e-01	6.366913e-02	8.326420e-01	6.330216e-02
29182	7.829397e-02	8.867698e-01	2.457536e-02	3.071920e-02	1.609191e-01	1.070563e-01	1.476175e-01	7.234180e-01
11886	3.978147e-01	8.462363e-01	3.145465e-02	3.931832e-02	2.059646e-01	1.655069e-01	4.058931e-01	1.928932e-01
20270	6.377499e-01	5.793349e-01	3.220804e-02	4.026005e-02	2.108977e-01	2.068089e-01	8.079645e-01	7.679073e-01
12667	6.772090e-01	2.559569e-01	2.703120e-02	3.378900e-02	1.769999e-01	4.796825e-02	5.807354e-01	8.906729e-03
26496	2.995935e-01	6.635677e-01	2.080913e-02	2.601141e-02	1.362578e-01	8.715716e-02	2.139201e-01	5.718055e-01
23127	7.095920e-01	7.411318e-01	3.876644e-02	4.845806e-02	2.538421e-01	1.531283e-01	8.653981e-01	6.422975e-01
31037	4.821878e-01	3.251957e-01	2.134185e-02	2.667732e-02	1.397461e-01	8.830115e-02	7.347140e-01	8.046495e-01
6310	8.666724e-01	8.296925e-01	2.067024e-02	2.583780e-02	1.353484e-01	1.117759e-01	9.637898e-01	3.346772e-01
5998	2.917474e-01	5.384217e-01	3.037183e-02	3.796478e-02	1.988743e-01	8.697342e-02	9.154935e-01	2.230771e-02
27060	4.581932e-01	8.812725e-01	2.433030e-02	3.041287e-02	1.593144e-01	1.055870e-01	1.310282e-01	8.519510e-01
7348	5.040087e-01	4.064122e-02	3.618515e-02	4.523144e-02	2.369398e-01	1.630386e-01	9.468924e-01	1.427676e-01
11451	3.757770e-01	3.195367e-01	2.832252e-02	3.540315e-02	1.854554e-01	1.510040e-01	1.639735e-01	1.084732e-01
3861	2.987070e-02	3.093042e-01	2.390909e-02	2.988636e-02	1.565563e-01	1.268087e-01	3.876301e-01	7.711964e-01
30027	8.281481e-01	3.552510e-01	2.127040e-02	2.658800e-02	1.392782e-01	1.302259e-01	6.706149e-01	1.092476e-01
30726	3.444239e-01	2.605503e-01	6.573251e-02	8.216564e-02	4.304155e-01	4.003524e-01	7.712101e-01	5.351799e-01
13016	1.069914e-01	3.166316e-01	2.083861e-02	2.604826e-02	1.364509e-01	1.210919e-01	3.895453e-01	5.761376e-01
