22517	7.548198e-01	8.706212e-01	2.411833e-02	3.014791e-02	1.579264e-01	9.005551e-02	1.824502e-01	8.551421e-01
25139	6.464910e-01	2.668889e-01	2.921386e-02	3.651732e-02	1.912919e-01	1.062616e-01	1.412629e-01	9.102897e-02
2078	7.226143e-01	7.226632e-02	2.677358e-02	3.346697e-02	1.753130e-01	5.642827e-02	8.107187e-01	4.923594e-01
18724	1.668796e-01	3.217041e-01	4.771912e-02	5.964890e-02	3.124640e-01	8.806210e-02	1.288082e-01	2.054762e-01
4593	1.336940e-01	4.253097e-01	2.088767e-02	2.610959e-02	1.367722e-01	1.366651e-01	7.701986e-01	9.487662e-01
2316	7.638067e-01	6.033783e-01	2.293971e-02	2.867464e-02	1.502089e-01	9.885999e-02	8.790668e-02	7.619976e-01
708	3.272533e-01	5.882708e-01	7.445142e-02	9.306427e-02	4.875067e-01	4.845032e-01	3.988839e-01	3.144586e-01
12545	7.813679e-01	2.654576e-01	2.671640e-02	3.339550e-02	1.749386e-01	1.553628e-01	3.907723e-01	2.835649e-01
8149	1.528276e-01	3.752054e-01	5.412205e-02	6.765257e-02	3.543904e-01	2.922235e-01	1.036370e-01	4.196884e-01
21207	6.007460e-01	2.411801e-01	2.372900e-02	2.966125e-02	1.553771e-01	1.549346e-01	8.109912e-01	2.914911e-01
21068	7.958934e-01	4.974071e-01	3.747404e-02	4.684255e-02	2.453795e-01	1.301568e-01	6.945935e-01	6.247035e-01
28954	4.761012e-01	1.837375e-01	2.330105e-02	2.912631e-02	1.525749e-01	1.342220e-01	1.532972e-01	4.460231e-01
14115	7.487376e-01	5.293285e-01	2.990450e-02	3.738063e-02	1.958142e-01	1.582466e-01	8.177734e-01	1.385506e-01
13391	8.179694e-01	1.958580e-01	5.175193e-02	6.468992e-02	3.388709e-01	3.382135e-01	5.150567e-01	5.778895e-01
11226	7.765448e-02	2.647292e-01	2.209825e-02	2.762281e-02	1.446990e-01	1.136516e-01	6.380960e-01	3.403415e-01
29152	5.455286e-01	1.613117e-01	4.242887e-02	5.303608e-02	2.778235e-01	1.792072e-01	5.918408e-01	6.449388e-01
30146	5.218073e-01	7.910890e-01	3.567871e-02	4.459838e-02	2.336236e-01	9.086997e-02	4.945520e-01	5.112906e-01
31804	8.941543e-02	1.203330e-01	3.414943e-02	4.268679e-02	2.236100e-01	6.001269e-02	6.658885e-01	2.970056e-01
6041	5.847852e-01	8.671695e-01	3.160628e-02	3.950785e-02	2.069574e-01	1.242291e-01	5.279472e-01	2.149973e-01
32728	5.656269e-01	6.820486e-01	4.418727e-02	5.523409e-02	2.893376e-01	1.963341e-01	7.513054e-01	8.641548e-01
20144	5.547591e-01	5.597203e-01	3.796462e-02	4.745577e-02	2.485917e-01	2.485845e-01	4.451142e-01	3.851766e-01
8850	1.095358e-01	4.935421e-01	4.761532e-02	5.951916e-02	3.117844e-01	2.547166e-01	9.852333e-01	5.609026e-01
16235	9.488060e-01	8.080725e-01	4.501972e-02	5.627465e-02	2.947884e-01	2.754064e-01	9.144418e-01	6.615261e-01
23950	4.934689e-01	8.055237e-01	2.892915e-02	3.616144e-02	1.894276e-01	7.220751e-02	8.012811e-01	1.303079e-01
10863	4.508614e-01	2.590360e-01	5.634556e-02	7.043196e-02	3.689499e-01	3.165326e-01	9.005666e-01	7.188678e-02
13233	6.293712e-01	6.184520e-01	4.015795e-02	5.019744e-02	2.629536e-01	2.522120e-01	9.637239e-01	4.186997e-01
27509	2.653595e-01	7.811153e-01	7.190462e-02	8.988077e-02	4.708303e-01	4.245893e-01	1.214319e-01	3.162603e-01
1623	7.956146e-02	9.533754e-01	4.257398e-02	5.321747e-02	2.787737e-01	1.778428e-01	4.673707e-01	7.190906e-01
23967	8.960355e-02	2.160884e-01	3.432732e-02	4.290914e-02	2.247747e-01	7.374971e-02	4.408524e-01	1.613840e-01
17527	3.704946e-01	6.952393e-01	7.868975e-02	9.836219e-02	5.152593e-01	5.064133e-01	3.886404e-02	8.138517e-01
21003	7.053721e-01	5.509023e-02	2.247120e-02	2.808900e-02	1.471411e-01	1.414259e-01	5.540641e-01	2.126045e-01
912	6.596334e-01	6.915671e-01	2.994834e-02	3.743542e-02	1.961013e-01	1.510076e-01	7.906709e-01	8.968464e-02
23412	2.534493e-01	8.579061e-01	3.178965e-02	3.973706e-02	2.081581e-01	1.831148e-01	3.433121e-01	5.930441e-01
31718	4.633113e-01	4.211920e-01	3.290551e-02	4.113189e-02	2.154648e-01	7.392878e-02	3.263153e-01	8.675454e-01
18076	5.515032e-01	8.183631e-01	3.502795e-02	4.378494e-02	2.293625e-01	1.242813e-01	9.442645e-01	6.640221e-01
31628	8.024288e-01	6.898984e-01	2.459612e-02	3.074515e-02	1.610550e-01	1.556325e-01	7.446135e-01	8.429449e-02
14991	6.630258e-01	6.277847e-01	2.255638e-02	2.819547e-02	1.476988e-01	8.316839e-02	8.941461e-01	8.359875e-01
28431	4.846892e-01	4.549743e-01	5.622980e-02	7.028726e-02	3.681919e-01	1.688727e-01	9.630503e-01	9.731020e-01
4056	7.952931e-01	9.226243e-01	5.140515e-02	6.425644e-02	3.366001e-01	2.626303e-01	6.371134e-01	5.336182e-01
13977	3.894321e-01	4.228240e-01	7.603307e-02	9.504133e-02	4.978633e-01	4.590778e-01	8.392510e-02	8.576718e-02
31970	9.504412e-01	2.935134e-01	2.429968e-02	3.037460e-02	1.591139e-01	1.138333e-01	5.827662e-01	1.680704e-01
12653	6.520713e-01	4.731628e-01	2.767842e-02	3.459803e-02	1.812379e-01	7.770175e-02	3.707806e-01	8.861846e-01
24217	6.658534e-01	8.905819e-01	5.721576e-02	7.151970e-02	3.746479e-01	2.412564e-01	5.808509e-02	9.667032e-01
2564	5.576335e-01	9.294240e-01	2.794803e-02	3.493504e-02	1.830033e-01	1.536893e-01	2.786008e-01	7.388792e-01
12102	8.760879e-01	3.933037e-01	2.064063e-02	2.580079e-02	1.351546e-01	6.694605e-02	9.779114e-02	9.562399e-01
8301	2.017852e-01	7.987423e-01	2.061730e-02	2.577162e-02	1.350017e-01	1.038510e-01	1.609438e-02	4.525659e-01
853	2.745016e-01	4.565629e-01	5.203545e-02	6.504431e-02	3.407273e-01	1.786330e-01	5.286824e-01	6.493085e-01
1113	2.628623e-01	3.188733e-01	3.773136e-02	4.716419e-02	2.470643e-01	1.643473e-01	3.188390e-01	2.993765e-01
20252	6.470839e-01	9.720106e-01	2.423045e-02	3.028807e-02	1.586606e-01	5.059578e-02	5.799391e-01	2.871292e-03
12654	3.394745e-01	3.834308e-01	5.011321e-02	6.264151e-02	3.281405e-01	1.766586e-01	5.509537e-01	5.243670e-02
29316	2.925228e-01	8.741477e-01	4.346928e-02	5.433659e-02	2.846361e-01	7.530673e-02	2.098369e-01	6.643042e-01
18740	8.361743e-01	8.629068e-01	4.228555e-02	5.285693e-02	2.768851e-01	1.819090e-01	2.611498e-01	6.124403e-01
29750	1.927039e-01	1.951787e-01	6.615427e-02	8.269283e-02	4.331771e-01	3.430356e-01	8.756858e-01	8.141550e-01
5444	6.837338e-01	1.411165e-01	2.581565e-02	3.226957e-02	1.690405e-01	1.291384e-01	9.766054e-01	8.499593e-01
21502	4.529493e-01	3.623870e-01	3.215601e-02	4.019501e-02	2.105570e-01	1.788317e-01	1.349318e-02	7.948647e-01
27035	3.329890e-01	8.629748e-01	2.209127e-02	2.761408e-02	1.446533e-01	1.276702e-01	7.686875e-01	2.936754e-01
29953	7.025075e-01	4.889274e-01	4.397625e-02	5.497031e-02	2.879558e-01	1.620230e-01	5.607154e-01	9.130263e-01
24895	4.639778e-01	5.232789e-01	3.745537e-02	4.681922e-02	2.452572e-01	2.386719e-01	5.980488e-01	9.188418e-01
8883	6.821956e-01	5.925437e-01	2.481951e-02	3.102439e-02	1.625178e-01	5.525787e-02	1.384268e-01	2.003059e-01
28493	6.385093e-01	4.073492e-01	3.008969e-02	3.761212e-02	1.970268e-01	1.953724e-01	9.589557e-01	3.190809e-01
21845	6.852887e-01	7.940647e-01	3.737522e-02	4.671903e-02	2.447324e-01	2.223708e-01	6.198131e-01	1.759044e-01
222	1.258053e-01	1.360489e-01	2.583465e-02	3.229331e-02	1.691649e-01	1.087230e-01	7.976652e-01	2.893994e-01
18070	4.516569e-01	9.145250e-01	2.700741e-02	3.375926e-02	1.768441e-01	5.616234e-02	3.185376e-01	6.482649e-01
4992	5.673361e-01	2.831603e-01	2.421533e-02	3.026916e-02	1.585616e-01	7.972326e-02	3.433290e-01	1.672170e-01
13073	5.871248e-02	6.414995e-01	2.801325e-02	3.501656e-02	1.834303e-01	7.731809e-02	4.939737e-01	6.998155e-01
6031	6.913383e-01	4.237932e-01	4.172887e-02	5.216108e-02	2.732400e-01	2.317109e-01	5.233550e-01	1.793552e-02
31672	5.210459e-01	8.810969e-01	2.566960e-02	3.208700e-02	1.680842e-01	1.651857e-01	1.040489e-01	5.218845e-02
