21041	3.468902e-01	7.822703e-01	4.922713e-02	6.153391e-02	3.223385e-01	1.908160e-01	5.658429e-01	4.534135e-01
17530	7.081561e-01	6.633807e-01	4.389561e-02	5.486951e-02	2.874278e-01	1.976385e-01	6.947067e-01	4.035213e-01
12282	2.072291e-01	7.996443e-01	6.579471e-02	8.224339e-02	4.308227e-01	2.607353e-01	8.484664e-01	8.208580e-02
13433	3.547607e-02	3.505234e-01	2.230717e-02	2.788396e-02	1.460670e-01	7.699144e-02	7.044945e-01	1.211780e-02
5173	7.892810e-01	2.250702e-01	2.229167e-02	2.786459e-02	1.459655e-01	1.434582e-01	6.868420e-01	2.105265e-01
21932	1.137405e-01	6.109092e-01	6.498427e-02	8.123033e-02	4.255160e-01	4.247177e-01	8.643533e-01	5.486907e-01
22770	2.632422e-01	1.829196e-01	7.927954e-02	9.909943e-02	5.191212e-01	4.029810e-01	8.444118e-01	8.063000e-01
19965	4.609245e-02	6.761750e-01	2.919157e-02	3.648946e-02	1.911459e-01	5.647565e-02	1.020144e-01	8.658161e-01
9885	2.766097e-01	5.861626e-01	3.308157e-02	4.135196e-02	2.166176e-01	7.346970e-02	4.869570e-02	6.335377e-01
25091	9.224633e-01	2.014369e-01	4.194228e-02	5.242786e-02	2.746374e-01	1.887585e-01	9.869624e-01	1.081029e-01
18406	5.688460e-02	6.408664e-01	2.088112e-02	2.610141e-02	1.367293e-01	1.365879e-01	5.452309e-01	3.659690e-01
7789	4.143336e-01	6.569158e-01	4.862682e-02	6.078353e-02	3.184077e-01	3.162752e-01	2.455926e-01	7.568086e-01
23989	5.611962e-01	8.864488e-01	2.780537e-02	3.475671e-02	1.820691e-01	1.694788e-01	8.472381e-01	4.152461e-01
26308	4.974544e-01	5.191437e-01	2.889126e-02	3.611407e-02	1.891795e-01	1.760609e-01	7.325989e-01	7.607778e-01
28081	5.419419e-01	4.336114e-01	2.404987e-02	3.006234e-02	1.574782e-01	1.573970e-01	1.319814e-01	5.514855e-01
28746	1.621016e-01	9.069639e-01	2.414323e-02	3.017903e-02	1.580895e-01	1.482877e-01	3.296017e-01	6.437541e-01
17593	2.562805e-01	3.686611e-01	4.097619e-02	5.122024e-02	2.683115e-01	9.854633e-02	7.092656e-01	2.288120e-01
8378	9.063442e-01	5.048585e-01	3.551078e-02	4.438848e-02	2.325240e-01	1.517633e-01	7.539610e-01	8.975959e-01
2103	4.984097e-01	6.561423e-01	2.391362e-02	2.989202e-02	1.565860e-01	1.565426e-01	5.603752e-01	9.860018e-01
14831	4.518462e-01	1.775823e-01	7.619359e-02	9.524199e-02	4.989144e-01	4.552355e-01	3.719304e-01	3.883994e-01
32517	2.545258e-01	1.042836e-01	3.888055e-02	4.860069e-02	2.545892e-01	2.214324e-01	3.732512e-01	1.470238e-01
7100	1.233840e-01	2.561942e-01	2.769407e-02	3.461759e-02	1.813403e-01	1.076330e-01	3.279870e-01	3.366555e-01
11101	2.911110e-01	9.137818e-01	3.577273e-02	4.471592e-02	2.342393e-01	1.838553e-01	9.314028e-01	1.988890e-01
27899	3.966470e-01	8.934267e-01	6.227597e-02	7.784497e-02	4.077821e-01	4.066701e-01	8.659384e-01	9.249992e-01
31511	7.742223e-01	3.234762e-01	2.945279e-02	3.681599e-02	1.928564e-01	1.900632e-01	4.089846e-01	7.154601e-01
15329	9.532573e-01	3.396126e-01	2.203207e-02	2.754009e-02	1.442656e-01	1.330985e-01	4.805411e-01	2.288705e-01
20732	5.678564e-01	7.355395e-01	2.407796e-02	3.009745e-02	1.576621e-01	1.474387e-01	1.074657e-01	2.420576e-01
28640	4.695659e-01	3.148634e-01	5.249398e-02	6.561747e-02	3.437297e-01	3.399289e-01	2.961433e-01	6.339076e-01
29933	2.297401e-01	5.746474e-01	2.194288e-02	2.742860e-02	1.436817e-01	6.317785e-02	8.674514e-01	7.225696e-01
3396	1.930072e-01	2.514139e-01	3.717481e-02	4.646851e-02	2.434201e-01	2.190985e-01	5.699450e-01	5.367962e-01
13036	7.857596e-01	9.663561e-01	2.102277e-02	2.627847e-02	1.376568e-01	1.173721e-01	4.994821e-01	9.895598e-01
14083	7.399747e-01	1.526334e-01	2.604111e-02	3.255139e-02	1.705168e-01	9.243518e-02	6.112593e-02	6.007781e-01
29126	5.347280e-01	4.917308e-01	2.295003e-02	2.868754e-02	1.502764e-01	1.283974e-01	5.160842e-01	1.270101e-02
2485	6.527481e-01	5.784482e-01	2.340028e-02	2.925036e-02	1.532247e-01	7.464160e-02	7.996948e-01	5.114175e-01
74	1.128525e-01	9.399659e-02	2.057030e-02	2.571288e-02	1.346940e-01	1.022853e-01	1.917765e-01	7.125563e-01
10282	3.257517e-01	4.767500e-01	4.193061e-02	5.241326e-02	2.745610e-01	1.085441e-01	7.694851e-01	1.492839e-01
3604	8.888944e-01	3.481297e-01	6.067533e-02	7.584416e-02	3.973011e-01	1.722277e-01	9.541483e-02	4.602854e-01
27953	4.715503e-01	4.935270e-01	3.057309e-02	3.821636e-02	2.001921e-01	2.001452e-01	2.289017e-01	2.165838e-01
23372	8.127603e-01	9.208737e-01	2.877330e-02	3.596662e-02	1.884071e-01	1.062474e-01	3.281579e-01	6.924717e-01
617	3.913250e-02	1.972777e-01	2.483728e-02	3.104660e-02	1.626341e-01	1.545625e-01	3.768465e-01	6.766305e-01
14364	4.872264e-01	7.418203e-01	2.125712e-02	2.657139e-02	1.391913e-01	1.343683e-01	2.360708e-01	5.090764e-01
24210	2.887535e-01	6.358748e-01	4.756923e-02	5.946154e-02	3.114826e-01	2.691263e-01	2.478908e-01	9.749652e-01
291	3.456395e-01	1.838834e-01	3.380777e-02	4.225971e-02	2.213727e-01	1.005049e-01	8.474223e-01	2.403852e-01
28086	8.495592e-01	9.924572e-02	2.141802e-02	2.677253e-02	1.402449e-01	4.176971e-02	8.085070e-01	6.250036e-01
8729	6.626007e-01	4.961042e-01	5.770717e-02	7.213396e-02	3.778657e-01	3.518636e-01	7.744626e-01	7.620636e-01
19534	4.035454e-01	5.763728e-01	2.215366e-02	2.769207e-02	1.450618e-01	1.450445e-01	6.218674e-01	5.717449e-01
29385	7.091930e-01	2.407366e-01	2.053627e-02	2.567033e-02	1.344712e-01	1.317040e-01	2.846295e-02	9.331724e-01
8536	3.443213e-01	1.528158e-01	3.414281e-02	4.267851e-02	2.235666e-01	8.482511e-02	7.290911e-02	7.851276e-01
32604	5.371269e-01	7.107108e-01	2.821006e-02	3.526257e-02	1.847190e-01	1.817400e-01	3.554649e-01	3.879994e-01
24933	5.626592e-01	9.619803e-01	2.623405e-02	3.279256e-02	1.717801e-01	4.889415e-02	9.940735e-01	2.209405e-01
12451	8.353887e-01	5.136626e-01	2.415804e-02	3.019755e-02	1.581865e-01	1.174847e-01	7.798388e-01	9.508593e-01
2402	5.087992e-01	7.673084e-02	5.442915e-02	6.803644e-02	3.564013e-01	3.444757e-01	3.887733e-01	3.841758e-01
24982	3.479669e-01	8.500007e-02	5.906491e-02	7.383114e-02	3.867561e-01	3.746481e-01	8.466434e-01	9.013870e-01
21913	5.151657e-02	5.706107e-01	4.600568e-02	5.750710e-02	3.012445e-01	2.227712e-01	7.007258e-01	4.384828e-01
15168	1.760328e-01	7.383712e-02	4.754089e-02	5.942611e-02	3.112970e-01	2.971393e-01	5.072972e-02	1.981963e-01
32365	3.114441e-01	4.516126e-01	2.282632e-02	2.853290e-02	1.494664e-01	1.493426e-01	7.671486e-01	5.009672e-01
5460	7.294697e-01	3.797907e-01	7.475717e-02	9.344647e-02	4.895088e-01	4.173917e-01	2.625015e-01	4.807976e-01
30123	7.594854e-01	1.099862e-01	2.404955e-02	3.006194e-02	1.574761e-01	1.126988e-01	2.181010e-01	2.634534e-01
24395	3.498730e-01	3.549240e-01	4.561995e-02	5.702494e-02	2.987187e-01	2.573769e-01	4.320600e-01	7.187309e-01
412	7.945594e-01	3.594880e-01	2.752176e-02	3.440220e-02	1.802120e-01	9.822966e-02	4.572932e-01	5.323362e-01
2042	8.252329e-01	8.879380e-01	2.214784e-02	2.768480e-02	1.450237e-01	9.579573e-02	2.228283e-01	9.980928e-01
19132	5.378446e-01	7.944186e-01	5.755553e-02	7.194442e-02	3.768727e-01	2.566653e-01	5.460859e-01	5.513087e-01
27523	5.804948e-01	5.046291e-01	4.834646e-02	6.043307e-02	3.165719e-01	1.957105e-01	9.560150e-02	6.418354e-01
19945	7.035565e-01	3.041528e-01	2.531271e-02	3.164089e-02	1.657473e-01	1.078326e-01	6.829168e-02	6.853629e-01
26451	7.291400e-01	5.245066e-01	3.415140e-02	4.268926e-02	2.236229e-01	2.063664e-01	9.349482e-01	4.408258e-02
12919	3.575413e-01	4.358417e-01	3.852311e-02	4.815389e-02	2.522487e-01	2.235752e-01	9.315845e-02	7.776807e-01
30731	1.870033e-01	5.952013e-01	2.300365e-02	2.875457e-02	1.506276e-01	1.073602e-01	2.256983e-01	5.665920e-01
8446	5.405590e-01	8.517833e-01	2.412627e-02	3.015784e-02	1.579784e-01	1.056211e-01	8.568800e-01	2.910468e-01
1151	2.577801e-01	3.243016e-01	3.206977e-02	4.008721e-02	2.099924e-01	1.437447e-01	7.278424e-01	8.164640e-02
8098	9.511936e-01	3.665521e-02	2.262524e-02	2.828155e-02	1.481497e-01	4.727578e-02	2.451938e-01	4.119895e-01
