7326	5.883421e-01	4.776542e-01	6.575136e-02	8.218920e-02	4.305389e-01	1.159482e-01	3.991443e-01	3.210132e-01
25787	5.701423e-01	5.935333e-01	4.763005e-02	5.953756e-02	3.118808e-01	2.698521e-01	1.218730e-02	2.817345e-01
5401	5.678524e-01	6.929755e-01	3.112091e-02	3.890113e-02	2.037792e-01	1.315030e-01	3.170636e-01	8.611595e-01
2507	4.324644e-01	2.203706e-01	4.580762e-02	5.725953e-02	2.999476e-01	2.263268e-01	3.177185e-01	1.318687e-01
27254	2.619495e-01	8.559920e-01	2.833393e-02	3.541741e-02	1.855301e-01	7.718788e-02	3.904290e-01	8.253386e-01
24247	9.131242e-01	6.876669e-01	4.913989e-02	6.142486e-02	3.217672e-01	2.922938e-01	3.299545e-01	1.142962e-01
23063	3.619525e-01	5.007226e-01	2.964085e-02	3.705106e-02	1.940878e-01	5.973148e-02	3.371117e-01	1.742092e-01
9586	3.498539e-01	5.979690e-01	4.786146e-02	5.982682e-02	3.133961e-01	1.519011e-01	5.836049e-01	3.316476e-01
24881	8.670825e-01	3.934248e-01	4.201789e-02	5.252237e-02	2.751325e-01	2.048161e-01	6.773796e-01	5.039366e-01
22747	5.440939e-01	9.027843e-01	2.416234e-02	3.020292e-02	1.582146e-01	6.225045e-02	9.107878e-01	4.481647e-01
27918	7.338487e-02	5.687348e-02	3.874154e-02	4.842693e-02	2.536790e-01	1.975762e-01	2.958566e-03	2.121132e-01
29300	7.672437e-01	1.121529e-01	6.050350e-02	7.562938e-02	3.961760e-01	2.507416e-01	1.736798e-01	4.648798e-01
22657	9.027964e-01	2.539537e-01	5.668759e-02	7.085949e-02	3.711895e-01	2.841999e-01	4.408154e-01	3.020712e-01
20644	2.503324e-01	6.762851e-01	2.551804e-02	3.189756e-02	1.670918e-01	1.040586e-01	1.157658e-01	7.414542e-01
992	1.312780e-01	8.096593e-01	2.474229e-02	3.092786e-02	1.620121e-01	1.006065e-01	1.271877e-01	3.996470e-01
28010	3.103895e-01	1.067194e-01	5.083048e-02	6.353810e-02	3.328372e-01	3.285352e-01	1.950660e-01	3.147401e-01
17098	3.708582e-01	6.217508e-01	2.405246e-02	3.006558e-02	1.574952e-01	7.878997e-02	6.653383e-01	9.722952e-01
13958	9.606753e-01	5.769972e-01	2.096846e-02	2.621057e-02	1.373011e-01	1.345717e-01	8.929236e-01	9.407114e-01
28267	3.354857e-01	2.922455e-01	3.191328e-02	3.989160e-02	2.089677e-01	2.016613e-01	3.183496e-01	2.360813e-01
13697	1.611531e-01	3.116155e-01	2.349663e-02	2.937079e-02	1.538556e-01	7.427225e-02	2.377481e-01	3.897109e-01
8045	7.368788e-01	3.233890e-01	4.520472e-02	5.650590e-02	2.959998e-01	2.913343e-01	6.582222e-01	7.358778e-01
4585	6.976594e-01	5.701777e-01	3.915504e-02	4.894380e-02	2.563866e-01	1.802952e-01	4.161373e-02	9.442561e-02
1082	9.089445e-01	5.514310e-01	5.814029e-02	7.267536e-02	3.807017e-01	3.377084e-01	6.715113e-01	3.740695e-01
2928	6.049513e-01	1.786790e-01	5.119942e-02	6.399928e-02	3.352530e-01	1.901737e-01	6.360908e-01	3.724195e-01
21326	4.856086e-01	9.099054e-01	6.147099e-02	7.683874e-02	4.025111e-01	3.533114e-01	3.680128e-01	4.075801e-02
30266	8.112030e-01	8.690149e-02	5.211446e-02	6.514308e-02	3.412447e-01	1.887364e-01	2.260686e-01	6.902008e-01
13238	8.519178e-01	6.190981e-01	2.402767e-02	3.003459e-02	1.573328e-01	1.560003e-01	6.668911e-01	1.508359e-01
21294	4.341650e-02	3.996648e-01	2.905725e-02	3.632156e-02	1.902664e-01	1.701395e-01	2.095115e-01	9.227620e-01
2952	2.657580e-01	2.624306e-01	2.688889e-02	3.361111e-02	1.760680e-01	1.209093e-01	3.397473e-01	4.967533e-01
24485	5.093117e-01	4.196733e-01	5.361616e-02	6.702020e-02	3.510778e-01	3.385700e-01	8.496829e-01	2.470274e-01
16538	7.740082e-02	9.035377e-01	6.370606e-02	7.963258e-02	4.171463e-01	4.129790e-01	4.744727e-01	2.202881e-01
16316	6.317073e-01	4.270372e-01	2.390061e-02	2.987576e-02	1.565008e-01	5.766077e-02	2.172177e-02	6.906735e-01
9170	1.358303e-01	1.896858e-01	2.796973e-02	3.496216e-02	1.831454e-01	1.301786e-01	6.929235e-02	1.254386e-01
10035	1.976375e-01	8.962838e-01	4.649362e-02	5.811702e-02	3.044395e-01	1.451812e-01	7.391861e-01	8.246685e-01
26765	4.587256e-01	7.237082e-01	2.574453e-02	3.218066e-02	1.685748e-01	1.589536e-01	4.170207e-02	5.994511e-01
26134	4.031021e-01	5.323130e-01	2.907118e-02	3.633898e-02	1.903576e-01	1.858461e-01	3.434686e-01	2.902950e-01
26779	2.718860e-01	7.866447e-01	2.725738e-02	3.407173e-02	1.784809e-01	1.758619e-01	7.664635e-01	3.230519e-01
17505	4.385476e-01	8.123050e-01	2.434992e-02	3.043740e-02	1.594429e-01	1.170726e-01	1.303996e-02	6.068508e-01
5939	1.011506e-01	5.572324e-01	2.215534e-02	2.769418e-02	1.450728e-01	5.504242e-02	6.855127e-01	2.140293e-01
27057	6.058768e-01	8.638494e-01	3.808457e-02	4.760571e-02	2.493772e-01	2.479761e-01	9.980979e-01	7.853303e-01
3865	9.619512e-01	7.485090e-01	2.190929e-02	2.738661e-02	1.434617e-01	1.047691e-01	2.448724e-01	4.706830e-01
18968	5.175980e-01	7.304515e-01	2.364724e-02	2.955905e-02	1.548417e-01	8.992890e-02	6.276719e-01	9.632194e-01
31969	2.608800e-01	1.485612e-01	3.334847e-02	4.168559e-02	2.183653e-01	2.058253e-01	1.803566e-01	9.170289e-01
23486	6.722858e-01	8.043839e-01	4.461853e-02	5.577316e-02	2.921615e-01	2.897980e-01	3.917079e-01	1.911257e-01
21972	9.011480e-01	6.345011e-01	2.234330e-02	2.792913e-02	1.463036e-01	1.426300e-01	7.396871e-01	4.551905e-01
32214	9.406584e-01	7.718544e-01	3.439578e-02	4.299472e-02	2.252230e-01	1.722919e-01	7.267683e-01	2.285931e-01
18322	4.267107e-01	2.874730e-01	2.250148e-02	2.812685e-02	1.473393e-01	8.588236e-02	3.113247e-01	3.487982e-01
8494	3.893427e-01	8.752877e-01	6.296436e-02	7.870545e-02	4.122897e-01	2.854929e-01	6.720398e-01	6.628634e-01
703	6.944023e-01	8.819759e-01	2.187054e-02	2.733817e-02	1.432080e-01	1.292799e-01	9.183981e-01	5.764547e-01
6911	4.986362e-01	8.123115e-01	2.534732e-02	3.168415e-02	1.659738e-01	1.614232e-01	9.074179e-01	9.716716e-01
30769	5.354580e-01	5.037246e-01	4.707016e-02	5.883770e-02	3.082147e-01	2.746286e-01	1.603635e-01	4.850598e-02
7778	2.665672e-01	9.696580e-02	2.254271e-02	2.817838e-02	1.476093e-01	6.793573e-02	1.419081e-01	6.195374e-01
29727	8.088560e-01	2.074517e-01	6.338310e-02	7.922887e-02	4.150315e-01	4.095221e-01	2.329515e-01	5.554404e-01
31119	3.852877e-01	3.755132e-01	3.578264e-02	4.472830e-02	2.343042e-01	2.298921e-01	4.157946e-01	7.335402e-01
25623	1.811844e-01	5.289592e-01	3.243320e-02	4.054150e-02	2.123721e-01	8.697026e-02	3.661590e-01	2.925851e-01
22536	5.518103e-01	7.897130e-01	2.378048e-02	2.972559e-02	1.557142e-01	1.364620e-01	8.216346e-01	4.052741e-01
24734	1.598018e-01	1.405928e-01	4.604915e-02	5.756144e-02	3.015291e-01	2.730539e-01	6.278704e-01	6.092751e-01
1221	3.556065e-01	8.303286e-01	2.951264e-02	3.689080e-02	1.932483e-01	6.659000e-02	7.952260e-01	3.211563e-01
20997	2.866935e-01	5.542292e-01	2.434206e-02	3.042758e-02	1.593915e-01	1.580251e-01	2.098330e-01	8.222315e-01
32581	4.512390e-01	7.714091e-01	4.540170e-02	5.675213e-02	2.972896e-01	1.789959e-01	1.284750e-01	2.657707e-01
32137	2.502227e-01	3.685055e-01	2.351343e-02	2.939179e-02	1.539656e-01	4.574073e-02	3.885361e-01	7.292611e-01
12339	7.623949e-01	8.549797e-01	2.145750e-02	2.682187e-02	1.405034e-01	9.137663e-02	8.878358e-01	1.599465e-01
23446	2.315163e-01	8.472222e-02	2.904768e-02	3.630960e-02	1.902037e-01	5.416752e-02	8.976275e-01	2.337180e-01
23450	5.578560e-01	8.264265e-01	4.017747e-02	5.022183e-02	2.630814e-01	1.313798e-01	6.921988e-01	3.496237e-01
8128	3.272249e-01	4.244285e-01	3.099169e-02	3.873962e-02	2.029331e-01	1.197661e-01	4.655219e-01	3.186921e-01
4162	6.175679e-02	7.323337e-01	3.048764e-02	3.810955e-02	1.996326e-01	1.912319e-01	4.073821e-01	8.456018e-01
3642	3.131583e-01	4.807196e-01	3.054435e-02	3.818044e-02	2.000040e-01	1.890872e-01	4.013644e-01	9.038029e-01
10063	7.379833e-01	4.363720e-01	4.812879e-02	6.016098e-02	3.151465e-01	2.129099e-01	1.620423e-01	5.290555e-02
27918	6.417564e-01	2.467500e-01	3.200992e-02	4.001240e-02	2.096005e-01	2.022462e-01	9.534329e-02	5.321569e-01
14286	5.353536e-02	3.461825e-01	2.971620e-02	3.714525e-02	1.945812e-01	1.921182e-01	9.161035e-01	9.618662e-01
27280	6.188361e-01	1.152643e-01	4.070806e-02	5.088507e-02	2.665557e-01	8.550295e-02	3.004811e-01	8.391841e-01
20865	3.837846e-01	9.759601e-02	7.475490e-02	9.344362e-02	4.894939e-01	3.335209e-01	4.335327e-03	5.153035e-01
17949	3.272642e-02	5.600115e-01	2.621708e-02	3.277135e-02	1.716690e-01	1.595362e-01	7.805757e-01	2.400936e-01
29508	3.349889e-01	8.903496e-01	3.119084e-02	3.898855e-02	2.042372e-01	1.212390e-01	1.310306e-01	8.836057e-01
19602	1.091171e-01	3.110225e-01	2.394435e-02	2.993044e-02	1.567872e-01	1.239346e-01	2.902299e-01	9.898128e-02
12649	2.961365e-01	7.129061e-01	2.525467e-02	3.156833e-02	1.653672e-01	1.467895e-01	5.689588e-01	3.195891e-01
13462	7.752842e-01	2.783865e-01	2.455697e-02	3.069621e-02	1.607987e-01	1.544684e-01	1.556152e-01	4.550189e-02
10602	6.414398e-02	5.927960e-01	2.398994e-02	2.998743e-02	1.570858e-01	9.412708e-02	7.865252e-01	4.945236e-01
522	4.464202e-01	5.371461e-01	2.624084e-02	3.280105e-02	1.718246e-01	1.715480e-01	9.334181e-01	4.859462e-01
6260	4.744371e-01	1.949987e-01	3.596726e-02	4.495908e-02	2.355131e-01	2.282555e-01	8.112753e-01	7.172605e-01
