6930	9.346777e-01	9.698228e-02	2.827274e-02	3.534092e-02	1.851294e-01	1.764660e-01	3.979892e-01	1.300573e-01
24168	4.322603e-01	4.841265e-01	2.751701e-02	3.439626e-02	1.801810e-01	1.316171e-01	2.607486e-01	3.612971e-01
11143	6.056119e-01	9.641375e-01	2.518244e-02	3.147805e-02	1.648942e-01	1.199981e-01	5.816170e-03	9.886601e-01
22370	7.947725e-02	1.864257e-01	4.185630e-02	5.232037e-02	2.740744e-01	1.674169e-01	5.618309e-01	4.969721e-01
7559	3.865276e-01	8.371505e-01	3.609492e-02	4.511866e-02	2.363490e-01	1.913111e-01	8.082112e-01	9.022699e-02
12692	6.774899e-01	2.197975e-01	3.134369e-02	3.917961e-02	2.052380e-01	1.970480e-01	8.529737e-01	9.901940e-01
6536	4.049872e-01	2.451859e-01	6.912505e-02	8.640632e-02	4.526298e-01	4.195552e-01	9.987648e-01	8.423679e-01
20977	2.437935e-01	7.182419e-02	4.337054e-02	5.421318e-02	2.839896e-01	1.090137e-01	5.145806e-01	9.258352e-01
13500	6.184044e-01	8.042719e-01	2.232583e-02	2.790729e-02	1.461892e-01	1.060296e-01	6.969640e-01	1.436939e-01
26004	2.312074e-01	7.111386e-01	6.546472e-02	8.183090e-02	4.286620e-01	2.567747e-01	9.460176e-01	6.992188e-01
2880	2.235684e-01	8.328461e-01	3.146147e-02	3.932684e-02	2.060092e-01	1.747491e-01	1.972790e-01	5.052879e-01
27434	6.333268e-01	7.756429e-02	2.588347e-02	3.235433e-02	1.694845e-01	1.167016e-01	8.197060e-01	8.134089e-02
28561	7.517148e-01	5.231175e-01	3.298782e-02	4.123478e-02	2.160037e-01	9.370711e-02	6.733601e-01	6.709009e-01
4389	3.000661e-01	4.650957e-01	2.819983e-02	3.524979e-02	1.846521e-01	1.838081e-01	8.512428e-01	9.621334e-01
4760	6.637643e-02	7.280490e-01	2.152735e-02	2.690919e-02	1.409608e-01	1.311453e-01	8.334615e-01	3.574054e-01
4268	1.654923e-01	5.681440e-01	4.649106e-02	5.811383e-02	3.044228e-01	2.582099e-01	1.455330e-01	5.026574e-01
26665	9.456371e-01	3.418078e-01	3.685895e-02	4.607368e-02	2.413518e-01	2.004755e-01	2.037206e-01	1.125893e-02
20770	2.172387e-01	7.815307e-01	2.965354e-02	3.706693e-02	1.941709e-01	9.727037e-02	5.923580e-01	6.495911e-01
28693	6.144007e-02	6.708326e-02	4.888147e-02	6.110184e-02	3.200751e-01	1.094627e-01	2.205021e-01	6.456549e-01
9417	8.713217e-01	1.193301e-01	3.001690e-02	3.752113e-02	1.965502e-01	1.328318e-01	9.889226e-01	4.944281e-01
17174	3.606878e-01	1.001718e-01	7.546673e-02	9.433342e-02	4.941550e-01	2.812517e-01	9.302635e-01	8.763258e-01
9226	7.586137e-01	3.411397e-01	2.569173e-02	3.211466e-02	1.682291e-01	5.183562e-02	4.646491e-01	8.282616e-01
25175	3.070543e-01	8.175186e-01	5.549274e-02	6.936592e-02	3.633656e-01	3.592091e-01	3.007710e-01	6.451397e-02
32111	1.751517e-01	1.301019e-01	2.116690e-02	2.645863e-02	1.386006e-01	1.268935e-01	1.959696e-01	3.893797e-01
12546	7.393014e-01	2.955895e-01	2.133759e-02	2.667198e-02	1.397182e-01	1.392844e-01	2.399959e-02	6.711113e-01
2544	1.790491e-01	9.129238e-01	3.398351e-02	4.247939e-02	2.225235e-01	1.832315e-01	5.821487e-01	6.424756e-01
29310	6.486452e-01	4.427895e-01	5.158959e-02	6.448698e-02	3.378078e-01	1.026203e-01	8.284662e-01	3.835906e-01
29510	2.746438e-01	5.236281e-01	2.495279e-02	3.119099e-02	1.633905e-01	1.614351e-01	1.928931e-01	8.367033e-01
3007	4.443078e-01	9.497637e-01	4.227921e-02	5.284901e-02	2.768436e-01	1.500921e-01	4.395703e-01	1.546023e-01
20775	3.043211e-01	1.845849e-01	2.704916e-02	3.381145e-02	1.771175e-01	1.393154e-01	1.567173e-01	2.708830e-01
5570	7.926689e-01	6.565870e-01	2.488616e-02	3.110770e-02	1.629542e-01	1.390129e-01	9.880381e-01	3.025784e-01
24558	7.167239e-01	7.935399e-01	2.286250e-02	2.857812e-02	1.497033e-01	1.387739e-01	1.314193e-01	8.662033e-01
8067	6.733515e-01	3.657991e-01	4.261541e-02	5.326927e-02	2.790451e-01	8.902578e-02	9.144966e-01	1.779241e-01
15347	5.418916e-01	4.320304e-01	6.618062e-02	8.272578e-02	4.333497e-01	2.307765e-01	3.764992e-03	6.680741e-01
25215	7.441029e-01	7.020897e-01	2.178731e-02	2.723414e-02	1.426630e-01	9.793478e-02	1.861425e-02	8.691619e-01
16092	6.994783e-01	6.327296e-01	5.381092e-02	6.726366e-02	3.523531e-01	2.190712e-01	4.261594e-01	1.521711e-01
3485	3.941780e-01	6.318817e-01	6.239589e-02	7.799486e-02	4.085673e-01	1.250114e-01	5.437691e-01	6.541901e-01
15284	3.682791e-01	3.104374e-01	2.598060e-02	3.247575e-02	1.701206e-01	6.672431e-02	3.840616e-01	8.856410e-01
4677	7.738266e-01	8.386139e-01	2.940536e-02	3.675670e-02	1.925458e-01	1.889171e-01	5.021423e-01	3.936099e-01
24304	3.216335e-01	2.993663e-01	3.611063e-02	4.513829e-02	2.364518e-01	9.313025e-02	1.401961e-01	7.458152e-01
26900	1.697733e-01	1.928956e-01	5.113691e-02	6.392114e-02	3.348437e-01	3.348394e-01	6.553745e-01	8.262337e-01
15992	8.421506e-01	3.772376e-01	2.732776e-02	3.415970e-02	1.789418e-01	6.100423e-02	4.159541e-02	2.035982e-01
18140	7.492659e-02	3.077945e-01	5.970033e-02	7.462541e-02	3.909168e-01	3.746608e-01	9.526074e-01	8.878502e-01
15182	9.638440e-01	8.497316e-01	3.567852e-02	4.459815e-02	2.336224e-01	1.603744e-01	7.906471e-01	7.473610e-01
25570	9.180316e-01	5.834511e-01	4.643569e-02	5.804462e-02	3.040602e-01	1.503778e-01	9.298683e-01	9.182861e-01
16286	4.917662e-01	6.704261e-01	7.734506e-02	9.668133e-02	5.064543e-01	4.575691e-01	5.666992e-01	5.930471e-01
5656	5.060358e-01	9.242310e-01	2.689017e-02	3.361272e-02	1.760764e-01	1.758221e-01	2.482714e-01	6.422941e-01
31272	5.365777e-01	1.175659e-01	5.914414e-02	7.393018e-02	3.872749e-01	2.366408e-01	1.993706e-01	9.250795e-01
27546	3.405795e-01	7.630630e-01	3.400310e-02	4.250387e-02	2.226517e-01	1.819961e-01	5.251088e-01	4.708065e-01
12460	3.840425e-01	4.419487e-01	2.288142e-02	2.860178e-02	1.498272e-01	1.470198e-01	2.637250e-01	8.233212e-01
22962	6.026942e-01	2.705091e-01	2.460720e-02	3.075900e-02	1.611276e-01	1.542925e-01	2.115567e-01	5.598963e-01
31097	4.636556e-01	8.801591e-01	6.743229e-02	8.429036e-02	4.415456e-01	2.411294e-01	3.237839e-01	7.562354e-01
344	1.290936e-01	6.678634e-01	4.323748e-02	5.404685e-02	2.831184e-01	1.840600e-01	5.158251e-01	9.523678e-01
3753	2.434903e-01	2.449765e-01	2.141024e-02	2.676280e-02	1.401939e-01	9.464582e-02	8.546381e-01	4.565327e-01
19197	1.181866e-01	7.169918e-01	3.091584e-02	3.864479e-02	2.024364e-01	6.979507e-02	8.684423e-02	5.274165e-01
10904	7.173533e-01	9.574871e-01	2.770519e-02	3.463149e-02	1.814131e-01	7.799672e-02	2.665090e-01	9.712010e-01
5909	1.089074e-01	8.327776e-01	2.532653e-02	3.165817e-02	1.658377e-01	1.390692e-01	6.980860e-01	6.402538e-01
8742	1.220222e-01	8.945778e-01	2.937894e-02	3.672368e-02	1.923728e-01	1.613039e-01	9.923791e-01	8.503689e-01
16358	1.551527e-01	8.937510e-02	2.878558e-02	3.598197e-02	1.884875e-01	1.104802e-01	7.976930e-01	7.442612e-01
15807	6.727062e-01	8.803041e-01	2.206252e-02	2.757815e-02	1.444650e-01	6.354964e-02	3.404101e-01	8.109158e-01
29856	6.892116e-01	4.761695e-01	3.339935e-02	4.174919e-02	2.186984e-01	1.675408e-01	6.370544e-02	1.044358e-01
27289	4.511565e-01	4.166638e-01	7.480920e-02	9.351150e-02	4.898495e-01	3.924046e-01	7.580503e-01	4.029032e-01
21809	6.686681e-01	6.346435e-01	3.334392e-02	4.167990e-02	2.183355e-01	1.163654e-01	4.793807e-01	7.437647e-03
8525	8.983330e-01	5.286242e-01	2.487181e-02	3.108977e-02	1.628602e-01	1.336425e-01	5.355882e-01	7.958392e-01
21256	8.981449e-01	1.183872e-01	2.336387e-02	2.920483e-02	1.529862e-01	1.410774e-01	2.797972e-03	2.231150e-01
24460	4.363826e-01	7.734518e-01	3.386140e-02	4.232675e-02	2.217239e-01	6.400447e-02	5.712921e-01	1.404226e-02
17874	4.215756e-01	5.590901e-01	2.135898e-02	2.669872e-02	1.398582e-01	1.044731e-01	2.377274e-01	3.782914e-01
7512	8.007840e-01	7.407723e-01	5.119516e-02	6.399395e-02	3.352251e-01	2.924925e-01	7.388803e-01	1.699869e-01
24568	7.481356e-01	6.468538e-01	2.519346e-02	3.149183e-02	1.649664e-01	1.463213e-01	1.251441e-01	7.208001e-01
20744	9.061421e-01	4.116704e-01	6.593291e-02	8.241613e-02	4.317276e-01	3.352038e-01	2.111366e-01	2.089594e-01
25661	6.366095e-01	7.618803e-01	5.377895e-02	6.722369e-02	3.521437e-01	3.398797e-01	6.511397e-01	5.226367e-01
