27012	3.982639e-01	1.578587e-01	6.016205e-02	7.520256e-02	3.939402e-01	1.131933e-01	3.446870e-01	8.852608e-01
22220	7.150533e-01	8.820834e-02	2.097291e-02	2.621614e-02	1.373303e-01	4.684759e-02	4.438745e-02	9.739811e-01
21854	7.619402e-01	8.732848e-01	2.413823e-02	3.017279e-02	1.580568e-01	1.233453e-01	2.521171e-01	9.457100e-01
2492	5.245563e-01	7.046297e-01	3.414722e-02	4.268403e-02	2.235955e-01	7.616729e-02	3.911870e-01	1.848571e-01
7595	7.815070e-01	1.627680e-01	3.446170e-02	4.307712e-02	2.256547e-01	2.256547e-01	4.376327e-01	3.639894e-02
11709	5.690442e-01	9.282000e-01	3.278446e-02	4.098058e-02	2.146722e-01	1.697473e-01	4.072554e-01	7.736767e-01
854	6.299006e-02	4.156674e-01	4.086244e-02	5.107805e-02	2.675666e-01	2.666771e-01	8.052678e-01	7.053406e-01
18786	6.839034e-01	1.171505e-01	2.068742e-02	2.585928e-02	1.354609e-01	1.352289e-01	4.464527e-01	8.296939e-01
15594	9.644603e-01	7.388075e-01	2.525104e-02	3.156380e-02	1.653434e-01	5.014695e-02	2.720361e-01	8.710765e-01
28969	2.228928e-01	7.837710e-01	2.400545e-02	3.000682e-02	1.571873e-01	5.995018e-02	5.214799e-01	2.097445e-01
1029	7.098743e-01	5.373546e-01	2.381618e-02	2.977022e-02	1.559479e-01	1.424313e-01	1.105814e-01	7.425676e-01
13929	4.294229e-01	2.665811e-01	5.592825e-02	6.991032e-02	3.662173e-01	3.620378e-01	3.260451e-01	6.826416e-01
17290	7.591643e-01	3.834286e-01	2.696323e-02	3.370403e-02	1.765548e-01	1.251074e-01	1.754173e-01	6.281200e-01
19853	2.583385e-01	9.368691e-01	5.035776e-02	6.294720e-02	3.297418e-01	1.425106e-01	7.218313e-01	8.456782e-01
13119	7.777786e-01	4.729631e-01	3.335670e-02	4.169588e-02	2.184192e-01	1.525535e-01	4.270162e-01	8.157044e-01
30108	3.405345e-01	2.859174e-01	2.868410e-02	3.585513e-02	1.878231e-01	9.994672e-02	7.982933e-01	9.083049e-01
434	5.013762e-01	6.012543e-01	5.356534e-02	6.695667e-02	3.507450e-01	3.254367e-01	8.356160e-02	7.042056e-01
5614	1.739524e-01	1.989196e-01	3.046474e-02	3.808093e-02	1.994827e-01	1.982588e-01	2.390694e-01	2.168755e-01
9910	8.866191e-01	3.481862e-01	3.684669e-02	4.605836e-02	2.412716e-01	2.025025e-01	7.988238e-01	9.936548e-01
20395	7.980001e-02	6.306409e-01	2.632154e-02	3.290193e-02	1.723531e-01	6.405714e-02	7.238459e-01	2.784493e-01
11805	8.810147e-01	8.244403e-01	2.121099e-02	2.651373e-02	1.388892e-01	6.821044e-02	4.702461e-02	5.311714e-01
29897	8.276274e-02	7.670569e-01	2.968832e-02	3.711040e-02	1.943986e-01	5.336325e-02	2.876051e-01	8.554015e-01
3742	4.732672e-01	3.332453e-01	2.583493e-02	3.229366e-02	1.691667e-01	1.095845e-01	2.327252e-01	2.249745e-01
8720	5.712677e-01	6.069871e-01	6.489874e-02	8.112343e-02	4.249560e-01	3.671203e-01	7.620370e-01	9.450313e-02
14586	4.721556e-01	4.816789e-01	6.858062e-02	8.572577e-02	4.490648e-01	1.827265e-01	1.156676e-01	2.855806e-02
21271	7.563469e-02	7.007273e-01	2.286164e-02	2.857705e-02	1.496976e-01	1.434265e-01	6.376452e-01	9.777758e-01
26984	4.234563e-02	6.666992e-01	2.566209e-02	3.207761e-02	1.680350e-01	1.320885e-01	3.708673e-01	5.813304e-01
11565	2.006471e-01	4.440294e-01	4.602694e-02	5.753367e-02	3.013837e-01	2.921589e-01	8.712928e-01	8.378941e-01
29603	4.862919e-01	7.287763e-01	4.220682e-02	5.275853e-02	2.763696e-01	8.515639e-02	2.527820e-01	8.810131e-01
13125	3.247945e-01	8.733844e-01	5.473208e-02	6.841510e-02	3.583848e-01	3.418760e-01	8.516763e-01	1.931026e-01
16440	5.791197e-02	5.845325e-01	5.380866e-02	6.726083e-02	3.523383e-01	2.001717e-01	4.159524e-01	3.314765e-01
11543	5.546724e-01	4.243869e-01	2.282347e-02	2.852934e-02	1.494477e-01	5.588815e-02	5.231013e-01	8.828887e-01
20567	8.270126e-01	8.659798e-01	3.950983e-02	4.938729e-02	2.587097e-01	2.132684e-01	2.380114e-01	4.987563e-01
3841	9.644892e-01	1.464514e-01	2.289099e-02	2.861374e-02	1.498898e-01	7.146011e-02	9.535267e-02	7.282790e-01
13152	8.463837e-01	9.158812e-02	2.557966e-02	3.197457e-02	1.674952e-01	7.013389e-02	5.975294e-01	2.053210e-01
4464	2.270357e-01	7.172124e-01	2.470045e-02	3.087556e-02	1.617382e-01	1.372447e-01	1.544896e-01	1.074115e-01
7527	7.074742e-01	4.677043e-01	4.372113e-02	5.465142e-02	2.862853e-01	2.018383e-01	7.535913e-01	5.194167e-01
32052	9.677029e-01	7.041542e-01	2.743697e-02	3.429621e-02	1.796569e-01	1.738813e-01	4.493700e-01	7.951235e-01
10406	4.486601e-01	5.678616e-01	3.158849e-02	3.948561e-02	2.068409e-01	2.045988e-01	9.565825e-01	7.578184e-01
17448	8.423763e-01	5.823447e-01	2.694183e-02	3.367729e-02	1.764147e-01	1.762870e-01	2.499413e-01	5.942368e-01
24452	6.937324e-01	6.492872e-01	2.681504e-02	3.351880e-02	1.755845e-01	8.679367e-02	4.540972e-01	6.564010e-02
4992	9.440144e-01	4.028586e-01	2.350530e-02	2.938163e-02	1.539124e-01	1.441330e-01	8.207234e-02	3.236425e-01
26997	6.723570e-01	7.278697e-01	2.130075e-02	2.662593e-02	1.394770e-01	1.326719e-01	9.036785e-01	6.547505e-01
4647	2.657915e-01	3.024777e-01	3.414206e-02	4.267758e-02	2.235617e-01	2.160451e-01	1.992122e-01	6.858961e-01
26332	5.602390e-01	4.977558e-01	2.438418e-02	3.048023e-02	1.596673e-01	4.663900e-02	2.463431e-01	5.639769e-01
758	9.436409e-01	5.729027e-02	2.541466e-02	3.176833e-02	1.664148e-01	1.106600e-01	4.463302e-01	4.605441e-02
7442	6.970890e-01	5.710375e-01	3.073797e-02	3.842246e-02	2.012717e-01	1.832757e-01	6.486639e-01	6.927669e-01
27692	5.397179e-01	8.997087e-01	2.073455e-02	2.591818e-02	1.357695e-01	1.050107e-01	8.317023e-01	6.083943e-01
15109	3.561762e-01	6.168266e-01	2.364992e-02	2.956241e-02	1.548593e-01	1.496055e-01	7.946004e-01	7.013312e-01
3856	3.337097e-01	3.993028e-01	6.136338e-02	7.670423e-02	4.018065e-01	1.694259e-01	5.706397e-01	9.173418e-01
6056	3.725549e-01	9.240112e-01	5.187217e-02	6.484022e-02	3.396582e-01	1.176737e-01	3.344455e-01	1.489667e-01
12758	8.470590e-01	8.005907e-01	3.505626e-02	4.382032e-02	2.295478e-01	6.543372e-02	3.406793e-01	1.764563e-01
8829	5.025353e-01	1.041255e-01	4.029948e-02	5.037436e-02	2.638804e-01	2.383428e-01	9.677927e-01	4.702577e-01
5680	6.083667e-01	2.235441e-01	4.831499e-02	6.039374e-02	3.163658e-01	3.160169e-01	1.827762e-01	2.127362e-01
19774	6.780910e-01	2.633852e-01	3.118394e-02	3.897992e-02	2.041919e-01	1.882577e-01	5.506915e-01	3.714337e-01
6847	9.414643e-01	2.622295e-01	4.773354e-02	5.966692e-02	3.125585e-01	2.943588e-01	3.280167e-01	8.297340e-01
22433	1.314697e-01	6.976719e-01	2.707060e-02	3.383825e-02	1.772579e-01	8.250293e-02	8.872454e-01	2.481020e-01
3923	4.896194e-02	7.481140e-01	3.073261e-02	3.841576e-02	2.012367e-01	1.548459e-01	5.155203e-02	8.690447e-01
14734	7.444968e-01	1.643500e-01	2.159802e-02	2.699753e-02	1.414235e-01	8.618790e-02	5.959654e-01	7.036218e-01
17600	5.234070e-01	2.928885e-01	2.661495e-02	3.326868e-02	1.742742e-01	1.625457e-01	6.752476e-01	7.991925e-01
154	6.759293e-01	7.985138e-01	2.054004e-02	2.567505e-02	1.344959e-01	6.023599e-02	8.327024e-01	6.134713e-01
10584	6.233249e-01	4.525877e-01	4.718941e-02	5.898677e-02	3.089955e-01	2.183184e-01	4.948230e-01	7.249197e-01
20814	2.647520e-01	4.444684e-01	2.097068e-02	2.621336e-02	1.373157e-01	1.059735e-01	2.439129e-01	4.680302e-01
12379	3.357937e-01	7.985491e-01	4.163071e-02	5.203839e-02	2.725973e-01	2.724147e-01	4.432152e-01	6.737766e-02
20395	1.257924e-01	5.944185e-01	6.980101e-02	8.725126e-02	4.570559e-01	4.537934e-01	8.886414e-01	4.818296e-01
13369	5.312139e-01	3.501194e-01	2.455698e-02	3.069622e-02	1.607987e-01	1.231776e-01	7.382474e-01	4.504977e-01
14564	7.862819e-01	7.866377e-01	3.319160e-02	4.148950e-02	2.173381e-01	7.932036e-02	3.661168e-01	8.322075e-04
11019	8.125948e-01	4.944323e-02	3.297199e-02	4.121499e-02	2.159001e-01	1.733574e-01	3.177348e-01	5.892105e-02
8660	6.661185e-01	4.190213e-01	2.778092e-02	3.472615e-02	1.819090e-01	8.944194e-02	6.366234e-02	2.884795e-01
28167	4.291674e-01	7.591327e-02	3.027314e-02	3.784143e-02	1.982281e-01	7.467588e-02	2.133458e-01	7.444484e-02
1072	8.429748e-01	2.760404e-01	7.804864e-02	9.756081e-02	5.110613e-01	5.017032e-01	3.559337e-01	7.724963e-01
30335	6.800887e-01	8.713039e-01	4.109947e-02	5.137434e-02	2.691187e-01	8.566718e-02	6.216210e-03	4.507468e-01
9880	2.771137e-01	6.219802e-02	2.999344e-02	3.749180e-02	1.963966e-01	1.356216e-01	7.814985e-01	5.761270e-01
23826	3.973270e-02	2.713804e-01	2.824172e-02	3.530216e-02	1.849264e-01	1.183823e-01	6.395743e-01	2.809038e-01
14184	5.816258e-01	8.586801e-01	2.955131e-02	3.693914e-02	1.935015e-01	1.440786e-01	8.843840e-01	7.505840e-01
25757	7.180243e-01	8.268859e-01	6.681236e-02	8.351546e-02	4.374863e-01	3.241348e-01	2.177032e-01	7.117294e-01
4277	1.489152e-01	8.590337e-01	2.363500e-02	2.954375e-02	1.547616e-01	1.261636e-01	5.301032e-01	1.039910e-02
20546	9.779856e-02	3.328538e-01	2.474830e-02	3.093537e-02	1.620515e-01	1.255730e-01	6.453686e-01	6.514263e-01
1852	3.789915e-01	2.040935e-01	2.160738e-02	2.700922e-02	1.414848e-01	9.767186e-02	8.109703e-01	2.920741e-01
