15167	2.501327e-01	3.865758e-01	4.241529e-02	5.301911e-02	2.777347e-01	2.378011e-01	3.409626e-01	4.862840e-01
18798	8.577508e-01	1.061546e-01	3.081525e-02	3.851906e-02	2.017778e-01	1.999628e-01	1.361855e-02	6.915804e-01
28583	8.451008e-01	3.774165e-01	2.101705e-02	2.627132e-02	1.376193e-01	1.368509e-01	2.178020e-01	4.624540e-01
28921	4.140530e-01	8.322009e-01	2.366566e-02	2.958207e-02	1.549623e-01	7.663048e-02	5.254647e-01	9.994335e-01
6999	4.707986e-01	8.566868e-01	3.144815e-02	3.931018e-02	2.059220e-01	1.752634e-01	9.591145e-01	8.759377e-01
10225	5.087382e-01	5.748768e-01	2.240581e-02	2.800726e-02	1.467129e-01	7.133634e-02	2.341828e-01	3.930466e-01
31240	1.006005e-01	1.285373e-01	4.897123e-02	6.121404e-02	3.206629e-01	2.786588e-01	4.157579e-01	9.898321e-01
23310	5.861692e-01	2.020133e-01	2.171597e-02	2.714496e-02	1.421958e-01	1.310624e-01	5.439542e-01	1.576316e-01
30401	4.416706e-01	3.224056e-02	2.680315e-02	3.350394e-02	1.755066e-01	1.061145e-01	8.662473e-01	4.609021e-01
31810	2.660806e-01	6.165449e-01	3.975582e-02	4.969478e-02	2.603205e-01	1.306248e-01	8.154524e-01	4.161892e-01
7705	7.518059e-01	4.612558e-01	6.266449e-02	7.833062e-02	4.103261e-01	2.935222e-01	8.744233e-01	6.310047e-01
5465	2.000751e-01	3.577715e-01	3.114283e-02	3.892854e-02	2.039228e-01	1.247891e-01	7.508451e-01	2.878480e-02
20181	8.259334e-01	9.513433e-01	3.112276e-02	3.890345e-02	2.037913e-01	1.126887e-01	3.520231e-01	8.123741e-01
11849	7.854315e-01	2.053361e-01	2.388387e-02	2.985483e-02	1.563912e-01	7.761120e-02	2.118207e-01	8.739717e-01
22039	8.846544e-01	6.207273e-01	5.271263e-02	6.589079e-02	3.451615e-01	2.201033e-01	7.564048e-01	1.382282e-01
970	6.124487e-01	5.240275e-01	6.805002e-02	8.506252e-02	4.455904e-01	2.644573e-01	7.851917e-01	7.067252e-01
29106	5.775633e-01	7.463023e-01	3.520225e-02	4.400281e-02	2.305038e-01	1.959635e-01	8.268857e-01	7.929470e-01
3957	4.621299e-01	5.172258e-01	2.811643e-02	3.514554e-02	1.841060e-01	1.737447e-01	9.268832e-01	2.725359e-01
21451	8.037780e-01	2.493485e-01	3.132108e-02	3.915135e-02	2.050899e-01	2.046153e-01	2.801927e-01	6.424649e-01
18546	6.022186e-02	5.503657e-01	2.379634e-02	2.974542e-02	1.558180e-01	1.427605e-01	8.258883e-01	5.406324e-01
6244	1.304615e-01	6.014296e-01	5.100852e-02	6.376066e-02	3.340030e-01	3.319173e-01	4.965608e-01	5.714901e-01
24605	3.995449e-01	1.817919e-01	3.330018e-02	4.162522e-02	2.180490e-01	1.772274e-01	4.892641e-01	1.507808e-01
2395	2.586467e-01	6.874886e-01	4.983040e-02	6.228801e-02	3.262887e-01	3.212450e-01	9.348853e-01	4.975457e-01
5185	7.232286e-01	9.587681e-02	2.466411e-02	3.083014e-02	1.615002e-01	8.940864e-02	6.050400e-01	5.316482e-02
9305	6.498741e-01	8.519510e-01	2.157720e-02	2.697150e-02	1.412872e-01	3.807817e-02	4.736700e-01	3.410571e-01
27155	5.241175e-02	1.621912e-01	4.415066e-02	5.518833e-02	2.890978e-01	9.511327e-02	4.482446e-01	4.416855e-02
6606	6.451378e-01	3.858487e-01	2.069980e-02	2.587475e-02	1.355419e-01	1.130636e-01	1.256151e-01	1.046345e-02
32335	7.366503e-01	9.147314e-01	3.861033e-02	4.826291e-02	2.528198e-01	8.085588e-02	8.768148e-01	3.743709e-01
7831	5.168814e-01	7.065626e-01	6.651859e-02	8.314823e-02	4.355627e-01	1.360475e-01	1.128776e-01	9.031031e-01
32246	7.167069e-01	7.069609e-01	2.356844e-02	2.946055e-02	1.543258e-01	1.392098e-01	3.974475e-01	8.154348e-01
32612	9.433517e-01	8.622714e-02	3.713685e-02	4.642106e-02	2.431715e-01	1.736642e-01	4.167707e-01	3.865092e-01
4365	8.497071e-01	4.557516e-01	2.101886e-02	2.627357e-02	1.376311e-01	1.346407e-01	6.226885e-01	8.286071e-01
12128	8.250202e-01	2.081526e-01	3.604002e-02	4.505002e-02	2.359895e-01	7.211150e-02	6.807359e-01	5.124197e-01
16767	5.009144e-01	7.966018e-01	6.325423e-02	7.906779e-02	4.141877e-01	2.857956e-01	5.162437e-01	9.823293e-01
27826	4.441865e-01	6.541467e-01	3.387734e-02	4.234668e-02	2.218283e-01	2.144919e-01	2.898775e-01	3.097259e-01
16954	6.387320e-01	6.444118e-01	3.010691e-02	3.763363e-02	1.971396e-01	1.864995e-01	5.188100e-01	1.765844e-01
31216	7.415551e-01	6.106563e-01	2.105362e-02	2.631702e-02	1.378588e-01	1.150069e-01	1.744182e-02	4.336406e-01
10026	9.351089e-01	4.996059e-01	3.363193e-02	4.203992e-02	2.202214e-01	1.583559e-01	8.764317e-01	7.251085e-01
1518	6.652515e-02	4.071543e-01	4.851413e-02	6.064266e-02	3.176698e-01	2.753648e-01	4.527275e-01	2.327538e-01
23763	5.370167e-01	8.314093e-01	3.222729e-02	4.028411e-02	2.110238e-01	1.647744e-01	4.335924e-01	3.902596e-01
27586	4.724275e-01	3.273182e-01	6.646365e-02	8.307957e-02	4.352030e-01	2.315920e-01	6.739729e-01	6.765873e-01
19745	1.772664e-01	5.534004e-01	3.577763e-02	4.472204e-02	2.342714e-01	1.240750e-01	5.372298e-01	5.563563e-01
3176	5.855438e-01	9.467993e-02	2.999354e-02	3.749193e-02	1.963972e-01	1.909605e-01	4.791472e-01	2.846765e-01
32338	7.678641e-01	6.353864e-01	2.640326e-02	3.300408e-02	1.728882e-01	9.459881e-02	3.157187e-01	2.180420e-02
13133	3.764618e-01	3.951653e-01	3.712524e-02	4.640655e-02	2.430955e-01	1.960268e-01	6.702927e-01	8.832978e-01
2264	3.876091e-02	5.845408e-01	2.656160e-02	3.320200e-02	1.739249e-01	1.736674e-01	2.275918e-01	7.700527e-01
7046	9.321793e-01	7.229437e-01	4.202991e-02	5.253738e-02	2.752112e-01	1.383782e-01	8.413289e-02	9.099335e-02
13613	5.402090e-01	1.272717e-01	2.299847e-02	2.874809e-02	1.505936e-01	1.496589e-01	7.518474e-01	1.244708e-01
27966	3.431867e-01	3.483982e-01	6.013224e-02	7.516530e-02	3.937450e-01	1.836293e-01	3.745934e-01	6.207794e-01
29468	3.053980e-02	6.343377e-01	3.074970e-02	3.843712e-02	2.013485e-01	5.418609e-02	8.621114e-02	8.100936e-01
16535	1.405617e-01	1.124358e-01	4.458730e-02	5.573412e-02	2.919569e-01	1.053930e-01	5.708987e-01	2.692836e-01
15463	1.908527e-01	3.069173e-01	2.332221e-02	2.915276e-02	1.527134e-01	1.133549e-01	8.062177e-01	8.392130e-01
17450	7.254559e-01	3.421579e-01	3.904823e-02	4.881029e-02	2.556872e-01	2.459239e-01	3.345215e-01	4.268287e-01
16389	6.942966e-01	2.420365e-01	3.472591e-02	4.340739e-02	2.273847e-01	7.843457e-02	8.091797e-01	8.678656e-01
25221	9.105808e-01	3.053713e-01	2.062546e-02	2.578182e-02	1.350552e-01	7.956734e-02	6.602937e-01	5.953093e-01
29904	3.014083e-01	8.830918e-01	2.293192e-02	2.866490e-02	1.501578e-01	1.085161e-01	2.513675e-01	2.168086e-02
27588	3.599845e-01	6.758218e-01	4.365130e-02	5.456413e-02	2.858280e-01	2.162154e-01	3.291865e-01	2.689580e-01
28169	2.285458e-01	8.862129e-01	2.399254e-02	2.999068e-02	1.571028e-01	1.414612e-01	1.325084e-01	3.738371e-01
23731	6.648980e-01	9.483029e-01	2.495376e-02	3.119220e-02	1.633968e-01	1.582188e-01	6.281433e-01	5.904477e-01
29524	9.756685e-02	3.463199e-01	2.392504e-02	2.990630e-02	1.566608e-01	1.366241e-01	8.757294e-01	6.755027e-01
6804	7.599558e-01	3.922510e-01	3.096108e-02	3.870135e-02	2.027327e-01	2.003299e-01	6.008806e-01	6.726188e-01
8800	7.952851e-02	7.386352e-01	2.289958e-02	2.862447e-02	1.499461e-01	1.474458e-01	1.423624e-01	3.241514e-01
26985	6.097234e-01	9.023614e-01	3.825102e-02	4.781378e-02	2.504671e-01	2.394382e-01	9.757658e-01	8.188272e-01
15839	9.101309e-01	9.588701e-01	2.252652e-02	2.815815e-02	1.475033e-01	8.167883e-02	5.643029e-02	6.477574e-01
28868	3.657076e-01	5.835977e-01	2.081133e-02	2.601417e-02	1.362723e-01	1.342131e-01	9.058352e-01	5.490043e-01
24893	7.614952e-01	2.051553e-01	2.427774e-02	3.034718e-02	1.589703e-01	1.145822e-01	6.274638e-01	6.215117e-01
5012	6.848024e-01	5.860216e-01	2.859507e-02	3.574384e-02	1.872401e-01	1.063221e-01	7.027523e-01	8.275763e-01
13908	9.398002e-01	2.796396e-01	3.641758e-02	4.552197e-02	2.384617e-01	2.215135e-01	8.641066e-01	8.886941e-01
9578	9.284780e-01	4.643946e-02	2.142129e-02	2.677661e-02	1.402663e-01	1.371768e-01	8.912108e-02	9.056385e-01
7476	7.851532e-01	6.769880e-01	4.448577e-02	5.560721e-02	2.912921e-01	1.202243e-01	9.041209e-01	1.833869e-01
26692	3.199187e-01	5.455301e-01	3.092542e-02	3.865677e-02	2.024991e-01	1.998960e-01	8.984703e-01	9.565720e-02
6785	8.665072e-01	8.844598e-01	3.072239e-02	3.840298e-02	2.011697e-01	7.256245e-02	4.775636e-01	3.342313e-01
3573	6.247401e-02	2.825562e-01	6.066871e-02	7.583589e-02	3.972578e-01	3.972533e-01	4.630605e-01	3.796768e-01
32169	5.364698e-01	2.272433e-01	2.105048e-02	2.631309e-02	1.378382e-01	1.364724e-01	9.602956e-01	5.637690e-01
4769	9.683655e-01	1.904592e-01	2.810679e-02	3.513348e-02	1.840428e-01	1.766041e-01	4.933581e-01	3.762033e-01
22435	1.537413e-01	6.456140e-02	3.847799e-02	4.809749e-02	2.519533e-01	1.367112e-01	1.256544e-01	9.938125e-01
