14455	1.967907e-01	9.369430e-01	3.125339e-02	3.906674e-02	2.046467e-01	1.919810e-01	3.520213e-01	2.944177e-01
24400	3.219415e-01	5.353032e-01	3.533616e-02	4.417020e-02	2.313806e-01	1.506474e-01	8.292434e-01	9.770261e-02
11632	9.103103e-01	4.621204e-01	2.136904e-02	2.671130e-02	1.399242e-01	1.008334e-01	8.316081e-01	1.156197e-01
21997	4.494858e-02	6.245686e-01	4.081815e-02	5.102269e-02	2.672766e-01	2.506589e-01	2.954281e-01	2.564092e-01
5425	3.471809e-01	7.775307e-01	5.318478e-02	6.648097e-02	3.482531e-01	1.736734e-01	8.488384e-01	8.984557e-01
8642	1.813865e-01	2.968496e-01	5.522498e-02	6.903123e-02	3.616123e-01	2.588098e-01	6.248469e-01	3.254425e-01
9318	2.847599e-01	4.933653e-01	2.445058e-02	3.056322e-02	1.601020e-01	8.493721e-02	6.269101e-01	1.357530e-01
5872	6.118845e-02	8.230046e-01	5.282450e-02	6.603063e-02	3.458940e-01	2.851388e-01	3.801501e-01	1.522971e-01
19735	6.101438e-01	5.935986e-01	2.758787e-02	3.448483e-02	1.806449e-01	1.690976e-01	1.760391e-01	1.098620e-01
327	3.280548e-01	3.228512e-01	7.786081e-02	9.732601e-02	5.098314e-01	5.050133e-01	9.829826e-02	6.241414e-01
31896	5.971631e-01	2.162895e-01	7.135862e-02	8.919828e-02	4.672552e-01	4.216699e-01	8.000689e-01	1.729778e-01
26927	2.408186e-01	4.459094e-01	5.632532e-02	7.040665e-02	3.688173e-01	9.644198e-02	7.763430e-01	1.529957e-02
23039	4.524899e-01	5.309312e-02	4.865478e-02	6.081848e-02	3.185908e-01	3.176966e-01	2.156400e-01	5.795827e-02
27269	7.430914e-01	3.028766e-01	3.612415e-02	4.515519e-02	2.365404e-01	7.549724e-02	5.916684e-01	2.256274e-01
1197	1.706642e-01	5.410403e-01	2.956854e-02	3.696068e-02	1.936144e-01	1.663170e-01	3.704066e-01	3.954677e-01
29870	4.491775e-01	2.626107e-01	2.425734e-02	3.032168e-02	1.588367e-01	1.418748e-01	4.471504e-01	2.382230e-01
31056	5.390370e-02	2.060068e-01	3.476844e-02	4.346054e-02	2.276632e-01	2.133751e-01	4.711297e-01	3.151701e-01
18014	5.657413e-01	5.924684e-01	3.771157e-02	4.713946e-02	2.469348e-01	2.080088e-01	9.815299e-01	5.286701e-01
1585	8.135701e-01	7.597028e-01	3.023064e-02	3.778830e-02	1.979497e-01	1.333454e-01	6.160451e-01	1.785485e-01
26238	8.321020e-01	2.402038e-01	2.293057e-02	2.866322e-02	1.501490e-01	4.466688e-02	8.084259e-01	1.518768e-01
17572	1.450496e-01	4.099886e-01	4.992970e-02	6.241213e-02	3.269389e-01	1.408649e-01	2.185144e-01	4.503188e-01
16869	2.322868e-01	5.339157e-01	2.307083e-02	2.883853e-02	1.510674e-01	1.483380e-01	7.396627e-01	4.159867e-01
16701	6.961645e-01	7.611797e-01	2.110829e-02	2.638536e-02	1.382167e-01	1.376243e-01	7.381735e-01	5.228469e-01
3887	3.516813e-01	2.327938e-01	3.399331e-02	4.249164e-02	2.225877e-01	1.678678e-01	7.312669e-01	5.088343e-02
19203	4.033948e-01	6.001870e-01	4.629567e-02	5.786959e-02	3.031433e-01	2.524596e-01	4.559444e-01	9.083536e-01
15204	8.828967e-01	1.028850e-01	2.794616e-02	3.493270e-02	1.829910e-01	1.510925e-01	9.893521e-01	6.730405e-01
8962	9.520728e-01	7.504384e-01	3.484351e-02	4.355439e-02	2.281548e-01	1.616745e-01	5.971832e-01	3.757776e-02
16011	3.257555e-01	1.691348e-01	2.769745e-02	3.462182e-02	1.813625e-01	1.737686e-01	9.641304e-01	6.621644e-01
17811	6.948191e-01	6.975475e-01	5.823465e-02	7.279331e-02	3.813196e-01	3.689484e-01	1.751200e-01	6.599714e-01
8063	2.586831e-01	6.528926e-02	2.472750e-02	3.090938e-02	1.619153e-01	1.613813e-01	2.775116e-01	5.537023e-01
14822	7.681236e-01	1.513419e-01	2.878690e-02	3.598362e-02	1.884962e-01	1.394502e-01	7.279823e-01	6.635876e-01
7558	8.798149e-01	1.958978e-01	2.081908e-02	2.602385e-02	1.363230e-01	8.657047e-02	7.299542e-01	2.002709e-01
10503	9.018935e-01	6.203357e-01	3.275138e-02	4.093923e-02	2.144555e-01	1.906946e-01	9.748008e-01	5.053766e-01
12247	6.751688e-01	2.591601e-01	4.761675e-02	5.952094e-02	3.117937e-01	2.130170e-01	4.931647e-01	9.139400e-01
5165	5.340789e-01	4.601981e-01	2.241460e-02	2.801825e-02	1.467705e-01	1.447147e-01	8.573247e-01	4.687041e-01
27155	9.624024e-02	8.782571e-01	2.764219e-02	3.455274e-02	1.810006e-01	1.349368e-01	8.230669e-01	9.979938e-01
5728	4.095839e-01	8.482683e-01	2.452093e-02	3.065116e-02	1.605627e-01	1.358666e-01	7.372173e-01	9.408773e-01
9432	6.152358e-01	9.603681e-01	3.068515e-02	3.835643e-02	2.009259e-01	1.474185e-01	3.016418e-01	9.386886e-01
10106	7.366990e-01	2.643492e-01	5.345208e-02	6.681511e-02	3.500034e-01	1.080815e-01	8.899031e-01	4.506238e-01
27265	7.176447e-01	2.095546e-01	4.449321e-02	5.561652e-02	2.913409e-01	2.603077e-01	2.596879e-02	4.449254e-01
27270	6.563873e-01	7.653309e-02	3.170392e-02	3.962990e-02	2.075968e-01	9.442602e-02	7.972850e-01	4.862841e-01
31053	7.284687e-02	6.592054e-01	4.340006e-02	5.425007e-02	2.841829e-01	1.756382e-01	7.833769e-01	2.311016e-01
9950	8.206583e-01	2.697551e-01	2.724613e-02	3.405767e-02	1.784073e-01	9.092671e-02	3.305813e-01	1.364601e-01
14288	3.913175e-01	3.073397e-01	2.672609e-02	3.340762e-02	1.750020e-01	1.307938e-01	2.360750e-01	1.791266e-01
19868	4.886174e-01	4.084110e-01	5.616241e-02	7.020302e-02	3.677506e-01	2.050089e-01	7.739542e-01	8.612148e-01
5378	3.446880e-01	8.613863e-01	6.651367e-02	8.314209e-02	4.355305e-01	4.041655e-01	3.014483e-01	8.625968e-01
5799	5.977693e-01	3.607902e-01	3.235377e-02	4.044222e-02	2.118520e-01	2.110396e-01	6.148616e-01	8.599347e-01
23370	2.931459e-01	9.663751e-01	2.140221e-02	2.675277e-02	1.401414e-01	1.352928e-01	3.225166e-02	4.801319e-01
23250	8.969686e-01	9.160167e-01	3.008447e-02	3.760559e-02	1.969927e-01	5.619932e-02	7.855137e-01	3.502364e-01
14499	5.812652e-01	7.902372e-01	2.161373e-02	2.701717e-02	1.415264e-01	7.973856e-02	5.614485e-01	9.407499e-01
20663	2.717330e-01	1.254425e-01	3.345699e-02	4.182124e-02	2.190759e-01	1.835069e-01	6.500186e-01	7.632874e-01
9397	3.338293e-01	6.114987e-01	4.685782e-02	5.857228e-02	3.068243e-01	2.001019e-01	4.001696e-01	2.058154e-01
23429	1.738330e-01	8.679345e-01	7.337566e-02	9.171957e-02	4.804627e-01	2.195036e-01	1.072034e-01	3.332676e-01
25690	3.516958e-01	6.084862e-02	2.247245e-02	2.809056e-02	1.471492e-01	8.710124e-02	4.109763e-01	8.559472e-01
11205	9.079494e-01	4.958849e-01	2.310271e-02	2.887839e-02	1.512762e-01	9.494464e-02	7.230269e-01	6.699430e-01
27331	7.536144e-01	7.665016e-02	3.024916e-02	3.781146e-02	1.980711e-01	1.215789e-01	1.293358e-01	7.424470e-01
32657	6.106019e-01	8.833297e-01	4.281478e-02	5.351847e-02	2.803505e-01	2.689095e-01	9.417844e-01	9.031765e-01
6185	4.385937e-01	1.836473e-01	2.697219e-02	3.371524e-02	1.766135e-01	1.752665e-01	9.947888e-01	9.889739e-01
32606	2.582218e-01	5.865128e-01	3.324019e-02	4.155024e-02	2.176563e-01	2.158415e-01	9.763424e-02	4.509925e-01
1225	4.702544e-01	9.080014e-01	6.770865e-02	8.463581e-02	4.433552e-01	2.944117e-01	5.545304e-01	6.738373e-02
13939	4.134906e-01	3.485167e-01	2.872764e-02	3.590955e-02	1.881081e-01	1.085967e-01	2.741023e-01	6.456120e-01
30687	7.391707e-01	4.806464e-01	2.275145e-02	2.843931e-02	1.489761e-01	6.567778e-02	7.469927e-01	3.474754e-01
6969	4.937758e-01	2.117797e-01	2.290542e-02	2.863178e-02	1.499844e-01	1.439632e-01	5.877885e-01	6.477877e-01
22653	2.749653e-01	3.572696e-02	2.383531e-02	2.979413e-02	1.560732e-01	5.546496e-02	9.261858e-01	5.450995e-01
15222	5.215789e-01	9.380336e-01	2.406386e-02	3.007982e-02	1.575698e-01	1.564354e-01	1.194927e-01	3.250462e-01
1737	6.782148e-01	6.045713e-01	2.346770e-02	2.933463e-02	1.536662e-01	4.946675e-02	9.536924e-01	9.550957e-01
23222	7.616338e-01	7.037058e-01	2.561999e-02	3.202499e-02	1.677593e-01	1.311652e-01	3.685504e-01	6.672308e-01
25988	8.633581e-01	6.796860e-01	2.947277e-02	3.684096e-02	1.929872e-01	1.297665e-01	7.738555e-02	3.760577e-01
12236	5.569128e-01	1.343721e-01	4.650347e-02	5.812933e-02	3.045040e-01	1.430079e-01	5.392404e-01	2.510457e-02
21207	1.535740e-01	4.906265e-01	2.236715e-02	2.795894e-02	1.464598e-01	1.436135e-01	1.481930e-01	8.263324e-01
24002	9.237049e-01	5.312244e-01	2.277451e-02	2.846814e-02	1.491272e-01	1.477181e-01	7.760543e-02	9.593187e-03
12300	8.618342e-01	8.255310e-01	5.490203e-02	6.862753e-02	3.594976e-01	1.689142e-01	1.933322e-01	5.626091e-02
17423	6.492923e-01	8.218341e-01	7.421816e-02	9.277270e-02	4.859793e-01	3.232401e-01	3.007974e-01	2.364963e-01
1449	8.783078e-01	2.592608e-01	2.567244e-02	3.209056e-02	1.681028e-01	8.327497e-02	1.488091e-01	5.577357e-01
15893	5.082385e-01	6.354068e-01	3.060470e-02	3.825587e-02	2.003991e-01	1.635379e-01	6.017683e-01	9.387530e-02
15224	6.232386e-01	6.604951e-01	2.123523e-02	2.654404e-02	1.390480e-01	9.714550e-02	5.601588e-01	2.193438e-01
17701	2.673608e-01	6.682440e-01	4.224851e-02	5.281064e-02	2.766426e-01	2.054001e-01	3.857182e-01	5.934447e-01
15135	2.068527e-01	6.965911e-02	2.123504e-02	2.654380e-02	1.390467e-01	1.265469e-01	6.268371e-01	1.543134e-01
