22229	5.095457e-01	1.628311e-01	3.126530e-02	3.908163e-02	2.047247e-01	1.402770e-01	7.366007e-01	7.126030e-02
9084	9.065112e-01	1.447064e-01	2.343740e-02	2.929675e-02	1.534677e-01	4.341859e-02	2.518026e-01	7.532774e-01
28867	6.964145e-01	1.933089e-01	3.612736e-02	4.515920e-02	2.365614e-01	1.502910e-01	6.430468e-01	5.383561e-01
24318	8.646683e-01	1.413802e-01	2.568163e-02	3.210203e-02	1.681629e-01	1.680329e-01	4.227657e-01	8.363464e-01
11557	6.933585e-01	2.759184e-01	7.048393e-02	8.810492e-02	4.615277e-01	3.268455e-01	2.922037e-01	1.480749e-01
11037	6.512163e-02	3.298607e-01	5.673734e-02	7.092168e-02	3.715152e-01	3.532900e-01	1.631704e-02	2.532039e-01
19604	3.605833e-01	1.971564e-01	2.170625e-02	2.713281e-02	1.421322e-01	7.717881e-02	3.255712e-02	7.981610e-01
7359	8.832786e-01	8.012986e-01	2.878556e-02	3.598195e-02	1.884874e-01	1.883283e-01	6.298073e-01	1.541941e-01
13761	8.045369e-01	4.446079e-01	5.947674e-02	7.434593e-02	3.894528e-01	3.890645e-01	5.073396e-01	6.786372e-01
29356	7.789253e-01	1.781532e-01	2.095301e-02	2.619126e-02	1.372000e-01	9.945830e-02	5.713248e-01	7.378567e-01
22246	1.168547e-01	3.666835e-02	2.098532e-02	2.623165e-02	1.374116e-01	1.174851e-01	7.549374e-01	4.060204e-01
8178	1.411893e-01	5.402833e-01	3.180600e-02	3.975749e-02	2.082652e-01	1.831795e-01	8.240022e-01	7.478123e-01
19251	3.130578e-01	4.833875e-01	5.303001e-02	6.628751e-02	3.472397e-01	3.125018e-01	8.957990e-02	3.820792e-01
19615	5.669851e-01	6.867214e-01	7.491694e-02	9.364617e-02	4.905549e-01	2.685807e-01	9.610228e-01	6.874436e-01
18330	4.565938e-01	1.861256e-01	2.161271e-02	2.701589e-02	1.415197e-01	1.069344e-01	6.824100e-01	6.427922e-01
14071	1.409908e-01	7.827176e-01	2.968108e-02	3.710135e-02	1.943513e-01	1.812049e-01	3.211671e-02	4.837761e-01
6077	6.661524e-01	4.755978e-01	3.159568e-02	3.949460e-02	2.068880e-01	6.992060e-02	3.882277e-01	5.020210e-01
29684	6.174439e-01	4.247715e-01	3.090665e-02	3.863331e-02	2.023763e-01	2.023598e-01	6.632616e-01	6.952397e-01
17867	5.211899e-01	1.108634e-01	3.349313e-02	4.186641e-02	2.193125e-01	8.747803e-02	2.724728e-01	9.474005e-01
21636	5.503834e-01	9.281834e-01	4.656899e-02	5.821124e-02	3.049330e-01	1.127710e-01	3.125783e-01	2.844418e-01
31962	2.751172e-01	4.367182e-01	2.691019e-02	3.363773e-02	1.762075e-01	1.122903e-01	9.884006e-01	2.244041e-01
11297	8.668587e-01	1.991782e-01	2.299797e-02	2.874746e-02	1.505903e-01	1.505754e-01	2.258737e-01	3.307655e-01
6996	3.680735e-01	8.194904e-01	2.890699e-02	3.613374e-02	1.892825e-01	8.508210e-02	5.885484e-01	1.214652e-01
15400	1.086998e-01	7.460674e-01	2.142608e-02	2.678261e-02	1.402977e-01	1.285800e-01	6.359206e-01	6.170814e-01
32379	3.322434e-01	6.136290e-01	2.129018e-02	2.661273e-02	1.394078e-01	1.365469e-01	8.247670e-01	1.304577e-01
2984	3.386374e-01	6.794325e-01	2.156932e-02	2.696165e-02	1.412356e-01	1.400155e-01	5.352680e-01	3.612709e-01
28457	1.590018e-01	8.708652e-01	2.228886e-02	2.786107e-02	1.459471e-01	8.679463e-02	1.109923e-01	1.607678e-01
13943	7.387122e-01	8.458254e-01	3.543815e-02	4.429768e-02	2.320484e-01	6.033343e-02	8.924031e-01	2.156607e-01
21066	5.707176e-01	3.152802e-01	7.092511e-02	8.865638e-02	4.644165e-01	2.735308e-01	3.360607e-01	9.324392e-01
31649	7.416814e-01	8.982289e-01	2.647539e-02	3.309424e-02	1.733605e-01	7.373284e-02	3.727309e-01	4.925804e-01
14343	8.775011e-01	5.326399e-02	2.122282e-02	2.652853e-02	1.389667e-01	1.343573e-01	5.191533e-02	3.323023e-01
31416	7.396629e-01	3.776866e-01	5.553362e-02	6.941703e-02	3.636333e-01	2.334071e-01	1.211205e-01	9.629487e-01
31630	1.898438e-01	3.038888e-01	5.733777e-02	7.167221e-02	3.754468e-01	2.871326e-01	9.472940e-01	1.965740e-01
25603	6.270461e-01	8.375611e-01	3.846472e-02	4.808090e-02	2.518664e-01	2.464692e-01	7.555978e-01	5.701932e-01
16666	3.240793e-01	7.721220e-01	4.346502e-02	5.433127e-02	2.846083e-01	2.533245e-01	2.091670e-01	4.492544e-01
640	8.053776e-01	7.575955e-01	3.387361e-02	4.234201e-02	2.218039e-01	2.089488e-01	6.350990e-01	6.213646e-01
15281	6.886578e-01	5.014709e-01	2.281878e-02	2.852348e-02	1.494170e-01	1.316409e-01	9.432847e-01	8.933184e-01
29153	8.151188e-01	1.299974e-01	3.525252e-02	4.406565e-02	2.308329e-01	1.903098e-01	7.433695e-02	1.785595e-01
8579	4.058697e-01	7.800991e-01	3.843211e-02	4.804014e-02	2.516529e-01	1.386517e-01	8.055846e-01	9.687425e-01
21276	5.714269e-01	5.850325e-01	5.652019e-02	7.065023e-02	3.700933e-01	2.872789e-01	4.386527e-01	6.165131e-01
16740	5.849138e-02	8.766790e-01	3.760787e-02	4.700984e-02	2.462558e-01	2.462172e-01	1.169892e-01	3.587934e-01
31220	7.494873e-01	4.797867e-01	2.069009e-02	2.586261e-02	1.354784e-01	5.176368e-02	7.903275e-01	4.828257e-01
29007	9.025478e-01	8.620485e-01	3.496015e-02	4.370019e-02	2.289185e-01	1.623157e-01	5.875552e-01	6.892230e-02
6485	6.443337e-01	7.506016e-01	5.824048e-02	7.280060e-02	3.813578e-01	2.723535e-01	1.454606e-01	6.118981e-01
19386	5.381002e-02	9.253854e-01	3.456030e-02	4.320038e-02	2.263003e-01	2.201955e-01	1.558920e-01	3.519164e-01
22445	8.192955e-01	6.413655e-01	2.055411e-02	2.569263e-02	1.345880e-01	5.252661e-02	9.846650e-01	6.079715e-01
16272	7.236969e-01	7.481327e-01	2.989351e-02	3.736689e-02	1.957423e-01	1.899406e-01	2.831597e-01	8.532205e-01
16337	7.570169e-01	7.278771e-01	2.458409e-02	3.073011e-02	1.609762e-01	1.587064e-01	8.946396e-01	9.721593e-01
12588	4.927913e-01	5.310281e-01	2.179197e-02	2.723996e-02	1.426935e-01	1.158081e-01	8.314550e-02	1.765262e-02
32715	7.874658e-01	5.562491e-01	3.351141e-02	4.188926e-02	2.194322e-01	1.532364e-01	2.985759e-01	3.001711e-01
8925	1.202856e-01	6.618875e-01	3.678263e-02	4.597829e-02	2.408521e-01	1.252377e-01	1.187532e-01	9.688282e-02
27474	2.460100e-01	7.261709e-01	2.893187e-02	3.616483e-02	1.894454e-01	1.709617e-01	9.646210e-01	8.959990e-01
30078	8.609703e-01	6.977559e-01	4.643598e-02	5.804498e-02	3.040621e-01	2.938380e-01	7.350119e-01	2.692893e-01
7566	3.736549e-02	7.835195e-02	3.599744e-02	4.499679e-02	2.357106e-01	1.592756e-01	8.745437e-03	5.589210e-01
2270	2.015294e-01	6.981292e-01	3.616052e-02	4.520065e-02	2.367785e-01	9.256714e-02	1.325014e-01	2.327922e-01
22182	6.513829e-01	3.571273e-01	4.953903e-02	6.192379e-02	3.243808e-01	3.174509e-01	2.150868e-01	9.116121e-01
8324	4.962577e-01	1.934868e-01	2.097274e-02	2.621592e-02	1.373292e-01	1.173641e-01	2.470427e-01	3.552092e-01
17112	1.609297e-01	5.032082e-01	2.592629e-02	3.240786e-02	1.697650e-01	6.154380e-02	2.987039e-01	8.863183e-01
26061	8.890839e-01	5.719964e-01	2.539720e-02	3.174650e-02	1.663005e-01	1.476418e-01	9.940041e-01	8.975844e-01
22295	9.346872e-01	2.284524e-01	3.119061e-02	3.898826e-02	2.042356e-01	1.717370e-01	5.525931e-01	4.225701e-01
12395	8.214536e-02	5.004222e-01	7.258488e-02	9.073110e-02	4.752847e-01	3.672387e-01	1.937124e-01	3.872832e-01
9919	2.773652e-01	8.112258e-01	4.427428e-02	5.534285e-02	2.899073e-01	2.739491e-01	4.770767e-01	2.428129e-01
24403	4.767029e-01	3.829476e-01	2.136620e-02	2.670775e-02	1.399055e-01	8.677405e-02	7.286247e-01	9.957509e-01
19075	2.215877e-01	1.825817e-01	4.747831e-02	5.934789e-02	3.108872e-01	2.329300e-01	4.719808e-02	7.944154e-01
32280	2.853076e-01	1.367950e-01	2.524607e-02	3.155758e-02	1.653108e-01	1.459727e-01	5.364268e-01	5.328241e-02
14433	8.257594e-01	3.765373e-01	2.391158e-02	2.988948e-02	1.565727e-01	5.341160e-02	2.724481e-01	2.155567e-01
21081	9.064007e-01	3.746046e-01	2.714551e-02	3.393189e-02	1.777484e-01	5.210258e-02	5.619275e-01	1.810332e-01
21981	6.443884e-01	5.577372e-01	2.562064e-02	3.202580e-02	1.677636e-01	7.885089e-02	6.199135e-01	6.311749e-01
31343	1.912671e-01	4.187378e-01	2.362146e-02	2.952683e-02	1.546730e-01	1.469133e-01	1.566213e-01	7.635039e-01
16733	4.835769e-01	1.214725e-01	3.825645e-02	4.782056e-02	2.505026e-01	2.490635e-01	3.403004e-03	9.165901e-01
30449	2.761538e-01	2.923153e-01	3.608502e-02	4.510628e-02	2.362842e-01	1.438119e-01	8.432470e-01	4.046622e-01
19877	5.458107e-01	2.009291e-01	2.095604e-02	2.619505e-02	1.372198e-01	1.165672e-01	2.711915e-01	7.292913e-01
19935	9.194033e-01	2.900176e-01	4.819102e-02	6.023877e-02	3.155540e-01	2.837075e-01	5.460567e-01	8.233224e-01
21162	8.760917e-02	4.142575e-01	2.152099e-02	2.690124e-02	1.409191e-01	1.174401e-01	8.165268e-01	7.209029e-01
31006	2.489737e-01	4.195127e-01	2.664935e-02	3.331169e-02	1.744996e-01	8.133054e-02	5.547704e-01	4.947240e-02
14191	3.054060e-02	5.250284e-01	3.066660e-02	3.833325e-02	2.008044e-01	7.780191e-02	1.847392e-01	7.880257e-01
3293	2.258377e-01	5.736995e-01	3.099043e-02	3.873804e-02	2.029249e-01	1.744471e-01	9.527054e-01	8.722922e-01
5532	3.561811e-01	9.636249e-01	2.291557e-02	2.864446e-02	1.500508e-01	1.184860e-01	5.291930e-02	9.079258e-01
