15906	3.076427e-01	6.619207e-01	3.105023e-02	3.881279e-02	2.033164e-01	1.290475e-01	7.163171e-01	4.148674e-01
32173	7.513955e-01	8.619732e-01	4.704900e-02	5.881124e-02	3.080761e-01	9.418150e-02	3.741283e-01	9.222859e-01
4232	8.584172e-01	9.046429e-01	3.596076e-02	4.495095e-02	2.354705e-01	2.350944e-01	2.465308e-01	7.567978e-01
20478	2.622300e-01	9.318446e-01	2.563721e-02	3.204651e-02	1.678720e-01	1.673218e-01	7.580862e-01	1.620703e-01
26585	6.446864e-01	5.435950e-01	2.384752e-02	2.980940e-02	1.561532e-01	1.529634e-01	8.713068e-01	4.025561e-01
2694	7.027671e-01	8.245308e-02	2.241912e-02	2.802389e-02	1.468000e-01	6.359138e-02	9.683011e-01	2.083027e-01
290	6.848632e-01	6.637261e-01	2.383165e-02	2.978956e-02	1.560492e-01	1.227124e-01	2.747569e-01	3.066939e-01
22588	2.219010e-01	7.044781e-01	4.879950e-02	6.099937e-02	3.195383e-01	2.092037e-01	4.636751e-02	2.542577e-01
10645	5.019565e-01	2.478734e-01	2.104265e-02	2.630331e-02	1.377869e-01	1.068427e-01	6.823640e-01	9.573407e-01
8568	6.317835e-01	5.997287e-01	4.941964e-02	6.177454e-02	3.235990e-01	1.423666e-01	4.771851e-01	1.817853e-01
32152	6.989780e-01	2.883548e-01	2.463977e-02	3.079971e-02	1.613408e-01	1.046861e-01	7.416576e-01	7.557526e-01
14935	7.811749e-01	6.429412e-01	3.307340e-02	4.134175e-02	2.165641e-01	1.841707e-01	5.442881e-01	7.007221e-01
21627	6.743969e-02	7.391862e-01	4.906563e-02	6.133203e-02	3.212810e-01	1.555844e-01	1.355563e-03	2.024821e-01
16389	7.489067e-01	5.156367e-01	2.677676e-02	3.347096e-02	1.753338e-01	1.272847e-01	4.474737e-01	7.829794e-01
4625	7.137839e-01	8.038881e-01	3.307061e-02	4.133827e-02	2.165459e-01	8.220027e-02	4.748591e-01	8.533624e-01
9632	8.147154e-01	4.809926e-01	3.760927e-02	4.701158e-02	2.462649e-01	2.374021e-01	2.011991e-01	1.684888e-02
29180	4.824293e-01	3.682198e-01	5.663223e-02	7.079029e-02	3.708270e-01	3.614895e-01	2.802222e-01	2.635703e-01
31561	5.883796e-01	1.464080e-01	2.803647e-02	3.504558e-02	1.835823e-01	8.574892e-02	6.949270e-01	7.878302e-01
12327	6.386968e-01	7.053490e-01	6.053024e-02	7.566280e-02	3.963511e-01	3.379419e-01	8.069892e-01	6.464651e-01
3273	7.066949e-01	7.016114e-01	2.390510e-02	2.988137e-02	1.565302e-01	1.055881e-01	9.866645e-01	2.351227e-01
4829	3.459630e-01	3.509212e-01	2.978323e-02	3.722904e-02	1.950201e-01	1.064212e-01	6.900165e-02	3.926561e-01
18233	3.956579e-01	1.035562e-01	3.168834e-02	3.961042e-02	2.074947e-01	5.514273e-02	4.708995e-01	5.053899e-02
20623	4.303748e-01	1.724809e-01	2.249841e-02	2.812302e-02	1.473193e-01	4.361559e-02	2.433974e-01	2.098054e-01
2880	8.066193e-01	2.346533e-01	4.367586e-02	5.459483e-02	2.859889e-01	2.853453e-01	4.252740e-01	6.362343e-01
25371	3.401287e-01	7.519096e-01	3.796019e-02	4.745024e-02	2.485627e-01	1.311514e-01	8.668042e-01	8.006849e-01
19548	5.298374e-02	4.687054e-01	2.278343e-02	2.847929e-02	1.491855e-01	1.081611e-01	9.560082e-01	9.282301e-01
15719	4.344781e-02	4.095628e-01	2.543957e-02	3.179946e-02	1.665779e-01	1.494383e-01	1.570937e-02	3.231938e-01
2499	2.581425e-01	1.232173e-01	2.674181e-02	3.342726e-02	1.751050e-01	4.722741e-02	7.374028e-01	8.481828e-01
11647	5.692582e-01	4.911424e-01	4.857944e-02	6.072430e-02	3.180974e-01	2.736366e-01	5.489703e-01	8.409164e-01
15282	4.110549e-01	2.478464e-01	3.759904e-02	4.699880e-02	2.461979e-01	1.718552e-01	1.315529e-01	2.532010e-01
13756	8.084318e-01	8.884733e-01	4.658628e-02	5.823285e-02	3.050463e-01	1.723799e-01	1.026935e-01	6.634804e-02
31443	3.106342e-01	9.151242e-01	3.188903e-02	3.986129e-02	2.088089e-01	1.949876e-01	9.538498e-01	5.415324e-01
27627	2.918802e-01	5.659704e-01	4.866912e-02	6.083641e-02	3.186847e-01	2.788634e-01	9.292369e-01	9.971871e-01
17948	8.541694e-01	1.975066e-01	2.633369e-02	3.291711e-02	1.724326e-01	1.709256e-01	6.015344e-01	3.405390e-01
7619	2.141315e-01	5.803064e-01	2.154598e-02	2.693247e-02	1.410827e-01	1.044117e-01	4.194400e-01	8.298711e-02
1642	6.881501e-01	2.240590e-01	5.794946e-02	7.243682e-02	3.794521e-01	2.532109e-01	6.069765e-01	5.860190e-01
32035	3.251129e-01	1.237375e-01	4.202482e-02	5.253103e-02	2.751779e-01	1.988935e-01	8.050685e-01	5.657726e-01
2715	1.703176e-01	2.075559e-01	2.862141e-02	3.577676e-02	1.874125e-01	5.014481e-02	6.267327e-01	1.730256e-02
5501	9.409983e-01	8.145785e-01	5.638142e-02	7.047678e-02	3.691847e-01	1.498806e-01	3.081114e-01	6.124459e-01
21984	8.389614e-02	4.968082e-01	4.157067e-02	5.196334e-02	2.722041e-01	1.558944e-01	5.877270e-01	5.763990e-01
23211	3.571500e-01	3.262415e-01	5.836137e-02	7.295171e-02	3.821494e-01	1.381598e-01	3.058574e-02	7.177559e-01
14274	8.858802e-01	4.282234e-01	2.641103e-02	3.301379e-02	1.729390e-01	1.719439e-01	9.917104e-01	1.977682e-01
23249	3.196619e-01	2.554683e-01	6.847023e-02	8.558779e-02	4.483420e-01	1.945030e-01	9.288316e-02	6.010308e-01
8905	2.019499e-01	8.654713e-01	2.235884e-02	2.794855e-02	1.464053e-01	7.141389e-02	2.614086e-01	6.329156e-01
21201	7.042379e-01	8.970276e-01	2.582167e-02	3.227708e-02	1.690799e-01	1.023962e-01	1.871673e-01	5.624910e-02
7656	1.316946e-01	6.779517e-01	3.738186e-02	4.672732e-02	2.447758e-01	2.433598e-01	1.605499e-01	3.469427e-01
17378	7.235624e-01	2.246768e-01	2.160143e-02	2.700179e-02	1.414458e-01	3.709565e-02	9.495365e-01	5.520710e-01
649	9.566682e-01	7.727484e-01	2.601644e-02	3.252055e-02	1.703552e-01	1.295850e-01	5.774102e-01	2.182700e-02
31573	7.479398e-01	7.042224e-01	2.600579e-02	3.250724e-02	1.702855e-01	1.682458e-01	1.233796e-01	8.748324e-02
28500	1.026278e-01	1.031726e-01	3.558113e-02	4.447642e-02	2.329847e-01	9.818049e-02	3.992423e-01	1.508333e-01
18628	3.642783e-01	5.453935e-01	2.656177e-02	3.320221e-02	1.739261e-01	1.143596e-01	7.209314e-01	7.181961e-01
21300	7.140422e-01	3.569458e-01	4.148270e-02	5.185337e-02	2.716281e-01	1.568385e-01	6.797423e-01	3.333457e-01
12797	7.147631e-01	5.728123e-01	5.281718e-02	6.602147e-02	3.458461e-01	3.335763e-01	2.296666e-01	3.335338e-01
5027	4.268079e-01	1.020080e-01	3.009403e-02	3.761754e-02	1.970553e-01	1.237303e-01	1.317052e-01	7.313486e-01
802	4.015696e-01	7.673460e-01	3.864120e-02	4.830150e-02	2.530220e-01	2.530159e-01	4.495701e-01	5.186382e-01
4825	3.189998e-01	1.679971e-01	2.584396e-02	3.230495e-02	1.692259e-01	1.112899e-01	1.826966e-01	6.610402e-01
13965	2.870299e-01	1.858225e-01	2.316985e-02	2.896231e-02	1.517158e-01	1.020509e-01	8.373661e-01	4.775666e-01
24993	6.292189e-01	1.041055e-01	2.066484e-02	2.583105e-02	1.353130e-01	1.353096e-01	2.560172e-01	4.324225e-01
29324	1.271978e-01	5.528625e-01	2.479300e-02	3.099125e-02	1.623442e-01	1.112674e-01	9.022858e-01	4.799157e-01
10268	4.462797e-01	7.982768e-01	4.938567e-02	6.173209e-02	3.233766e-01	1.045610e-01	3.984628e-01	7.790301e-01
32264	2.328369e-01	2.424026e-01	3.818596e-02	4.773244e-02	2.500410e-01	8.354646e-02	3.166754e-01	2.222155e-01
18107	6.010427e-01	9.477710e-01	3.748685e-02	4.685856e-02	2.454633e-01	1.912004e-01	4.121076e-02	8.982331e-01
24498	3.931466e-01	4.515190e-01	3.344722e-02	4.180903e-02	2.190119e-01	1.084710e-01	5.585840e-01	4.248853e-01
30788	2.606591e-01	7.832518e-02	2.357166e-02	2.946457e-02	1.543469e-01	1.501262e-01	5.817144e-01	5.109490e-01
23641	6.085743e-01	2.839410e-01	2.458164e-02	3.072705e-02	1.609602e-01	1.515110e-01	5.807156e-01	5.901004e-02
3901	1.022486e-01	2.328903e-01	2.300174e-02	2.875218e-02	1.506151e-01	1.040506e-01	9.082637e-01	7.611044e-01
12185	1.878001e-01	8.166959e-01	2.374041e-02	2.967551e-02	1.554518e-01	1.524780e-01	1.094259e-01	2.336606e-01
6970	7.465339e-01	1.878678e-01	4.141796e-02	5.177245e-02	2.712041e-01	2.100041e-01	3.770260e-01	5.523208e-01
16291	8.508445e-01	3.803657e-01	3.260533e-02	4.075666e-02	2.134992e-01	2.062353e-01	7.559895e-01	8.424899e-01
9642	2.263173e-01	1.286962e-01	2.824580e-02	3.530725e-02	1.849531e-01	5.722236e-02	7.647075e-01	9.242675e-01
17877	6.045737e-01	3.188321e-01	2.713136e-02	3.391420e-02	1.776557e-01	1.266868e-01	1.943561e-01	9.728088e-01
9896	3.434319e-01	4.566199e-01	5.960722e-02	7.450902e-02	3.903071e-01	2.220884e-01	3.619625e-01	4.651480e-02
