28463	7.695980e-01	2.757843e-01	2.279019e-02	2.848774e-02	1.492298e-01	8.131225e-02	4.286173e-01	5.807915e-01
7391	8.188184e-01	9.963126e-02	4.958388e-02	6.197985e-02	3.246745e-01	3.039800e-01	3.569516e-01	5.663603e-01
16743	3.335366e-01	4.856542e-01	2.164700e-02	2.705875e-02	1.417442e-01	4.903040e-02	2.372838e-01	5.928227e-01
25308	1.000808e-01	7.830710e-01	3.567629e-02	4.459537e-02	2.336078e-01	1.041405e-01	5.260099e-01	9.588858e-02
28255	3.225675e-01	9.373333e-01	2.786856e-02	3.483570e-02	1.824829e-01	1.290864e-01	2.201633e-01	3.267163e-01
10030	1.757604e-01	3.986386e-01	2.108924e-02	2.636154e-02	1.380920e-01	8.829066e-02	1.705244e-01	6.582180e-01
13592	4.921931e-02	6.520974e-01	2.357028e-02	2.946285e-02	1.543378e-01	9.138633e-02	3.642677e-01	6.942353e-01
19492	7.788728e-01	1.686364e-01	3.962212e-02	4.952766e-02	2.594451e-01	7.968898e-02	5.985500e-02	2.486952e-01
28667	4.995666e-01	6.061608e-01	3.567450e-02	4.459312e-02	2.335961e-01	2.247129e-01	2.012250e-01	2.110712e-01
4044	1.208227e-01	1.758807e-01	2.614929e-02	3.268661e-02	1.712251e-01	1.666621e-01	2.494368e-01	8.088241e-01
23426	1.578134e-01	6.285235e-01	3.230737e-02	4.038422e-02	2.115482e-01	2.020876e-01	2.893304e-01	4.924056e-01
4547	7.442402e-01	7.522909e-01	6.949996e-02	8.687495e-02	4.550847e-01	4.463562e-01	1.661260e-01	8.903262e-01
8864	4.566578e-02	7.506452e-01	2.078513e-02	2.598142e-02	1.361007e-01	1.233681e-01	9.441313e-01	1.560933e-01
13031	2.311613e-01	4.540631e-01	5.766960e-02	7.208700e-02	3.776197e-01	2.670759e-01	4.659538e-01	4.642320e-02
16252	8.688022e-01	4.849580e-01	2.543437e-02	3.179296e-02	1.665438e-01	1.663916e-01	8.927967e-01	9.597362e-01
25235	1.549506e-01	7.372109e-01	3.706624e-02	4.633279e-02	2.427091e-01	8.129619e-02	1.802567e-01	1.740279e-02
31681	6.082931e-01	7.116676e-01	5.810129e-02	7.262661e-02	3.804463e-01	2.419474e-01	8.207770e-01	5.224486e-01
4555	6.130667e-02	1.531811e-01	2.437401e-02	3.046751e-02	1.596006e-01	1.277398e-01	9.246818e-01	8.287364e-01
31041	5.972138e-01	8.846718e-01	7.625559e-02	9.531948e-02	4.993204e-01	1.352595e-01	5.320432e-01	6.434871e-01
31977	8.161394e-01	2.881369e-01	2.623281e-02	3.279101e-02	1.717720e-01	5.309295e-02	4.596552e-01	5.579585e-01
23915	4.908528e-01	1.182756e-01	3.073742e-02	3.842178e-02	2.012682e-01	1.531949e-01	4.401527e-01	3.990748e-01
24720	4.815040e-01	5.436391e-01	2.190115e-02	2.737643e-02	1.434084e-01	1.377044e-01	7.456136e-01	4.669918e-01
7011	2.639376e-01	4.073018e-01	2.222470e-02	2.778087e-02	1.455270e-01	1.068025e-01	9.854741e-01	4.224105e-01
17407	2.759432e-01	7.143102e-01	3.842772e-02	4.803465e-02	2.516241e-01	1.175164e-01	9.369247e-01	3.570723e-01
22570	5.299725e-01	4.332768e-01	7.423319e-02	9.279149e-02	4.860778e-01	3.787204e-01	4.294994e-01	8.183745e-01
23889	8.662517e-01	6.255905e-01	3.840541e-02	4.800676e-02	2.514780e-01	6.743094e-02	2.540838e-01	6.969494e-01
24176	4.634257e-01	8.550778e-01	3.238125e-02	4.047656e-02	2.120319e-01	1.929369e-01	5.851044e-01	5.034315e-01
30689	3.288957e-01	8.398338e-01	3.577817e-02	4.472272e-02	2.342749e-01	8.191994e-02	1.298709e-01	6.060614e-01
13659	7.124929e-01	1.002772e-01	2.643126e-02	3.303907e-02	1.730715e-01	1.729647e-01	5.528683e-02	2.048509e-01
28941	6.677455e-01	4.028989e-01	2.884073e-02	3.605091e-02	1.888486e-01	1.888486e-01	3.564188e-01	7.909738e-01
11204	7.412617e-02	2.362386e-01	6.189011e-02	7.736264e-02	4.052555e-01	4.041318e-01	6.498721e-01	4.118478e-01
20327	6.042536e-01	3.978640e-01	2.476227e-02	3.095284e-02	1.621430e-01	7.578847e-02	7.611217e-01	9.333292e-02
14320	8.933430e-01	3.829597e-01	3.609419e-02	4.511773e-02	2.363442e-01	2.118056e-01	4.147140e-01	6.938884e-01
5555	8.197286e-01	8.163663e-01	3.437920e-02	4.297401e-02	2.251145e-01	8.937630e-02	6.813658e-01	9.555412e-01
21174	9.473619e-01	7.654747e-01	4.060051e-02	5.075064e-02	2.658515e-01	9.494198e-02	3.109342e-01	5.421454e-01
31060	3.311225e-01	3.553797e-01	2.060501e-02	2.575626e-02	1.349213e-01	5.054382e-02	9.836298e-02	4.449584e-01
25271	8.866358e-01	5.955240e-01	7.270697e-02	9.088371e-02	4.760841e-01	2.456098e-01	2.683657e-01	1.061709e-01
10127	7.820371e-01	9.288744e-01	3.764089e-02	4.705111e-02	2.464719e-01	2.297797e-01	6.135478e-02	2.030787e-02
7915	4.609014e-02	5.489857e-01	2.510277e-02	3.137847e-02	1.643726e-01	1.560169e-01	6.217441e-01	5.729557e-01
18592	4.117807e-01	6.483757e-01	3.026604e-02	3.783254e-02	1.981815e-01	1.953105e-01	2.914789e-01	8.391483e-01
9202	5.559221e-01	1.224552e-01	2.550124e-02	3.187655e-02	1.669817e-01	7.428767e-02	4.344107e-01	4.437007e-01
13231	4.604742e-01	1.038111e-01	2.211408e-02	2.764260e-02	1.448027e-01	1.342820e-01	9.301640e-01	9.587143e-01
23704	7.971022e-01	8.838588e-01	2.136488e-02	2.670610e-02	1.398969e-01	1.299037e-01	5.886042e-01	5.565885e-01
17788	9.081563e-01	1.277337e-01	2.987481e-02	3.734352e-02	1.956198e-01	1.719151e-01	4.321941e-02	8.775831e-01
28472	3.443644e-01	6.659114e-01	2.478650e-02	3.098313e-02	1.623016e-01	1.543979e-01	5.939098e-01	3.709983e-01
27361	4.143496e-01	2.503074e-01	2.131356e-02	2.664195e-02	1.395609e-01	1.268134e-01	1.138284e-01	4.906794e-01
22465	7.724074e-01	4.642210e-01	3.557180e-02	4.446475e-02	2.329236e-01	2.282639e-01	5.825003e-01	3.517393e-01
17755	1.514363e-01	6.909794e-02	3.559708e-02	4.449634e-02	2.330891e-01	1.466693e-01	3.416059e-01	4.871333e-01
21131	7.092183e-01	8.178635e-01	2.759399e-02	3.449249e-02	1.806850e-01	1.806363e-01	2.359081e-01	9.619277e-01
17719	6.973851e-01	5.136503e-01	3.415606e-02	4.269508e-02	2.236534e-01	8.971468e-02	1.886864e-02	5.476125e-01
26221	6.260907e-01	3.463860e-01	3.694761e-02	4.618452e-02	2.419324e-01	2.393095e-01	6.792958e-02	3.941179e-01
10661	2.723008e-01	8.231553e-01	2.540311e-02	3.175389e-02	1.663392e-01	4.923817e-02	6.382747e-01	9.516110e-01
28543	8.527439e-01	8.079837e-01	2.657550e-02	3.321938e-02	1.740160e-01	1.273521e-01	6.077112e-01	7.582362e-01
20818	4.607324e-01	7.751528e-01	4.985683e-02	6.232104e-02	3.264618e-01	3.257283e-01	1.006408e-01	6.322452e-01
19206	9.318637e-01	6.828637e-02	3.050897e-02	3.813621e-02	1.997723e-01	1.779541e-01	1.198543e-01	7.198916e-01
31807	8.119978e-01	7.549059e-01	3.443993e-02	4.304992e-02	2.255122e-01	1.299368e-01	3.951758e-01	4.151846e-01
4027	9.089222e-02	9.280522e-01	2.999450e-02	3.749312e-02	1.964035e-01	1.854157e-01	2.251317e-01	6.985134e-02
3854	9.353640e-01	5.134863e-01	2.710302e-02	3.387877e-02	1.774701e-01	9.751779e-02	1.523284e-02	4.304391e-01
8550	9.318464e-01	3.689423e-01	2.152185e-02	2.690231e-02	1.409247e-01	7.451124e-02	3.729340e-01	7.157403e-01
6813	4.293095e-01	4.419838e-02	3.820711e-02	4.775889e-02	2.501796e-01	1.020612e-01	1.344090e-01	9.731239e-01
22656	6.394363e-01	7.829554e-01	3.440191e-02	4.300239e-02	2.252632e-01	2.251534e-01	4.779503e-01	8.858968e-01
18811	4.293968e-01	8.929750e-01	2.086001e-02	2.607501e-02	1.365910e-01	7.654456e-02	6.579299e-01	2.907356e-01
25210	2.799140e-01	7.428546e-01	6.140831e-02	7.676039e-02	4.021006e-01	1.444485e-01	8.901963e-01	2.523225e-01
11818	5.040174e-02	9.009129e-02	4.353423e-02	5.441778e-02	2.850614e-01	1.195237e-01	5.191732e-02	2.287218e-03
7030	4.602582e-01	2.490388e-01	2.853307e-02	3.566634e-02	1.868341e-01	1.272621e-01	7.845119e-01	9.063350e-01
22657	9.701821e-01	2.457844e-01	2.381221e-02	2.976526e-02	1.559220e-01	1.424974e-01	6.650584e-01	5.683212e-01
11246	7.913725e-01	8.388092e-01	2.595211e-02	3.244014e-02	1.699340e-01	5.051733e-02	9.972548e-01	8.920352e-01
23517	4.910332e-01	3.260791e-01	2.244681e-02	2.805852e-02	1.469814e-01	1.368316e-01	8.262640e-01	7.824604e-01
28367	1.069414e-01	4.780011e-01	4.208421e-02	5.260526e-02	2.755668e-01	2.728926e-01	3.017257e-01	4.139957e-01
11878	5.069372e-01	5.596658e-02	2.817205e-02	3.521506e-02	1.844701e-01	1.280184e-01	6.078719e-01	9.797108e-01
17829	7.168906e-01	9.308820e-01	2.521142e-02	3.151428e-02	1.650840e-01	1.648522e-01	6.445956e-01	6.006255e-01
32542	7.913387e-01	8.096455e-01	2.720176e-02	3.400220e-02	1.781167e-01	1.205932e-01	2.043854e-01	4.380506e-01
1080	8.210283e-02	7.347858e-01	2.362167e-02	2.952709e-02	1.546743e-01	5.898181e-02	6.979020e-01	7.557176e-01
8006	3.190606e-01	2.714226e-01	2.287400e-02	2.859250e-02	1.497786e-01	4.095901e-02	3.457424e-01	6.563883e-01
1972	3.838273e-01	1.844114e-01	6.757086e-02	8.446358e-02	4.424529e-01	4.343193e-01	8.981899e-01	4.904054e-02
18648	5.453665e-01	1.942908e-01	4.959226e-02	6.199033e-02	3.247294e-01	2.904302e-01	9.926393e-02	5.761567e-01
29950	8.167030e-01	7.033379e-01	2.159473e-02	2.699341e-02	1.414020e-01	1.016350e-01	9.718045e-01	5.569162e-01
26717	9.550118e-01	5.604319e-01	4.562797e-02	5.703496e-02	2.987712e-01	9.185404e-02	7.094958e-01	9.704022e-01
19751	5.994735e-01	1.654159e-01	2.916351e-02	3.645439e-02	1.909622e-01	5.879727e-02	1.278794e-01	9.689020e-01
