23417	2.781575e-01	2.328854e-01	7.086969e-02	8.858711e-02	4.640536e-01	2.211572e-01	4.423534e-01	6.277881e-02
22945	5.472269e-01	5.782146e-01	3.624014e-02	4.530017e-02	2.372999e-01	2.179646e-01	4.649388e-01	7.452357e-01
1031	5.455309e-01	4.888073e-01	4.592383e-02	5.740479e-02	3.007085e-01	8.197500e-02	3.449131e-01	8.373606e-01
18176	7.756857e-01	4.822027e-02	2.971215e-02	3.714018e-02	1.945547e-01	1.778981e-01	3.417437e-01	6.203109e-01
30524	9.169539e-01	8.579234e-01	2.108467e-02	2.635584e-02	1.380621e-01	6.726535e-02	9.221656e-01	2.077719e-01
6289	6.738255e-01	3.756130e-01	4.380799e-02	5.475999e-02	2.868541e-01	2.201256e-01	6.007038e-01	8.026060e-01
1277	6.050719e-01	2.904934e-01	2.064202e-02	2.580252e-02	1.351636e-01	7.196172e-02	7.417676e-01	3.509819e-01
18727	4.811532e-01	9.721914e-01	2.200453e-02	2.750566e-02	1.440853e-01	1.083367e-01	3.692910e-01	9.533686e-01
27495	6.599060e-01	6.823644e-01	6.818723e-02	8.523404e-02	4.464889e-01	3.533895e-01	8.244121e-01	2.180969e-01
20360	4.289267e-01	8.199268e-02	4.803876e-02	6.004845e-02	3.145570e-01	2.665737e-01	7.842591e-01	6.500149e-01
12594	8.984225e-01	8.044142e-01	4.402500e-02	5.503126e-02	2.882750e-01	2.572618e-01	6.235057e-01	3.179031e-01
28578	6.841102e-01	1.536894e-01	3.808880e-02	4.761100e-02	2.494049e-01	1.740499e-01	2.608197e-01	5.299129e-01
17541	4.055736e-01	6.952352e-01	2.277763e-02	2.847203e-02	1.491475e-01	1.363778e-01	9.848055e-01	8.979276e-01
7243	5.023722e-01	9.395988e-01	2.683203e-02	3.354004e-02	1.756957e-01	1.489354e-01	7.368986e-01	9.298504e-01
27479	5.238676e-01	2.920664e-01	4.603179e-02	5.753974e-02	3.014154e-01	2.982517e-01	2.301742e-01	5.836550e-01
9141	8.748915e-01	3.119067e-01	3.174358e-02	3.967948e-02	2.078565e-01	1.982296e-01	5.729141e-01	3.126543e-01
31918	4.006940e-01	6.083517e-01	5.535621e-02	6.919526e-02	3.624716e-01	3.486731e-01	7.551971e-01	9.191144e-01
10386	9.503001e-01	2.895047e-02	2.166613e-02	2.708266e-02	1.418695e-01	1.355282e-01	3.318633e-01	1.317340e-01
10263	8.410714e-01	2.332444e-01	2.960316e-02	3.700395e-02	1.938410e-01	1.904362e-01	7.944133e-02	9.536179e-01
7034	3.550342e-01	8.217278e-01	3.101739e-02	3.877174e-02	2.031014e-01	2.024013e-01	8.362115e-02	6.614918e-01
20568	8.241780e-01	5.540506e-01	2.877929e-02	3.597412e-02	1.884464e-01	1.537963e-01	3.081322e-01	4.606226e-01
28751	6.350084e-01	6.641106e-02	2.693545e-02	3.366932e-02	1.763729e-01	1.763623e-01	4.501090e-01	4.788538e-01
22921	6.815468e-01	2.379222e-01	3.685517e-02	4.606896e-02	2.413271e-01	1.421560e-01	1.402602e-01	6.694039e-01
7484	7.931073e-01	7.994230e-01	6.059076e-02	7.573845e-02	3.967474e-01	3.463695e-01	3.098732e-01	5.996232e-01
28837	5.404256e-01	7.411694e-01	5.638030e-02	7.047538e-02	3.691773e-01	2.610257e-01	6.148666e-01	4.206528e-01
24152	3.724676e-01	9.002472e-01	5.025067e-02	6.281334e-02	3.290406e-01	3.138257e-01	1.517007e-01	2.699097e-01
19308	2.601001e-01	3.678127e-02	2.713153e-02	3.391442e-02	1.776569e-01	5.593629e-02	3.042486e-01	6.333072e-01
6127	5.332373e-01	2.116580e-01	2.639502e-02	3.299377e-02	1.728342e-01	9.819988e-02	9.904255e-01	8.488130e-01
1778	2.671871e-01	7.662790e-01	4.064757e-02	5.080947e-02	2.661597e-01	2.530211e-01	6.200151e-01	1.945455e-01
24950	2.392635e-01	1.288769e-01	2.208219e-02	2.760273e-02	1.445938e-01	1.445830e-01	8.290738e-01	7.989709e-01
22943	3.016527e-01	5.892292e-01	2.669241e-02	3.336551e-02	1.747815e-01	1.734157e-01	8.291130e-01	5.649330e-01
13022	3.237311e-01	4.091776e-01	3.796939e-02	4.746174e-02	2.486230e-01	9.887222e-02	4.365125e-01	3.002106e-01
13452	3.098239e-01	1.685302e-01	3.775851e-02	4.719814e-02	2.472422e-01	2.399552e-01	1.173411e-01	3.286939e-01
418	9.224911e-01	3.896351e-01	4.426130e-02	5.532662e-02	2.898223e-01	2.275265e-01	2.689276e-02	7.834880e-01
15288	3.518858e-01	7.295534e-01	2.296095e-02	2.870118e-02	1.503479e-01	5.280109e-02	9.323972e-01	8.603451e-01
1695	3.831923e-01	5.350150e-01	3.348210e-02	4.185263e-02	2.192403e-01	2.086943e-01	6.224625e-01	1.384578e-01
23452	7.784550e-01	3.517975e-01	2.444150e-02	3.055188e-02	1.600426e-01	1.523220e-01	8.839917e-01	2.821863e-02
30592	8.463234e-01	6.224246e-01	4.966699e-02	6.208374e-02	3.252187e-01	3.153381e-01	7.050692e-01	3.070815e-01
19811	5.448168e-01	6.427413e-01	3.965311e-02	4.956639e-02	2.596480e-01	2.097844e-01	9.594165e-01	9.963489e-02
13747	9.593082e-01	8.124561e-01	2.202565e-02	2.753206e-02	1.442236e-01	1.285436e-01	7.709031e-01	8.612688e-01
32475	5.971125e-01	3.844816e-02	2.722181e-02	3.402726e-02	1.782480e-01	5.092526e-02	9.095373e-01	2.337392e-01
1358	3.434614e-01	4.611238e-01	2.358515e-02	2.948143e-02	1.544352e-01	8.311898e-02	2.054236e-01	1.981658e-01
107	7.853486e-01	7.181696e-01	3.116147e-02	3.895184e-02	2.040448e-01	1.198125e-01	5.347111e-02	6.690258e-01
13981	1.102708e-01	2.450413e-01	2.891763e-02	3.614704e-02	1.893522e-01	9.247475e-02	6.974707e-01	1.756662e-01
22680	8.531540e-01	7.256233e-01	2.435175e-02	3.043969e-02	1.594549e-01	1.483720e-01	4.016313e-01	4.194241e-01
4050	9.694083e-01	3.159204e-01	2.536103e-02	3.170129e-02	1.660636e-01	1.645198e-01	4.816927e-01	3.023489e-01
26257	2.882510e-01	9.273391e-01	2.353972e-02	2.942465e-02	1.541377e-01	1.540939e-01	2.253558e-01	6.324063e-01
30940	2.499151e-01	6.098916e-01	2.788139e-02	3.485174e-02	1.825669e-01	5.409518e-02	1.703923e-01	2.256467e-05
26288	7.875116e-01	5.121304e-01	2.350206e-02	2.937758e-02	1.538911e-01	1.123331e-01	2.042640e-01	8.796514e-01
7558	9.526094e-02	1.593621e-01	2.748013e-02	3.435016e-02	1.799394e-01	1.791004e-01	2.878838e-01	8.910139e-01
25370	7.649759e-01	9.500776e-01	3.883768e-02	4.854710e-02	2.543085e-01	2.527749e-01	9.657085e-01	7.860206e-01
2934	7.253335e-01	3.193799e-01	2.737781e-02	3.422226e-02	1.792695e-01	1.194847e-01	6.218069e-01	3.606479e-01
8437	3.407623e-01	2.988899e-01	3.115845e-02	3.894806e-02	2.040250e-01	8.542775e-02	9.472110e-01	5.823313e-01
22754	3.289471e-01	8.315730e-02	4.385419e-02	5.481774e-02	2.871566e-01	1.609500e-01	6.151763e-01	6.780795e-01
23540	1.698939e-01	8.850813e-02	2.634140e-02	3.292675e-02	1.724831e-01	8.896921e-02	2.919051e-01	5.353777e-01
22922	8.106397e-01	4.483397e-01	2.854102e-02	3.567627e-02	1.868861e-01	1.854227e-01	6.267102e-01	6.677600e-01
26062	9.657985e-01	1.222491e-01	2.395507e-02	2.994384e-02	1.568574e-01	1.164402e-01	1.458824e-01	9.702611e-02
9102	3.218218e-01	4.749682e-01	2.163122e-02	2.703902e-02	1.416409e-01	1.401464e-01	6.162170e-01	9.459694e-01
27953	5.877475e-01	7.925303e-01	3.360814e-02	4.201017e-02	2.200656e-01	1.995147e-01	5.463628e-01	9.106422e-01
26049	4.927059e-01	5.280851e-01	2.626786e-02	3.283482e-02	1.720015e-01	1.718107e-01	4.047775e-01	1.674716e-01
31912	8.662436e-01	4.926876e-01	5.778151e-02	7.222689e-02	3.783525e-01	1.858897e-01	6.358752e-01	6.293282e-01
24185	7.353638e-01	2.680710e-01	3.973658e-02	4.967072e-02	2.601945e-01	1.650278e-01	9.609332e-01	3.222730e-01
13121	8.654953e-01	9.194080e-02	3.369033e-02	4.211291e-02	2.206038e-01	1.446271e-01	6.535661e-01	7.029955e-01
4030	4.251421e-01	8.475363e-01	3.531342e-02	4.414177e-02	2.312317e-01	2.312306e-01	9.914450e-01	7.154589e-01
18709	2.297365e-01	8.901028e-01	2.394141e-02	2.992676e-02	1.567680e-01	9.091419e-02	8.693382e-01	9.536826e-01
23484	8.752181e-01	1.965456e-01	5.276370e-02	6.595462e-02	3.454959e-01	1.174021e-01	8.455256e-02	4.529339e-01
411	2.347832e-01	5.557704e-01	3.733746e-02	4.667182e-02	2.444851e-01	1.888808e-01	8.676556e-01	7.606218e-01
24287	4.898282e-01	3.610985e-01	2.212070e-02	2.765087e-02	1.448460e-01	8.301429e-02	9.975720e-01	8.050448e-01
24606	6.565867e-01	8.944854e-01	6.478864e-02	8.098580e-02	4.242350e-01	3.350513e-01	8.565488e-01	9.689134e-03
612	1.158756e-01	7.896171e-01	3.409373e-02	4.261716e-02	2.232452e-01	1.559222e-01	1.224578e-01	9.640567e-01
18376	1.758353e-01	8.784725e-01	2.202142e-02	2.752677e-02	1.441959e-01	4.776849e-02	4.423449e-01	7.710814e-01
8539	7.605039e-01	5.843539e-01	2.726781e-02	3.408477e-02	1.785492e-01	1.712200e-01	4.281481e-01	4.320307e-01
16041	1.035005e-01	4.215925e-01	4.013622e-02	5.017028e-02	2.628114e-01	2.526186e-01	4.472125e-01	2.175545e-01
8904	7.115476e-01	4.979328e-01	2.857740e-02	3.572175e-02	1.871244e-01	1.552743e-01	2.217433e-01	4.288688e-01
29130	1.696737e-01	8.322929e-01	7.455042e-02	9.318802e-02	4.881550e-01	2.445969e-01	8.452811e-01	6.085029e-01
29357	4.132481e-02	8.970470e-01	2.070007e-02	2.587509e-02	1.355437e-01	9.178244e-02	5.477169e-01	3.964198e-01
12766	1.339969e-01	6.226713e-01	3.019458e-02	3.774322e-02	1.977136e-01	1.453579e-01	2.656032e-01	7.801618e-01
24768	5.559909e-01	1.365245e-01	2.866381e-02	3.582976e-02	1.876902e-01	1.478630e-01	4.566793e-01	3.840025e-01
