25209	3.595626e-01	5.591690e-02	5.013576e-02	6.266970e-02	3.282882e-01	3.254313e-01	2.230273e-01	1.346061e-01
26582	6.372542e-01	8.782125e-01	2.668179e-02	3.335224e-02	1.747120e-01	8.005500e-02	2.753791e-01	8.952280e-01
20797	7.423367e-01	8.025242e-01	2.897582e-02	3.621977e-02	1.897332e-01	1.132301e-01	5.469808e-01	1.784568e-01
4407	9.029472e-02	2.881648e-01	3.151881e-02	3.939851e-02	2.063847e-01	1.833511e-01	2.664240e-01	3.438372e-01
21606	2.247345e-01	5.143087e-01	3.127389e-02	3.909236e-02	2.047809e-01	7.798148e-02	9.787283e-01	2.349853e-01
11121	1.808765e-01	3.414943e-01	2.705922e-02	3.382403e-02	1.771834e-01	1.397935e-01	6.171812e-01	3.767223e-01
16677	4.045855e-01	1.062877e-01	2.460620e-02	3.075775e-02	1.611210e-01	1.080317e-01	5.990818e-01	6.165518e-01
29305	5.876983e-01	5.764415e-01	7.587458e-02	9.484323e-02	4.968256e-01	1.718059e-01	4.555642e-01	5.055259e-01
8507	2.341240e-01	2.686912e-01	2.395374e-02	2.994218e-02	1.568487e-01	1.267020e-01	1.356787e-02	7.535040e-01
28016	7.609519e-01	3.466419e-01	4.025052e-02	5.031315e-02	2.635598e-01	2.611326e-01	7.051264e-01	9.126885e-01
19008	7.411646e-01	4.050865e-01	2.156264e-02	2.695330e-02	1.411919e-01	1.379349e-01	3.462136e-01	2.459804e-01
6921	3.499985e-01	5.677915e-01	4.251786e-02	5.314732e-02	2.784063e-01	2.783138e-01	7.937178e-01	9.515810e-01
8773	8.959685e-01	7.975981e-01	2.110197e-02	2.637746e-02	1.381753e-01	1.241736e-01	3.029885e-01	2.765108e-01
24882	3.660173e-02	5.676557e-01	2.238610e-02	2.798262e-02	1.465838e-01	7.303127e-02	6.426154e-01	2.110144e-02
22458	9.146679e-01	7.766889e-02	3.016202e-02	3.770253e-02	1.975005e-01	1.838449e-01	8.566294e-01	3.724909e-01
32676	1.577228e-01	1.533593e-01	3.151176e-02	3.938970e-02	2.063385e-01	1.663510e-01	7.994105e-01	9.474865e-01
15786	8.634774e-01	2.396441e-01	3.370633e-02	4.213291e-02	2.207085e-01	1.619672e-01	5.453983e-01	5.735261e-01
28177	3.729330e-01	8.823393e-01	6.964262e-02	8.705328e-02	4.560188e-01	3.134552e-01	4.167096e-01	3.298259e-03
31613	8.177357e-01	8.508310e-01	7.360123e-02	9.200154e-02	4.819397e-01	1.822880e-01	1.746882e-01	4.621706e-01
7164	2.264752e-01	8.493471e-01	2.063004e-02	2.578754e-02	1.350851e-01	1.097813e-01	9.933352e-01	4.868589e-01
5371	1.586253e-01	6.169069e-01	2.316484e-02	2.895605e-02	1.516830e-01	1.499081e-01	9.682545e-01	4.442782e-01
28558	1.081597e-01	7.506471e-01	3.271845e-02	4.089807e-02	2.142399e-01	7.118005e-02	2.822158e-01	1.480136e-01
6934	6.929168e-01	1.277174e-01	3.896535e-02	4.870669e-02	2.551445e-01	2.154032e-01	9.144913e-01	1.250919e-01
29313	4.315625e-01	6.702877e-01	3.419541e-02	4.274426e-02	2.239110e-01	2.106952e-01	3.903591e-01	4.922704e-01
7545	8.396247e-01	5.724800e-01	3.015857e-02	3.769822e-02	1.974779e-01	1.649377e-01	6.811760e-01	8.986234e-01
7051	1.113746e-01	4.354343e-01	2.127930e-02	2.659912e-02	1.393365e-01	3.952102e-02	1.637847e-01	6.871488e-01
32706	7.842468e-01	6.133693e-01	3.649044e-02	4.561304e-02	2.389388e-01	2.385820e-01	4.570765e-01	2.017169e-01
20904	2.381551e-01	5.380835e-02	2.093754e-02	2.617192e-02	1.370987e-01	8.509575e-02	3.075434e-01	7.341580e-01
19996	2.096882e-01	7.714242e-02	3.272412e-02	4.090515e-02	2.142770e-01	1.346149e-01	3.429928e-01	9.205959e-01
10789	4.312500e-01	3.854823e-01	2.183169e-02	2.728962e-02	1.429536e-01	6.981193e-02	1.713109e-01	5.051914e-01
7186	1.920784e-01	8.929240e-01	3.691515e-02	4.614394e-02	2.417198e-01	2.414352e-01	4.176693e-01	8.347786e-01
31822	3.963144e-01	8.151253e-01	2.251895e-02	2.814869e-02	1.474538e-01	1.408426e-01	7.694680e-01	6.540252e-01
11794	4.358840e-02	4.911903e-01	4.632148e-02	5.790185e-02	3.033124e-01	1.330038e-01	1.657902e-01	4.675041e-01
2092	7.663140e-02	6.368847e-01	6.300679e-02	7.875849e-02	4.125675e-01	3.088364e-01	9.851194e-01	7.070088e-01
6395	6.533826e-01	8.301650e-01	3.552234e-02	4.440293e-02	2.325997e-01	1.371257e-01	7.492942e-01	1.235003e-01
1749	9.731669e-02	3.460321e-01	3.498544e-02	4.373181e-02	2.290841e-01	2.208620e-01	6.000584e-01	1.127911e-01
6990	7.369410e-01	4.861475e-01	5.652035e-02	7.065043e-02	3.700944e-01	3.507940e-01	3.289851e-01	4.866121e-01
32075	4.699264e-02	1.528650e-01	2.289255e-02	2.861568e-02	1.499000e-01	1.135247e-01	7.046811e-01	2.594738e-01
15381	5.261137e-01	6.640359e-01	3.308871e-02	4.136089e-02	2.166644e-01	1.003489e-01	4.040851e-01	9.009533e-01
18585	2.671096e-01	3.468945e-01	2.374945e-02	2.968682e-02	1.555111e-01	1.294853e-01	7.812424e-01	5.891324e-01
3903	3.625131e-01	6.489464e-01	4.290273e-02	5.362841e-02	2.809264e-01	1.397348e-01	1.872114e-01	2.296264e-01
23168	4.102038e-01	4.354659e-01	4.521491e-02	5.651864e-02	2.960665e-01	2.750999e-01	2.525596e-01	2.722728e-01
24808	3.667775e-01	7.884557e-01	4.272379e-02	5.340474e-02	2.797547e-01	1.246207e-01	9.150990e-01	3.512575e-01
1362	4.690561e-01	2.198714e-01	2.154347e-02	2.692934e-02	1.410663e-01	1.258974e-01	5.679214e-01	8.437691e-01
12105	6.245951e-01	2.388038e-01	2.210601e-02	2.763251e-02	1.447498e-01	1.123498e-01	2.049497e-02	3.290117e-02
2655	1.436697e-01	3.411372e-01	2.481942e-02	3.102428e-02	1.625172e-01	1.609530e-01	2.343921e-01	7.895026e-01
12782	8.050732e-01	2.409379e-01	2.166927e-02	2.708659e-02	1.418900e-01	9.673298e-02	1.985310e-01	4.361825e-01
5553	8.086841e-01	1.777803e-01	2.918926e-02	3.648658e-02	1.911308e-01	1.485970e-01	3.514120e-02	1.364768e-01
10711	7.405918e-01	6.853826e-01	2.296164e-02	2.870205e-02	1.503525e-01	1.460477e-01	9.842598e-02	3.520732e-01
29470	3.713337e-01	3.535122e-01	2.167190e-02	2.708987e-02	1.419072e-01	1.408121e-01	3.573733e-03	6.068691e-01
24845	1.529994e-01	4.032316e-01	4.539872e-02	5.674840e-02	2.972701e-01	1.743283e-01	6.540402e-02	6.918542e-03
12252	4.953876e-01	2.152050e-01	2.552289e-02	3.190362e-02	1.671235e-01	5.762790e-02	3.902546e-01	3.351073e-01
28941	3.415131e-01	4.884894e-01	2.384810e-02	2.981012e-02	1.561570e-01	6.329131e-02	5.026177e-01	9.437320e-01
12555	2.183792e-01	1.890713e-01	2.389833e-02	2.987292e-02	1.564859e-01	8.703937e-02	6.927972e-01	1.729435e-02
19863	4.868837e-01	1.490746e-01	2.347794e-02	2.934742e-02	1.537332e-01	1.397451e-01	2.355402e-01	7.490375e-01
18550	6.188013e-01	4.015165e-01	2.495279e-02	3.119098e-02	1.633905e-01	4.472891e-02	7.751367e-01	2.437383e-01
16121	9.652814e-01	1.684339e-01	3.001388e-02	3.751734e-02	1.965304e-01	1.172958e-01	2.777305e-01	5.630772e-01
5319	1.066169e-01	1.916252e-01	2.888497e-02	3.610622e-02	1.891383e-01	1.628879e-01	2.337476e-01	8.095251e-01
20777	2.907932e-01	9.282209e-01	3.390454e-02	4.238067e-02	2.220064e-01	8.074257e-02	8.826920e-01	6.072452e-01
25989	5.511049e-01	9.358460e-01	2.295836e-02	2.869795e-02	1.503310e-01	5.908341e-02	7.152600e-01	8.756426e-02
15410	5.015755e-01	6.216622e-01	2.753076e-02	3.441344e-02	1.802710e-01	1.274248e-01	6.748680e-01	2.998102e-01
6329	5.096104e-01	4.255309e-01	2.190127e-02	2.737658e-02	1.434092e-01	3.735513e-02	5.794635e-01	6.218914e-01
16661	3.067346e-02	2.268703e-01	3.049517e-02	3.811897e-02	1.996819e-01	1.941122e-01	3.143309e-01	5.861241e-01
6201	4.880972e-01	3.935112e-01	3.135240e-02	3.919050e-02	2.052950e-01	1.605146e-01	8.511891e-01	5.740765e-01
11534	2.604680e-01	6.321037e-01	2.523515e-02	3.154393e-02	1.652394e-01	7.119561e-02	4.871643e-01	2.415924e-01
10789	2.798287e-01	7.213040e-01	4.854006e-02	6.067507e-02	3.178395e-01	2.988489e-01	2.881676e-01	3.347918e-01
15371	7.169918e-01	3.099615e-01	3.715473e-02	4.644341e-02	2.432886e-01	2.306487e-01	5.802967e-01	8.588075e-01
26502	5.989271e-01	3.297949e-01	5.782198e-02	7.227748e-02	3.786174e-01	3.505769e-01	3.767093e-01	7.141777e-01
29721	8.596535e-01	6.465049e-01	6.352969e-02	7.941211e-02	4.159914e-01	1.713974e-01	8.822804e-01	9.663344e-02
27672	7.889863e-01	7.300309e-01	2.207182e-02	2.758978e-02	1.445259e-01	7.950598e-02	2.937318e-01	1.874613e-01
14481	2.972348e-01	5.096149e-01	3.015630e-02	3.769538e-02	1.974630e-01	5.936678e-02	5.756753e-01	8.760598e-01
30865	3.744664e-01	7.202386e-01	5.735407e-02	7.169259e-02	3.755536e-01	3.650152e-01	5.583092e-01	1.477631e-01
