31502	3.183375e-01	8.493693e-01	4.126485e-02	5.158107e-02	2.702016e-01	2.632131e-01	3.940254e-01	4.203302e-01
20703	1.106104e-01	7.093359e-01	2.063840e-02	2.579801e-02	1.351400e-01	4.097724e-02	3.238280e-01	3.730311e-01
2730	8.869841e-01	4.710065e-01	4.881241e-02	6.101552e-02	3.196229e-01	1.237313e-01	7.737652e-01	6.066528e-01
17731	1.918309e-01	6.855549e-01	2.105930e-02	2.632413e-02	1.378960e-01	8.864749e-02	7.519558e-01	7.203571e-01
23467	7.768883e-01	9.530233e-01	2.266767e-02	2.833459e-02	1.484276e-01	1.294640e-01	6.473531e-01	8.807385e-02
23968	8.389138e-01	9.301594e-01	2.795691e-02	3.494614e-02	1.830614e-01	1.422418e-01	3.788872e-01	3.690078e-02
25275	3.182827e-01	5.800524e-01	2.094790e-02	2.618488e-02	1.371665e-01	1.204939e-01	2.582352e-01	9.528051e-01
2779	2.315078e-01	1.007567e-01	2.960669e-02	3.700836e-02	1.938642e-01	1.402267e-01	9.665876e-01	3.011658e-01
23071	5.669842e-01	3.629831e-01	2.083603e-02	2.604504e-02	1.364340e-01	1.363088e-01	6.248463e-01	8.038012e-01
7889	9.109312e-01	2.498589e-01	4.422974e-02	5.528718e-02	2.896157e-01	2.338438e-01	3.265444e-01	2.667170e-01
25397	1.296996e-01	6.602723e-01	5.761797e-02	7.202246e-02	3.772815e-01	3.766848e-01	4.991053e-01	2.317452e-01
12342	8.757024e-02	2.757658e-01	2.118986e-02	2.648733e-02	1.387509e-01	1.387374e-01	8.749505e-01	2.162205e-01
28635	2.503939e-01	2.442770e-01	3.833487e-02	4.791859e-02	2.510162e-01	2.191632e-01	3.306167e-01	2.928224e-01
24464	9.454932e-01	8.730541e-01	2.532424e-02	3.165530e-02	1.658227e-01	1.546795e-01	9.014455e-02	1.119206e-01
6607	6.396523e-01	5.915198e-01	3.947802e-02	4.934752e-02	2.585015e-01	1.377171e-01	4.724768e-01	8.504209e-01
6727	6.034028e-01	4.533032e-01	3.999678e-02	4.999597e-02	2.618983e-01	1.480281e-01	2.534685e-01	7.109717e-01
2396	5.314742e-01	5.390518e-01	3.248176e-02	4.060220e-02	2.126901e-01	1.547253e-01	9.941680e-01	9.484592e-01
2109	4.372704e-01	5.912304e-01	4.194476e-02	5.243095e-02	2.746537e-01	1.685349e-01	7.573388e-01	3.333855e-01
26607	9.380382e-01	9.453527e-02	2.082040e-02	2.602550e-02	1.363316e-01	1.338609e-01	5.054326e-02	1.089250e-02
32281	6.455448e-01	3.760655e-01	4.263071e-02	5.328839e-02	2.791452e-01	1.772339e-01	3.741595e-01	6.543040e-01
3702	3.235390e-01	1.147718e-01	2.237499e-02	2.796874e-02	1.465111e-01	1.454557e-01	1.514702e-01	2.758147e-01
5722	2.449489e-01	2.920167e-01	2.387474e-02	2.984342e-02	1.563314e-01	1.291761e-01	8.071211e-01	6.536983e-01
28961	1.009956e-01	9.221866e-01	2.472605e-02	3.090756e-02	1.619058e-01	1.350500e-01	5.464826e-02	5.532568e-01
13845	2.996005e-01	9.142426e-01	2.856167e-02	3.570209e-02	1.870214e-01	7.236400e-02	1.979348e-01	1.302579e-01
19218	3.498813e-01	2.969795e-01	3.545986e-02	4.432483e-02	2.321906e-01	2.115787e-01	3.416750e-01	8.886796e-01
17229	7.470651e-01	2.808528e-01	3.521461e-02	4.401826e-02	2.305847e-01	2.073182e-01	5.830542e-01	8.885409e-01
20756	2.395444e-01	7.700675e-01	7.079092e-02	8.848866e-02	4.635379e-01	2.916945e-01	7.512481e-01	2.121915e-01
24950	5.502869e-01	4.514696e-01	2.076651e-02	2.595814e-02	1.359788e-01	3.874513e-02	7.565832e-01	8.371013e-01
234	6.767247e-01	1.929647e-01	2.132312e-02	2.665390e-02	1.396234e-01	1.362063e-01	3.892301e-01	2.715675e-01
16021	9.196802e-01	4.277893e-01	2.068592e-02	2.585740e-02	1.354511e-01	7.652193e-02	9.570907e-01	2.146185e-01
10534	5.189509e-01	2.265927e-01	4.472160e-02	5.590201e-02	2.928364e-01	2.907203e-01	6.208155e-01	1.161815e-01
16764	1.550012e-01	5.987127e-02	3.215343e-02	4.019178e-02	2.105401e-01	1.455546e-01	3.757462e-01	5.139597e-01
473	3.880043e-01	4.059055e-01	3.367629e-02	4.209537e-02	2.205118e-01	9.247617e-02	2.243538e-01	8.226668e-02
20924	6.689758e-01	9.599858e-01	2.204754e-02	2.755943e-02	1.443670e-01	5.506636e-02	1.385693e-01	4.126624e-01
8514	1.683906e-01	1.665832e-01	3.556167e-02	4.445209e-02	2.328573e-01	2.042332e-01	7.559144e-01	2.964121e-01
9589	5.082807e-01	7.396194e-01	6.281353e-02	7.851692e-02	4.113020e-01	1.724849e-01	5.555904e-01	3.954043e-01
23213	2.361736e-01	3.612520e-01	2.263579e-02	2.829474e-02	1.482188e-01	3.838700e-02	4.796523e-01	2.184194e-01
28051	3.947843e-01	6.753308e-01	6.066473e-02	7.583092e-02	3.972317e-01	2.433796e-01	2.024744e-01	7.132054e-01
14142	4.614694e-01	4.775198e-01	4.182583e-02	5.228229e-02	2.738749e-01	2.721135e-01	9.231525e-01	6.831906e-01
6287	7.048549e-01	5.920734e-01	2.968573e-02	3.710716e-02	1.943817e-01	1.034865e-01	6.688584e-01	6.853398e-01
10346	6.154315e-02	3.351312e-01	2.586232e-02	3.232790e-02	1.693460e-01	6.436911e-02	1.447311e-01	2.284739e-01
24612	5.555353e-01	3.919879e-01	2.216377e-02	2.770471e-02	1.451280e-01	1.400626e-01	3.250662e-02	1.035057e-01
17580	1.256130e-01	4.032684e-01	4.762035e-02	5.952544e-02	3.118173e-01	9.138077e-02	8.175800e-02	5.538037e-01
6369	6.495329e-01	7.044272e-01	2.353493e-02	2.941867e-02	1.541064e-01	1.295587e-01	2.746063e-01	3.388439e-01
2903	7.844668e-01	8.032496e-01	2.327933e-02	2.909917e-02	1.524327e-01	1.473222e-01	2.120369e-01	1.910294e-02
20513	7.469284e-01	5.665905e-01	4.147870e-02	5.184838e-02	2.716019e-01	2.680790e-01	5.407041e-01	5.064565e-01
7805	8.297656e-01	6.290038e-01	2.563169e-02	3.203961e-02	1.678359e-01	1.677848e-01	3.762692e-01	3.882248e-01
1063	4.814023e-01	4.070777e-01	6.645069e-02	8.306336e-02	4.351181e-01	3.939521e-01	9.274987e-01	6.739347e-01
11315	4.085811e-01	3.258928e-01	2.764184e-02	3.455230e-02	1.809983e-01	1.581582e-01	2.713891e-02	8.119606e-01
3894	2.598469e-01	5.807872e-01	2.713689e-02	3.392111e-02	1.776919e-01	8.310198e-02	5.202890e-01	7.292864e-01
23953	5.270396e-01	2.974470e-01	2.105194e-02	2.631492e-02	1.378478e-01	1.238517e-01	8.727203e-02	9.452596e-01
22657	6.196019e-02	1.919054e-01	2.342052e-02	2.927565e-02	1.533572e-01	1.525938e-01	6.148286e-01	5.268884e-01
6648	9.113733e-02	5.039769e-01	2.784502e-02	3.480627e-02	1.823287e-01	1.220757e-01	9.382138e-01	5.761453e-01
10679	5.816694e-01	9.397726e-01	2.416042e-02	3.020052e-02	1.582020e-01	1.246321e-01	1.951462e-01	2.579922e-01
16379	2.104463e-01	3.786056e-01	2.662353e-02	3.327941e-02	1.743304e-01	1.020607e-01	7.710353e-01	3.915265e-01
4586	5.699432e-01	1.462904e-01	2.200207e-02	2.750259e-02	1.440692e-01	1.046606e-01	2.415969e-01	6.474705e-01
25050	3.248001e-01	6.673087e-01	5.495919e-02	6.869899e-02	3.598719e-01	3.552417e-01	2.292222e-01	4.137902e-01
14942	6.073986e-01	3.008987e-02	2.414796e-02	3.018494e-02	1.581204e-01	1.242664e-01	5.598378e-01	5.524546e-01
746	6.686650e-01	2.726643e-01	3.812545e-02	4.765681e-02	2.496449e-01	6.890399e-02	8.993863e-01	4.931325e-01
576	2.507705e-01	3.855405e-01	2.186920e-02	2.733651e-02	1.431992e-01	1.171865e-01	2.790052e-01	2.461742e-01
14185	9.433192e-01	7.871277e-01	3.509109e-02	4.386386e-02	2.297759e-01	7.547480e-02	8.946358e-01	9.005573e-01
4219	8.679821e-01	4.279141e-01	3.236678e-02	4.045847e-02	2.119372e-01	6.943260e-02	1.623973e-01	2.713627e-01
12517	1.495733e-01	7.870218e-01	2.581956e-02	3.227445e-02	1.690661e-01	9.882508e-02	7.768435e-02	9.796122e-01
29921	3.700410e-01	1.437703e-01	4.770547e-02	5.963184e-02	3.123747e-01	2.662396e-01	6.487392e-01	2.660940e-01
16792	1.529602e-01	5.091581e-01	2.118835e-02	2.648544e-02	1.387410e-01	1.103329e-01	2.380600e-01	3.386397e-01
13402	8.011560e-01	9.496563e-01	2.529593e-02	3.161992e-02	1.656374e-01	5.143304e-02	2.573387e-01	2.544589e-01
24630	4.502496e-01	6.281048e-01	5.777400e-02	7.221749e-02	3.783032e-01	1.988462e-01	7.688746e-01	4.810186e-01
26763	1.078331e-01	1.110434e-01	5.058907e-02	6.323634e-02	3.312565e-01	3.196728e-01	4.545106e-01	8.803056e-01
22533	2.355853e-01	8.879488e-01	2.317625e-02	2.897032e-02	1.517577e-01	4.891941e-02	9.464254e-01	5.641017e-01
15687	4.191968e-01	8.780099e-02	4.738513e-02	5.923141e-02	3.102771e-01	3.078111e-01	1.542122e-02	5.464447e-01
1205	4.768335e-01	9.701914e-01	2.474703e-02	3.093378e-02	1.620431e-01	1.507308e-01	6.793563e-01	3.515500e-02
16402	7.021621e-01	7.832757e-01	4.506365e-02	5.632956e-02	2.950761e-01	2.031299e-01	2.973762e-01	8.862017e-01
12512	7.360280e-01	4.030316e-02	2.163607e-02	2.704508e-02	1.416726e-01	1.358840e-01	8.866245e-02	6.519124e-01
10546	7.639219e-01	1.703345e-01	5.810753e-02	7.263441e-02	3.804872e-01	3.804777e-01	7.072157e-01	3.058080e-01
12762	2.072060e-01	5.438180e-01	3.735568e-02	4.669460e-02	2.446044e-01	1.013424e-01	4.662738e-01	9.486644e-01
29759	8.098616e-01	4.870106e-01	4.461875e-02	5.577343e-02	2.921629e-01	2.592390e-01	9.033097e-02	6.502635e-01
23754	9.039802e-01	4.600368e-02	2.503943e-02	3.129928e-02	1.639578e-01	1.274762e-01	3.140398e-01	8.077091e-02
