17545	9.109626e-01	8.653449e-01	3.520439e-02	4.400549e-02	2.305178e-01	2.300926e-01	5.934597e-01	4.564550e-01
9980	1.133476e-01	7.392571e-01	2.436007e-02	3.045009e-02	1.595094e-01	1.170515e-01	6.560543e-01	6.063398e-01
25533	9.158598e-02	2.680811e-01	2.661695e-02	3.327118e-02	1.742874e-01	1.711350e-01	8.680329e-01	9.063544e-01
4309	2.525311e-01	2.534346e-01	4.144387e-02	5.180483e-02	2.713738e-01	1.110280e-01	1.991291e-01	2.864354e-01
21707	9.206752e-01	1.659644e-01	2.476885e-02	3.096107e-02	1.621861e-01	8.952203e-02	9.770064e-01	1.481506e-01
22948	2.702185e-01	5.270577e-01	2.521208e-02	3.151510e-02	1.650883e-01	1.650201e-01	6.953446e-01	7.797197e-01
16292	6.416396e-01	9.582542e-01	3.313714e-02	4.142143e-02	2.169815e-01	2.019902e-01	5.184176e-01	5.282994e-01
28800	2.059204e-01	7.614262e-01	6.130446e-02	7.663057e-02	4.014206e-01	3.905628e-01	2.743422e-01	9.597042e-01
28334	5.965822e-02	6.734048e-02	2.493715e-02	3.117143e-02	1.632880e-01	1.372071e-01	2.729127e-01	5.790860e-01
29815	9.016749e-01	9.692282e-01	2.799064e-02	3.498830e-02	1.832823e-01	1.424979e-01	9.244107e-01	5.252037e-01
5155	4.077884e-01	9.239362e-02	2.466690e-02	3.083362e-02	1.615185e-01	1.467159e-01	6.838057e-01	2.235099e-01
11887	4.085344e-01	2.810340e-01	2.845970e-02	3.557463e-02	1.863537e-01	1.374047e-01	8.462707e-01	1.360866e-01
10895	2.639920e-01	3.247115e-01	3.650733e-02	4.563416e-02	2.390494e-01	1.443995e-01	5.603368e-01	5.641401e-02
522	8.473774e-01	1.973404e-01	3.649008e-02	4.561260e-02	2.389365e-01	1.509565e-01	4.577102e-01	4.361876e-01
18208	3.353679e-02	8.513581e-01	2.720995e-02	3.401244e-02	1.781703e-01	1.754022e-01	1.585898e-01	3.447454e-01
17212	5.433128e-01	6.868935e-01	2.845218e-02	3.556523e-02	1.863045e-01	1.214391e-01	9.719454e-01	6.069228e-01
7332	8.857728e-02	5.118825e-01	2.751205e-02	3.439007e-02	1.801485e-01	1.801446e-01	6.030968e-02	2.913690e-02
28925	7.850885e-02	8.054099e-01	2.991725e-02	3.739656e-02	1.958977e-01	1.851867e-01	3.022382e-01	4.655387e-01
9278	6.798651e-01	8.635959e-01	5.463529e-02	6.829411e-02	3.577510e-01	1.849158e-01	4.188451e-01	6.954409e-02
31238	7.217906e-01	7.896050e-01	3.154685e-02	3.943357e-02	2.065683e-01	1.836129e-01	7.107507e-02	3.545201e-01
25902	7.916071e-01	7.914874e-01	4.136900e-02	5.171125e-02	2.708836e-01	2.598792e-01	5.716907e-01	5.844988e-01
29956	4.977842e-01	7.631287e-01	2.316444e-02	2.895555e-02	1.516804e-01	9.092510e-02	4.996980e-01	7.592387e-01
20553	2.853337e-01	1.078362e-01	2.158357e-02	2.697947e-02	1.413289e-01	1.324124e-01	2.576159e-01	8.951657e-01
29451	6.025497e-01	6.185867e-02	3.277375e-02	4.096718e-02	2.146020e-01	1.344024e-01	9.426790e-01	5.420637e-01
25529	4.429801e-01	7.554568e-01	6.506575e-02	8.133219e-02	4.260495e-01	2.536848e-01	2.825723e-01	9.363650e-01
12202	7.255324e-01	3.740326e-01	4.367982e-02	5.459978e-02	2.860148e-01	2.799288e-01	6.998165e-01	1.504145e-02
25695	3.532329e-01	8.231594e-01	2.900093e-02	3.625116e-02	1.898976e-01	1.704733e-01	7.314804e-01	7.118329e-01
29657	1.861368e-01	5.181522e-01	5.381574e-02	6.726967e-02	3.523846e-01	1.471565e-01	3.491255e-02	4.739626e-01
25032	1.612904e-01	9.283087e-01	3.592453e-02	4.490566e-02	2.352333e-01	2.206133e-01	2.248868e-01	9.425863e-01
5951	5.419027e-01	3.254576e-01	2.065549e-02	2.581936e-02	1.352518e-01	9.864741e-02	9.769908e-01	5.474545e-01
1223	8.522219e-01	6.939452e-01	2.237566e-02	2.796958e-02	1.465155e-01	1.401900e-01	3.700315e-01	3.259255e-01
7073	1.457523e-01	1.943567e-01	2.454505e-02	3.068131e-02	1.607206e-01	8.055432e-02	4.036225e-01	6.801171e-01
21971	5.658159e-02	7.413714e-01	5.901838e-02	7.377297e-02	3.864514e-01	3.395430e-01	7.045933e-02	6.195101e-01
6592	4.026087e-01	6.530900e-01	5.934480e-02	7.418100e-02	3.885888e-01	3.874235e-01	7.156096e-01	7.031529e-01
299	2.478407e-01	4.560659e-01	2.411350e-02	3.014187e-02	1.578948e-01	8.322687e-02	6.863208e-01	4.377164e-01
19454	5.703642e-01	5.765210e-01	6.444540e-02	8.055675e-02	4.219875e-01	3.659876e-01	6.881736e-01	5.185551e-01
13336	3.616652e-01	3.200914e-01	6.234575e-02	7.793218e-02	4.082390e-01	2.643896e-01	3.617098e-01	4.260458e-01
10973	5.304206e-01	2.866538e-01	2.314087e-02	2.892608e-02	1.515260e-01	1.320337e-01	9.640679e-01	6.432731e-01
49	2.394895e-01	9.594254e-01	2.142306e-02	2.677883e-02	1.402779e-01	1.378189e-01	6.432987e-02	2.450598e-01
7859	7.218896e-01	2.375233e-01	5.507134e-02	6.883917e-02	3.606063e-01	1.280433e-01	9.709956e-01	3.225649e-01
27236	9.616039e-01	5.542598e-01	2.637299e-02	3.296624e-02	1.726899e-01	1.606246e-01	7.870842e-01	2.691589e-02
2797	3.215081e-01	6.016745e-01	7.459415e-02	9.324269e-02	4.884413e-01	1.972841e-01	9.151024e-01	5.968318e-02
15403	5.151582e-02	3.481170e-01	3.644129e-02	4.555161e-02	2.386170e-01	9.506205e-02	8.564288e-01	1.183082e-01
13416	4.627978e-01	6.155244e-01	2.346578e-02	2.933222e-02	1.536535e-01	1.095668e-01	5.145684e-01	7.148744e-01
7805	6.147660e-01	3.672377e-01	2.576925e-02	3.221157e-02	1.687367e-01	1.298176e-01	3.530020e-02	9.563502e-01
6581	1.738723e-01	5.994334e-02	2.421409e-02	3.026761e-02	1.585535e-01	1.432741e-01	2.804789e-01	8.846298e-01
21954	8.029878e-01	8.825112e-02	3.032969e-02	3.791211e-02	1.985983e-01	6.735582e-02	5.242279e-02	7.894732e-01
22576	6.002972e-01	8.279951e-01	3.336267e-02	4.170334e-02	2.184583e-01	1.634689e-01	8.180183e-01	3.318252e-01
5356	3.558822e-01	4.134184e-01	2.361356e-02	2.951695e-02	1.546212e-01	1.154304e-01	2.255925e-01	3.352562e-01
31211	3.715742e-01	1.015770e-01	4.606824e-02	5.758530e-02	3.016541e-01	9.090534e-02	6.578157e-01	8.326657e-01
4023	2.907260e-01	9.480189e-01	2.424443e-02	3.030553e-02	1.587521e-01	1.343815e-01	9.640516e-01	2.895545e-01
9953	5.280851e-01	2.266301e-01	4.264640e-02	5.330800e-02	2.792480e-01	2.437966e-01	9.613259e-02	6.559393e-01
31147	1.135322e-01	5.710099e-01	2.085516e-02	2.606895e-02	1.365593e-01	1.071987e-01	7.482168e-02	1.296388e-01
390	4.822539e-01	1.482268e-01	3.415613e-02	4.269516e-02	2.236538e-01	2.208822e-01	2.473396e-02	9.988365e-01
20317	6.260057e-01	5.754891e-01	2.508188e-02	3.135235e-02	1.642358e-01	1.640888e-01	3.398377e-01	6.184718e-01
6407	2.720479e-01	4.152670e-01	2.098143e-02	2.622679e-02	1.373861e-01	7.155169e-02	1.847727e-01	4.710667e-01
17701	4.734994e-01	6.593901e-01	2.199066e-02	2.748833e-02	1.439945e-01	1.396925e-01	6.184306e-01	8.463767e-01
32017	3.203534e-01	7.480404e-01	4.810645e-02	6.013307e-02	3.150003e-01	2.377151e-01	1.677925e-01	2.546625e-01
28270	6.565286e-01	8.721214e-02	2.142075e-02	2.677593e-02	1.402627e-01	1.064181e-01	1.988868e-01	3.707660e-01
7265	9.117541e-01	6.624311e-01	3.697231e-02	4.621539e-02	2.420941e-01	2.420900e-01	2.154758e-01	7.988295e-01
21266	7.647256e-01	4.574137e-02	2.453064e-02	3.066330e-02	1.606263e-01	1.459253e-01	9.256484e-01	1.347074e-01
30822	8.829103e-01	4.941004e-01	3.610215e-02	4.512769e-02	2.363963e-01	1.510194e-01	6.913635e-01	2.462399e-01
30582	6.965147e-01	8.308935e-02	2.208098e-02	2.760123e-02	1.445859e-01	1.239334e-01	7.430426e-01	6.620753e-01
28436	1.317898e-01	2.138365e-01	2.200777e-02	2.750971e-02	1.441065e-01	1.387256e-01	3.880906e-01	7.578684e-01
29879	5.802445e-01	7.354085e-01	2.278349e-02	2.847936e-02	1.491859e-01	1.222605e-01	9.631571e-01	4.188391e-01
11649	5.786708e-01	6.598264e-01	3.026108e-02	3.782635e-02	1.981491e-01	7.197130e-02	7.900407e-01	8.496374e-01
1323	9.723117e-01	4.188950e-01	2.384422e-02	2.980528e-02	1.561316e-01	8.384934e-02	8.863841e-01	4.865175e-01
19502	4.587788e-01	4.718803e-01	4.536652e-02	5.670815e-02	2.970593e-01	1.537506e-01	3.614443e-01	2.588521e-01
22283	2.035335e-01	3.436830e-01	2.731624e-02	3.414530e-02	1.788663e-01	1.038684e-01	7.493320e-02	4.132262e-01
30204	4.472937e-01	9.397666e-01	3.327874e-02	4.159843e-02	2.179087e-01	1.155574e-01	3.853434e-01	6.710221e-01
4753	7.423232e-01	4.717536e-01	2.891518e-02	3.614398e-02	1.893362e-01	8.904490e-02	1.756858e-01	4.821964e-01
32298	8.195364e-01	6.488042e-01	3.030704e-02	3.788380e-02	1.984500e-01	9.780619e-02	3.367371e-01	2.727773e-01
19402	4.248463e-01	4.283633e-01	2.157257e-02	2.696572e-02	1.412569e-01	1.215323e-01	7.880986e-01	3.556528e-01
