20490	6.110193e-01	1.518166e-01	2.315276e-02	2.894095e-02	1.516039e-01	1.310759e-01	6.557116e-02	3.013789e-02
31939	8.838084e-01	5.674827e-01	4.796871e-02	5.996089e-02	3.140984e-01	1.724877e-01	7.893502e-01	6.168786e-01
546	1.681473e-01	6.048409e-01	3.284278e-02	4.105348e-02	2.150540e-01	1.843217e-01	9.264535e-01	6.241879e-01
21079	1.592306e-01	4.293019e-01	2.301528e-02	2.876910e-02	1.507037e-01	1.212696e-01	1.915692e-01	6.531337e-01
30056	1.871915e-01	7.167105e-01	2.565489e-02	3.206861e-02	1.679878e-01	1.651965e-01	6.230771e-01	4.579475e-01
10244	8.176012e-01	4.369353e-02	4.072777e-02	5.090971e-02	2.666848e-01	1.228113e-01	9.866140e-01	4.576043e-01
26929	4.829254e-01	7.107955e-01	2.129988e-02	2.662485e-02	1.394713e-01	8.101410e-02	9.029904e-01	4.289241e-01
5851	7.868409e-01	3.326778e-01	2.841228e-02	3.551535e-02	1.860432e-01	6.400825e-02	6.766523e-01	3.005271e-01
448	7.736895e-01	4.189943e-01	6.427819e-02	8.034773e-02	4.208926e-01	1.319691e-01	4.921440e-01	2.121381e-01
31465	4.629487e-01	5.335701e-01	2.850613e-02	3.563267e-02	1.866577e-01	1.493613e-01	6.021362e-01	3.640206e-01
10619	1.315873e-01	6.653099e-01	2.935611e-02	3.669513e-02	1.922233e-01	1.904854e-01	1.062055e-01	3.498115e-01
28000	6.512328e-01	9.035552e-01	4.016434e-02	5.020542e-02	2.629955e-01	1.240968e-01	9.633308e-01	1.956510e-01
31051	4.190022e-01	6.286460e-01	4.184830e-02	5.231038e-02	2.740220e-01	2.737889e-01	4.285409e-01	9.177500e-01
10584	3.072338e-01	5.773875e-01	3.758245e-02	4.697806e-02	2.460893e-01	9.437946e-02	3.779090e-01	7.108286e-02
141	3.325917e-01	2.426254e-01	2.607533e-02	3.259416e-02	1.707409e-01	5.751141e-02	9.921454e-01	4.524357e-01
1158	3.013608e-01	2.026075e-01	2.757314e-02	3.446642e-02	1.805485e-01	1.118715e-01	3.713345e-01	9.895521e-01
6361	3.142081e-01	3.909315e-01	2.585178e-02	3.231472e-02	1.692770e-01	1.555243e-01	4.712130e-01	8.508049e-01
9293	9.250004e-01	3.644618e-01	2.210264e-02	2.762830e-02	1.447278e-01	1.083903e-01	1.090169e-01	8.262522e-01
10152	9.215139e-01	6.863747e-02	2.184200e-02	2.730250e-02	1.430211e-01	1.293943e-01	9.164141e-01	3.253176e-01
31019	5.276810e-01	2.503504e-01	2.289870e-02	2.862337e-02	1.499403e-01	5.424213e-02	1.973995e-01	4.170281e-01
24365	8.350388e-01	2.423229e-01	2.628603e-02	3.285753e-02	1.721205e-01	1.419424e-01	5.227335e-01	6.725708e-01
21811	5.870309e-02	4.294471e-01	2.748880e-02	3.436101e-02	1.799963e-01	1.172861e-01	6.746193e-01	4.094531e-01
16891	4.856686e-01	3.575953e-01	3.769723e-02	4.712153e-02	2.468409e-01	2.065437e-01	9.153479e-01	1.498073e-01
28507	6.155610e-01	3.254548e-01	7.710204e-02	9.637755e-02	5.048630e-01	4.555884e-01	8.068292e-01	8.203730e-01
6265	9.376095e-01	3.284664e-01	3.526685e-02	4.408356e-02	2.309268e-01	2.003214e-01	2.670020e-01	4.073193e-02
5897	2.345894e-01	1.464399e-01	2.177170e-02	2.721463e-02	1.425608e-01	1.332946e-01	6.550275e-01	2.107868e-01
24908	8.961009e-01	2.667087e-01	5.044924e-02	6.306155e-02	3.303408e-01	1.010799e-01	2.288861e-01	4.977318e-02
6272	4.009710e-01	7.693329e-01	5.699085e-02	7.123856e-02	3.731752e-01	1.183073e-01	4.463547e-01	5.395323e-01
10481	9.630029e-01	2.012441e-01	3.405074e-02	4.256342e-02	2.229637e-01	1.327931e-01	6.277971e-01	5.924341e-01
6675	2.179254e-01	7.757639e-01	2.589482e-02	3.236852e-02	1.695589e-01	1.133717e-01	7.638279e-02	5.895397e-02
4353	7.739076e-01	9.312190e-01	3.017177e-02	3.771471e-02	1.975643e-01	9.209368e-02	6.360214e-01	2.413798e-01
5113	3.975552e-01	2.477399e-01	5.355709e-02	6.694636e-02	3.506910e-01	2.583130e-01	1.894250e-01	3.343620e-01
18066	7.244108e-01	7.755993e-01	3.316764e-02	4.145955e-02	2.171812e-01	2.076867e-01	6.587041e-01	7.535547e-01
24750	2.556163e-01	2.879003e-01	6.359618e-02	7.949522e-02	4.164268e-01	3.978110e-01	1.777331e-01	9.961030e-01
23227	3.805778e-01	8.890689e-02	4.465827e-02	5.582284e-02	2.924216e-01	2.920794e-01	6.749251e-01	4.290409e-03
6426	2.205530e-01	7.403148e-01	2.856625e-02	3.570781e-02	1.870513e-01	1.799965e-01	8.237617e-01	5.298320e-01
30384	1.222796e-01	8.686681e-01	2.814273e-02	3.517841e-02	1.842781e-01	5.594469e-02	3.333680e-01	7.190944e-02
21177	6.850868e-01	3.031713e-01	2.156153e-02	2.695191e-02	1.411846e-01	1.381653e-01	7.173491e-01	8.369352e-01
20322	7.167264e-01	4.892623e-01	2.102454e-02	2.628068e-02	1.376684e-01	1.018457e-01	8.947184e-01	6.866059e-01
18946	5.047158e-01	6.236588e-02	2.133595e-02	2.666993e-02	1.397074e-01	1.241210e-01	7.389941e-01	9.405525e-01
32295	5.854354e-02	2.919935e-01	2.056365e-02	2.570456e-02	1.346505e-01	9.357843e-02	4.790687e-01	2.866845e-01
31849	6.657974e-01	1.089080e-01	4.714200e-02	5.892750e-02	3.086851e-01	1.600625e-01	9.922064e-01	9.303077e-01
25786	9.351875e-01	8.647366e-01	5.388442e-02	6.735553e-02	3.528344e-01	3.380459e-01	6.565310e-01	5.067686e-01
8703	6.836916e-01	2.335266e-01	4.548414e-02	5.685517e-02	2.978294e-01	2.613961e-01	3.771423e-03	7.857153e-01
657	3.381262e-01	9.269449e-01	2.069026e-02	2.586282e-02	1.354795e-01	1.092785e-01	2.398164e-01	1.854136e-01
24155	5.312166e-01	1.939304e-01	5.339321e-02	6.674151e-02	3.496179e-01	3.465424e-01	7.921198e-01	7.834609e-01
28004	2.333472e-01	5.747337e-01	2.944876e-02	3.681096e-02	1.928301e-01	1.479100e-01	2.179489e-01	7.332900e-01
27316	3.641517e-01	2.875629e-01	2.635337e-02	3.294171e-02	1.725614e-01	7.045651e-02	3.799579e-01	9.951961e-01
980	8.509670e-01	4.639939e-01	3.807863e-02	4.759829e-02	2.493383e-01	2.441552e-01	5.056730e-01	3.533713e-01
21674	2.314713e-01	8.349654e-01	4.640824e-02	5.801030e-02	3.038805e-01	2.765656e-01	2.561405e-01	8.333478e-01
23482	9.004561e-01	9.405636e-01	3.502095e-02	4.377618e-02	2.293166e-01	1.948988e-01	9.774904e-01	3.349637e-01
26215	7.733810e-01	1.709077e-01	4.885418e-02	6.106773e-02	3.198964e-01	3.197886e-01	5.437421e-01	3.642655e-01
16252	2.119052e-01	3.906730e-01	2.167657e-02	2.709572e-02	1.419379e-01	1.417792e-01	7.700177e-01	8.018712e-01
10568	3.564499e-01	8.577073e-01	5.004994e-02	6.256243e-02	3.277262e-01	2.521640e-01	7.142286e-01	4.541067e-01
32266	4.928340e-01	9.347371e-01	2.741129e-02	3.426411e-02	1.794887e-01	1.648352e-01	9.828266e-01	1.723674e-01
21954	8.924771e-01	1.450001e-01	2.923197e-02	3.653996e-02	1.914105e-01	1.529073e-01	8.323075e-01	1.483323e-01
17896	5.645607e-01	4.583558e-01	2.533304e-02	3.166630e-02	1.658804e-01	1.220917e-01	7.159422e-01	5.851009e-01
5756	6.119941e-01	7.600828e-01	5.337412e-02	6.671766e-02	3.494929e-01	3.477706e-01	6.153930e-01	5.486670e-01
27395	2.495570e-01	8.881721e-01	2.550905e-02	3.188632e-02	1.670329e-01	7.110680e-02	4.453711e-01	9.426135e-01
4595	5.396475e-01	4.736770e-01	4.125129e-02	5.156411e-02	2.701128e-01	9.929334e-02	3.758415e-01	6.992987e-01
5903	1.388769e-01	1.408236e-01	2.203290e-02	2.754112e-02	1.442711e-01	9.670028e-02	5.755004e-01	8.363911e-01
9143	2.086158e-01	2.185467e-01	2.282536e-02	2.853170e-02	1.494601e-01	1.463637e-01	7.007006e-01	1.647301e-01
7895	5.771669e-01	1.780651e-01	2.063016e-02	2.578769e-02	1.350859e-01	1.330391e-01	8.412094e-01	4.410928e-01
28324	9.627165e-01	7.897881e-01	2.857322e-02	3.571652e-02	1.870970e-01	1.870614e-01	8.209263e-01	2.883448e-01
14900	2.768707e-01	6.962446e-01	3.538034e-02	4.422543e-02	2.316699e-01	2.237990e-01	3.546589e-01	5.716383e-01
4239	5.394811e-01	2.978752e-01	4.697105e-02	5.871382e-02	3.075657e-01	2.285374e-01	3.670668e-01	4.526824e-01
10380	6.661475e-01	7.141311e-01	3.668057e-02	4.585071e-02	2.401838e-01	1.413410e-01	7.547536e-01	4.602352e-01
23821	8.469749e-01	7.493768e-01	3.546721e-02	4.433402e-02	2.322388e-01	2.219298e-01	2.267356e-01	4.277419e-01
23551	7.578907e-01	5.519154e-01	5.932725e-02	7.415907e-02	3.884739e-01	3.866856e-01	8.325645e-02	1.556836e-01
24489	3.265802e-02	1.887099e-01	2.096943e-02	2.621178e-02	1.373075e-01	4.993876e-02	6.313634e-01	4.039482e-01
21602	3.191986e-01	7.267038e-01	3.689219e-02	4.611523e-02	2.415695e-01	2.347146e-01	6.373707e-01	5.197078e-02
6650	3.323529e-01	6.224441e-01	2.098682e-02	2.623353e-02	1.374214e-01	1.371774e-01	2.247931e-01	3.186693e-01
13411	9.729723e-01	5.257260e-01	2.347522e-02	2.934403e-02	1.537154e-01	1.377923e-01	3.909678e-01	3.568969e-02
3271	5.150951e-01	5.676712e-01	2.107039e-02	2.633799e-02	1.379686e-01	9.749211e-02	7.661662e-01	9.712506e-01
27529	3.925199e-01	2.947434e-01	2.063483e-02	2.579353e-02	1.351165e-01	1.292425e-01	9.599484e-01	4.278454e-01
13630	8.997665e-01	5.161279e-01	4.237061e-02	5.296327e-02	2.774421e-01	1.079564e-01	1.414602e-01	7.481837e-01
30183	8.806724e-01	4.294360e-01	2.385974e-02	2.982467e-02	1.562332e-01	1.440313e-01	4.239682e-01	2.875152e-01
9481	5.232058e-01	7.181875e-01	3.997161e-02	4.996451e-02	2.617335e-01	2.503340e-01	2.546945e-02	6.571073e-01
27180	9.022332e-01	7.363710e-01	3.606816e-02	4.508521e-02	2.361738e-01	6.809423e-02	7.170910e-01	4.693015e-01
2475	4.609770e-01	8.873355e-02	3.593118e-02	4.491398e-02	2.352768e-01	1.168547e-01	1.251882e-01	4.347996e-01
32108	5.523820e-01	3.774973e-01	2.632707e-02	3.290884e-02	1.723893e-01	6.929735e-02	2.907780e-01	5.392138e-01
