28426	7.014715e-01	1.192477e-01	7.836438e-02	9.795547e-02	5.131287e-01	4.515129e-01	2.032369e-01	4.191553e-01
24628	4.429463e-01	5.356738e-02	3.716788e-02	4.645985e-02	2.433747e-01	1.862793e-01	8.913969e-01	9.910800e-01
10268	5.225126e-01	3.903437e-01	4.846383e-02	6.057978e-02	3.173404e-01	3.096489e-01	3.023281e-01	2.406938e-02
1900	9.993981e-02	8.876911e-01	2.107507e-02	2.634383e-02	1.379992e-01	1.293555e-01	9.084151e-01	8.362263e-01
15680	7.430394e-01	8.262804e-01	3.749813e-02	4.687267e-02	2.455372e-01	2.194420e-01	8.738783e-01	5.365565e-01
5643	1.154607e-01	7.087606e-01	3.754093e-02	4.692617e-02	2.458174e-01	1.729614e-01	5.670425e-01	3.993827e-01
24059	2.957035e-01	4.508378e-01	4.042410e-02	5.053012e-02	2.646964e-01	2.477354e-01	6.265887e-01	6.729376e-02
24545	8.593891e-01	4.159189e-01	3.208209e-02	4.010262e-02	2.100731e-01	1.039855e-01	4.227612e-01	3.132473e-01
16088	3.111994e-01	7.025116e-01	4.223446e-02	5.279308e-02	2.765506e-01	2.300680e-01	4.064169e-01	1.423222e-01
27582	2.581854e-01	8.185116e-01	6.829932e-02	8.537415e-02	4.472229e-01	3.776833e-01	3.152849e-01	4.358029e-01
8163	6.380206e-01	8.534891e-01	2.408659e-02	3.010823e-02	1.577186e-01	1.412416e-01	7.774713e-01	4.097781e-01
24062	1.506322e-01	4.659874e-01	3.183304e-02	3.979129e-02	2.084422e-01	1.532705e-01	3.135881e-01	8.344706e-01
25217	3.577297e-01	3.871582e-01	2.769971e-02	3.462464e-02	1.813773e-01	1.224008e-01	3.426118e-01	6.683889e-01
4416	3.708089e-01	7.926357e-01	2.392086e-02	2.990108e-02	1.566334e-01	1.548200e-01	1.755187e-01	3.886111e-01
28487	2.809511e-01	6.275473e-01	2.406488e-02	3.008110e-02	1.575765e-01	9.881604e-02	7.288472e-01	8.476128e-01
865	5.875117e-01	2.581957e-01	2.338264e-02	2.922830e-02	1.531092e-01	1.402153e-01	4.243507e-01	4.371886e-01
3497	5.844659e-01	8.818756e-01	3.343787e-02	4.179734e-02	2.189507e-01	1.165082e-01	6.053360e-01	3.013725e-01
29137	6.481357e-01	3.857624e-01	3.135318e-02	3.919148e-02	2.053001e-01	7.125875e-02	1.835307e-01	1.066780e-02
1242	1.868166e-01	2.199188e-01	3.860268e-02	4.825335e-02	2.527698e-01	1.661160e-01	8.333032e-01	2.919168e-01
30581	7.702109e-01	1.018683e-01	2.646403e-02	3.308004e-02	1.732861e-01	7.833873e-02	8.952710e-01	1.303391e-01
32061	6.929845e-01	8.783312e-01	2.888993e-02	3.611241e-02	1.891708e-01	6.906468e-02	9.379286e-01	5.544716e-01
17394	8.443417e-01	5.138065e-01	2.310217e-02	2.887771e-02	1.512726e-01	1.509545e-01	1.646118e-01	2.366203e-01
695	5.903978e-01	3.742873e-01	6.739235e-02	8.424044e-02	4.412841e-01	3.569359e-01	1.873113e-01	1.375241e-01
3003	8.667137e-01	6.143804e-02	2.137407e-02	2.671759e-02	1.399571e-01	1.230948e-01	5.542580e-01	4.580677e-01
27819	6.492387e-01	8.240798e-02	3.460659e-02	4.325823e-02	2.266034e-01	1.148564e-01	3.654498e-01	4.304326e-01
8175	3.015017e-01	2.556398e-01	3.944543e-02	4.930679e-02	2.582881e-01	1.872143e-01	8.395093e-01	7.769451e-02
20780	9.333979e-01	1.564599e-01	5.910993e-02	7.388742e-02	3.870509e-01	1.413317e-01	4.031303e-01	9.576572e-01
26730	6.254710e-01	5.400005e-01	3.957701e-02	4.947127e-02	2.591497e-01	1.315085e-01	8.276911e-01	6.379659e-01
1346	1.989830e-01	6.539345e-01	2.498218e-02	3.122772e-02	1.635829e-01	8.459549e-02	9.992481e-01	7.860788e-01
53	6.689110e-01	2.500037e-01	5.008291e-02	6.260364e-02	3.279421e-01	3.033037e-01	7.780890e-01	7.514425e-01
10091	3.035343e-01	9.469660e-01	2.708766e-02	3.385957e-02	1.773696e-01	1.394394e-01	8.765769e-01	5.466945e-01
9182	9.475547e-01	7.184792e-01	2.540052e-02	3.175065e-02	1.663222e-01	1.614781e-01	6.158371e-01	7.185551e-01
13135	6.121368e-01	9.366171e-01	5.180972e-02	6.476215e-02	3.392492e-01	2.979284e-01	2.451760e-01	9.851386e-01
3141	8.663646e-01	3.169199e-01	2.173002e-02	2.716253e-02	1.422879e-01	7.008272e-02	5.455440e-01	3.501267e-01
1700	8.318481e-01	1.453908e-01	3.646081e-02	4.557601e-02	2.387448e-01	1.659748e-01	1.358261e-01	3.925730e-01
23185	4.634603e-01	1.751727e-01	2.966672e-02	3.708340e-02	1.942572e-01	1.939078e-01	6.375564e-01	5.731517e-01
20378	4.616935e-01	7.005948e-01	2.879152e-02	3.598940e-02	1.885264e-01	1.168787e-01	8.672984e-01	5.463940e-01
27507	8.794959e-01	7.495394e-01	4.352680e-02	5.440849e-02	2.850128e-01	9.916411e-02	8.520749e-02	2.937024e-01
10582	2.096528e-01	3.560527e-01	6.547050e-02	8.183813e-02	4.286998e-01	4.283550e-01	1.211912e-01	3.621036e-01
30136	2.411635e-01	2.405545e-01	2.127274e-02	2.659092e-02	1.392936e-01	4.624812e-02	5.638247e-01	2.711633e-01
31946	6.094478e-01	1.744974e-01	6.092639e-02	7.615798e-02	3.989450e-01	3.625480e-01	4.992712e-01	2.988977e-01
5712	4.749463e-01	1.016926e-01	2.174580e-02	2.718224e-02	1.423911e-01	1.141738e-01	2.262469e-01	7.439306e-01
25045	1.134925e-01	5.955250e-01	3.351955e-02	4.189944e-02	2.194855e-01	1.482021e-01	9.923136e-01	9.412909e-01
23655	3.472479e-01	5.839507e-01	2.380297e-02	2.975371e-02	1.558615e-01	1.556045e-01	5.631265e-01	8.287488e-01
27887	7.915841e-01	3.709123e-01	2.321154e-02	2.901443e-02	1.519888e-01	1.188313e-01	3.147176e-01	5.256108e-01
6637	5.308612e-01	5.495371e-01	2.194492e-02	2.743115e-02	1.436950e-01	1.174633e-01	8.346528e-01	3.006471e-01
31931	4.445405e-02	8.720466e-01	3.811191e-02	4.763989e-02	2.495562e-01	2.495495e-01	6.790703e-01	3.974836e-01
14718	2.077601e-01	5.549208e-01	6.291084e-02	7.863855e-02	4.119392e-01	3.980034e-01	2.214930e-01	9.461855e-01
5738	1.455528e-01	6.658218e-01	2.075132e-02	2.593915e-02	1.358793e-01	1.334665e-01	2.865561e-01	2.235568e-01
3751	1.901103e-01	8.779872e-01	3.628317e-02	4.535397e-02	2.375817e-01	7.336768e-02	5.431930e-01	4.879290e-01
15163	7.036109e-01	7.677553e-01	7.404059e-02	9.255074e-02	4.848166e-01	3.155421e-01	3.387718e-01	6.820116e-01
16030	1.792335e-01	7.844366e-01	5.750915e-02	7.188644e-02	3.765690e-01	3.756470e-01	6.424960e-01	1.040318e-01
4723	2.946803e-01	6.642189e-01	2.749266e-02	3.436582e-02	1.800215e-01	1.311166e-01	8.468070e-01	9.232869e-01
5310	1.027798e-01	7.799554e-01	3.264685e-02	4.080856e-02	2.137711e-01	9.413408e-02	8.542500e-01	1.647594e-01
24972	6.180309e-01	7.688405e-01	2.827440e-02	3.534300e-02	1.851403e-01	1.527865e-01	1.235808e-01	8.279143e-01
12105	5.122863e-01	9.325265e-01	5.236563e-02	6.545704e-02	3.428894e-01	1.839167e-01	7.978735e-01	1.180611e-01
15743	7.272207e-01	6.659079e-01	2.172248e-02	2.715310e-02	1.422385e-01	9.799313e-02	5.130856e-01	9.169161e-01
18292	8.055737e-01	7.401543e-01	4.482498e-02	5.603122e-02	2.935133e-01	2.083265e-01	3.930360e-01	1.929992e-01
12241	7.627722e-01	6.850323e-01	4.187285e-02	5.234106e-02	2.741828e-01	2.637757e-01	9.665018e-02	6.138266e-01
23122	7.439626e-01	3.786181e-01	3.256119e-02	4.070149e-02	2.132102e-01	2.124610e-01	5.698371e-01	6.915662e-02
14918	5.033109e-01	8.209963e-01	6.139631e-02	7.674539e-02	4.020221e-01	1.417380e-01	9.429807e-01	9.450449e-01
12281	7.000996e-01	4.640208e-01	3.420172e-02	4.275215e-02	2.239523e-01	1.976455e-01	8.457334e-01	8.018220e-02
15955	4.734334e-02	1.148447e-01	4.271871e-02	5.339838e-02	2.797214e-01	2.369948e-01	6.073671e-02	2.759892e-01
6871	5.205479e-02	5.807144e-01	3.485150e-02	4.356437e-02	2.282071e-01	1.142335e-01	5.616404e-01	1.361778e-01
9300	2.697390e-01	1.089321e-01	3.635788e-02	4.544735e-02	2.380709e-01	7.415722e-02	4.528191e-01	6.521542e-01
2200	3.377314e-01	8.115783e-01	2.778348e-02	3.472935e-02	1.819258e-01	1.127624e-01	4.954712e-01	9.711420e-01
19723	9.007496e-01	5.171025e-01	5.972663e-02	7.465828e-02	3.910890e-01	1.880788e-01	4.721109e-01	7.111585e-01
29723	7.634404e-01	4.574305e-01	4.162144e-02	5.202679e-02	2.725365e-01	2.360483e-01	8.446226e-01	2.517002e-01
31559	3.799278e-01	1.499677e-01	2.640922e-02	3.301153e-02	1.729272e-01	5.190580e-02	6.595559e-02	7.853778e-01
10676	6.803557e-01	3.530474e-01	5.225270e-02	6.531588e-02	3.421499e-01	3.140490e-01	3.530424e-02	5.588946e-01
23800	5.566491e-01	2.005126e-01	4.284597e-02	5.355747e-02	2.805548e-01	1.967039e-01	2.827057e-01	5.941763e-01
14350	7.526373e-01	5.787146e-01	3.895039e-02	4.868799e-02	2.550465e-01	1.893809e-01	8.063565e-01	3.701186e-01
30209	9.326646e-01	5.585065e-01	2.340716e-02	2.925895e-02	1.532697e-01	1.432241e-01	8.057875e-01	9.398496e-01
13924	6.733409e-01	5.317562e-01	2.791471e-02	3.489339e-02	1.827851e-01	1.749079e-01	3.504775e-01	1.042466e-01
7033	5.204508e-01	1.554246e-01	2.835655e-02	3.544569e-02	1.856783e-01	6.004555e-02	6.916890e-02	3.451372e-01
5306	9.225398e-01	8.117830e-01	3.572499e-02	4.465624e-02	2.339267e-01	2.139188e-01	6.015800e-01	3.491843e-01
417	5.768641e-01	3.014782e-01	2.680636e-02	3.350795e-02	1.755276e-01	1.754815e-01	1.677610e-01	3.934226e-01
12386	2.091690e-01	9.185238e-01	2.353792e-02	2.942240e-02	1.541259e-01	1.454251e-01	3.243093e-01	7.655193e-01
29939	2.839183e-01	4.105698e-02	3.517210e-02	4.396513e-02	2.303064e-01	2.009732e-01	5.831464e-01	4.967590e-01
