2568	2.084776e-01	4.242964e-02	2.628775e-02	3.285969e-02	1.721318e-01	1.004010e-01	5.480630e-02	7.537995e-01
13858	9.269930e-01	8.181015e-01	3.405897e-02	4.257371e-02	2.230176e-01	1.789743e-01	9.376258e-01	7.322263e-01
12482	3.168917e-01	5.609821e-01	2.873030e-02	3.591288e-02	1.881256e-01	1.684241e-01	5.939819e-01	3.596655e-01
2201	4.228871e-01	2.568466e-01	3.874052e-02	4.842565e-02	2.536723e-01	1.794973e-01	5.756465e-02	7.485418e-01
27547	3.905496e-01	5.716513e-01	2.261076e-02	2.826344e-02	1.480549e-01	1.256091e-01	6.577222e-01	4.174866e-01
23040	4.030852e-02	7.312121e-01	2.334153e-02	2.917691e-02	1.528400e-01	6.488608e-02	5.744711e-01	1.272291e-01
6746	3.821412e-01	3.462930e-01	4.072549e-02	5.090687e-02	2.666699e-01	2.544383e-01	1.629242e-01	4.329540e-01
29448	9.049828e-01	5.724590e-01	5.441700e-02	6.802125e-02	3.563217e-01	2.643301e-01	4.465167e-01	2.483443e-02
14370	1.044223e-01	9.175854e-01	5.298051e-02	6.622564e-02	3.469156e-01	2.521955e-01	7.312666e-01	2.990590e-01
26743	9.241546e-01	1.116263e-01	6.356608e-02	7.945760e-02	4.162297e-01	3.516469e-01	5.184010e-01	6.662292e-01
27736	4.335445e-01	4.635303e-01	2.126338e-02	2.657922e-02	1.392323e-01	1.303459e-01	8.969009e-01	6.910670e-01
27139	7.960478e-01	1.776540e-01	6.001379e-02	7.501724e-02	3.929694e-01	3.386550e-01	6.075301e-01	7.782480e-01
4356	2.688794e-01	9.141180e-01	2.561624e-02	3.202029e-02	1.677347e-01	1.552242e-01	1.479389e-01	2.430187e-01
22978	4.089938e-01	5.137993e-01	4.865928e-02	6.082410e-02	3.186202e-01	1.652694e-01	7.433987e-03	5.868299e-01
2472	7.259711e-01	6.237204e-01	3.825570e-02	4.781963e-02	2.504977e-01	1.658945e-01	3.231157e-01	1.962201e-01
21235	1.326152e-01	3.290631e-01	5.829176e-02	7.286470e-02	3.816936e-01	3.816411e-01	4.372172e-01	8.548199e-01
12931	5.534577e-01	4.915824e-01	6.012719e-02	7.515899e-02	3.937119e-01	1.302566e-01	2.083161e-01	5.947509e-01
16625	2.090591e-01	1.982317e-01	7.661724e-02	9.577155e-02	5.016885e-01	1.983560e-01	4.588355e-01	7.852185e-01
9409	8.624839e-01	8.103050e-02	2.285391e-02	2.856739e-02	1.496471e-01	7.024821e-02	8.173215e-01	7.719776e-01
5559	7.458706e-01	4.601271e-01	3.485996e-02	4.357495e-02	2.282625e-01	1.013219e-01	2.612798e-01	4.541458e-01
25667	5.254279e-01	7.622817e-01	4.038317e-02	5.047896e-02	2.644283e-01	2.182340e-01	2.246817e-01	5.833377e-01
5540	7.257178e-01	9.118772e-01	4.336415e-02	5.420519e-02	2.839478e-01	1.071162e-01	8.737237e-01	3.983641e-01
31775	9.193228e-01	4.384561e-01	2.319926e-02	2.899908e-02	1.519084e-01	9.033501e-02	6.806119e-01	1.012886e-01
31902	1.815123e-01	7.686403e-01	4.026868e-02	5.033585e-02	2.636787e-01	9.460867e-02	5.023777e-01	2.605501e-01
32581	6.639016e-01	5.987887e-01	3.091813e-02	3.864766e-02	2.024514e-01	1.910759e-01	2.038894e-01	9.617194e-01
11805	5.050683e-01	3.950291e-01	2.448345e-02	3.060432e-02	1.603173e-01	6.964778e-02	4.519947e-01	3.157539e-01
20185	1.469900e-01	1.786934e-01	2.831051e-02	3.538814e-02	1.853768e-01	9.027955e-02	2.033647e-01	8.584839e-01
30545	7.072791e-01	8.067187e-01	2.322356e-02	2.902945e-02	1.520675e-01	9.537709e-02	7.328492e-01	6.407274e-01
26899	9.736925e-01	3.350265e-01	2.461532e-02	3.076915e-02	1.611807e-01	1.568401e-01	5.929409e-01	8.949806e-01
28882	4.812814e-01	5.580265e-01	2.671902e-02	3.339877e-02	1.749557e-01	1.665980e-01	5.673292e-01	3.919275e-01
25015	6.771777e-01	4.174912e-02	3.811404e-02	4.764255e-02	2.495701e-01	2.373406e-01	8.029019e-01	1.500142e-01
29409	1.527561e-01	5.327016e-01	3.721204e-02	4.651505e-02	2.436639e-01	2.432852e-01	8.304670e-01	8.218732e-01
20917	3.712844e-01	8.744834e-01	3.166841e-02	3.958552e-02	2.073643e-01	1.322620e-01	3.668776e-02	7.149699e-01
18673	5.547431e-01	6.295443e-02	4.078378e-02	5.097973e-02	2.670516e-01	2.622232e-01	1.069531e-01	8.438597e-02
32503	5.768736e-01	8.433836e-01	2.460648e-02	3.075809e-02	1.611228e-01	4.939305e-02	8.025875e-01	8.907690e-01
26395	6.343653e-01	4.324312e-01	6.479539e-02	8.099424e-02	4.242792e-01	1.501256e-01	3.145611e-01	8.780185e-01
26659	7.662751e-01	3.655920e-01	3.483364e-02	4.354206e-02	2.280902e-01	1.761709e-01	4.287826e-01	9.306670e-01
1605	2.708711e-01	5.777643e-01	4.851342e-02	6.064178e-02	3.176651e-01	1.369542e-01	1.612046e-01	1.097877e-01
23492	4.858439e-01	9.163599e-01	2.565709e-02	3.207136e-02	1.680022e-01	5.570427e-02	3.963634e-03	1.875515e-01
4109	2.636545e-01	4.227967e-02	3.998478e-02	4.998098e-02	2.618197e-01	1.146163e-01	4.890974e-01	7.353705e-01
24893	6.693923e-01	8.095428e-01	2.653785e-02	3.317231e-02	1.737694e-01	1.045222e-01	5.803073e-01	8.765441e-01
19655	3.845134e-01	7.993979e-01	3.984531e-02	4.980664e-02	2.609065e-01	1.274996e-01	1.763307e-01	7.746524e-01
3463	3.098831e-01	8.566673e-01	5.096341e-02	6.370427e-02	3.337076e-01	1.782010e-01	3.474088e-01	9.483767e-01
6510	3.330396e-01	3.091287e-01	2.498971e-02	3.123714e-02	1.636322e-01	9.828129e-02	7.078559e-01	5.569511e-01
29475	3.171925e-01	1.170918e-01	3.311648e-02	4.139560e-02	2.168462e-01	1.164231e-01	2.740142e-01	1.603729e-01
22570	6.254959e-01	3.196719e-01	2.147709e-02	2.684636e-02	1.406316e-01	1.344216e-01	1.034143e-01	3.722173e-01
7168	2.522406e-01	7.578664e-01	2.898687e-02	3.623358e-02	1.898055e-01	1.880411e-01	8.778432e-01	2.883111e-01
12777	1.910546e-01	8.735319e-01	5.583077e-02	6.978846e-02	3.655790e-01	2.408068e-01	6.285059e-02	5.109584e-01
408	8.815355e-01	4.001963e-01	2.264951e-02	2.831189e-02	1.483087e-01	8.586214e-02	4.567461e-01	9.892711e-01
11792	8.472910e-01	4.324480e-01	2.472781e-02	3.090977e-02	1.619173e-01	5.531390e-02	6.584593e-01	2.171655e-01
5132	8.598707e-01	2.956687e-01	5.786671e-02	7.233339e-02	3.789103e-01	3.439779e-01	2.339479e-01	6.809556e-01
13601	8.113105e-01	8.919327e-01	6.665291e-02	8.331614e-02	4.364422e-01	4.331144e-01	9.314062e-01	9.974840e-01
5420	5.546012e-01	4.349876e-01	3.646948e-02	4.558685e-02	2.388016e-01	2.359063e-01	1.464643e-01	7.357764e-01
13972	2.372271e-01	4.241326e-01	7.346155e-02	9.182693e-02	4.810251e-01	4.614996e-01	6.902070e-01	3.901284e-01
12902	6.961145e-01	7.445348e-01	2.698384e-02	3.372980e-02	1.766898e-01	1.308500e-01	8.187144e-01	5.979133e-01
31423	4.511347e-02	8.463033e-01	2.367119e-02	2.958899e-02	1.549986e-01	1.500181e-01	5.463614e-01	4.981519e-01
25009	6.003258e-01	4.158839e-01	3.177689e-02	3.972111e-02	2.080746e-01	1.014122e-01	4.605756e-01	2.330542e-01
19671	9.255051e-01	1.958737e-01	4.614034e-02	5.767543e-02	3.021263e-01	1.927271e-01	8.991454e-01	5.071659e-02
2883	4.552486e-01	9.634861e-01	2.352716e-02	2.940895e-02	1.540555e-01	9.186120e-02	2.585240e-01	7.212391e-01
24672	4.846918e-01	4.937100e-01	3.344385e-02	4.180481e-02	2.189898e-01	1.986459e-01	8.569097e-01	4.053892e-01
13644	4.367983e-01	1.339500e-01	5.439228e-02	6.799036e-02	3.561598e-01	3.413099e-01	9.565157e-01	5.659774e-01
28134	8.565554e-01	5.962511e-01	3.261991e-02	4.077489e-02	2.135947e-01	1.879280e-01	4.829169e-02	2.473653e-01
32369	2.571546e-01	2.462123e-01	3.612960e-02	4.516200e-02	2.365761e-01	2.145181e-01	4.072637e-01	1.920451e-01
2744	7.038862e-01	8.754334e-01	3.462925e-02	4.328656e-02	2.267518e-01	1.275885e-01	2.133939e-02	6.593377e-01
18345	6.614116e-01	3.960788e-01	2.656116e-02	3.320145e-02	1.739221e-01	1.522358e-01	3.127753e-01	5.169136e-01
5445	4.202648e-01	8.042566e-01	2.432759e-02	3.040949e-02	1.592967e-01	1.584669e-01	6.800562e-01	5.173978e-01
24839	8.568593e-01	7.032006e-01	2.063235e-02	2.579044e-02	1.351003e-01	9.845241e-02	2.359930e-01	1.626833e-02
27743	8.323664e-01	9.511640e-01	2.215141e-02	2.768926e-02	1.450471e-01	1.448519e-01	2.547664e-01	5.212598e-01
16763	4.792595e-02	4.208893e-02	2.625460e-02	3.281825e-02	1.719147e-01	1.717538e-01	2.944424e-01	8.044460e-03
29533	4.527134e-01	7.480212e-01	2.522710e-02	3.153388e-02	1.651867e-01	1.601535e-01	2.749894e-01	6.630205e-01
6294	5.690439e-01	2.645280e-01	3.749544e-02	4.686931e-02	2.455196e-01	2.188097e-01	7.272712e-01	6.697957e-01
28903	1.004621e-01	7.491344e-01	2.314961e-02	2.893701e-02	1.515833e-01	1.325420e-01	5.237879e-01	8.538436e-01
20029	2.298139e-01	6.657158e-01	2.813461e-02	3.516826e-02	1.842250e-01	1.188349e-01	1.932055e-01	6.732302e-01
4961	6.309611e-01	2.601242e-01	2.921154e-02	3.651442e-02	1.912767e-01	1.898532e-01	1.825948e-01	5.364248e-01
28114	6.143938e-01	6.205075e-01	2.164419e-02	2.705524e-02	1.417258e-01	1.318183e-01	9.697443e-01	9.844597e-01
18858	3.313074e-01	4.937456e-02	3.567635e-02	4.459543e-02	2.336082e-01	1.710783e-01	7.666087e-01	1.967877e-02
13176	6.713230e-02	7.791679e-01	4.950191e-02	6.187739e-02	3.241377e-01	2.722172e-01	4.243463e-01	6.587005e-02
25327	7.368444e-01	2.670507e-01	2.628997e-02	3.286246e-02	1.721463e-01	8.159594e-02	1.364587e-01	1.634323e-01
13449	3.482376e-01	6.388308e-01	3.295991e-02	4.119989e-02	2.158210e-01	1.452864e-01	3.621835e-01	4.342906e-01
32088	9.651685e-01	5.539458e-02	3.538257e-02	4.422822e-02	2.316845e-01	1.266305e-01	3.494300e-01	7.661475e-01
