7755	6.645836e-01	2.897416e-01	2.240033e-02	2.800041e-02	1.466770e-01	7.592836e-02	7.138564e-01	5.247025e-02
17093	3.391326e-01	6.670701e-01	5.949443e-02	7.436804e-02	3.895686e-01	2.625671e-01	4.925341e-01	6.969604e-02
27572	1.708938e-01	1.347090e-01	3.331779e-02	4.164723e-02	2.181644e-01	6.324786e-02	1.444806e-01	6.647175e-01
28768	3.706685e-01	6.162810e-01	2.722692e-02	3.403365e-02	1.782814e-01	1.601688e-01	2.973138e-01	9.625153e-01
25025	2.439845e-01	6.336239e-01	2.626037e-02	3.282547e-02	1.719525e-01	9.374870e-02	6.591549e-01	4.228596e-01
10119	2.550442e-01	8.889216e-01	3.283649e-02	4.104561e-02	2.150128e-01	1.725043e-01	5.210314e-01	5.481141e-01
233	3.039011e-01	1.351897e-01	3.081949e-02	3.852436e-02	2.018055e-01	1.533432e-01	4.914177e-01	3.646267e-02
29106	6.237858e-01	4.361039e-01	4.370595e-02	5.463244e-02	2.861859e-01	2.414145e-01	2.309654e-02	8.420654e-01
4772	4.384219e-01	6.502057e-01	2.503761e-02	3.129701e-02	1.639459e-01	6.295224e-02	1.363089e-01	1.625891e-01
18495	2.436369e-01	6.833742e-01	3.020454e-02	3.775568e-02	1.977789e-01	1.281948e-01	1.016383e-01	5.103838e-01
32654	4.363355e-01	7.597720e-01	3.472297e-02	4.340371e-02	2.273655e-01	2.137312e-01	9.648114e-01	9.033442e-01
21534	8.253712e-01	6.267018e-01	5.564939e-02	6.956173e-02	3.643913e-01	3.553951e-01	9.601024e-01	7.683871e-01
32234	9.318423e-01	7.275748e-02	4.062091e-02	5.077614e-02	2.659851e-01	1.776057e-01	8.156343e-01	2.948288e-02
25256	7.750912e-02	6.734128e-01	2.363900e-02	2.954875e-02	1.547878e-01	9.257303e-02	4.576870e-01	8.656647e-02
15991	4.106573e-01	8.404385e-02	2.608479e-02	3.260598e-02	1.708028e-01	1.637754e-01	6.681651e-01	1.607499e-01
8732	6.070021e-01	9.205370e-01	2.114850e-02	2.643562e-02	1.384800e-01	1.377069e-01	4.573773e-01	5.537607e-01
13066	7.592802e-01	4.020482e-01	2.440721e-02	3.050901e-02	1.598180e-01	7.115556e-02	8.316494e-01	1.444376e-02
25844	6.036503e-01	7.023472e-01	3.516464e-02	4.395580e-02	2.302575e-01	2.022608e-01	2.771092e-01	7.753524e-01
10180	1.534749e-01	3.090074e-01	3.082675e-02	3.853343e-02	2.018531e-01	2.012877e-01	8.065541e-01	4.241198e-01
22484	7.203103e-01	3.447666e-01	4.034971e-02	5.043713e-02	2.642093e-01	8.988109e-02	9.784747e-01	3.695207e-01
25630	3.736264e-01	8.935924e-01	7.243176e-02	9.053970e-02	4.742820e-01	2.883979e-01	5.544461e-01	1.824233e-01
28642	6.173679e-02	6.483769e-01	4.228968e-02	5.286209e-02	2.769121e-01	1.225385e-01	5.880374e-01	6.700763e-01
27287	7.622002e-01	5.479320e-01	3.604183e-02	4.505229e-02	2.360013e-01	2.310596e-01	7.242003e-01	7.770769e-01
3487	7.272511e-01	2.087044e-01	2.114516e-02	2.643145e-02	1.384582e-01	1.240456e-01	8.025706e-01	7.612328e-01
30801	2.189287e-01	1.516624e-01	3.225374e-02	4.031718e-02	2.111970e-01	8.116745e-02	3.615467e-01	8.119407e-01
19614	4.475741e-01	5.181324e-01	2.214331e-02	2.767913e-02	1.449940e-01	1.212363e-01	5.861224e-01	1.282239e-01
632	6.301744e-01	7.820723e-01	6.322352e-02	7.902940e-02	4.139866e-01	1.166909e-01	4.210851e-01	6.807542e-01
1578	7.826319e-01	1.116365e-01	3.830996e-02	4.788745e-02	2.508530e-01	1.989569e-01	7.602922e-01	9.129523e-01
20229	5.112961e-01	3.379348e-01	2.810377e-02	3.512971e-02	1.840230e-01	1.459874e-01	3.527670e-01	9.868060e-01
5986	6.424276e-02	9.376457e-01	2.375019e-02	2.968774e-02	1.555159e-01	1.225526e-01	9.530539e-01	6.111465e-01
30344	7.667820e-01	2.354187e-01	3.655833e-02	4.569791e-02	2.393834e-01	1.059058e-01	3.034984e-01	4.086029e-01
29868	1.444298e-01	4.725589e-01	2.055613e-02	2.569516e-02	1.346012e-01	4.733072e-02	1.385137e-01	4.094047e-01
16590	8.031737e-01	2.617027e-01	2.439659e-02	3.049574e-02	1.597485e-01	1.524989e-01	2.469033e-01	1.466887e-01
17385	6.305317e-01	8.658055e-01	2.602016e-02	3.252520e-02	1.703796e-01	1.655319e-01	3.952160e-01	9.830240e-01
21154	6.864311e-01	1.531983e-01	3.937744e-02	4.922180e-02	2.578429e-01	1.634510e-01	1.021168e-01	9.555367e-01
21765	8.235834e-01	9.374311e-01	2.175472e-02	2.719340e-02	1.424496e-01	1.167622e-01	7.896807e-01	3.679538e-02
16986	4.261126e-01	2.903388e-01	2.583944e-02	3.229930e-02	1.691963e-01	1.149714e-01	1.274265e-01	5.797611e-01
10266	4.308856e-01	2.314140e-01	4.643826e-02	5.804782e-02	3.040770e-01	1.427349e-01	9.044904e-01	2.862130e-01
4982	3.403556e-01	3.339281e-01	5.141156e-02	6.426445e-02	3.366421e-01	2.800299e-01	7.506717e-01	5.970559e-02
26282	9.777948e-02	2.446670e-01	7.064202e-02	8.830252e-02	4.625628e-01	2.305793e-01	5.818166e-01	4.176193e-01
31491	5.081710e-01	2.217373e-01	2.195014e-02	2.743768e-02	1.437292e-01	1.053320e-01	8.284567e-01	6.312854e-01
31308	1.642993e-01	4.387975e-01	2.208463e-02	2.760579e-02	1.446098e-01	5.871117e-02	7.059282e-01	5.033668e-01
8819	6.212912e-01	1.199831e-01	2.068390e-02	2.585488e-02	1.354379e-01	8.719811e-02	4.269069e-01	2.781826e-01
25778	5.493279e-01	7.874405e-01	3.578757e-02	4.473447e-02	2.343365e-01	2.251978e-01	2.527486e-01	9.717619e-01
16939	8.266828e-01	8.672949e-02	4.421313e-02	5.526642e-02	2.895069e-01	2.891934e-01	7.965239e-01	5.954079e-01
4267	8.332832e-01	7.036611e-01	2.877315e-02	3.596644e-02	1.884061e-01	1.401159e-01	7.920556e-01	3.980976e-01
16934	3.823652e-01	6.910476e-01	2.581485e-02	3.226857e-02	1.690353e-01	7.172354e-02	2.260818e-01	3.185480e-01
29317	6.175999e-01	5.924969e-01	4.368488e-02	5.460609e-02	2.860479e-01	2.518312e-01	8.755913e-01	6.314076e-01
21319	6.803973e-01	9.330851e-01	2.204857e-02	2.756072e-02	1.443737e-01	5.627273e-02	9.872797e-01	4.060773e-01
16547	5.542922e-01	3.950209e-01	4.892202e-02	6.115252e-02	3.203406e-01	3.036239e-01	6.753439e-01	6.845338e-02
4341	4.036448e-01	3.925706e-01	2.208662e-02	2.760828e-02	1.446229e-01	1.061132e-01	3.444949e-01	6.533569e-01
3308	7.716293e-01	4.586291e-01	5.286958e-02	6.608697e-02	3.461892e-01	1.270173e-01	4.319446e-01	1.320712e-01
18093	7.319636e-01	3.814668e-01	3.121060e-02	3.901326e-02	2.043666e-01	5.382765e-02	9.974573e-01	6.597803e-01
18225	8.470161e-01	7.594530e-01	3.124730e-02	3.905912e-02	2.046068e-01	1.300762e-01	6.427435e-01	1.164813e-01
28620	4.801088e-01	8.451282e-01	3.451389e-02	4.314237e-02	2.259964e-01	1.674673e-01	9.700927e-01	2.431742e-01
10874	7.380055e-01	4.663088e-01	3.949608e-02	4.937010e-02	2.586197e-01	2.149311e-01	4.296670e-01	7.084096e-01
4744	6.000216e-01	8.568323e-01	2.643081e-02	3.303851e-02	1.730685e-01	1.671960e-01	3.457779e-01	8.647985e-01
14832	5.377304e-01	6.688119e-01	3.058861e-02	3.823576e-02	2.002938e-01	1.105246e-01	9.962613e-01	6.751642e-01
32160	1.661687e-01	7.519968e-01	4.524862e-02	5.656077e-02	2.962872e-01	2.088924e-01	3.168867e-01	8.551658e-01
22384	3.864957e-01	2.146664e-01	2.442198e-02	3.052747e-02	1.599147e-01	1.509672e-01	9.719137e-01	7.224732e-02
14507	3.829815e-01	1.165495e-01	2.236112e-02	2.795140e-02	1.464203e-01	1.362126e-01	4.740706e-01	1.387667e-01
11073	5.857688e-01	8.888401e-01	2.092957e-02	2.616196e-02	1.370465e-01	6.711118e-02	2.975911e-01	8.274464e-01
13721	5.407457e-01	2.846544e-01	3.516643e-02	4.395804e-02	2.302692e-01	1.792556e-01	1.004148e-01	9.622890e-01
11754	4.223747e-01	4.587882e-01	2.717490e-02	3.396863e-02	1.779408e-01	1.209902e-01	9.454587e-01	1.373665e-01
327	4.087753e-01	1.275582e-01	2.466887e-02	3.083609e-02	1.615314e-01	1.362344e-01	7.120013e-01	1.968254e-01
7549	2.910126e-01	2.227270e-01	2.765971e-02	3.457464e-02	1.811153e-01	1.666233e-01	5.005777e-01	8.696923e-01
2210	8.789736e-01	5.988312e-01	2.264372e-02	2.830465e-02	1.482707e-01	1.106678e-01	1.767006e-01	8.598339e-01
7681	5.757951e-01	1.009896e-01	2.335879e-02	2.919849e-02	1.529530e-01	7.081135e-02	3.525302e-01	8.770563e-01
3488	9.189363e-01	5.105840e-01	4.858924e-02	6.073655e-02	3.181616e-01	1.350409e-01	4.005675e-01	5.667580e-01
4998	4.725275e-01	6.315749e-01	4.479578e-02	5.599472e-02	2.933220e-01	2.244894e-01	5.168388e-02	5.491528e-01
16668	4.857732e-01	5.074202e-01	2.444426e-02	3.055533e-02	1.600607e-01	1.488772e-01	3.113337e-01	9.868804e-01
29782	4.248502e-01	8.471210e-01	2.794564e-02	3.493205e-02	1.829876e-01	9.700477e-02	6.674696e-01	6.824639e-01
27269	1.540033e-01	5.704260e-01	3.965248e-02	4.956560e-02	2.596438e-01	2.578329e-01	2.560509e-02	7.652805e-01
25158	5.549686e-01	4.604728e-01	2.442987e-02	3.053733e-02	1.599664e-01	1.172523e-01	7.478566e-01	8.550121e-01
13988	3.444132e-02	5.445694e-01	2.138733e-02	2.673416e-02	1.400439e-01	5.692774e-02	3.664767e-01	9.052715e-01
24254	5.871583e-01	6.988027e-02	3.337424e-02	4.171780e-02	2.185340e-01	1.271257e-01	3.872584e-01	4.521610e-01
8860	3.926005e-01	1.626537e-01	2.473534e-02	3.091918e-02	1.619667e-01	1.592501e-01	4.900418e-01	5.218854e-01
2436	7.822510e-01	9.041655e-01	5.941581e-02	7.426976e-02	3.890538e-01	3.864143e-01	5.901991e-02	1.745571e-01
16427	9.596994e-01	8.083702e-01	3.577189e-02	4.471486e-02	2.342338e-01	8.923881e-02	1.013885e-02	4.032972e-01
14257	1.421083e-01	2.348996e-01	2.834803e-02	3.543504e-02	1.856225e-01	1.851766e-01	2.231553e-02	6.646781e-01
1803	4.715710e-01	7.197444e-01	3.953213e-02	4.941516e-02	2.588557e-01	2.584585e-01	1.066501e-01	4.523332e-01
10746	6.008818e-01	2.784924e-01	4.139808e-02	5.174759e-02	2.710740e-01	1.411091e-01	4.777586e-01	5.294560e-01
8524	9.605446e-01	4.929170e-01	2.292099e-02	2.865123e-02	1.500863e-01	1.401133e-01	9.810968e-02	2.476880e-01
