9417	7.530928e-01	8.527315e-01	4.514469e-02	5.643086e-02	2.956067e-01	1.309039e-01	8.180744e-01	2.628024e-01
16476	1.242403e-01	5.915926e-01	2.274165e-02	2.842707e-02	1.489120e-01	5.248600e-02	8.092600e-01	1.051584e-01
1923	2.947448e-01	7.818665e-01	2.157490e-02	2.696863e-02	1.412721e-01	1.204736e-01	5.830857e-01	7.173244e-02
2061	8.294676e-01	4.409656e-01	2.891367e-02	3.614208e-02	1.893262e-01	1.878321e-01	9.317223e-01	1.933237e-01
10447	7.617530e-01	3.138294e-01	4.568969e-02	5.711211e-02	2.991754e-01	2.337323e-01	7.869893e-01	1.641217e-01
30972	7.456428e-01	7.822475e-01	2.075063e-02	2.593829e-02	1.358748e-01	7.834504e-02	7.079725e-01	6.280274e-01
3480	3.390734e-01	2.535555e-01	5.779773e-02	7.224717e-02	3.784587e-01	1.985981e-01	7.223881e-01	4.961128e-01
21026	3.138998e-01	4.682926e-01	3.010882e-02	3.763602e-02	1.971521e-01	1.472731e-01	5.392286e-01	2.572678e-01
4198	1.154204e-01	2.366823e-01	5.564711e-02	6.955888e-02	3.643764e-01	1.998500e-01	6.045415e-01	3.195831e-01
21421	3.973982e-01	4.100046e-01	2.490497e-02	3.113122e-02	1.630774e-01	1.270215e-01	7.900795e-02	2.046042e-01
25946	7.007429e-02	1.454518e-01	2.343640e-02	2.929549e-02	1.534612e-01	7.135107e-02	8.164820e-01	6.828854e-02
26676	1.221589e-01	5.075070e-01	2.921421e-02	3.651777e-02	1.912942e-01	1.035505e-01	6.988674e-02	2.585599e-01
24084	7.732182e-01	8.046404e-02	4.513988e-02	5.642485e-02	2.955752e-01	2.203204e-01	2.070378e-01	3.805695e-02
20479	9.237943e-01	9.079066e-01	3.383348e-02	4.229185e-02	2.215411e-01	2.171155e-01	9.219995e-01	3.708049e-01
5002	8.692464e-01	8.162105e-01	5.607565e-02	7.009457e-02	3.671825e-01	3.549305e-01	3.843693e-02	2.948297e-01
14220	5.352396e-01	8.045859e-01	2.235118e-02	2.793897e-02	1.463551e-01	1.147514e-01	1.925209e-01	3.520207e-02
5082	9.014595e-01	6.245999e-01	2.163538e-02	2.704422e-02	1.416681e-01	1.295620e-01	1.616043e-01	8.506380e-01
9589	1.520350e-01	1.950636e-01	2.997691e-02	3.747114e-02	1.962883e-01	1.127963e-01	9.122060e-01	9.989431e-02
19516	2.669257e-01	1.349946e-01	5.636538e-02	7.045672e-02	3.690796e-01	3.556069e-01	7.929585e-01	9.416383e-01
21888	4.587947e-01	1.559655e-01	5.259646e-02	6.574557e-02	3.444008e-01	1.548025e-01	2.430370e-01	4.914413e-01
962	6.951239e-01	3.034624e-01	3.852798e-02	4.815998e-02	2.522806e-01	1.441577e-01	1.436204e-02	6.634173e-01
13963	3.905871e-01	4.732423e-01	5.661663e-02	7.077078e-02	3.707248e-01	2.269485e-01	1.989792e-01	8.149959e-01
4580	5.279801e-01	8.363934e-01	2.880649e-02	3.600811e-02	1.886245e-01	1.428528e-01	2.107713e-01	9.216801e-01
18077	3.628253e-01	8.962900e-01	2.507047e-02	3.133809e-02	1.641610e-01	7.350430e-02	1.487680e-01	3.263107e-01
10021	7.636700e-01	4.279594e-01	2.217729e-02	2.772161e-02	1.452165e-01	7.807170e-02	4.464540e-01	8.643635e-01
19428	7.868160e-01	2.201635e-01	3.112886e-02	3.891107e-02	2.038313e-01	7.314106e-02	7.523853e-01	6.172958e-01
31188	8.816809e-01	2.874580e-01	2.150003e-02	2.687503e-02	1.407818e-01	1.132570e-01	2.037507e-01	9.433571e-01
32088	7.899762e-01	8.712767e-01	5.148243e-02	6.435304e-02	3.371061e-01	1.780876e-01	7.283095e-01	4.342340e-01
25885	4.687393e-01	8.958144e-01	2.284661e-02	2.855826e-02	1.495993e-01	1.403269e-01	7.294002e-01	2.549300e-01
24019	4.887218e-01	8.589940e-01	3.282983e-02	4.103729e-02	2.149692e-01	6.996631e-02	9.786537e-01	2.269960e-01
5898	6.739747e-01	2.694443e-01	2.156216e-02	2.695270e-02	1.411887e-01	1.115414e-01	2.878166e-01	5.532635e-01
14446	4.690396e-01	4.801402e-01	2.932840e-02	3.666049e-02	1.920419e-01	1.412344e-01	1.433505e-01	6.399896e-01
22155	8.234646e-01	6.289902e-01	2.966169e-02	3.707712e-02	1.942243e-01	1.903829e-01	9.063810e-01	3.400460e-01
23690	3.879294e-01	1.052597e-01	2.277680e-02	2.847100e-02	1.491421e-01	4.888371e-02	3.303028e-01	5.423429e-01
29283	5.469692e-01	7.723274e-02	4.470379e-02	5.587974e-02	2.927197e-01	2.719411e-01	3.606656e-01	2.600495e-01
23753	6.408239e-02	5.343110e-01	2.309496e-02	2.886870e-02	1.512255e-01	4.837115e-02	6.459331e-01	4.065969e-02
24822	4.693294e-01	6.615004e-01	2.231478e-02	2.789348e-02	1.461169e-01	1.460510e-01	1.064984e-01	3.104054e-01
26278	4.437909e-01	2.678405e-01	2.615203e-02	3.269003e-02	1.712431e-01	5.562343e-02	2.266780e-01	9.944982e-01
27961	8.959359e-01	2.342516e-01	2.773821e-02	3.467276e-02	1.816293e-01	1.250433e-01	7.192002e-01	5.996498e-01
31327	5.785000e-01	6.934733e-01	2.750441e-02	3.438051e-02	1.800984e-01	7.294469e-02	4.669585e-01	1.333757e-01
9695	6.937390e-01	1.718729e-01	4.094417e-02	5.118022e-02	2.681018e-01	2.676470e-01	4.383976e-01	6.051959e-01
6436	3.923896e-01	2.931811e-01	4.341972e-02	5.427465e-02	2.843116e-01	2.732592e-01	8.458170e-02	1.571192e-01
5577	1.857230e-01	6.570493e-01	2.911120e-02	3.638900e-02	1.906197e-01	1.904206e-01	3.085377e-01	9.846498e-01
24230	4.290145e-02	4.642668e-01	2.266785e-02	2.833481e-02	1.484287e-01	1.383860e-01	2.748670e-01	1.494161e-01
31344	8.201934e-01	5.092579e-02	3.455768e-02	4.319711e-02	2.262832e-01	8.165457e-02	1.768305e-01	1.752123e-01
18541	4.239242e-01	1.138998e-01	2.221233e-02	2.776542e-02	1.454460e-01	1.164463e-01	4.287315e-01	5.484102e-01
21340	7.787488e-01	5.639211e-01	6.008059e-02	7.510073e-02	3.934068e-01	3.417310e-01	4.351640e-01	6.829323e-01
12240	8.929250e-01	5.734951e-01	3.199763e-02	3.999703e-02	2.095200e-01	7.637697e-02	3.867334e-01	9.647922e-01
9567	4.217866e-01	7.399427e-01	2.709277e-02	3.386596e-02	1.774030e-01	1.729890e-01	4.832543e-01	1.811380e-02
18010	7.480860e-01	2.425602e-01	2.225982e-02	2.782477e-02	1.457569e-01	1.386202e-01	2.867561e-01	2.904004e-01
30230	2.945858e-01	3.638652e-01	3.507634e-02	4.384542e-02	2.296793e-01	1.045530e-01	7.446526e-01	3.549808e-01
20823	5.758718e-01	3.846590e-01	3.997293e-02	4.996616e-02	2.617421e-01	1.057202e-01	1.668570e-01	5.118797e-01
14222	5.087140e-01	3.376702e-01	2.586262e-02	3.232827e-02	1.693480e-01	6.422472e-02	4.858575e-01	7.218127e-01
32477	5.955273e-01	2.961360e-01	3.966787e-02	4.958484e-02	2.597446e-01	1.319612e-01	9.560296e-01	5.381222e-01
8803	8.333739e-01	3.882176e-01	4.666887e-02	5.833609e-02	3.055870e-01	2.341696e-01	8.411536e-01	1.606658e-01
350	8.896080e-01	1.047138e-01	4.915349e-02	6.144186e-02	3.218563e-01	3.071503e-01	7.794828e-01	2.805639e-01
18519	2.456351e-01	7.666896e-01	2.191422e-02	2.739278e-02	1.434940e-01	1.434910e-01	3.087333e-01	7.906966e-01
30338	6.078098e-02	2.241567e-01	2.501860e-02	3.127325e-02	1.638214e-01	7.927979e-02	5.280237e-02	6.848343e-01
4259	9.083397e-01	7.172407e-01	3.751340e-02	4.689175e-02	2.456371e-01	2.243270e-01	5.239167e-02	2.681987e-01
10798	7.887811e-02	6.103462e-01	5.527766e-02	6.909708e-02	3.619573e-01	1.595898e-01	2.393539e-01	6.372956e-02
3018	4.956567e-01	7.953943e-01	2.758454e-02	3.448067e-02	1.806231e-01	1.502213e-01	4.053001e-01	2.355972e-01
1908	6.589151e-01	7.123835e-01	2.547922e-02	3.184903e-02	1.668376e-01	1.617093e-01	7.713168e-01	8.700179e-01
15964	1.772994e-01	3.009249e-01	4.946116e-02	6.182645e-02	3.238709e-01	2.452863e-01	8.341976e-01	8.027061e-01
2158	3.211567e-01	6.706189e-01	2.587949e-02	3.234937e-02	1.694585e-01	5.828806e-02	5.982253e-01	2.559100e-01
20597	5.124692e-02	8.741322e-02	3.988423e-02	4.985529e-02	2.611613e-01	2.305302e-01	9.615887e-01	9.460844e-01
14254	5.699063e-02	8.124122e-01	2.515059e-02	3.143824e-02	1.646857e-01	1.562390e-01	6.611277e-01	5.782864e-01
28059	5.150022e-01	6.194296e-01	3.159234e-02	3.949043e-02	2.068662e-01	1.291580e-01	9.473747e-01	3.393746e-01
29723	8.232023e-02	7.995841e-01	3.021456e-02	3.776820e-02	1.978445e-01	8.745622e-02	4.811688e-01	6.863653e-01
25996	5.737864e-01	8.680243e-01	2.906507e-02	3.633134e-02	1.903176e-01	1.821993e-01	8.955223e-01	9.814525e-01
24711	7.308671e-02	3.524949e-01	6.212655e-02	7.765819e-02	4.068037e-01	2.007010e-01	1.877932e-01	6.724817e-02
23956	2.125055e-01	8.015985e-01	4.441141e-02	5.551426e-02	2.908052e-01	2.479997e-01	4.809386e-01	7.490314e-01
12098	7.546771e-01	7.374234e-01	2.162647e-02	2.703308e-02	1.416098e-01	9.935990e-02	6.383351e-01	9.528400e-01
29677	8.654950e-01	1.595847e-01	4.626838e-02	5.783548e-02	3.029646e-01	1.747338e-01	2.247166e-01	5.957577e-01
8129	7.105711e-01	2.337738e-01	2.223856e-02	2.779820e-02	1.456178e-01	1.251156e-01	6.691518e-01	7.172271e-01
26950	3.675753e-01	9.631308e-01	2.339484e-02	2.924356e-02	1.531891e-01	1.370449e-01	6.440187e-01	8.355319e-01
15663	3.445021e-01	5.182098e-01	6.328120e-02	7.910151e-02	4.143643e-01	3.974541e-01	2.425002e-01	2.179923e-01
17191	5.995326e-01	2.005264e-01	3.458337e-02	4.322921e-02	2.264514e-01	1.936563e-01	9.399252e-01	3.311086e-01
13618	6.555421e-02	1.222125e-01	2.188697e-02	2.735872e-02	1.433156e-01	9.676827e-02	4.439825e-02	5.747290e-02
27859	1.198837e-01	7.948817e-01	3.269048e-02	4.086310e-02	2.140567e-01	1.062337e-01	8.444063e-01	4.221304e-01
32426	3.904783e-01	3.597576e-01	2.793940e-02	3.492425e-02	1.829468e-01	1.746826e-01	4.275482e-01	6.384460e-01
