30690	3.682880e-01	9.413162e-01	2.250256e-02	2.812820e-02	1.473464e-01	1.240983e-01	1.603025e-01	9.129275e-02
1182	7.272594e-01	1.814011e-01	3.646904e-02	4.558630e-02	2.387987e-01	1.493099e-01	5.825798e-01	5.764734e-01
1602	7.779830e-01	3.864015e-01	2.667653e-02	3.334566e-02	1.746775e-01	1.696767e-01	9.370237e-01	2.309535e-01
14674	1.429697e-01	1.015817e-01	5.473571e-02	6.841964e-02	3.584086e-01	1.070591e-01	4.672658e-01	9.698193e-01
7536	7.192483e-01	7.768840e-01	3.509509e-02	4.386886e-02	2.298021e-01	2.296104e-01	9.881118e-01	7.141209e-01
7470	2.702219e-01	1.197614e-01	6.052315e-02	7.565394e-02	3.963047e-01	3.851711e-01	5.402756e-02	4.626454e-01
18680	3.758180e-01	6.497032e-01	2.499458e-02	3.124323e-02	1.636641e-01	1.446105e-01	7.978776e-04	3.171857e-01
9703	8.819839e-01	6.844472e-01	2.382337e-02	2.977922e-02	1.559951e-01	1.554680e-01	7.202771e-02	7.407975e-01
3246	6.442274e-01	1.682590e-01	4.143612e-02	5.179515e-02	2.713231e-01	2.408929e-01	7.904984e-01	2.488883e-01
9876	4.948461e-01	7.014231e-01	6.505032e-02	8.131291e-02	4.259485e-01	3.081115e-01	3.149422e-01	5.612376e-02
20023	8.133108e-01	9.542024e-01	2.265836e-02	2.832295e-02	1.483666e-01	7.189826e-02	2.530638e-01	1.201966e-01
9315	9.130364e-01	7.207712e-01	3.669481e-02	4.586852e-02	2.402771e-01	1.952746e-01	4.109238e-01	5.748617e-01
8191	1.600787e-01	3.410017e-02	2.321371e-02	2.901714e-02	1.520030e-01	1.487504e-01	5.483458e-01	4.995781e-01
14453	5.693533e-01	8.148393e-01	2.117744e-02	2.647180e-02	1.386696e-01	4.698510e-02	6.831141e-01	9.087124e-01
10968	1.592598e-01	6.495727e-01	2.942690e-02	3.678362e-02	1.926869e-01	1.423177e-01	1.593650e-01	2.375869e-02
25895	3.494274e-01	5.481798e-01	6.434811e-02	8.043514e-02	4.213504e-01	3.572013e-01	9.405787e-01	6.084277e-01
12545	2.437928e-01	4.428865e-01	4.235336e-02	5.294170e-02	2.773292e-01	9.958298e-02	2.337517e-01	4.506013e-01
1780	7.016900e-01	3.127737e-01	5.311774e-02	6.639718e-02	3.478141e-01	3.041108e-01	2.477213e-01	4.980481e-01
21984	1.710691e-01	6.903223e-01	2.317793e-02	2.897242e-02	1.517688e-01	1.114090e-01	7.950036e-01	8.338285e-01
22131	2.789620e-01	7.330994e-01	2.106482e-02	2.633103e-02	1.379321e-01	1.377287e-01	5.128080e-01	2.449318e-01
32621	7.858374e-01	6.680776e-01	2.526461e-02	3.158076e-02	1.654323e-01	1.646275e-01	5.409741e-01	2.634487e-01
9708	8.694475e-01	4.417314e-01	2.667362e-02	3.334203e-02	1.746585e-01	1.208859e-01	7.657157e-01	3.466945e-01
7551	9.243865e-01	5.242846e-01	2.146267e-02	2.682834e-02	1.405372e-01	9.464643e-02	1.391038e-01	1.082679e-01
1839	4.430048e-01	5.757722e-01	2.897801e-02	3.622252e-02	1.897476e-01	8.562405e-02	7.223075e-02	4.054037e-01
13855	2.167486e-01	8.414662e-02	2.529014e-02	3.161267e-02	1.655994e-01	7.491668e-02	7.604803e-01	5.544471e-01
17425	8.725582e-01	3.830321e-01	2.500506e-02	3.125632e-02	1.637327e-01	1.517234e-01	9.620799e-01	6.820558e-01
28948	1.962047e-01	2.240232e-01	7.376228e-02	9.220285e-02	4.829942e-01	3.898842e-01	3.414932e-01	4.593588e-01
2676	4.118946e-01	1.945290e-01	2.190850e-02	2.738563e-02	1.434565e-01	1.309899e-01	8.114360e-01	3.719574e-01
9931	6.444846e-01	9.166542e-01	2.162290e-02	2.702862e-02	1.415864e-01	9.017684e-02	7.142583e-01	7.562544e-01
16569	1.629116e-01	4.622924e-01	2.148046e-02	2.685058e-02	1.406537e-01	1.331082e-01	8.494182e-01	2.847859e-01
19769	2.264646e-01	5.265779e-02	2.658421e-02	3.323026e-02	1.740730e-01	9.614088e-02	9.148415e-01	7.208121e-01
29018	9.144031e-01	6.225161e-01	7.217270e-02	9.021587e-02	4.725857e-01	4.601732e-01	3.326955e-01	9.543448e-01
19311	8.504390e-01	8.076908e-02	5.687320e-02	7.109150e-02	3.724048e-01	3.657944e-01	1.324576e-01	2.273715e-01
27159	5.088403e-01	2.720041e-01	4.292897e-02	5.366122e-02	2.810983e-01	2.274773e-01	8.698308e-01	7.470803e-01
15995	5.982899e-01	5.716051e-01	2.529808e-02	3.162260e-02	1.656514e-01	1.180443e-01	1.027922e-01	4.739856e-01
9872	8.566662e-01	8.953617e-01	6.745483e-02	8.431854e-02	4.416932e-01	1.743958e-01	9.717971e-01	9.281428e-01
27436	7.595252e-01	4.356951e-01	3.142705e-02	3.928381e-02	2.057838e-01	1.332046e-01	1.519807e-01	9.494666e-01
8666	3.856879e-01	2.725457e-01	2.680193e-02	3.350242e-02	1.754986e-01	1.627772e-01	4.270996e-01	8.575005e-01
1058	2.182132e-01	5.309646e-01	4.335233e-02	5.419042e-02	2.838704e-01	7.561136e-02	1.452426e-01	8.151489e-01
3257	1.456234e-01	8.963067e-01	4.939487e-02	6.174358e-02	3.234368e-01	3.223418e-01	3.829537e-01	2.391682e-01
22482	7.519409e-01	8.365271e-01	3.681694e-02	4.602117e-02	2.410767e-01	1.408276e-01	3.573195e-01	7.931109e-01
23029	8.672490e-02	5.534628e-01	2.927981e-02	3.659976e-02	1.917237e-01	1.806185e-01	3.582010e-01	2.068650e-01
25654	5.895860e-01	4.196360e-01	3.058573e-02	3.823216e-02	2.002749e-01	1.169822e-01	3.808674e-01	4.957535e-01
28464	5.927506e-01	3.801663e-01	2.414757e-02	3.018446e-02	1.581179e-01	4.651326e-02	5.388803e-01	5.409204e-01
28791	3.556943e-01	3.765285e-01	6.177293e-02	7.721616e-02	4.044882e-01	4.004491e-01	4.941256e-01	3.807550e-01
2403	3.954866e-01	8.807484e-01	2.312726e-02	2.890908e-02	1.514370e-01	1.473456e-01	2.525173e-01	6.908329e-01
9460	7.268494e-01	4.612374e-01	2.221751e-02	2.777189e-02	1.454799e-01	9.855833e-02	3.084961e-02	3.873855e-01
3735	3.531422e-01	2.909543e-01	2.301470e-02	2.876837e-02	1.506999e-01	4.959069e-02	4.234245e-01	5.278016e-01
3245	4.661167e-01	3.393384e-01	5.094318e-02	6.367897e-02	3.335751e-01	3.139969e-01	9.710732e-01	7.792929e-01
3601	5.451970e-01	4.667317e-01	5.873255e-02	7.341569e-02	3.845798e-01	3.163580e-01	2.201359e-02	1.730825e-01
27581	3.248814e-01	5.924205e-02	4.349324e-02	5.436655e-02	2.847931e-01	2.846489e-01	7.819712e-01	2.503584e-01
2571	8.989084e-01	4.205788e-01	2.099090e-02	2.623862e-02	1.374481e-01	1.368728e-01	9.594254e-01	2.325332e-01
15124	6.604669e-01	5.654874e-02	4.187382e-02	5.234228e-02	2.741891e-01	2.640627e-01	1.657917e-01	4.684743e-01
2735	8.643584e-01	7.384489e-01	2.595945e-02	3.244931e-02	1.699821e-01	1.693012e-01	2.391350e-01	6.003387e-01
257	1.701089e-01	7.708691e-02	3.704375e-02	4.630468e-02	2.425619e-01	1.959662e-01	6.134472e-01	8.880712e-02
18744	6.662873e-01	2.301741e-01	4.872382e-02	6.090477e-02	3.190428e-01	1.496508e-01	4.061031e-01	6.346369e-01
30009	5.493626e-01	2.190716e-01	4.229350e-02	5.286688e-02	2.769372e-01	9.360846e-02	3.016907e-01	4.317585e-01
1510	1.504196e-01	4.133304e-01	5.092399e-02	6.365499e-02	3.334495e-01	3.334459e-01	9.957642e-01	7.296995e-03
6026	7.460157e-01	8.969032e-02	2.443905e-02	3.054881e-02	1.600265e-01	1.543628e-01	1.866146e-01	2.444648e-01
32402	5.778031e-01	1.873584e-01	2.714045e-02	3.392557e-02	1.777153e-01	1.630541e-01	9.830694e-01	1.091173e-01
17035	2.483077e-01	1.756433e-01	2.338940e-02	2.923675e-02	1.531534e-01	1.447697e-01	7.133345e-01	7.204995e-01
11602	4.957425e-01	1.380851e-01	3.059404e-02	3.824255e-02	2.003293e-01	1.968503e-01	3.363468e-01	4.058417e-01
25914	8.883062e-01	7.831893e-01	5.151001e-02	6.438751e-02	3.372867e-01	3.261575e-01	7.200992e-01	8.020802e-01
23229	3.999871e-01	5.923916e-01	3.787851e-02	4.734814e-02	2.480279e-01	1.641940e-01	6.734533e-01	1.347987e-01
28244	3.898954e-01	4.764129e-01	2.612284e-02	3.265355e-02	1.710520e-01	1.673959e-01	4.920741e-01	5.304472e-01
18328	6.412165e-01	6.185770e-01	2.350602e-02	2.938253e-02	1.539171e-01	6.293567e-02	8.882933e-01	7.162730e-01
13405	4.078694e-01	7.086380e-01	2.660673e-02	3.325841e-02	1.742205e-01	1.110103e-01	1.096945e-01	7.430830e-01
20592	9.557486e-02	8.140878e-01	3.670374e-02	4.587967e-02	2.403355e-01	7.970168e-02	5.680280e-01	3.032054e-01
15695	9.732494e-01	4.407347e-01	2.223004e-02	2.778755e-02	1.455619e-01	1.370896e-01	1.969768e-01	7.251873e-01
4999	4.383543e-01	8.088826e-01	7.810438e-02	9.763048e-02	5.114263e-01	5.052351e-01	1.977957e-01	3.681804e-01
10144	8.323165e-01	9.317877e-01	2.218913e-02	2.773641e-02	1.452941e-01	9.944766e-02	3.960265e-01	2.063685e-01
11933	5.325945e-01	6.490552e-01	2.595307e-02	3.244134e-02	1.699403e-01	1.632314e-01	7.344259e-02	9.585337e-01
14300	8.166839e-01	4.249299e-01	4.372203e-02	5.465253e-02	2.862911e-01	2.006553e-01	1.304606e-01	4.027848e-01
