6183	4.523772e-01	5.333699e-01	2.527445e-02	3.159306e-02	1.654967e-01	1.638640e-01	3.477370e-01	9.154447e-01
7998	3.763855e-01	7.188933e-02	2.877550e-02	3.596937e-02	1.884215e-01	9.635298e-02	6.829197e-01	7.462536e-01
14571	9.227689e-01	6.497388e-02	3.069424e-02	3.836780e-02	2.009854e-01	1.647137e-01	6.772025e-02	2.505273e-01
11703	7.869147e-01	1.611735e-01	4.423829e-02	5.529786e-02	2.896716e-01	1.747212e-01	5.200357e-01	5.545535e-01
28936	9.677073e-01	1.290608e-01	2.622517e-02	3.278146e-02	1.717220e-01	1.715124e-01	3.463241e-01	9.963417e-01
15611	8.146613e-02	5.200854e-01	2.177326e-02	2.721657e-02	1.425710e-01	1.179737e-01	8.840726e-01	3.979673e-01
20645	4.006261e-01	6.086468e-01	4.621065e-02	5.776331e-02	3.025866e-01	1.659107e-01	3.155359e-01	5.786994e-01
23382	6.238492e-01	4.115367e-02	3.567635e-02	4.459543e-02	2.336082e-01	1.601962e-01	4.615995e-01	5.699141e-01
29109	5.681914e-01	9.143776e-01	3.313510e-02	4.141887e-02	2.169681e-01	1.069305e-01	5.384040e-01	3.980201e-01
5040	3.846303e-01	7.759062e-01	4.138585e-02	5.173231e-02	2.709939e-01	1.740569e-01	7.647361e-01	9.756042e-01
4396	7.587561e-01	8.592112e-01	7.123551e-02	8.904439e-02	4.664490e-01	3.054393e-01	9.529762e-01	5.640963e-02
4168	7.193964e-01	4.889964e-01	2.373595e-02	2.966994e-02	1.554226e-01	9.971371e-02	1.044552e-01	5.039887e-01
26597	7.226169e-01	9.029642e-02	5.608432e-02	7.010540e-02	3.672392e-01	3.665133e-01	3.335162e-01	5.758783e-01
11172	9.318995e-01	8.667011e-01	3.136444e-02	3.920556e-02	2.053739e-01	1.505755e-01	7.681914e-01	7.581657e-01
25629	3.416696e-01	3.467622e-01	2.252887e-02	2.816109e-02	1.475187e-01	1.119158e-01	6.226470e-01	5.682333e-01
3283	9.614091e-01	5.100604e-01	3.265914e-02	4.082393e-02	2.138516e-01	1.765596e-01	1.285174e-02	4.327630e-01
4505	8.504723e-01	6.630453e-02	2.792368e-02	3.490460e-02	1.828438e-01	7.340044e-02	2.098216e-01	4.463894e-01
22890	8.574950e-01	4.951449e-01	2.308881e-02	2.886101e-02	1.511851e-01	9.402624e-02	7.543382e-01	1.430475e-01
9662	4.987852e-01	3.054672e-01	3.581559e-02	4.476949e-02	2.345199e-01	1.404890e-01	5.812287e-01	7.942863e-01
18771	2.896510e-01	3.997653e-01	6.066051e-02	7.582564e-02	3.972041e-01	3.852302e-01	8.008259e-01	1.515825e-01
13520	6.512802e-01	1.316993e-01	3.201292e-02	4.001615e-02	2.096201e-01	8.314021e-02	8.846944e-01	7.066013e-01
31587	8.386326e-01	3.557070e-01	3.290767e-02	4.113459e-02	2.154789e-01	2.153211e-01	3.566705e-01	8.688499e-02
5192	3.461743e-01	1.895007e-01	2.306871e-02	2.883589e-02	1.510536e-01	1.415203e-01	1.460870e-01	5.825411e-01
6309	6.726580e-01	2.392503e-01	2.527587e-02	3.159484e-02	1.655060e-01	1.629711e-01	9.476156e-01	4.074813e-01
12344	2.331153e-01	2.439940e-01	4.571043e-02	5.713804e-02	2.993112e-01	1.843422e-01	8.530823e-01	6.379555e-01
3934	5.694649e-01	3.663545e-01	3.183869e-02	3.979837e-02	2.084793e-01	1.747646e-01	3.318582e-02	6.404290e-01
3208	4.312848e-01	7.918570e-01	4.924477e-02	6.155596e-02	3.224540e-01	1.972099e-01	8.448659e-01	4.374383e-01
7326	8.844987e-01	1.007818e-01	3.272221e-02	4.090277e-02	2.142645e-01	1.548645e-01	6.093033e-01	2.638024e-01
30603	3.332740e-01	8.605582e-01	6.974325e-02	8.717906e-02	4.566777e-01	1.558240e-01	4.669593e-01	8.708801e-01
28117	4.674615e-01	4.881745e-01	3.785158e-02	4.731447e-02	2.478515e-01	7.636251e-02	2.520284e-01	1.429841e-01
731	6.545128e-01	4.642113e-01	2.232997e-02	2.791247e-02	1.462163e-01	1.294996e-01	8.334354e-01	6.157888e-01
1577	8.467776e-01	8.103314e-01	2.813102e-02	3.516378e-02	1.842015e-01	1.608826e-01	3.563673e-01	2.413550e-01
772	3.627624e-01	5.275096e-01	4.546864e-02	5.683581e-02	2.977280e-01	2.958149e-01	3.778842e-01	6.394465e-01
25912	8.868798e-01	6.185349e-01	7.312057e-02	9.140072e-02	4.787924e-01	2.857323e-01	8.262020e-01	5.508106e-01
1735	1.474146e-01	6.356146e-01	2.059862e-02	2.574828e-02	1.348794e-01	8.364571e-02	3.993268e-01	1.002050e-01
8729	6.212084e-01	6.192316e-01	4.226594e-02	5.283242e-02	2.767567e-01	2.758780e-01	9.389771e-02	4.514904e-01
22602	8.984798e-02	8.387244e-01	2.161623e-02	2.702028e-02	1.415427e-01	7.107000e-02	2.410151e-01	6.239861e-01
392	7.079226e-01	6.540922e-01	2.118187e-02	2.647733e-02	1.386985e-01	1.150988e-01	2.862697e-01	8.232172e-01
3710	8.490696e-02	9.432647e-01	3.139044e-02	3.923805e-02	2.055441e-01	1.839873e-01	4.348982e-01	4.758843e-01
9331	8.162008e-01	5.866228e-01	5.903443e-02	7.379303e-02	3.865565e-01	1.182994e-01	6.861881e-01	5.423188e-01
29023	1.535830e-01	1.957153e-01	2.633124e-02	3.291405e-02	1.724166e-01	6.974743e-02	3.267288e-01	8.625703e-01
6893	8.942568e-01	2.519954e-01	4.536075e-02	5.670094e-02	2.970215e-01	2.477392e-01	3.857897e-02	5.378531e-01
23385	5.120731e-01	8.823346e-01	7.112601e-02	8.890751e-02	4.657320e-01	2.471076e-01	9.034430e-01	8.314589e-01
4598	6.191146e-01	5.771229e-01	2.482461e-02	3.103077e-02	1.625512e-01	6.882996e-02	8.873957e-01	4.799338e-01
26703	6.302286e-02	6.721197e-01	2.155309e-02	2.694137e-02	1.411293e-01	1.405878e-01	5.721376e-01	1.399080e-01
19264	6.671412e-01	8.084764e-01	4.402337e-02	5.502922e-02	2.882644e-01	2.328434e-01	7.444749e-01	7.480974e-01
14031	7.545648e-01	2.811683e-01	3.730004e-02	4.662505e-02	2.442401e-01	1.960304e-01	4.776638e-01	9.024414e-01
13172	9.212893e-01	4.905563e-01	2.796636e-02	3.495795e-02	1.831233e-01	9.032840e-02	6.570168e-01	7.220984e-01
354	4.464766e-01	6.822093e-01	2.605901e-02	3.257376e-02	1.706340e-01	1.177341e-01	4.329498e-01	9.225963e-01
6599	8.954037e-01	4.466417e-01	3.769518e-02	4.711898e-02	2.468275e-01	8.766696e-02	3.259120e-01	4.920429e-01
16709	6.538221e-01	6.932558e-01	2.391647e-02	2.989558e-02	1.566046e-01	6.302258e-02	8.427335e-01	6.321587e-01
13585	7.118636e-02	2.721369e-01	2.567236e-02	3.209044e-02	1.681022e-01	1.358214e-01	3.270926e-01	2.691325e-01
425	4.620231e-01	8.598974e-01	2.204705e-02	2.755881e-02	1.443637e-01	1.391613e-01	2.141212e-01	4.733647e-02
18130	3.861122e-01	3.706060e-01	3.983298e-02	4.979122e-02	2.608257e-01	2.389357e-01	1.516382e-01	1.496426e-02
7054	3.160948e-01	6.457560e-01	3.363259e-02	4.204074e-02	2.202257e-01	2.184088e-01	4.366076e-03	6.095036e-01
10721	9.733787e-01	3.882614e-01	2.307322e-02	2.884153e-02	1.510831e-01	1.495981e-01	7.500293e-01	4.147337e-01
12236	7.408813e-01	7.266721e-01	7.622552e-02	9.528190e-02	4.991235e-01	1.437339e-01	2.612791e-01	3.503798e-02
8675	6.586355e-01	5.301955e-01	6.126722e-02	7.658402e-02	4.011768e-01	1.266442e-01	5.755145e-01	6.159510e-01
14826	7.544862e-01	5.890780e-02	2.539336e-02	3.174170e-02	1.662753e-01	5.119634e-02	5.269084e-01	3.226740e-01
12448	1.568376e-01	8.822846e-01	3.039975e-02	3.799969e-02	1.990571e-01	1.724887e-01	3.123275e-01	9.685337e-01
774	5.055043e-01	6.008808e-01	5.900001e-02	7.375001e-02	3.863311e-01	3.402260e-01	4.815704e-01	2.242957e-02
1681	4.231344e-01	8.555638e-01	3.284354e-02	4.105443e-02	2.150590e-01	2.052699e-01	3.546843e-01	9.905649e-01
28030	6.477089e-01	8.779585e-01	2.131925e-02	2.664907e-02	1.395981e-01	5.151511e-02	9.264594e-02	3.053739e-01
9871	8.342483e-01	1.949279e-01	2.141856e-02	2.677320e-02	1.402484e-01	1.394562e-01	4.168231e-01	1.766589e-01
343	4.880870e-01	6.978268e-01	7.511900e-02	9.389875e-02	4.918780e-01	1.376225e-01	8.220329e-01	7.542738e-01
4588	1.647564e-01	7.779634e-01	2.353634e-02	2.942042e-02	1.541156e-01	1.115578e-01	6.848064e-01	5.134024e-01
28742	6.032273e-01	4.850548e-01	2.847750e-02	3.559688e-02	1.864702e-01	1.828850e-01	2.050876e-01	8.612474e-01
13444	1.991162e-01	5.877784e-01	6.292606e-02	7.865757e-02	4.120389e-01	2.995982e-01	2.181663e-01	6.316871e-01
24102	2.538715e-01	3.315724e-01	2.454179e-02	3.067723e-02	1.606992e-01	7.697471e-02	6.026351e-01	7.320266e-01
7100	7.399883e-02	4.019245e-01	2.084312e-02	2.605390e-02	1.364804e-01	9.930736e-02	6.384497e-01	6.215277e-01
26191	5.852421e-01	8.607873e-01	2.075009e-02	2.593761e-02	1.358713e-01	5.450966e-02	8.599558e-01	2.273563e-01
15820	9.449037e-01	4.527533e-01	2.957878e-02	3.697347e-02	1.936814e-01	8.210315e-02	6.338817e-01	3.948786e-01
10378	2.679554e-01	6.141005e-01	3.683342e-02	4.604177e-02	2.411846e-01	1.613721e-01	6.403902e-01	4.448258e-01
10670	2.535731e-01	8.613149e-01	7.862538e-02	9.828172e-02	5.148377e-01	5.032063e-01	1.544516e-01	8.369687e-01
30622	9.614127e-01	7.505037e-02	2.063481e-02	2.579351e-02	1.351164e-01	1.016461e-01	5.687192e-01	7.668186e-01
