24336	7.796421e-01	9.210381e-01	2.411369e-02	3.014211e-02	1.578960e-01	1.363938e-01	9.837032e-01	9.217258e-02
12158	2.555484e-01	8.973834e-01	3.197801e-02	3.997252e-02	2.093915e-01	1.574819e-01	1.233684e-01	2.007061e-01
15271	3.905576e-01	2.257560e-01	3.031878e-02	3.789848e-02	1.985269e-01	1.326789e-01	8.704048e-01	5.503760e-01
29737	6.016067e-01	4.645809e-01	2.426715e-02	3.033394e-02	1.589009e-01	1.006762e-01	6.956044e-01	1.911975e-01
28583	4.094111e-01	5.263092e-01	2.855843e-02	3.569803e-02	1.870001e-01	8.165444e-02	3.072009e-01	6.979551e-01
23120	1.087289e-01	7.112366e-01	5.232172e-02	6.540214e-02	3.426018e-01	1.201688e-01	4.650534e-01	3.413593e-01
28143	4.235138e-02	1.425636e-01	4.142713e-02	5.178391e-02	2.712642e-01	2.463145e-01	5.346112e-01	1.613093e-01
12084	6.956083e-01	6.931990e-01	2.152399e-02	2.690499e-02	1.409388e-01	1.364604e-01	3.729199e-01	6.074961e-01
11176	4.421908e-01	9.412829e-01	3.234999e-02	4.043749e-02	2.118273e-01	1.338199e-01	5.315517e-01	9.848313e-02
3544	8.135865e-01	5.793510e-01	2.980690e-02	3.725862e-02	1.951751e-01	1.897436e-01	4.052595e-01	6.376915e-01
31769	7.255397e-01	4.872225e-01	2.345447e-02	2.931809e-02	1.535795e-01	1.364211e-01	6.269710e-01	7.238053e-01
31966	7.328839e-01	8.051404e-01	3.473986e-02	4.342483e-02	2.274761e-01	2.274384e-01	8.383569e-01	5.924569e-01
7374	8.966802e-01	2.469337e-01	4.192619e-02	5.240774e-02	2.745320e-01	2.615444e-01	7.314128e-01	7.129435e-01
24139	4.651325e-01	5.846073e-01	4.081536e-02	5.101920e-02	2.672583e-01	2.603177e-01	9.085870e-01	2.242053e-01
24714	4.350875e-01	3.292411e-01	2.606290e-02	3.257862e-02	1.706594e-01	1.654910e-01	1.321732e-02	4.820788e-01
13765	6.815291e-01	3.126409e-01	3.984661e-02	4.980826e-02	2.609150e-01	6.828271e-02	6.898185e-02	9.919634e-01
32112	4.872273e-01	1.126951e-01	3.233507e-02	4.041884e-02	2.117295e-01	6.871502e-02	4.889052e-01	3.062490e-03
14962	8.173927e-01	3.233557e-01	2.366413e-02	2.958016e-02	1.549524e-01	1.310500e-01	7.167990e-01	3.740646e-01
22986	5.636825e-01	4.608656e-01	3.102722e-02	3.878403e-02	2.031658e-01	1.031927e-01	1.369079e-01	5.955096e-02
22596	9.009552e-01	3.750588e-01	5.433353e-02	6.791691e-02	3.557751e-01	2.361849e-01	5.038471e-01	1.228765e-01
26600	7.299493e-01	6.004040e-01	6.092997e-02	7.616247e-02	3.989685e-01	2.927563e-01	1.608941e-02	4.427503e-03
30930	6.105234e-01	2.543326e-01	2.350697e-02	2.938371e-02	1.539233e-01	8.805819e-02	2.203981e-01	5.280788e-01
4077	3.534371e-01	1.337613e-01	3.758531e-02	4.698164e-02	2.461080e-01	1.961506e-01	6.037931e-01	7.903118e-01
26054	2.340316e-01	6.162823e-01	2.079150e-02	2.598937e-02	1.361424e-01	1.319391e-01	8.608647e-01	4.393275e-01
10244	5.165498e-01	8.188558e-01	2.732742e-02	3.415927e-02	1.789395e-01	1.497745e-01	2.201463e-01	4.655866e-01
736	2.677135e-01	9.563001e-01	2.799072e-02	3.498840e-02	1.832828e-01	1.816896e-01	8.651660e-01	7.924089e-01
32728	6.964271e-02	3.459622e-01	3.402899e-02	4.253624e-02	2.228213e-01	2.228098e-01	3.269103e-01	8.151715e-01
31923	9.115109e-01	5.827404e-01	2.206906e-02	2.758633e-02	1.445079e-01	1.223071e-01	8.881708e-01	3.989654e-01
3381	8.231318e-01	8.188319e-01	3.961198e-02	4.951498e-02	2.593786e-01	1.913866e-01	9.049045e-01	7.370405e-01
4179	9.121794e-01	7.621776e-01	3.876735e-02	4.845919e-02	2.538480e-01	1.530654e-01	5.446056e-01	2.212539e-01
7912	3.824347e-01	5.567696e-01	3.117205e-02	3.896507e-02	2.041141e-01	2.041079e-01	1.909013e-01	7.161557e-01
13894	1.454142e-01	4.317782e-02	2.504710e-02	3.130887e-02	1.640080e-01	7.178435e-02	1.544234e-01	2.523191e-01
19856	5.977170e-01	5.738531e-01	2.219928e-02	2.774910e-02	1.453606e-01	1.441040e-01	4.804661e-01	1.620569e-01
2935	4.893961e-02	4.041726e-01	2.420677e-02	3.025846e-02	1.585055e-01	1.417954e-01	8.788475e-01	7.296886e-01
20683	4.131535e-01	5.794709e-01	2.969675e-02	3.712094e-02	1.944539e-01	8.239637e-02	2.241780e-01	3.166267e-01
15877	5.109305e-01	2.596231e-01	3.998227e-02	4.997784e-02	2.618033e-01	2.608220e-01	5.852612e-01	3.899726e-01
14561	8.739496e-01	6.066014e-01	3.967971e-02	4.959964e-02	2.598221e-01	2.177355e-01	8.932332e-01	1.961320e-01
963	5.546341e-01	1.136687e-01	5.005304e-02	6.256630e-02	3.277465e-01	1.386762e-01	8.050692e-01	9.460130e-01
29854	5.534015e-01	5.762425e-01	2.363247e-02	2.954059e-02	1.547451e-01	1.113774e-01	3.603163e-01	1.293334e-01
22347	5.235459e-01	1.720823e-01	2.782872e-02	3.478590e-02	1.822220e-01	1.127912e-01	8.200368e-01	2.352742e-01
25965	3.602160e-01	4.923913e-01	2.274520e-02	2.843151e-02	1.489352e-01	5.337725e-02	2.225403e-01	9.670276e-01
18461	4.557351e-01	1.965036e-01	3.329081e-02	4.161352e-02	2.179877e-01	8.533385e-02	3.942082e-02	2.444036e-01
11153	9.954592e-02	6.823454e-02	3.206423e-02	4.008029e-02	2.099561e-01	1.338279e-01	7.715741e-01	5.644772e-01
12967	7.812846e-01	6.820454e-01	2.425543e-02	3.031928e-02	1.588242e-01	1.485182e-01	1.131045e-01	2.924624e-02
7297	3.690542e-01	3.276919e-01	2.826553e-02	3.533192e-02	1.850823e-01	8.918480e-02	7.200485e-01	1.521356e-01
30217	7.527082e-02	2.391815e-01	3.489268e-02	4.361586e-02	2.284768e-01	1.575901e-01	4.455931e-01	5.390972e-01
15394	2.912416e-01	8.537348e-01	5.735839e-02	7.169799e-02	3.755819e-01	2.224859e-01	4.985750e-01	5.479845e-01
543	1.692876e-01	5.089861e-01	2.689259e-02	3.361574e-02	1.760923e-01	9.817764e-02	2.820137e-01	9.228976e-01
11467	8.075271e-01	4.604888e-01	2.751148e-02	3.438935e-02	1.801448e-01	9.335786e-02	5.348122e-01	9.348364e-01
14148	6.563420e-01	3.772666e-01	5.338799e-02	6.673499e-02	3.495837e-01	3.241240e-01	2.571289e-01	1.652622e-01
3620	6.509068e-01	1.066875e-01	2.128981e-02	2.661226e-02	1.394053e-01	1.315917e-01	8.149417e-01	7.223146e-01
13074	5.403101e-01	7.705784e-01	4.084731e-02	5.105914e-02	2.674675e-01	2.006993e-01	8.054069e-01	9.304711e-01
31045	5.776713e-01	7.386195e-01	2.299635e-02	2.874544e-02	1.505798e-01	1.405660e-01	6.116031e-01	3.202123e-01
3460	6.564151e-01	5.016671e-01	4.181111e-02	5.226389e-02	2.737785e-01	2.290937e-01	9.462726e-01	7.479341e-01
2886	9.481037e-01	1.396367e-01	4.779839e-02	5.974799e-02	3.129831e-01	1.582286e-01	2.744563e-01	8.465109e-01
30877	1.566578e-01	5.726386e-01	2.527485e-02	3.159356e-02	1.654993e-01	1.192359e-01	6.134932e-01	1.011310e-01
22052	9.435347e-01	6.484947e-01	4.531414e-02	5.664267e-02	2.967163e-01	9.961740e-02	8.568601e-01	3.835728e-01
19045	6.783484e-01	9.419718e-01	2.100435e-02	2.625544e-02	1.375362e-01	1.260016e-01	4.975634e-01	1.108960e-02
5337	8.422657e-01	9.129415e-01	3.880789e-02	4.850987e-02	2.541135e-01	1.115927e-01	9.634301e-01	4.097276e-01
24161	7.766042e-01	4.120243e-01	3.047647e-02	3.809559e-02	1.995595e-01	1.991767e-01	8.097231e-01	2.146000e-01
7639	4.835261e-01	4.946497e-01	2.592477e-02	3.240597e-02	1.697550e-01	1.553254e-01	8.094558e-01	8.385649e-01
12227	5.815302e-01	4.499549e-01	3.025733e-02	3.782167e-02	1.981245e-01	6.200479e-02	3.537910e-01	8.963327e-01
30717	1.046817e-01	4.670183e-01	2.407605e-02	3.009507e-02	1.576496e-01	1.517408e-01	9.652823e-01	9.683573e-01
28839	6.457785e-01	5.040715e-02	2.153375e-02	2.691719e-02	1.410027e-01	1.388406e-01	3.198718e-01	4.235039e-01
21282	2.913983e-01	4.228603e-02	4.047561e-02	5.059451e-02	2.650336e-01	1.387877e-01	9.860952e-01	1.517133e-01
23344	4.910803e-01	3.502060e-01	6.337891e-02	7.922363e-02	4.150041e-01	3.351630e-01	7.918935e-01	2.561629e-02
17183	2.228333e-01	9.397083e-01	2.683152e-02	3.353940e-02	1.756924e-01	5.395812e-02	3.598866e-02	5.092591e-01
29189	4.214955e-01	6.852207e-01	3.649581e-02	4.561976e-02	2.389740e-01	1.366482e-01	4.427311e-01	1.772318e-01
15296	8.531786e-01	3.538928e-01	2.314871e-02	2.893588e-02	1.515774e-01	1.152364e-01	1.368173e-01	8.846520e-01
1975	4.083005e-01	4.643890e-01	5.411228e-02	6.764036e-02	3.543264e-01	3.511034e-01	4.020286e-01	6.101047e-01
28300	5.331851e-01	4.221415e-01	3.792534e-02	4.740667e-02	2.483345e-01	9.775697e-02	3.245566e-01	1.612299e-01
9972	3.455903e-01	8.258229e-01	5.708192e-02	7.135240e-02	3.737715e-01	3.552568e-01	5.722493e-01	5.457398e-01
21614	2.864612e-01	4.745952e-01	3.824759e-02	4.780949e-02	2.504446e-01	2.481313e-01	2.617341e-01	6.844155e-01
21610	6.405032e-01	8.867942e-01	7.049296e-02	8.811619e-02	4.615868e-01	4.540574e-01	4.409440e-01	4.115818e-01
10690	9.619144e-01	6.757375e-01	2.499624e-02	3.124529e-02	1.636750e-01	4.914859e-02	5.614663e-01	1.663604e-02
19951	1.056154e-01	3.158894e-01	2.306618e-02	2.883273e-02	1.510370e-01	7.020591e-02	7.630674e-01	2.776731e-01
