29417	7.114756e-01	2.117581e-01	2.629382e-02	3.286727e-02	1.721715e-01	1.701518e-01	7.609393e-01	3.423303e-01
28515	5.914370e-01	3.252977e-01	3.235005e-02	4.043757e-02	2.118276e-01	1.757198e-01	2.548046e-01	3.593572e-01
5305	8.824163e-01	7.649818e-01	4.133413e-02	5.166766e-02	2.706552e-01	1.141425e-01	5.854765e-01	1.593527e-01
2949	2.319856e-01	8.056954e-01	5.646997e-02	7.058746e-02	3.697645e-01	3.695736e-01	5.391064e-01	6.720059e-01
10879	3.471770e-01	2.643544e-01	5.410020e-02	6.762525e-02	3.542472e-01	1.060912e-01	5.538758e-01	6.895464e-01
8628	6.179103e-01	3.266855e-01	2.208120e-02	2.760150e-02	1.445874e-01	6.296679e-02	2.949812e-01	4.226524e-01
11654	6.568508e-01	9.005283e-01	2.589901e-02	3.237377e-02	1.695863e-01	1.100607e-01	5.233635e-01	9.159563e-01
12988	4.930019e-01	9.388594e-01	3.411370e-02	4.264212e-02	2.233760e-01	1.572274e-01	8.369916e-01	2.799484e-01
20859	4.879500e-01	6.858978e-01	5.439207e-02	6.799009e-02	3.561585e-01	1.729069e-01	7.507556e-01	1.661221e-01
29397	2.528488e-01	6.855891e-01	2.150558e-02	2.688197e-02	1.408182e-01	1.374260e-01	5.998819e-01	5.019276e-01
19067	2.995998e-01	4.269377e-01	2.815153e-02	3.518942e-02	1.843358e-01	1.243882e-01	1.551985e-03	8.213013e-01
3875	7.710491e-01	3.004980e-01	3.077667e-02	3.847083e-02	2.015251e-01	1.537076e-01	7.896668e-01	8.503922e-01
21383	2.285867e-01	7.485114e-01	2.622726e-02	3.278408e-02	1.717357e-01	1.631201e-01	2.856110e-01	7.634998e-01
4348	5.241409e-01	3.886882e-02	2.747585e-02	3.434481e-02	1.799114e-01	1.621158e-01	4.740130e-01	5.599098e-01
28316	1.881155e-01	7.170963e-01	2.710947e-02	3.388684e-02	1.775124e-01	1.569875e-01	9.118737e-02	9.882822e-01
18507	2.423661e-01	2.074681e-01	2.060053e-02	2.575066e-02	1.348920e-01	1.064575e-01	4.159681e-01	9.200239e-01
7011	8.286647e-01	3.387918e-01	2.640949e-02	3.301186e-02	1.729289e-01	8.638384e-02	7.954259e-01	1.774645e-01
6268	4.057361e-01	3.496321e-01	2.286594e-02	2.858242e-02	1.497258e-01	5.451964e-02	5.527118e-01	1.345748e-01
10030	6.410657e-01	1.267565e-01	4.050055e-02	5.062569e-02	2.651970e-01	1.952223e-01	4.526861e-01	9.619637e-02
8068	5.083419e-01	8.592568e-01	7.532806e-02	9.416007e-02	4.932469e-01	4.932279e-01	3.870713e-01	5.071748e-01
14810	2.173819e-01	2.623482e-01	2.366962e-02	2.958702e-02	1.549883e-01	1.432506e-01	1.061384e-01	2.760332e-01
1283	7.078478e-01	5.758572e-01	3.090310e-02	3.862888e-02	2.023530e-01	1.143765e-01	2.307597e-01	2.308023e-01
31207	4.581781e-01	9.214455e-02	2.385652e-02	2.982065e-02	1.562121e-01	1.116370e-01	5.765884e-02	8.964356e-01
10268	1.667948e-01	4.681319e-01	5.431020e-02	6.788776e-02	3.556224e-01	3.555519e-01	9.373431e-01	4.376492e-01
2547	4.831356e-01	4.370297e-01	2.737519e-02	3.421899e-02	1.792523e-01	1.752838e-01	8.582321e-01	4.301605e-01
21786	1.562826e-01	7.342241e-01	7.598797e-02	9.498496e-02	4.975680e-01	2.239698e-01	3.026514e-01	2.113983e-01
20052	6.025276e-01	5.874894e-01	2.776693e-02	3.470867e-02	1.818174e-01	1.652074e-01	5.956847e-01	7.010501e-01
27459	8.095433e-01	5.962967e-01	2.879305e-02	3.599132e-02	1.885365e-01	6.597945e-02	6.861409e-01	9.867264e-01
32448	3.663916e-01	4.463718e-01	2.322807e-02	2.903509e-02	1.520970e-01	1.150800e-01	2.381536e-01	2.585875e-01
1662	8.637230e-01	4.424347e-01	6.397586e-02	7.996983e-02	4.189129e-01	4.174099e-01	3.536151e-01	1.052438e-01
8723	4.906921e-01	1.423010e-01	4.859316e-02	6.074145e-02	3.181873e-01	2.975215e-01	6.195055e-01	8.592027e-01
32587	3.604242e-01	5.860896e-01	5.136424e-02	6.420530e-02	3.363322e-01	2.370254e-01	5.917067e-01	3.079844e-01
7965	5.548881e-02	4.334331e-01	2.185933e-02	2.732416e-02	1.431346e-01	1.214743e-01	4.346516e-01	9.434511e-01
12683	3.009593e-01	5.909399e-02	3.015450e-02	3.769313e-02	1.974512e-01	1.269664e-01	4.709643e-01	9.028533e-01
26002	9.703773e-01	4.064145e-01	2.710310e-02	3.387887e-02	1.774707e-01	1.764929e-01	8.169288e-01	7.362108e-01
12322	3.175412e-01	1.735169e-01	2.389918e-02	2.987398e-02	1.564915e-01	1.470271e-01	4.477959e-01	9.660813e-01
1871	1.274421e-01	1.240993e-01	4.400662e-02	5.500827e-02	2.881547e-01	2.836503e-01	6.228155e-01	9.711085e-01
27032	3.368347e-01	7.941334e-01	2.492856e-02	3.116071e-02	1.632319e-01	1.628521e-01	4.973750e-01	2.051067e-01
19013	4.145659e-01	9.165676e-01	2.248427e-02	2.810533e-02	1.472266e-01	1.358077e-01	5.385969e-02	7.929864e-01
3894	5.688527e-02	9.140452e-01	5.023626e-02	6.279533e-02	3.289463e-01	3.045183e-01	8.014991e-02	7.161504e-01
27281	1.574746e-01	8.247377e-01	3.745150e-02	4.681437e-02	2.452318e-01	2.166874e-01	2.477748e-01	9.964359e-01
1475	2.924486e-01	3.213869e-01	2.776386e-02	3.470483e-02	1.817973e-01	6.049988e-02	6.728091e-01	5.284908e-01
28835	7.744876e-01	8.511601e-01	2.210048e-02	2.762560e-02	1.447136e-01	1.133783e-01	9.619305e-01	4.138399e-01
8311	9.411309e-01	8.846319e-01	3.459070e-02	4.323838e-02	2.264994e-01	7.074658e-02	7.536815e-01	7.197917e-01
15168	3.618998e-01	1.005651e-01	4.899748e-02	6.124685e-02	3.208347e-01	1.334559e-01	1.749889e-01	2.273646e-01
11366	5.300988e-01	6.790717e-01	2.184431e-02	2.730538e-02	1.430362e-01	8.162712e-02	2.128711e-01	7.163340e-01
29039	7.466823e-01	4.231672e-01	3.854275e-02	4.817843e-02	2.523773e-01	2.502172e-01	7.281225e-01	3.528259e-02
30943	2.013163e-01	1.501105e-01	5.423003e-02	6.778753e-02	3.550974e-01	2.923030e-01	1.052430e-01	8.263358e-01
12915	6.151809e-01	6.240844e-01	2.841071e-02	3.551339e-02	1.860329e-01	1.190858e-01	2.052875e-02	4.825320e-01
2203	8.268984e-01	6.612096e-01	7.454146e-02	9.317683e-02	4.880963e-01	3.142815e-01	8.908715e-01	2.215827e-01
567	2.831960e-02	1.996143e-01	2.654388e-02	3.317985e-02	1.738089e-01	1.099853e-01	6.668427e-01	7.035564e-01
14603	3.662691e-01	3.103796e-01	4.248399e-02	5.310499e-02	2.781845e-01	8.333455e-02	4.542026e-01	7.901178e-01
11660	2.709169e-01	5.125881e-01	3.487728e-02	4.359660e-02	2.283759e-01	1.876164e-01	4.614239e-01	5.523097e-01
24416	6.290381e-01	9.634370e-01	2.811203e-02	3.514004e-02	1.840772e-01	6.439353e-02	7.920241e-01	2.299703e-04
16948	2.914671e-01	8.528042e-01	2.594814e-02	3.243517e-02	1.699080e-01	8.307046e-02	2.896910e-01	8.790960e-03
27290	1.535480e-01	2.170339e-01	5.624816e-02	7.031019e-02	3.683120e-01	9.712413e-02	3.915441e-01	8.874748e-01
13313	2.617637e-02	4.505728e-01	2.219699e-02	2.774624e-02	1.453455e-01	1.253660e-01	4.871271e-01	5.402893e-01
20836	7.307120e-01	9.266055e-01	2.116237e-02	2.645296e-02	1.385708e-01	1.268630e-01	1.086245e-01	6.271135e-01
2638	7.602898e-01	4.999510e-01	2.656187e-02	3.320234e-02	1.739267e-01	1.734684e-01	3.267872e-01	1.593700e-01
23976	3.197397e-01	6.671225e-01	6.856364e-02	8.570455e-02	4.489536e-01	2.059297e-01	3.210422e-01	6.548212e-01
30099	5.228380e-01	8.078956e-02	2.274211e-02	2.842764e-02	1.489150e-01	1.469607e-01	2.655010e-01	2.135802e-01
11952	4.168308e-01	8.331138e-01	6.998552e-02	8.748189e-02	4.582641e-01	4.335349e-01	1.791268e-01	5.370471e-01
8838	2.464908e-01	4.637995e-01	2.956892e-02	3.696115e-02	1.936168e-01	1.490575e-01	2.771662e-01	5.279960e-01
29901	7.301770e-01	9.518523e-02	2.328329e-02	2.910411e-02	1.524586e-01	1.387421e-01	5.952453e-01	3.411786e-01
11802	4.223454e-01	1.205173e-01	2.849118e-02	3.561398e-02	1.865598e-01	1.154417e-01	7.175993e-01	7.656028e-01
6103	6.548570e-01	9.376798e-01	2.274180e-02	2.842725e-02	1.489129e-01	9.948107e-02	2.163743e-01	8.753585e-01
22513	6.494786e-01	8.460544e-02	2.897203e-02	3.621504e-02	1.897084e-01	1.152770e-01	8.958489e-01	7.526334e-01
16302	5.249104e-01	2.568146e-01	7.027043e-02	8.783804e-02	4.601297e-01	4.572265e-01	8.467150e-01	6.753812e-01
24240	1.675355e-01	2.781301e-01	2.617365e-02	3.271706e-02	1.713846e-01	8.230341e-02	1.075664e-01	5.695603e-02
12287	1.244413e-01	3.411296e-01	2.938160e-02	3.672700e-02	1.923903e-01	7.839605e-02	5.261612e-02	3.317599e-01
10210	4.121040e-02	1.634862e-01	2.446834e-02	3.058543e-02	1.602183e-01	1.045663e-01	8.065727e-01	9.535761e-01
27469	5.697613e-01	7.136184e-01	2.668497e-02	3.335621e-02	1.747328e-01	7.226738e-02	4.066567e-01	2.319737e-01
6330	1.109950e-01	1.736943e-01	2.589611e-02	3.237014e-02	1.695673e-01	1.688214e-01	9.602901e-01	2.943219e-01
13083	2.813745e-01	6.771350e-01	3.900639e-02	4.875799e-02	2.554132e-01	9.560990e-02	4.875934e-01	5.724443e-01
1786	5.506190e-01	5.538356e-01	4.795333e-02	5.994166e-02	3.139977e-01	2.317217e-01	9.060574e-01	7.252289e-01
22803	2.635109e-01	4.268913e-01	2.407260e-02	3.009076e-02	1.576270e-01	7.248412e-02	9.567872e-01	4.341121e-01
3519	8.081599e-01	4.339263e-01	2.359279e-02	2.949099e-02	1.544853e-01	1.493061e-01	9.738351e-01	8.094922e-01
20526	8.025141e-01	7.140721e-02	3.922094e-02	4.902617e-02	2.568181e-01	1.171770e-01	9.813955e-01	3.591069e-01
6335	2.850049e-01	3.790557e-01	2.726236e-02	3.407795e-02	1.785135e-01	6.961817e-02	8.370010e-01	4.639101e-01
6096	7.421752e-01	3.327921e-01	2.267860e-02	2.834825e-02	1.484991e-01	9.703818e-02	5.949186e-01	5.698924e-02
