31106	3.359662e-01	1.840446e-01	6.923606e-02	8.654507e-02	4.533566e-01	3.466714e-01	1.741854e-01	1.072570e-01
22421	5.301973e-01	6.180132e-01	6.803841e-02	8.504801e-02	4.455145e-01	3.083741e-01	1.800722e-01	4.703357e-01
26108	5.680189e-01	3.128071e-01	5.211207e-02	6.514009e-02	3.412290e-01	3.411074e-01	3.644852e-01	7.850890e-01
24406	5.978811e-01	8.726492e-01	4.764863e-02	5.956079e-02	3.120025e-01	2.860540e-01	4.692258e-01	3.827473e-01
16282	4.712333e-01	6.561604e-02	2.514446e-02	3.143058e-02	1.646456e-01	1.646253e-01	8.748749e-01	4.312680e-01
11711	8.732185e-01	8.219122e-01	3.958809e-02	4.948512e-02	2.592222e-01	2.534052e-01	4.566869e-01	6.844334e-01
19561	1.786427e-01	9.022170e-01	2.923192e-02	3.653990e-02	1.914101e-01	1.612350e-01	2.175939e-01	7.129711e-02
27467	8.156585e-01	1.755786e-01	4.046033e-02	5.057541e-02	2.649336e-01	2.318910e-01	2.348947e-01	6.275896e-01
29812	4.620930e-01	7.933879e-01	2.471755e-02	3.089694e-02	1.618501e-01	8.644208e-02	7.410373e-01	4.296227e-01
8659	8.878221e-01	8.655453e-01	2.449229e-02	3.061537e-02	1.603752e-01	1.603671e-01	3.253548e-01	3.007132e-02
17582	7.879768e-01	3.435343e-01	2.529884e-02	3.162356e-02	1.656564e-01	1.093489e-01	2.625713e-01	4.042178e-01
2862	1.439616e-01	5.801379e-01	2.778687e-02	3.473359e-02	1.819480e-01	1.310242e-01	9.854947e-01	6.994299e-01
18535	6.415030e-01	6.711183e-01	3.796816e-02	4.746020e-02	2.486149e-01	2.451213e-01	4.988982e-01	7.397635e-01
20411	5.234748e-02	3.030793e-01	2.890556e-02	3.613195e-02	1.892731e-01	1.494439e-01	7.677980e-01	6.768395e-01
11997	4.152859e-01	4.435969e-01	6.388162e-02	7.985203e-02	4.182959e-01	1.347374e-01	1.358794e-01	9.593526e-01
3677	9.417830e-01	7.509303e-01	4.232986e-02	5.291233e-02	2.771753e-01	2.234567e-01	5.480052e-01	6.064843e-01
4260	9.505555e-01	6.278175e-01	5.093146e-02	6.366432e-02	3.334984e-01	2.883677e-01	8.159569e-01	6.943105e-02
9221	9.196531e-01	5.129146e-01	7.353698e-02	9.192122e-02	4.815190e-01	4.442647e-01	4.423661e-01	2.770577e-01
29356	4.857702e-02	8.201033e-01	2.736199e-02	3.420249e-02	1.791659e-01	1.601337e-01	8.127169e-03	6.739795e-01
17183	7.689556e-01	5.535369e-01	4.640944e-02	5.801180e-02	3.038883e-01	2.854419e-01	8.789254e-01	4.719753e-01
27149	4.726863e-01	7.544599e-01	3.139163e-02	3.923953e-02	2.055519e-01	1.068233e-01	4.809982e-01	3.187750e-01
12236	7.829402e-02	4.366145e-01	4.704429e-02	5.880537e-02	3.080453e-01	2.489175e-01	3.793824e-01	5.531392e-01
12542	1.628731e-01	6.272135e-01	4.112638e-02	5.140798e-02	2.692949e-01	2.596479e-01	6.673726e-01	4.177863e-01
23002	6.467309e-01	4.287502e-01	6.269900e-02	7.837374e-02	4.105521e-01	4.037663e-01	5.770848e-01	6.494375e-01
30742	4.219728e-01	6.790724e-01	3.010829e-02	3.763536e-02	1.971486e-01	1.165396e-01	3.529761e-01	2.827113e-01
3545	7.754745e-01	8.780939e-01	2.459396e-02	3.074245e-02	1.610409e-01	1.037164e-01	7.897759e-01	2.977646e-02
27878	7.035330e-01	9.555877e-02	4.306925e-02	5.383656e-02	2.820168e-01	1.158984e-01	8.843269e-01	3.111845e-01
28919	8.376672e-02	3.409126e-01	3.100144e-02	3.875181e-02	2.029970e-01	1.903880e-01	6.183070e-01	9.437708e-01
14452	9.262363e-01	6.898618e-01	3.158451e-02	3.948063e-02	2.068149e-01	6.351654e-02	4.304001e-01	8.178019e-01
23419	9.454108e-01	3.841534e-01	2.843066e-02	3.553832e-02	1.861635e-01	1.840857e-01	5.830303e-01	6.561024e-01
23787	5.414942e-01	9.315021e-02	4.066442e-02	5.083052e-02	2.662700e-01	1.768061e-01	8.717176e-01	4.574417e-01
6541	9.153124e-02	5.335673e-01	2.174039e-02	2.717548e-02	1.423557e-01	1.404719e-01	9.610328e-02	7.614071e-01
21941	1.661330e-01	3.860196e-01	4.413504e-02	5.516879e-02	2.889955e-01	2.848107e-01	1.310119e-01	8.829175e-01
19620	8.869972e-01	6.660231e-01	2.689354e-02	3.361693e-02	1.760985e-01	1.257146e-01	4.896802e-01	7.533812e-01
7337	6.175904e-01	5.267957e-01	2.224384e-02	2.780480e-02	1.456523e-01	8.941495e-02	4.614846e-01	9.169475e-01
29514	2.147405e-01	5.951053e-01	3.567423e-02	4.459279e-02	2.335943e-01	9.289705e-02	1.287651e-01	3.977291e-01
25984	6.151509e-02	1.118631e-01	2.125704e-02	2.657130e-02	1.391907e-01	1.048668e-01	1.875861e-01	1.525524e-01
21627	9.650572e-01	5.062382e-01	2.683735e-02	3.354669e-02	1.757305e-01	8.750950e-02	3.469586e-01	4.892155e-01
29512	3.051148e-01	7.864862e-01	6.117757e-02	7.647196e-02	4.005898e-01	3.914694e-01	1.016921e-01	3.686915e-02
10395	3.670640e-01	8.939640e-02	5.539726e-02	6.924658e-02	3.627404e-01	3.442063e-01	6.675709e-01	2.959923e-01
16524	3.243967e-01	5.015832e-01	5.321242e-02	6.651552e-02	3.484341e-01	1.498432e-01	8.637356e-02	8.180588e-01
9662	4.012380e-01	2.446132e-01	3.035584e-02	3.794480e-02	1.987696e-01	1.631674e-01	1.855412e-01	6.836532e-01
27539	3.437545e-01	5.965659e-01	2.396721e-02	2.995901e-02	1.569369e-01	1.260857e-01	3.560257e-01	7.158599e-01
30046	8.438472e-01	3.344127e-01	3.470853e-02	4.338567e-02	2.272709e-01	1.606506e-01	5.418976e-01	3.696082e-01
3245	3.743158e-01	8.368535e-01	2.591974e-02	3.239967e-02	1.697220e-01	4.763740e-02	2.630029e-01	1.555351e-01
1866	8.723189e-01	9.032653e-01	2.693115e-02	3.366393e-02	1.763447e-01	1.730357e-01	3.543712e-01	2.556144e-01
21679	2.624967e-01	5.037863e-01	2.211979e-02	2.764973e-02	1.448400e-01	8.558273e-02	5.260470e-02	3.865171e-01
12732	5.831373e-01	4.246785e-01	2.677680e-02	3.347099e-02	1.753340e-01	6.071312e-02	3.150513e-01	4.034234e-01
20732	8.170752e-01	7.330153e-01	7.129251e-02	8.911563e-02	4.668222e-01	3.067367e-01	9.752590e-01	1.011939e-02
31198	6.728220e-01	3.544765e-01	2.327203e-02	2.909003e-02	1.523849e-01	5.315046e-02	7.564910e-01	8.104302e-01
30682	6.353852e-01	7.122810e-01	2.569778e-02	3.212222e-02	1.682687e-01	1.229883e-01	1.426931e-01	5.564389e-01
22924	1.847064e-01	7.496383e-01	2.965036e-02	3.706295e-02	1.941501e-01	1.526254e-01	2.831367e-01	9.706397e-01
22616	4.693773e-01	9.211469e-01	3.594164e-02	4.492705e-02	2.353453e-01	1.795146e-01	9.237376e-01	7.953400e-01
13614	1.515807e-01	8.267596e-01	3.034068e-02	3.792585e-02	1.986703e-01	1.974877e-01	3.381865e-01	6.085579e-01
30336	6.445132e-01	2.736695e-01	6.116214e-02	7.645268e-02	4.004888e-01	3.043710e-01	4.120919e-01	5.359063e-01
28753	4.877481e-01	4.407141e-01	3.243307e-02	4.054133e-02	2.123712e-01	1.149760e-01	9.214694e-01	7.417230e-01
17452	9.064737e-01	1.611415e-01	2.066662e-02	2.583328e-02	1.353247e-01	1.273064e-01	9.544587e-01	8.624346e-01
26674	4.275826e-01	6.039742e-01	2.091066e-02	2.613833e-02	1.369227e-01	1.150527e-01	3.169501e-01	1.994448e-01
29112	5.355428e-02	7.014227e-01	3.094510e-02	3.868138e-02	2.026280e-01	1.865821e-01	5.969206e-01	5.214674e-02
26295	2.457610e-01	5.844363e-01	2.323533e-02	2.904416e-02	1.521446e-01	1.262968e-01	6.187165e-01	4.610932e-01
1940	2.221483e-01	7.124485e-02	2.801457e-02	3.501821e-02	1.834390e-01	1.290605e-01	9.658968e-01	2.237555e-01
8370	3.899366e-01	8.818078e-01	2.591384e-02	3.239229e-02	1.696834e-01	1.034424e-01	2.177519e-01	2.766943e-02
26097	5.407871e-01	5.317189e-01	5.478740e-02	6.848425e-02	3.587471e-01	2.400397e-01	8.306251e-01	2.096449e-01
15166	7.987457e-01	4.554070e-01	2.218819e-02	2.773523e-02	1.452879e-01	8.640122e-02	7.141771e-01	5.423032e-01
13552	7.824510e-01	2.047641e-01	2.438381e-02	3.047976e-02	1.596648e-01	1.060144e-01	4.162628e-01	3.918769e-01
8359	5.975915e-01	4.131813e-01	3.061007e-02	3.826259e-02	2.004343e-01	9.728061e-02	3.912782e-01	1.976171e-01
12824	3.705270e-01	5.245834e-01	2.401038e-02	3.001297e-02	1.572196e-01	9.214231e-02	5.893272e-01	2.692685e-01
8348	2.237262e-01	7.007795e-01	4.584220e-02	5.730275e-02	3.001740e-01	2.948678e-01	2.343221e-01	4.394060e-01
7858	9.594352e-01	7.936331e-01	2.164097e-02	2.705121e-02	1.417047e-01	9.209384e-02	3.260022e-01	1.168112e-01
1866	4.185899e-01	2.082364e-01	4.398686e-02	5.498357e-02	2.880253e-01	2.192962e-01	1.939882e-01	8.759325e-01
17332	4.655823e-02	8.935579e-01	4.164850e-02	5.206063e-02	2.727137e-01	2.632221e-01	4.581837e-01	1.229878e-02
20514	3.117736e-01	6.682761e-01	5.783169e-02	7.228962e-02	3.786810e-01	3.741596e-01	7.404841e-01	9.857380e-01
25955	5.037538e-01	7.049830e-01	2.633939e-02	3.292424e-02	1.724699e-01	1.633630e-01	3.381956e-01	3.972413e-01
