2984	1.066267e-01	1.093845e-01	2.058569e-02	2.573211e-02	1.347948e-01	1.156298e-01	7.908697e-01	9.883656e-02
6545	6.484537e-01	6.758288e-01	7.124714e-02	8.905893e-02	4.665252e-01	3.138035e-01	5.647143e-01	1.284437e-01
29305	7.264730e-01	7.052151e-01	2.435720e-02	3.044650e-02	1.594906e-01	1.228887e-01	7.602060e-01	9.553533e-01
27082	1.985586e-01	8.256208e-01	3.515669e-02	4.394586e-02	2.302055e-01	2.291395e-01	8.618149e-01	3.718498e-01
7943	6.460555e-02	3.641057e-01	3.958686e-02	4.948357e-02	2.592141e-01	1.875282e-01	2.365825e-01	7.245806e-01
954	7.394158e-01	6.193317e-01	2.975737e-02	3.719671e-02	1.948508e-01	1.940851e-01	8.696398e-01	2.178984e-01
23228	3.437157e-01	9.545702e-01	2.282075e-02	2.852594e-02	1.494299e-01	1.247832e-01	1.188758e-01	7.101576e-01
20787	9.475477e-01	1.163498e-01	2.318759e-02	2.898448e-02	1.518319e-01	6.044278e-02	6.632483e-01	6.043330e-01
30906	3.211423e-02	1.310695e-01	2.853817e-02	3.567271e-02	1.868675e-01	5.280944e-02	7.071520e-01	4.362246e-02
27591	4.502176e-01	2.307768e-01	5.594967e-02	6.993709e-02	3.663576e-01	2.704227e-01	1.443629e-01	9.304553e-01
16666	5.596178e-01	7.189046e-01	2.324456e-02	2.905570e-02	1.522050e-01	1.490454e-01	4.391323e-01	8.714230e-01
26502	7.539494e-01	2.768861e-01	3.796107e-02	4.745134e-02	2.485685e-01	1.978730e-01	1.563615e-01	2.958231e-01
2453	5.918812e-01	1.735541e-01	2.554306e-02	3.192882e-02	1.672556e-01	9.831402e-02	1.098161e-01	9.595730e-01
29724	6.111130e-01	9.036312e-01	2.121478e-02	2.651848e-02	1.389141e-01	1.008657e-01	2.863852e-02	7.654410e-01
24163	3.813214e-01	4.382058e-01	2.053824e-02	2.567279e-02	1.344840e-01	7.005200e-02	2.099151e-02	8.607239e-01
20687	1.076674e-01	6.431308e-01	2.630624e-02	3.288280e-02	1.722529e-01	7.032461e-02	1.890019e-01	1.495470e-03
24517	2.407389e-01	4.149883e-02	3.419350e-02	4.274188e-02	2.238985e-01	1.208724e-01	2.231900e-01	3.918491e-01
12235	5.036333e-01	3.732935e-01	2.859960e-02	3.574950e-02	1.872697e-01	1.810368e-01	9.930173e-01	5.026487e-01
16691	6.799258e-01	3.020500e-01	4.162951e-02	5.203689e-02	2.725894e-01	2.057430e-01	4.494414e-03	2.616398e-02
8981	8.879316e-01	3.885265e-01	6.204084e-02	7.755105e-02	4.062425e-01	4.016337e-01	7.866566e-01	7.816957e-01
4038	8.925686e-01	5.898521e-01	4.347312e-02	5.434140e-02	2.846613e-01	1.835375e-01	9.924297e-01	6.112452e-01
24906	1.069712e-01	4.611479e-01	2.739856e-02	3.424821e-02	1.794054e-01	7.864290e-02	1.841010e-01	1.253118e-01
14501	8.686995e-01	9.743801e-02	3.802502e-02	4.753127e-02	2.489872e-01	2.071920e-01	5.461022e-01	9.358000e-02
11005	6.941155e-01	7.011434e-01	2.773724e-02	3.467156e-02	1.816230e-01	1.284904e-01	1.969567e-01	4.854180e-01
23907	4.423093e-01	9.690990e-01	2.298738e-02	2.873422e-02	1.505210e-01	1.474016e-01	7.603429e-02	3.135829e-01
14184	5.875726e-01	6.324959e-01	6.437059e-02	8.046324e-02	4.214976e-01	1.422540e-01	1.585911e-01	4.175847e-01
32156	5.623870e-01	4.720271e-01	2.851164e-02	3.563955e-02	1.866937e-01	1.737366e-01	5.691372e-01	4.555455e-01
24699	1.144914e-01	4.106939e-01	2.349303e-02	2.936629e-02	1.538320e-01	1.433104e-01	4.638331e-01	9.656218e-01
23725	7.699974e-01	3.928367e-01	2.511461e-02	3.139326e-02	1.644501e-01	1.531885e-01	3.396132e-01	7.274106e-01
9217	8.603506e-01	1.733025e-01	4.479815e-02	5.599769e-02	2.933376e-01	2.775368e-01	3.308169e-01	9.730746e-01
11353	5.418688e-01	2.659570e-01	2.505176e-02	3.131470e-02	1.640385e-01	1.636394e-01	3.982996e-01	9.705254e-01
12028	5.465219e-01	1.308490e-01	5.051855e-02	6.314819e-02	3.307947e-01	1.452017e-01	2.602299e-01	2.200377e-01
11754	4.822826e-02	6.098117e-01	2.158089e-02	2.697612e-02	1.413114e-01	7.583622e-02	1.706654e-01	1.162249e-01
23988	2.891306e-01	7.890192e-01	3.819382e-02	4.774228e-02	2.500926e-01	1.865301e-01	9.809257e-01	1.636285e-01
6570	9.548774e-01	3.654160e-01	2.124685e-02	2.655857e-02	1.391241e-01	1.175296e-01	3.927509e-01	4.202074e-01
19464	2.630786e-01	2.007166e-01	2.115213e-02	2.644016e-02	1.385038e-01	6.615827e-02	4.077054e-01	2.248850e-01
23117	7.366424e-01	7.810992e-01	5.499188e-02	6.873985e-02	3.600860e-01	2.663753e-01	7.647666e-01	9.252987e-01
27539	3.963322e-01	6.416373e-01	6.242245e-02	7.802806e-02	4.087412e-01	3.492912e-01	2.115877e-01	4.683582e-01
14196	2.719235e-01	6.070287e-01	6.820842e-02	8.526052e-02	4.466277e-01	1.453482e-01	6.906759e-01	2.331162e-01
22803	2.850950e-01	9.479482e-01	2.503760e-02	3.129700e-02	1.639458e-01	1.034279e-01	2.780345e-03	1.572835e-01
12639	7.530229e-02	6.806320e-01	2.456396e-02	3.070495e-02	1.608444e-01	1.149578e-01	2.796975e-01	2.686453e-01
11294	5.811436e-01	3.023105e-01	4.541660e-02	5.677075e-02	2.973872e-01	9.515852e-02	8.164166e-01	9.950154e-01
27693	3.008070e-01	7.310957e-02	4.990961e-02	6.238701e-02	3.268073e-01	2.196681e-01	3.631529e-01	8.022389e-01
19772	7.124626e-01	2.026475e-01	2.097931e-02	2.622414e-02	1.373722e-01	1.349211e-01	6.898231e-01	4.812722e-01
31215	6.403178e-01	4.366372e-01	6.463387e-02	8.079234e-02	4.232216e-01	2.806204e-01	6.431712e-01	2.995881e-01
29607	3.509814e-01	4.973944e-01	6.533615e-02	8.167018e-02	4.278201e-01	4.141251e-01	3.602297e-01	7.651856e-01
15923	3.980000e-01	2.470357e-01	3.582011e-02	4.477514e-02	2.345495e-01	1.314303e-01	2.822477e-01	4.261909e-01
13560	7.793514e-01	8.944046e-01	2.630097e-02	3.287621e-02	1.722183e-01	9.811439e-02	7.456283e-01	6.367782e-01
30282	3.532637e-02	2.883292e-01	3.484340e-02	4.355425e-02	2.281540e-01	1.674182e-01	9.679406e-01	7.860176e-01
28902	2.126663e-01	2.116804e-01	2.806218e-02	3.507772e-02	1.837507e-01	1.001521e-01	3.448763e-01	1.759136e-01
29136	5.462368e-01	2.166842e-01	2.597244e-02	3.246555e-02	1.700671e-01	1.690624e-01	7.767270e-01	7.287222e-01
10180	4.556155e-01	6.503993e-01	2.318036e-02	2.897545e-02	1.517846e-01	1.353642e-01	8.197240e-01	2.172224e-01
5994	8.048057e-01	2.254539e-01	2.255272e-02	2.819090e-02	1.476749e-01	8.593333e-02	3.332082e-01	5.369712e-01
586	9.723455e-01	9.280004e-02	2.288349e-02	2.860437e-02	1.498408e-01	1.494901e-01	1.762411e-01	3.549185e-01
30688	6.931315e-01	2.247392e-01	2.301885e-02	2.877356e-02	1.507270e-01	1.306647e-01	9.417541e-01	7.615857e-02
29372	4.190705e-01	4.861781e-01	3.164190e-02	3.955237e-02	2.071907e-01	2.061065e-01	4.875148e-01	7.460836e-02
27079	6.925003e-01	9.478633e-01	2.890392e-02	3.612990e-02	1.892624e-01	1.253035e-01	3.143629e-01	8.621509e-01
28185	3.176628e-01	3.369693e-01	2.917071e-02	3.646338e-02	1.910093e-01	9.670267e-02	6.590649e-01	9.315627e-01
29565	8.786791e-01	8.741887e-01	7.068042e-02	8.835053e-02	4.628143e-01	3.685972e-01	8.229102e-01	8.556985e-01
4762	6.368059e-01	9.427397e-02	3.413737e-02	4.267171e-02	2.235309e-01	1.364911e-01	5.566856e-01	7.555973e-01
11610	4.824423e-01	9.638285e-01	2.564783e-02	3.205979e-02	1.679416e-01	1.437169e-01	6.237074e-01	5.928075e-02
438	8.934617e-02	2.317268e-01	5.427421e-02	6.784277e-02	3.553867e-01	2.870004e-01	5.085205e-01	4.131730e-01
9661	1.691220e-01	3.290473e-01	5.897419e-02	7.371773e-02	3.861621e-01	2.516505e-01	2.655851e-01	9.193884e-01
2905	8.661059e-01	4.472181e-01	3.413026e-02	4.266283e-02	2.234844e-01	9.819503e-02	1.754141e-01	3.732019e-01
19662	7.129708e-01	4.751491e-01	2.400273e-02	3.000342e-02	1.571695e-01	4.727361e-02	5.414031e-01	5.995618e-01
29096	9.636489e-01	2.456340e-01	2.261943e-02	2.827428e-02	1.481116e-01	1.291021e-01	8.763032e-01	7.833283e-01
23907	4.018840e-01	8.308918e-01	2.125533e-02	2.656916e-02	1.391796e-01	1.134300e-01	4.548005e-01	7.963661e-01
11296	6.201442e-01	8.241997e-01	3.440848e-02	4.301061e-02	2.253062e-01	2.252871e-01	5.682505e-01	1.695917e-01
5105	1.385697e-01	9.039813e-01	2.864374e-02	3.580468e-02	1.875588e-01	1.720733e-01	6.464784e-01	3.159495e-02
25507	9.329389e-01	5.929693e-01	2.357318e-02	2.946647e-02	1.543568e-01	4.121438e-02	3.441447e-01	2.744397e-01
5470	3.303400e-01	8.659484e-01	3.339236e-02	4.174044e-02	2.186526e-01	1.847070e-01	1.779550e-01	8.183936e-01
26284	5.125285e-01	9.076947e-01	4.287189e-02	5.358986e-02	2.807245e-01	8.700899e-02	4.999792e-01	7.160591e-01
13067	7.944508e-02	8.068153e-01	5.998169e-02	7.497712e-02	3.927592e-01	3.918792e-01	6.625851e-01	7.036387e-01
32041	4.081588e-01	4.473870e-01	3.083492e-02	3.854365e-02	2.019066e-01	1.427441e-01	5.147194e-02	6.223338e-01
31875	9.421494e-01	1.605455e-01	4.350773e-02	5.438467e-02	2.848880e-01	8.406462e-02	8.934544e-01	2.235022e-01
17712	2.730657e-01	2.995195e-01	3.610659e-02	4.513324e-02	2.364254e-01	1.940148e-01	2.178687e-01	3.458434e-01
25682	4.076705e-01	5.460083e-01	2.477279e-02	3.096599e-02	1.622118e-01	1.521334e-01	8.467729e-01	7.785413e-01
2850	6.732035e-01	8.214944e-01	3.269348e-02	4.086685e-02	2.140764e-01	1.294800e-01	7.645235e-01	2.588414e-01
16964	8.024570e-01	3.349010e-02	2.748118e-02	3.435147e-02	1.799463e-01	7.006523e-02	9.845569e-01	6.136916e-01
9037	7.792170e-01	3.357267e-01	2.437928e-02	3.047410e-02	1.596351e-01	1.545108e-01	3.518028e-01	2.577476e-01
27544	6.491945e-01	8.868833e-01	5.004886e-02	6.256107e-02	3.277191e-01	2.529058e-01	2.594936e-01	6.462799e-01
18994	3.357398e-01	8.294876e-01	2.554665e-02	3.193331e-02	1.672790e-01	9.167626e-02	3.451015e-01	1.883558e-01
