11098	3.542572e-01	5.576749e-01	4.929165e-02	6.161456e-02	3.227609e-01	1.726945e-01	3.764125e-01	1.594362e-01
13519	6.924608e-01	7.662437e-01	2.894269e-02	3.617837e-02	1.895163e-01	1.894397e-01	8.279782e-01	6.403166e-01
26295	8.586673e-01	5.383390e-01	5.549728e-02	6.937160e-02	3.633954e-01	2.962332e-01	6.963820e-01	6.401875e-01
11023	3.460537e-01	6.729170e-01	4.181301e-02	5.226626e-02	2.737909e-01	2.588156e-01	3.818880e-01	1.253997e-01
31186	7.385601e-01	7.705913e-01	2.155893e-02	2.694866e-02	1.411675e-01	8.169447e-02	7.880773e-01	9.858041e-01
25073	2.791441e-01	2.939383e-01	7.703147e-02	9.628933e-02	5.044008e-01	4.932446e-01	6.879047e-02	2.462003e-01
18964	5.405617e-01	3.364535e-01	5.808151e-02	7.260189e-02	3.803169e-01	2.410285e-01	5.649680e-01	1.589127e-02
26792	5.309365e-01	1.795827e-01	2.272133e-02	2.840166e-02	1.487789e-01	1.359975e-01	2.748810e-01	3.142270e-01
27075	5.796895e-01	7.381421e-01	4.436769e-02	5.545961e-02	2.905189e-01	2.835299e-01	5.596930e-01	3.034415e-01
17103	2.665703e-01	9.549765e-01	2.291916e-02	2.864895e-02	1.500743e-01	1.488234e-01	3.625058e-01	5.886935e-01
25041	1.318301e-01	6.498944e-01	6.855855e-02	8.569819e-02	4.489203e-01	3.919053e-01	5.225206e-01	1.298458e-01
668	1.780304e-01	1.027259e-01	2.433233e-02	3.041542e-02	1.593277e-01	1.451146e-01	7.029491e-01	8.662915e-02
11800	6.771538e-01	1.999133e-01	4.726666e-02	5.908332e-02	3.095014e-01	2.159169e-01	8.157317e-01	9.323895e-01
26724	8.209192e-01	4.702570e-01	5.832144e-02	7.290180e-02	3.818879e-01	1.028115e-01	8.123579e-01	4.522901e-01
27100	6.230145e-01	3.888793e-01	4.851486e-02	6.064358e-02	3.176746e-01	1.971652e-01	1.571597e-01	2.761648e-01
16473	1.979916e-01	4.101809e-01	3.651776e-02	4.564720e-02	2.391177e-01	2.386207e-01	6.885775e-01	3.078496e-01
21196	5.442139e-01	7.013143e-01	2.312155e-02	2.890193e-02	1.513995e-01	1.512605e-01	9.790207e-01	6.278962e-01
4852	9.230230e-01	8.130044e-01	3.396233e-02	4.245291e-02	2.223848e-01	2.221459e-01	5.701567e-01	7.155865e-01
16320	4.582438e-01	2.780153e-01	2.062011e-02	2.577514e-02	1.350202e-01	1.276706e-01	1.714329e-01	8.846945e-01
588	4.898684e-01	3.063379e-01	3.535999e-02	4.419999e-02	2.315367e-01	1.417783e-01	4.536422e-01	5.202161e-01
4217	8.726659e-01	6.231906e-01	4.103544e-02	5.129430e-02	2.686994e-01	9.808545e-02	8.064687e-01	5.305752e-01
28256	6.983748e-01	4.284473e-01	4.473169e-02	5.591461e-02	2.929024e-01	1.535134e-01	7.327821e-03	2.363762e-01
1192	5.310960e-01	7.836968e-01	4.195343e-02	5.244179e-02	2.747104e-01	2.726550e-01	4.652900e-01	8.860680e-01
16569	6.915524e-01	3.584559e-01	3.472341e-02	4.340426e-02	2.273684e-01	2.230034e-01	5.581191e-01	9.948842e-01
32743	1.207228e-01	4.820035e-01	2.794269e-02	3.492836e-02	1.829683e-01	1.695456e-01	2.130077e-01	8.264229e-01
26365	9.346933e-01	3.883441e-01	2.446132e-02	3.057665e-02	1.601723e-01	1.033299e-01	6.372764e-01	4.323387e-01
29898	1.380297e-01	9.127839e-01	2.544479e-02	3.180599e-02	1.666121e-01	6.597885e-02	5.106486e-01	3.012103e-01
12395	4.917467e-01	3.799973e-01	4.827847e-02	6.034809e-02	3.161267e-01	3.058067e-01	8.339146e-01	7.772012e-01
17089	1.806491e-01	9.472321e-01	3.318448e-02	4.148060e-02	2.172914e-01	2.171430e-01	6.303807e-01	2.012340e-01
16184	2.615348e-01	9.087063e-01	2.869985e-02	3.587481e-02	1.879262e-01	1.526820e-01	9.449322e-01	5.964377e-01
30651	7.804283e-01	3.712968e-01	3.058392e-02	3.822990e-02	2.002630e-01	1.918615e-01	3.185554e-01	3.221939e-01
30176	3.829628e-01	8.006365e-01	4.758869e-02	5.948586e-02	3.116100e-01	2.809760e-01	9.390664e-01	1.772677e-01
5361	9.676384e-01	1.983509e-01	2.668380e-02	3.335475e-02	1.747251e-01	8.938947e-02	5.055945e-01	1.169278e-01
2465	8.315643e-01	7.741114e-01	4.281846e-02	5.352308e-02	2.803746e-01	1.122945e-01	3.447253e-01	5.204211e-01
7853	8.203245e-01	2.845003e-01	7.737521e-02	9.671902e-02	5.066517e-01	3.994739e-01	1.784050e-01	1.374191e-01
3618	2.167031e-01	6.789473e-01	5.663580e-02	7.079475e-02	3.708503e-01	1.849963e-01	3.825806e-01	6.908319e-01
25755	1.008628e-01	8.164354e-01	2.559300e-02	3.199126e-02	1.675826e-01	1.459267e-01	4.641983e-03	7.030118e-01
5048	6.884179e-01	5.309968e-01	3.697944e-02	4.622430e-02	2.421408e-01	1.635864e-01	5.265406e-01	8.684050e-01
4653	5.836919e-01	2.229470e-01	4.409745e-02	5.512182e-02	2.887494e-01	2.039570e-01	4.580580e-01	9.694881e-01
29080	3.101047e-02	5.142878e-01	2.666923e-02	3.333654e-02	1.746297e-01	1.285998e-01	1.740917e-01	2.049404e-01
1384	6.649849e-01	6.012625e-01	3.907116e-02	4.883894e-02	2.558373e-01	7.033995e-02	6.301627e-01	4.972242e-01
21923	9.264224e-01	6.598381e-01	2.054616e-02	2.568270e-02	1.345359e-01	5.131004e-02	2.932228e-01	2.676569e-01
18913	3.213916e-01	9.476334e-02	2.661694e-02	3.327118e-02	1.742873e-01	9.350496e-02	1.368755e-01	4.689963e-01
4088	3.992322e-01	3.635879e-02	2.876695e-02	3.595868e-02	1.883655e-01	1.391728e-01	2.680681e-01	6.632269e-01
20981	9.558173e-01	2.739410e-01	2.905993e-02	3.632492e-02	1.902840e-01	1.305536e-01	7.239065e-01	3.250715e-01
27777	4.194653e-01	3.639820e-01	4.141895e-02	5.177369e-02	2.712106e-01	2.459473e-01	9.462543e-01	8.160523e-02
9990	5.399026e-01	2.606909e-01	2.566432e-02	3.208039e-02	1.680495e-01	1.154408e-01	3.054745e-01	4.922961e-01
23476	2.506931e-01	1.766736e-01	3.500627e-02	4.375784e-02	2.292205e-01	2.042642e-01	1.804668e-01	9.679467e-01
31359	7.791695e-01	4.331270e-01	4.760071e-02	5.950089e-02	3.116887e-01	3.106469e-01	5.781738e-02	6.007259e-01
5831	2.154450e-01	7.747447e-01	2.462800e-02	3.078500e-02	1.612637e-01	1.554018e-01	1.146788e-01	1.048329e-01
7361	9.107259e-01	5.515755e-01	2.337493e-02	2.921867e-02	1.530587e-01	6.970204e-02	6.144923e-01	1.307688e-01
23802	7.487524e-01	5.054660e-01	2.752778e-02	3.440972e-02	1.802515e-01	1.248672e-01	7.964409e-01	1.103175e-01
21502	2.641288e-01	5.729484e-01	4.379040e-02	5.473800e-02	2.867389e-01	2.393738e-01	1.973285e-01	6.151600e-01
15732	4.319478e-01	7.363353e-01	3.606011e-02	4.507513e-02	2.361210e-01	1.119181e-01	8.818077e-01	4.189396e-01
31939	7.644530e-01	9.621478e-01	2.313956e-02	2.892445e-02	1.515175e-01	1.431884e-01	7.193462e-01	2.519011e-01
7953	3.103984e-01	6.574577e-02	2.351110e-02	2.938887e-02	1.539503e-01	1.178465e-01	9.776316e-01	7.242618e-01
20224	4.300516e-01	5.765774e-01	4.343937e-02	5.429921e-02	2.844403e-01	8.481168e-02	2.115938e-01	4.400884e-01
30319	5.713403e-01	5.449208e-01	2.072328e-02	2.590410e-02	1.356957e-01	9.236403e-02	2.623535e-01	6.252660e-01
7345	9.534739e-01	4.114654e-02	3.105663e-02	3.882079e-02	2.033583e-01	1.826909e-01	6.052203e-01	2.837197e-01
12921	6.550094e-01	4.606682e-01	2.198519e-02	2.748149e-02	1.439587e-01	7.250997e-02	7.610427e-01	5.415850e-01
30991	1.165761e-01	5.678287e-01	5.475326e-02	6.844157e-02	3.585235e-01	3.086942e-01	4.370729e-01	1.785134e-02
29047	9.540760e-01	6.431462e-01	4.773440e-02	5.966800e-02	3.125641e-01	9.524623e-02	8.759970e-01	7.299715e-01
12838	1.742685e-01	2.393267e-01	6.088205e-02	7.610257e-02	3.986547e-01	1.593072e-01	8.805477e-01	1.733482e-01
14373	3.963125e-01	6.509838e-01	4.945240e-02	6.181551e-02	3.238136e-01	2.517807e-01	4.109030e-02	7.845177e-01
30378	9.521342e-01	5.789776e-01	2.782290e-02	3.477863e-02	1.821839e-01	1.285235e-01	4.103340e-01	1.450463e-01
20632	8.738739e-01	2.544913e-01	2.096146e-02	2.620182e-02	1.372553e-01	9.681636e-02	2.682561e-01	6.523883e-01
23886	9.563990e-01	4.722589e-01	2.221905e-02	2.777382e-02	1.454900e-01	1.440462e-01	1.840409e-01	9.823573e-01
27456	3.892883e-01	2.217140e-01	3.376274e-02	4.220343e-02	2.210779e-01	1.647507e-01	9.354703e-01	8.560724e-01
22170	6.944787e-01	8.366760e-01	2.156135e-02	2.695169e-02	1.411834e-01	1.367623e-01	7.634866e-01	3.541925e-01
19585	9.069135e-02	7.662098e-01	2.195618e-02	2.744523e-02	1.437687e-01	1.429980e-01	1.556070e-01	2.790163e-01
14066	7.255778e-01	1.492993e-01	5.267438e-02	6.584298e-02	3.449110e-01	2.045615e-01	8.833855e-01	1.560041e-01
18138	5.221057e-01	8.480196e-01	2.941274e-02	3.676592e-02	1.925941e-01	1.892318e-01	7.092812e-01	1.530008e-01
