17848	2.996720e-01	7.294806e-02	4.376012e-02	5.470015e-02	2.865406e-01	2.732762e-01	2.432777e-01	3.263581e-01
30920	3.050058e-02	4.270427e-01	2.650424e-02	3.313029e-02	1.735493e-01	1.612165e-01	5.209222e-01	5.745881e-01
19839	6.178484e-01	4.400758e-01	7.054286e-02	8.817857e-02	4.619135e-01	3.814908e-01	2.418379e-01	4.109088e-01
10936	5.543933e-01	9.450840e-02	4.694039e-02	5.867549e-02	3.073650e-01	2.135842e-01	7.305781e-01	5.933889e-01
29158	6.348425e-01	8.815709e-01	7.309336e-02	9.136670e-02	4.786142e-01	1.909604e-01	7.118792e-01	8.281244e-01
29379	9.283083e-01	1.789103e-01	2.946167e-02	3.682709e-02	1.929146e-01	1.076524e-01	7.476811e-01	7.311430e-01
27727	4.000359e-01	4.163197e-01	5.340220e-02	6.675275e-02	3.496768e-01	1.131860e-01	8.993880e-01	3.750820e-01
31430	2.811771e-01	6.624748e-01	2.714101e-02	3.392626e-02	1.777189e-01	1.521592e-01	1.135409e-01	2.586048e-01
4333	1.194846e-01	8.283114e-01	4.995752e-02	6.244690e-02	3.271210e-01	1.292585e-01	7.343739e-01	7.915723e-01
15293	6.576042e-01	1.747351e-01	3.037491e-02	3.796863e-02	1.988944e-01	1.924493e-01	9.880195e-01	5.723404e-01
30239	5.868921e-01	3.226476e-01	2.617012e-02	3.271265e-02	1.713615e-01	1.622658e-01	2.481634e-01	3.568137e-02
13768	5.625012e-01	4.142712e-02	2.483737e-02	3.104671e-02	1.626347e-01	1.372916e-01	9.254406e-01	5.961304e-02
20807	5.504136e-01	3.679195e-01	4.082466e-02	5.103083e-02	2.673193e-01	1.431314e-01	6.011729e-01	3.848451e-01
14279	5.120605e-01	6.413196e-01	5.641599e-02	7.051998e-02	3.694110e-01	3.687325e-01	2.415920e-01	5.467802e-01
19453	7.145693e-01	5.684691e-01	2.073720e-02	2.592150e-02	1.357869e-01	1.028207e-01	7.822908e-01	3.907961e-01
20573	5.636642e-01	8.572204e-01	2.886482e-02	3.608102e-02	1.890064e-01	1.752634e-01	4.017460e-01	4.120484e-01
8768	6.832230e-01	3.125594e-01	2.820833e-02	3.526041e-02	1.847077e-01	1.640492e-01	7.991143e-01	5.076689e-01
32043	4.006004e-01	3.438517e-01	5.388973e-02	6.736217e-02	3.528691e-01	2.080209e-01	9.173495e-01	8.307799e-01
17377	7.129503e-01	6.909455e-01	3.130523e-02	3.913154e-02	2.049862e-01	1.955008e-01	2.905394e-01	6.532078e-01
14759	4.134935e-01	7.081461e-01	2.224892e-02	2.781115e-02	1.456856e-01	7.831087e-02	9.129610e-01	6.168002e-01
30353	1.711189e-01	1.014476e-01	4.230836e-02	5.288545e-02	2.770345e-01	1.579163e-01	2.066447e-01	9.446619e-01
16803	8.631939e-01	4.261655e-01	3.771204e-02	4.714004e-02	2.469378e-01	2.441397e-01	3.395549e-01	7.867175e-01
24770	1.064464e-01	1.190817e-01	2.342784e-02	2.928480e-02	1.534052e-01	8.510449e-02	2.979901e-01	9.888727e-01
891	3.341471e-01	1.422256e-01	3.916781e-02	4.895976e-02	2.564702e-01	1.878562e-01	2.361233e-01	2.071341e-01
31727	2.455067e-01	5.732686e-01	2.709788e-02	3.387235e-02	1.774365e-01	1.629822e-01	1.241765e-01	2.811656e-01
28152	3.378838e-01	8.950572e-01	3.963046e-02	4.953808e-02	2.594996e-01	1.103475e-01	8.222709e-01	9.196838e-01
15378	7.775939e-01	9.000838e-01	6.617736e-02	8.272170e-02	4.333283e-01	3.752431e-01	8.289587e-01	2.485976e-01
19282	1.957133e-01	9.865043e-02	2.059380e-02	2.574224e-02	1.348479e-01	6.286935e-02	2.790235e-01	5.248002e-02
16237	8.107123e-01	2.028813e-01	2.414872e-02	3.018590e-02	1.581254e-01	8.585825e-02	7.078140e-01	8.313255e-01
15392	2.313915e-01	8.897459e-02	2.255043e-02	2.818804e-02	1.476599e-01	8.150514e-02	1.144362e-01	7.421458e-01
19579	6.140898e-01	2.602398e-01	7.076123e-02	8.845154e-02	4.633434e-01	4.605657e-01	1.887258e-01	3.638527e-01
4572	2.963103e-01	1.560980e-01	3.699973e-02	4.624966e-02	2.422737e-01	9.347997e-02	1.330712e-01	8.528953e-01
21122	1.813264e-01	6.057987e-01	7.828749e-02	9.785936e-02	5.126253e-01	3.778502e-01	3.621622e-01	2.669576e-01
16990	9.286537e-01	3.978671e-01	4.516086e-02	5.645108e-02	2.957126e-01	1.417288e-01	6.232105e-01	9.449396e-01
30550	6.920263e-01	4.402018e-01	2.365614e-02	2.957017e-02	1.549000e-01	1.516013e-01	4.408158e-01	9.554712e-01
19826	7.761300e-01	3.940372e-01	4.838846e-02	6.048558e-02	3.168469e-01	1.173745e-01	7.138989e-01	7.112428e-01
9388	7.132383e-01	5.978001e-01	4.354836e-02	5.443545e-02	2.851540e-01	1.128621e-01	9.310900e-01	1.195704e-01
12224	2.774520e-01	4.435694e-01	7.301738e-02	9.127172e-02	4.781166e-01	4.764125e-01	7.041700e-01	1.895186e-01
25808	4.791930e-01	1.986004e-01	3.236002e-02	4.045003e-02	2.118929e-01	1.061155e-01	5.274282e-01	6.961254e-01
2857	9.564807e-01	2.383238e-01	2.387822e-02	2.984777e-02	1.563542e-01	1.139821e-01	4.341177e-01	6.059046e-01
15422	4.590435e-01	4.346986e-01	4.755947e-02	5.944934e-02	3.114187e-01	3.008705e-01	4.207488e-01	9.455053e-01
20949	3.384696e-01	4.015963e-01	3.513720e-02	4.392150e-02	2.300778e-01	2.294919e-01	5.613494e-01	1.747550e-01
10998	5.946483e-01	6.568819e-01	4.518043e-02	5.647554e-02	2.958408e-01	1.686323e-01	2.711031e-01	6.034538e-01
768	1.781955e-01	1.590908e-01	4.163917e-02	5.204896e-02	2.726526e-01	2.387331e-01	2.435097e-01	6.027818e-01
29196	1.771851e-01	9.487772e-01	4.000011e-02	5.000014e-02	2.619201e-01	2.582351e-01	5.137284e-02	7.273117e-01
13819	9.609372e-01	2.018668e-01	2.316062e-02	2.895077e-02	1.516554e-01	1.516501e-01	4.142705e-01	6.924896e-01
22068	3.416402e-01	6.646295e-01	3.264014e-02	4.080017e-02	2.137271e-01	2.053578e-01	5.548892e-01	7.553215e-01
18330	2.343318e-01	6.548936e-01	3.859502e-02	4.824377e-02	2.527196e-01	2.523812e-01	3.386221e-01	6.416770e-01
12993	3.188540e-01	7.738409e-01	4.076216e-02	5.095270e-02	2.669100e-01	2.246537e-01	8.299233e-01	6.699027e-02
18085	3.833365e-01	7.529401e-01	2.701690e-02	3.377112e-02	1.769062e-01	7.191327e-02	2.033245e-01	3.178531e-01
3562	8.299798e-01	6.843792e-01	2.513731e-02	3.142163e-02	1.645987e-01	1.636736e-01	4.070160e-01	1.070931e-01
18527	9.636235e-01	1.425613e-01	3.228518e-02	4.035648e-02	2.114029e-01	1.369591e-01	8.299381e-01	6.872137e-01
9748	1.028519e-01	3.677311e-01	5.728994e-02	7.161243e-02	3.751337e-01	2.510087e-01	5.048409e-01	4.446744e-01
6291	5.558308e-01	7.513802e-01	2.187965e-02	2.734956e-02	1.432676e-01	1.292470e-01	8.335620e-03	5.798130e-01
1584	7.795732e-02	1.841440e-01	3.610953e-02	4.513691e-02	2.364446e-01	2.060333e-01	3.455202e-01	1.412885e-01
26231	4.480865e-01	9.422238e-01	3.601145e-02	4.501431e-02	2.358024e-01	1.034630e-01	8.765633e-01	8.715738e-01
26105	1.908898e-01	6.995494e-01	2.941151e-02	3.676439e-02	1.925861e-01	1.860811e-01	6.052448e-01	6.109398e-02
713	8.378768e-01	8.563510e-02	6.979351e-02	8.724188e-02	4.570068e-01	4.498536e-01	5.228381e-01	5.632605e-01
8377	7.688810e-02	2.666509e-01	3.671476e-02	4.589345e-02	2.404077e-01	1.233256e-01	3.011778e-01	1.010163e-01
23980	1.487035e-01	4.630896e-01	3.809129e-02	4.761412e-02	2.494212e-01	1.757589e-01	6.626426e-01	6.784321e-01
28943	3.020536e-01	5.585831e-01	3.949287e-02	4.936609e-02	2.585987e-01	2.518429e-01	7.799297e-01	7.255952e-01
19261	9.529170e-01	4.418726e-01	2.806111e-02	3.507638e-02	1.837437e-01	1.829044e-01	2.164742e-01	8.148532e-01
1737	6.245018e-02	5.102866e-01	2.597457e-02	3.246821e-02	1.700811e-01	1.610443e-01	8.179040e-01	9.581332e-01
13996	1.889024e-01	7.854088e-01	4.900200e-02	6.125250e-02	3.208643e-01	3.198732e-01	6.071354e-01	3.227352e-02
