17602	3.823043e-01	6.061432e-01	3.677887e-02	4.597358e-02	2.408274e-01	8.911570e-02	1.959124e-01	1.281295e-01
5688	3.067870e-01	9.001384e-01	5.477593e-02	6.846992e-02	3.586720e-01	3.583217e-01	3.721138e-02	3.707689e-02
692	4.598436e-01	5.125386e-01	4.289550e-02	5.361937e-02	2.808791e-01	2.149436e-01	3.072268e-01	5.767555e-01
23689	1.720273e-01	9.081454e-01	3.691724e-02	4.614655e-02	2.417335e-01	2.340987e-01	6.908076e-01	9.314242e-01
3008	7.716489e-01	7.412752e-01	6.060287e-02	7.575358e-02	3.968266e-01	2.635485e-01	6.980970e-02	7.443902e-01
4805	8.094863e-01	1.982752e-01	2.171828e-02	2.714786e-02	1.422110e-01	1.218318e-01	9.186552e-01	9.574098e-01
15590	8.551053e-01	1.878052e-01	3.833631e-02	4.792038e-02	2.510255e-01	2.455754e-01	2.119124e-01	2.461538e-01
29888	6.230677e-01	3.089427e-01	2.644218e-02	3.305272e-02	1.731430e-01	1.198436e-01	6.664374e-01	1.024404e-01
5075	7.275896e-01	7.922669e-02	2.444789e-02	3.055987e-02	1.600844e-01	1.567531e-01	4.897428e-01	3.167512e-01
20445	6.081838e-01	2.458252e-01	2.066998e-02	2.583747e-02	1.353467e-01	9.183727e-02	8.042030e-01	2.363926e-01
28534	9.159657e-01	5.327562e-01	2.867547e-02	3.584433e-02	1.877665e-01	6.275324e-02	4.086120e-01	5.381983e-01
2436	6.316925e-01	1.396681e-01	3.028505e-02	3.785631e-02	1.983060e-01	1.068291e-01	6.791616e-01	4.208414e-01
21696	3.329847e-01	7.546135e-01	2.149219e-02	2.686524e-02	1.407305e-01	1.341523e-01	4.352036e-01	8.785355e-01
2271	9.080211e-01	1.041280e-01	4.911644e-02	6.139555e-02	3.216137e-01	2.840971e-01	1.995635e-01	9.678683e-01
31347	2.518921e-01	7.282649e-01	2.923964e-02	3.654955e-02	1.914607e-01	6.795637e-02	2.433377e-02	3.935215e-02
15625	9.024343e-01	8.404889e-01	2.297763e-02	2.872204e-02	1.504572e-01	4.749080e-02	5.953966e-01	6.403407e-01
15040	4.952452e-01	9.281058e-01	2.619762e-02	3.274703e-02	1.715416e-01	1.393130e-01	4.536689e-02	4.209286e-01
13969	5.121237e-01	1.337338e-01	6.612406e-02	8.265508e-02	4.329793e-01	2.403308e-01	9.646851e-01	3.887299e-01
7070	1.478172e-01	6.657192e-01	2.974038e-02	3.717547e-02	1.947395e-01	1.357348e-01	1.903987e-01	6.185430e-01
20790	3.168271e-01	2.485312e-01	4.505162e-02	5.631452e-02	2.949973e-01	2.585961e-01	5.546908e-01	5.226202e-01
5218	7.790176e-01	3.241083e-01	2.787188e-02	3.483985e-02	1.825046e-01	9.313676e-02	4.706783e-01	9.895414e-01
25806	8.806952e-01	2.850596e-01	3.018210e-02	3.772763e-02	1.976319e-01	1.419479e-01	6.934992e-03	9.019348e-01
20149	8.386794e-01	3.069714e-01	2.147822e-02	2.684777e-02	1.406390e-01	1.101882e-01	8.836460e-01	6.323742e-02
25782	4.423314e-01	3.320829e-01	5.137136e-02	6.421421e-02	3.363789e-01	3.363782e-01	6.115643e-01	9.510284e-01
17238	6.767509e-01	8.617187e-01	5.740887e-02	7.176108e-02	3.759124e-01	2.466785e-01	2.650139e-01	7.779030e-01
7846	9.397438e-01	5.563496e-01	3.170454e-02	3.963068e-02	2.076009e-01	2.069766e-01	5.535686e-02	6.275786e-01
26383	7.153679e-01	5.467911e-01	2.949939e-02	3.687423e-02	1.931615e-01	1.926723e-01	3.185806e-02	5.952678e-02
24247	9.424077e-01	3.396221e-01	3.822187e-02	4.777734e-02	2.502762e-01	1.675461e-01	9.345384e-01	1.090626e-01
15959	8.722398e-01	5.484876e-01	2.200907e-02	2.751133e-02	1.441150e-01	8.923525e-02	3.914312e-02	3.034486e-01
14361	7.733571e-01	6.670781e-01	4.096657e-02	5.120821e-02	2.682485e-01	2.335838e-01	5.073673e-01	4.345274e-01
29980	8.387909e-02	5.814057e-02	2.456344e-02	3.070430e-02	1.608410e-01	8.872941e-02	5.962541e-01	7.018456e-01
4881	3.308932e-01	3.927423e-01	2.672136e-02	3.340170e-02	1.749711e-01	6.242610e-02	8.828832e-01	1.784342e-01
30336	3.577105e-01	3.465508e-01	2.987027e-02	3.733783e-02	1.955900e-01	8.700186e-02	2.152331e-01	8.309231e-01
3433	5.453727e-01	9.514696e-01	2.061177e-02	2.576471e-02	1.349656e-01	5.676459e-02	1.855346e-02	1.060325e-01
3903	7.169983e-01	8.491739e-01	2.261424e-02	2.826780e-02	1.480777e-01	1.461540e-01	6.485291e-02	7.326658e-01
31352	4.864628e-01	8.365513e-01	2.563181e-02	3.203977e-02	1.678367e-01	4.741170e-02	2.043902e-01	9.036564e-01
11554	7.926228e-01	1.151622e-01	3.615217e-02	4.519021e-02	2.367238e-01	1.240611e-01	9.626254e-01	1.852066e-01
26398	8.892812e-01	9.125050e-01	6.158851e-02	7.698563e-02	4.032806e-01	3.172670e-01	2.783675e-02	4.704891e-01
10961	3.809190e-01	8.789379e-01	2.156774e-02	2.695967e-02	1.412252e-01	4.521503e-02	2.272824e-01	5.250417e-01
8041	5.568018e-01	4.988827e-02	3.985550e-02	4.981938e-02	2.609732e-01	2.439570e-01	3.941870e-01	3.265310e-01
8097	9.032746e-01	6.232557e-01	2.097909e-02	2.622386e-02	1.373708e-01	4.744700e-02	3.352713e-02	8.275973e-01
30868	3.657138e-01	6.543030e-01	4.249024e-02	5.311280e-02	2.782254e-01	2.278103e-01	1.593305e-01	2.330202e-01
24871	8.317050e-01	4.867822e-01	2.890645e-02	3.613307e-02	1.892790e-01	1.348675e-01	2.993941e-01	3.861960e-01
31557	2.018186e-01	7.345281e-01	4.776367e-02	5.970459e-02	3.127558e-01	1.870772e-01	4.598590e-01	1.586818e-01
28206	8.945613e-01	5.266656e-02	2.085511e-02	2.606888e-02	1.365589e-01	1.175205e-01	7.593842e-01	5.586633e-01
3797	7.619072e-01	1.503190e-01	3.375156e-02	4.218945e-02	2.210047e-01	8.508846e-02	9.468557e-01	9.536830e-01
8830	2.246212e-01	8.817022e-01	3.297642e-02	4.122052e-02	2.159291e-01	2.073695e-01	6.286792e-01	5.503362e-01
30713	8.353546e-01	8.438343e-01	2.387574e-02	2.984467e-02	1.563379e-01	8.142494e-02	3.791724e-01	1.430558e-01
6414	9.139211e-01	4.574869e-01	5.162816e-02	6.453521e-02	3.380604e-01	3.371999e-01	2.199928e-01	2.594238e-01
29232	3.953860e-01	4.448493e-01	3.353953e-02	4.192441e-02	2.196163e-01	2.161468e-01	6.806566e-01	8.937247e-01
8667	4.305473e-01	5.581475e-01	3.699404e-02	4.624255e-02	2.422364e-01	2.304543e-01	9.525425e-01	1.522287e-02
4307	2.776088e-01	2.159883e-01	3.010178e-02	3.762723e-02	1.971060e-01	7.493601e-02	5.240862e-01	5.905883e-01
17522	2.789593e-01	1.402370e-01	2.559716e-02	3.199645e-02	1.676098e-01	1.495828e-01	5.641172e-01	3.126941e-02
10183	5.648102e-01	2.208086e-01	2.206030e-02	2.757538e-02	1.444505e-01	1.442075e-01	9.175941e-01	4.370026e-01
19096	7.191018e-02	2.062452e-01	6.512779e-02	8.140973e-02	4.264557e-01	3.465159e-01	4.448677e-02	7.073689e-01
3011	6.550559e-02	6.491499e-01	3.356296e-02	4.195370e-02	2.197697e-01	1.904534e-01	9.353431e-01	3.468379e-01
811	1.191533e-01	7.056323e-01	4.691566e-02	5.864458e-02	3.072030e-01	2.811919e-01	8.644500e-01	5.576000e-01
13982	6.665494e-01	5.444934e-01	5.534871e-02	6.918588e-02	3.624225e-01	2.728123e-01	8.448976e-01	2.534902e-01
3897	2.610700e-01	3.726107e-01	6.520286e-02	8.150357e-02	4.269473e-01	3.664684e-01	1.790728e-01	4.791793e-01
23151	3.135869e-01	1.711692e-01	3.764257e-02	4.705321e-02	2.464829e-01	2.417618e-01	7.856740e-01	7.716301e-01
21884	3.376528e-01	7.839930e-02	2.634618e-02	3.293273e-02	1.725144e-01	1.659888e-01	9.766327e-02	2.236800e-01
31774	6.205771e-01	8.277822e-01	2.246243e-02	2.807803e-02	1.470836e-01	1.365854e-01	2.971544e-01	7.078804e-01
5708	2.012417e-01	5.115909e-01	7.724914e-02	9.656143e-02	5.058262e-01	3.653875e-01	3.676033e-01	9.548208e-01
814	3.832615e-01	1.395515e-01	3.612897e-02	4.516121e-02	2.365719e-01	2.315772e-01	9.389202e-01	9.817831e-01
22714	5.470069e-01	7.559406e-01	3.459549e-02	4.324436e-02	2.265307e-01	1.059053e-01	7.392186e-01	9.397638e-01
11642	1.521407e-01	2.946631e-01	3.978490e-02	4.973113e-02	2.605109e-01	1.175342e-01	7.164646e-01	3.747027e-01
24173	5.090093e-01	7.306306e-01	2.136353e-02	2.670441e-02	1.398881e-01	1.185021e-01	4.092529e-01	5.332660e-01
7394	5.492870e-01	9.221808e-01	2.335672e-02	2.919591e-02	1.529395e-01	4.375951e-02	5.230189e-01	3.946404e-01
9037	1.950219e-01	7.741492e-02	4.079405e-02	5.099256e-02	2.671188e-01	1.422019e-01	2.204827e-01	1.794452e-01
31451	4.642539e-01	1.210330e-01	2.396256e-02	2.995319e-02	1.569064e-01	1.446395e-01	5.886830e-01	8.709695e-01
27613	7.186502e-01	2.345978e-01	2.905470e-02	3.631837e-02	1.902497e-01	1.798396e-01	3.876082e-01	1.518245e-01
15438	5.902838e-01	7.048456e-01	2.498356e-02	3.122945e-02	1.635919e-01	1.468206e-01	3.140971e-02	8.395443e-01
15335	7.715971e-01	5.194719e-01	6.213711e-02	7.767139e-02	4.068728e-01	3.159769e-01	9.268427e-01	5.384907e-01
31466	8.899519e-01	3.416667e-01	2.268586e-02	2.835733e-02	1.485467e-01	1.291294e-01	9.030550e-01	8.713750e-01
22338	1.475329e-01	6.147638e-01	2.433196e-02	3.041496e-02	1.593253e-01	1.553555e-01	6.106147e-01	6.885696e-01
3249	6.891263e-01	1.797299e-01	3.051881e-02	3.814851e-02	1.998367e-01	1.972703e-01	3.046475e-01	8.961246e-01
15187	4.470535e-01	1.719867e-01	2.825349e-02	3.531686e-02	1.850034e-01	5.996150e-02	9.751817e-01	9.610747e-01
