2305	4.780252e-01	7.571834e-01	2.738486e-02	3.423108e-02	1.793156e-01	1.094123e-01	4.364971e-01	7.659797e-02
24950	8.926650e-02	7.740131e-01	4.840170e-02	6.050212e-02	3.169336e-01	3.138252e-01	2.293532e-01	4.677224e-01
2004	7.087318e-01	7.713501e-01	2.234356e-02	2.792945e-02	1.463053e-01	1.124022e-01	4.584038e-02	8.013928e-01
29600	6.054870e-01	8.982995e-01	3.816619e-02	4.770774e-02	2.499116e-01	1.269714e-01	9.431636e-01	1.854439e-01
22358	4.841285e-01	6.128139e-01	5.511489e-02	6.889361e-02	3.608914e-01	1.803462e-01	4.579347e-01	7.307554e-01
26916	1.051067e-01	5.061909e-01	3.619117e-02	4.523896e-02	2.369792e-01	9.304105e-02	7.452718e-01	8.705709e-01
17856	1.284497e-01	4.295946e-01	5.723436e-02	7.154295e-02	3.747697e-01	1.819023e-01	2.361047e-01	8.337530e-01
20291	1.159588e-01	5.688614e-01	4.671719e-02	5.839648e-02	3.059034e-01	2.787815e-01	5.779922e-01	4.444633e-01
8241	2.913314e-01	8.528791e-01	3.489120e-02	4.361399e-02	2.284670e-01	2.015986e-01	6.107725e-01	2.970434e-01
25219	6.055588e-01	6.336640e-01	2.228144e-02	2.785180e-02	1.458985e-01	7.651298e-02	4.163537e-01	5.343824e-01
3247	4.257099e-01	7.607088e-01	6.613363e-02	8.266704e-02	4.330420e-01	3.774334e-01	2.206734e-01	5.464988e-01
20112	7.632913e-01	3.102082e-01	4.329427e-02	5.411784e-02	2.834902e-01	2.764042e-01	4.666693e-02	9.397530e-01
4419	3.501444e-01	8.700610e-01	4.657352e-02	5.821690e-02	3.049627e-01	2.912225e-01	9.835026e-01	3.692584e-02
5093	3.498610e-01	3.889082e-01	3.457495e-02	4.321869e-02	2.263963e-01	2.150010e-01	3.088634e-01	6.743768e-01
13095	6.137656e-01	3.285841e-01	2.592003e-02	3.240004e-02	1.697240e-01	6.981298e-02	3.641535e-01	7.778148e-01
7258	6.237187e-01	7.383611e-01	3.015303e-02	3.769129e-02	1.974416e-01	1.579873e-01	7.757478e-01	2.539949e-01
3093	9.045890e-01	7.025843e-01	6.726176e-02	8.407720e-02	4.404289e-01	1.697887e-01	9.418373e-01	9.499457e-01
13802	2.915155e-01	1.218702e-01	4.176388e-02	5.220486e-02	2.734693e-01	2.321012e-01	1.965495e-01	7.493814e-01
22298	4.048162e-01	3.060840e-01	5.439004e-02	6.798755e-02	3.561451e-01	1.003514e-01	8.340498e-01	5.055785e-01
23444	8.397720e-01	5.579393e-01	5.792154e-02	7.240192e-02	3.792693e-01	1.883927e-01	1.999260e-01	7.416626e-02
6521	7.002949e-01	4.847121e-02	2.411796e-02	3.014745e-02	1.579240e-01	8.735370e-02	4.495493e-01	6.976135e-01
20513	3.044141e-01	2.233314e-01	3.857363e-02	4.821704e-02	2.525796e-01	1.590144e-01	1.140555e-01	3.310902e-01
8105	7.483293e-01	2.120669e-01	3.543983e-02	4.429979e-02	2.320595e-01	7.605041e-02	5.734670e-01	8.646526e-01
22322	5.419704e-01	1.505126e-01	3.815845e-02	4.769806e-02	2.498609e-01	1.031352e-01	7.839844e-01	1.419996e-01
21427	1.309518e-01	8.660199e-01	6.372994e-02	7.966242e-02	4.173026e-01	2.020753e-01	7.890921e-01	5.031363e-01
18592	8.052584e-01	7.753191e-01	5.945166e-02	7.431458e-02	3.892886e-01	3.265822e-01	8.513678e-01	2.660534e-01
30825	2.096912e-01	4.526586e-01	3.384202e-02	4.230252e-02	2.215970e-01	2.209238e-01	3.947773e-01	3.514623e-01
8054	7.809394e-01	5.159478e-01	2.426819e-02	3.033524e-02	1.589078e-01	1.553975e-01	8.058440e-02	7.862189e-01
27484	2.603528e-01	3.642368e-01	2.177912e-02	2.722390e-02	1.426093e-01	1.085403e-01	4.355174e-02	4.673048e-01
5781	8.982104e-01	6.046314e-01	2.156614e-02	2.695768e-02	1.412148e-01	1.382387e-01	7.177664e-01	6.605628e-01
32483	6.882755e-01	2.472455e-01	2.570036e-02	3.212545e-02	1.682856e-01	1.680617e-01	8.617650e-01	5.550748e-01
25494	9.618472e-01	2.821866e-02	2.290319e-02	2.862899e-02	1.499697e-01	1.022297e-01	2.791576e-01	6.075344e-01
1725	7.470360e-01	5.525815e-01	4.194099e-02	5.242624e-02	2.746289e-01	1.765028e-01	4.095656e-01	1.113676e-01
780	2.788913e-01	7.978731e-01	3.136799e-02	3.920999e-02	2.053971e-01	1.574787e-01	2.258431e-01	3.362771e-02
24666	1.904798e-01	6.378254e-01	3.777684e-02	4.722105e-02	2.473622e-01	9.242971e-02	6.726924e-01	2.366218e-01
21667	7.155586e-01	3.812945e-01	2.711003e-02	3.388754e-02	1.775161e-01	1.738451e-01	9.991495e-01	4.559645e-01
4697	5.370974e-01	7.803338e-01	5.078470e-02	6.348087e-02	3.325374e-01	2.145551e-01	4.759880e-02	5.384832e-01
5038	9.671250e-01	4.458857e-01	3.120781e-02	3.900976e-02	2.043483e-01	7.723141e-02	5.738198e-01	1.348554e-01
31824	8.603021e-01	4.861779e-01	3.287784e-02	4.109730e-02	2.152836e-01	1.745295e-01	2.898320e-01	7.833942e-01
28407	6.484199e-01	7.959030e-01	2.672744e-02	3.340929e-02	1.750108e-01	1.718105e-01	4.648375e-01	1.004589e-01
7790	7.109928e-01	1.069382e-01	5.321002e-02	6.651252e-02	3.484184e-01	9.834892e-02	1.379603e-01	8.893009e-02
27764	4.107737e-01	6.420280e-01	2.406178e-02	3.007723e-02	1.575562e-01	1.572664e-01	4.628446e-01	2.262072e-01
11272	4.751829e-01	1.783394e-01	3.076657e-02	3.845821e-02	2.014590e-01	1.206895e-01	4.524665e-01	3.085649e-01
15108	8.076413e-01	4.621291e-01	3.949341e-02	4.936677e-02	2.586022e-01	1.408090e-01	8.249829e-02	2.971209e-02
27423	2.427425e-01	9.292171e-01	4.985103e-02	6.231378e-02	3.264238e-01	3.090187e-01	1.922897e-01	3.765226e-01
7101	5.162665e-02	7.410590e-01	2.056342e-02	2.570427e-02	1.346489e-01	1.342128e-01	8.058395e-01	5.924533e-01
28505	5.758069e-02	4.746057e-01	2.550508e-02	3.188135e-02	1.670069e-01	7.824638e-02	5.190091e-01	8.160075e-01
11787	2.268032e-01	5.843816e-02	2.531021e-02	3.163777e-02	1.657309e-01	1.045389e-01	4.611871e-01	1.616621e-01
10879	5.272792e-01	6.381600e-01	4.076569e-02	5.095711e-02	2.669331e-01	1.005060e-01	3.794740e-03	2.047133e-01
2124	3.670950e-01	1.011321e-01	6.071214e-02	7.589017e-02	3.975421e-01	2.818663e-01	2.372340e-01	8.617084e-01
1915	3.706453e-01	3.003723e-01	2.343497e-02	2.929372e-02	1.534518e-01	8.109800e-02	7.566844e-01	6.221632e-01
19555	9.096106e-01	8.055036e-01	2.389628e-02	2.987035e-02	1.564725e-01	1.543829e-01	9.605497e-01	8.136662e-01
5089	5.408188e-01	3.940578e-01	5.130915e-02	6.413643e-02	3.359715e-01	3.207942e-01	4.126912e-01	6.760813e-01
14432	1.611138e-01	5.906911e-01	3.402819e-02	4.253523e-02	2.228160e-01	6.210204e-02	6.347637e-01	8.742107e-01
13014	5.376182e-01	7.085279e-01	3.127276e-02	3.909095e-02	2.047735e-01	2.011625e-01	9.020987e-01	3.555095e-01
22332	3.161729e-01	4.366613e-01	4.930418e-02	6.163023e-02	3.228430e-01	3.075502e-01	6.125531e-01	6.652661e-01
24303	4.848653e-01	4.401842e-01	4.426658e-02	5.533323e-02	2.898569e-01	2.885145e-01	6.208859e-01	9.734634e-01
11330	1.289277e-01	1.296815e-01	2.274252e-02	2.842816e-02	1.489177e-01	1.482406e-01	2.048521e-01	3.485315e-01
19235	3.145352e-01	5.498752e-01	3.804519e-02	4.755649e-02	2.491193e-01	8.998633e-02	7.103428e-01	7.824825e-01
11570	3.643882e-01	7.802680e-01	4.548865e-02	5.686081e-02	2.978590e-01	2.240714e-01	3.760793e-01	4.732578e-01
9113	9.330446e-01	2.764240e-01	2.520446e-02	3.150557e-02	1.650384e-01	1.649920e-01	8.649080e-01	7.369007e-01
4770	9.193000e-01	4.405663e-01	4.183012e-02	5.228765e-02	2.739030e-01	2.734444e-01	4.003288e-01	1.741200e-02
24275	3.127171e-01	6.798600e-01	6.155653e-02	7.694566e-02	4.030712e-01	3.634834e-01	3.869328e-01	5.984523e-01
8711	4.720355e-01	3.518386e-01	2.586208e-02	3.232760e-02	1.693445e-01	1.633765e-01	9.013073e-01	1.381591e-01
11795	6.706289e-01	3.132754e-01	3.292385e-02	4.115481e-02	2.155848e-01	1.285551e-01	6.897841e-01	6.109227e-01
18067	4.394039e-01	5.381604e-01	2.484399e-02	3.105499e-02	1.626781e-01	7.886366e-02	4.613445e-01	4.462019e-01
867	4.147831e-01	1.675938e-01	6.759527e-02	8.449409e-02	4.426128e-01	4.065343e-01	1.310631e-01	7.765114e-01
2223	4.467796e-01	4.155288e-01	3.298232e-02	4.122790e-02	2.159677e-01	6.756839e-02	5.085937e-02	7.113163e-01
31846	1.896892e-01	4.574304e-02	2.206820e-02	2.758525e-02	1.445022e-01	1.218753e-01	4.740035e-01	4.367228e-01
27512	4.583797e-02	7.115706e-02	2.150913e-02	2.688641e-02	1.408415e-01	1.398274e-01	3.997251e-01	4.311293e-01
