656	1.584724e-01	5.917787e-01	4.458319e-02	5.572899e-02	2.919301e-01	2.431646e-01	4.888738e-01	2.836815e-01
31915	1.255818e-01	5.364396e-01	5.386624e-02	6.733281e-02	3.527153e-01	3.249179e-01	9.464730e-01	4.891899e-01
21622	4.564395e-01	9.605229e-01	2.202045e-02	2.752557e-02	1.441896e-01	8.848543e-02	1.097349e-01	7.339968e-01
19847	1.644008e-01	4.799849e-01	2.351523e-02	2.939404e-02	1.539774e-01	1.002213e-01	2.724419e-01	5.838426e-01
32735	5.078110e-01	8.296417e-01	4.173579e-02	5.216973e-02	2.732853e-01	2.717895e-01	5.730998e-01	2.892481e-01
446	1.413662e-01	6.857095e-02	4.014149e-02	5.017686e-02	2.628458e-01	2.156247e-01	6.010261e-01	8.259191e-01
6095	9.438181e-01	3.806873e-01	2.507336e-02	3.134170e-02	1.641800e-01	1.568430e-01	2.074824e-01	9.783993e-01
11607	5.477155e-01	3.469530e-01	4.741389e-02	5.926737e-02	3.104654e-01	1.589902e-01	9.154621e-01	5.753189e-01
10485	5.998484e-01	5.196488e-01	2.895476e-02	3.619345e-02	1.895953e-01	1.085959e-01	1.119621e-02	7.979493e-01
32186	7.054037e-01	4.631982e-01	3.686240e-02	4.607801e-02	2.413745e-01	1.615131e-01	7.605990e-02	9.565708e-01
31014	9.452840e-02	8.951019e-02	2.060843e-02	2.576054e-02	1.349437e-01	8.595913e-02	9.780163e-01	2.873480e-01
5135	6.327233e-01	5.969429e-01	2.571882e-02	3.214852e-02	1.684064e-01	1.362814e-01	6.545835e-02	6.851005e-01
22281	9.082209e-01	9.091802e-01	2.509851e-02	3.137314e-02	1.643447e-01	1.641567e-01	5.326490e-01	4.062920e-01
27439	7.944572e-01	3.001244e-01	4.909119e-02	6.136398e-02	3.214483e-01	2.748694e-01	4.298437e-01	9.489051e-02
20952	9.195847e-01	2.923810e-01	3.560433e-02	4.450542e-02	2.331366e-01	1.615759e-01	5.458059e-01	6.559262e-01
7812	7.711048e-01	4.336395e-01	4.202169e-02	5.252712e-02	2.751574e-01	1.077339e-01	4.644394e-01	2.264859e-02
10779	9.350708e-01	2.566896e-01	3.338856e-02	4.173570e-02	2.186277e-01	1.196511e-01	2.197062e-01	6.083969e-01
10834	3.823189e-01	8.523896e-01	2.570725e-02	3.213406e-02	1.683307e-01	1.061389e-01	8.032038e-01	2.207020e-01
13938	3.686371e-01	7.273013e-01	3.601138e-02	4.501422e-02	2.358020e-01	2.357325e-01	4.990493e-01	4.037005e-01
22127	5.320451e-01	2.428867e-01	3.672424e-02	4.590530e-02	2.404698e-01	1.291526e-01	2.645601e-01	1.470002e-01
6490	5.219154e-01	6.532743e-01	2.888968e-02	3.611210e-02	1.891692e-01	7.962538e-02	5.189657e-01	3.842977e-01
16185	4.036510e-01	1.237044e-01	2.683776e-02	3.354720e-02	1.757332e-01	9.287972e-02	4.368739e-02	2.780047e-01
10155	5.984766e-01	6.975994e-01	2.144698e-02	2.680873e-02	1.404345e-01	1.323561e-01	2.061042e-01	8.094000e-01
9288	8.023084e-01	1.021836e-01	2.617529e-02	3.271911e-02	1.713954e-01	1.587866e-01	7.684558e-01	7.889894e-01
4706	5.559432e-01	2.007867e-01	4.305518e-02	5.381897e-02	2.819246e-01	2.335160e-01	7.640747e-01	7.944758e-01
16769	5.618501e-01	6.355894e-01	2.935948e-02	3.669936e-02	1.922454e-01	5.215418e-02	8.218529e-01	3.233555e-01
19039	8.703529e-01	5.189062e-01	2.412387e-02	3.015483e-02	1.579627e-01	5.259042e-02	9.659266e-01	1.691014e-01
20629	3.208337e-01	9.242937e-01	3.619563e-02	4.524454e-02	2.370084e-01	9.474955e-02	9.042303e-01	3.023912e-01
20934	3.152298e-01	1.081053e-01	2.869063e-02	3.586329e-02	1.878658e-01	1.315890e-01	2.983051e-01	4.537338e-01
9144	8.818085e-01	2.941944e-01	3.578847e-02	4.473559e-02	2.343424e-01	2.027474e-01	3.029546e-01	8.907131e-01
23807	5.602124e-01	7.306492e-01	2.709486e-02	3.386857e-02	1.774167e-01	9.211477e-02	5.959681e-01	4.108122e-01
2446	8.257410e-01	2.311600e-01	3.699787e-02	4.624734e-02	2.422615e-01	1.069252e-01	2.458122e-01	2.168164e-01
23015	8.104569e-01	4.668192e-01	5.231015e-02	6.538768e-02	3.425260e-01	2.963243e-01	6.650290e-01	5.363491e-01
27712	4.206635e-01	4.522072e-01	2.611546e-02	3.264432e-02	1.710036e-01	1.466053e-01	1.886687e-01	6.850698e-01
20427	1.483089e-01	4.557819e-01	5.366553e-02	6.708191e-02	3.514010e-01	1.490667e-01	8.652138e-01	5.112800e-01
11874	4.901932e-01	9.193259e-01	2.177056e-02	2.721320e-02	1.425533e-01	1.224324e-01	5.627001e-01	5.746532e-01
8712	7.415079e-01	3.752710e-01	3.368490e-02	4.210613e-02	2.205682e-01	2.071862e-01	2.251605e-01	4.250041e-01
23494	3.777549e-01	3.534347e-01	3.645421e-02	4.556776e-02	2.387016e-01	2.358046e-01	2.087312e-01	3.606017e-01
10099	4.027722e-01	5.158004e-01	2.124914e-02	2.656143e-02	1.391391e-01	6.902792e-02	6.255146e-01	4.791847e-01
28955	4.690689e-01	8.704312e-02	3.540257e-02	4.425321e-02	2.318155e-01	1.174388e-01	8.856107e-01	3.724886e-01
2254	4.120516e-01	7.422018e-02	3.055224e-02	3.819030e-02	2.000556e-01	1.885482e-01	9.998394e-01	7.269475e-01
12977	9.073134e-01	6.123592e-01	4.551009e-02	5.688761e-02	2.979994e-01	2.289004e-01	1.569407e-01	8.585801e-01
4626	6.381091e-01	3.776425e-01	2.108193e-02	2.635241e-02	1.380441e-01	1.117909e-01	7.462601e-01	9.516888e-01
21722	2.141148e-01	7.523877e-01	2.370979e-02	2.963723e-02	1.552513e-01	8.284481e-02	4.677435e-01	4.865979e-01
25028	2.197814e-01	4.801477e-01	2.061742e-02	2.577178e-02	1.350026e-01	8.191469e-02	4.608635e-01	8.536018e-01
28915	6.813516e-01	8.461893e-01	2.730693e-02	3.413366e-02	1.788053e-01	6.190907e-02	6.187028e-03	5.334771e-01
6456	6.700041e-01	6.856860e-01	2.077135e-02	2.596419e-02	1.360105e-01	1.328387e-01	9.245932e-01	4.591657e-02
25428	1.001365e-01	2.556281e-01	2.490488e-02	3.113110e-02	1.630767e-01	1.610644e-01	4.174483e-01	9.144232e-01
3726	5.552572e-01	4.344910e-01	2.138956e-02	2.673696e-02	1.400585e-01	5.212247e-02	5.891769e-01	7.231835e-01
5729	3.797369e-02	7.050434e-02	2.626921e-02	3.283651e-02	1.720104e-01	1.672113e-01	6.280045e-01	2.944975e-01
32060	4.382618e-01	1.504554e-01	2.701687e-02	3.377109e-02	1.769060e-01	1.411746e-01	2.206756e-01	2.686178e-01
12797	9.708321e-01	4.104473e-01	2.461674e-02	3.077093e-02	1.611901e-01	8.101701e-02	9.461764e-01	6.508485e-02
13737	5.206741e-01	5.098057e-01	3.426491e-02	4.283113e-02	2.243661e-01	2.243654e-01	1.428121e-01	7.650278e-01
18145	6.176431e-01	2.107513e-01	4.050066e-02	5.062583e-02	2.651977e-01	1.754966e-01	7.149801e-01	6.084978e-01
1039	7.578631e-01	1.198720e-01	5.587115e-02	6.983894e-02	3.658434e-01	3.428948e-01	8.470447e-01	9.059357e-01
15728	7.843168e-01	8.441030e-01	2.847523e-02	3.559403e-02	1.864553e-01	1.196631e-01	1.355107e-01	9.867636e-01
1434	2.433713e-01	3.770373e-01	4.002748e-02	5.003435e-02	2.620993e-01	8.983216e-02	8.562514e-01	6.317346e-01
31489	9.374536e-01	7.404983e-01	3.532170e-02	4.415212e-02	2.312859e-01	1.952803e-01	2.380455e-01	1.551560e-01
17069	5.590346e-01	3.028099e-01	2.596920e-02	3.246151e-02	1.700459e-01	7.669342e-02	1.255199e-01	4.682436e-01
17311	2.785698e-02	2.023177e-01	2.278780e-02	2.848476e-02	1.492142e-01	1.486812e-01	3.766596e-01	6.921848e-02
626	7.518620e-01	5.962005e-01	6.113320e-02	7.641650e-02	4.002992e-01	3.949837e-01	3.043347e-01	8.441852e-01
6176	8.650057e-01	6.432458e-01	3.370321e-02	4.212901e-02	2.206881e-01	9.086974e-02	4.480591e-01	7.384573e-01
6816	4.985155e-01	2.978719e-01	3.712184e-02	4.640230e-02	2.430732e-01	1.787113e-01	8.052175e-01	8.147394e-01
10133	2.843874e-01	6.887137e-01	3.606331e-02	4.507914e-02	2.361420e-01	2.131670e-01	9.240858e-02	6.068110e-01
7171	8.876435e-01	1.350439e-01	2.072613e-02	2.590766e-02	1.357144e-01	1.100578e-01	6.525867e-01	5.513764e-02
21110	1.972744e-01	8.033658e-01	2.476939e-02	3.096174e-02	1.621896e-01	1.584828e-01	4.513739e-01	4.263399e-01
11829	3.974895e-01	3.938700e-01	2.914108e-02	3.642635e-02	1.908153e-01	1.269087e-01	3.001178e-01	7.440671e-01
15822	2.783855e-01	6.143675e-01	2.330075e-02	2.912593e-02	1.525729e-01	1.504391e-01	9.489450e-02	3.990500e-01
1574	3.546836e-01	2.144573e-01	4.042723e-02	5.053404e-02	2.647169e-01	1.064571e-01	1.182535e-01	5.026400e-01
21936	8.551706e-01	3.781540e-01	5.157522e-02	6.446902e-02	3.377137e-01	3.209870e-01	6.373059e-01	7.377458e-01
14208	6.612368e-01	6.120499e-02	4.201340e-02	5.251676e-02	2.751031e-01	7.637358e-02	1.083181e-01	7.928559e-01
20066	5.889796e-01	6.512864e-01	2.335829e-02	2.919786e-02	1.529497e-01	8.224944e-02	1.431285e-02	7.750665e-01
8533	4.229861e-01	2.852751e-01	7.000945e-02	8.751181e-02	4.584208e-01	2.812623e-01	6.924759e-01	1.700442e-01
16175	2.692457e-01	4.802477e-01	3.101987e-02	3.877483e-02	2.031176e-01	8.567829e-02	7.607858e-01	3.615626e-01
4333	7.341935e-01	3.761984e-02	2.383337e-02	2.979172e-02	1.560606e-01	9.061644e-02	4.973064e-01	4.673956e-01
3861	4.013380e-01	4.292263e-01	2.530419e-02	3.163023e-02	1.656914e-01	5.759653e-02	7.358735e-01	4.062549e-01
30363	2.200473e-01	2.047927e-01	2.959938e-02	3.699922e-02	1.938163e-01	8.802321e-02	4.384650e-01	2.034453e-01
4032	7.764648e-01	8.092698e-01	2.097798e-02	2.622247e-02	1.373635e-01	6.531172e-02	6.883880e-01	9.914893e-01
18475	3.169456e-01	2.793945e-01	4.259833e-02	5.324791e-02	2.789332e-01	2.731435e-01	4.231203e-01	5.975049e-01
25782	3.047669e-01	1.853049e-01	4.411283e-02	5.514103e-02	2.888501e-01	2.867108e-01	7.038142e-03	8.225466e-01
31994	5.907433e-02	4.411919e-01	2.199928e-02	2.749910e-02	1.440509e-01	1.239222e-01	5.125444e-01	3.633361e-01
