28387	5.489003e-01	8.912800e-01	2.632715e-02	3.290894e-02	1.723898e-01	1.707405e-01	7.345592e-01	8.324605e-02
27055	9.417901e-01	5.655808e-01	3.910393e-02	4.887992e-02	2.560520e-01	2.485471e-01	7.272879e-01	6.762947e-01
5474	1.811788e-01	3.707700e-01	4.091726e-02	5.114658e-02	2.679256e-01	1.399188e-01	5.621281e-01	3.111274e-01
27277	7.318587e-01	3.018251e-01	2.250892e-02	2.813615e-02	1.473881e-01	1.092333e-01	3.181928e-01	4.087014e-02
24663	6.125168e-01	3.375978e-01	6.767282e-02	8.459102e-02	4.431206e-01	4.070117e-01	2.247413e-01	6.596235e-01
27944	3.797005e-01	4.023164e-01	5.221567e-02	6.526959e-02	3.419074e-01	1.938666e-01	8.887390e-01	6.993285e-01
8352	2.604875e-01	5.543411e-01	3.020714e-02	3.775892e-02	1.977959e-01	7.775568e-02	9.276035e-01	9.793356e-01
24782	5.857641e-01	4.349364e-01	5.352789e-02	6.690986e-02	3.504998e-01	2.235512e-01	8.179697e-01	3.418306e-01
2945	5.566713e-01	3.890019e-01	2.076122e-02	2.595152e-02	1.359441e-01	6.581200e-02	4.353874e-01	7.800281e-01
29185	9.034820e-01	3.193542e-01	2.564627e-02	3.205783e-02	1.679313e-01	1.009387e-01	9.936724e-01	4.290290e-01
5217	6.031867e-01	6.773906e-02	3.774744e-02	4.718429e-02	2.471696e-01	1.356929e-01	2.414968e-01	5.040717e-01
2767	9.101372e-01	1.733713e-01	3.130719e-02	3.913399e-02	2.049990e-01	1.896922e-01	2.833902e-02	1.570918e-01
16160	3.084592e-01	6.984038e-02	2.882866e-02	3.603583e-02	1.887696e-01	1.427172e-01	6.464695e-01	5.123061e-02
29406	8.644166e-01	8.436094e-01	7.425674e-02	9.282093e-02	4.862320e-01	2.279927e-01	2.543483e-01	4.448601e-01
25598	6.416771e-01	7.657053e-01	3.470953e-02	4.338691e-02	2.272775e-01	6.683739e-02	7.834006e-01	2.805149e-01
1575	7.475326e-01	2.662502e-01	3.320669e-02	4.150836e-02	2.174369e-01	2.153041e-01	2.446629e-01	3.977088e-01
6874	4.492578e-01	1.442363e-01	7.164373e-02	8.955466e-02	4.691220e-01	3.661434e-01	2.586069e-01	7.348506e-01
28963	1.292847e-01	7.999410e-01	2.464657e-02	3.080821e-02	1.613854e-01	1.518653e-01	9.008037e-01	4.797411e-01
2187	1.255823e-01	2.992907e-01	2.180843e-02	2.726053e-02	1.428012e-01	5.596841e-02	7.102780e-01	5.640844e-01
10704	1.053348e-01	5.395797e-02	2.069436e-02	2.586795e-02	1.355063e-01	1.238471e-01	2.361191e-01	1.629218e-01
31310	1.815526e-01	1.058233e-01	2.777856e-02	3.472320e-02	1.818936e-01	1.780405e-01	5.951216e-01	4.983351e-01
32602	8.933023e-01	6.790973e-01	5.948807e-02	7.436009e-02	3.895270e-01	3.855729e-01	5.788838e-01	7.619254e-01
29570	6.165883e-01	4.710045e-01	2.652866e-02	3.316082e-02	1.737092e-01	1.147859e-01	9.187227e-01	8.229319e-01
25798	9.496854e-01	7.558797e-01	3.999420e-02	4.999275e-02	2.618814e-01	2.611272e-01	2.180447e-01	5.641392e-02
23503	3.044809e-01	9.231412e-01	4.763381e-02	5.954226e-02	3.119054e-01	1.025254e-01	6.510483e-01	1.486552e-01
25617	2.892545e-01	2.072599e-01	2.352762e-02	2.940952e-02	1.540585e-01	6.283790e-02	3.623439e-01	8.235578e-01
18355	3.786455e-01	9.259199e-02	2.162636e-02	2.703295e-02	1.416091e-01	1.040355e-01	5.881971e-01	2.955181e-01
18726	9.162506e-02	3.581959e-01	2.567889e-02	3.209862e-02	1.681450e-01	1.047062e-01	2.553583e-01	9.220490e-01
17931	6.104138e-01	2.317309e-01	2.833559e-02	3.541949e-02	1.855410e-01	1.393168e-01	5.437921e-01	2.904335e-01
21630	5.735574e-02	1.978752e-01	2.215775e-02	2.769719e-02	1.450886e-01	4.674845e-02	9.169560e-01	4.132303e-01
30130	8.136644e-02	6.255296e-02	2.180189e-02	2.725236e-02	1.427584e-01	8.689365e-02	1.522767e-01	4.375574e-01
19222	4.895594e-01	7.949303e-01	2.398940e-02	2.998675e-02	1.570822e-01	1.077287e-01	1.524458e-01	8.733691e-01
27959	9.131273e-01	4.023236e-01	7.646965e-02	9.558706e-02	5.007221e-01	4.580383e-01	8.187891e-01	7.363097e-01
12232	3.405312e-01	5.398539e-01	4.201858e-02	5.252322e-02	2.751370e-01	1.875568e-01	2.070189e-01	9.238863e-02
5003	9.387850e-01	1.851719e-01	2.060935e-02	2.576169e-02	1.349497e-01	8.914013e-02	5.788202e-01	4.921068e-01
21944	6.943948e-01	2.574392e-01	5.361918e-02	6.702398e-02	3.510976e-01	1.732975e-01	6.948732e-01	1.761630e-01
9475	8.055729e-01	6.321519e-01	3.734871e-02	4.668589e-02	2.445588e-01	2.062988e-01	3.475001e-01	4.037714e-02
5755	7.610250e-01	9.058085e-01	5.853973e-02	7.317466e-02	3.833172e-01	1.772830e-01	7.074977e-02	1.409832e-01
23907	9.020795e-01	2.703824e-01	3.589629e-02	4.487036e-02	2.350483e-01	2.334040e-01	7.356233e-01	7.650951e-01
20826	8.753946e-01	1.895574e-01	4.460147e-02	5.575184e-02	2.920497e-01	2.042810e-01	4.874127e-01	7.602730e-01
7692	8.237567e-01	1.583211e-01	2.476122e-02	3.095152e-02	1.621361e-01	1.619537e-01	4.818728e-01	3.222438e-01
8709	5.171131e-01	9.332397e-01	3.738565e-02	4.673206e-02	2.448006e-01	2.383525e-01	7.256297e-01	1.974509e-01
32573	6.570247e-01	6.644408e-01	2.506277e-02	3.132847e-02	1.641106e-01	5.358653e-02	8.615073e-01	1.262499e-01
2646	2.122871e-01	2.918676e-01	2.675753e-02	3.344691e-02	1.752079e-01	1.501645e-01	1.691557e-01	6.006885e-01
591	1.171777e-01	8.796547e-01	6.553691e-02	8.192114e-02	4.291347e-01	3.648557e-01	1.866505e-02	6.675129e-01
5893	6.536987e-02	7.278204e-01	3.224432e-02	4.030540e-02	2.111353e-01	2.022812e-01	2.495519e-01	5.800881e-01
22419	7.668591e-01	3.235105e-01	2.346759e-02	2.933449e-02	1.536654e-01	1.258147e-01	9.772881e-01	2.509190e-01
18948	5.214502e-01	6.044605e-01	2.560276e-02	3.200345e-02	1.676465e-01	9.413543e-02	3.199592e-01	3.636548e-01
26668	7.241087e-01	6.030412e-01	7.068833e-02	8.836041e-02	4.628661e-01	4.017731e-01	4.475163e-01	8.910360e-01
197	8.008401e-02	5.902407e-01	4.285109e-02	5.356387e-02	2.805883e-01	1.867000e-01	1.970431e-01	5.868248e-03
31096	4.566019e-01	8.830244e-01	3.769189e-02	4.711486e-02	2.468059e-01	7.981203e-02	7.811665e-01	2.269652e-01
19584	5.057525e-01	4.501989e-01	3.356515e-02	4.195644e-02	2.197841e-01	1.304192e-01	6.229674e-01	8.949768e-01
18602	3.452800e-01	3.233828e-01	2.212770e-02	2.765962e-02	1.448918e-01	1.071826e-01	3.041814e-01	7.733286e-01
8498	3.900243e-01	3.292914e-01	2.054899e-02	2.568624e-02	1.345545e-01	1.298238e-01	3.513272e-01	2.089361e-02
1788	1.571424e-01	9.534822e-01	2.095341e-02	2.619176e-02	1.372026e-01	1.116753e-01	3.115390e-01	7.138490e-01
21376	7.678741e-01	1.013012e-01	4.795307e-02	5.994134e-02	3.139960e-01	9.187066e-02	3.362354e-01	3.464249e-01
20856	6.304065e-01	8.628357e-01	3.318485e-02	4.148107e-02	2.172939e-01	1.637452e-01	4.598273e-01	1.382714e-01
30293	4.498995e-01	8.197334e-01	3.064687e-02	3.830858e-02	2.006752e-01	1.932408e-01	5.767483e-01	7.421682e-01
20579	1.694574e-01	5.483774e-01	3.343668e-02	4.179585e-02	2.189428e-01	1.128400e-01	9.434306e-01	1.322250e-01
19550	2.450299e-01	4.497694e-01	2.584134e-02	3.230167e-02	1.692087e-01	1.580539e-01	8.785029e-01	2.972484e-02
23859	3.560604e-01	1.428580e-01	2.935761e-02	3.669701e-02	1.922332e-01	8.774453e-02	2.854763e-01	9.604369e-01
9278	3.004055e-01	7.581617e-01	6.144300e-02	7.680375e-02	4.023278e-01	3.890419e-01	1.640191e-01	8.452237e-01
30375	3.325295e-01	1.830798e-01	2.432332e-02	3.040415e-02	1.592687e-01	5.622434e-02	7.852828e-01	8.075075e-01
9193	2.130765e-01	5.934200e-01	6.256470e-02	7.820588e-02	4.096727e-01	2.675601e-01	5.608369e-01	1.142166e-01
18643	9.543290e-02	7.998253e-01	2.291630e-02	2.864538e-02	1.500556e-01	1.484357e-01	6.741094e-01	8.578629e-01
5492	7.048512e-01	8.463873e-01	2.218828e-02	2.773535e-02	1.452885e-01	1.437278e-01	4.962918e-01	4.587182e-01
28527	7.457572e-01	3.492305e-01	2.359799e-02	2.949748e-02	1.545193e-01	1.175616e-01	4.096125e-01	9.092373e-01
29619	6.504031e-01	7.121145e-01	2.240027e-02	2.800034e-02	1.466766e-01	4.062769e-02	9.847212e-02	3.569422e-01
9156	3.135749e-01	3.979451e-01	2.493125e-02	3.116407e-02	1.632495e-01	4.969454e-02	8.387787e-01	6.420071e-01
3009	5.462793e-01	8.419697e-01	2.164791e-02	2.705989e-02	1.417502e-01	5.534912e-02	5.528728e-01	5.385204e-01
26260	1.710613e-01	7.145346e-01	7.582170e-02	9.477713e-02	4.964793e-01	1.959721e-01	1.166603e-02	4.763571e-01
7385	4.884713e-01	3.427302e-01	4.710772e-02	5.888465e-02	3.084606e-01	2.217437e-01	2.771674e-01	4.113442e-02
22338	6.711059e-01	8.991113e-01	2.411442e-02	3.014302e-02	1.579008e-01	7.548766e-02	5.056842e-01	5.890495e-01
4674	4.328755e-01	6.389489e-01	3.594892e-02	4.493616e-02	2.353930e-01	2.045782e-01	1.805273e-01	8.585132e-01
13783	3.144534e-01	3.203183e-02	2.398575e-02	2.998219e-02	1.570583e-01	1.521982e-01	5.166830e-03	5.881152e-01
28056	4.802506e-01	2.235903e-01	3.206295e-02	4.007868e-02	2.099477e-01	2.098979e-01	9.657032e-01	8.903379e-01
489	9.230293e-01	9.589896e-01	2.329467e-02	2.911834e-02	1.525331e-01	1.489413e-01	5.500749e-01	9.589120e-03
6943	6.443148e-01	8.108513e-01	2.932184e-02	3.665230e-02	1.919990e-01	1.903140e-01	6.994039e-01	8.620244e-01
15499	9.012668e-01	7.900357e-01	4.076518e-02	5.095648e-02	2.669298e-01	7.642907e-02	8.325040e-01	7.272105e-01
19167	3.239439e-01	9.494385e-01	2.996411e-02	3.745513e-02	1.962045e-01	7.985684e-02	7.135479e-01	2.062897e-01
