32139	3.899456e-01	1.521029e-01	2.854782e-02	3.568477e-02	1.869307e-01	1.766761e-01	4.507915e-01	9.179042e-01
18873	7.021889e-01	8.653058e-01	4.481344e-02	5.601680e-02	2.934377e-01	8.721363e-02	6.074757e-01	8.403647e-01
21066	8.085635e-01	4.497197e-01	5.498694e-02	6.873368e-02	3.600536e-01	3.073857e-01	5.434517e-01	6.776928e-01
2733	9.400881e-01	7.049087e-01	2.315122e-02	2.893903e-02	1.515938e-01	8.795342e-02	9.085664e-01	9.719018e-01
31177	6.653655e-01	3.443842e-01	3.886952e-02	4.858689e-02	2.545170e-01	1.703623e-01	2.547779e-01	8.199493e-01
8916	6.379264e-01	2.420972e-01	3.766743e-02	4.708429e-02	2.466457e-01	1.391650e-01	4.404504e-01	9.307692e-01
24676	2.447490e-01	2.560723e-01	2.306051e-02	2.882564e-02	1.509999e-01	7.267669e-02	4.043534e-01	9.050886e-01
19873	2.549898e-01	8.325218e-01	3.772317e-02	4.715397e-02	2.470108e-01	1.369616e-01	5.774261e-01	8.385337e-01
24361	9.547656e-01	1.256952e-01	2.903622e-02	3.629527e-02	1.901287e-01	5.195346e-02	3.208275e-01	7.118309e-01
7476	1.304355e-01	6.679360e-01	3.808974e-02	4.761218e-02	2.494111e-01	1.831679e-01	4.068520e-01	4.190623e-01
30377	6.115680e-01	9.240374e-01	4.565772e-02	5.707215e-02	2.989661e-01	2.848141e-01	3.962984e-01	5.023603e-01
7742	1.883811e-01	7.658629e-01	6.777002e-02	8.471252e-02	4.437570e-01	4.426649e-01	5.185237e-01	5.964366e-01
30984	3.323401e-01	2.421621e-01	2.954510e-02	3.693138e-02	1.934609e-01	1.924925e-01	3.124474e-01	6.255504e-01
26503	3.449386e-01	5.314100e-01	2.584294e-02	3.230368e-02	1.692192e-01	1.226893e-01	4.973511e-01	9.240247e-01
3050	8.801193e-01	5.116326e-01	6.173737e-02	7.717171e-02	4.042554e-01	1.522026e-01	7.208144e-01	8.783944e-01
3394	4.383639e-01	8.364330e-01	5.397565e-02	6.746957e-02	3.534317e-01	1.855980e-01	2.747627e-01	9.268721e-01
16168	3.260862e-01	7.979508e-02	3.047429e-02	3.809286e-02	1.995452e-01	1.472639e-01	2.879200e-01	8.624415e-01
28594	5.559582e-01	1.345353e-01	7.482420e-02	9.353025e-02	4.899477e-01	4.431830e-01	9.538162e-01	6.862638e-01
6581	4.943136e-01	7.664556e-01	2.201388e-02	2.751735e-02	1.441465e-01	6.551036e-02	4.847702e-01	9.499655e-01
6070	2.056854e-01	8.582491e-01	2.603919e-02	3.254899e-02	1.705042e-01	1.640007e-01	9.302892e-01	2.009415e-01
26021	4.582252e-02	2.531404e-01	2.276739e-02	2.845924e-02	1.490805e-01	1.284029e-01	2.847288e-01	1.600742e-01
23654	6.268975e-01	3.242283e-01	5.295615e-02	6.619519e-02	3.467561e-01	1.217900e-01	6.498793e-01	5.908162e-01
25174	1.964516e-01	1.308210e-01	4.609558e-02	5.761947e-02	3.018331e-01	2.772145e-01	6.546706e-01	7.589773e-01
30016	2.417273e-01	5.041625e-01	3.711219e-02	4.639024e-02	2.430100e-01	8.930221e-02	3.589962e-01	1.203131e-01
10292	5.315039e-02	2.203760e-01	2.589956e-02	3.237445e-02	1.695899e-01	1.485817e-01	2.319263e-01	2.179521e-01
22945	5.710025e-01	7.765285e-01	3.231720e-02	4.039650e-02	2.116125e-01	1.460726e-01	5.829715e-01	8.226522e-01
23568	1.780600e-01	6.277549e-01	2.296050e-02	2.870063e-02	1.503450e-01	1.008746e-01	3.967138e-01	1.936402e-01
11152	4.073674e-01	5.889248e-01	3.040966e-02	3.801208e-02	1.991220e-01	1.715349e-01	9.061768e-01	6.696658e-01
24248	4.204280e-01	1.595772e-01	2.164467e-02	2.705583e-02	1.417289e-01	1.318558e-01	1.061158e-01	5.754459e-04
7640	9.545280e-01	9.221184e-01	2.115777e-02	2.644721e-02	1.385407e-01	1.378153e-01	3.467736e-01	7.538022e-01
889	9.090371e-01	9.686542e-01	2.610565e-02	3.263206e-02	1.709394e-01	4.915341e-02	3.762492e-01	5.720000e-01
5034	4.739131e-01	6.056269e-01	5.654653e-02	7.068316e-02	3.702658e-01	1.736701e-01	2.457432e-01	9.419991e-02
24794	9.575797e-01	4.669264e-01	3.671246e-02	4.589057e-02	2.403926e-01	2.151031e-01	1.909403e-01	2.533643e-02
21270	6.930268e-02	3.139240e-01	2.578160e-02	3.222700e-02	1.688175e-01	1.685972e-01	1.353159e-01	4.645785e-01
4680	5.335466e-01	6.761807e-01	4.690068e-02	5.862585e-02	3.071049e-01	1.630129e-01	3.732622e-01	3.475147e-01
3295	7.649130e-01	4.407393e-01	2.201997e-02	2.752496e-02	1.441864e-01	6.724255e-02	9.095459e-01	5.546744e-01
16146	2.176371e-01	3.517949e-01	5.387990e-02	6.734988e-02	3.528048e-01	1.075861e-01	7.857796e-01	7.950307e-01
817	8.813685e-01	7.842719e-01	6.208629e-02	7.760786e-02	4.065401e-01	3.860468e-01	6.107706e-01	5.737466e-01
15706	3.934942e-01	6.408255e-02	4.835551e-02	6.044439e-02	3.166311e-01	2.869582e-01	5.230444e-01	4.824151e-02
27135	3.842551e-01	2.340911e-01	4.510876e-02	5.638594e-02	2.953714e-01	2.818308e-01	5.575677e-01	9.423256e-01
9449	3.557956e-01	4.737966e-01	3.679087e-02	4.598859e-02	2.409061e-01	8.402689e-02	4.755021e-01	9.440077e-01
3045	2.610525e-01	6.417162e-01	3.736523e-02	4.670654e-02	2.446670e-01	1.783726e-01	2.010829e-01	1.026175e-01
28315	6.178411e-02	1.609000e-01	3.337627e-02	4.172034e-02	2.185473e-01	6.430185e-02	7.954727e-01	3.218264e-01
29092	1.917057e-01	9.376902e-01	4.808001e-02	6.010002e-02	3.148272e-01	3.138184e-01	3.128586e-03	6.102998e-01
19765	6.635902e-01	8.098734e-01	7.147301e-02	8.934126e-02	4.680041e-01	3.825237e-01	4.479383e-01	1.650661e-01
2421	7.877611e-01	1.198258e-01	3.898509e-02	4.873136e-02	2.552738e-01	2.078844e-01	8.448566e-01	2.172258e-01
8072	8.074611e-01	9.087762e-02	2.796781e-02	3.495976e-02	1.831328e-01	7.952632e-02	3.729335e-01	6.462226e-01
7016	4.489663e-01	6.468737e-01	2.204687e-02	2.755858e-02	1.443625e-01	1.208000e-01	7.771420e-02	4.418490e-01
28559	3.629696e-01	3.543545e-01	2.092211e-02	2.615264e-02	1.369977e-01	4.186702e-02	6.470088e-01	4.630948e-01
16772	6.697042e-01	6.232955e-01	5.267688e-02	6.584610e-02	3.449274e-01	3.354370e-01	7.368517e-01	9.335536e-02
14901	5.540020e-01	5.549368e-01	3.575529e-02	4.469412e-02	2.341251e-01	2.208000e-01	4.289735e-01	5.578700e-01
26619	7.475115e-01	5.912515e-01	5.024501e-02	6.280626e-02	3.290036e-01	1.781815e-01	1.526889e-01	8.557153e-01
29108	6.761901e-02	6.207786e-01	3.309439e-02	4.136799e-02	2.167016e-01	1.600343e-01	5.990929e-02	3.009776e-01
29959	8.931463e-01	7.124113e-01	2.863115e-02	3.578893e-02	1.874763e-01	8.510331e-02	3.202987e-03	5.084327e-02
19743	8.629134e-01	3.983786e-01	7.424383e-02	9.280479e-02	4.861475e-01	1.631648e-01	4.840272e-01	3.366062e-01
1062	5.371046e-01	2.739500e-01	5.815571e-02	7.269463e-02	3.808027e-01	1.717742e-01	7.456528e-01	6.292572e-01
10015	5.602194e-01	3.534059e-01	5.346789e-02	6.683487e-02	3.501069e-01	1.078861e-01	2.126579e-01	4.492210e-01
29644	4.940734e-01	8.902981e-01	2.420158e-02	3.025197e-02	1.584715e-01	9.042283e-02	9.827629e-01	5.982862e-01
5708	9.134213e-01	3.305405e-01	4.175882e-02	5.219853e-02	2.734361e-01	2.733992e-01	6.623367e-01	7.258812e-01
14683	1.472005e-01	5.827638e-01	2.227214e-02	2.784018e-02	1.458377e-01	1.221907e-01	3.797980e-01	1.833363e-02
31933	8.382719e-01	6.544483e-01	3.505308e-02	4.381635e-02	2.295270e-01	2.128646e-01	9.262372e-01	9.501925e-01
14940	1.305825e-01	3.737188e-01	3.525198e-02	4.406498e-02	2.308294e-01	1.815584e-01	5.475132e-01	3.950241e-01
17981	7.709436e-01	8.764433e-01	3.471339e-02	4.339174e-02	2.273028e-01	2.215688e-01	5.210550e-01	6.854261e-01
2293	4.235870e-01	2.723351e-01	3.294073e-02	4.117591e-02	2.156954e-01	1.043617e-01	9.635119e-01	4.778101e-01
20249	6.974368e-02	4.536019e-01	2.893437e-02	3.616797e-02	1.894618e-01	6.749178e-02	6.957776e-01	1.755314e-01
10241	1.376610e-01	9.574283e-01	3.217433e-02	4.021792e-02	2.106770e-01	1.476332e-01	6.009659e-01	6.299245e-02
4560	5.402476e-01	6.015723e-01	4.155129e-02	5.193911e-02	2.720772e-01	1.087292e-01	3.506416e-01	9.606241e-01
23791	9.159409e-01	2.318905e-01	3.422260e-02	4.277825e-02	2.240890e-01	2.043853e-01	3.763503e-01	5.743749e-01
19988	5.186623e-01	7.457592e-01	2.903582e-02	3.629478e-02	1.901261e-01	1.508847e-01	6.330854e-01	5.305832e-01
21331	2.860648e-01	5.361843e-01	2.607371e-02	3.259214e-02	1.707303e-01	1.610660e-01	2.585937e-01	3.234806e-01
5266	3.321518e-01	9.346944e-01	5.277905e-02	6.597381e-02	3.455964e-01	1.007801e-01	1.491551e-01	3.748709e-01
23394	6.819010e-01	5.467270e-01	3.274487e-02	4.093109e-02	2.144129e-01	2.121074e-01	9.104654e-01	6.617123e-02
10434	1.143938e-01	2.819992e-01	3.850680e-02	4.813350e-02	2.521419e-01	2.516927e-01	8.789303e-02	4.379777e-01
