24467	1.399259e-01	5.769633e-01	7.606124e-02	9.507655e-02	4.980478e-01	2.660325e-01	1.209529e-01	1.420429e-01
25549	8.429825e-01	9.234506e-01	3.381712e-02	4.227140e-02	2.214340e-01	2.142784e-01	8.063821e-01	5.972013e-01
14634	6.345661e-01	2.270354e-01	2.384397e-02	2.980496e-02	1.561299e-01	1.373872e-01	3.813720e-01	5.792911e-01
25586	4.261538e-01	5.500616e-01	7.514168e-02	9.392710e-02	4.920265e-01	3.540349e-01	4.330579e-01	7.183284e-01
14114	7.185295e-02	7.137117e-01	2.833266e-02	3.541582e-02	1.855218e-01	5.765052e-02	5.511661e-01	4.110767e-01
12978	9.034846e-01	1.714823e-01	2.728118e-02	3.410147e-02	1.786367e-01	1.310344e-01	3.573152e-01	3.733253e-01
20841	8.012745e-01	3.303567e-01	3.836440e-02	4.795550e-02	2.512095e-01	2.394353e-01	6.074592e-01	4.528892e-01
21069	3.370306e-01	6.492232e-01	2.369110e-02	2.961388e-02	1.551290e-01	1.547049e-01	5.149053e-02	5.964256e-01
25220	8.209955e-01	4.194475e-01	2.927302e-02	3.659127e-02	1.916793e-01	1.710975e-01	8.895955e-01	2.625696e-01
24331	6.789103e-01	2.090568e-01	2.809070e-02	3.511338e-02	1.839375e-01	7.627531e-02	2.406762e-01	3.795343e-01
20223	7.001675e-01	7.165637e-01	2.430103e-02	3.037629e-02	1.591228e-01	1.325809e-01	2.599314e-01	3.898299e-01
13790	8.529498e-01	5.938708e-01	2.171945e-02	2.714931e-02	1.422186e-01	7.814970e-02	1.730263e-01	8.992333e-02
27754	2.757607e-01	7.060597e-01	2.181856e-02	2.727320e-02	1.428676e-01	1.052891e-01	2.281059e-01	6.110476e-01
31224	3.522167e-01	8.556773e-01	2.087976e-02	2.609969e-02	1.367203e-01	1.347338e-01	2.214926e-01	9.712698e-01
28976	6.551455e-01	9.076699e-01	3.295707e-02	4.119634e-02	2.158024e-01	1.655461e-01	2.475513e-01	3.054891e-01
18284	3.049513e-01	5.337504e-01	5.593857e-02	6.992321e-02	3.662849e-01	2.903450e-01	4.839652e-01	4.628043e-01
4055	9.256258e-02	9.148514e-01	2.788130e-02	3.485163e-02	1.825663e-01	1.668661e-01	5.514607e-02	6.770729e-01
32468	6.722103e-01	7.949121e-02	2.507051e-02	3.133814e-02	1.641613e-01	1.558768e-01	2.571558e-01	2.634929e-01
19808	2.408442e-01	3.138528e-01	4.259980e-02	5.324975e-02	2.789428e-01	2.138974e-01	4.496053e-01	5.212958e-01
21975	1.775083e-01	9.590950e-01	2.294971e-02	2.868714e-02	1.502743e-01	1.186617e-01	2.474830e-01	6.624830e-01
21455	4.824033e-01	8.785589e-01	6.820990e-02	8.526237e-02	4.466373e-01	1.690473e-01	4.595459e-01	2.625153e-01
6014	8.826219e-01	8.032860e-01	5.833674e-02	7.292092e-02	3.819881e-01	3.014778e-01	2.468979e-01	2.911739e-01
12524	4.904873e-01	3.513512e-01	2.192066e-02	2.740083e-02	1.435362e-01	1.433875e-01	1.210434e-01	1.109405e-01
31533	1.538682e-01	8.971893e-01	2.785243e-02	3.481554e-02	1.823773e-01	1.415372e-01	2.476458e-01	8.591319e-01
10660	8.256504e-02	8.103087e-01	2.733480e-02	3.416850e-02	1.789878e-01	1.778452e-01	1.697928e-01	5.901311e-01
1749	6.871562e-01	4.331172e-01	2.899271e-02	3.624089e-02	1.898438e-01	7.731080e-02	4.137407e-01	9.513766e-01
4369	7.396025e-01	7.437201e-01	4.960477e-02	6.200596e-02	3.248112e-01	2.345571e-01	2.515568e-01	4.152244e-01
24203	6.888321e-01	8.640611e-01	4.344516e-02	5.430645e-02	2.844782e-01	1.190417e-01	7.476068e-01	8.786117e-01
30638	6.060414e-01	6.799331e-01	4.648535e-02	5.810669e-02	3.043854e-01	1.726358e-01	6.903659e-01	3.933977e-01
32252	8.367353e-01	3.738124e-01	3.062467e-02	3.828084e-02	2.005299e-01	1.028551e-01	4.450499e-03	3.531423e-01
27256	3.894710e-01	1.950817e-01	2.771751e-02	3.464688e-02	1.814938e-01	1.688700e-01	8.141958e-01	3.715724e-01
19006	2.423308e-01	4.370295e-01	7.572055e-02	9.465068e-02	4.958170e-01	1.909276e-01	1.458729e-01	3.687776e-01
23113	9.346777e-01	4.078008e-02	2.958047e-02	3.697558e-02	1.936924e-01	1.595290e-01	6.383951e-01	5.814431e-01
11235	6.187374e-01	8.018428e-01	7.725218e-02	9.656523e-02	5.058461e-01	3.044637e-01	7.946888e-01	5.026261e-01
15664	6.705690e-01	5.344900e-01	2.669845e-02	3.337306e-02	1.748210e-01	7.312936e-02	2.699340e-01	9.483611e-01
5942	7.603038e-01	5.724530e-01	6.641434e-02	8.301792e-02	4.348800e-01	2.970411e-01	4.011938e-01	6.747977e-01
486	9.373951e-01	7.387885e-01	5.486330e-02	6.857912e-02	3.592440e-01	2.885437e-01	9.583806e-02	7.121282e-02
18952	1.824272e-01	1.322739e-01	4.929274e-02	6.161592e-02	3.227681e-01	3.108581e-01	6.735195e-01	6.205786e-01
19403	2.917922e-01	2.362859e-01	3.291637e-02	4.114547e-02	2.155359e-01	5.603296e-02	4.165263e-02	9.746265e-01
14221	6.748445e-01	3.517647e-01	2.508801e-02	3.136001e-02	1.642759e-01	1.295777e-01	7.625772e-01	4.297766e-01
19797	5.222587e-01	3.151485e-01	2.316847e-02	2.896059e-02	1.517068e-01	1.516771e-01	4.431434e-01	3.445192e-01
27013	8.008762e-01	1.692530e-01	2.215920e-02	2.769900e-02	1.450981e-01	1.178065e-01	7.865609e-02	4.350291e-01
21089	3.444372e-02	3.511545e-01	3.047203e-02	3.809004e-02	1.995304e-01	5.675474e-02	2.430878e-01	5.408247e-01
3575	1.708438e-01	4.196263e-01	4.425793e-02	5.532242e-02	2.898003e-01	1.856894e-01	5.780868e-02	7.842601e-01
13639	5.080447e-01	5.128651e-01	6.039249e-02	7.549062e-02	3.954491e-01	3.878809e-01	6.880065e-01	3.062576e-01
20865	1.157969e-01	4.835706e-01	5.332296e-02	6.665370e-02	3.491579e-01	3.349935e-01	6.994122e-01	3.992361e-01
26888	5.351951e-02	8.891677e-01	2.608853e-02	3.261066e-02	1.708273e-01	5.981226e-02	5.121730e-01	6.070633e-01
22824	7.498187e-01	6.538427e-01	2.904199e-02	3.630249e-02	1.901665e-01	7.871742e-02	2.157704e-01	4.402498e-02
28802	7.404424e-01	7.184399e-02	3.438921e-02	4.298651e-02	2.251800e-01	1.522262e-01	4.109705e-01	5.937654e-01
17851	3.639487e-01	3.395960e-01	2.272888e-02	2.841110e-02	1.488284e-01	1.419339e-01	8.940375e-01	3.139692e-01
9318	4.172859e-01	6.403186e-01	4.174088e-02	5.217610e-02	2.733186e-01	2.292614e-01	8.568427e-01	8.965787e-01
6507	5.485795e-01	4.818256e-01	2.127709e-02	2.659636e-02	1.393220e-01	1.185895e-01	8.750066e-01	2.518782e-02
12821	9.586955e-01	5.239685e-01	2.989186e-02	3.736483e-02	1.957315e-01	1.756468e-01	9.710001e-01	6.702999e-01
17013	2.947305e-01	8.974021e-01	5.113233e-02	6.391541e-02	3.348137e-01	3.268614e-01	8.801401e-01	7.972144e-01
19678	8.523321e-01	2.692995e-01	2.441670e-02	3.052088e-02	1.598802e-01	1.595746e-01	6.593266e-01	9.812250e-01
667	7.037176e-01	1.935959e-01	2.144452e-02	2.680565e-02	1.404184e-01	1.049419e-01	5.297078e-01	5.076726e-01
6374	2.728755e-01	8.615719e-02	6.832146e-02	8.540183e-02	4.473679e-01	3.145890e-01	6.072110e-02	8.391062e-01
21955	4.237449e-01	9.517898e-01	2.527382e-02	3.159228e-02	1.654926e-01	1.318441e-01	9.025778e-01	2.395374e-01
1815	8.485751e-01	7.286272e-01	3.097450e-02	3.871812e-02	2.028205e-01	1.682786e-01	2.205490e-01	9.281030e-01
24065	4.721404e-01	8.100038e-01	2.904258e-02	3.630323e-02	1.901704e-01	7.490463e-02	6.374753e-01	2.518619e-02
30953	4.141288e-01	1.686250e-01	3.024879e-02	3.781099e-02	1.980686e-01	1.218263e-01	8.715824e-01	2.888087e-01
14129	4.733618e-01	1.088704e-01	6.740393e-02	8.425491e-02	4.413599e-01	3.738038e-01	4.229483e-01	4.480836e-01
6927	5.357034e-01	7.333235e-01	2.599691e-02	3.249614e-02	1.702274e-01	7.476536e-02	4.723344e-01	4.177933e-01
7353	2.655423e-01	5.753205e-01	2.570709e-02	3.213387e-02	1.683297e-01	8.578664e-02	9.244679e-01	3.592635e-02
31084	2.342724e-01	8.347368e-01	3.979604e-02	4.974505e-02	2.605839e-01	2.405472e-01	2.619573e-01	5.272318e-03
16238	2.034552e-01	8.901950e-01	4.588718e-02	5.735897e-02	3.004685e-01	1.982675e-01	3.749912e-01	7.483879e-01
24081	8.555889e-01	6.539605e-01	3.953625e-02	4.942031e-02	2.588828e-01	2.336843e-01	9.056880e-02	1.599184e-01
9474	3.196396e-01	4.095297e-01	3.676147e-02	4.595184e-02	2.407136e-01	7.074706e-02	4.380162e-01	1.982552e-01
8276	4.465030e-01	2.127013e-01	2.503734e-02	3.129667e-02	1.639441e-01	1.609302e-01	4.120576e-01	9.001152e-01
6839	5.564117e-01	9.225154e-01	4.055655e-02	5.069568e-02	2.655636e-01	2.611379e-01	4.579263e-01	4.467757e-02
14338	5.457751e-01	2.985992e-01	2.221251e-02	2.776564e-02	1.454472e-01	1.032463e-01	4.607545e-01	7.396192e-01
29850	5.605835e-01	4.154795e-01	6.372255e-02	7.965319e-02	4.172543e-01	3.094375e-01	3.152297e-01	7.080690e-02
4791	1.488909e-01	7.062613e-01	6.031943e-02	7.539929e-02	3.949707e-01	3.896657e-01	6.636448e-01	2.956035e-01
21229	2.715829e-01	3.900714e-01	2.470466e-02	3.088083e-02	1.617657e-01	1.617036e-01	2.101324e-02	4.230705e-01
22986	7.233660e-01	2.278064e-01	2.329851e-02	2.912314e-02	1.525583e-01	4.921821e-02	8.394080e-02	5.453272e-01
