24839	2.173914e-01	7.791904e-01	2.942910e-02	3.678638e-02	1.927013e-01	1.731583e-01	9.388789e-01	8.309609e-01
14433	1.909019e-01	8.152755e-01	2.990468e-02	3.738085e-02	1.958154e-01	1.956838e-01	3.193062e-01	7.830404e-01
11973	1.294694e-01	3.717714e-01	2.701697e-02	3.377121e-02	1.769067e-01	1.395810e-01	9.262349e-01	2.801513e-01
16395	3.642690e-01	2.637129e-01	4.087918e-02	5.109897e-02	2.676762e-01	2.670762e-01	4.237586e-01	6.960357e-01
2335	6.660745e-01	7.051589e-01	3.300040e-02	4.125050e-02	2.160861e-01	1.456394e-01	7.569454e-01	5.685301e-01
20363	8.100734e-02	5.661085e-01	5.712485e-02	7.140606e-02	3.740526e-01	2.746765e-01	6.316903e-01	8.245247e-01
20643	9.212333e-01	5.221377e-01	6.613950e-02	8.267438e-02	4.330804e-01	4.330641e-01	1.925406e-01	1.314911e-01
20897	8.983859e-01	7.026833e-01	3.560570e-02	4.450712e-02	2.331455e-01	1.740289e-01	5.963897e-01	1.271812e-01
31935	9.301201e-02	6.143438e-01	2.847034e-02	3.558792e-02	1.864233e-01	7.484278e-02	7.877336e-01	8.366607e-01
888	6.038793e-01	6.269278e-01	4.026124e-02	5.032655e-02	2.636300e-01	2.235655e-01	7.907321e-01	4.055099e-01
10619	1.581603e-01	7.058684e-01	2.601391e-02	3.251739e-02	1.703387e-01	5.960072e-02	3.097263e-01	3.455861e-01
31367	5.171818e-01	6.700290e-01	3.454288e-02	4.317859e-02	2.261862e-01	1.908504e-01	1.784457e-01	7.247750e-01
28474	8.093679e-01	8.550342e-01	3.407276e-02	4.259095e-02	2.231079e-01	2.228610e-01	2.785799e-01	5.446140e-01
22896	5.015372e-01	3.119119e-01	2.374733e-02	2.968417e-02	1.554972e-01	1.305680e-01	2.047395e-01	2.191397e-01
26187	3.895885e-01	5.558116e-01	2.739843e-02	3.424803e-02	1.794045e-01	1.600983e-01	1.369447e-01	8.528465e-02
26444	8.563300e-01	4.204154e-01	4.360415e-02	5.450519e-02	2.855193e-01	8.950006e-02	5.918913e-01	6.484118e-01
7585	3.403049e-01	5.493624e-01	4.242228e-02	5.302785e-02	2.777804e-01	8.327755e-02	2.994524e-01	7.599343e-01
24286	5.190520e-01	7.735999e-01	4.254301e-02	5.317877e-02	2.785710e-01	2.778320e-01	1.273680e-01	7.884246e-01
27602	5.307115e-02	2.724889e-01	2.349443e-02	2.936804e-02	1.538412e-01	1.444229e-01	6.853638e-01	4.107239e-01
4483	8.044299e-01	2.553143e-01	2.347734e-02	2.934668e-02	1.537293e-01	4.841712e-02	5.848688e-02	5.941593e-01
7853	2.205224e-01	9.736262e-01	2.108213e-02	2.635267e-02	1.380455e-01	9.745030e-02	8.540299e-01	1.311098e-01
20874	2.467406e-01	8.896962e-02	2.556380e-02	3.195475e-02	1.673913e-01	1.604774e-01	9.187529e-01	2.304711e-01
11339	6.716161e-01	8.305345e-01	3.171331e-02	3.964163e-02	2.076582e-01	1.103809e-01	4.244003e-01	3.105609e-01
23731	2.700317e-01	2.492216e-01	4.979993e-02	6.224991e-02	3.260891e-01	2.448996e-01	9.744829e-01	5.104206e-01
30871	2.315439e-01	9.244329e-01	4.623477e-02	5.779346e-02	3.027446e-01	2.329526e-01	7.139893e-01	8.514318e-01
29361	1.567870e-01	5.846528e-01	6.803172e-02	8.503965e-02	4.454706e-01	1.428403e-01	9.169841e-01	7.872023e-01
15134	6.362865e-01	1.934105e-01	2.482580e-02	3.103225e-02	1.625589e-01	8.924785e-02	9.449361e-01	8.375979e-01
20167	6.908336e-01	5.351558e-01	2.807150e-02	3.508938e-02	1.838118e-01	9.216724e-02	4.120974e-01	7.377543e-01
12450	5.288466e-01	5.840304e-01	2.277230e-02	2.846538e-02	1.491127e-01	1.490713e-01	2.204889e-02	7.929270e-02
3415	8.148488e-01	2.968140e-01	2.428908e-02	3.036136e-02	1.590446e-01	5.974919e-02	5.475677e-01	2.542546e-01
14886	5.574443e-01	7.304805e-01	5.083544e-02	6.354430e-02	3.328697e-01	2.165716e-01	7.499724e-01	2.106556e-01
17314	8.009073e-01	6.536902e-01	2.508947e-02	3.136184e-02	1.642855e-01	7.278739e-02	5.525624e-01	7.091175e-01
23823	7.461195e-01	5.651517e-01	3.967966e-02	4.959958e-02	2.598218e-01	2.590749e-01	2.052253e-01	2.216853e-01
23612	3.670773e-01	9.325576e-01	2.890337e-02	3.612922e-02	1.892588e-01	1.604677e-01	1.320755e-01	6.507366e-01
1836	3.214997e-01	8.207548e-01	3.076086e-02	3.845107e-02	2.014216e-01	1.930666e-01	2.596377e-01	6.439952e-01
26423	7.254824e-01	6.562044e-01	7.576031e-02	9.470039e-02	4.960773e-01	3.610605e-01	4.947380e-01	8.474273e-01
463	1.602464e-01	2.858201e-01	4.600201e-02	5.750251e-02	3.012204e-01	1.330961e-01	2.927397e-01	2.830188e-01
16106	6.385105e-01	8.824508e-01	2.311810e-02	2.889763e-02	1.513770e-01	1.263810e-01	2.759416e-01	1.180683e-01
1793	9.366234e-01	3.664864e-01	3.318889e-02	4.148611e-02	2.173203e-01	1.875134e-01	4.207502e-01	9.105820e-01
1671	1.396068e-01	9.103898e-01	3.197612e-02	3.997015e-02	2.093791e-01	1.696243e-01	4.068276e-01	3.234270e-01
27184	2.482838e-01	3.060554e-01	2.134303e-02	2.667879e-02	1.397538e-01	9.043031e-02	5.714088e-01	3.894472e-01
27227	6.344233e-01	3.860040e-01	5.256330e-02	6.570413e-02	3.441837e-01	3.114538e-01	2.273030e-01	3.784545e-01
9574	4.991928e-01	5.581193e-01	7.665551e-02	9.581939e-02	5.019391e-01	2.118346e-01	8.065205e-01	3.741172e-01
17254	3.790096e-02	2.176083e-01	2.586901e-02	3.233627e-02	1.693899e-01	1.151582e-01	1.868918e-01	7.678319e-01
31363	6.201550e-01	8.321464e-01	2.666204e-02	3.332755e-02	1.745826e-01	5.357254e-02	3.612060e-01	9.211456e-01
9649	4.977192e-01	4.846115e-01	2.682148e-02	3.352685e-02	1.756267e-01	1.729729e-01	6.605237e-01	9.866148e-02
7369	9.029425e-01	1.475220e-01	2.425565e-02	3.031956e-02	1.588256e-01	1.524512e-01	4.408135e-01	6.276431e-01
8140	4.789420e-01	2.192297e-01	6.056152e-02	7.570190e-02	3.965559e-01	1.923255e-01	8.987923e-01	2.418882e-02
1020	9.551078e-02	2.096133e-01	2.230936e-02	2.788670e-02	1.460813e-01	1.447995e-01	6.506348e-01	7.064840e-01
15396	3.637606e-01	7.742438e-01	3.258181e-02	4.072726e-02	2.133452e-01	1.598153e-01	2.637070e-01	4.180461e-01
5247	5.862982e-01	5.641076e-02	2.552665e-02	3.190832e-02	1.671481e-01	1.069018e-01	1.398063e-01	2.766116e-01
15801	3.145615e-01	1.938058e-01	3.008819e-02	3.761024e-02	1.970170e-01	1.876104e-01	1.693761e-01	5.572140e-01
7922	5.587842e-01	1.805764e-01	2.123109e-02	2.653887e-02	1.390209e-01	9.654970e-02	2.339182e-01	7.887207e-01
30526	3.363657e-01	1.543540e-01	2.550244e-02	3.187806e-02	1.669896e-01	5.047724e-02	9.411295e-01	6.793149e-01
5863	8.064535e-01	5.700890e-01	3.475302e-02	4.344127e-02	2.275622e-01	6.888918e-02	4.938062e-01	1.770328e-01
16609	5.868413e-01	8.595680e-01	6.107561e-02	7.634451e-02	3.999221e-01	3.624725e-01	4.239775e-01	4.441476e-01
11265	8.276917e-01	5.144510e-02	2.673932e-02	3.342415e-02	1.750886e-01	8.060754e-02	5.935115e-01	3.291484e-01
19953	7.516385e-01	3.119781e-01	5.930563e-02	7.413204e-02	3.883323e-01	1.811573e-01	5.111518e-01	8.077844e-01
14421	1.389939e-01	7.946632e-01	2.503518e-02	3.129397e-02	1.639299e-01	1.077848e-01	1.140779e-01	8.568076e-01
27500	5.829281e-01	8.179709e-02	2.260323e-02	2.825404e-02	1.480056e-01	6.942363e-02	8.034371e-01	4.865560e-01
11198	4.429953e-01	4.222347e-01	2.126512e-02	2.658139e-02	1.392436e-01	7.099498e-02	8.139372e-01	4.048412e-01
24857	2.435027e-01	6.068532e-01	6.089828e-02	7.612286e-02	3.987610e-01	1.859863e-01	7.957706e-01	9.253294e-02
19836	4.360553e-02	8.587151e-01	4.374388e-02	5.467986e-02	2.864343e-01	2.332555e-01	4.609564e-01	7.458823e-01
19298	8.838278e-01	5.938246e-01	2.306873e-02	2.883591e-02	1.510537e-01	1.510122e-01	6.226061e-01	5.901308e-01
14410	7.841672e-01	8.068872e-01	2.110447e-02	2.638058e-02	1.381917e-01	1.077985e-01	9.835586e-01	4.747288e-01
6764	7.056846e-01	7.838737e-01	4.652837e-02	5.816046e-02	3.046670e-01	1.154106e-01	5.204861e-01	2.702569e-01
21894	3.171288e-01	1.008237e-01	4.027403e-02	5.034253e-02	2.637137e-01	1.583142e-01	6.135806e-01	3.212342e-01
21001	5.969505e-01	4.126533e-01	2.306194e-02	2.882742e-02	1.510092e-01	1.369327e-01	3.667398e-02	5.551763e-01
14734	6.834151e-01	1.879827e-01	4.291039e-02	5.363799e-02	2.809766e-01	2.594182e-01	5.572870e-01	3.989577e-01
14925	3.105765e-01	6.876916e-01	2.629294e-02	3.286618e-02	1.721658e-01	1.718546e-01	3.929563e-01	6.684895e-01
31346	1.775980e-01	2.259593e-01	5.663190e-02	7.078988e-02	3.708248e-01	3.234934e-01	2.579486e-01	3.122009e-01
8187	8.692561e-01	8.172941e-01	2.229570e-02	2.786962e-02	1.459919e-01	1.286421e-01	9.488050e-01	4.394977e-02
16029	9.551976e-01	6.529212e-01	2.147348e-02	2.684185e-02	1.406080e-01	1.406075e-01	6.261612e-01	8.697111e-02
17099	8.666341e-01	1.903906e-01	2.564357e-02	3.205447e-02	1.679137e-01	1.679136e-01	1.652578e-01	9.815606e-01
18354	4.437549e-01	6.867805e-01	7.234288e-02	9.042860e-02	4.737000e-01	2.378840e-01	5.922309e-01	2.394954e-01
32496	6.852755e-01	3.309139e-01	3.365277e-02	4.206597e-02	2.203578e-01	2.199088e-01	6.159187e-01	5.621017e-02
13071	3.427914e-01	3.644037e-01	2.693202e-02	3.366503e-02	1.763505e-01	1.564204e-01	9.947188e-01	2.429385e-01
16643	2.658110e-01	4.954742e-01	3.844852e-02	4.806065e-02	2.517603e-01	2.028016e-01	7.338597e-02	3.800565e-01
