30584	4.576712e-01	7.735929e-01	4.784490e-02	5.980612e-02	3.132876e-01	1.259524e-01	9.771877e-01	1.175040e-01
8749	2.483034e-01	5.597064e-01	4.281017e-02	5.351271e-02	2.803203e-01	1.880575e-01	7.669916e-01	9.849938e-02
30206	1.608686e-01	2.927533e-01	2.707814e-02	3.384768e-02	1.773072e-01	5.263273e-02	8.625890e-01	8.218570e-01
695	6.095992e-01	6.210856e-02	2.474127e-02	3.092659e-02	1.620055e-01	1.585288e-01	6.446440e-01	5.908584e-01
2796	5.569516e-01	8.253437e-01	6.872047e-02	8.590058e-02	4.499805e-01	2.952403e-01	9.894289e-01	5.115644e-01
20808	2.516235e-01	4.628599e-01	7.838149e-02	9.797686e-02	5.132408e-01	4.632209e-01	2.177123e-01	1.256145e-01
15610	1.492707e-01	1.890272e-01	3.703834e-02	4.629792e-02	2.425265e-01	2.103482e-01	6.963015e-01	7.579908e-01
23039	3.620972e-02	2.973821e-01	3.435388e-02	4.294235e-02	2.249487e-01	6.853018e-02	1.962036e-01	6.954909e-01
6759	8.656795e-01	8.850638e-01	7.502175e-02	9.377719e-02	4.912413e-01	4.706003e-01	2.086816e-01	6.884864e-01
12277	9.119806e-01	4.584735e-01	6.293770e-02	7.867212e-02	4.121151e-01	3.713301e-01	2.578353e-01	6.716393e-01
3782	5.818653e-01	2.020088e-01	2.763452e-02	3.454315e-02	1.809504e-01	1.202029e-01	7.868866e-01	8.229980e-02
22517	9.310719e-02	7.355299e-01	2.238495e-02	2.798119e-02	1.465763e-01	1.234900e-01	6.845315e-01	7.558338e-01
31282	3.018738e-01	6.979166e-01	2.360111e-02	2.950139e-02	1.545397e-01	1.252125e-01	2.543127e-02	9.365824e-01
7102	6.045771e-01	7.859019e-01	2.156268e-02	2.695335e-02	1.411921e-01	1.395212e-01	7.777046e-01	2.305988e-01
31402	4.515252e-01	6.701418e-01	4.162233e-02	5.202791e-02	2.725424e-01	2.127479e-01	1.366658e-02	5.278663e-01
6579	5.885531e-01	3.074140e-01	5.164278e-02	6.455348e-02	3.381561e-01	3.368958e-01	9.684311e-01	5.238639e-01
5296	1.870820e-01	6.976832e-01	2.157518e-02	2.696898e-02	1.412740e-01	1.384332e-01	3.842663e-02	3.808859e-01
19578	4.374347e-02	5.383737e-01	2.420971e-02	3.026214e-02	1.585248e-01	7.641217e-02	6.925403e-01	5.631979e-01
25575	1.758682e-01	3.250825e-01	2.668884e-02	3.336105e-02	1.747581e-01	1.747193e-01	6.060236e-01	4.300546e-01
12752	8.267206e-01	4.625662e-01	4.553055e-02	5.691319e-02	2.981333e-01	2.810848e-01	4.434130e-01	6.620765e-01
13300	4.499718e-01	1.106926e-01	3.054966e-02	3.818708e-02	2.000387e-01	1.615191e-01	3.059841e-02	3.813341e-01
21846	6.841468e-01	6.183039e-01	3.415759e-02	4.269698e-02	2.236633e-01	1.809111e-01	6.540990e-01	1.430896e-01
17413	5.153697e-01	6.051383e-01	4.577314e-02	5.721642e-02	2.997218e-01	1.582635e-01	1.162936e-01	4.527609e-01
31943	1.930544e-01	8.290330e-01	5.660356e-02	7.075445e-02	3.706393e-01	3.078871e-01	3.766966e-01	2.586110e-01
27167	8.623817e-01	1.131338e-01	2.757326e-02	3.446658e-02	1.805493e-01	1.071180e-01	6.034057e-01	9.623217e-01
29471	4.731178e-01	3.859417e-01	2.896017e-02	3.620021e-02	1.896307e-01	1.089778e-01	1.320908e-01	5.583609e-01
2642	7.080014e-01	5.005747e-01	3.729891e-02	4.662364e-02	2.442327e-01	1.642319e-01	2.803446e-01	1.918867e-01
19546	9.443968e-01	3.949740e-01	2.201069e-02	2.751336e-02	1.441257e-01	1.352825e-01	7.446517e-01	1.430358e-03
5260	6.423200e-01	7.147212e-01	2.238306e-02	2.797883e-02	1.465640e-01	1.309051e-01	4.141896e-01	1.774789e-01
3928	2.957383e-02	3.752919e-01	2.877423e-02	3.596778e-02	1.884132e-01	1.323142e-01	7.353450e-01	9.856916e-01
13056	6.851278e-01	1.438993e-01	2.901986e-02	3.627482e-02	1.900216e-01	1.641057e-01	7.056874e-01	2.177958e-01
8514	4.559812e-02	1.889774e-01	2.600773e-02	3.250966e-02	1.702982e-01	1.699785e-01	8.270616e-01	5.253000e-01
19347	6.219716e-01	8.397175e-01	2.321475e-02	2.901844e-02	1.520098e-01	1.234113e-01	6.352132e-01	8.494827e-02
2728	4.078382e-01	9.150503e-02	5.435661e-02	6.794576e-02	3.559262e-01	1.031141e-01	3.015830e-02	9.274978e-01
8868	1.036283e-01	5.342773e-01	2.530091e-02	3.162614e-02	1.656700e-01	1.642418e-01	9.455991e-01	1.109253e-01
11763	4.195263e-01	5.029709e-01	2.491821e-02	3.114776e-02	1.631640e-01	5.330657e-02	4.845326e-01	1.325921e-01
26213	3.822114e-01	5.910444e-01	4.158386e-02	5.197982e-02	2.722904e-01	2.417687e-01	3.863996e-02	7.653773e-01
10389	6.885284e-02	9.486794e-01	2.091040e-02	2.613800e-02	1.369210e-01	1.168299e-01	5.890595e-01	8.076221e-01
19370	3.468737e-01	2.916182e-01	3.895532e-02	4.869414e-02	2.550788e-01	2.497567e-01	6.806751e-01	4.049598e-01
14591	4.412475e-01	9.278572e-01	3.535411e-02	4.419264e-02	2.314982e-01	1.085021e-01	1.654866e-01	5.780083e-01
822	3.443401e-01	8.254921e-01	3.675704e-02	4.594630e-02	2.406845e-01	7.457778e-02	2.871763e-01	6.891780e-01
3815	9.435929e-01	8.190443e-01	2.391987e-02	2.989983e-02	1.566269e-01	9.544792e-02	3.675873e-01	7.144419e-01
4574	1.222102e-01	7.641885e-01	2.310542e-02	2.888178e-02	1.512939e-01	1.485685e-01	8.093437e-01	3.337196e-01
15478	7.262858e-01	8.309725e-01	6.405556e-02	8.006945e-02	4.194348e-01	3.880172e-01	2.960538e-01	6.073812e-01
23427	7.552018e-01	1.316234e-01	7.339779e-02	9.174724e-02	4.806076e-01	2.863859e-01	1.408234e-02	5.581722e-01
30203	4.999183e-01	7.986230e-01	2.497660e-02	3.122075e-02	1.635464e-01	5.471570e-02	7.564049e-01	7.844351e-01
13594	7.846305e-01	3.255910e-01	2.475718e-02	3.094648e-02	1.621096e-01	1.582924e-01	2.071661e-01	1.389197e-01
3705	1.176325e-01	2.280990e-01	2.601139e-02	3.251424e-02	1.703222e-01	1.692687e-01	7.836189e-01	1.162039e-01
6896	6.420957e-01	5.229239e-01	2.369677e-02	2.962097e-02	1.551661e-01	9.630824e-02	4.497912e-01	1.243869e-01
2855	4.298895e-01	3.962965e-02	3.117761e-02	3.897201e-02	2.041505e-01	1.662360e-01	1.744753e-01	8.571543e-01
14681	6.241102e-01	4.691970e-01	2.869257e-02	3.586571e-02	1.878785e-01	8.258017e-02	4.283599e-01	3.435780e-02
14258	4.421140e-01	4.557843e-01	2.917132e-02	3.646414e-02	1.910133e-01	1.731632e-01	5.756439e-01	6.005781e-01
20562	3.890149e-01	6.876247e-01	2.212577e-02	2.765721e-02	1.448792e-01	1.375371e-01	6.992533e-01	2.115383e-01
11981	4.670139e-01	8.395887e-01	2.871248e-02	3.589060e-02	1.880089e-01	1.563071e-01	7.958078e-01	9.997446e-01
22444	4.047190e-01	3.153973e-01	3.497411e-02	4.371764e-02	2.290099e-01	1.545837e-01	6.516177e-01	7.676363e-02
22477	7.064974e-01	4.184325e-01	3.500242e-02	4.375303e-02	2.291953e-01	1.156509e-01	5.380273e-01	7.751815e-01
28026	2.362924e-01	2.254002e-01	2.619231e-02	3.274038e-02	1.715068e-01	1.602482e-01	7.845444e-02	2.553007e-01
19326	2.442345e-01	8.657178e-01	2.351825e-02	2.939781e-02	1.539971e-01	9.470394e-02	4.820920e-01	3.684945e-01
15123	9.409506e-01	4.482884e-02	2.510308e-02	3.137885e-02	1.643746e-01	9.845210e-02	6.432052e-01	8.013880e-02
21424	9.325946e-01	8.864740e-01	2.370975e-02	2.963719e-02	1.552511e-01	1.444659e-01	8.362873e-01	3.493383e-01
13648	9.078676e-01	7.488039e-01	2.292794e-02	2.865992e-02	1.501318e-01	9.666161e-02	4.151320e-01	5.547233e-01
307	2.591594e-01	6.631763e-01	2.500826e-02	3.126032e-02	1.637537e-01	1.586384e-01	4.793847e-01	5.139421e-01
12369	2.436473e-01	7.143798e-01	3.803408e-02	4.754260e-02	2.490465e-01	1.407825e-01	3.258430e-01	8.389661e-01
27667	5.251263e-01	9.229776e-01	4.693100e-02	5.866374e-02	3.073034e-01	2.386155e-01	7.438547e-01	8.357245e-02
14296	1.159213e-01	5.847440e-02	2.723071e-02	3.403839e-02	1.783063e-01	1.611806e-01	2.512256e-01	4.796073e-01
19770	3.216618e-01	6.618305e-01	2.251523e-02	2.814403e-02	1.474293e-01	9.520738e-02	4.157139e-01	8.444907e-01
3577	1.819384e-01	6.219986e-01	3.842590e-02	4.803238e-02	2.516122e-01	8.451433e-02	8.617285e-01	8.579181e-01
28390	7.812337e-01	6.374263e-01	5.905927e-02	7.382409e-02	3.867192e-01	3.765939e-01	3.718455e-01	4.636643e-01
31284	8.358224e-01	8.911237e-02	2.067128e-02	2.583910e-02	1.353552e-01	1.348793e-01	1.495180e-01	1.087755e-01
24145	2.033971e-01	3.009629e-02	2.638902e-02	3.298628e-02	1.727949e-01	6.741266e-02	2.212649e-01	6.568750e-01
29139	4.875467e-01	1.018323e-01	2.188336e-02	2.735421e-02	1.432919e-01	5.403534e-02	8.870113e-01	6.868693e-01
2116	5.587241e-01	5.562636e-01	4.461985e-02	5.577482e-02	2.921701e-01	1.903352e-01	9.711300e-01	3.950297e-02
27003	7.566404e-01	2.202338e-01	2.262021e-02	2.827527e-02	1.481168e-01	6.417117e-02	2.399096e-01	6.086271e-01
2022	7.588955e-02	2.422058e-01	6.331018e-02	7.913773e-02	4.145541e-01	2.127002e-01	4.252615e-01	4.917049e-02
22837	5.029614e-01	2.357571e-01	2.427477e-02	3.034347e-02	1.589508e-01	5.374733e-02	4.296804e-01	4.479557e-01
18023	5.546672e-01	1.594117e-01	2.582613e-02	3.228266e-02	1.691091e-01	5.151135e-02	8.781526e-01	9.442017e-01
