24886	8.267529e-01	6.839386e-01	2.405435e-02	3.006794e-02	1.575075e-01	1.102579e-01	1.065225e-01	5.132303e-01
13286	9.205407e-01	8.172284e-01	3.496287e-02	4.370358e-02	2.289363e-01	1.744104e-01	7.981338e-01	5.484009e-01
4471	2.532250e-01	1.985515e-01	2.755884e-02	3.444855e-02	1.804548e-01	1.802583e-01	3.091310e-01	1.743123e-01
12051	6.875517e-01	5.976120e-01	6.414575e-02	8.018218e-02	4.200253e-01	4.199802e-01	6.671904e-01	4.437312e-01
16516	2.660389e-01	1.113856e-01	2.239426e-02	2.799282e-02	1.466373e-01	1.385366e-01	6.811619e-01	2.109302e-01
11777	8.839725e-01	5.406786e-01	4.077132e-02	5.096415e-02	2.669700e-01	1.640793e-01	8.753778e-01	5.701624e-02
432	4.840176e-01	1.013442e-01	2.624795e-02	3.280994e-02	1.718712e-01	1.138683e-01	7.705509e-01	2.224359e-01
9940	5.964219e-01	5.341136e-01	7.136221e-02	8.920276e-02	4.672787e-01	4.284734e-01	3.757281e-01	7.104049e-01
15428	5.971219e-01	6.499748e-01	5.296132e-02	6.620166e-02	3.467899e-01	2.758071e-01	5.293051e-01	1.425157e-01
27640	4.087984e-01	3.666257e-01	3.355405e-02	4.194256e-02	2.197114e-01	1.981937e-01	8.612237e-01	1.676242e-01
27114	3.126692e-01	6.507566e-01	2.250835e-02	2.813544e-02	1.473843e-01	6.727229e-02	8.521010e-02	5.431732e-01
10705	6.333594e-01	8.576329e-01	2.087131e-02	2.608914e-02	1.366650e-01	1.064010e-01	8.530460e-01	9.952954e-01
6629	6.846515e-01	4.937845e-01	4.143361e-02	5.179201e-02	2.713066e-01	1.848883e-01	5.241425e-01	4.602758e-01
23488	8.713707e-01	7.172222e-01	4.636721e-02	5.795901e-02	3.036118e-01	2.632543e-01	7.832572e-01	2.277200e-04
16201	9.104631e-01	3.062313e-01	2.369072e-02	2.961340e-02	1.551265e-01	4.642112e-02	8.673910e-01	3.809340e-01
5217	6.859880e-01	3.042394e-01	3.420622e-02	4.275777e-02	2.239818e-01	2.232555e-01	2.621753e-01	8.975835e-01
25936	4.571268e-01	6.160632e-01	2.174853e-02	2.718566e-02	1.424090e-01	1.071709e-01	5.937654e-01	6.247684e-01
26179	5.673410e-01	3.431462e-01	3.007192e-02	3.758989e-02	1.969104e-01	1.305399e-01	8.450996e-02	8.878689e-01
28405	7.977913e-01	1.206531e-01	3.801914e-02	4.752392e-02	2.489487e-01	2.384060e-01	7.522933e-01	4.207124e-01
15150	6.901261e-01	1.665135e-01	3.989373e-02	4.986716e-02	2.612235e-01	1.445895e-01	9.663392e-01	3.374012e-01
24199	7.243222e-01	7.314045e-02	3.223802e-02	4.029753e-02	2.110941e-01	9.627663e-02	7.213225e-02	8.277537e-01
3631	1.020719e-01	4.482453e-01	3.000834e-02	3.751042e-02	1.964941e-01	1.315166e-01	8.029886e-01	6.529030e-01
28204	9.347352e-01	1.046629e-01	2.434548e-02	3.043185e-02	1.594138e-01	1.149689e-01	3.050608e-01	3.732751e-01
5904	9.606464e-01	6.816790e-02	2.608297e-02	3.260371e-02	1.707909e-01	1.644317e-01	9.421073e-01	1.039439e-01
1656	7.464725e-01	8.745778e-01	3.022483e-02	3.778104e-02	1.979117e-01	1.965780e-01	7.468938e-01	6.932405e-01
7424	7.497986e-01	1.826080e-01	2.511973e-02	3.139967e-02	1.644836e-01	1.061339e-01	2.723986e-01	5.282557e-02
5502	4.731940e-01	1.761705e-01	3.591114e-02	4.488893e-02	2.351456e-01	1.841805e-01	1.406873e-01	2.740444e-03
7357	4.010074e-01	3.055948e-01	3.187382e-02	3.984228e-02	2.087093e-01	8.819644e-02	6.839291e-01	4.855356e-01
10644	7.676966e-02	2.244476e-01	3.080382e-02	3.850477e-02	2.017029e-01	5.756757e-02	5.575253e-01	1.369597e-01
4960	5.764731e-01	4.332201e-01	6.028969e-02	7.536212e-02	3.947760e-01	3.205234e-01	3.853854e-01	4.548678e-01
3494	4.808701e-01	8.366061e-01	3.148687e-02	3.935859e-02	2.061756e-01	1.114482e-01	3.957333e-01	1.613517e-01
21362	4.585065e-01	3.717834e-01	3.656023e-02	4.570028e-02	2.393958e-01	2.120847e-01	2.727156e-01	9.327946e-01
7070	4.690449e-01	6.953330e-01	5.378840e-02	6.723549e-02	3.522056e-01	3.501822e-01	5.407535e-01	2.465418e-01
607	5.665544e-01	9.250749e-01	3.344960e-02	4.181199e-02	2.190274e-01	1.258362e-01	6.200913e-01	2.255441e-02
2179	4.122420e-01	7.727728e-01	3.396883e-02	4.246104e-02	2.224274e-01	2.166749e-01	9.710566e-01	8.144664e-01
9193	9.422321e-02	1.668077e-01	4.369340e-02	5.461675e-02	2.861037e-01	1.324868e-01	6.473841e-01	6.415304e-01
18646	3.557123e-01	5.380591e-01	2.622077e-02	3.277596e-02	1.716932e-01	1.232824e-01	7.632848e-01	1.910902e-01
7825	7.490554e-02	7.573169e-01	4.183417e-02	5.229272e-02	2.739295e-01	1.982413e-01	4.299292e-01	2.056903e-02
8945	3.146530e-01	5.497651e-01	4.714857e-02	5.893571e-02	3.087281e-01	3.034855e-01	9.084701e-01	1.027772e-01
2965	5.334844e-01	2.912592e-01	2.352102e-02	2.940127e-02	1.540153e-01	1.316324e-01	8.152305e-01	5.760423e-01
2709	1.971374e-01	5.089205e-01	2.701825e-02	3.377281e-02	1.769151e-01	1.763784e-01	5.039810e-01	4.437265e-02
4332	2.253982e-01	4.264805e-01	5.582278e-02	6.977848e-02	3.655267e-01	3.097736e-01	4.915323e-01	5.113201e-01
28572	8.744058e-01	8.551091e-01	2.896040e-02	3.620050e-02	1.896322e-01	1.231667e-01	8.660579e-01	4.315732e-01
22607	6.912178e-01	6.820419e-01	2.231109e-02	2.788886e-02	1.460927e-01	7.939776e-02	2.081461e-03	5.867027e-02
7951	6.691510e-01	7.443876e-01	3.688860e-02	4.611075e-02	2.415460e-01	2.382316e-01	5.347761e-01	8.554946e-01
22401	2.079501e-01	1.451126e-01	3.578247e-02	4.472809e-02	2.343031e-01	1.187694e-01	6.207400e-01	6.787256e-01
1153	3.698822e-01	6.448789e-01	6.624124e-02	8.280155e-02	4.337466e-01	3.974578e-01	2.145597e-01	5.931954e-01
26279	1.059835e-01	7.251549e-01	3.264000e-02	4.080000e-02	2.137262e-01	1.489898e-01	4.511715e-02	3.823287e-01
25176	3.533261e-01	8.367727e-01	3.145247e-02	3.931559e-02	2.059503e-01	1.831422e-01	4.785264e-01	4.236077e-01
5561	6.521411e-01	2.318288e-01	2.126978e-02	2.658723e-02	1.392742e-01	1.385022e-01	2.797407e-01	7.118251e-01
25326	5.068526e-01	6.967037e-01	2.826993e-02	3.533741e-02	1.851111e-01	1.236125e-01	5.944056e-01	2.435704e-01
2490	6.666661e-01	8.063806e-01	5.772663e-02	7.215828e-02	3.779930e-01	1.083283e-01	4.602107e-01	6.011895e-01
18725	4.077489e-01	6.747936e-01	2.449645e-02	3.062057e-02	1.604024e-01	1.315754e-01	7.688280e-01	7.309562e-01
21805	8.213574e-01	1.807504e-01	5.377772e-02	6.722215e-02	3.521356e-01	3.007488e-01	9.048794e-01	5.332705e-01
28695	8.215625e-01	6.955206e-02	2.772246e-02	3.465308e-02	1.815262e-01	1.810628e-01	4.185920e-01	3.630027e-01
12119	6.226072e-01	2.796535e-01	2.865440e-02	3.581799e-02	1.876285e-01	8.861044e-02	8.040481e-01	6.773025e-01
18464	6.454232e-01	9.719720e-02	6.649931e-02	8.312414e-02	4.354365e-01	2.254103e-01	8.743581e-01	3.336176e-01
20024	5.049076e-01	4.331580e-01	2.259102e-02	2.823878e-02	1.479256e-01	1.242794e-01	7.014964e-03	8.767901e-01
22103	7.526554e-01	6.952608e-01	3.825417e-02	4.781772e-02	2.504877e-01	1.230674e-01	5.890899e-01	3.940107e-01
26832	5.081062e-02	8.889418e-01	4.899543e-02	6.124429e-02	3.208213e-01	2.859528e-01	6.907763e-01	2.547812e-01
20381	2.123429e-01	3.148088e-01	2.453721e-02	3.067152e-02	1.606693e-01	9.818727e-02	1.273620e-01	3.521708e-01
27552	8.318154e-01	3.071295e-02	2.345766e-02	2.932208e-02	1.536004e-01	1.077867e-01	3.710924e-01	8.015311e-01
10547	3.590263e-01	7.129824e-01	3.818022e-02	4.772527e-02	2.500035e-01	7.208009e-02	7.927541e-01	2.244768e-01
6218	3.803435e-01	5.680621e-01	3.040337e-02	3.800421e-02	1.990808e-01	1.988624e-01	4.653655e-01	3.848086e-01
31693	2.153277e-01	7.992097e-01	7.297880e-02	9.122350e-02	4.778640e-01	4.545089e-01	9.272864e-01	5.899997e-01
21410	4.486896e-01	2.821481e-01	2.376775e-02	2.970968e-02	1.556308e-01	9.092319e-02	1.953067e-02	9.006999e-01
3317	8.218846e-01	9.126435e-01	2.123324e-02	2.654154e-02	1.390349e-01	1.383778e-01	7.056820e-01	7.793514e-01
29238	8.967911e-01	3.961995e-01	4.827968e-02	6.034960e-02	3.161346e-01	8.429845e-02	1.034302e-01	5.985188e-02
9847	6.487597e-01	8.846206e-01	3.191005e-02	3.988756e-02	2.089465e-01	1.527750e-01	4.952138e-01	1.509069e-01
9620	1.460843e-01	4.072997e-01	2.115055e-02	2.643818e-02	1.384934e-01	1.232542e-01	7.530781e-01	9.377623e-01
1463	7.135060e-01	2.739668e-01	2.152314e-02	2.690393e-02	1.409332e-01	1.404645e-01	9.298235e-01	5.454505e-01
13548	1.188215e-01	4.917099e-01	4.056943e-02	5.071179e-02	2.656480e-01	1.901785e-01	7.367982e-01	1.122866e-01
1580	3.490875e-01	4.325756e-01	2.824426e-02	3.530532e-02	1.849430e-01	1.630512e-01	9.822445e-01	3.806364e-01
3859	6.052979e-01	3.266647e-01	3.499007e-02	4.373758e-02	2.291144e-01	1.860194e-01	9.365253e-01	3.715450e-01
31886	6.005261e-01	2.135543e-01	2.350611e-02	2.938263e-02	1.539176e-01	5.838037e-02	4.553308e-01	1.415819e-01
