7709	8.475129e-01	5.347139e-01	2.207019e-02	2.758774e-02	1.445153e-01	4.005003e-02	3.179315e-01	3.025219e-01
3075	7.853946e-01	2.891706e-01	4.424496e-02	5.530620e-02	2.897153e-01	1.380354e-01	9.081217e-02	1.882036e-01
15282	2.468875e-01	7.919354e-01	6.118364e-02	7.647955e-02	4.006295e-01	2.919331e-01	7.690445e-01	3.625216e-01
9882	8.473490e-01	8.925909e-01	3.640197e-02	4.550247e-02	2.383596e-01	2.308301e-01	7.535512e-01	2.125612e-01
22812	7.452942e-01	5.851480e-02	4.236876e-02	5.296095e-02	2.774300e-01	7.572183e-02	3.401408e-01	6.522809e-01
11191	3.437375e-02	1.245330e-01	2.690740e-02	3.363425e-02	1.761892e-01	1.606489e-01	6.104190e-01	2.134947e-01
4575	5.247201e-01	5.638444e-01	3.799767e-02	4.749709e-02	2.488082e-01	2.395522e-01	8.798715e-01	2.793052e-01
16251	7.011193e-01	4.633230e-01	3.409065e-02	4.261331e-02	2.232251e-01	2.147210e-01	3.457649e-01	7.043987e-01
31948	7.562279e-01	9.421130e-01	4.053421e-02	5.066777e-02	2.654174e-01	2.016123e-01	9.382591e-01	4.741455e-01
30206	3.020803e-01	3.271926e-01	5.902196e-02	7.377745e-02	3.864749e-01	3.724612e-01	1.301307e-01	2.097131e-01
32431	1.520116e-01	6.998876e-01	2.279449e-02	2.849311e-02	1.492579e-01	1.157571e-01	5.394841e-01	5.427560e-01
18835	2.884647e-01	9.035456e-01	5.034638e-02	6.293298e-02	3.296673e-01	8.688935e-02	6.014394e-01	5.296602e-01
16300	5.908638e-01	7.300490e-01	2.836573e-02	3.545716e-02	1.857383e-01	1.230922e-01	4.186389e-01	1.917153e-01
17437	6.317545e-01	3.870613e-01	3.535611e-02	4.419514e-02	2.315113e-01	1.166376e-01	8.297472e-03	7.207528e-01
2015	7.435175e-01	7.561419e-01	2.195934e-02	2.744917e-02	1.437894e-01	1.346651e-01	4.600374e-01	2.599146e-01
16338	2.939512e-01	6.309915e-01	3.707281e-02	4.634101e-02	2.427522e-01	1.833554e-01	8.066700e-02	1.296523e-01
27588	2.354500e-01	8.902261e-01	2.800757e-02	3.500946e-02	1.833931e-01	1.556836e-01	2.643832e-01	8.079884e-01
17050	5.609478e-01	3.561981e-01	2.065536e-02	2.581920e-02	1.352510e-01	1.284685e-01	5.362280e-01	6.228027e-01
10238	8.395342e-01	7.566314e-01	3.873110e-02	4.841388e-02	2.536107e-01	2.086625e-01	9.945294e-01	9.935079e-01
29672	9.158848e-01	7.936321e-01	3.597961e-02	4.497451e-02	2.355939e-01	1.248010e-01	6.657304e-02	2.254235e-01
29882	8.608717e-01	1.830491e-01	2.483806e-02	3.104758e-02	1.626392e-01	1.376542e-01	5.437988e-01	3.683697e-01
23620	4.782749e-01	6.019986e-01	3.653106e-02	4.566382e-02	2.392048e-01	8.664459e-02	4.381652e-01	4.489027e-01
6081	7.358683e-01	1.744707e-01	5.482582e-02	6.853228e-02	3.589986e-01	2.281729e-01	5.047633e-01	3.065983e-01
22842	9.363307e-02	8.004501e-01	5.104142e-02	6.380178e-02	3.342185e-01	3.065357e-01	4.509899e-02	9.592199e-02
17483	6.003003e-01	4.520719e-01	3.492485e-02	4.365607e-02	2.286874e-01	1.400892e-01	2.477394e-01	5.111512e-02
26980	1.019929e-01	4.043795e-01	6.736313e-02	8.420391e-02	4.410927e-01	1.174987e-01	4.198151e-01	8.944777e-01
30253	4.475443e-01	5.052352e-01	2.386124e-02	2.982655e-02	1.562430e-01	5.505074e-02	4.563493e-01	3.842836e-01
22205	2.977783e-01	7.495984e-01	4.123308e-02	5.154135e-02	2.699936e-01	2.698997e-01	1.210660e-01	3.826630e-01
9204	1.656874e-01	4.632851e-01	4.073599e-02	5.091999e-02	2.667386e-01	2.658548e-01	1.565526e-01	8.710446e-01
1690	5.732662e-01	8.872749e-01	5.090461e-02	6.363076e-02	3.333226e-01	3.055021e-01	8.667254e-01	9.062174e-01
16340	4.026586e-01	8.251866e-01	2.494011e-02	3.117514e-02	1.633074e-01	1.094104e-01	8.979419e-01	1.239096e-01
2574	8.520461e-01	6.114325e-01	2.796603e-02	3.495754e-02	1.831211e-01	1.312314e-01	9.349620e-01	7.441707e-01
30815	1.777170e-01	8.524602e-01	4.683788e-02	5.854735e-02	3.066937e-01	1.798133e-01	5.025898e-01	3.424367e-01
21364	1.860802e-01	5.367034e-01	3.878047e-02	4.847559e-02	2.539339e-01	1.456408e-01	1.720762e-01	3.275316e-01
4890	1.731729e-01	6.172105e-01	4.116833e-02	5.146041e-02	2.695696e-01	1.318966e-01	3.927300e-01	8.452158e-01
13676	3.751703e-01	2.757936e-01	3.825065e-02	4.781332e-02	2.504647e-01	2.221196e-01	9.111902e-01	3.104760e-03
27968	7.962653e-01	2.509650e-01	2.546123e-02	3.182654e-02	1.667198e-01	1.266807e-01	2.081762e-01	5.562884e-01
4750	7.930344e-01	1.282386e-01	2.140826e-02	2.676033e-02	1.401810e-01	8.876896e-02	9.133169e-01	6.064961e-01
22236	3.403638e-01	8.768158e-02	3.683144e-02	4.603929e-02	2.411717e-01	2.121474e-01	3.430491e-01	5.152106e-01
5326	7.957790e-01	8.255106e-01	3.520126e-02	4.400158e-02	2.304973e-01	1.014894e-01	5.812465e-01	3.854867e-02
15834	3.687232e-01	1.495094e-01	4.836511e-02	6.045639e-02	3.166940e-01	1.399873e-01	1.575300e-01	4.103400e-01
19354	5.164528e-01	4.550080e-01	5.173799e-02	6.467249e-02	3.387796e-01	1.307805e-01	2.517624e-02	4.791098e-01
12358	2.112401e-01	6.715008e-01	3.177496e-02	3.971871e-02	2.080620e-01	1.054460e-01	9.818156e-01	6.750733e-01
12708	1.239025e-01	3.547596e-02	2.074296e-02	2.592870e-02	1.358246e-01	1.295901e-01	7.538709e-01	2.901017e-01
21537	5.659717e-01	1.920113e-01	5.179375e-02	6.474219e-02	3.391447e-01	1.580808e-01	7.597894e-01	8.344747e-01
29389	9.114801e-01	5.128969e-01	4.698925e-02	5.873657e-02	3.076849e-01	1.841690e-01	7.510739e-01	8.983905e-01
25083	1.908246e-01	2.952886e-01	3.877481e-02	4.846851e-02	2.538968e-01	2.295460e-01	8.006760e-01	9.781645e-01
3369	8.544281e-02	1.592589e-01	2.770602e-02	3.463253e-02	1.814186e-01	1.800049e-01	4.319202e-01	5.821309e-02
1833	8.914291e-02	2.337115e-01	2.354225e-02	2.942782e-02	1.541543e-01	5.807330e-02	3.698843e-01	2.812345e-01
14734	8.235516e-01	4.474468e-01	2.061149e-02	2.576436e-02	1.349637e-01	1.168622e-01	8.755416e-01	6.561467e-01
3108	2.804661e-01	4.528951e-01	2.351183e-02	2.938979e-02	1.539551e-01	4.841933e-02	4.217343e-01	4.726658e-01
11896	7.933595e-01	7.274532e-01	2.484238e-02	3.105298e-02	1.626675e-01	1.148170e-01	6.629960e-01	7.498127e-01
5615	9.369562e-01	9.593539e-01	3.186922e-02	3.983653e-02	2.086792e-01	1.916742e-01	9.410994e-01	8.167522e-01
302	6.354217e-01	4.244725e-01	2.138990e-02	2.673738e-02	1.400607e-01	4.909614e-02	5.613100e-01	1.636531e-01
24483	6.585414e-01	6.750298e-01	2.496625e-02	3.120781e-02	1.634786e-01	1.570277e-01	6.919544e-01	3.215725e-01
1676	9.097716e-01	3.242191e-02	2.187602e-02	2.734503e-02	1.432438e-01	5.913190e-02	5.402249e-01	7.228450e-01
19787	1.659324e-01	7.057462e-02	4.572193e-02	5.715241e-02	2.993865e-01	1.478902e-01	2.068166e-01	5.918493e-01
1328	2.534478e-01	2.519098e-01	4.109962e-02	5.137452e-02	2.691197e-01	1.134162e-01	8.853949e-01	2.809724e-01
18917	1.285499e-01	2.729305e-01	4.230224e-02	5.287780e-02	2.769944e-01	1.418109e-01	7.708465e-01	9.107560e-01
21950	7.134671e-01	8.666135e-01	2.055391e-02	2.569238e-02	1.345867e-01	9.651013e-02	6.222148e-01	6.516450e-01
18841	8.501115e-01	7.147382e-01	3.944171e-02	4.930213e-02	2.582637e-01	7.468662e-02	2.738537e-01	3.407151e-01
1016	9.530063e-01	1.775217e-01	2.675024e-02	3.343780e-02	1.751602e-01	1.222149e-01	7.362166e-01	2.953304e-01
10440	1.302076e-01	2.193011e-01	2.055347e-02	2.569184e-02	1.345838e-01	1.238337e-01	6.574741e-01	7.441093e-01
30461	3.327557e-01	4.431711e-01	4.053844e-02	5.067305e-02	2.654451e-01	2.486846e-01	5.693703e-01	5.146782e-01
27427	1.972010e-01	7.578721e-01	2.334346e-02	2.917932e-02	1.528526e-01	7.611068e-02	4.680550e-02	9.936125e-01
8030	6.166599e-01	5.366981e-01	2.968188e-02	3.710235e-02	1.943565e-01	1.422432e-01	7.262757e-01	7.472642e-01
14249	1.841585e-01	8.992738e-01	3.565620e-02	4.457025e-02	2.334762e-01	6.055827e-02	1.341083e-01	3.678007e-01
31349	5.654872e-01	7.019053e-02	3.643880e-02	4.554849e-02	2.386007e-01	2.382986e-01	2.884780e-01	1.018967e-01
6360	2.665090e-01	1.105821e-01	2.949928e-02	3.687410e-02	1.931609e-01	1.917138e-01	4.500277e-01	4.456837e-01
27254	3.320775e-01	9.226101e-01	3.709203e-02	4.636503e-02	2.428780e-01	1.088986e-01	6.902538e-01	5.003841e-01
3757	2.131944e-01	5.839212e-01	3.243083e-02	4.053854e-02	2.123566e-01	6.251619e-02	7.372529e-01	6.818221e-01
22702	8.288399e-01	3.424767e-01	2.516134e-02	3.145168e-02	1.647561e-01	1.553449e-01	5.649775e-01	7.302520e-01
10068	2.711104e-01	1.582677e-01	2.842187e-02	3.552734e-02	1.861060e-01	1.347015e-01	7.321993e-01	1.144741e-01
19776	7.444228e-01	7.172901e-01	2.361185e-02	2.951482e-02	1.546100e-01	1.529860e-01	7.892162e-01	1.214543e-01
13198	5.186091e-01	1.183446e-01	2.615417e-02	3.269271e-02	1.712571e-01	6.381752e-02	3.147625e-01	3.733522e-01
683	5.436711e-01	1.567660e-01	2.286181e-02	2.857726e-02	1.496988e-01	1.220290e-01	9.943246e-01	7.690128e-01
22662	2.658529e-01	4.969055e-01	3.076324e-02	3.845405e-02	2.014372e-01	1.172652e-01	6.459404e-01	8.191773e-01
28162	6.864679e-01	2.789578e-01	5.668533e-02	7.085666e-02	3.711746e-01	3.587453e-01	3.130520e-01	8.357297e-01
5622	9.031090e-02	9.051039e-01	2.371964e-02	2.964956e-02	1.553159e-01	8.228187e-02	3.800134e-01	6.553892e-02
13706	5.459739e-02	1.983281e-01	3.859423e-02	4.824279e-02	2.527144e-01	2.265282e-01	2.964773e-01	9.028752e-01
