6446	7.439457e-01	6.372681e-01	2.563829e-02	3.204787e-02	1.678791e-01	1.494565e-01	5.089712e-01	1.579617e-01
12726	3.592849e-01	3.688868e-01	2.439051e-02	3.048814e-02	1.597087e-01	4.470219e-02	2.829873e-01	1.141863e-01
1710	3.592986e-01	1.224962e-01	2.384971e-02	2.981214e-02	1.561675e-01	5.394695e-02	8.107840e-01	7.839414e-01
2914	4.137156e-01	8.327974e-01	2.593551e-02	3.241939e-02	1.698253e-01	6.772390e-02	9.701727e-01	4.051730e-01
26722	7.930982e-01	3.045391e-01	6.055426e-02	7.569282e-02	3.965083e-01	3.568485e-01	4.493709e-01	2.546557e-01
20407	7.723302e-02	4.395292e-01	3.847808e-02	4.809760e-02	2.519539e-01	1.967156e-01	4.369517e-01	5.555254e-01
23101	9.431320e-01	1.755223e-01	2.305112e-02	2.881390e-02	1.509384e-01	1.476186e-01	4.948327e-01	4.236023e-01
15385	6.080407e-02	5.792750e-01	3.123715e-02	3.904644e-02	2.045404e-01	1.130822e-01	2.139076e-01	7.963856e-01
14299	4.158408e-01	6.487490e-02	2.189555e-02	2.736944e-02	1.433717e-01	7.899828e-02	4.763138e-02	6.575394e-01
16621	8.524585e-01	4.432625e-01	4.819748e-02	6.024685e-02	3.155963e-01	1.953974e-01	7.772359e-01	1.201913e-01
11405	5.649590e-01	4.462177e-01	5.098890e-02	6.373613e-02	3.338745e-01	1.335608e-01	1.644696e-01	6.798918e-01
13136	6.894523e-01	9.177297e-01	2.503549e-02	3.129437e-02	1.639320e-01	1.639174e-01	9.626050e-01	1.476824e-01
19646	6.159774e-01	3.062108e-01	3.293765e-02	4.117206e-02	2.156752e-01	1.302246e-01	8.344569e-01	6.311326e-01
29294	6.520032e-01	5.008304e-01	5.636256e-02	7.045320e-02	3.690612e-01	1.095776e-01	6.063914e-01	8.946717e-01
31275	2.730124e-01	8.999935e-01	2.474554e-02	3.093192e-02	1.620334e-01	4.483434e-02	4.405755e-01	9.878943e-01
14856	3.306911e-01	8.582592e-01	3.062167e-02	3.827709e-02	2.005102e-01	1.998913e-01	5.294061e-01	2.384774e-01
7353	1.958287e-01	6.750336e-02	2.728922e-02	3.411153e-02	1.786894e-01	1.744517e-01	9.577603e-01	1.822084e-01
254	3.833511e-01	2.609461e-01	2.400297e-02	3.000371e-02	1.571711e-01	1.568987e-01	8.799630e-02	3.847661e-01
30459	8.733489e-01	7.502700e-01	2.107871e-02	2.634838e-02	1.380230e-01	1.323033e-01	6.842076e-01	5.740450e-01
1	4.541653e-01	2.032753e-01	2.556873e-02	3.196091e-02	1.674236e-01	1.195722e-01	7.501537e-01	3.999713e-01
18600	1.405066e-01	7.144865e-01	2.498536e-02	3.123170e-02	1.636037e-01	1.580153e-01	2.945267e-01	9.060577e-02
7247	6.140024e-01	2.181554e-01	2.212153e-02	2.765192e-02	1.448515e-01	1.251689e-01	6.671824e-01	3.017209e-01
22559	1.477173e-01	1.084827e-01	3.678843e-02	4.598553e-02	2.408900e-01	2.408536e-01	4.216880e-01	7.683402e-01
24542	7.848413e-01	3.694948e-02	3.115114e-02	3.893893e-02	2.039772e-01	1.762750e-01	1.779727e-01	5.139218e-01
21257	6.753400e-01	9.394095e-02	6.709869e-02	8.387336e-02	4.393612e-01	4.001417e-01	8.559042e-01	7.785928e-01
18734	9.548717e-01	5.688728e-01	2.295551e-02	2.869439e-02	1.503124e-01	8.281575e-02	9.204247e-01	1.112276e-01
20175	4.610143e-01	6.562167e-01	3.144316e-02	3.930395e-02	2.058893e-01	1.506955e-01	5.348834e-01	2.488190e-01
18543	8.341907e-01	7.091774e-02	2.410578e-02	3.013222e-02	1.578443e-01	7.066045e-02	9.737663e-02	7.251466e-02
1156	9.243619e-01	5.284811e-01	2.252537e-02	2.815671e-02	1.474958e-01	9.453495e-02	8.584587e-01	2.319035e-01
6042	7.227438e-01	4.520441e-01	5.036613e-02	6.295766e-02	3.297966e-01	2.841947e-01	3.795446e-01	3.679682e-02
1629	3.166819e-01	9.088704e-01	2.791874e-02	3.489843e-02	1.828115e-01	1.388552e-01	3.331434e-01	7.575370e-02
13864	7.792768e-01	5.831607e-01	2.470970e-02	3.088713e-02	1.617988e-01	1.583296e-01	2.093925e-01	5.236543e-01
16443	5.514351e-01	6.977164e-01	5.875159e-02	7.343948e-02	3.847045e-01	2.190329e-01	5.794575e-01	5.131016e-01
20881	1.888600e-01	5.606109e-01	2.497955e-02	3.122444e-02	1.635657e-01	1.379473e-01	1.582808e-01	3.011634e-01
23352	9.377109e-01	8.316727e-01	2.810630e-02	3.513288e-02	1.840396e-01	1.283709e-01	1.228692e-02	9.561855e-01
26203	5.336397e-01	1.774593e-01	2.617296e-02	3.271620e-02	1.713801e-01	1.595905e-01	8.343716e-02	9.889940e-01
5242	1.944464e-01	6.202563e-01	4.187457e-02	5.234321e-02	2.741940e-01	2.672308e-01	9.683270e-01	7.403862e-01
28463	8.178138e-02	3.384923e-01	3.456003e-02	4.320004e-02	2.262985e-01	2.257656e-01	8.461561e-02	1.706134e-01
1155	5.016547e-01	8.119527e-01	2.365412e-02	2.956765e-02	1.548868e-01	1.453339e-01	2.120150e-01	7.497478e-01
21842	8.303489e-02	5.063194e-01	4.069898e-02	5.087373e-02	2.664963e-01	1.774657e-01	5.186311e-01	6.648750e-01
15145	9.284983e-01	3.819986e-01	2.356066e-02	2.945082e-02	1.542748e-01	1.538318e-01	6.245717e-01	1.217849e-01
9944	1.987432e-01	9.517488e-01	2.626450e-02	3.283062e-02	1.719795e-01	9.020939e-02	2.065840e-01	4.268872e-01
24078	8.500543e-01	3.679789e-01	3.626363e-02	4.532953e-02	2.374537e-01	2.242737e-01	6.376312e-01	5.543370e-01
18375	6.370706e-01	1.460544e-01	4.395238e-02	5.494048e-02	2.877995e-01	1.277651e-01	1.436374e-01	5.058250e-02
22081	4.387624e-01	5.528093e-01	3.681159e-02	4.601449e-02	2.410417e-01	7.587971e-02	8.107515e-01	2.955310e-01
30319	9.158373e-01	8.573778e-01	2.450940e-02	3.063674e-02	1.604871e-01	1.374591e-01	3.427958e-01	4.325461e-03
14271	3.415244e-01	9.078047e-01	2.133860e-02	2.667326e-02	1.397249e-01	1.397008e-01	9.203756e-01	3.577119e-01
7169	8.521128e-01	1.081966e-01	4.311330e-02	5.389163e-02	2.823052e-01	1.329324e-01	7.929387e-01	4.227472e-01
2698	2.710434e-01	5.281365e-01	6.450654e-02	8.063317e-02	4.223878e-01	4.067562e-01	6.553068e-01	2.328366e-01
10540	4.036781e-01	7.904230e-01	3.960502e-02	4.950628e-02	2.593331e-01	2.020613e-01	2.644014e-01	4.023858e-01
27864	2.662821e-01	1.798158e-01	3.471114e-02	4.338893e-02	2.272880e-01	2.111408e-01	6.975915e-01	1.762748e-01
20692	2.716039e-01	3.420690e-01	4.607793e-02	5.759741e-02	3.017175e-01	1.743535e-01	3.024981e-01	6.889147e-01
28075	4.207460e-01	3.920185e-01	7.361489e-02	9.201862e-02	4.820292e-01	1.542826e-01	3.235845e-01	8.522739e-02
20494	8.784962e-01	8.151150e-01	6.666981e-02	8.333726e-02	4.365529e-01	1.990716e-01	6.796911e-01	1.370040e-01
28604	8.903982e-02	2.677562e-01	2.211586e-02	2.764482e-02	1.448143e-01	7.700801e-02	9.479772e-01	9.993392e-02
21860	1.067367e-01	8.791769e-01	2.552216e-02	3.190270e-02	1.671187e-01	1.614095e-01	3.861424e-01	1.462291e-01
31132	7.491225e-01	2.771485e-01	2.247135e-02	2.808919e-02	1.471421e-01	9.264615e-02	2.206731e-01	2.793888e-01
470	1.840117e-01	7.535806e-01	4.619751e-02	5.774689e-02	3.025006e-01	1.023729e-01	2.313705e-02	2.530817e-01
3455	4.990920e-01	7.564448e-01	3.971173e-02	4.963966e-02	2.600318e-01	2.341988e-01	9.683683e-01	4.727925e-01
24262	1.721043e-01	3.216367e-01	4.997347e-02	6.246684e-02	3.272255e-01	2.758657e-01	9.758277e-01	3.568053e-01
10942	4.967473e-01	3.037302e-01	4.192548e-02	5.240684e-02	2.745274e-01	2.364604e-01	8.010513e-01	1.306184e-01
24439	6.654102e-01	8.298609e-01	5.737600e-02	7.172000e-02	3.756972e-01	2.921722e-01	9.812151e-01	9.924698e-01
3694	8.057935e-01	8.974848e-01	2.773561e-02	3.466952e-02	1.816124e-01	1.772431e-01	2.317460e-01	6.581627e-01
22870	5.259296e-01	9.695520e-01	2.337753e-02	2.922191e-02	1.530757e-01	1.525065e-01	4.854448e-01	7.672297e-01
14665	3.524963e-01	5.989066e-01	2.768557e-02	3.460696e-02	1.812847e-01	1.068878e-01	5.234586e-01	6.137843e-01
28334	6.483116e-01	3.513166e-01	4.469416e-02	5.586770e-02	2.926566e-01	2.224314e-01	6.336186e-01	2.791936e-01
23868	1.259755e-01	5.711658e-01	3.080691e-02	3.850864e-02	2.017232e-01	1.927196e-01	6.403092e-01	2.515813e-01
29775	2.815818e-01	6.120509e-01	4.173295e-02	5.216618e-02	2.732667e-01	2.093720e-01	2.913123e-01	3.518313e-01
32204	4.064421e-01	9.174777e-01	3.194315e-02	3.992893e-02	2.091632e-01	1.802471e-01	3.290734e-01	7.097448e-01
13471	1.165983e-01	1.352768e-01	2.818502e-02	3.523128e-02	1.845551e-01	6.927459e-02	3.895683e-01	4.538142e-01
1453	7.738593e-01	2.079928e-01	2.270918e-02	2.838648e-02	1.486994e-01	9.190274e-02	6.274213e-01	6.025311e-01
16981	9.447258e-01	4.181054e-01	2.985374e-02	3.731718e-02	1.954818e-01	1.179036e-01	7.436879e-01	5.881470e-01
24233	7.162483e-01	6.979167e-01	5.448566e-02	6.810708e-02	3.567713e-01	1.950540e-01	3.963462e-01	8.795295e-01
