10657	9.393647e-01	9.570623e-01	2.408968e-02	3.011211e-02	1.577389e-01	1.360277e-01	9.518750e-01	9.271505e-01
1391	2.874953e-01	3.825981e-01	5.024880e-02	6.281099e-02	3.290283e-01	3.029420e-01	5.879735e-01	5.601948e-01
20128	6.766081e-01	6.040114e-02	2.628015e-02	3.285018e-02	1.720820e-01	1.363604e-01	8.994684e-01	5.233846e-01
3145	4.202104e-01	3.730685e-01	3.062978e-02	3.828723e-02	2.005633e-01	1.997911e-01	4.482599e-01	3.838011e-01
30645	1.072120e-01	4.943027e-01	6.781530e-02	8.476913e-02	4.440535e-01	4.074206e-01	4.567489e-01	1.536191e-01
14319	1.781091e-01	4.356211e-01	3.477934e-02	4.347417e-02	2.277346e-01	1.972479e-01	7.589712e-01	4.375669e-01
17496	2.836484e-01	7.238991e-01	5.150727e-02	6.438409e-02	3.372688e-01	1.173100e-01	4.111610e-01	2.428274e-01
17955	7.460551e-01	3.557127e-01	4.940042e-02	6.175052e-02	3.234732e-01	3.232997e-01	4.659542e-01	6.998030e-01
1083	6.130116e-01	1.475019e-01	4.654214e-02	5.817767e-02	3.047572e-01	1.724377e-01	7.475750e-01	9.392878e-01
12788	8.973015e-01	7.492469e-01	4.289101e-02	5.361376e-02	2.808496e-01	2.803802e-01	3.192735e-01	6.954493e-03
6109	4.692608e-01	4.968136e-01	2.957011e-02	3.696264e-02	1.936246e-01	1.430885e-01	3.648134e-01	2.484529e-01
5740	2.647385e-01	2.668691e-01	7.484901e-02	9.356126e-02	4.901101e-01	4.245669e-01	1.414270e-01	1.619829e-02
18846	9.810066e-02	7.026195e-01	3.790586e-02	4.738232e-02	2.482070e-01	2.063609e-01	9.267375e-01	5.829152e-01
22162	3.952680e-01	7.607104e-01	4.353857e-02	5.442321e-02	2.850899e-01	1.488952e-01	3.339147e-01	6.780209e-01
14487	8.412189e-01	9.148299e-01	6.165194e-02	7.706493e-02	4.036960e-01	4.010787e-01	5.723646e-01	5.947852e-01
31167	7.778353e-01	7.058451e-01	6.117186e-02	7.646483e-02	4.005524e-01	1.290307e-01	4.720100e-01	1.871959e-01
11931	8.194957e-01	5.478161e-01	5.347404e-02	6.684255e-02	3.501472e-01	3.412339e-01	7.117307e-01	6.576058e-01
13662	8.124297e-01	2.096007e-01	6.062756e-02	7.578446e-02	3.969883e-01	3.137124e-01	6.309270e-01	4.110665e-01
25702	5.536404e-02	3.013674e-01	3.310617e-02	4.138272e-02	2.167787e-01	1.280793e-01	5.087505e-01	8.074369e-01
26533	5.179878e-01	7.422271e-01	6.640510e-02	8.300638e-02	4.348196e-01	3.437174e-01	9.495622e-01	6.697942e-01
9694	3.771402e-01	2.195660e-01	5.879675e-02	7.349594e-02	3.850002e-01	3.673025e-01	6.318907e-01	2.477095e-01
23153	5.513652e-02	7.508448e-01	5.138082e-02	6.422603e-02	3.364408e-01	3.050730e-01	2.275760e-01	7.566547e-01
11707	1.857004e-01	5.068475e-01	2.229764e-02	2.787205e-02	1.460046e-01	1.288832e-01	5.547904e-01	9.194510e-01
9515	8.842118e-01	2.655262e-01	3.114705e-02	3.893381e-02	2.039504e-01	1.955525e-01	3.756442e-02	2.975987e-01
14825	7.933388e-01	8.135387e-02	2.122326e-02	2.652907e-02	1.389696e-01	4.656459e-02	6.558329e-01	9.363535e-02
26511	5.556295e-01	4.636610e-01	4.313833e-02	5.392291e-02	2.824691e-01	2.730823e-01	4.860505e-01	7.004831e-01
18278	1.037668e-01	6.045245e-01	3.872677e-02	4.840846e-02	2.535823e-01	7.484850e-02	6.331543e-01	7.151134e-01
5647	7.594883e-01	2.951269e-01	4.151629e-02	5.189536e-02	2.718480e-01	1.775239e-01	5.115393e-01	7.568110e-01
31585	3.466064e-01	6.194040e-02	2.185323e-02	2.731654e-02	1.430946e-01	1.346234e-01	7.343301e-01	6.498276e-01
548	6.630593e-01	6.443182e-01	2.173317e-02	2.716646e-02	1.423085e-01	1.152770e-01	4.693850e-01	8.198653e-03
20206	9.721922e-01	7.939039e-01	2.210646e-02	2.763308e-02	1.447528e-01	9.567163e-02	1.339753e-01	2.735711e-01
32345	4.798908e-01	2.377024e-01	6.617824e-02	8.272280e-02	4.333341e-01	2.397480e-01	5.497490e-01	9.288371e-01
8798	4.941499e-01	3.034807e-01	2.309311e-02	2.886639e-02	1.512133e-01	6.280077e-02	1.556224e-01	6.371804e-01
22157	4.822287e-01	9.259925e-01	2.461993e-02	3.077492e-02	1.612109e-01	1.510238e-01	1.185053e-02	6.773140e-01
15758	2.681941e-01	6.361519e-02	3.171756e-02	3.964695e-02	2.076861e-01	1.761152e-01	1.156803e-01	5.692397e-01
29953	9.352220e-01	5.882022e-01	5.715518e-02	7.144397e-02	3.742512e-01	3.352979e-01	9.404347e-01	9.520309e-01
18778	6.610615e-01	2.022257e-01	3.688731e-02	4.610914e-02	2.415375e-01	9.283160e-02	3.433828e-01	6.079196e-01
9497	9.125113e-01	9.510998e-02	3.361696e-02	4.202121e-02	2.201234e-01	2.191392e-01	6.318503e-01	2.312853e-01
14990	1.494577e-01	7.410623e-01	4.556474e-02	5.695592e-02	2.983572e-01	2.981689e-01	6.371072e-02	1.262073e-01
1675	1.567780e-01	1.802021e-01	2.860045e-02	3.575057e-02	1.872753e-01	1.835899e-01	4.541735e-01	4.168406e-02
16923	7.536733e-01	1.945488e-01	2.125734e-02	2.657167e-02	1.391927e-01	7.294649e-02	6.543731e-01	4.344987e-01
31331	6.933493e-01	3.763898e-01	3.522177e-02	4.402721e-02	2.306316e-01	1.028411e-01	5.003984e-01	3.257542e-03
10228	2.544421e-01	9.072529e-01	6.621595e-02	8.276993e-02	4.335810e-01	2.044630e-01	2.750392e-01	6.781047e-01
5915	5.891290e-01	2.964899e-01	3.825521e-02	4.781901e-02	2.504945e-01	1.918408e-01	3.140783e-02	6.821510e-01
19596	8.911566e-02	2.210293e-01	2.221325e-02	2.776656e-02	1.454520e-01	1.071366e-01	7.823956e-01	4.561664e-01
27975	8.600263e-01	4.195712e-01	2.416792e-02	3.020991e-02	1.582512e-01	9.832899e-02	8.130888e-01	6.595795e-01
15625	9.015920e-01	8.797142e-01	3.781201e-02	4.726501e-02	2.475925e-01	2.415637e-01	6.356653e-01	8.947782e-01
12153	8.913246e-01	1.306201e-01	2.882250e-02	3.602812e-02	1.887293e-01	5.040468e-02	3.929575e-04	9.081936e-01
22515	6.683771e-01	8.271762e-01	2.870415e-02	3.588019e-02	1.879543e-01	1.870685e-01	8.669038e-01	4.096602e-01
14257	1.808105e-01	1.299684e-01	2.257667e-02	2.822084e-02	1.478317e-01	1.273108e-01	1.951912e-01	8.204787e-01
2837	4.801240e-01	1.027696e-01	3.716541e-02	4.645676e-02	2.433585e-01	2.433208e-01	3.540813e-01	9.175753e-01
28587	3.638327e-01	3.294896e-01	2.611609e-02	3.264511e-02	1.710077e-01	1.700858e-01	4.539552e-01	3.238663e-01
3093	8.171368e-01	8.104641e-01	2.077270e-02	2.596588e-02	1.360193e-01	9.581763e-02	5.744241e-01	7.389296e-01
29220	7.834472e-01	5.910289e-01	3.269500e-02	4.086875e-02	2.140864e-01	2.112090e-01	9.827424e-01	2.012806e-01
15663	1.401258e-01	7.851194e-01	2.100717e-02	2.625896e-02	1.375546e-01	5.908464e-02	9.501062e-01	4.595750e-02
13585	7.489854e-02	6.088012e-01	3.885236e-02	4.856545e-02	2.544047e-01	1.793274e-01	6.233573e-01	2.010757e-01
32520	7.162336e-01	6.825733e-01	2.979574e-02	3.724467e-02	1.951020e-01	1.014807e-01	6.783066e-01	4.541949e-01
2079	8.814797e-01	3.674376e-01	3.561649e-02	4.452061e-02	2.332162e-01	1.528899e-01	4.367612e-01	9.627961e-01
547	9.417132e-01	7.981934e-01	3.815156e-02	4.768945e-02	2.498158e-01	8.452868e-02	8.187474e-01	9.859337e-01
1566	8.140104e-01	6.713867e-01	2.818007e-02	3.522509e-02	1.845227e-01	1.439983e-01	1.092144e-01	7.828266e-01
12110	3.755647e-01	9.124921e-01	5.619160e-02	7.023950e-02	3.679417e-01	2.895364e-01	6.438586e-01	4.085981e-02
21803	5.397004e-01	7.527857e-02	5.680061e-02	7.100077e-02	3.719295e-01	3.317278e-01	8.007648e-01	6.970291e-01
13455	4.541846e-01	8.255811e-01	5.481565e-02	6.851956e-02	3.589320e-01	2.598622e-01	3.689045e-01	9.721727e-01
1489	1.188582e-01	8.527771e-01	7.121555e-02	8.901944e-02	4.663183e-01	4.254575e-01	4.039643e-01	7.614575e-01
20242	9.419501e-01	5.071229e-01	4.444159e-02	5.555198e-02	2.910028e-01	1.767781e-01	8.900334e-01	7.434700e-01
22027	5.391430e-01	1.784328e-01	3.122892e-02	3.903616e-02	2.044865e-01	5.940835e-02	9.800399e-01	6.594706e-01
16072	1.915754e-01	8.922472e-01	3.588259e-02	4.485324e-02	2.349587e-01	1.858995e-01	5.808098e-01	2.722307e-01
523	1.401920e-01	2.307773e-01	3.912003e-02	4.890004e-02	2.561573e-01	1.631566e-01	9.741688e-02	8.855353e-01
27697	6.078654e-01	9.317551e-01	2.192209e-02	2.740261e-02	1.435455e-01	1.384844e-01	7.521401e-01	3.036931e-02
29077	3.987634e-01	4.808917e-01	2.370751e-02	2.963439e-02	1.552364e-01	1.509813e-01	3.343200e-01	4.354932e-01
27346	7.854800e-01	3.802761e-01	2.895987e-02	3.619984e-02	1.896288e-01	7.621639e-02	7.909112e-01	1.728700e-01
606	5.430364e-01	9.289817e-01	2.653033e-02	3.316292e-02	1.737202e-01	1.690952e-01	5.059423e-01	9.865669e-01
