573	8.435231e-01	8.964684e-01	5.474406e-02	6.843008e-02	3.584633e-01	3.488092e-01	8.171055e-01	1.234316e-01
14081	6.335292e-01	7.707580e-01	2.129242e-02	2.661552e-02	1.394224e-01	3.926243e-02	3.111175e-01	7.291784e-01
19195	9.709432e-01	8.857019e-01	2.146549e-02	2.683186e-02	1.405557e-01	1.086587e-01	6.989555e-01	7.552184e-01
15854	3.906163e-01	4.158241e-01	2.958140e-02	3.697675e-02	1.936986e-01	1.763329e-01	2.589730e-02	5.471202e-01
22998	4.962197e-01	3.753035e-01	3.255102e-02	4.068877e-02	2.131436e-01	1.386179e-01	9.744134e-01	1.793651e-01
27802	2.013275e-01	6.295472e-01	2.983672e-02	3.729590e-02	1.953704e-01	1.592519e-01	7.238348e-01	8.014237e-01
32586	9.031527e-01	2.750807e-01	3.288114e-02	4.110143e-02	2.153052e-01	2.014089e-01	8.149536e-01	1.561573e-01
11702	2.488085e-01	6.145809e-01	3.627664e-02	4.534580e-02	2.375389e-01	2.349875e-01	8.288374e-01	9.574346e-01
25327	7.475032e-01	6.889902e-02	3.530875e-02	4.413594e-02	2.312012e-01	1.206273e-01	1.092138e-01	3.720911e-01
24549	9.907605e-02	2.313691e-01	3.747002e-02	4.683752e-02	2.453531e-01	1.176272e-01	1.557426e-01	6.264149e-01
32415	9.243145e-01	5.406863e-01	4.921422e-02	6.151777e-02	3.222539e-01	1.080302e-01	9.241355e-01	2.478223e-01
30976	6.303209e-01	3.921804e-01	2.360419e-02	2.950523e-02	1.545599e-01	7.572584e-02	3.084193e-02	7.462259e-01
19752	5.698333e-01	7.413001e-01	3.437735e-02	4.297169e-02	2.251024e-01	1.417909e-01	6.650029e-01	3.588979e-01
26467	7.990236e-01	6.290974e-01	4.789153e-02	5.986441e-02	3.135930e-01	1.721723e-01	2.075998e-01	5.007712e-01
17830	8.274201e-01	2.135980e-01	2.484704e-02	3.105879e-02	1.626980e-01	1.229848e-01	2.734305e-01	3.013728e-01
32558	4.404946e-01	2.482552e-01	3.618031e-02	4.522539e-02	2.369081e-01	1.984769e-01	6.693056e-01	1.792308e-01
27188	6.337299e-01	2.572223e-01	4.171205e-02	5.214006e-02	2.731299e-01	1.661382e-01	6.959744e-01	9.705737e-01
19819	3.751734e-01	7.592163e-01	2.280470e-02	2.850588e-02	1.493248e-01	1.355517e-01	4.430123e-01	1.528805e-01
26761	8.120448e-01	8.330244e-01	2.497925e-02	3.122406e-02	1.635637e-01	1.283993e-01	6.568829e-01	3.325056e-01
28139	9.448627e-01	3.690273e-01	4.632070e-02	5.790087e-02	3.033072e-01	8.817847e-02	9.675719e-01	3.693138e-01
1790	6.770819e-01	7.074045e-01	7.852583e-02	9.815729e-02	5.141859e-01	3.424059e-01	5.499545e-01	9.167090e-01
28760	2.671129e-01	5.183927e-01	2.205740e-02	2.757175e-02	1.444315e-01	1.160797e-01	6.181040e-01	3.977690e-01
30022	6.735117e-01	3.303192e-01	2.509994e-02	3.137492e-02	1.643540e-01	1.066433e-01	5.018459e-01	2.776782e-01
2058	3.731699e-01	1.566233e-01	2.539286e-02	3.174108e-02	1.662721e-01	1.557948e-01	5.132197e-01	2.337315e-01
17805	6.510897e-01	1.442872e-01	3.928057e-02	4.910071e-02	2.572086e-01	1.152911e-01	8.465559e-01	3.934377e-01
27166	4.466613e-01	1.579112e-01	5.314630e-02	6.643288e-02	3.480012e-01	2.779872e-01	6.659668e-01	7.949832e-01
8339	1.835125e-01	7.291840e-01	7.923715e-02	9.904643e-02	5.188436e-01	3.232531e-01	8.154840e-01	1.631470e-01
32007	8.530139e-02	1.924532e-01	2.646423e-02	3.308029e-02	1.732874e-01	1.052638e-01	5.813274e-01	7.002105e-01
12219	1.385250e-01	1.723864e-01	5.114241e-02	6.392802e-02	3.348797e-01	3.327531e-01	3.254407e-01	3.620415e-01
12295	9.038846e-01	3.243996e-01	2.662156e-02	3.327695e-02	1.743175e-01	1.732335e-01	3.153632e-01	7.506948e-01
23265	1.229413e-01	8.723106e-01	2.685515e-02	3.356894e-02	1.758471e-01	1.683707e-01	2.641823e-01	3.024044e-01
2120	6.948794e-01	7.945283e-01	4.617239e-02	5.771549e-02	3.023361e-01	2.167731e-01	3.647364e-01	1.629879e-01
8671	5.418881e-01	6.113768e-01	2.594296e-02	3.242870e-02	1.698741e-01	1.698717e-01	7.325233e-01	2.560764e-01
8580	2.679763e-01	2.729554e-01	2.530986e-02	3.163733e-02	1.657286e-01	6.994887e-02	2.146865e-01	9.506711e-02
8167	8.509190e-02	3.859644e-01	2.328018e-02	2.910023e-02	1.524383e-01	1.116521e-01	9.857864e-01	5.797412e-01
31819	3.585420e-01	5.677564e-02	3.497561e-02	4.371951e-02	2.290198e-01	1.769181e-01	1.455574e-01	3.094115e-01
16637	2.231672e-01	2.866377e-01	2.809457e-02	3.511821e-02	1.839628e-01	1.016267e-01	3.157262e-01	6.526865e-01
22798	5.815787e-01	4.302100e-01	3.297847e-02	4.122309e-02	2.159425e-01	1.484430e-01	6.618689e-01	9.170197e-01
26064	2.578316e-01	4.052310e-01	3.266463e-02	4.083079e-02	2.138875e-01	1.200363e-01	8.335755e-01	7.604623e-01
9584	3.757001e-01	9.691712e-01	2.913965e-02	3.642456e-02	1.908060e-01	1.187059e-01	7.517438e-01	6.439771e-01
11412	2.004148e-01	5.113183e-01	2.219497e-02	2.774372e-02	1.453323e-01	1.200436e-01	2.045365e-02	5.962669e-01
27057	5.965275e-01	7.781094e-02	6.609979e-02	8.262474e-02	4.328204e-01	2.141409e-01	8.754978e-01	7.900825e-01
1775	7.836763e-01	1.790175e-01	4.485913e-02	5.607392e-02	2.937369e-01	2.786693e-01	7.567504e-01	5.808124e-01
26218	2.561938e-01	9.440526e-02	4.058549e-02	5.073186e-02	2.657532e-01	2.465132e-01	7.543423e-01	1.302774e-01
28512	1.287886e-01	1.065807e-01	3.665174e-02	4.581467e-02	2.399950e-01	2.145138e-01	5.330291e-01	9.632937e-01
17787	5.072116e-01	1.649873e-01	5.330606e-02	6.663257e-02	3.490472e-01	3.483468e-01	5.683521e-02	5.905615e-01
15882	1.391449e-01	6.011578e-01	2.672472e-02	3.340591e-02	1.749931e-01	1.597549e-01	6.628317e-01	7.128734e-01
3585	7.235256e-01	3.476060e-01	3.252158e-02	4.065197e-02	2.129508e-01	6.056649e-02	9.300427e-01	7.930381e-02
15859	3.100755e-01	4.113332e-01	6.834679e-02	8.543349e-02	4.475337e-01	3.895962e-01	4.659389e-01	9.963126e-01
15767	6.107852e-01	9.199287e-01	2.598159e-02	3.247698e-02	1.701270e-01	9.832274e-02	7.187104e-01	7.032254e-01
17212	5.132676e-01	8.424272e-01	4.545772e-02	5.682214e-02	2.976564e-01	2.834577e-01	8.078621e-01	9.283643e-01
32677	2.497093e-01	1.752275e-01	2.154824e-02	2.693530e-02	1.410976e-01	9.177632e-02	6.875513e-01	9.347285e-01
5347	4.152668e-01	8.218363e-01	3.394116e-02	4.242645e-02	2.222462e-01	2.147425e-01	9.160915e-01	6.138690e-01
31562	1.692787e-01	9.453670e-01	3.555911e-02	4.444888e-02	2.328405e-01	1.123491e-01	8.423775e-01	4.742271e-01
20471	2.017126e-01	8.194691e-01	3.471953e-02	4.339941e-02	2.273429e-01	1.708996e-01	3.269540e-01	6.850643e-01
74	3.806693e-01	8.691464e-01	4.514833e-02	5.643541e-02	2.956306e-01	1.253483e-01	6.209723e-01	9.646397e-01
21293	7.922014e-01	4.392147e-01	2.292981e-02	2.866226e-02	1.501440e-01	1.301788e-01	1.070578e-01	4.814201e-01
4893	9.098817e-01	1.671924e-01	3.904989e-02	4.881236e-02	2.556981e-01	1.384439e-01	5.091621e-01	9.442581e-01
9378	2.945111e-01	1.139151e-01	3.971872e-02	4.964840e-02	2.600775e-01	1.289839e-01	8.926255e-01	2.365082e-02
3895	8.552970e-02	3.031590e-01	7.841549e-02	9.801936e-02	5.134634e-01	5.098612e-01	6.053743e-01	7.921700e-01
32563	8.684349e-01	5.569776e-02	2.467419e-02	3.084274e-02	1.615662e-01	1.286783e-01	7.947573e-01	4.672059e-02
5304	8.801438e-01	4.742989e-01	5.687117e-02	7.108897e-02	3.723916e-01	2.830996e-01	1.156770e-01	6.726957e-01
10251	1.414564e-01	6.615980e-01	5.139128e-02	6.423910e-02	3.365093e-01	3.355747e-01	1.301633e-01	8.300304e-02
22844	4.346271e-01	5.516350e-01	7.149701e-02	8.937126e-02	4.681613e-01	3.774361e-01	6.498536e-01	6.788368e-01
11430	2.373208e-01	8.743476e-01	5.554029e-02	6.942536e-02	3.636770e-01	2.681069e-01	6.694509e-01	7.703009e-01
4471	4.173785e-01	7.253778e-02	5.491531e-02	6.864414e-02	3.595846e-01	2.805229e-01	5.011511e-01	9.595323e-02
1721	1.655678e-01	2.886084e-01	2.513057e-02	3.141321e-02	1.645546e-01	1.644413e-01	8.907049e-01	7.689323e-01
22694	2.979892e-01	5.324344e-01	2.163330e-02	2.704163e-02	1.416545e-01	1.411279e-01	1.111886e-02	5.799688e-01
2556	7.357799e-01	5.372606e-01	5.988106e-02	7.485133e-02	3.921003e-01	3.805346e-01	6.737085e-01	5.256106e-01
29365	5.725412e-01	1.911875e-01	3.045748e-02	3.807185e-02	1.994351e-01	1.531201e-01	8.852565e-01	4.687573e-01
2206	2.057878e-01	4.364673e-01	2.059825e-02	2.574781e-02	1.348770e-01	7.636348e-02	2.388437e-01	8.179332e-01
803	7.029675e-01	3.142005e-01	3.604809e-02	4.506011e-02	2.360423e-01	8.538971e-02	3.411785e-01	9.238271e-01
8014	6.513500e-02	7.137421e-02	6.000887e-02	7.501109e-02	3.929372e-01	3.849147e-01	6.146985e-01	3.750016e-01
27913	5.938529e-01	2.612012e-01	2.166493e-02	2.708116e-02	1.418616e-01	1.190505e-01	6.846010e-01	7.132328e-01
20669	8.159345e-01	1.575536e-01	2.133878e-02	2.667347e-02	1.397260e-01	3.960225e-02	7.753915e-01	2.698733e-01
16648	4.670843e-01	4.109503e-01	4.579116e-02	5.723895e-02	2.998398e-01	7.770532e-02	3.917977e-01	1.478682e-01
23794	8.604117e-01	6.270803e-01	2.629807e-02	3.287258e-02	1.721993e-01	1.613475e-01	1.829568e-01	7.508642e-01
8667	4.350677e-01	3.640735e-01	5.483831e-02	6.854789e-02	3.590804e-01	2.808464e-01	6.301706e-01	9.753372e-01
