15296	2.822856e-01	2.399132e-01	7.632646e-02	9.540807e-02	4.997844e-01	3.760826e-01	1.434307e-01	7.958650e-01
16101	8.353230e-01	6.004817e-01	4.382548e-02	5.478185e-02	2.869686e-01	8.228576e-02	6.928839e-01	6.193822e-01
10179	4.722335e-01	9.309279e-01	4.238973e-02	5.298717e-02	2.775673e-01	2.050575e-01	6.170520e-01	9.776671e-01
21547	3.294632e-01	4.319022e-01	2.182157e-02	2.727696e-02	1.428873e-01	1.004825e-01	4.959853e-01	4.109247e-02
31848	8.528742e-01	1.258243e-01	5.688522e-02	7.110653e-02	3.724836e-01	1.370271e-01	8.916383e-01	8.087816e-01
11693	9.169507e-01	8.455358e-01	7.064241e-02	8.830302e-02	4.625654e-01	4.218264e-01	1.069395e-01	8.951441e-01
2225	4.711070e-02	8.250486e-01	2.333950e-02	2.917437e-02	1.528267e-01	1.522691e-01	4.021209e-01	9.109668e-02
799	6.514763e-01	2.389463e-01	2.240408e-02	2.800510e-02	1.467016e-01	8.937898e-02	6.440800e-01	7.187964e-01
12485	3.801336e-01	6.044006e-01	2.223454e-02	2.779317e-02	1.455914e-01	1.445250e-01	1.201975e-01	3.782080e-01
1260	1.964918e-01	7.473882e-02	3.541886e-02	4.427358e-02	2.319222e-01	2.149351e-01	5.521657e-01	3.180660e-02
20576	6.682473e-01	7.874929e-01	2.119867e-02	2.649834e-02	1.388086e-01	5.351665e-02	2.308022e-02	8.742374e-01
4814	5.316376e-01	5.832994e-01	2.084451e-02	2.605563e-02	1.364895e-01	5.159857e-02	2.593035e-01	8.153083e-03
25627	5.744489e-01	9.478808e-01	3.270887e-02	4.088609e-02	2.141772e-01	1.636948e-01	8.920789e-01	4.050383e-02
14008	8.472736e-01	6.605869e-01	2.648055e-02	3.310069e-02	1.733943e-01	1.606267e-01	1.398568e-01	4.329321e-01
1154	6.042348e-02	6.297035e-01	5.710105e-02	7.137632e-02	3.738968e-01	3.087918e-01	4.711068e-01	1.857166e-01
2168	6.676495e-02	3.361589e-01	3.729571e-02	4.661964e-02	2.442117e-01	1.555972e-01	3.880437e-01	3.534775e-01
6884	1.334375e-01	7.758953e-01	2.124793e-02	2.655991e-02	1.391311e-01	1.245210e-01	5.571611e-01	2.189704e-01
1274	5.100006e-01	7.368179e-01	2.350616e-02	2.938270e-02	1.539179e-01	1.482836e-01	4.257315e-01	6.607697e-01
11131	5.867612e-01	2.487804e-01	7.819459e-02	9.774324e-02	5.120170e-01	4.981023e-01	9.849495e-01	1.797094e-01
25727	7.479539e-01	3.604514e-01	2.252832e-02	2.816040e-02	1.475151e-01	1.337694e-01	5.305225e-02	2.234424e-01
3188	8.272049e-01	4.532260e-01	2.109129e-02	2.636412e-02	1.381055e-01	7.171276e-02	8.198514e-01	1.311116e-01
2878	6.408404e-01	1.322560e-01	4.882088e-02	6.102610e-02	3.196784e-01	2.053340e-01	4.028708e-01	2.200308e-01
2485	7.557341e-02	2.907344e-01	6.986837e-02	8.733546e-02	4.574970e-01	1.429572e-01	3.845704e-02	5.177479e-01
16150	1.174726e-01	7.065856e-01	5.346380e-02	6.682975e-02	3.500801e-01	1.276656e-01	1.530367e-01	1.248478e-01
15585	7.234943e-01	7.099231e-01	4.854638e-02	6.068298e-02	3.178809e-01	2.482658e-01	8.974611e-01	1.953293e-02
14640	8.701052e-01	3.392766e-01	3.386509e-02	4.233136e-02	2.217481e-01	2.203380e-01	2.941546e-01	5.780389e-01
26473	9.743141e-01	8.641579e-01	2.272142e-02	2.840178e-02	1.487795e-01	5.481166e-02	5.871295e-01	2.985987e-01
20614	3.082834e-01	4.790745e-01	3.356018e-02	4.195023e-02	2.197516e-01	1.702232e-01	4.829540e-01	1.494096e-01
19028	4.371001e-01	1.521641e-01	3.545920e-02	4.432400e-02	2.321863e-01	8.237803e-02	6.764720e-01	8.283676e-01
7365	4.164356e-01	9.223413e-01	2.309484e-02	2.886855e-02	1.512247e-01	1.001825e-01	3.288391e-01	8.629493e-01
6704	1.944999e-01	3.161004e-01	3.538678e-02	4.423347e-02	2.317121e-01	2.300139e-01	4.943608e-02	5.450134e-01
3831	1.280636e-01	8.350865e-01	3.798000e-02	4.747500e-02	2.486924e-01	9.478178e-02	5.737127e-01	4.321753e-01
22093	1.596435e-01	1.214416e-01	2.510115e-02	3.137644e-02	1.643620e-01	8.560332e-02	8.713806e-01	1.076777e-01
17228	4.243657e-01	6.415135e-01	2.138744e-02	2.673430e-02	1.400446e-01	1.278750e-01	3.576452e-01	3.517057e-01
11424	2.535549e-01	7.978014e-01	3.448035e-02	4.310044e-02	2.257768e-01	2.044253e-01	9.887251e-01	1.297539e-01
19273	7.112958e-01	5.477939e-02	5.121191e-02	6.401489e-02	3.353348e-01	2.021916e-01	5.752009e-01	2.478579e-02
29038	6.737063e-01	5.228073e-01	2.613202e-02	3.266502e-02	1.711120e-01	1.452949e-01	8.233539e-01	8.693097e-01
23969	1.427725e-01	4.251556e-01	3.893640e-02	4.867050e-02	2.549549e-01	2.279546e-01	8.385694e-01	9.520251e-01
20481	4.096354e-01	4.006369e-01	3.766723e-02	4.708403e-02	2.466444e-01	2.373628e-01	1.162424e-01	2.110522e-01
2424	2.485959e-01	9.300302e-01	2.400556e-02	3.000695e-02	1.571880e-01	1.549065e-01	3.400383e-01	7.422738e-01
27897	2.625335e-01	6.066834e-01	4.470353e-02	5.587941e-02	2.927180e-01	1.736245e-01	3.957802e-01	4.271557e-01
28271	7.500677e-01	2.814002e-01	2.710721e-02	3.388401e-02	1.774976e-01	1.547714e-01	3.162680e-01	8.933840e-01
6374	9.563936e-01	5.217077e-01	2.859772e-02	3.574716e-02	1.872575e-01	5.484949e-02	9.517035e-01	1.903445e-01
27657	6.241723e-01	6.972727e-01	5.013716e-02	6.267144e-02	3.282973e-01	3.254011e-01	6.478280e-01	7.068217e-01
22712	8.798714e-01	7.070606e-01	2.288562e-02	2.860703e-02	1.498547e-01	1.395740e-01	3.267396e-01	8.475779e-01
18421	9.184472e-01	5.492388e-01	3.387610e-02	4.234512e-02	2.218202e-01	1.129579e-01	1.519323e-01	3.553270e-01
12299	7.984049e-01	7.255903e-01	3.009446e-02	3.761807e-02	1.970580e-01	1.522586e-01	6.780302e-02	9.597746e-01
11700	3.304358e-01	7.699888e-01	3.293367e-02	4.116708e-02	2.156491e-01	2.066156e-01	2.226043e-01	8.981606e-01
14598	2.703053e-01	6.122741e-02	4.481504e-02	5.601880e-02	2.934482e-01	2.492233e-01	9.940035e-01	6.988366e-01
25156	9.584295e-02	1.388664e-01	7.688839e-02	9.611049e-02	5.034640e-01	1.948783e-01	5.343758e-01	4.695728e-01
3285	5.210746e-01	1.764002e-01	2.850379e-02	3.562974e-02	1.866424e-01	1.467169e-01	1.885855e-01	2.925272e-01
1396	3.755404e-01	4.690446e-01	2.188012e-02	2.735015e-02	1.432707e-01	1.431987e-01	5.237848e-01	4.586703e-02
22992	3.704555e-01	3.827116e-01	2.612303e-02	3.265379e-02	1.710532e-01	1.518500e-01	1.209976e-02	9.953101e-01
10206	7.307251e-01	4.910326e-01	3.733525e-02	4.666907e-02	2.444707e-01	1.300888e-01	6.980221e-01	5.279167e-01
17355	8.480845e-01	8.375399e-01	2.179839e-02	2.724799e-02	1.427355e-01	1.371719e-01	5.006759e-01	5.216625e-01
6462	3.961638e-01	1.007384e-01	5.646259e-02	7.057824e-02	3.697162e-01	3.383347e-01	6.363859e-01	8.266362e-01
30200	6.681988e-01	3.805764e-01	5.319480e-02	6.649349e-02	3.483187e-01	1.230439e-01	1.537277e-01	2.483002e-01
14238	6.656063e-01	4.835965e-01	2.371936e-02	2.964920e-02	1.553140e-01	1.500181e-01	8.404663e-01	3.286249e-01
17160	4.541264e-01	6.905300e-01	2.351626e-02	2.939533e-02	1.539841e-01	1.294012e-01	4.613238e-01	4.843289e-01
15711	9.121211e-01	5.977112e-01	4.133194e-02	5.166492e-02	2.706409e-01	2.261970e-01	1.700011e-01	7.173395e-01
3514	9.316110e-01	7.814583e-01	2.594624e-02	3.243280e-02	1.698956e-01	1.423980e-01	5.526809e-01	5.685700e-01
12577	1.491909e-01	5.590936e-01	5.215426e-02	6.519282e-02	3.415053e-01	1.360444e-01	4.833665e-01	5.507852e-01
12204	8.556039e-01	7.605161e-01	2.420123e-02	3.025154e-02	1.584693e-01	1.521516e-01	3.460825e-01	8.249124e-01
9569	2.026465e-01	8.397013e-01	4.009619e-02	5.012023e-02	2.625492e-01	2.204958e-01	7.655484e-01	3.174101e-01
15118	1.034861e-01	5.784764e-01	6.283612e-02	7.854515e-02	4.114499e-01	2.190583e-01	4.952326e-01	3.176704e-01
27057	5.323982e-01	1.241543e-01	2.434087e-02	3.042608e-02	1.593836e-01	1.432100e-01	7.509263e-01	9.172696e-01
1068	2.097202e-01	1.390108e-01	6.866264e-02	8.582830e-02	4.496019e-01	1.238710e-01	2.511002e-01	7.707885e-01
28783	8.693975e-01	4.133904e-01	4.459982e-02	5.574978e-02	2.920389e-01	2.916500e-01	6.571974e-01	7.131567e-02
13711	3.442786e-01	3.672454e-01	2.672771e-02	3.340964e-02	1.750127e-01	5.809243e-02	1.821821e-01	8.621362e-01
30612	9.305230e-01	1.961868e-01	2.384692e-02	2.980865e-02	1.561493e-01	1.549314e-01	7.071777e-01	6.209678e-01
942	4.205522e-01	5.028310e-01	4.509033e-02	5.636291e-02	2.952508e-01	2.554802e-01	5.510390e-01	3.024348e-01
28007	8.535569e-01	9.019876e-01	4.469123e-02	5.586404e-02	2.926375e-01	2.922825e-01	9.416194e-01	4.297923e-01
8347	7.883966e-01	8.497842e-01	2.550148e-02	3.187686e-02	1.669833e-01	1.663605e-01	5.872132e-01	7.562991e-01
3891	9.058979e-01	2.550523e-01	3.190870e-02	3.988588e-02	2.089377e-01	1.568523e-01	4.726025e-01	8.640975e-01
