4806	3.912520e-02	6.198412e-01	2.234048e-02	2.792560e-02	1.462851e-01	1.383509e-01	1.230717e-01	6.215029e-01
19845	4.236670e-01	7.475761e-01	3.039356e-02	3.799195e-02	1.990166e-01	1.352243e-01	5.142372e-01	6.650172e-01
4028	4.175113e-01	9.084790e-01	2.240518e-02	2.800647e-02	1.467087e-01	5.409961e-02	1.660601e-01	3.329078e-01
740	1.739079e-01	2.969107e-01	6.454443e-02	8.068054e-02	4.226359e-01	1.353854e-01	1.067206e-01	4.329633e-01
10827	5.795520e-02	7.960001e-01	3.899984e-02	4.874981e-02	2.553704e-01	2.238609e-01	9.140572e-01	4.555649e-01
27326	1.921300e-01	9.377629e-01	3.675038e-02	4.593798e-02	2.406409e-01	2.303773e-01	5.943183e-01	9.434570e-01
548	4.129857e-01	2.522764e-01	7.123267e-02	8.904084e-02	4.664304e-01	4.191951e-01	1.371249e-01	6.248426e-01
4890	5.186697e-01	3.080356e-01	7.707176e-02	9.633970e-02	5.046647e-01	2.965943e-01	1.135798e-01	2.559603e-01
20555	6.882933e-01	1.922970e-01	4.096923e-02	5.121153e-02	2.682659e-01	2.566566e-01	2.413036e-02	9.027269e-01
4848	9.313785e-01	5.267109e-01	2.114254e-02	2.642818e-02	1.384411e-01	1.384409e-01	6.139903e-01	7.994193e-01
18704	9.311782e-01	7.256619e-02	5.016305e-02	6.270381e-02	3.284669e-01	3.284633e-01	4.226347e-01	3.402480e-01
23869	3.696131e-01	7.605951e-01	7.890704e-02	9.863380e-02	5.166821e-01	1.732835e-01	8.213661e-01	5.966496e-01
3495	9.975713e-02	2.970591e-01	2.110460e-02	2.638075e-02	1.381926e-01	1.371994e-01	6.062803e-01	2.418089e-01
3007	6.890963e-01	7.348841e-01	4.052786e-02	5.065983e-02	2.653758e-01	1.439060e-01	8.626082e-01	9.218984e-01
9634	7.055805e-01	8.352633e-01	2.878985e-02	3.598732e-02	1.885155e-01	1.834767e-01	5.189223e-01	8.143898e-01
27215	9.195827e-01	5.900176e-01	6.685774e-02	8.357218e-02	4.377835e-01	3.069428e-01	7.147319e-01	4.514699e-01
11507	7.950106e-01	9.995659e-02	5.414607e-02	6.768259e-02	3.545476e-01	9.327060e-02	6.733501e-01	4.642770e-01
10704	6.477356e-01	3.893844e-01	4.696911e-02	5.871138e-02	3.075530e-01	2.285770e-01	8.616501e-01	9.020254e-01
13910	1.564861e-01	7.879296e-01	2.124516e-02	2.655645e-02	1.391130e-01	6.752833e-02	1.807215e-01	1.657416e-03
29330	2.907327e-01	8.524042e-02	3.582167e-02	4.477709e-02	2.345597e-01	2.343478e-01	1.121299e-02	6.916323e-01
4246	7.452291e-01	8.906660e-01	4.433804e-02	5.542255e-02	2.903248e-01	1.784897e-01	8.239740e-01	8.107399e-01
32623	6.985694e-01	6.419502e-01	2.742235e-02	3.427794e-02	1.795611e-01	1.615763e-01	3.750406e-01	1.022208e-01
23021	5.529331e-01	8.508248e-01	2.152722e-02	2.690903e-02	1.409599e-01	1.336314e-01	7.783031e-01	8.928381e-01
31610	8.902117e-01	2.309406e-01	2.563915e-02	3.204893e-02	1.678847e-01	1.523468e-01	2.818433e-01	5.597443e-01
6522	8.464506e-01	4.662590e-01	3.629867e-02	4.537333e-02	2.376831e-01	2.331046e-01	5.115212e-01	3.211750e-01
5130	4.514986e-01	9.624146e-02	3.713625e-02	4.642032e-02	2.431676e-01	2.423938e-01	4.055661e-02	5.736874e-01
31801	1.323893e-01	5.221782e-02	2.969717e-02	3.712146e-02	1.944566e-01	1.944230e-01	3.747236e-01	8.187958e-01
11479	8.364519e-01	4.150051e-01	2.881050e-02	3.601313e-02	1.886507e-01	5.818698e-02	7.066317e-01	5.400914e-01
4960	9.056824e-01	7.493327e-01	5.083105e-02	6.353881e-02	3.328409e-01	3.266992e-01	8.222618e-01	4.566480e-02
25003	7.141281e-01	5.218111e-01	4.198747e-02	5.248434e-02	2.749333e-01	1.841247e-01	6.392695e-01	4.954665e-01
19859	2.204118e-01	6.485515e-02	4.056705e-02	5.070881e-02	2.656324e-01	2.610865e-01	4.757128e-01	3.322779e-01
12593	5.277921e-01	5.664380e-01	7.741252e-02	9.676566e-02	5.068960e-01	5.066966e-01	6.503473e-02	3.234397e-01
9581	4.182840e-01	4.157501e-01	3.801476e-02	4.751845e-02	2.489201e-01	2.340551e-01	5.694902e-01	9.965776e-01
11630	1.812081e-01	4.237062e-01	2.503830e-02	3.129787e-02	1.639504e-01	1.468360e-01	4.802736e-01	6.843897e-01
16875	6.306508e-02	7.044239e-01	6.147338e-02	7.684172e-02	4.025267e-01	3.160047e-01	5.339407e-01	3.446246e-01
24975	1.585893e-01	5.749468e-01	2.660303e-02	3.325379e-02	1.741963e-01	1.371412e-01	5.780011e-01	4.537358e-01
19996	1.725803e-01	8.539264e-01	4.924872e-02	6.156090e-02	3.224798e-01	3.122999e-01	2.537099e-01	9.649494e-01
27311	5.190016e-01	7.487871e-01	5.237009e-02	6.546262e-02	3.429186e-01	2.947267e-01	1.868237e-01	3.541739e-01
21460	1.095200e-01	4.625446e-01	2.271615e-02	2.839519e-02	1.487450e-01	4.763609e-02	4.889152e-01	8.185235e-01
9753	5.895312e-01	6.261425e-01	5.197033e-02	6.496291e-02	3.403009e-01	1.057455e-01	2.370749e-01	4.273480e-01
537	1.821673e-01	6.429166e-01	4.102323e-02	5.127904e-02	2.686195e-01	1.607903e-01	1.367013e-01	5.721814e-01
24458	3.170773e-01	3.196172e-01	3.377522e-02	4.221903e-02	2.211596e-01	1.718780e-01	7.507090e-01	3.318842e-01
20890	9.008201e-01	3.099028e-01	3.618090e-02	4.522612e-02	2.369120e-01	1.864913e-01	7.834182e-01	9.958019e-01
28240	7.406680e-01	7.864851e-01	3.641264e-02	4.551581e-02	2.384294e-01	2.008517e-01	5.517382e-01	4.371528e-01
17672	1.547106e-01	6.662437e-01	4.967303e-02	6.209128e-02	3.252582e-01	1.385604e-01	3.719112e-01	4.173137e-01
26676	9.080869e-01	6.899821e-01	2.088016e-02	2.610020e-02	1.367230e-01	3.715277e-02	4.133693e-01	8.487082e-01
28284	7.998595e-01	8.949839e-01	2.811558e-02	3.514448e-02	1.841004e-01	1.678518e-01	4.804046e-01	1.492032e-01
28549	7.341755e-01	9.172925e-02	2.801435e-02	3.501794e-02	1.834375e-01	1.767552e-01	7.753950e-01	7.760521e-01
31930	2.065906e-01	6.962126e-01	4.309549e-02	5.386936e-02	2.821886e-01	1.044851e-01	4.663861e-02	1.689715e-01
16092	5.108165e-01	2.455319e-01	2.236623e-02	2.795779e-02	1.464537e-01	1.315357e-01	4.230832e-02	6.863571e-01
5397	5.112912e-01	9.631157e-01	3.367532e-02	4.209415e-02	2.205055e-01	1.904569e-01	9.111637e-01	4.346748e-01
267	1.339593e-01	5.829580e-01	2.303600e-02	2.879500e-02	1.508394e-01	1.233322e-01	4.699324e-01	9.494992e-01
10920	3.304887e-01	3.600361e-01	2.398438e-02	2.998048e-02	1.570494e-01	1.569174e-01	1.303882e-01	5.995646e-01
7272	6.298873e-01	6.111319e-01	2.516488e-02	3.145611e-02	1.647793e-01	1.482049e-01	5.165064e-01	3.844048e-01
10125	2.801034e-01	3.519592e-01	3.039457e-02	3.799321e-02	1.990231e-01	1.556650e-01	4.679534e-01	6.440013e-01
25360	8.375085e-01	1.781172e-01	4.551050e-02	5.688812e-02	2.980020e-01	2.540206e-01	6.070538e-01	7.829942e-01
12800	3.279116e-01	6.111967e-01	2.395813e-02	2.994766e-02	1.568774e-01	1.392003e-01	6.678249e-01	1.329167e-01
278	4.091311e-01	3.570730e-01	2.211678e-02	2.764598e-02	1.448203e-01	5.891685e-02	2.654322e-01	5.253874e-03
17252	7.729986e-01	6.487729e-01	3.555014e-02	4.443768e-02	2.327818e-01	1.280524e-01	9.061160e-01	9.751788e-01
30155	4.046303e-01	7.021601e-01	2.526732e-02	3.158415e-02	1.654500e-01	5.457260e-02	8.656964e-01	8.693948e-01
18052	2.125855e-01	2.280276e-01	3.818522e-02	4.773153e-02	2.500362e-01	2.450267e-01	7.461706e-01	1.754760e-01
26564	4.577391e-02	1.821184e-01	4.453412e-02	5.566765e-02	2.916087e-01	2.591684e-01	2.500299e-01	2.005055e-01
24267	4.832741e-01	4.066443e-01	7.008250e-02	8.760312e-02	4.588991e-01	1.886811e-01	7.896471e-01	4.752009e-01
10854	7.077041e-01	2.474589e-01	3.606764e-02	4.508455e-02	2.361703e-01	1.631432e-01	7.513944e-02	4.722449e-01
31900	6.244998e-01	2.042189e-01	2.550117e-02	3.187646e-02	1.669812e-01	1.228085e-01	6.047974e-01	5.951943e-01
4132	3.163009e-01	7.198046e-01	3.197153e-02	3.996441e-02	2.093491e-01	1.397181e-01	3.038385e-01	3.081320e-01
22606	7.541393e-01	5.585295e-01	6.652225e-02	8.315282e-02	4.355867e-01	3.211396e-01	6.904167e-01	7.461056e-01
22862	3.893516e-01	6.471730e-01	2.236347e-02	2.795433e-02	1.464356e-01	1.264810e-01	5.560534e-01	4.649115e-02
24023	3.300245e-01	2.573418e-01	2.097581e-02	2.621976e-02	1.373493e-01	1.319960e-01	2.065743e-01	9.630844e-01
26876	4.316907e-01	5.936256e-01	6.305030e-02	7.881287e-02	4.128524e-01	4.112867e-01	7.220415e-01	7.033832e-01
26017	8.071731e-02	5.601805e-01	6.475989e-02	8.094986e-02	4.240467e-01	3.967074e-01	1.101179e-01	8.430028e-01
27716	3.416903e-01	5.265578e-02	2.098315e-02	2.622894e-02	1.373974e-01	1.298891e-01	8.355213e-01	3.388387e-01
1801	5.618092e-01	1.517071e-01	4.767059e-02	5.958824e-02	3.121463e-01	3.025571e-01	5.175236e-01	5.159915e-01
3705	2.270612e-01	5.570742e-01	3.109759e-02	3.887198e-02	2.036265e-01	6.934668e-02	9.838634e-01	4.950374e-01
197	7.674834e-01	3.685359e-01	3.527875e-02	4.409844e-02	2.310047e-01	2.276358e-01	6.147724e-01	3.429077e-01
21941	5.704389e-01	7.717981e-01	4.580358e-02	5.725447e-02	2.999211e-01	1.463474e-01	8.874879e-01	9.537644e-01
