29162	1.591238e-01	4.877551e-01	2.254378e-02	2.817973e-02	1.476163e-01	1.314961e-01	8.545721e-02	1.901893e-01
4601	7.084005e-01	3.287351e-01	2.060008e-02	2.575010e-02	1.348890e-01	1.331954e-01	6.127113e-01	3.711739e-02
32416	7.557753e-02	6.622203e-01	6.427169e-02	8.033961e-02	4.208500e-01	3.182604e-01	6.993058e-01	1.245799e-01
2382	9.164364e-01	2.872991e-01	3.188461e-02	3.985576e-02	2.087799e-01	2.082741e-01	8.775355e-01	1.998457e-01
26427	6.583461e-01	8.305930e-01	2.630939e-02	3.288674e-02	1.722735e-01	9.611061e-02	5.334579e-01	6.829041e-01
2181	5.469244e-01	7.728707e-01	2.209594e-02	2.761993e-02	1.446839e-01	8.455410e-02	1.454494e-03	3.652126e-01
23150	5.495169e-01	8.222421e-01	7.241929e-02	9.052411e-02	4.742004e-01	3.078747e-01	8.947126e-01	1.268111e-01
20047	9.448728e-02	2.390568e-01	2.082358e-02	2.602948e-02	1.363525e-01	4.171780e-02	5.296842e-01	8.168182e-01
1653	8.488306e-01	4.099924e-01	2.155394e-02	2.694242e-02	1.411349e-01	1.045271e-01	2.551521e-01	9.180121e-01
10362	6.944103e-01	1.822737e-01	4.901022e-02	6.126277e-02	3.209181e-01	2.887704e-01	4.008113e-01	7.007656e-01
11909	6.511656e-01	5.750858e-01	7.331203e-02	9.164003e-02	4.800460e-01	3.878028e-01	6.699750e-01	1.846382e-01
17836	7.923867e-01	8.006925e-01	5.648782e-02	7.060977e-02	3.698813e-01	2.033386e-01	2.208177e-01	9.304550e-01
31869	6.467922e-01	8.646626e-01	2.056921e-02	2.571152e-02	1.346869e-01	1.337178e-01	1.624222e-01	4.524005e-01
4768	3.875736e-01	3.167694e-01	4.949224e-02	6.186530e-02	3.240744e-01	2.783166e-01	1.739252e-01	8.663104e-01
4007	2.782720e-01	3.350311e-01	2.431141e-02	3.038926e-02	1.591907e-01	1.588481e-01	3.230853e-01	7.539044e-01
18694	8.906955e-01	7.945256e-01	3.040938e-02	3.801172e-02	1.991201e-01	1.085874e-01	3.068155e-01	4.357749e-01
13311	5.659153e-01	7.100539e-01	3.752525e-02	4.690656e-02	2.457148e-01	2.196754e-01	3.501711e-01	2.496104e-01
8557	9.226291e-01	4.643093e-01	2.385580e-02	2.981975e-02	1.562074e-01	1.184860e-01	6.817035e-01	5.012319e-01
31907	4.551864e-01	4.689449e-01	3.063865e-02	3.829831e-02	2.006214e-01	1.104140e-01	1.847582e-01	7.803355e-01
8068	8.232547e-01	1.648328e-01	2.086270e-02	2.607837e-02	1.366086e-01	7.143831e-02	6.754740e-01	3.588186e-01
27614	8.621304e-01	1.276681e-01	2.089947e-02	2.612434e-02	1.368494e-01	1.356861e-01	6.918408e-01	7.283883e-01
830	6.264443e-01	6.411039e-01	5.338569e-02	6.673211e-02	3.495687e-01	2.657401e-01	1.954291e-01	9.771566e-01
27941	9.603168e-01	7.740632e-02	2.944700e-02	3.680876e-02	1.928185e-01	1.457404e-01	3.555298e-02	4.728412e-02
8642	1.406484e-01	6.580069e-02	3.328751e-02	4.160939e-02	2.179661e-01	1.983499e-01	3.952408e-01	1.556754e-01
2754	8.461561e-01	6.538581e-01	2.150122e-02	2.687653e-02	1.407897e-01	5.303915e-02	5.302820e-01	7.633067e-01
18597	4.118164e-01	7.738743e-01	3.384837e-02	4.231046e-02	2.216386e-01	1.525741e-01	9.310975e-01	4.817064e-01
16862	2.253480e-01	5.558245e-01	4.014350e-02	5.017938e-02	2.628590e-01	1.407327e-01	9.456089e-01	2.377057e-01
3871	5.017075e-01	6.571178e-01	2.551328e-02	3.189160e-02	1.670605e-01	4.374067e-02	2.229552e-04	6.001187e-01
14455	9.550455e-01	6.715111e-01	2.447156e-02	3.058944e-02	1.602394e-01	1.464441e-01	6.483911e-01	3.692010e-01
3207	1.534325e-01	7.198465e-01	2.434921e-02	3.043651e-02	1.594382e-01	1.587568e-01	5.359993e-01	9.395905e-01
9348	2.735149e-01	7.311262e-01	5.018937e-02	6.273671e-02	3.286392e-01	3.277958e-01	8.720112e-01	6.884854e-01
24273	7.949734e-01	5.897431e-01	2.449114e-02	3.061393e-02	1.603676e-01	4.683593e-02	5.851248e-01	7.454400e-01
29854	1.029851e-01	5.469323e-01	3.282135e-02	4.102669e-02	2.149137e-01	1.788523e-01	9.798939e-02	5.030444e-02
16782	7.686474e-01	2.482005e-01	3.482854e-02	4.353568e-02	2.280567e-01	1.652269e-01	5.012412e-01	5.549194e-01
19724	7.027530e-02	3.598282e-01	4.598303e-02	5.747879e-02	3.010962e-01	2.461442e-01	9.581754e-01	2.880173e-01
23262	2.699415e-01	9.192553e-01	5.576853e-02	6.971066e-02	3.651715e-01	1.820568e-01	9.947176e-01	9.628971e-01
1731	3.879800e-01	6.222696e-01	7.394502e-02	9.243128e-02	4.841909e-01	2.872914e-01	1.423236e-01	5.415778e-01
17025	8.805558e-01	5.759563e-02	2.974155e-02	3.717694e-02	1.947472e-01	1.077957e-01	7.290125e-01	3.481322e-01
30076	6.616017e-01	3.583908e-01	7.154834e-02	8.943543e-02	4.684974e-01	1.468503e-01	7.248308e-01	7.051812e-01
21206	2.254793e-01	3.653896e-01	6.585967e-02	8.232458e-02	4.312481e-01	2.660708e-01	7.362370e-01	4.877432e-01
17922	5.355181e-01	9.560433e-01	4.332516e-02	5.415645e-02	2.836925e-01	2.377714e-01	7.300998e-01	2.083205e-01
10496	1.549939e-01	6.274943e-01	2.709130e-02	3.386412e-02	1.773934e-01	1.196887e-01	6.157356e-01	4.292265e-01
22723	4.630843e-01	2.885247e-01	3.473657e-02	4.342071e-02	2.274545e-01	1.678560e-01	4.827321e-01	2.300997e-01
5785	7.221889e-01	8.060571e-02	2.414079e-02	3.017599e-02	1.580735e-01	6.833112e-02	5.588749e-01	4.703583e-01
16414	3.214896e-01	7.895232e-02	3.206172e-02	4.007715e-02	2.099396e-01	2.092970e-01	1.337386e-01	4.366534e-01
23918	4.757206e-01	4.368485e-01	4.965987e-02	6.207484e-02	3.251720e-01	2.104313e-01	2.100878e-01	5.751038e-01
4365	6.621268e-01	4.255493e-01	2.411550e-02	3.014438e-02	1.579079e-01	1.493910e-01	4.492513e-01	6.624832e-01
32503	3.776284e-01	9.191391e-01	2.135786e-02	2.669733e-02	1.398509e-01	7.975486e-02	1.487447e-01	1.920880e-01
11064	8.651877e-01	2.574598e-01	4.236699e-02	5.295873e-02	2.774184e-01	1.043605e-01	9.158183e-01	8.357911e-01
8822	5.260478e-01	6.398461e-01	2.083518e-02	2.604398e-02	1.364284e-01	1.205222e-01	5.100745e-01	8.525108e-01
2310	5.875419e-02	4.727209e-01	3.921404e-02	4.901755e-02	2.567729e-01	1.044376e-01	8.849224e-01	1.644784e-01
25624	8.424090e-01	8.282552e-01	2.436980e-02	3.046225e-02	1.595730e-01	1.373426e-01	8.060512e-01	3.024486e-01
11944	1.311076e-01	3.586483e-01	2.524392e-02	3.155490e-02	1.652968e-01	5.839534e-02	7.446118e-01	4.483101e-01
19591	2.195719e-01	7.401732e-01	3.751415e-02	4.689269e-02	2.456421e-01	2.147386e-01	3.987565e-01	8.382138e-01
24423	7.702371e-01	4.958818e-01	3.705075e-02	4.631343e-02	2.426077e-01	2.263353e-01	8.570137e-01	2.284149e-01
25936	7.751387e-01	9.170644e-01	2.701013e-02	3.376266e-02	1.768619e-01	9.711031e-02	6.138428e-01	5.723678e-01
1268	4.969802e-01	4.862234e-01	2.355399e-02	2.944249e-02	1.542312e-01	1.505831e-01	6.625334e-01	6.185450e-01
14653	9.568350e-01	7.359385e-01	2.079730e-02	2.599663e-02	1.361804e-01	8.733087e-02	2.183450e-01	4.908992e-01
30326	3.085327e-01	6.397890e-01	2.874429e-02	3.593037e-02	1.882172e-01	6.228426e-02	9.148126e-01	9.093969e-01
27896	8.533192e-01	7.722031e-01	2.176315e-02	2.720393e-02	1.425047e-01	5.816568e-02	2.357811e-01	2.279272e-01
29937	3.215472e-01	3.029832e-01	4.114827e-02	5.143534e-02	2.694382e-01	1.179961e-01	6.133874e-01	5.070700e-01
22698	5.024211e-01	3.426882e-01	6.771707e-02	8.464633e-02	4.434103e-01	4.433988e-01	8.661279e-01	3.453962e-01
23377	8.069039e-01	3.521423e-01	6.786974e-02	8.483717e-02	4.444100e-01	4.435934e-01	1.755402e-01	1.410566e-01
19974	4.086119e-01	8.659689e-01	5.011312e-02	6.264140e-02	3.281399e-01	3.237210e-01	5.444278e-01	3.689817e-01
16412	3.544714e-01	6.821421e-01	5.585760e-02	6.982199e-02	3.657547e-01	2.817697e-01	7.847734e-01	3.302867e-01
7848	3.102237e-01	2.563548e-01	2.325971e-02	2.907463e-02	1.523042e-01	7.736425e-02	3.160655e-01	4.082570e-01
2650	6.567513e-02	7.747457e-01	2.185758e-02	2.732198e-02	1.431231e-01	1.427381e-01	6.718929e-01	6.276321e-01
1699	3.397105e-01	9.389993e-01	4.953141e-02	6.191426e-02	3.243309e-01	2.203224e-01	7.644240e-01	3.979071e-01
27608	9.062033e-01	6.078460e-01	5.770456e-02	7.213070e-02	3.778486e-01	3.720006e-01	9.658086e-01	1.649972e-01
31675	2.273360e-01	6.377370e-01	2.214526e-02	2.768158e-02	1.450068e-01	6.708327e-02	2.401814e-01	1.058636e-01
598	7.083867e-01	8.551842e-01	2.823149e-02	3.528937e-02	1.848594e-01	1.654822e-01	8.759946e-01	5.265732e-01
32640	5.914242e-01	2.399276e-01	2.084187e-02	2.605234e-02	1.364723e-01	1.163111e-01	4.873567e-01	7.393931e-01
24866	9.347373e-02	2.965886e-01	2.086261e-02	2.607827e-02	1.366081e-01	1.159132e-01	9.101390e-01	2.132666e-01
28585	6.171781e-01	9.174945e-01	4.929970e-02	6.162463e-02	3.228137e-01	2.977750e-01	1.212467e-03	7.212955e-01
240	9.243855e-01	9.225174e-01	3.341250e-02	4.176563e-02	2.187846e-01	2.036299e-01	6.687272e-01	4.466318e-01
3868	1.584680e-01	7.945763e-01	6.536296e-02	8.170370e-02	4.279957e-01	4.247956e-01	4.284088e-01	8.068425e-01
24249	6.559455e-01	1.220226e-01	3.349964e-02	4.187455e-02	2.193551e-01	1.998822e-01	8.500996e-02	6.285638e-01
30750	7.714424e-01	1.819622e-01	4.673663e-02	5.842079e-02	3.060307e-01	2.600948e-01	8.350537e-01	9.332224e-01
