27740	9.410275e-02	5.692679e-01	3.965379e-02	4.956723e-02	2.596524e-01	2.431495e-01	7.679954e-01	7.463854e-01
27223	9.264632e-01	5.946345e-01	3.815625e-02	4.769531e-02	2.498465e-01	1.752554e-01	9.429179e-01	8.866159e-01
8885	4.800463e-01	3.063154e-01	2.471491e-02	3.089363e-02	1.618328e-01	1.453747e-01	9.713438e-01	9.073831e-01
8800	6.891936e-01	9.386070e-01	2.827520e-02	3.534400e-02	1.851456e-01	1.849228e-01	5.709552e-03	8.993268e-01
32522	7.982109e-01	7.425425e-01	6.170107e-02	7.712634e-02	4.040177e-01	1.360930e-01	4.759934e-01	6.014277e-02
17526	3.363844e-01	6.659474e-01	6.675427e-02	8.344284e-02	4.371060e-01	2.131015e-01	9.319611e-01	8.873366e-01
16789	2.243298e-01	1.544025e-01	2.083258e-02	2.604073e-02	1.364114e-01	1.328680e-01	8.324395e-01	5.247132e-01
9221	3.661236e-01	3.383850e-01	4.022941e-02	5.028676e-02	2.634215e-01	1.129838e-01	1.592219e-01	2.100026e-01
24484	5.130718e-01	8.616331e-01	4.142156e-02	5.177695e-02	2.712278e-01	9.514931e-02	8.044281e-01	6.463703e-01
15484	7.005332e-01	8.956090e-01	3.615243e-02	4.519054e-02	2.367256e-01	1.938401e-01	4.045547e-01	6.790521e-01
4978	4.727857e-01	3.748808e-01	2.582676e-02	3.228344e-02	1.691132e-01	8.263867e-02	2.147041e-01	4.953863e-01
16080	6.057274e-01	6.769932e-01	2.392774e-02	2.990967e-02	1.566785e-01	1.455863e-01	7.082844e-01	3.680947e-02
25169	6.458557e-01	3.250910e-01	4.862157e-02	6.077696e-02	3.183733e-01	3.182714e-01	9.511407e-01	5.654562e-01
3275	8.839032e-01	4.388523e-02	3.132485e-02	3.915607e-02	2.051146e-01	1.712891e-01	7.133212e-01	1.214499e-01
12781	9.172081e-02	2.756268e-01	4.087868e-02	5.109835e-02	2.676729e-01	2.534092e-01	6.755841e-01	6.570365e-01
11427	8.090044e-01	6.490939e-01	2.639699e-02	3.299623e-02	1.728471e-01	1.711802e-01	6.838602e-01	4.117960e-01
22372	1.861699e-01	1.168790e-01	6.013695e-02	7.517118e-02	3.937758e-01	3.124120e-01	6.481047e-02	5.454157e-01
11569	1.904885e-01	3.912458e-01	3.944299e-02	4.930374e-02	2.582721e-01	1.437165e-01	1.094742e-01	2.085716e-01
30133	8.781774e-01	1.890531e-01	2.338408e-02	2.923010e-02	1.531186e-01	6.776807e-02	5.625045e-01	9.798257e-01
22145	1.330079e-01	6.314955e-01	2.914687e-02	3.643359e-02	1.908533e-01	1.655573e-01	2.574291e-01	9.364388e-01
24159	2.784091e-01	6.293159e-01	3.028093e-02	3.785117e-02	1.982791e-01	5.520854e-02	2.124459e-01	1.295969e-01
30343	5.249294e-01	1.407876e-01	2.188542e-02	2.735678e-02	1.433054e-01	1.431818e-01	6.803000e-01	3.530994e-01
31571	3.164375e-01	2.917191e-01	2.216571e-02	2.770714e-02	1.451407e-01	4.374154e-02	7.412015e-01	8.471576e-01
26484	9.530103e-01	4.805349e-01	3.447775e-02	4.309718e-02	2.257598e-01	1.778062e-01	9.291458e-02	6.647431e-01
810	2.230991e-01	4.612144e-01	5.420617e-02	6.775771e-02	3.549412e-01	1.572386e-01	8.661358e-01	6.763753e-01
16143	2.319379e-01	5.183052e-01	6.914791e-02	8.643488e-02	4.527794e-01	3.375361e-01	9.988664e-01	6.741329e-01
32285	9.362500e-01	5.154563e-01	2.357190e-02	2.946487e-02	1.543484e-01	1.446495e-01	7.508376e-01	6.730429e-01
23179	7.129333e-01	6.176087e-01	3.362947e-02	4.203684e-02	2.202053e-01	2.180907e-01	1.036834e-01	9.797193e-02
22820	7.002492e-01	2.963913e-01	3.797165e-02	4.746456e-02	2.486378e-01	2.239139e-01	7.265504e-01	5.524672e-01
27311	1.120846e-01	7.310192e-01	2.116620e-02	2.645775e-02	1.385959e-01	4.642244e-02	7.811967e-03	4.649798e-01
3455	8.136627e-01	4.157637e-01	5.047965e-02	6.309957e-02	3.305400e-01	1.412639e-01	9.841982e-01	9.576884e-01
19119	3.694760e-01	8.612059e-01	2.490018e-02	3.112523e-02	1.630460e-01	5.936410e-02	4.616233e-01	3.241017e-02
29633	9.139456e-02	6.435669e-01	3.532310e-02	4.415388e-02	2.312951e-01	2.282591e-01	1.083572e-01	7.331013e-01
6803	9.082586e-01	3.428830e-01	3.074936e-02	3.843670e-02	2.013463e-01	1.981047e-01	7.441190e-01	4.494096e-01
365	2.576326e-01	1.562335e-01	2.296862e-02	2.871077e-02	1.503981e-01	6.039151e-02	9.704432e-01	6.478987e-02
17009	9.439148e-01	7.431618e-01	2.862763e-02	3.578454e-02	1.874533e-01	1.461025e-01	6.247184e-01	3.283002e-01
14768	7.981889e-01	1.169099e-01	3.061155e-02	3.826444e-02	2.004440e-01	1.958597e-01	5.974771e-02	2.441658e-01
21460	6.420812e-01	2.309541e-01	3.321652e-02	4.152065e-02	2.175013e-01	1.204919e-01	1.118443e-01	1.267212e-01
3348	8.617629e-01	6.035740e-01	3.686636e-02	4.608295e-02	2.414004e-01	1.843902e-01	9.410163e-01	4.916455e-01
20631	7.734238e-01	5.324176e-01	3.973211e-02	4.966513e-02	2.601652e-01	2.497902e-01	6.439674e-01	6.772836e-01
9500	2.450846e-01	6.973978e-01	6.958007e-02	8.697509e-02	4.556092e-01	4.259861e-01	3.920305e-01	2.501228e-01
7612	5.221653e-02	5.916991e-01	2.510594e-02	3.138242e-02	1.643933e-01	1.643414e-01	4.917768e-03	1.453997e-01
1794	8.344495e-01	8.556907e-01	2.153019e-02	2.691274e-02	1.409794e-01	1.012999e-01	2.381599e-01	7.933358e-01
3546	7.157499e-01	1.138505e-01	4.606820e-02	5.758525e-02	3.016539e-01	2.884526e-01	1.445300e-01	7.952859e-01
178	4.751175e-01	9.201432e-01	2.190963e-02	2.738704e-02	1.434639e-01	1.350978e-01	8.719855e-01	5.599161e-01
2932	5.280486e-01	4.538383e-01	2.119586e-02	2.649483e-02	1.387902e-01	9.106415e-02	6.341865e-01	6.975174e-01
21009	9.715000e-01	8.894832e-01	2.581807e-02	3.227259e-02	1.690563e-01	8.918750e-02	7.147687e-02	9.065415e-01
12979	7.844089e-01	3.346371e-01	6.687606e-02	8.359507e-02	4.379034e-01	4.288452e-01	1.369134e-01	4.886754e-01
6419	3.389855e-01	2.330783e-01	2.235657e-02	2.794572e-02	1.463905e-01	9.417928e-02	8.169945e-01	2.402763e-01
29874	9.695677e-01	9.484280e-01	2.614728e-02	3.268410e-02	1.712120e-01	1.391698e-01	7.416722e-01	2.021266e-01
12865	5.022308e-01	2.433536e-01	3.153214e-02	3.941518e-02	2.064720e-01	1.973480e-01	1.367134e-01	2.897066e-01
1556	8.995508e-01	5.521554e-01	2.440141e-02	3.050176e-02	1.597801e-01	1.019176e-01	8.425096e-01	7.197070e-01
12840	7.747037e-02	1.947111e-01	2.599851e-02	3.249814e-02	1.702378e-01	1.293275e-01	1.645574e-01	8.778432e-01
7161	4.724129e-01	7.050321e-01	6.727498e-02	8.409373e-02	4.405155e-01	2.577968e-01	6.058775e-01	4.566483e-01
13155	4.065193e-01	3.766963e-01	5.065188e-02	6.331485e-02	3.316677e-01	1.860089e-01	3.495569e-01	8.397569e-01
26896	1.453712e-01	3.282618e-01	2.685281e-02	3.356601e-02	1.758318e-01	1.657739e-01	8.254815e-01	9.245991e-01
16105	6.736584e-01	7.744280e-01	5.350132e-02	6.687665e-02	3.503258e-01	2.087008e-01	8.598266e-01	5.489074e-01
30486	5.072316e-01	3.988796e-01	2.188095e-02	2.735119e-02	1.432761e-01	1.011878e-01	1.857951e-01	9.280916e-02
11096	2.857837e-01	9.264305e-01	2.445211e-02	3.056514e-02	1.601121e-01	1.569307e-01	6.791984e-01	8.782395e-02
21484	5.429221e-01	6.907667e-01	3.783438e-02	4.729297e-02	2.477389e-01	2.170426e-01	6.311348e-01	8.096204e-01
10323	7.690539e-01	1.089157e-01	2.158378e-02	2.697973e-02	1.413303e-01	6.883596e-02	2.744460e-01	7.311006e-01
25708	9.554224e-01	8.205768e-01	2.182511e-02	2.728139e-02	1.429105e-01	4.364620e-02	6.193691e-01	2.013340e-01
4381	3.651395e-01	1.282891e-01	2.830033e-02	3.537541e-02	1.853101e-01	6.703346e-02	5.068304e-01	6.046880e-01
20900	8.786239e-01	6.921330e-01	2.363878e-02	2.954848e-02	1.547864e-01	5.839903e-02	3.670213e-01	9.499235e-01
29274	8.146344e-01	5.817601e-01	6.727239e-02	8.409049e-02	4.404986e-01	1.785524e-01	5.590097e-01	1.783541e-01
3760	4.934408e-01	8.289575e-01	2.506277e-02	3.132847e-02	1.641107e-01	6.690922e-02	2.076625e-01	9.208211e-01
11547	8.705195e-01	3.010351e-01	3.176703e-02	3.970879e-02	2.080100e-01	1.785290e-01	2.002035e-01	2.836599e-01
18074	1.820236e-01	2.592298e-01	2.711576e-02	3.389470e-02	1.775536e-01	8.192418e-02	2.447060e-01	6.270536e-01
4514	1.104130e-01	5.011142e-01	4.667303e-02	5.834129e-02	3.056143e-01	3.007105e-01	5.150751e-01	1.921637e-02
21557	7.306599e-02	7.370781e-01	3.946063e-02	4.932579e-02	2.583876e-01	2.504292e-01	3.267269e-01	9.763818e-01
