32513	3.511192e-01	2.089174e-01	3.738674e-02	4.673343e-02	2.448078e-01	1.140490e-01	5.321987e-01	6.269165e-01
1388	9.041836e-01	5.074269e-01	2.192619e-02	2.740774e-02	1.435724e-01	1.284378e-01	1.612138e-01	2.587578e-01
1346	3.476504e-01	4.042730e-01	3.945118e-02	4.931398e-02	2.583257e-01	7.569341e-02	1.475790e-01	5.404449e-01
29924	4.036381e-01	3.818585e-01	2.173303e-02	2.716628e-02	1.423075e-01	1.232856e-01	3.084103e-01	9.856965e-01
13472	2.424351e-01	9.575722e-01	3.549282e-02	4.436603e-02	2.324064e-01	1.008681e-01	8.616021e-01	8.366522e-01
8141	1.051505e-01	8.600615e-01	2.689613e-02	3.362016e-02	1.761154e-01	1.737079e-01	2.771353e-01	5.048892e-01
4452	6.359583e-01	7.159355e-01	2.872872e-02	3.591091e-02	1.881152e-01	1.605146e-01	7.986879e-01	1.805234e-01
30194	7.176295e-01	8.705800e-01	6.375979e-02	7.969973e-02	4.174981e-01	2.898231e-01	3.081912e-01	6.084065e-01
16284	1.864766e-01	7.302187e-01	4.682611e-02	5.853264e-02	3.066166e-01	1.163074e-01	4.049106e-01	5.290476e-02
4584	2.232663e-01	2.067895e-01	2.342865e-02	2.928581e-02	1.534104e-01	8.798167e-02	9.751961e-01	4.719048e-01
17344	5.337104e-01	5.279854e-01	2.471863e-02	3.089829e-02	1.618572e-01	1.570846e-01	1.382951e-01	6.620392e-01
22202	7.372389e-01	7.068172e-01	4.156431e-02	5.195539e-02	2.721624e-01	8.806460e-02	9.457756e-01	9.354476e-01
7432	3.985423e-01	4.793600e-01	2.855915e-02	3.569894e-02	1.870049e-01	1.428720e-01	4.426101e-02	3.380251e-01
30419	8.700015e-02	6.583135e-02	4.641261e-02	5.801576e-02	3.039090e-01	1.701946e-01	2.431553e-01	1.249861e-01
563	8.409470e-01	3.892759e-01	3.674579e-02	4.593224e-02	2.406109e-01	2.377955e-01	7.241324e-01	4.809834e-02
23863	6.809572e-01	8.050694e-01	4.236659e-02	5.295824e-02	2.774158e-01	1.522254e-01	9.112492e-02	6.579603e-01
5557	7.997691e-01	2.956057e-01	2.389658e-02	2.987072e-02	1.564744e-01	4.752816e-02	1.074027e-01	1.629252e-01
26546	1.416239e-01	2.507226e-01	6.453852e-02	8.067316e-02	4.225973e-01	2.526784e-01	7.145220e-01	2.747627e-01
25769	9.704274e-01	7.602353e-01	2.309127e-02	2.886409e-02	1.512013e-01	1.385364e-01	7.060256e-01	2.769250e-01
21938	9.521545e-02	9.609128e-01	3.545677e-02	4.432097e-02	2.321704e-01	2.004019e-01	1.050287e-01	8.097716e-01
1942	7.433565e-01	6.568317e-01	2.613068e-02	3.266335e-02	1.711033e-01	4.871372e-02	5.330235e-01	5.528128e-01
20118	8.374048e-01	1.914223e-01	5.354233e-02	6.692792e-02	3.505944e-01	2.563512e-01	3.655177e-01	8.106750e-01
29642	6.877171e-01	7.501770e-01	3.127034e-02	3.908793e-02	2.047577e-01	2.043245e-01	8.814975e-01	3.826823e-01
18238	4.612377e-01	3.154446e-01	7.648612e-02	9.560766e-02	5.008300e-01	4.703955e-01	9.105036e-01	5.625700e-01
25242	6.220358e-01	6.102715e-01	2.450403e-02	3.063004e-02	1.604520e-01	1.101197e-01	6.183348e-01	6.688497e-01
22254	7.854276e-01	7.750386e-01	2.211921e-02	2.764902e-02	1.448363e-01	1.308539e-01	1.983630e-01	5.090664e-01
16164	6.781186e-01	9.813539e-02	2.636375e-02	3.295468e-02	1.726294e-01	9.263183e-02	5.838001e-01	9.378611e-01
7627	9.722193e-01	3.996840e-01	2.181214e-02	2.726518e-02	1.428256e-01	1.414126e-01	5.533878e-01	1.976282e-01
25686	7.882485e-01	2.552124e-01	2.059280e-02	2.574100e-02	1.348414e-01	8.461946e-02	4.667784e-01	3.178058e-01
349	3.103146e-01	1.109169e-01	2.737186e-02	3.421483e-02	1.792305e-01	1.493796e-01	2.959966e-01	5.118902e-01
1217	8.595612e-01	2.619073e-01	4.152922e-02	5.191153e-02	2.719327e-01	2.719324e-01	7.092220e-01	2.048703e-01
31430	7.357788e-01	2.487516e-01	4.836510e-02	6.045637e-02	3.166939e-01	1.487195e-01	2.616990e-01	5.393171e-01
20248	2.264190e-01	3.871984e-01	2.489733e-02	3.112166e-02	1.630273e-01	1.195161e-01	1.904717e-01	4.777444e-01
4378	5.133888e-02	3.150026e-01	3.465419e-02	4.331773e-02	2.269151e-01	1.867099e-01	2.946147e-01	1.416774e-02
3571	9.295315e-01	7.679511e-01	2.238231e-02	2.797788e-02	1.465590e-01	1.424225e-01	6.322514e-01	7.745236e-01
15172	9.549722e-01	8.236541e-01	2.563856e-02	3.204820e-02	1.678809e-01	1.676922e-01	4.285373e-01	2.676356e-01
1202	8.912616e-01	8.823130e-01	2.689390e-02	3.361737e-02	1.761008e-01	1.692002e-01	5.043242e-01	2.131051e-01
11711	6.258555e-01	2.135633e-01	2.173717e-02	2.717146e-02	1.423346e-01	1.414749e-01	1.325258e-01	8.090422e-01
32684	8.907071e-02	2.882951e-01	2.058215e-02	2.572769e-02	1.347716e-01	1.339407e-01	3.090508e-01	5.838109e-01
28389	9.119733e-01	9.374857e-01	2.602395e-02	3.252993e-02	1.704044e-01	1.645060e-01	6.335006e-01	2.569434e-01
1368	5.404146e-01	4.507108e-01	2.057753e-02	2.572192e-02	1.347414e-01	1.129329e-01	1.420807e-02	1.914378e-01
2668	3.502456e-01	1.315996e-01	2.927852e-02	3.659815e-02	1.917153e-01	5.797088e-02	9.264879e-01	6.327036e-01
13149	7.383330e-02	5.632745e-01	2.165544e-02	2.706930e-02	1.417995e-01	1.339017e-01	5.798568e-01	3.863498e-01
28798	1.356849e-01	1.639691e-01	6.665730e-02	8.332162e-02	4.364710e-01	3.196270e-01	4.742417e-01	9.384356e-02
5994	3.011075e-01	7.485321e-01	3.055680e-02	3.819599e-02	2.000854e-01	1.973532e-01	7.957298e-01	5.677178e-01
8886	1.127919e-01	3.794953e-01	2.442706e-02	3.053383e-02	1.599480e-01	7.411818e-02	3.513640e-01	4.676897e-01
28366	2.890733e-01	6.143689e-01	6.976152e-02	8.720190e-02	4.567973e-01	4.348493e-01	1.836493e-01	3.403501e-01
32292	6.322239e-01	4.907330e-01	6.800489e-02	8.500611e-02	4.452949e-01	3.086589e-01	6.676754e-01	1.913784e-01
15757	2.907053e-01	7.980459e-01	3.485801e-02	4.357251e-02	2.282497e-01	1.161115e-01	7.958104e-01	1.112764e-01
9723	5.660271e-02	5.374778e-01	2.588618e-02	3.235772e-02	1.695023e-01	1.599402e-01	7.165234e-01	7.669919e-01
3390	5.302837e-01	6.676631e-01	6.518714e-02	8.148393e-02	4.268444e-01	2.871918e-01	2.163887e-01	3.917675e-01
23173	6.725466e-01	2.179393e-01	2.286079e-02	2.857599e-02	1.496921e-01	4.294487e-02	9.285165e-01	2.655944e-01
16417	1.926480e-01	3.944262e-01	4.356198e-02	5.445248e-02	2.852432e-01	7.426909e-02	2.993408e-01	7.076588e-01
18181	1.260563e-01	5.789401e-01	2.100469e-02	2.625586e-02	1.375384e-01	4.983686e-02	7.778204e-01	3.127877e-01
26670	3.118212e-02	4.455325e-01	3.104284e-02	3.880355e-02	2.032681e-01	5.755108e-02	8.289315e-01	8.130149e-02
1716	6.472774e-02	7.316016e-01	6.476544e-02	8.095681e-02	4.240831e-01	3.364586e-01	8.247641e-01	6.123266e-01
21814	2.430498e-01	2.550720e-01	4.257227e-02	5.321534e-02	2.787626e-01	1.875104e-01	3.407773e-01	7.101401e-01
30063	2.194706e-01	1.451853e-01	2.136406e-02	2.670508e-02	1.398916e-01	8.382740e-02	8.609720e-01	2.248692e-01
7141	2.791824e-01	7.103739e-01	2.167958e-02	2.709948e-02	1.419576e-01	8.302537e-02	6.666223e-01	4.470977e-01
21975	7.889907e-01	8.885293e-01	3.583827e-02	4.479784e-02	2.346685e-01	2.340016e-01	1.096163e-01	9.287553e-01
30203	6.392021e-01	6.745784e-01	2.708443e-02	3.385554e-02	1.773484e-01	1.754009e-01	5.484259e-01	4.503067e-01
15694	8.894560e-01	3.726555e-01	2.229626e-02	2.787033e-02	1.459956e-01	9.966488e-02	3.332643e-01	5.401701e-01
32333	8.384059e-01	9.089016e-02	3.070727e-02	3.838409e-02	2.010707e-01	6.703651e-02	1.173060e-01	1.392622e-01
22084	1.675144e-01	8.619572e-01	4.039423e-02	5.049278e-02	2.645008e-01	1.322150e-01	8.950512e-01	3.372431e-02
16621	5.717609e-01	4.876423e-01	2.380049e-02	2.975062e-02	1.558453e-01	1.556425e-01	9.081599e-01	2.159302e-01
24458	1.049049e-01	7.761839e-01	2.915529e-02	3.644411e-02	1.909084e-01	1.793436e-01	6.408024e-01	5.752118e-02
9722	1.106922e-01	5.033533e-01	4.727075e-02	5.908844e-02	3.095281e-01	2.306345e-01	1.334457e-01	1.416843e-01
32440	4.631375e-01	6.015191e-01	5.087607e-02	6.359509e-02	3.331357e-01	3.227963e-01	2.977732e-01	4.859792e-01
26084	1.344459e-01	9.276606e-01	5.055229e-02	6.319037e-02	3.310156e-01	1.921632e-01	2.484492e-01	2.635317e-01
23824	3.316689e-01	7.794828e-01	2.340846e-02	2.926058e-02	1.532783e-01	8.278185e-02	9.190279e-01	5.500391e-01
25675	2.836034e-01	4.984627e-01	5.775230e-02	7.219037e-02	3.781611e-01	3.769403e-01	6.355469e-01	1.038863e-01
27165	1.489767e-01	5.449534e-01	2.938338e-02	3.672922e-02	1.924019e-01	1.637601e-01	1.243228e-01	8.134509e-01
11470	4.712807e-01	7.668663e-01	2.144277e-02	2.680346e-02	1.404069e-01	1.148530e-01	5.290196e-01	4.969531e-01
408	7.842153e-01	3.981496e-01	2.326898e-02	2.908622e-02	1.523649e-01	1.384763e-01	3.011711e-01	8.684369e-01
17955	7.174820e-01	4.732576e-01	3.518427e-02	4.398033e-02	2.303860e-01	1.182849e-01	7.844808e-01	9.989976e-01
26244	8.954421e-01	2.676537e-01	2.393699e-02	2.992124e-02	1.567391e-01	5.721083e-02	9.394528e-01	2.994533e-01
9510	3.709991e-01	5.231617e-01	2.521743e-02	3.152179e-02	1.651233e-01	1.208325e-01	3.080704e-01	3.822844e-01
26870	7.934882e-01	5.666944e-01	6.394662e-02	7.993327e-02	4.187215e-01	2.709417e-01	8.126213e-01	9.785201e-01
21657	1.956461e-01	5.146153e-01	3.110384e-02	3.887980e-02	2.036675e-01	9.279544e-02	9.688518e-01	6.781631e-01
